order,R0,R1,R2,R3,R4,R5,R6,R7,R8,R9,R10,R11,R12,R13,R14,R15,R16,R17,R18,R19,R20,R21,R22,R23,R24,R25,R26,R27,R28,R29,R30,R31,R32,R33,R34,R35,R36,R37,R38,R39,R40,R41,R42,R43,R44,R45,R46,R47,R48,R49,R50,R51,R52,R53,R54,R55,R56,R57,R58,R59,V0,V1,V2,V3,V4,V5,V6,V7,V8,V9,V10,V11,V12,V13,V14,V15,V16,V17,V18,V19,V20,V21,V22,V23,V24,V25,V26,V27,V28,V29,V30,V31,V32,V33,V34,V35,V36,V37,V38,V39,V40,V41,V42,V43,V44,V45,V46,V47,V48,V49,V50,V51,V52,V53,V54,V55,V56,V57,V58,V59
0,0.0829164666353,-0.184530605382,-0.183614179968,-0.153713652939,-0.229620043063,0.0149981695571,-0.255950269054,-0.216526769523,-0.296024027357,-0.54305270176,-0.356783304516,-0.0350230924265,-0.100615584117,-0.271459936787,0.0762651716953,-0.0302156918881,0.00554220875635,0.251290659688,0.2690722841,0.185370361604,-0.0666003272421,-0.326912431151,0.635992367685,0.0774576718755,-0.341785726435,0.047940499643,0.191298042731,0.0745502565184,0.281838089675,-0.690910077607,0.446894726201,0.666802792159,-0.0991172635024,0.391276076464,-0.834343776228,-0.869243693496,0.674076771225,0.895022836802,-0.471566852466,0.100102889423,-0.133218922067,-0.275282721733,-0.653813990884,-1.08861831315,1.19583093428,0.347254728444,0.255907773738,-0.931492304357,0.33247778732,1.19898257758,-0.179423784082,-0.310231982085,0.678234209048,1.28497434587,-0.372470551706,0.318364977971,-0.388681896783,-0.788806262871,-0.868144082335,0.842775866938,1.40524334269,1.85461867061,-3.90629214662,1.15636644462,1.36259567089,-4.34565001552,0.243613971931,1.35824445712,-0.696186798903,-0.885443006368,-0.586335904112,0.946252240436,0.743374540006,-0.539240749988,-2.22215335373,-1.09950427798,0.0847359530144,2.81148245727,-0.807598337657,1.61582042698,0.773709486233,1.43361033723,-1.14136753584,2.0335703263,1.64307746088,0.539546151543,1.95679331014,-0.861629105521,-0.24003880759,-0.272838640992,-0.350054156594,-1.57657512941,1.24674136146,4.82201778766,-0.705102967636,0.275800502307,0.372499360899,-0.350494507803,0.437370828878,0.171417428288,-1.03140457058,-0.21019688436,-0.0229719592486,1.91833909616,1.35650883611,0.620757954571,1.17084921685,1.59966594001,-0.439422334079,2.1694356076,-0.642148369078,0.263901400549,-1.11121591709,0.0673333984806,-0.0504897691923,-0.00796053358242,0.925532337981,0.457031426936,0.0455270155087,-0.229323706257
1,0.195686028724,-0.197240084244,-0.219238015443,-0.211576717872,-0.0806148658618,-0.465782920386,-0.162513994071,-0.190164781078,-0.395359301633,-0.434639980123,-0.349793357462,-0.112057057728,-0.0744990010708,-0.167466323762,-0.0799830070822,-0.093397812995,0.0776552357024,0.422655825003,0.20902002962,0.308339229907,-0.0775070052257,-0.193666950245,0.386152590569,0.287531852149,-0.0752748439586,0.158000092428,0.321303369526,-0.0216953824799,0.277152512121,-0.64117375455,0.456096984262,0.440854051968,-0.0694720981592,0.855578141446,-0.879846780063,-0.829315914415,0.735782475936,0.82189497604,-0.433747933343,0.123132915945,-0.201356758657,-0.291406437436,-0.654499825379,-0.889869801096,1.29609277755,0.418254335448,0.324275710303,-0.729273039966,0.319883847272,1.37861560623,-0.263541792923,-0.270498857751,0.561997143255,1.27070029909,-0.358641932178,0.309477013504,-0.288640642654,-0.739261684404,-0.863346321518,0.81977277437,-0.240084396894,-3.22698863583,3.25519072859,-1.34577749343,-1.23708188458,-1.66842895536,-0.158242372303,-0.907642602265,-0.623310157061,2.47584925113,0.773994080198,-2.20947379588,-0.269301853426,2.58333052042,-0.737220045183,-0.129677693843,1.31579151878,0.312828875293,-0.0324195252916,0.603790888429,-0.976457998469,1.20844666617,-3.49102020357,1.9145024515,3.45187713965,1.46753974672,0.618613289304,-1.03898992872,0.0877315804575,1.22628131267,0.428223594434,-2.79522016286,-0.740150406971,4.19523045165,-0.301392585994,0.475995563684,0.806773110583,-1.07461140065,0.314787986777,0.261796237106,-0.30208900644,-0.096654530604,0.0333388268174,1.99466998717,0.609888529956,0.788991589515,0.194599387575,2.41880737386,0.185955876441,1.40484211942,-1.0395821863,0.517962169394,-1.20332272624,-0.355607376422,0.32574390701,-0.167430604652,1.07164976322,0.531735977671,0.050826809063,-0.230663966023
2,0.241523711768,-0.143663105454,-0.185181684531,-0.209839105422,-0.470591080867,-0.241091664311,-0.374104343403,-0.359565954599,-0.336431649791,-0.196417055081,-0.234256844109,-0.34593819182,-0.13554313096,0.138996251077,-0.0951907390048,-0.0433934034234,0.224215659736,0.325117822762,0.278318632519,0.301255682288,-0.226977412725,-0.0870450488011,0.0295437848828,0.413951835742,0.280980323576,0.283641441552,0.325970415486,-0.120375899724,0.27997074817,-0.467532044005,0.499026303981,0.152006143358,-0.24512691312,1.18848701043,-0.911861085545,-0.784132859522,0.821255728063,0.691319923056,-0.407726185581,0.148396469698,-0.190486488368,-0.292986064205,-0.642448672639,-0.700898971304,1.31207260238,0.502768599727,0.296727026857,-0.45545009352,0.367362802092,1.47790359601,-0.386215214831,-0.209637759859,0.439613512962,1.21364777154,-0.307933407996,0.285521409277,-0.175155445291,-0.682913731939,-0.857894364163,0.796657739016,0.163931637278,3.11273627853,-2.42077373148,-0.067612735958,-3.08887765831,2.96139066503,-2.73555120347,-2.13235385069,1.66689277424,1.7513051774,1.19848721434,-1.67714610168,-0.71643045914,2.70772416766,0.144028230535,1.16378739492,1.2784862021,-1.87711490076,1.20235855161,-0.558059439769,-1.70827433016,0.908603967634,-3.17418712843,0.446740062563,3.2796944064,0.721978537566,-0.418307802828,-0.845229579594,-0.148536399944,2.09153166807,0.229879120892,-2.71170660544,-2.66824066767,2.33044305412,-0.403825192438,0.375897867102,0.822628363607,-1.46699185383,0.217570399347,0.231301900202,0.520539673417,0.0655319300608,0.229069540697,1.73699209124,-0.307397580098,0.888484620606,-0.725136563573,3.00729990638,0.742609864358,0.578841975978,-1.40335382974,0.682319162802,-1.23428353409,-0.784661165284,0.683650595135,-0.307653937786,1.19368353727,0.592810673022,0.058654921572,-0.231564437838
3,0.0244762792852,-0.206459549555,-0.255542557601,-0.434892250985,-0.312135876024,-0.358337586989,-0.469123764413,-0.496870622787,-0.189403839132,-0.11355689778,-0.168826685152,-0.344098331753,-0.162860232122,0.234255733229,-0.0887663658404,0.117684132292,0.277734577822,0.150485492514,0.375496135786,0.253260761562,-0.35259012152,-0.0187284896105,-0.177436935223,0.365395301285,0.508690163467,0.25149310008,0.259053342549,-0.174033318774,0.226881126151,-0.254547636315,0.465795595108,-0.0477745217707,-0.567230332515,1.31279299711,-0.967259362008,-0.763744130533,0.884765520253,0.543460582415,-0.386936073674,0.168676715061,-0.100071243468,-0.279641547542,-0.605261983643,-0.549754683805,1.23379972772,0.593072138362,0.185278406805,-0.139817616142,0.462547925742,1.49553891233,-0.541192478987,-0.137720927533,0.317069238054,1.11429187025,-0.22319713653,0.248901939607,-0.0508401219682,-0.621205873766,-0.851523544561,0.773474067407,-1.65895899284,-1.53796528132,-0.0139849750901,-2.19334103399,3.8946033983,-4.31987090304,0.62844778497,0.102449018939,0.541322666413,0.0130508506503,0.0381597776056,1.7693785357,0.3751803549,-1.08749726808,0.0340732345462,1.77551266337,-0.317034018117,-1.15201900044,0.374010586782,-0.14362875092,-0.529865595374,0.41090635182,-0.775630178907,-1.35590940181,1.00829526776,-1.48972340234,-0.845139108391,-0.170543861729,-0.979400567588,2.03432014287,-1.02260195628,-1.05309639912,-3.54195702257,0.197116554628,-0.703554400034,-0.00836647046229,0.379863043576,-1.41672620588,0.216756214513,0.178796388313,1.25910175556,0.188278667315,0.526271031669,1.26221537935,-1.24864682893,0.901546032018,-1.46506463126,3.23736252507,1.12460483479,-0.2129338582,-1.67686042571,0.736431538276,-1.20754681676,-1.19800063997,1.00305519098,-0.419252675317,1.28765856942,0.638707165368,0.0692341844015,-0.232039678185
4,0.208595965987,-0.111821943025,-0.330922448205,-0.272184030562,-0.331925114332,-0.566778809532,-0.439242372005,-0.319252632175,-0.258204495739,-0.175246723243,-0.182658700358,-0.0731423909992,-0.0605395836107,-0.022833010086,-0.034195334301,0.239066739005,0.184763596832,0.134555858251,0.32131354475,0.288954026215,-0.311086938937,-0.0124742536964,-0.12706758202,0.175311516246,0.461848589927,-0.0027351921088,0.160001797969,-0.152182396372,0.0828321135024,-0.0762991602532,0.287334842193,-0.0296695696392,-0.904847335624,1.25007186122,-1.04645491903,-0.79100770703,0.887719382927,0.42061701228,-0.361080714087,0.186315564251,0.0531317732929,-0.258858627419,-0.536268041484,-0.450415614977,1.06688334947,0.679563039005,0.0127829307619,0.177451096888,0.583952843459,1.43925523523,-0.717014348166,-0.0663845681313,0.19974709656,0.975298752149,-0.109220162288,0.202890287986,0.0813369573599,-0.555717285269,-0.843951194753,0.750263270777,2.39078099748,-0.782829461272,1.08445141409,3.57596479495,-4.17710629145,1.36632344564,-0.328303968415,2.58366436258,-1.37133668627,-1.19611061964,0.0577694361506,2.96471326655,1.4408715399,-3.33321545756,1.38835887779,0.349836586629,-1.24368649837,0.721920798738,-1.34744974647,0.7225429325,1.27458096642,-0.29901089585,1.5945321156,-2.21310337788,-1.86558251333,-3.3539197539,-1.17913652941,0.57079274141,-1.84299595538,1.51737877097,-2.47748142555,1.45113175703,-2.98344016869,-1.28893395704,-0.82629259793,-0.544797620453,-0.343117200587,-0.992069476842,0.312199896447,0.189397744953,1.75376736644,0.206667263707,0.850654021904,0.728684364917,-2.05438160178,0.809351398667,-1.93443835528,3.03250323927,1.25818278289,-0.887333657018,-1.81371919448,0.669940348051,-1.13166921255,-1.57384894201,1.26561669217,-0.494330640974,1.35048557984,0.668266677166,0.0827006061313,-0.232111093368
5,0.261278993784,-0.320299608714,-0.101660038259,-0.238643784157,-0.532071464949,-0.359431492357,-0.387727249372,-0.21454792065,-0.329439941777,-0.311594881936,-0.118730013558,0.128740708668,0.0528495796546,-0.280381399995,0.204885522243,0.181250946505,0.0919531539021,0.229306632191,0.168992405703,0.339640395136,-0.146300748567,-0.0734391556897,0.0809853495941,-0.0286504036667,0.185226013918,-0.345366704583,0.00898988385727,-0.0742108495605,-0.119090911137,0.0578963374403,0.00395306631483,0.225309046019,-1.12897469864,1.09160623439,-1.11969747156,-0.869849158264,0.817526052843,0.350642501319,-0.323665024898,0.209973709655,0.239226655149,-0.24256766604,-0.437296142818,-0.400611174078,0.832123897685,0.75099106205,-0.191015480932,0.451773826414,0.704892928877,1.3240182382,-0.898358268216,-0.00771499876216,0.091941498327,0.80145469339,0.0275118745866,0.151453929007,0.218148859406,-0.488121983432,-0.834885648274,0.727064366467,0.286599480006,1.73549878455,-0.512861584208,-2.75800921725,2.32687752832,1.03112064675,1.96172235715,-1.00317074519,0.193157918214,-1.0689148966,1.09173467111,0.740344919995,0.46509515505,-1.30994192299,3.08786905759,-1.21072374121,-0.396333834624,0.76895094761,-1.30590712217,-0.0475125707664,1.69144623691,-0.857049959504,2.21206560856,-1.65271807493,-3.28974666146,-3.06620910508,-1.90586073245,0.899622548066,-2.04500212639,1.25220559478,-2.94295674024,3.44822191077,-1.39297924436,-1.69819630682,-0.5742690151,-0.994637912543,-1.02462350768,-0.400873813887,0.431306078666,0.300506815581,1.90776915726,0.0989312790137,1.1103390128,0.296023169059,-2.58582059674,0.599067115031,-2.08766323966,2.38273946649,1.11470009733,-1.38434584273,-1.78390775158,0.484391206691,-1.01972132412,-1.89180318226,1.4558677954,-0.526938547894,1.3801030627,0.680756159999,0.0990973499682,-0.231807176974
6,0.116783557933,-0.107206686906,-0.401118527427,-0.429757634731,-0.163475421501,-0.295883368148,-0.185591282897,-0.375377908351,-0.288472470575,-0.291321925524,-0.0336502516625,0.0729928590577,-0.00204936949068,-0.278638371145,0.460064011162,0.0963225015035,0.112145673535,0.23494814675,0.11146424047,0.238854079699,-0.0295925153266,-0.166504576466,0.252813145158,-0.127331517647,-0.113171610253,-0.540421670461,-0.221973278441,0.0124489791451,-0.295503669286,0.191809867381,-0.245890056397,0.603608719289,-1.17796247055,0.941173835764,-1.15108875826,-0.978228566409,0.69499747094,0.337681595171,-0.277664535298,0.249142788578,0.422930692298,-0.242436885077,-0.319199620606,-0.383747500493,0.561865133957,0.795445167799,-0.394302588526,0.641133174643,0.798328448804,1.16934261072,-1.06789258852,0.0269765587667,-0.00354307051443,0.59946245921,0.179148587745,0.0990420484281,0.356218296626,-0.420144970774,-0.824035721146,0.703913166203,-3.97326937264,-2.2695955361,-1.52539901352,0.410265537444,1.97850169007,1.68663650729,0.786368611906,-0.897607341559,0.133281851849,1.64019472608,0.273487883601,-1.63102927978,-1.48818994171,0.950872740618,1.31686614306,0.00836675523296,0.673146629753,-0.697248075196,0.175787075455,-1.94631147171,0.480065974997,-0.907248821306,1.0045755482,-0.269613436872,-2.29554907488,-0.585330282872,-2.62927960424,0.786089035499,-1.3506726405,1.48887854044,-1.78727334957,3.7876029769,0.365298151216,-1.19860459665,-0.0222873017874,-1.0969253884,-1.34546042763,0.110181489766,0.46575571454,0.49190940423,1.71202852019,-0.108454983485,1.22115168294,0.0849060318484,-2.75528086814,0.271490840193,-1.92901923909,1.34913999529,0.715858167647,-1.67371063429,-1.57770966372,0.193706291513,-0.888214945745,-2.13415069769,1.56211670198,-0.51344395252,1.37557861296,0.675891739372,0.118371239018,-0.231163533353
7,0.10164299633,-0.215735781579,-0.246685268561,-0.196440725901,-0.244161412988,-0.056621408378,-0.251535877758,-0.292169691367,-0.289558525406,-0.0732612543382,-0.0771430293554,-0.139613139556,-0.192737588794,-0.192893658161,0.396766461442,0.21877729611,0.191905682508,0.126377758,0.15923515694,0.0031614061868,-0.0486155864183,-0.236998482388,0.265172457032,-0.0892742317568,-0.222044416688,-0.452653841292,-0.480325576436,0.0813749578879,-0.372310120891,0.356126309061,-0.313840782353,0.918782492541,-1.07696255204,0.863741046231,-1.12287967638,-1.0722846811,0.566209878963,0.364121697447,-0.236359698815,0.308946506643,0.572444012964,-0.265468779605,-0.199798198491,-0.37443869804,0.293771391056,0.80202394238,-0.568073504096,0.712924698215,0.84180170254,0.996188259323,-1.20839347096,0.0283583684855,-0.0856649065131,0.37761006519,0.336889658655,0.0503401664596,0.492133692331,-0.35351671468,-0.811120410308,0.680841573052,4.96311495673,3.36610186658,3.19161033476,2.75075022235,-1.34085234723,1.19694360525,-0.874895286926,1.99176621405,0.465216374313,1.84653144284,-0.950076216055,-2.33571164389,-1.99396411291,0.373389256822,-2.40484371437,2.18956448832,0.785472800948,-1.15077751498,0.400448512303,-2.33397478139,-0.699094999182,-0.427984126274,-0.701595681848,0.928892420444,0.214095938152,2.17717809925,-2.27410926344,0.61866927623,-0.157871132917,1.72588842842,0.527476404826,2.24382144921,1.51040285267,-0.343839589721,0.568193387631,-0.698139543857,-1.14149834876,0.369785500473,0.327180332818,0.700620541995,1.24261307664,-0.351639035489,1.13170653113,0.146735758774,-2.54618411022,-0.15334231065,-1.50918751782,0.0567789177644,0.130320633052,-1.75665067224,-1.2069708178,-0.176709722012,-0.755617272007,-2.28708994769,1.57715608534,-0.452784032508,1.33716393955,0.653848433585,0.140371917037,-0.230222679665
8,0.245328976107,-0.111146154369,0.0766365965652,-0.0444703490947,-0.115047646437,-0.226110892804,-0.183968861585,-0.125337060644,-0.112335549422,-0.0430235496831,-0.181814281652,-0.343317325701,-0.352420221252,-0.218581089105,0.113777330591,0.417934137982,0.259816085431,0.0628006307315,0.127280852762,-0.144593908259,-0.123592079376,-0.241192305663,0.145295605066,0.0316148334083,-0.086513418064,-0.171536420283,-0.619950148887,0.143731412316,-0.332408399628,0.508215006783,-0.145262566082,1.01693184646,-0.906342845055,0.864581946959,-1.04497638946,-1.10282994181,0.481868240579,0.402336174665,-0.218806647283,0.387305259737,0.666792159125,-0.31132254419,-0.0996297749719,-0.346235639014,0.0633506137242,0.762873096426,-0.690293573812,0.649555014085,0.821621504229,0.823932490492,-1.30484656879,-0.00987378016082,-0.155253391135,0.145325968304,0.491458945342,0.0100060393162,0.6225682726,-0.289927364561,-0.795878540844,0.657876909336,-4.42637281905,-2.15144753491,1.22939315123,1.13574105725,3.00065425589,-2.99694340052,1.79095622453,1.15358788896,2.78436695479,-1.19134816183,-1.0724517009,-1.52500146405,-1.09317733176,-0.679773465419,-2.33559481014,1.11117821489,0.587964594495,0.033832184701,-1.16686822343,-0.351918087545,-0.577143849826,0.376144791187,-1.4628725223,1.34799965072,2.26174306083,3.00645557471,-0.26834718257,0.656370644027,0.886639590124,1.11550371787,2.69734646358,-0.343990793018,1.76142861166,0.285729997733,0.938974959623,0.143601498104,-0.490007341259,0.355506831393,-0.00583944309599,0.851163088939,0.633934801794,-0.551960748379,0.840987016632,0.451005064535,-2.0175473018,-0.634704231507,-0.91462222099,-1.32289702129,-0.537749050589,-1.66268156765,-0.703552372201,-0.592180437606,-0.640568961479,-2.34176625265,1.49873329636,-0.346585109544,1.26629997835,0.615255637492,0.164853713073,-0.229033625181
9,-0.149645921415,0.0850288447714,-0.128198673006,0.0764152360588,0.0143807311802,-0.204669380504,-0.0860654387682,-0.00382280449201,0.0918864873887,-0.188606409056,-0.300267115597,-0.42179975861,-0.409721063691,-0.277458751846,0.0615542205247,0.365002093857,0.307028631262,0.123975060051,-0.0419200228228,-0.0662537182344,-0.137766562193,-0.161313740923,0.0190409998345,0.156942436048,0.166814744572,0.0640063471185,-0.50707977638,0.210476261886,-0.212174363605,0.536215171096,0.177397229079,0.861492047645,-0.745804401514,0.902262072723,-0.945704400382,-1.03797253341,0.47347911037,0.43016548251,-0.242037184811,0.47531597161,0.699681631267,-0.372157422926,-0.0365687421989,-0.279566733042,-0.103113959223,0.675111606508,-0.748723363461,0.451855257519,0.735571026684,0.667879295537,-1.34626368953,-0.0902272499632,-0.214930800052,-0.0873564845613,0.633612213069,-0.0175993146039,0.74439711164,-0.230982133616,-0.778078092601,0.63504129756,-1.41321204923,4.64778368723,-1.13309930049,-0.344791206499,-0.722962291605,3.97683128877,0.00208904487469,1.41948197824,0.450579813291,-0.99976134051,-1.29343461938,-0.076354140887,-0.0866432570754,-0.359629137692,1.42464298229,-2.06637675305,0.267613387879,0.968919937322,-1.80450577438,1.66207763488,0.309916506945,1.18634330013,-0.874973141531,1.0774603039,2.4658370053,1.37747479227,2.50462220212,0.618032410047,1.43386216919,-0.750142513579,3.45331127851,-2.59722305182,1.38765963162,0.368643831853,0.998596040019,1.14901175302,0.316671777255,0.192041374704,-0.472035818623,0.887195211774,0.037934354219,-0.642313031892,0.402726125892,0.893850415641,-1.29139827365,-1.11491899023,-0.25188174739,-2.5975471823,-1.16634439684,-1.44224193492,-0.115253556906,-1.01207339114,-0.559965710798,-2.29503755714,1.32974815841,-0.19913971539,1.16557083814,0.5611783961,0.191480176592,-0.227651232799
10,-0.193138235938,0.129802662041,0.248303968531,-0.103027421672,-0.0494920903749,0.204926985385,0.0107331211278,0.0822785101158,-0.0373210569558,-0.20302654414,-0.397927530567,-0.39089687705,-0.377893522569,-0.304363286153,0.308551205874,0.116277138403,0.283134831402,0.200032555262,-0.137684609485,0.10850361595,-0.0768167195799,-0.0204023522691,-0.0104447304963,0.238760703028,0.351977450839,0.0753902100517,-0.158208551618,0.246381859018,-0.0578693204576,0.33377961548,0.484916001134,0.546052732794,-0.631814315975,0.920428135368,-0.851937955507,-0.880735703669,0.537772938649,0.442376473999,-0.313612873789,0.560321659645,0.679134115063,-0.434931210118,-0.0207777634043,-0.167816708329,-0.193608286032,0.542132175307,-0.74203844727,0.139718359462,0.593658984644,0.537659264211,-1.32698953158,-0.211015912936,-0.268843206364,-0.310394587575,0.754650174272,-0.0286710713445,0.854807051832,-0.178159242329,-0.757524944221,0.612351115653,0.817489693282,-1.14322113455,3.7492784459,-0.11187522326,0.441163089708,1.87944058333,2.8195230923,-0.160939625955,-2.3509164275,0.333029271007,-0.307718074412,0.491284634816,0.650704208451,-0.376782672505,2.68632386375,-2.11382430225,-0.887480308226,0.302195500634,0.270506149868,1.42497582187,0.783240681454,1.50151783135,0.279358102084,0.550726193659,1.07209918267,-1.08511214566,4.12193343327,-0.0299948277598,1.62066440847,-3.31999122233,2.43669667983,-3.42518602316,0.91865563333,-0.0770454481103,0.861753180562,1.92550141634,0.903834952644,0.076180105646,-0.949811362361,0.792033564336,-0.417265748335,-0.588513568032,-0.0856625669033,1.32598496476,-0.525632437009,-1.52795037218,0.370317011671,-3.58323613827,-1.63654139379,-1.15652282028,0.500183976355,-1.39386994676,-0.527091301107,-2.14989752898,1.0781595776,-0.0172395596183,1.03860774769,0.49308503572,0.219831168217,-0.226135373921
11,-0.0613467189178,0.18267337352,0.0781768595613,0.269244819826,0.164268866793,0.134347254511,0.321774928207,0.00332697739954,-0.216409508743,-0.217974381332,-0.326540670459,-0.341028570764,-0.309478680259,-0.374964028975,0.455187642363,0.0587800766099,0.130209034032,0.163201207323,0.0287597978457,0.169981886979,-0.0029249721945,0.106745822688,0.056275754327,0.269184995911,0.374855841859,-0.103839533269,0.231132363073,0.182604575155,0.110869748587,-0.107535951077,0.631481267095,0.232146944233,-0.55151937242,0.877422205861,-0.772308231973,-0.671584497102,0.637387163509,0.452425653414,-0.427902408479,0.630191042998,0.623478751932,-0.485293456087,-0.0514677868364,-0.0199113347257,-0.212232288986,0.373867723129,-0.67916346145,-0.250191335284,0.416759140268,0.436713251433,-1.24734780382,-0.366389832855,-0.322215498239,-0.514354655824,0.846907471421,-0.0201963754933,0.95139465846,-0.132771737466,-0.734070788048,0.589816546352,-0.258915978546,-1.54989312871,-2.82330023145,4.34761351103,3.60404272318,-1.33505805142,1.39965555658,-0.676747978082,-0.726039283243,-0.79982405321,1.5568653757,0.572131058454,0.507042093401,-0.946530761963,-0.0729136546902,1.0939802539,-1.96394278787,-0.968828535769,2.79111499131,-0.211034373205,0.629986716386,0.873782969123,0.902289563389,0.0763508479561,-0.523865569516,-2.1265187874,3.22443240045,-1.29866665409,1.7647252928,-5.28406338226,0.443966491217,-2.61387077612,0.75313631776,-0.804484799092,0.754605140002,2.14879161953,0.993506506646,0.16650768603,-1.3060956752,0.591967569726,-0.657178529687,-0.399025343325,-0.507450982426,1.59314861107,0.121583641712,-1.81111046418,0.858389981501,-4.13289873661,-1.85320900234,-0.866278531198,1.08213695141,-1.69754201442,-0.549999382939,-1.91550245536,0.756598902068,0.190129403568,0.889946598639,0.412802247634,0.249412313094,-0.224549893766
12,-0.0686799856805,-0.0330218891904,0.190273268952,0.30333204027,0.457801872126,0.266277469235,0.122049370645,0.0146130574619,-0.174940682124,-0.295077507605,-0.179681070735,-0.256478449465,-0.30593847712,-0.439727480756,0.335554913147,0.256978413234,-0.0350539631618,0.0499667141452,0.314074075582,0.104176466053,0.0449885790217,0.129227288462,0.138381042843,0.25716152051,0.279993119487,-0.272438626083,0.418633830767,-0.00397202262158,0.296268341606,-0.659967830258,0.588006925929,0.0561260495682,-0.469324314428,0.759936727925,-0.693784169795,-0.472803946633,0.718163934373,0.483745863048,-0.567605413977,0.677104048775,0.555260016067,-0.511746229628,-0.116513396527,0.141347340907,-0.177403804784,0.185839599611,-0.577022194268,-0.669341919993,0.23333563323,0.362866921459,-1.11356815614,-0.546797582098,-0.380764833226,-0.691011990598,0.904188906602,0.00984672654312,1.0322478449,-0.0959343660098,-0.707619992334,0.567441238627,2.36043173264,2.17391885432,2.19826914267,-2.14346367763,0.787772499828,3.59450836119,-3.99678324024,0.443495271216,1.2666290887,-0.121906928883,0.890940528974,1.10809300727,-0.414630355279,-0.0299076029426,-1.73100769322,2.13026571613,-0.912509821904,-0.990068166773,2.26678741574,-0.796463932441,0.326661565559,-0.476502958437,0.611409208114,-0.306701411267,-1.18167168004,-0.92239700478,0.345355581647,-2.27163985573,1.93109007614,-5.38904475852,-1.13337243418,-0.829664360292,0.932562838551,-1.52327757861,0.858633659822,1.72755652502,0.543134242783,0.493491577303,-1.44807788059,0.343879790227,-0.672175297523,-0.120589618546,-0.758024758605,1.57876864173,0.527566999225,-1.91722871964,1.14787792701,-4.15943877176,-1.76203631731,-0.621504645781,1.57426050441,-1.88974606398,-0.63032911719,-1.60677374409,0.381705559859,0.4122159295,0.72484497289,0.322459207221,0.279666551894,-0.222961409628
13,-0.0479647304339,0.21255163879,0.226819644469,0.246780660958,0.298129274802,0.424422314943,-0.0167050063909,-0.0257036253641,-0.0414143198923,-0.172156124409,-0.17108252108,-0.163101823802,-0.345197923237,-0.353763231597,0.220847030371,0.35366809392,0.00173026483234,0.0192704962911,0.38365294747,0.0625310495125,0.0573674280029,0.02075136902,0.165870918863,0.209346281735,0.169385684629,-0.254753525796,0.305093763206,-0.219089357499,0.488607437637,-1.11068800849,0.453974715406,0.0639655449334,-0.362195680442,0.57983832867,-0.59264480018,-0.341131431264,0.735165014201,0.555081260936,-0.709575438181,0.699593898239,0.495004559404,-0.508743642001,-0.195204952987,0.284852541102,-0.116837923661,-0.00291185002729,-0.457139928752,-1.06412051799,0.0747736525973,0.309822503736,-0.937031686327,-0.739838943664,-0.450023856672,-0.833889817541,0.922126651343,0.0623386033949,1.09600749745,-0.0685365032701,-0.678135216891,0.545222096499,-4.54511272646,-1.7132373118,-0.206298647229,0.921905247106,-2.56319813119,-2.27452902779,2.28999078973,-1.1341480134,1.0226110351,2.40685796561,-0.383273313736,0.428022091573,-0.01112346666,1.61887915216,-0.291237654202,-0.496501605188,1.64705879002,0.531284270903,-1.05825634873,0.0787362212587,-0.143162230906,-1.55229605763,-0.0535591517971,-0.63981723783,-0.944232053685,1.25953820047,-2.39447162287,-1.69738010175,1.84286589001,-3.29811294262,-1.27431677868,0.897793905245,1.19443034813,-2.03422529681,1.19466508134,0.86186369616,-0.227020433181,0.935764852737,-1.35419357528,0.114184765546,-0.509511412192,0.177874836813,-0.774652340341,1.23765405908,0.632536703126,-1.82437106535,1.2121461658,-3.64977499565,-1.35999430448,-0.453663459855,1.93080999739,-1.94736283195,-0.762706229174,-1.24357785786,-0.0267820841982,0.637035494071,0.549066582258,0.224422737717,0.309987461425,-0.221437969476
14,-0.334843801447,0.211072824073,0.181470031337,0.243632176817,0.142044792743,-0.0138577447686,0.274677114114,-0.0245571679109,0.0025775098189,0.0616783980982,-0.157990249781,-0.197791842837,-0.262357570846,-0.180576197983,0.247686979524,0.199653474788,0.234970988489,0.149252337503,0.145722970923,0.104714961041,-0.000526983034265,-0.142574075126,0.140357480576,0.13301324366,0.091921740637,-0.0579831222424,0.0104763186578,-0.277876974727,0.646733256788,-1.27488766864,0.380831667301,0.208046026953,-0.238623570336,0.362748576366,-0.452006519304,-0.301724036301,0.674828894674,0.667469118143,-0.832130386222,0.702410384815,0.456551608715,-0.477837061543,-0.263523331139,0.379288811282,-0.0604892598879,-0.17264243555,-0.341690461088,-1.38347072931,-0.0299265576095,0.269247883153,-0.732959532609,-0.931421906999,-0.534637689247,-0.938696384592,0.89843628429,0.136924605275,1.14190630903,-0.0512219155016,-0.645641623848,0.523149207698,1.81583628231,4.15977535413,-0.389419613372,-1.73637962659,-0.951606279793,-3.59319720597,0.816349717284,1.98892085855,0.122757665276,1.525558711,0.956658159828,-0.884307738047,1.62077676752,1.48063458383,0.373915657346,-1.97267125673,2.51611919385,1.84022371036,-3.13910764285,0.540861726932,-1.08133587391,-1.51209000112,-0.36142821853,-0.8562316074,-0.670700787118,2.36197522857,-3.08243767534,0.784361798605,1.22667805284,0.106718486619,-0.0211907871865,1.818856485,1.21745624445,-2.25780733356,1.61329114312,-0.0420835234115,-0.935943018762,1.27551481396,-1.07222619083,-0.042340027623,-0.251241522003,0.427046585591,-0.555851870715,0.611580650932,0.452092399701,-1.54071702764,1.06468900388,-2.66757803847,-0.697411535023,-0.371661553437,2.12134727807,-1.8599864085,-0.934828690138,-0.849518056987,-0.44713162823,0.851978334272,0.368642722819,0.121225872641,0.339733964865,-0.220047602361
15,-0.178420368285,0.22849566902,0.304562326949,0.0434680141404,-0.0231492084828,-0.000236039286888,0.0150354057138,0.257160556999,0.0852254602249,0.0746018419052,-0.0110485421931,-0.2296833678,-0.0850140699242,-0.0943046797906,0.212667652636,0.0864435487806,0.409566518985,0.318023766624,-0.107922061772,0.124842377166,-0.155205527052,-0.252523627024,0.111002209414,0.0459903212026,0.0169768448451,0.149016391131,-0.239409307682,-0.0389094646391,0.720170031114,-1.10044633293,0.461494309954,0.396026507386,-0.131691067412,0.138158267071,-0.274869572648,-0.336580516216,0.562136177972,0.79974198545,-0.920651498234,0.694547280848,0.444953660114,-0.426672629994,-0.300558375928,0.401664488061,-0.0331381029335,-0.305907407934,-0.249641310094,-1.58621077724,-0.059218868968,0.233054708111,-0.51873433668,-1.10710402632,-0.637705392035,-1.00362447973,0.833055113227,0.231984930715,1.16978305608,-0.0443758887133,-0.610229565238,0.501205921243,-0.382904978109,-4.6199126729,0.696026527252,-0.606953753492,-1.95484685842,2.51373708258,-3.92989631835,1.90344394866,1.84657644803,-0.903448546479,1.45945802468,0.837720343849,1.49992524393,0.306088038682,-1.22698395835,0.097208328296,0.673496243743,1.1633001486,-1.32898492862,-0.264718919945,-1.87858842392,-0.62671389948,-0.168653249346,-0.841401434787,-0.908375473476,1.47544264393,-1.67936464983,3.92911428223,0.212959110148,3.18434091909,1.57541434568,1.80639068659,0.860150121784,-2.18519000328,1.88735900677,-0.563670244194,-1.22723308835,1.306119939,-0.689070564807,-0.0973158796663,0.0135848893907,0.577151712108,-0.164211891797,-0.177869327269,0.0717047701609,-1.10335903222,0.754925088311,-1.34422573173,0.128792503301,-0.362120994887,2.13331711317,-1.63108889528,-1.12827010361,-0.450404790748,-0.856854636137,1.04446182538,0.189621563207,0.0154924179832,0.368246012807,-0.218856795288
16,-0.044884954349,0.0653237987191,-0.0552666784085,0.102746395839,-0.000766655859434,0.0532461309117,-0.0539006754322,0.151840019614,0.280360906493,0.0321608969663,0.0552046273711,-0.00178028827324,-0.00422364448513,-0.074219767759,0.0472770061744,0.204358520991,0.365521499876,0.333494882779,-0.0633095275318,0.0665150792773,-0.328858592362,-0.273859549494,0.109006127054,-0.0280997059552,-0.0941715627394,0.201038004563,-0.315017490667,0.456240043138,0.694041400321,-0.699410389661,0.662998990042,0.550490007402,-0.0756589700752,-0.0646136645962,-0.0853353038865,-0.3936519067,0.448729278203,0.915218847779,-0.969451310313,0.686243078207,0.457073959451,-0.366359673725,-0.294294643799,0.344016938268,-0.0483905689127,-0.390144964472,-0.19361342208,-1.64690836848,-0.00299705872926,0.195439873308,-0.312079941877,-1.25347832807,-0.760236295587,-1.02948582559,0.728153043309,0.344670511362,1.18007167408,-0.0481199874287,-0.572055672333,0.47936907949,3.00463002647,0.240334954248,-4.63273238298,-0.412983553432,2.73700140844,-1.88439876423,2.78391758648,-3.2761559571,0.951831405557,0.708170261713,-0.0716255884076,3.25703514021,0.249259899576,0.354876673947,-1.58138634962,1.7707041786,-1.32517415212,-0.886053631233,2.10851853872,-0.635637811337,-1.30496068134,0.104410935986,0.0987055927685,-0.617289159705,-1.2616202427,-0.466336164306,0.0327515522463,5.54873649382,-0.660187963083,4.45509341953,2.20872304914,1.23132522204,0.236196222943,-1.82218666461,1.84250350776,-0.471746587001,-0.948237598661,0.938434781415,-0.289948403156,-0.0544043264495,0.213720552921,0.609762975691,0.288904360289,-0.957980408306,-0.375470606849,-0.571276499387,0.35832607158,0.14064002539,0.989727633805,-0.39374676345,1.97230231157,-1.27774040463,-1.31996074843,-0.0725011055634,-1.2340049485,1.20259254015,0.0178167751809,-0.0901397469816,0.394860791899,-0.217928933483
17,0.139984189877,-0.233123917793,-0.0853288141159,-0.111354435694,0.151662095066,-0.0149014836367,0.187797901807,-0.0470430155561,0.138013952287,0.198397750336,0.0811523548437,0.261713367426,0.0383044792399,0.00068123924593,-0.0134119724924,0.318402209008,0.208600559224,0.181918956322,0.224621251213,0.0649075673675,-0.371155025251,-0.252071347833,0.120172315632,-0.0758903793678,-0.210727822636,0.0772259459155,-0.286278881537,0.969154505062,0.610309732741,-0.28789070024,0.848410988735,0.639061426725,-0.084469207794,-0.216879160867,0.0817571231914,-0.412556130804,0.387279952099,0.976642955871,-0.979930293253,0.685856158169,0.484228160274,-0.308212621021,-0.245094715455,0.216443786354,-0.105520713123,-0.419330726527,-0.177945317613,-1.55941138313,0.135183635921,0.154319970818,-0.129327102708,-1.35946016778,-0.900783920187,-1.01966369217,0.588013862026,0.471004098432,1.1737656488,-0.0623144311969,-0.531342316598,0.457609406392,1.6828655273,-2.62418825973,1.04960361241,-1.46802718233,-1.84879785955,2.15296331621,0.116068017151,0.485416508255,-3.34472871249,1.77659678248,1.2266558796,1.31344725355,0.969528361798,1.08113113296,0.549866405982,0.0311894799769,-1.527943496,-1.75746849978,3.01572965712,0.881899196085,0.541184229011,0.262638392457,0.0656517311148,-0.342408511848,-0.898935651988,-1.80099305134,0.207860910302,4.19309072146,-0.886541963634,3.41546657418,1.23799493097,0.549115352968,-0.38935323093,-1.17844188706,1.44653288329,0.161927884684,-0.233665232474,0.252037362332,0.0718808692192,0.0535167431377,0.311006846308,0.538349613903,0.673080637509,-1.54814488076,-0.74206236516,-0.0141607178116,-0.0374693465092,1.58593559994,1.74472600421,-0.424900935681,1.66009802508,-0.82892904471,-1.48423396177,0.259336795771,-1.5584587057,1.31580229064,-0.141432867014,-0.193093869755,0.41892900865,-0.217322742167
18,0.276105428406,-0.128018511414,-0.230082844289,-0.0808556578933,-0.168590763457,0.225219704787,0.0428138592978,0.122689912026,-0.104052782994,0.220599390363,0.310301869773,0.250968820442,0.199295611335,0.105774512256,0.111536701123,0.190929093832,0.0872441180727,0.0627006411081,0.430293701595,0.253271255645,-0.245227539646,-0.222043210008,0.113161877997,-0.0974885858435,-0.240712076958,-0.11327250059,-0.330729581978,1.21341184334,0.539300890186,-0.0702390937879,0.872313079878,0.66353384023,-0.145357217748,-0.292480003388,0.19591617357,-0.354429172027,0.404391032824,0.962214352536,-0.956834129391,0.697351598829,0.515746271269,-0.260976384231,-0.165812453248,0.0455289831902,-0.189889934336,-0.394415481053,-0.198255493003,-1.33749832921,0.338051782032,0.111905580188,0.016036161152,-1.41734383756,-1.05530570548,-0.979879935043,0.418792757074,0.606042196289,1.1523593843,-0.0865678044126,-0.488375457159,0.435892049912,-1.49877558624,0.297693352345,-1.13269282892,-0.280776987264,-1.36858532734,-0.254274894534,-1.12827887558,1.23079314183,-0.0982132515174,-1.49011922878,2.62296663108,-0.893784783133,1.92653659879,0.813753274198,1.38479997347,-2.28704547819,-0.909553427594,-0.337696186667,0.794779334084,2.65855394219,1.66561767495,0.393216835136,-0.229883891659,-0.0859552007303,0.424090577995,-1.81517674452,-1.26608387126,0.459622154853,-0.455268734908,0.786439244857,-0.851833583924,-0.0474288257706,-0.774842157924,-0.302877468087,0.811248641132,0.997078330663,0.550648667309,-0.535317993448,0.381724466508,0.173338849686,0.303371865842,0.398549175312,0.874915919677,-1.80669614046,-0.903066912041,0.500255663427,-0.348331117106,2.79915724273,2.26389861622,-0.412962536417,1.23103699136,-0.322681046379,-1.59526210335,0.523488221826,-1.81309662255,1.37542342913,-0.283481757256,-0.290925360518,0.439830802168,-0.217090768107
19,0.0130215183375,-0.179737713099,-0.153686930962,-0.251894090915,-0.0260931404526,-0.139862757404,0.0762532791814,0.0677377121442,0.121492599515,0.0577959473259,0.401389416724,0.238169522711,0.33137400566,0.142355368494,0.144514642415,-0.0422767539011,0.0137904344815,0.122739563391,0.391600405574,0.507465509871,-0.11535851566,-0.159930661278,0.0736146749501,-0.0890175495655,-0.117435399245,-0.266244541823,-0.537242224211,1.06069811194,0.524392669191,-0.132858062243,0.684048267062,0.629252653235,-0.22782849352,-0.273946379448,0.24206082602,-0.221348345367,0.485408574059,0.874889974667,-0.905053076896,0.718894936369,0.542254396375,-0.229363481738,-0.0784073161525,-0.13158227267,-0.276805757585,-0.322544020283,-0.242558158817,-1.01256163306,0.576788090056,0.0743209546298,0.114385386878,-1.42352441437,-1.21727665947,-0.917786583552,0.228163655671,0.744090148998,1.11776927824,-0.120253558007,-0.44350093339,0.414177272727,-0.38646026694,2.87374643887,0.274794262733,-0.640689228733,1.32073909979,-4.29772335489,0.4299905143,-1.46987606078,3.24796416294,-0.5635607048,-1.42352442364,1.02109426265,0.377851995478,-0.0413667368275,-1.1105957963,-1.91154087451,-0.599290060907,1.32069284239,-1.2328196043,1.88358239095,0.584288763275,0.885074012241,-0.546274489818,0.292242921524,1.99085529227,-1.25653265545,-2.66775174761,-3.28435515901,0.127985895267,-1.91179924217,-2.76370011758,-0.654541654986,-0.816972784236,0.674935585689,0.116334181523,1.58986579242,0.980123035987,-1.16612244291,0.647410218522,0.244530602736,0.216723777792,0.232613611592,0.830201130649,-1.66913252035,-0.786620661747,0.917436842325,-0.508608109247,3.62491886946,2.44943247743,-0.323766620278,0.727206557395,0.197691394071,-1.62965888041,0.703224984363,-1.98481340127,1.37517166486,-0.404563467136,-0.381386207045,0.456990860656,-0.217277938349
20,0.0390575073595,0.035327102969,-0.0700627509216,-0.0602131471228,-0.22801034373,-0.206854600164,-0.102190831592,0.0357945842345,0.272403425464,0.196031867497,0.119384253636,0.375774097851,0.279388292896,0.132522044179,-0.101480906969,-0.149620589699,-0.0245162969526,0.25316097365,0.270128175584,0.549054197268,-0.158313541945,-0.0541229222638,0.00983862185308,-0.0305517808482,0.131589647508,-0.384391415297,-0.798412506985,0.637952098467,0.55060863843,-0.404590842294,0.367784195082,0.527953914489,-0.298438133157,-0.161126679981,0.222229405643,-0.0559904044356,0.579045332141,0.740360629902,-0.828622880522,0.742839167547,0.557759758881,-0.214181535959,-0.00793992950228,-0.276058177784,-0.337844825221,-0.215327034589,-0.293738517637,-0.628699600248,0.815114392319,0.0503475101898,0.160477541499,-1.37881774312,-1.37806121943,-0.842405988344,0.0248770527877,0.878959738918,1.07223817471,-0.162532530632,-0.397119302105,0.392421281708,-1.38761157377,-2.24037577089,3.15975401169,2.38366287178,-3.40913433916,2.16008476691,-3.33818404348,0.863397422871,-0.621273042279,2.61642534051,-2.8187323584,0.781089180633,-1.08203093772,0.0996450238919,-3.34278589615,-0.324945811023,-0.0718570969862,0.898788094735,-0.834077681118,-1.18737507571,-1.33608743712,1.09642969548,-0.682499852762,0.912341194146,2.80795363173,-1.25197609133,-2.15998459655,-4.65178032388,0.299256441451,-3.19955641428,-3.26194539524,-1.39178998296,-0.55197347139,1.54260724459,-0.490609142205,1.60599934899,0.778703672844,-1.46138270383,0.874255135417,0.21390244444,0.0900171556175,0.074211021794,0.542771524251,-1.16750358429,-0.391498285189,1.20341719356,-0.482969204157,3.9675576058,2.25217553724,-0.139421722095,0.193298217535,0.687802022862,-1.56899883127,0.788061855452,-2.06528864475,1.311509498,-0.501935908959,-0.462480622841,0.46989235145,-0.217920231652
21,0.00549341330826,0.0133743757443,0.082554008818,-0.0356750524028,-0.184722731739,-0.139544779879,-0.237892855804,0.0567724317697,0.128891807181,0.334162011971,0.0802577335692,0.262091064741,0.186129949108,0.203422587305,-0.394707756688,-0.159570416977,0.0088220446301,0.257580238503,0.247855005933,0.310838631173,-0.315029128688,0.0224307743524,-0.0485380294474,0.0951424711674,0.407575201746,-0.53988276674,-0.900820327998,0.23238791918,0.565754519464,-0.70293232847,0.0911687737139,0.351024352039,-0.331583700864,0.0227993781372,0.148781135646,0.0780152355143,0.620267228558,0.594677412692,-0.73192416021,0.757205733073,0.560140514572,-0.213719937428,0.0243886032077,-0.356997279486,-0.34807209244,-0.0866294774501,-0.332969615711,-0.235996206616,1.01468766777,0.0495272198386,0.15346596083,-1.28835485239,-1.52752242016,-0.763456241034,-0.181745111585,1.00425627713,1.01822762734,-0.212380521683,-0.349679355586,0.370577183245,1.42293280552,3.72373139542,-1.9422281652,-1.14717599662,4.27439863758,-1.45595535271,1.56777636105,-1.19971722376,-1.34060575178,-0.707925878162,2.23513279618,-2.91604487489,-0.600164221469,1.37711774455,-1.93470556529,-0.150666116166,0.66926827483,-0.804370673256,0.229858906581,-3.09076321321,-1.32346425312,0.253190605209,-0.383951424835,1.57467739966,2.55990850081,-1.8981023421,0.325495164201,-3.0364872973,-0.0652831427394,-2.43365482187,-2.01643376554,-2.11396956079,-0.0881533245776,2.05907068782,-0.955273110611,0.97731653277,-0.0386714267952,-1.40035739669,1.04885870178,0.0503222651426,-0.0407265696467,-0.0607831343553,0.0842334008806,-0.42545008186,0.212805570289,1.34699433769,-0.273112675777,3.80429748939,1.68078515767,0.136902368682,-0.328187643873,1.1064154384,-1.40200347119,0.774683149216,-2.05146777619,1.18386982324,-0.573979049157,-0.53251018173,0.478089321488,-0.219043495369
22,-0.0690275927881,-0.0175527531345,-0.0662542854815,-0.0457477227106,0.1078201946,-0.151813857065,0.00750352120752,-0.113474616912,0.0389201754769,0.111811226456,0.348797662077,-0.0169034760631,0.153490319889,0.371279794158,-0.439340855338,-0.200354485213,0.0682167781165,0.132608911452,0.251593466902,0.042377926138,-0.340893661165,-0.0218699546994,-0.0420452924661,0.272259040184,0.625423194991,-0.749087659267,-0.730827834916,0.0800664345291,0.532141508849,-0.839257457678,-0.00388840338047,0.120168634707,-0.313683565686,0.232853507279,0.035001303452,0.125239366442,0.561045812776,0.467625340344,-0.621538590891,0.74851399568,0.550217819755,-0.225615486992,0.00717486388758,-0.359336272691,-0.29238673808,0.0495998011498,-0.343487156766,0.116952287669,1.14096668248,0.0799780093456,0.0964791556376,-1.16107130097,-1.65482340717,-0.690608989293,-0.382346688495,1.11368049683,0.958302952522,-0.26861979673,-0.301670488213,0.348596048383,-1.91240249779,-4.19146185845,0.26829961156,1.45354988961,-0.531724681426,2.95448125169,1.60038812738,-1.01082349781,-0.926272630015,-2.61094400541,1.40574972552,-1.43262839409,-0.153252019814,1.56902578575,0.891500533435,-0.561269916378,0.235125676055,-1.39888743674,-0.500452741454,-1.82364093695,1.02204185565,-1.10156255907,0.645675204517,1.88481783654,1.77045226043,-2.0991311604,2.87477441853,0.0325645991433,-0.589204461471,-0.135877615713,0.155199240519,-2.3857420064,0.446638916482,2.04562434944,-1.30558952477,-0.0720561792435,-1.15814518797,-1.1221456118,1.14305897008,-0.243640741563,-0.15401205626,-0.174433878922,-0.425774252693,0.370350800823,0.903216722509,1.35684801484,0.0819181654202,3.18696041345,0.801887707908,0.480095458261,-0.800784957976,1.41925618356,-1.1261675512,0.66735619609,-1.94571946421,0.994726950045,-0.620240885982,-0.590107160214,0.481217282391,-0.220662436907
23,0.136652390702,-0.00803715305863,-0.0279082339284,0.066300381666,-0.0507919004948,0.242329630678,0.0306114833125,-0.0457462424559,-0.0986469093237,-0.0259336769146,0.176230287695,0.0780722239302,0.164215758835,0.425876552098,-0.295351951245,-0.230997200177,0.0142912828252,0.0195152230013,0.114347854437,-0.0223355426033,-0.12764453475,-0.164183236979,0.100026109537,0.456648632383,0.765257751307,-0.909495071876,-0.398976773916,0.208552235711,0.458394511336,-0.724468678893,0.104922555284,-0.0965132781099,-0.244775132486,0.413055204556,-0.109962673582,0.0630908279549,0.394628715081,0.370063273639,-0.506724149311,0.705454388073,0.530042743338,-0.248287630817,-0.0579930607046,-0.287988384543,-0.169462809194,0.181011724609,-0.314060067839,0.390093486258,1.16863375258,0.146328131147,-0.00411984704552,-1.00885194827,-1.74935585317,-0.632733915333,-0.568073499901,1.20132970532,0.895016355651,-0.329953303525,-0.253614104843,0.326428069018,3.79957289885,2.44544384001,0.893410499305,-0.669136746869,0.200152759009,2.12209693276,0.0479033428752,1.79085147941,-1.382942758,-0.221482872036,-4.37107837728,2.78561927694,0.557374823994,-0.782123488584,1.54876441248,0.124098684666,-1.34853036762,-0.828461051461,-2.16212848539,0.3518390452,2.87166289947,-1.48776485216,2.22434672557,1.75063189784,1.06491278869,-0.847792832861,3.29630480642,2.23060330687,-0.813221039082,2.32981316589,1.82069011345,-1.7842570241,0.904431339689,1.47271050397,-1.58234474369,-1.13716747662,-2.09950027867,-0.848217710384,1.13606640246,-0.627193338329,-0.246640786365,-0.278395606446,-0.853408457814,1.01542267538,1.53299749245,1.25501664397,0.512091392479,2.23203809165,-0.268875234784,0.846339603588,-1.1965632288,1.60203800539,-0.748645930926,0.477779295642,-1.75565676107,0.749510776161,-0.641429935103,-0.634255323708,0.479001759231,-0.222779814677
24,0.0706612261246,-0.137410295897,0.0447899255988,-0.0268833835429,0.192158533768,0.104690009715,0.150736737266,0.0825361272223,-0.105198628875,-0.0707761162191,-0.223419507345,0.300890193547,0.280720169199,0.232208656881,-0.175922060732,-0.174711672795,-0.165089959006,-0.061766441571,-0.122812992869,0.0311644295423,0.131005359927,-0.271679600914,0.386948640622,0.620244623015,0.843132335453,-0.882319044791,-0.159873756325,0.452017906311,0.38279299178,-0.415256123607,0.305851772394,-0.206861330732,-0.141447102894,0.513940244548,-0.278377630977,-0.0892706190288,0.16183367832,0.291484627492,-0.39733805102,0.622497624396,0.501228201718,-0.281267572236,-0.157038654298,-0.167084840398,0.0076346534601,0.297799887416,-0.241521554432,0.557462780029,1.08571519579,0.248161132202,-0.139650279068,-0.845423244164,-1.80171503549,-0.597187284253,-0.731075111066,1.26198266299,0.830793458727,-0.395000327133,-0.206054282729,0.304023784176,-3.09356939932,-1.37591128427,-1.86518821302,1.01432298426,2.1153649459,-2.91594260346,1.64197110098,0.486861692634,1.47889540747,-1.24388041889,-2.0193674983,0.529778135484,1.52798253246,-2.59289495872,0.867308881686,0.824870751635,-1.89850148918,-1.03623577706,-2.19688541239,0.23164539136,1.79541333464,-0.51785522174,3.31911217206,1.54953204723,0.48562534464,1.44295718054,1.1510467967,2.27148339063,-0.654153326641,3.56525624014,1.89356249109,-0.309893750119,1.10257089947,0.501854862661,-1.76310381992,-1.82092764958,-2.42863929993,-0.764425211793,1.04025978343,-1.02757698689,-0.32924218272,-0.38102205877,-1.08890066226,1.33807598382,1.96690150518,1.0690242172,0.928590538172,1.10080064671,-1.38358387573,1.17994764316,-1.49714669854,1.64245012371,-0.286287152179,0.224354519947,-1.49363120958,0.456368631323,-0.63935507555,-0.664297930036,0.471264651927,-0.225385848599
25,-0.00200146483607,0.0592679419736,-0.133955819016,0.140772756231,0.0931023291955,0.0587714036466,0.1519469505,0.10982336572,0.0814453566474,-0.210772003776,-0.133378334252,0.138127295893,0.350516153581,0.0366852303974,-0.0910784257343,-0.113653679218,-0.300758191976,-0.218924242903,-0.270832875367,-0.040114322834,0.172356318862,-0.271966787284,0.707831238456,0.774591214956,0.854766313727,-0.643945469299,-0.196379461527,0.607687946323,0.329391620018,-0.0738273393671,0.429228790261,-0.148875055501,-0.0389061736149,0.510926128144,-0.455746197503,-0.28081793742,-0.0638641268011,0.20895117852,-0.299794849195,0.502283157658,0.464039311104,-0.324254256662,-0.267483573016,-0.0344273276846,0.214247680354,0.392892239479,-0.131861816277,0.610370963542,0.895742061069,0.379280055252,-0.300061807841,-0.685105443914,-1.80463375429,-0.589200669171,-0.864940871011,1.29135354005,0.767828343795,-0.462332316924,-0.159547910257,0.281335353613,0.343154072021,0.904248412085,2.71000577602,-0.47042958867,-2.85069975047,1.91949139401,-1.68648186172,0.356031213843,1.27809508874,-0.514638262904,3.00333217421,-3.03722807474,-0.828266887124,-0.826628040852,0.944740231023,0.216595048298,-0.631292745343,-2.08076672388,-0.708317447259,-1.69808161886,-0.974141123388,0.326183114105,2.78058767127,1.560512563,-0.306941165361,3.05083543062,-1.79817782143,0.695297192274,-0.440382832711,2.96929580644,0.373940331052,1.44051788643,0.865399300849,-0.541625515723,-1.73735268523,-1.90528741098,-1.95224241328,-0.921584531607,0.911783348809,-1.35802592483,-0.416242044459,-0.475823368879,-1.07813925434,1.24251821387,2.11287465458,0.825111570254,1.239984936,-0.0272831630416,-2.3839830994,1.42267755185,-1.69336056145,1.54095972764,0.235222528815,-0.0690788864724,-1.17593103936,0.125787847438,-0.616816158314,-0.679933258003,0.457928330072,-0.228457865091
26,-0.00705059240992,0.0215177895627,0.25451385834,-0.0475427005699,-0.0405166886964,0.147153439465,0.0193086961516,0.115618050481,0.065333444412,-0.028253979367,0.123554429848,-0.0976906855872,0.0674855353867,0.0628267705912,-0.00428603044932,-0.13340876976,-0.299556505983,-0.430777612933,-0.299969293335,-0.256776298836,-0.010027821298,-0.260988910721,0.890398088255,0.925084811594,0.775158438521,-0.346346672901,-0.46379966542,0.590563157985,0.284937521477,0.134454717404,0.36362525749,0.0592180510177,0.0151127460686,0.416301700072,-0.614078750963,-0.45127285373,-0.205977975451,0.102825402523,-0.21327788306,0.355761390395,0.417569783379,-0.37532377395,-0.364951590604,0.0675236420673,0.419592418201,0.461603663587,0.000384283462429,0.557777970681,0.61759644021,0.527962808731,-0.474791202901,-0.541544817354,-1.7537877504,-0.611420148372,-0.965043035745,1.28630200527,0.707991766543,-0.530507674639,-0.11465453016,0.258317854775,0.263581970003,2.2021624676,-0.643550668633,-0.23076041323,0.580407198546,-1.4617008572,-0.00774762680236,-0.643929172444,-1.16575844144,3.92709704572,1.23410238085,-0.973642963244,-4.36376220659,0.7993363224,0.52791733227,-0.466045382005,0.424749024255,-1.78557146194,-0.198593158049,-2.16803192633,-2.22367232838,-0.377953387151,0.721013379994,1.33703520875,-1.27136527155,2.49745684541,-3.13025329989,-0.914171634138,-0.504498673908,1.07564931964,-1.64340392636,2.53871893854,0.141171002713,-1.26719740575,-1.36112654798,-1.42509262546,-0.806295905276,-1.20509988787,0.833998769837,-1.54368338396,-0.515061262772,-0.536860097569,-0.838183963552,0.733517683884,1.94265611277,0.54445593012,1.36965933166,-0.983464671301,-3.12521629517,1.52395728011,-1.78382121089,1.31041780331,0.78305874574,-0.374970530031,-0.821734697302,-0.229900111403,-0.577451136139,-0.681198475874,0.439017453094,-0.231960186105
27,-0.127827722191,0.100859651413,-0.0740579880515,0.126712526215,0.0817291887597,-0.0893977519847,0.0743506993258,-0.00739407802851,0.0191096610878,0.338750632396,0.120847921385,-0.0725132531371,-0.320715796545,0.0547632284407,-0.0285191640762,-0.17283280966,-0.268974416104,-0.513597336351,-0.363317750697,-0.38326044666,-0.186695598937,-0.375060882573,0.854873781738,1.00627906007,0.617124388806,-0.210341215587,-0.733091774619,0.463495495902,0.221052560483,0.140701950322,0.132868846196,0.313568543225,-0.0208491279084,0.278629225023,-0.71389326034,-0.554896450061,-0.216347285759,-0.0287896577608,-0.128902959887,0.199681192507,0.360820553147,-0.429168506046,-0.430197166138,0.10191875328,0.593519445856,0.501097220618,0.134425624033,0.423854833354,0.283049664059,0.67821303067,-0.65344370994,-0.426541164116,-1.64839386774,-0.663636248651,-1.02876579147,1.24498892282,0.652756513414,-0.598104397523,-0.0719261122423,0.234930578452,-2.4496588248,-3.54603119738,-0.751800674112,1.04059568143,0.991516686412,-1.3306105606,-0.154717588008,-1.22174133507,0.876182393728,1.97961736449,-0.577897143682,0.816305464654,-2.29867946109,-1.43341257388,-0.997580069799,-0.231567616945,0.00411699784873,0.257144492098,-1.14141151995,-0.0740969962563,-1.03065169733,-1.84947989708,-1.2577988758,0.0740719947341,-1.73897766302,0.02954210685,-1.86411388018,-1.41202090475,-0.777854472431,-0.841235476607,-2.71451571365,2.30494535907,-0.879542987436,-1.36634968414,-0.568935039335,-0.619020400207,0.59937646266,-1.39040364775,0.876926498175,-1.5470968567,-0.619631344743,-0.524155957687,-0.451936507875,-0.083632369268,1.49657849379,0.243141106981,1.27137653377,-1.63625628514,-3.49764297242,1.45028061814,-1.77292188331,0.97457357289,1.31967766518,-0.664124988853,-0.451887867737,-0.597106589992,-0.525547512225,-0.668443120964,0.414658575174,-0.235844266357
28,0.0429701833103,0.0088147850747,0.0983422693142,0.0204889558204,0.0495927791657,0.0295054486596,-0.0851156313044,-0.0206934215872,0.202091919386,0.258982409388,0.11236801334,-0.0429522797616,-0.295821595076,-0.189884135768,-0.136296488015,-0.188702037751,-0.2998178541,-0.405917824025,-0.489345432606,-0.271353164377,-0.210177990501,-0.581604527977,0.692202036808,0.905781983969,0.464449716657,-0.340919702081,-0.789263314832,0.342534527035,0.136733057945,0.00430633423741,-0.119672407385,0.47730951219,-0.156374173528,0.166904847977,-0.71764305118,-0.574587186002,-0.0946560071022,-0.16454210249,-0.033414496051,0.0519844092065,0.294061948663,-0.476361372505,-0.454588108921,0.0465269796162,0.712919252004,0.510011589249,0.246838616115,0.243193610148,-0.0676407763965,0.811840215881,-0.826263423318,-0.349070390944,-1.49153817469,-0.742731343006,-1.05560647353,1.16697013021,0.603143011094,-0.663749617631,-0.0318969715686,0.211138298331,5.07163242964,3.13057581139,1.08645882119,-1.49262643538,-1.46355155913,2.4664726957,-1.91944963226,1.01789969758,1.86444544338,-2.93962373648,0.335558625346,-0.284282369819,2.44022768137,-2.67069033557,-0.619831424503,-0.21137385,-0.46836745564,1.55149470472,-0.970188535695,2.04322678561,0.357381691703,-1.90139709822,-1.70839708082,-2.15572565652,-1.1301194701,-2.45024357134,0.785810706887,-0.908348769776,-0.834192040086,-1.64815252226,-2.04091623298,0.813195466775,-1.76520185405,-0.760118541943,0.522700629523,0.204433889689,1.75216020006,-1.25871863792,1.05119528977,-1.38290962699,-0.711504705384,-0.39829642096,-0.0432953392854,-1.0277726299,0.871920612168,-0.0646902222609,0.939960224276,-1.91128703338,-3.4433343858,1.19215068008,-1.66870789029,0.565698853925,1.80576126196,-0.907957682633,-0.0875845572089,-0.961631493081,-0.465827522904,-0.642293847244,0.385077655838,-0.240049077589
29,0.0648999959685,-0.0761296004178,0.0184730395277,0.010160832283,-0.0377411561444,0.0606469723588,-0.0370937339522,0.119215212837,0.214899083183,-0.0101476013794,0.0885726192134,-0.0556396582592,-0.0119750197396,-0.296288322431,-0.0788802436632,-0.224611553911,-0.324521261557,-0.277401982123,-0.473019481556,-0.052290605334,-0.177002012787,-0.681428121776,0.552377595189,0.592883421222,0.41590588718,-0.632996395544,-0.605125839592,0.284208218767,0.0725827343352,-0.143033069885,-0.229321582885,0.462996442571,-0.352857637563,0.142721869366,-0.609863961491,-0.521490309561,0.111768012002,-0.26665531202,0.0833084561914,-0.0733770575896,0.219693619599,-0.504353667273,-0.44240535127,-0.100712897294,0.766269393781,0.488495392239,0.315914077263,0.0545048713818,-0.391406394268,0.911057840488,-0.984404588613,-0.314578220005,-1.29019319919,-0.842855079401,-1.04714373074,1.05322416087,0.559687295506,-0.726145259771,0.00492596674956,0.186912490007,-4.12203338377,-4.0945116505,-2.44763552595,0.647390505662,0.396387258933,-2.18923937105,3.07413927448,1.30083626359,-1.8836124573,-1.481097579,-1.23677876751,0.457209243725,2.28986494604,1.12409679443,1.7291675037,-0.392460735386,0.110537658687,0.769186928464,1.56892397207,1.97277001203,0.0128353625129,0.161984259218,-1.03603358481,-3.8425899734,0.190937598333,-2.96651676244,2.59618050111,-0.321518858463,-0.35918222678,-1.11442159574,-0.0206064565014,-1.06400458867,-2.0281117915,0.320274524281,1.59528705838,0.808842524622,2.24450966892,-0.717430764293,1.28206728126,-1.11386773374,-0.768447074784,-0.139432174063,0.26006766527,-1.88482012157,0.198267200215,-0.362204573536,0.41477225508,-1.80129156509,-2.96468784245,0.767334855078,-1.48108527028,0.121589269618,2.20344609638,-1.08077025802,0.250960225284,-1.30933263639,-0.403217584308,-0.603612396527,0.350595650432,-0.244501733714
30,0.0144081252184,-0.00590436849802,-0.213615441095,-0.0653501285957,0.0253821287401,-0.086863901563,0.253758445192,0.185054366801,-0.0508425892321,-0.0344845328332,-0.0960706831004,0.0468529738746,0.0866219548629,0.00100934951892,0.106567062264,-0.217617893633,-0.274036029608,-0.250666848162,-0.183358364176,0.0887689056862,-0.233345906347,-0.540332679654,0.464172155491,0.214253414887,0.486687880827,-0.852699764,-0.342809977334,0.258530422094,0.0763034581074,-0.198790461243,-0.12253266048,0.291092442646,-0.532391466803,0.230400378393,-0.413248584085,-0.423170829314,0.326941789621,-0.297487956472,0.220022563692,-0.170212352445,0.142016781972,-0.500294825262,-0.409248107492,-0.320907609601,0.755332261606,0.438683976232,0.325938360832,-0.106119284221,-0.648449915644,0.961192976733,-1.12005425591,-0.324592530993,-1.05490939889,-0.955820939014,-1.0068762348,0.906113355497,0.522432361648,-0.78408924701,0.0380723747248,0.162232475865,2.75902008115,2.90483522358,0.58676893082,-2.4564720207,-0.337844330401,1.14382662966,1.00202816318,-0.134909773958,-2.26589324255,0.229437505804,-1.71450911958,1.12476588741,-0.0332008274315,3.96619768437,1.18598162033,0.785706022838,0.826473086531,0.025715539014,3.86586708013,0.909635216756,-1.06178740328,2.48170058096,-0.947625809204,-3.28754389058,1.04437997758,-1.10406236249,2.29487045058,-0.291807830853,0.44238558432,0.000672440407301,2.03810938618,-2.15991838226,-1.41904155368,1.38117003318,2.23117421821,1.10742336087,1.92814237687,0.134115720747,1.42297775887,-0.827138165512,-0.776700114429,0.236579793324,0.365403697265,-2.45811072862,-0.393574465229,-0.626051928188,-0.225148030305,-1.36471471131,-2.12385454268,0.219789813333,-1.2206776716,-0.317758965744,2.47956323985,-1.16186844634,0.545757761702,-1.62678265593,-0.34261309434,-0.553448948705,0.311622398129,-0.249118345979
31,0.0835377307729,-0.133979321351,0.0558251954401,-0.175583560574,-0.128380921752,0.204513547626,0.117514334915,0.0680383482735,-0.0903617876254,-0.0888893109837,-0.129413015929,0.0722875767151,0.093095124529,0.298402398618,0.0443342459863,-0.0627711487312,-0.171792320777,-0.197831120899,0.194101797402,0.173873943922,-0.341848920219,-0.250384220533,0.31851977671,0.00916585621188,0.578241261474,-0.820402885502,-0.196409404976,0.214508940054,0.151445959837,-0.160754755092,0.135325008771,0.0819194457512,-0.613920639499,0.3992856447,-0.189202489434,-0.30866855441,0.475218964215,-0.23835544236,0.359389374925,-0.240799133969,0.0658511271338,-0.455015212154,-0.376980414958,-0.578304776274,0.693750411754,0.365427297881,0.270580911112,-0.211242261473,-0.807811139797,0.953071525597,-1.22647946919,-0.37667174984,-0.799193696209,-1.07169955871,-0.93994416296,0.729281362282,0.490942802294,-0.836491903781,0.0671170426547,0.137086473559,-0.682233668997,-1.62178317392,0.222376630788,1.96828551491,-1.19155344665,2.09518558989,-2.47611084853,-2.11614870181,1.28198315765,-1.25104618522,1.10407688998,-0.741519364287,0.581822092108,1.3118195258,-2.47700864267,2.01607944731,1.2252513791,1.37133888034,3.1491632075,1.05845705893,-0.800622882639,2.93356155427,-2.102368412,-0.603508044297,0.547073688947,1.73986485779,0.527911791155,-0.584605677513,0.96171939016,0.600444433361,2.84092906931,-1.762622972,-0.142506712041,1.8589592604,2.11004498996,1.1479035596,0.953992694806,1.02767654484,1.31047749886,-0.598695640904,-0.740720376115,0.672098515185,0.243591782547,-2.61360487311,-0.801225450655,-0.825468944773,-0.873895913934,-0.713337576473,-1.03313366057,-0.385680426497,-0.89846627056,-0.713498703493,2.60861157658,-1.13735250332,0.782129770304,-1.90187875754,-0.288649669195,-0.492993101228,0.268649057486,-0.253805093177
32,0.0612515245707,0.00176124479974,-0.184206326388,0.0704769820886,0.0645379634167,0.0173163359603,-0.0465953064296,-0.130541535824,0.0163736658037,-0.148415119399,0.0143814128807,-0.0227401735972,0.190016147157,0.26698637772,-0.275499612357,0.0830499699424,-0.0137528823435,0.0492665049337,0.386178349833,0.326600366525,-0.348767699202,-0.0137427631313,0.0519420695438,0.0880367023042,0.560247624568,-0.539305746281,-0.225700141949,0.154658109414,0.243927575911,-0.115340518611,0.389723131471,-0.0183466803623,-0.559045414234,0.570338562457,-0.0178240154795,-0.198756130283,0.5080692267,-0.101716778455,0.470085665177,-0.293019829436,-0.00543917569069,-0.366914540784,-0.366685239766,-0.828182195275,0.603054493649,0.276904330337,0.154678623635,-0.246421068561,-0.85158082552,0.884684959119,-1.29807586085,-0.464678104897,-0.538614954978,-1.17956839638,-0.85275348078,0.527493345062,0.46434155976,-0.882387431998,0.0916875824394,0.111472527475,-1.07596971734,0.0605386795064,0.00182279350842,0.364533158597,4.13794464748,-4.58150531645,-1.00572640026,-1.10884355324,-0.129017909647,0.753627730934,1.03011058942,-0.495354699094,0.89743325703,-1.33024599107,-2.96437200546,0.383146005049,2.01516808265,3.43602271991,0.71077715142,1.91701268765,0.725032694987,1.6465303927,-2.99429220585,1.90965853082,-0.992952589923,3.5827303383,-0.913872024494,-0.502608921448,0.764115519036,0.136750524413,2.00742158051,-0.10224341382,1.18611524647,1.39633650663,1.20449546164,1.0321827896,-0.308190546714,1.63097728513,0.841359097876,-0.460213102552,-0.684452256588,1.07602076253,-0.0607563619953,-2.3090354757,-0.971804183369,-0.925546381721,-1.41750368423,0.008810824577,0.162090347104,-0.972271970509,-0.526152197682,-1.03103807246,2.57520518637,-1.00143120625,0.949557497338,-2.12437396367,-0.245491321254,-0.42352471624,0.222239360217,-0.258459488303
33,-0.018023466527,-0.0482486526623,0.118338556942,0.0245403873265,0.134840583249,-0.193997866099,-0.200100454528,-0.125080554136,-0.121867128992,0.038510420152,0.028813132913,0.0450398681426,0.193144163062,0.170137674065,-0.39227441364,-0.0186385893483,0.222318812621,0.420641407132,0.39687121285,0.502632967504,-0.221281324358,0.0814885010495,-0.207195144605,0.302543656454,0.384599770291,-0.173259420915,-0.324293518234,0.136458154934,0.287062504917,-0.155697532814,0.506944604202,0.0689233519704,-0.398735233855,0.649215137477,0.0366961965581,-0.10492995604,0.418537539616,0.0694472841204,0.516363445639,-0.334968623587,-0.0714901844808,-0.244298212513,-0.391696546011,-1.02655304498,0.507200476503,0.184701896688,-0.00602718751891,-0.212150897328,-0.777145732395,0.761850940869,-1.33047946777,-0.579339840885,-0.289700355442,-1.26836398145,-0.752529461735,0.306428107399,0.441366614622,-0.920940554517,0.111471208827,0.0853993045943,1.01052783963,3.02591715589,1.86805483079,0.989065870762,-4.15073811817,1.4099053644,-1.85870726349,0.51793112106,-1.68844352562,2.05304174406,-0.34444638629,1.67017755896,-0.876467528129,-0.214360232331,0.903953520706,-2.08620649359,2.48900570098,3.54027888013,-0.0332817812103,1.22845057409,1.56495165205,0.39503628076,-1.781262632,1.85771334572,-2.39598824437,3.40118028224,-0.767601679233,0.221631103461,0.0701911118023,-0.974422836215,0.297514165764,1.77674069106,1.86572285345,0.0702947624578,-0.141715260613,0.833263460152,-1.42510235391,1.68920902064,0.0384466472636,-0.383848897882,-0.641416351205,1.34595042106,-0.440953276834,-1.60045715473,-0.909778749731,-0.894524622843,-1.75545500483,0.651521376286,1.3051307132,-1.4621947633,-0.11700754323,-1.24268107012,2.37577590142,-0.757143589134,1.04224022767,-2.2863037056,-0.216644996562,-0.346366759807,0.173019962722,-0.262971820083
34,-0.101697650116,0.173855110618,0.132238971949,0.102272723193,-0.265356247138,-0.0515860693146,-0.223408142214,-0.172590104546,-0.141171962573,0.085059440956,0.0582479777531,0.199719965604,0.08945274618,0.19891425707,-0.164936870899,-0.190788025236,0.4178127314,0.679839410664,0.454763096379,0.515635128176,-0.08992947114,0.0962339758424,-0.246149392513,0.371339980295,0.116978725112,0.0904201933031,-0.334791166523,0.20212678803,0.266260053793,-0.298402089594,0.463848726811,0.304140734809,-0.220207480305,0.573560644295,-0.0407125546032,-0.0343643175629,0.239373632403,0.215630444291,0.472192726548,-0.369359158287,-0.135012909505,-0.105028331627,-0.452775421634,-1.13934404378,0.427042399451,0.103023563949,-0.187273622078,-0.123142541557,-0.597161355844,0.597734374683,-1.32077367196,-0.709047138515,-0.0687057191552,-1.32777349771,-0.646830441387,0.0724336334086,0.420444566761,-0.951448623069,0.126220522279,0.0588867384506,-3.9918480108,-1.81815584947,0.408701550574,-1.72484879112,-0.287443507339,-0.797049808445,1.83697572649,-1.36566993424,1.36866074839,-1.2805498329,1.16989094143,0.848536937321,-0.641075132043,0.290445960196,2.87345949762,-0.520838226708,1.09682480221,1.40624010495,1.33545947418,-1.04498698456,0.866729314946,0.00130459473269,1.08750170001,-0.744981855824,-2.75909622695,1.73724450241,0.669983408633,1.02819850172,-0.381096650957,-1.74173083442,-0.989634049864,2.69292584485,1.5373628377,-1.57177482484,-1.32456754894,0.565681441186,-2.05916410067,1.14066307761,-0.928158299178,-0.294164872729,-0.636102618259,1.39837381322,-0.758406590955,-0.625564469388,-0.670546726913,-0.713521475341,-1.82086621711,1.08489234034,2.25105711562,-1.78815020672,0.313138149601,-1.32963895576,2.01937067408,-0.416415749384,1.05932808972,-2.3822882611,-0.204809357622,-0.262842050349,0.121670172395,-0.267226745472
35,-0.238188418907,0.162907171013,0.0247298311146,-0.144332487898,0.00287888183707,-0.240614717745,-0.0483164122655,-0.20130788653,-0.0105294235364,-0.0715785951372,0.186784227884,0.184660874503,0.12032051802,0.143980623918,0.0501725920977,-0.0278976680612,0.419134485809,0.693662593644,0.629199908141,0.332393748271,-0.057938777822,0.0802168936935,-0.0250431616785,0.152896909632,-0.134433093368,0.173877570253,-0.194912681035,0.31531359213,0.238652711905,-0.468113712392,0.353352233053,0.556037563324,-0.11769958481,0.351046944466,-0.202729699462,0.00565344128022,0.0277191816054,0.282808408573,0.334492396602,-0.390443558211,-0.199872049195,0.026851928326,-0.536883672247,-1.14893940415,0.376065616634,0.0469138036036,-0.360439369783,-0.00512335277863,-0.337305525724,0.411272543287,-1.26778501434,-0.840813202462,0.10964462384,-1.34909763241,-0.543055181947,-0.167740880724,0.399777367119,-0.973339665812,0.135758244296,0.0319665073491,2.73113651205,2.40240860682,-2.82836349407,-0.55119409025,2.18675270276,-0.452075356482,0.125496439147,1.66208429264,0.329089606603,-0.79322050982,0.66727533892,-0.846431709658,1.07729920693,-1.47108751916,1.17815978742,3.67131029247,-0.892149469148,-0.996782606636,1.71105910541,-2.20455838963,-0.141167549183,-0.427394431888,2.92306007797,-3.36848593763,-2.16042029513,0.0522258580544,1.97915054245,1.05414204338,-0.0277008754713,-1.46464309643,-0.98490742122,2.10021105143,0.432914331161,-2.73334824941,-1.75411333172,0.223217102857,-2.07016952602,0.155058045176,-1.78138307008,-0.105004250364,-0.664242131529,1.19725569072,-0.882613882272,0.431022818767,-0.342352957614,-0.385989994675,-1.59527869779,1.22164733925,2.88744032773,-1.90348102589,0.745172118715,-1.2833101622,1.52745501386,0.000570058524478,1.00481700754,-2.4096992038,-0.211763816389,-0.174235546281,0.068911312808,-0.271105007505
36,0.00651493765124,-0.0742035798374,-0.00729209674126,0.0256073215767,-0.0931262738046,-0.00878383082694,-0.159874908215,0.055495681786,-0.0660725127155,0.00304922620541,0.114190522663,0.112974010817,0.20185361445,-0.0345865389986,0.121235815171,0.410375083475,0.321622425974,0.526685356735,0.695202499193,0.165938657953,-0.090760555283,-0.0141794122092,0.234836518197,-0.216434172198,-0.305878667771,0.140448700984,0.016159999948,0.377330508566,0.280771763125,-0.562276045306,0.305273169911,0.687326026885,-0.136135113081,0.0650048249541,-0.356999801017,0.00904342954681,-0.15617055678,0.243499043507,0.129508005642,-0.38531797498,-0.267556088995,0.126842087902,-0.619970808947,-1.0567330712,0.358294157666,0.0296794418548,-0.497776987592,0.110221070823,-0.0322079520663,0.224719581164,-1.17242334816,-0.961324681311,0.233347865111,-1.32601698009,-0.447977243507,-0.407222653734,0.377437962431,-0.986166995497,0.139980881391,0.00468233564046,1.87821682555,-5.46326239417,1.77359473077,2.00948951654,-1.984312059,3.04577068809,-0.479815155896,1.89019065604,-0.496196167422,1.76599296913,-1.8612019763,-0.366156948965,-0.0151661032305,-1.61619797077,0.799364620112,4.12173393912,-0.565084277798,-2.07086319843,-0.794844901952,-0.7757216015,-0.403201103435,-1.53107976326,1.77025452029,-3.51032204201,-1.2741615652,-0.486112114291,1.98958893331,0.0482257742304,0.900886025056,-0.342995922773,0.141038473686,0.425201992334,-0.745624714244,-2.77009846099,-1.16532127515,-0.153224662348,-1.53180417853,-0.923245356088,-2.23020298917,0.232831468405,-0.682038942196,0.770850927503,-0.729456220482,1.38108693316,-0.021946820077,0.0561868913216,-1.11481565157,1.03147029066,3.14962724897,-1.78939995343,1.15658900164,-1.10578399334,0.93271255304,0.466664011683,0.887117548559,-2.36868620103,-0.238301705444,-0.0817634526003,0.0154959698874,-0.274485251855
37,0.284087204206,-0.0974640199499,-0.0824819688062,0.00337271215119,0.0136511830431,0.0264890576213,0.0626070903737,0.0236080275307,0.0293250425017,0.11522616033,-0.0457188813484,0.083634902221,0.0713989743091,-0.128227490513,0.288711363194,0.644306008325,0.365405525896,0.328452373119,0.451028256745,0.193407633963,-0.136841401472,-0.212472167061,0.265047613211,-0.463376132572,-0.395028367686,0.118223454847,0.161477296001,0.314161117854,0.407138060341,-0.539527606474,0.385023580625,0.640989490938,-0.24431334273,-0.160845421815,-0.409240512517,-0.0220596145268,-0.267942739764,0.108185381758,-0.0914401003055,-0.339660678349,-0.333383993476,0.176481157123,-0.67303862032,-0.881377292666,0.368669534939,0.0599822756208,-0.577749516778,0.191233528914,0.279776785096,0.0606641027117,-1.03799149809,-1.05800367596,0.294145097218,-1.25519990299,-0.367337415675,-0.639288797121,0.351470337522,-0.989601107879,0.138861316749,-0.0229098904643,0.937907474899,2.14047376387,-2.52645636095,-2.23272600019,3.40019429747,-1.5623898715,3.79177387577,-1.63126977999,2.16073800275,-0.0263114833627,-0.655221453064,-0.58198482146,-2.39491958657,-0.397005903269,2.53694966432,0.287624701717,1.40619834379,-1.70572221852,-3.82382187533,1.11246588935,-0.616277843534,-2.21391441296,-1.22638494381,-1.1648554173,-0.540784183412,0.186377744903,0.793554053567,-1.26726348114,1.4824236,0.697573478808,1.37001516529,-1.25610448311,-1.26488841218,-1.56621747095,0.204888520091,-0.439977545835,-0.674495197752,-1.70435445136,-2.08217845288,0.694286555381,-0.612657037987,0.209598396228,-0.286868351079,2.07374952159,0.209393153806,0.552558253386,-0.46598109867,0.544989539602,3.02832569425,-1.45815644884,1.52223693464,-0.809573225475,0.276910579775,0.949613282281,0.718332487187,-2.26206863579,-0.284209244568,0.013449967817,-0.0378026681858,-0.277245914902
38,-0.0212344153991,-0.204742351249,-0.186420450282,-0.143220040104,0.100902907891,0.0750982413787,0.209753219592,0.0369283684911,0.182358592119,0.0409422520054,0.00431463117166,-0.0468005150868,-0.189266968581,-0.201470402732,0.541225146634,0.529892837708,0.529101959581,0.206563292532,0.0401610245806,0.308197721867,-0.239522815211,-0.39343858795,0.0326252005127,-0.442510904586,-0.417326996635,0.187278406701,0.17304250847,0.150827711182,0.537636514119,-0.454267129368,0.546817132413,0.469511176393,-0.356779931842,-0.224258891464,-0.311943193541,-0.0703457329823,-0.290228355307,-0.0776704172513,-0.266565490212,-0.245842123858,-0.384347651948,0.168611097208,-0.669822795484,-0.653472378106,0.395549869154,0.139275882113,-0.589430861025,0.212123297811,0.562124951863,-0.0610426497525,-0.870373900522,-1.12000622027,0.288289280471,-1.13670030535,-0.305520726018,-0.857622669585,0.319989385659,-0.98341966777,0.132450348122,-0.0507421983296,-2.83248408046,-0.0614777939908,-0.188683105047,0.419025507154,-2.68040532104,2.96964704946,-1.45214938509,2.53645286129,0.152443602823,-0.795456077259,1.14926364538,-1.93067137437,-2.38319442341,-1.5433608235,1.8746967022,-1.86740604619,1.30062422898,-0.716784403436,-3.70010161767,0.734360194684,-1.50864525594,-1.07077115006,-2.98641764753,1.39733397265,0.0953191611286,1.14011310223,-0.460952591348,-1.79852237187,0.909833536583,0.824594731827,1.65343608582,-1.96184159052,-0.837156792921,0.342168798562,1.6934528342,-0.470582965697,0.209207000243,-1.90180642371,-1.33052961341,1.17245594727,-0.372124595881,-0.35604038454,0.379228597111,2.42435033325,0.303420943353,1.02119534639,0.228647359795,-0.153097950931,2.5685521407,-0.951633455663,1.8159871507,-0.416621554088,-0.392023899879,1.41437436742,0.513298456107,-2.09510411058,-0.348289739098,0.11038740964,-0.09020119937,-0.279267156204
39,0.0503123598234,0.0933126107506,-0.0503347570776,-0.0712957160834,-0.135589918371,0.214669904882,0.0715844428468,0.314797405169,0.105342108138,0.0408052967807,0.0488452277513,-0.233919133335,-0.372022291272,-0.460022779891,0.585551068627,0.401869501241,0.533238932199,0.172044590308,-0.172931642516,0.285256935869,-0.419270204006,-0.383022445045,-0.231331221407,-0.248204985798,-0.374987175495,0.318533261287,0.104133695491,-0.00327195502434,0.553532237871,-0.405552961743,0.673547704592,0.290591643747,-0.391280840164,-0.10068970206,-0.0926774678228,-0.103975824872,-0.23404955585,-0.24999104956,-0.343988866711,-0.109898124099,-0.400285644669,0.109637638653,-0.593999815984,-0.408239145623,0.424469735745,0.260297495204,-0.535057815018,0.157625506089,0.785175347458,-0.125995307284,-0.67801656225,-1.13908840632,0.216989809657,-0.974108568825,-0.26533813977,-1.05654167732,0.281276199951,-0.967496405976,0.120877206461,-0.0787347986838,0.711372897405,0.828733601274,4.14767790503,0.0163589107067,0.334393581632,-2.20252642551,0.507341268836,1.23808175774,-0.765364473457,0.713937630895,-0.700438069689,-1.43717756241,-1.38838464612,-3.26815568156,-0.921422518844,-0.363987422932,-1.39327324787,-0.0964462389391,-0.245509687035,-1.19469762074,-1.79524332061,1.31312975279,-1.83705052042,2.11385156706,0.746841181411,1.28968252851,-0.710220287084,-1.10332299158,-0.693621772588,0.0558652595247,0.706056544634,-1.4382423804,0.190127195409,2.00509631649,2.5286076466,-0.141114906405,0.857844978033,-1.44206346484,-0.177521745319,1.50902417329,0.091726771115,-0.791960591615,1.1400526296,2.42532101339,0.252162646468,1.37244502626,0.832537958666,-0.940334714526,1.86039254964,-0.33557629643,2.01320091694,0.0433354781248,-1.02350881037,1.82570734077,0.288463564788,-1.87515243718,-0.428430354189,0.208145318061,-0.140915984589,-0.280432808666
40,-0.0812925610773,0.00895464410529,0.164752668369,0.0760357075675,0.0750237937595,-0.141638048357,0.23220784192,0.186206187626,0.138082262873,0.100619706029,-0.11696356574,-0.313550409154,-0.506538384396,-0.724289044194,0.454716185954,0.430735962675,0.291372447689,0.162647265099,-0.020395313297,0.124845962415,-0.515468377482,-0.165483318695,-0.282010282669,-0.0806561324822,-0.274263146879,0.405485677872,0.0658196344133,-0.0504716374124,0.40072772317,-0.443453920898,0.667993132614,0.204349706617,-0.323683155984,0.139113223058,0.155515725995,-0.0884991232148,-0.132094604181,-0.349551850474,-0.300519608231,0.0461839353085,-0.359043307166,0.017898434149,-0.444000474636,-0.178066088441,0.442058166016,0.407173363263,-0.430140178483,0.0256812861899,0.929895453441,-0.127181342149,-0.471632620053,-1.11028056999,0.0864881658655,-0.774436876652,-0.247925267684,-1.23118721881,0.233864739674,-0.941789734969,0.104349101805,-0.106796550228,-0.954769612043,1.96423025318,-2.36968736834,3.70434338504,1.76131172989,-1.67765922878,0.533283411086,-2.7340267952,1.11905369012,0.0421617332709,-2.08595610513,-0.375147554775,-1.3998784777,-1.3615332813,-1.02788484894,0.471268807734,-2.93734886604,-0.171044199173,2.89127752046,-1.55183746307,0.298464172337,2.69959379757,0.846676175462,1.06340504366,1.20518339416,0.284335508358,0.0477982899989,0.153183997419,-2.23837764182,-0.719398192159,-0.828893545039,-0.252336262402,1.0738378832,2.55902111499,2.23610980436,0.483407216688,1.10786795873,-0.492555506635,1.02070385451,1.55486850296,0.761239013291,-0.99972098109,1.83549064436,2.13808344851,0.0839635142585,1.52689797316,1.22115206303,-1.67915162262,1.02331360438,0.309670991624,2.0936861637,0.534950586149,-1.56813452285,2.15086047407,0.0606840938823,-1.61125882962,-0.52170695085,0.305932811922,-0.189172612432,-0.28063232058
41,-0.134252567286,0.151803060353,0.0869515865827,0.246559374362,0.135933427448,0.121277137677,-0.00901239682366,0.00864579568134,0.1701962736,0.0173917052427,-0.262341948432,-0.376284274877,-0.625992307175,-0.682870384042,0.458188772301,0.406896316265,0.0567756148848,0.139350308604,0.288190397417,0.0577195382788,-0.312609276426,0.0815942084061,-0.102794797549,-0.0375651439204,-0.150624222703,0.357990014919,0.114207873338,0.00594710665634,0.148610936873,-0.515446674648,0.522615269361,0.231350687808,-0.202780232743,0.363658594163,0.319542118455,-0.00602739996609,-0.0270080561524,-0.343645344179,-0.151533434097,0.188849933777,-0.244677326984,-0.0814964610731,-0.234214354969,0.0133280849273,0.439082157687,0.557374364205,-0.300989434185,-0.172292403146,0.989866060414,-0.0658839164618,-0.263605806525,-1.03232169963,-0.0922533871871,-0.547740012368,-0.252761779551,-1.37767002934,0.176616356576,-0.906331837192,0.0831498510429,-0.134825617007,-0.977207500414,-1.91238598109,3.6498439818,-1.99517604724,0.621522198653,4.89074537327,-3.82017730967,-0.551701060372,-1.14074661074,-1.58776127983,-0.58606162497,-1.09738743251,-0.691148049849,1.92035617173,1.01163770342,-1.13861867323,-1.33458209311,-0.200622632197,2.67364123596,0.419337020897,3.69032867018,1.92455376195,2.36654278976,-0.0676541589574,1.17924585451,-1.2270742897,0.821727994484,0.789640844443,-2.53570348062,-0.504638930183,-1.9344220028,0.682161525024,1.18970891927,1.71641408388,0.91299790252,1.14219121127,0.926385437504,0.600924394385,1.87187936438,1.23823142298,1.52880043353,-0.945706857823,2.31302412137,1.6698313649,-0.149457400215,1.43370439003,1.30676845861,-2.24167688065,0.186729353356,0.900517008735,2.04470124592,1.01985677368,-1.98152592625,2.36214209735,-0.153971525643,-1.31368340641,-0.624520932527,0.403063455443,-0.234214789635,-0.279762664778
42,-0.0796519229391,0.176043333761,0.257865057052,0.103841189561,0.257986204355,0.295640326376,-0.0763809892415,-0.0410318913533,-0.0894026048361,-0.174596396082,-0.275077369554,-0.508539263654,-0.597401725766,-0.460501703596,0.554481550926,0.240523827061,0.0501409825971,0.148383561318,0.432076379043,0.184235848584,0.139314025234,0.189075803493,0.109712793174,-0.0533807624702,-0.0513052313779,0.180030037151,0.196709771281,0.0660154098122,-0.0554766239248,-0.503534254488,0.316168806277,0.311568267224,-0.114349016692,0.451025413833,0.324961372728,0.128947714201,0.041971345139,-0.237878723958,0.0523849025082,0.283342886606,-0.0561913537074,-0.163783394955,0.00762755489668,0.153948900558,0.411926205101,0.685336424648,-0.180030319316,-0.413533556326,0.971268066324,0.0485841585557,-0.0671121806843,-0.907820262057,-0.304238611586,-0.306492975542,-0.277806416578,-1.49316698175,0.108779332454,-0.861218891878,0.0576376465685,-0.162710314068,1.42250841562,2.81539980961,-2.72256292181,1.68151362177,0.949887552146,-2.19754235925,3.19084355865,-0.95524780132,-3.47893143852,-2.07598904612,-0.170789405426,-1.12522110186,1.29056269067,1.88050895221,0.224229849769,-1.7223878808,1.0463087484,0.488803169029,0.0729608020119,1.67687102668,4.65481442027,0.260669113146,1.52795604991,-0.0380304720239,0.782753792173,-2.157903946,0.628806825433,0.227715859113,-1.35111399077,0.896234667834,-2.01872191851,0.764990868457,0.469471604405,-0.04900591678,-0.796928176983,1.47406684787,0.412101122862,1.44235426576,2.08615392661,0.611347330975,2.20788787925,-0.669915364763,2.46353065653,1.14247927692,-0.39047405053,1.08483176576,1.05722916296,-2.53220678547,-0.52997517072,1.36185318278,1.86350102687,1.45951990137,-2.22794113671,2.43918028416,-0.341324667417,-0.993405608314,-0.732760898652,0.498940911696,-0.275312630988,-0.277730191448
43,-0.167448798572,0.0400207122271,0.101441013051,0.325625075434,0.217866275952,0.029055196459,0.265456672214,-0.125867659797,-0.385636314579,-0.383715441338,-0.375481088598,-0.519326996738,-0.414407753754,-0.365558660406,0.422185582357,0.150083434369,0.206278913019,0.23922214253,0.33170957087,0.281119288466,0.470938891842,0.168248933662,0.161518051437,-0.0182661730228,0.0108637027879,-0.0330849903051,0.206198071365,0.0311393823094,-0.105120982533,-0.324874862629,0.145757785404,0.357783641731,-0.11901695877,0.355979005143,0.17625707574,0.268386781353,0.0510045485038,-0.0738358078341,0.241518795874,0.306611945796,0.186577867873,-0.211343053805,0.246108666081,0.243440183443,0.362323114666,0.767137990038,-0.0997130189066,-0.668025566376,0.890977692996,0.200265212058,0.10496950582,-0.743123855803,-0.531458793715,-0.0647658710059,-0.319734159124,-1.57596825614,0.0300313396685,-0.806602989776,0.0282420258937,-0.190330134658,-1.02219259965,-3.46851699459,1.40586815051,0.00158428943733,-1.47394036597,-0.750658422284,0.946489398597,-0.132692623263,-1.85559397108,-2.0961466389,-1.88598560653,1.05317891541,1.97426519352,0.185266215344,-2.77906506291,0.123577032542,1.75900907361,1.22067559129,-1.74282270569,-0.238252987202,1.39158932072,-0.442030267931,-0.521363659126,0.766143032654,0.527368173472,-1.9102545127,-0.539993659797,-0.920080522357,0.311901745649,2.62149705509,-1.31621142894,0.0692008961646,-0.546094664317,-1.75238714376,-2.03255863117,1.20318862544,-0.232743190358,1.73105999304,1.58351506815,-0.148130373803,2.57846298041,-0.270861531497,2.24504230564,0.662304443068,-0.592174487173,0.52140852229,0.504654906786,-2.50334599194,-1.03480456908,1.63741980104,1.55894463028,1.818179106,-2.28332112267,2.37068999493,-0.490015485351,-0.661631721157,-0.841981171489,0.593039762246,-0.311770353669,-0.274452402567
44,0.0607932471901,0.171681658781,0.180632229698,0.073806218446,0.0821410645056,0.184248203794,-0.00160730820775,-0.0905887262713,-0.407198297455,-0.573371043416,-0.579829725406,-0.355118917864,-0.266843236028,-0.330849061105,0.110385611049,0.23936688456,0.359393739142,0.353867161214,0.153840991739,0.0993226652998,0.377892628616,0.136220011951,0.0317667410517,0.0827736720937,0.0703485254932,-0.174776681062,0.088710345501,-0.0948582470285,-0.0258820124423,-0.0115239324271,0.0531015007437,0.318790093287,-0.207139620834,0.134588524139,-0.044577794255,0.348687228298,-0.000571602608701,0.0864657031863,0.350444771637,0.257712687771,0.442963659176,-0.217964446911,0.445330451309,0.290317507581,0.295667997402,0.785312179337,-0.086152364459,-0.903763406953,0.773168323485,0.368845468046,0.241245180715,-0.547898339683,-0.754181051257,0.162746987534,-0.374254856458,-1.62547651238,-0.059496451846,-0.742686147149,-0.00453989958911,-0.217556950082,1.98097329077,2.15074581122,-0.795125247098,-3.11490492825,-0.774476297976,1.76613217617,-4.3768325394,-0.0327506874074,1.23920666999,-1.41417424011,-1.59745689144,1.62690533788,0.855460666742,1.00254708259,-2.66592435135,1.2736473092,1.20724583158,0.847931759944,-1.55830790981,-3.18368703653,-2.99691365067,-0.134536120233,-1.82129916431,1.08550870724,0.732045423883,-0.86728701097,-1.70712043859,-1.39455530637,1.02159613112,3.40103502481,-0.60261451739,-0.82565787631,-1.07984991834,-2.45558642246,-2.17990802175,0.316780882767,-0.758415280214,1.37210808677,0.528166736711,-0.788193507656,2.45656450639,0.128523158578,1.68953137589,0.297738835559,-0.729419739955,-0.170132796479,-0.25797468838,-2.16305409889,-1.27529650238,1.69730066016,1.15179376427,2.06568365458,-2.1375380854,2.15560057195,-0.592193733787,-0.329331468345,-0.947588965129,0.684882957179,-0.342933406667,-0.269859627353
45,-0.133173881481,-0.0792208333967,-0.0305410014881,-0.0137507689466,0.0495493000709,0.0243953082317,-0.209716500009,-0.238334937842,-0.27181971344,-0.588011301182,-0.601915404825,-0.297471346181,-0.223318642241,-0.13532717999,0.00192574218774,0.326584981104,0.439299956259,0.375699306345,0.036704590735,-0.243881664758,-0.00334261647905,0.128820413432,-0.144170610446,0.161739100762,0.162041351354,-0.212803892958,-0.0999025020189,-0.200593273256,0.0452899701409,0.30085073367,0.00388572535179,0.205776054001,-0.302406597416,-0.0892221364495,-0.22185761504,0.32126865847,-0.0892893090719,0.18368013144,0.340466947031,0.160977148663,0.65876831906,-0.189222310921,0.57592701505,0.307594348552,0.218630639368,0.732751727307,-0.153716170854,-1.09221831613,0.645031977587,0.532503779946,0.332948309881,-0.334436931776,-0.952412856196,0.361774282962,-0.436487001842,-1.64216211835,-0.159214077062,-0.669716678152,-0.0401479025462,-0.244256371357,-1.50625328677,-2.23648122264,-3.54747004267,1.03220188187,-0.470141226581,-4.69425233494,0.462150891934,-2.45716357815,0.578291235744,1.40596490845,1.28998388068,-0.623316454756,0.240780683224,2.60283558692,0.608579614781,0.244717758141,0.345994500836,-0.478137165408,-0.853605841679,-2.93089246507,-3.79809946463,-0.162507622047,-1.41735065657,0.341551402888,1.06585518006,0.000750037117398,-1.84993107031,-0.502902325641,0.166505380569,2.58940574348,-0.505158735746,-1.34295694024,-0.659297812009,-1.80954418262,-1.21280786719,-0.876467354433,-0.946283092275,0.512612235515,-0.725457411064,-1.07193716236,1.7663248875,0.422148325185,0.892749077319,0.0698927970558,-0.801563989383,-0.872142063728,-1.09214056245,-1.57155159079,-1.24380714244,1.54150172775,0.673509836158,2.18002206878,-1.79564358153,1.80344174434,-0.643924843719,-0.00682583804077,-1.04503208452,0.774017463442,-0.368195084919,-0.263896579576
46,0.145886446138,-0.00576344709543,-0.14072602517,-0.0669863022453,-0.133383955939,-0.361635635332,-0.202873455608,-0.386149634112,-0.362488581039,-0.329135811709,-0.369062967119,-0.405778193331,-0.186793888475,0.067578376878,0.158756847656,0.294700368756,0.412559935723,0.265571755783,-0.0394142850936,-0.361596005734,-0.238918173139,0.0767344019716,-0.210668361505,0.138707099361,0.264749525501,-0.202638101733,-0.242964701248,-0.169426131108,-0.0191292651526,0.469906943013,-0.068389390597,0.0682167709599,-0.31203595075,-0.196408613693,-0.268954103267,0.18033827085,-0.174881840463,0.183505894681,0.212846724572,0.05960108697,0.779770035309,-0.138986903509,0.620383434225,0.308147812065,0.136930216644,0.61478400062,-0.301641000592,-1.21301308535,0.532339176591,0.670901620544,0.374887670346,-0.11674040611,-1.10743564045,0.519514195707,-0.501356757561,-1.62748045991,-0.268085954454,-0.587988025908,-0.0779637358184,-0.270289259936,3.344391696,-1.2287966853,3.15263168137,-2.92850272146,-3.37864288449,-1.31426226534,-1.79508001618,0.00609753939385,-1.84898782741,3.06880994857,2.88106360231,-0.798486715803,0.499713736608,0.795666783703,1.87374820593,-0.658691444538,-0.969374886066,-1.6131946031,-0.736964985784,0.885855618834,-0.508559795212,-0.933558357344,0.192597498738,-0.756262815223,0.853714730573,0.0632364870683,-0.881117717974,1.13754646062,-1.45613515228,0.712306778577,-1.00057970971,-1.33655544372,0.550920050513,-0.254846363791,0.289873751805,-1.86276428876,-0.691602069353,-0.508889087766,-1.75719320306,-0.873446383917,0.587759794013,0.554445926242,-0.00853938681796,-0.0433559992242,-0.826690759504,-1.45767704384,-1.83839889584,-0.828916259344,-0.975485673555,1.19918052328,0.163579437294,2.14933722932,-1.27798700857,1.33394041237,-0.645286713725,0.2965567226,-1.12997953828,0.859989706843,-0.387002689511,-0.256523778937
47,0.193805720735,-0.226739085101,-0.0778846504117,-0.302363256885,-0.479081630729,-0.343349063862,-0.495588427625,-0.355168985966,-0.432849382319,-0.133220440036,-0.12295275321,-0.327862095124,-0.146495585949,-0.0386761725289,0.270211406623,0.237036576111,0.242000228794,0.079071472789,-0.100250240509,-0.096757660385,-0.115244996636,-0.0430061088071,-0.107239730948,0.0389732782052,0.306308888168,-0.21822083426,-0.269253540516,0.00301028575159,-0.218602352896,0.450964609539,-0.196427505496,-0.0542634682509,-0.189013998541,-0.14207999844,-0.174887413424,-0.0283480618151,-0.214807480736,0.0902316427357,0.00785558203,0.000936768046285,0.767841435159,-0.0834775566004,0.57572669908,0.301070557779,0.0540190093727,0.448838072311,-0.513391960205,-1.25699054817,0.455540193733,0.767885326665,0.366063932291,0.0905703774313,-1.20329142275,0.625601342898,-0.563991064864,-1.58375878456,-0.384661484021,-0.497839994769,-0.117316824593,-0.295513373084,-0.682371172464,1.01720148345,-5.44494705929,-0.743166478956,-1.9986000197,-0.367046220029,-2.39106789133,-0.415590666659,1.18725235335,0.426807195352,1.69847163779,2.57255473054,0.162199226266,-2.7360760417,0.162183172812,-0.421789623716,-2.34297873207,-1.99263694522,-0.318748485875,3.83917654685,2.50419902609,-1.27390086363,1.76072252789,-1.02938499356,-0.119559870771,-0.394493235036,0.291182975918,2.07884274746,-2.28047843085,-0.945371291418,-1.50203708524,-1.11560336832,1.85511676601,1.24512240897,1.46986016454,-2.17137145468,-0.0585757002919,-1.28322863575,-2.23118316538,-0.241635686485,-0.841498623721,0.534267107741,-0.865123026055,-0.0924314530317,-0.829780802389,-1.81588251749,-2.3457756703,-0.055888816272,-0.539691333405,0.7237533717,-0.334374006764,1.97323454347,-0.61915688191,0.775839536496,-0.60015651501,0.572744459627,-1.19848826229,0.942322357123,-0.398863299491,-0.247718820013
48,0.100299493517,-0.219389563897,-0.53616129017,-0.487658007382,-0.433388708895,-0.579773107237,-0.529587090927,-0.484715176521,-0.204743261991,-0.186157131976,-0.0442789708467,0.0226180061585,-0.159785401077,-0.356532353149,0.230764117908,0.18852353139,-0.0133848479748,-0.109468613185,-0.0699305289795,0.254514612526,0.123684550942,-0.135318901069,0.102344807291,-0.0249409427055,0.236622965022,-0.269945018092,-0.211757620456,0.189381944961,-0.414317978771,0.323248926395,-0.348721074511,-0.161835835267,0.0362564978062,0.0197334864544,-0.00807316782434,-0.225034642532,-0.181465924868,-0.0536718670627,-0.210124799694,0.0183214953458,0.614535761954,-0.0351612907921,0.453363793423,0.289847692109,-0.0289176698939,0.261626867927,-0.758970629789,-1.22717425603,0.426981951554,0.813525454745,0.309855031493,0.273430549004,-1.22810603672,0.672919426341,-0.620074802621,-1.51406085056,-0.507121378919,-0.39966217643,-0.157490518974,-0.319785127891,-0.609737759124,-3.60026507725,0.579207273661,-3.51540772482,1.17470162941,-2.8800926077,0.879333014404,-1.15191618588,2.06018812352,-0.709348830507,0.0760679781298,3.49172669357,-0.306757660779,-2.78843798544,-0.518083013099,-0.759826246379,-2.48700030324,-1.65129146474,1.00094566173,2.46261757664,1.57813231753,-0.410540801603,2.18330624391,-0.081474497309,-1.20566256794,-0.51836819466,0.687546789208,1.36530070045,-1.33319099897,-1.36963399347,-1.42097407302,-1.09113995763,2.49322472627,1.7797444568,1.67781708099,-1.62744981243,0.725392738489,-1.48063969571,-2.01583716583,0.597777395112,-2.17837306985,0.424024693171,-1.54278147037,-0.135483192007,-0.829004934307,-1.87537607469,-2.50037550635,0.628408397753,-0.026628062093,0.184713051835,-0.777236415699,1.66322305143,0.134214058994,0.165010081832,-0.515710629303,0.815101716051,-1.24715020827,1.02049389264,-0.403349217801,-0.237477473467
49,0.391293419371,-0.341856986627,-0.390379231446,-0.593661374825,-0.624788645498,-0.613479108824,-0.525454267553,-0.41911906483,-0.208253546569,-0.168549995953,-0.0405799313575,0.184455701926,-0.172050832112,-0.466248654551,0.228888874943,0.0608217731324,-0.207758218661,-0.221504107629,0.0773638343597,0.31629418407,0.117051518927,-0.1214043457,0.280492965683,0.0366706011221,0.0951718538629,-0.293354919019,-0.160915608446,0.235764424931,-0.442229151831,0.2180430131,-0.458432109084,-0.283128580405,0.275853558095,0.170051827008,0.125236422144,-0.332887862186,-0.0751068544279,-0.182243387277,-0.376007909703,0.116251638725,0.347141107123,0.00117131354442,0.276457625663,0.272619129209,-0.111694956155,0.084314423488,-0.999811293845,-1.13752074217,0.449600231989,0.805225823019,0.213723334269,0.419503360581,-1.17514112735,0.658194789762,-0.666145391609,-1.42203785706,-0.633337530227,-0.293899227022,-0.197728877101,-0.342961466407,4.66184937136,1.75498696039,-0.587834291668,2.3233000204,-4.23763618641,1.79594413927,-0.733381006609,2.16947706721,-1.93812356947,0.989263856923,0.27762459409,-0.755015178043,0.185368439347,0.854286315324,0.477149380834,-1.72466650627,-1.25551901379,-0.436571673068,1.64285468529,-1.19648208365,-1.73712393779,0.545053920979,1.17891402487,1.2685525152,-1.41608835312,0.177956000072,0.245377116731,-0.516438180806,0.862483401538,-0.598287834043,-0.695331464093,-1.3702221339,2.14069371521,1.02717747946,0.844646954741,-0.466018228743,1.34963013654,-0.977549917865,-1.22830394915,1.31024901885,-3.06937648157,0.308509959897,-1.94345262457,-0.218252882288,-0.824853525021,-1.62036235303,-2.24768192505,1.12766506894,0.468354829499,-0.342552216325,-1.12721533813,1.24218335375,0.92664965161,-0.458017373354,-0.401682807495,1.01852455263,-1.27321527048,1.09392221029,-0.400103143936,-0.225814605296
50,0.381249261962,-0.486989327008,-0.46771101549,-0.470995617474,-0.708718229069,-0.556115129593,-0.497838715969,-0.282604327597,-0.371737545315,-0.0928616122639,0.00111714786354,-0.0767113111611,-0.130497852192,-0.228352534337,0.255401231089,-0.104716899109,-0.256836720093,-0.178831376507,0.182961556787,0.0979432950536,-0.153574994406,-0.076979998037,0.317859090139,0.198443475284,-0.00487035954343,-0.221543236933,-0.160884893903,0.0999589094069,-0.255445454861,0.211114475141,-0.482983383413,-0.435891681806,0.440960561709,0.196398356184,0.144091286523,-0.315744113389,0.0741873693985,-0.230208050113,-0.447197213936,0.265163043319,0.0242074740423,0.0286910871555,0.0756115125955,0.24420324399,-0.193084006091,-0.0533947549981,-1.19540200641,-1.00977084367,0.51718668399,0.747778174142,0.0884600628404,0.519248759239,-1.04348434732,0.582321199251,-0.699803707093,-1.31177375321,-0.760943816287,-0.1810575363,-0.237243953483,-0.364901803069,-3.40068413884,-2.5261002275,-0.565853521781,-1.59251757847,3.83077888615,-1.21344358192,1.66111790174,-0.356733849287,-0.223402191405,0.00231034990564,0.136889575498,-3.55709564211,0.466696566856,3.32393362015,-0.490637867601,-1.24585854791,0.23832760369,1.26165764823,0.140768522291,-2.52060523306,-3.06809083245,0.0596666246068,-0.409241589986,1.73718285246,-0.416939307218,1.2378259194,-0.143936905533,-1.99372290712,2.65802676067,0.397473807422,0.170646466627,-1.64404378917,1.09912032998,-0.571437569282,-0.480838155056,0.768939388327,1.55178052423,0.0869839682196,-0.185734967872,1.57120032423,-3.26036499433,0.255832302516,-2.01772425307,-0.359739976821,-0.795952343567,-1.0956062129,-1.60417131092,1.38463143821,0.860118670991,-0.78740120599,-1.35617620694,0.742830237788,1.69782357214,-1.05092743484,-0.269444053296,1.17945902903,-1.27468682116,1.1619533278,-0.388843110156,-0.212764900926
51,0.291063408711,-0.255139917323,-0.574690448223,-0.623356321837,-0.340066364888,-0.544328617809,-0.365564293387,-0.418722503788,-0.245993327156,-0.176216684257,-0.109810713198,-0.328856309761,-0.110819527386,0.0703740747177,0.0590117463396,-0.147562410359,-0.170016257654,-0.00667256182843,0.0849960787596,-0.0693645401281,-0.377112278298,-0.145373455409,0.228214699243,0.335776683653,0.0266437054692,-0.0673673518871,-0.158189934109,-0.105734110769,0.0271644929219,0.270229059268,-0.440421824827,-0.596205660541,0.495853724143,0.058322754825,0.0411079930827,-0.196270496251,0.218000581635,-0.158109537247,-0.417834092085,0.408967337506,-0.279110997407,0.0551790071722,-0.116257575221,0.199112708273,-0.268771306921,-0.129032287588,-1.31042477419,-0.86904716669,0.616070241766,0.652394397821,-0.0529547671804,0.566789941572,-0.838312184109,0.450385425962,-0.719827230535,-1.18763214566,-0.887415010201,-0.0617127377964,-0.275223569898,-0.385470034248,0.223378051458,2.98199685615,0.547330014608,0.67147993359,0.425976319961,2.99946056306,-0.0411740201365,-1.14100952662,1.76250867647,-1.30089641805,-2.54559090905,-0.875851954546,-0.0966708617312,2.16371815853,-3.39524475687,0.351809599738,1.44978512518,1.85913274692,-1.91794170038,-0.466666725722,-0.989217677929,-1.43446309413,-1.1363827225,0.806198917804,1.00845860524,1.66834910624,0.37154306765,-1.80934762811,2.63985671256,0.60543834025,0.569526235347,-1.45567888804,0.0592191602547,-2.0962515152,-1.45213382439,1.49826545452,1.24459352633,1.35019537869,0.719156895556,1.19423806827,-2.68428955177,0.286367922865,-1.76874221354,-0.547047345182,-0.703424867461,-0.398756056318,-0.655891562056,1.3895912213,1.0863014739,-1.09350121684,-1.44890483961,0.205227183447,2.38706117671,-1.57269203977,-0.130981156156,1.29585309402,-1.25038792126,1.22385597196,-0.369367197331,-0.198383381923
52,0.180715784286,-0.335138009765,-0.228973873582,-0.321644573591,-0.507302496103,-0.194574007148,-0.42498475532,-0.370941314478,-0.210198598792,-0.296673763342,-0.423112803412,-0.27319123468,-0.118606466551,0.175490702168,-0.321231636686,-0.0872546000823,0.0158962959319,0.125166262575,-0.117494296868,0.00483218574798,-0.335557932924,-0.326204504871,0.144866220187,0.339451054655,0.167251963696,0.0727871579587,-0.062353031148,-0.21259239971,0.210498451932,0.299006280306,-0.390961126444,-0.704683965485,0.473297390217,-0.191684259,-0.112154777163,-0.04382669316,0.310707001126,0.0310165376101,-0.318694835782,0.483811190647,-0.491978692815,0.0875455757645,-0.269068477095,0.134583249049,-0.330163001177,-0.131784164808,-1.32109771257,-0.739054520891,0.727836331551,0.534892968382,-0.196744883375,0.560489957534,-0.570690991747,0.271385247009,-0.726179485234,-1.05411075541,-1.01015080783,0.0634825568445,-0.310839546627,-0.404536588638,-0.23017471938,0.557578338482,3.26628465599,3.88799861197,-0.320750569573,1.16928953697,0.280425625003,1.79075279646,-1.30852933805,-1.15620918656,-2.80573391608,1.30680123771,0.186643798318,0.130322602085,-3.38108418091,0.486080038505,2.09392988785,0.529421393091,-1.60217888209,1.62722069506,1.56753103026,-1.84404133573,-0.298669446728,-0.707540980519,1.57199807254,0.959721850655,1.57420161148,-0.194814470754,0.812772759721,-0.147010965021,0.333608566168,-0.61462575356,-0.383597093387,-2.7063426502,-1.41859127429,1.410908206,0.571675729594,2.35143643545,1.17112406271,0.219496975606,-1.49435913675,0.362868963775,-1.24905930061,-0.740181881052,-0.503093792117,0.338701455263,0.455834546027,1.17975464538,1.1152725289,-1.2259924134,-1.40483238271,-0.326493456846,2.93801459068,-1.98661101244,0.00214184838513,1.36705626562,-1.19999749761,1.27882256893,-0.341558022204,-0.182745704054
53,0.178365380089,0.000646773721065,-0.101466739035,-0.102949649362,-0.131089465041,-0.38902226631,-0.229956499581,-0.216794648042,-0.404424651152,-0.44781638162,-0.517402910951,-0.20136043418,-0.0492477364693,0.164642604764,-0.471176688145,-0.0958651189811,0.188894338139,0.0923409010687,-0.152800744319,0.164151628784,-0.152133735757,-0.443396933253,0.189874361569,0.223779630444,0.290547235793,0.104869254015,0.138033835672,-0.148594132728,0.176005762476,0.234461851384,-0.38135461104,-0.706589510962,0.443338955886,-0.442404649658,-0.205912619397,0.0623372428016,0.330756654457,0.290244918686,-0.202843970235,0.441980400081,-0.568625754283,0.126670844602,-0.360129432133,0.0526895940866,-0.36467845977,-0.0645879737664,-1.21954466164,-0.637784606038,0.832568050711,0.413328589744,-0.329814112173,0.503170555828,-0.256916915992,0.0576546572564,-0.719918319384,-0.915707855818,-1.12656198387,0.193791453383,-0.343256369651,-0.421980496079,-2.97446874249,0.873668961888,1.4815440811,0.661654281326,5.42128672225,-2.15581790887,2.42500427522,0.670017831155,-1.75434116912,-1.87045424472,1.08590747454,-0.132926241531,1.09887797245,-0.0425511340829,0.736638548599,-0.628194823006,0.980056317176,-0.989295986482,1.06069944492,1.13046838892,1.61792840285,-0.233905466797,1.14743813792,-1.36635447472,0.670545049855,-0.317330817957,2.22424659966,1.30651993953,-1.41832880876,-1.08238844516,-0.124547551153,0.591266544525,-0.119151780665,-2.12485884639,-0.306441664944,0.629311561213,-0.147699734829,2.70240617241,1.05446662568,-1.0763545132,-0.0265775750495,0.406730052769,-0.552107962104,-0.885024102735,-0.162367339566,0.977992088183,1.558936126,0.829992257545,0.948543942474,-1.1753499965,-1.23796317357,-0.807957433609,3.30314846986,-2.26308939957,0.11975433178,1.39368305422,-1.12405687521,1.32597686482,-0.305386961277,-0.165948226457
54,-0.158775554107,0.00524043791517,0.0435488030283,0.0579699734141,0.0247654416539,-0.127576624007,-0.168600347643,-0.265131871188,-0.474651194871,-0.580420446935,-0.320767116157,-0.242555316361,0.0458629691958,0.178145309381,-0.215470763592,-0.157820895876,0.150095415293,-0.00653855385686,0.0625552280212,0.190896371464,-0.0754744602295,-0.360020402958,0.333848304725,0.117174606337,0.275748617162,0.0297729421459,0.327151008169,-0.00482678411428,-0.0315395711261,0.110431598443,-0.402497197108,-0.594301782129,0.459598235587,-0.5901824134,-0.155521344027,0.0750332456185,0.291235555454,0.54397634524,-0.122773826471,0.272270011017,-0.50204150551,0.16498760225,-0.377616206187,-0.0390939506961,-0.357769948987,0.0565698139707,-1.01538656503,-0.57450206711,0.912049587749,0.30541891912,-0.441123987924,0.401934270373,0.0825681288869,-0.17596636374,-0.703013847165,-0.776803503184,-1.23415577051,0.328386562761,-0.371640264584,-0.437691451475,-0.14836139605,3.50189349528,0.3328250471,2.52916651529,-1.92114354897,6.51147749847,-0.903683666105,-1.43149378517,0.258912982251,-0.0826971285306,1.89335639544,-0.106956551602,0.497039572123,0.0899860525377,3.69225287747,-0.224789289064,-1.84484569566,-0.64709800042,2.80848681281,-0.516338450924,-0.1574307637,1.74368139909,1.42286835616,-0.55526995133,-0.971345268839,-1.00179746505,1.26686419996,1.25673278367,-2.44213139237,-1.20679787185,-0.19526059314,1.56502716813,0.442168883073,-0.763217218313,1.33203946051,-0.358927697751,-0.570449276299,2.2378935797,0.495095312337,-2.25990969207,1.30047302588,0.334783192391,0.200678530834,-0.930727333608,0.323004562085,1.40147658594,2.48074462243,0.436923624689,0.617693557425,-0.95756345004,-0.974990672023,-1.19859726163,3.44767447092,-2.38193514876,0.213902961733,1.37745633065,-1.02394798412,1.36438811666,-0.260918049223,-0.148107842765
55,-0.0908273495565,0.206285742679,0.234283435253,0.124555167106,0.0444104444996,0.257125995005,-0.153973353707,-0.407691203813,-0.415306442011,-0.403579633817,-0.246480633707,-0.158173182701,0.025285524134,0.114281697904,0.108583903206,-0.0951007066896,-0.125643598404,-0.00261325965598,0.302760590037,0.118663631218,-0.150963736148,-0.158323884071,0.41270374851,0.130795066217,0.120883345393,-0.0542510928782,0.348081182757,0.050165691016,-0.253653620136,0.0311844503634,-0.398742155978,-0.41810369301,0.521115707716,-0.596082966312,0.0488250168195,0.00339965812156,0.233127262425,0.714601877158,-0.10827639809,0.00868363070473,-0.325717412919,0.188187270492,-0.322561760502,-0.129098591495,-0.29639183208,0.206034054938,-0.734270674819,-0.548524714478,0.952424292157,0.226132617581,-0.5228011394,0.267586145913,0.424612335155,-0.413160023855,-0.67809417559,-0.641556799938,-1.33061772384,0.466345523536,-0.395168640593,-0.451571849573,-1.03781227495,-2.40796601931,3.25096700528,-0.847411687783,3.67565313492,-0.980903284342,1.85195285713,-0.640801210622,0.719297387269,3.22452316716,-0.206858073279,1.62472087546,-0.809857841511,-1.63379609027,2.18195029447,1.42134842804,-3.05292883569,0.666553778244,1.52576126744,-0.550907309703,-1.03511114943,1.90164343021,-0.0751912459455,0.770751422228,-1.89837647678,-0.495423943187,-0.938292598153,-0.315025767279,-1.75524745895,-0.225637950698,0.36080468895,1.81972008484,0.692752838845,0.571644491188,2.62634934978,-0.969754958356,-0.508867265579,1.08535811761,-0.196040198297,-2.88818855291,2.11775964559,0.102013703556,0.876712777872,-0.846819301657,0.917524462379,1.53677986909,3.07811520703,0.099541436031,0.176760688424,-0.610803233506,-0.651835734045,-1.46554536958,3.35260254887,-2.33399306713,0.279462352636,1.32104563415,-0.901845304339,1.39309151622,-0.208311463064,-0.129361566317
56,-0.127637341224,0.145987921405,0.154142791146,0.27965094155,0.35977388908,-0.0271484815435,0.0156695495308,-0.258872915159,-0.299502081279,-0.11022318675,-0.222684649505,-0.0216125441346,-0.0774968810938,-0.138579801801,0.190954082548,0.0607910573167,-0.313031391899,0.0779217533662,0.321448560008,0.133201569917,-0.222506480595,-0.040860238888,0.306196833924,0.232559659066,-0.0507121322033,-0.0494564848704,0.155385589211,-0.0685048841051,-0.35503718367,0.0794905605817,-0.32177584295,-0.256048314644,0.575089833296,-0.500472831916,0.33412811675,-0.0938844244029,0.20320489188,0.75050819791,-0.154194135902,-0.276926971175,-0.102406890309,0.180731106071,-0.208981387894,-0.204165649837,-0.1731595517,0.353831103967,-0.413624958125,-0.549960140154,0.945932235074,0.185760479535,-0.570837671305,0.113690337988,0.745039152811,-0.637283177506,-0.648142843178,-0.513819045292,-1.41388757893,0.60664885452,-0.413039857395,-0.463538765715,1.19988676595,1.99520512429,-3.70470411104,3.53818509466,0.117701122221,-1.5362000304,0.198230903814,3.6228509302,2.0180155673,1.82890437197,1.34161565536,0.577356012137,-1.09974008714,-3.02023748008,-0.236877434244,1.25076712869,-0.0773144540605,0.626868608598,-1.09807716062,0.889828760658,-0.215509944338,0.304926325177,-1.93214648346,0.974968198896,-1.28389630459,0.582019795602,-2.66964852609,-1.90386981618,-0.259193340726,1.16589017186,1.16135719197,1.32035734936,0.269696144559,1.18667100978,2.87156671806,-0.844584884253,-0.0438059420113,-0.379823186071,-0.657282117288,-2.67269689132,2.2256084607,-0.268007619722,1.35253887048,-0.63538622758,1.54410597254,1.371316626,3.26193653616,-0.0999143181765,-0.308246641086,-0.189238261557,-0.309058654766,-1.5869788083,3.01663596406,-2.12197847219,0.314483776645,1.22791293887,-0.760644165645,1.41111425038,-0.147826478881,-0.109865863046
57,-0.0782160602913,0.0381923235447,0.219972323693,0.285751818757,0.132237052954,0.117354214744,-0.0573700689671,0.132360735311,0.0281497301907,-0.0437107497117,0.0142945970866,-0.0644411326068,-0.193564193006,-0.376698366209,0.157285896824,0.103840079198,-0.106100272393,0.0843386071534,0.140367978405,0.2576217543,-0.195628118365,-0.08496558456,0.0797898349451,0.268037807281,-0.104304601743,0.0386031163708,-0.114285937547,-0.27669899781,-0.325514431244,0.240563747766,-0.182337340889,-0.165238757049,0.556654723617,-0.389244403547,0.582190594948,-0.142626044456,0.226978199661,0.644219612822,-0.223336828013,-0.496909547736,0.0966646094794,0.133148988897,-0.0618623934441,-0.25317124704,0.00988008990672,0.471845323042,-0.0964337820662,-0.562192425858,0.891536318093,0.188705543287,-0.585301230519,-0.0446648266889,1.02045584468,-0.832559641261,-0.616175705055,-0.397061542277,-1.48222687619,0.748180661632,-0.424483256029,-0.473525857039,0.344756295658,-2.13112468553,3.53735735332,-4.01466668565,-2.59307320442,2.58796085505,0.0957870985373,2.94894538918,4.18915092434,0.304992099356,2.65220151336,-1.09042524685,-1.28940984275,-1.24885964055,-0.0183572815669,-0.306958274645,3.85448851175,-0.473794459315,-2.10233126508,1.22573295008,0.581652618936,-0.952570289071,-2.25057159946,-0.481746489453,0.245102762944,0.978791740095,-2.3174157128,-1.92956729167,0.666035770482,1.8629852809,1.49580569057,0.489572641302,-0.690748678295,0.907662448573,1.9102393924,-0.046264576827,0.49633615843,-1.6806169783,-0.634431174257,-1.59923136215,1.65886448243,-0.679563155154,1.53581854616,-0.334849253036,2.09378858515,0.953974500322,3.01160408587,-0.111293645657,-0.770747508867,0.244968357256,0.0132497062735,-1.55454863585,2.45672099992,-1.76043317492,0.320254994676,1.10217494482,-0.603868396989,1.41750636923,-0.0798237666529,-0.0897957273515
58,-0.00139055763302,0.184530342125,0.0856460348565,-0.0430735723702,0.0328626411261,0.160654725534,0.223891989178,0.266752342882,0.375027652536,0.130377658372,0.148479659507,-0.148508549858,-0.324429060803,-0.362139359791,0.211050239336,0.0802932316269,0.306046417778,0.0308285353592,-0.0212994145031,0.303724764503,-0.149996174303,-0.172401844379,-0.0839908385634,0.1240733378,-0.0218748378494,0.10320587136,-0.239414547865,-0.395676916779,-0.26233267756,0.408354293508,-0.0536123919958,-0.15027964704,0.437007729414,-0.335541209216,0.690830251829,-0.0953672469446,0.290870817824,0.43310189782,-0.263620427169,-0.577481586004,0.21523271374,0.0481036045184,0.0869877149907,-0.270433445112,0.23900156923,0.53949225826,0.17582089375,-0.565595318772,0.794446569255,0.233114302507,-0.570036193737,-0.192286149228,1.23004572422,-0.985223488008,-0.584926503065,-0.294316123145,-1.53427645382,0.889732629792,-0.428769379787,-0.481485158308,-1.16082145452,0.673185344342,-5.14006598277,-0.911797497873,0.1357970895,-1.47677603329,4.52766560012,0.573271265903,1.95674064671,3.45545479844,-0.249476973308,-0.317864745519,-1.07133064246,1.26174329709,0.915509306697,0.383204596524,3.48546840076,-0.241303279796,-0.864909015019,-0.548937338997,0.161657682271,-0.531362413896,-0.844612668664,-2.2787849556,1.19161878289,0.136343199361,0.026455115279,-0.254282034149,0.422358742001,1.28528194594,0.925292437915,-0.115288953865,-1.64771066968,0.140650477288,0.200703268441,0.980563381314,0.693002815711,-2.42833882803,-0.0963407267389,0.0454107921584,0.672581662069,-0.99277877002,1.38541919442,-0.0137657796608,2.4460679475,0.383550264046,2.3770275961,0.0746259295605,-1.15392125513,0.630268572393,0.280423400744,-1.37459590969,1.70716606878,-1.27479302318,0.301068289417,0.948486899182,-0.435560547393,1.41137543224,-0.00476687236311,-0.0693434983161
59,-0.148250942368,-0.139574379895,-0.159291003123,-0.0464278593312,0.0306304831507,0.117079156806,0.469908012797,0.425147695532,0.421945245192,0.49374520893,0.0653509079301,-0.137483364927,-0.338105750068,-0.222438204541,0.287464622909,0.244639902751,0.469651319951,0.088900927878,-0.0159707337326,0.148984379635,-0.166492723615,-0.164608464443,-0.0881809264719,-0.133358443014,0.0831116231114,0.0519470576262,-0.106198166155,-0.320082802387,-0.259734907553,0.468426576631,-0.0201305541228,-0.170362416837,0.247058895651,-0.354243360692,0.624285386825,0.04173991986,0.344213147289,0.182234759317,-0.232356422895,-0.48555669211,0.230013780728,-0.0576398584203,0.204796410222,-0.258023821604,0.488966251999,0.547668175988,0.369784979138,-0.541739095559,0.664733573258,0.31134795828,-0.531904387899,-0.315347302969,1.35720152869,-1.08452680977,-0.556569427732,-0.208126167229,-1.56910222963,1.03001161913,-0.425220296008,-0.487388746355,2.72861060679,-1.62845536635,0.39872725154,-0.24182136059,-0.301720848298,1.538364508,-0.605068028838,2.57348570915,-0.159172166037,2.42084805341,-0.476941738807,0.337994551051,1.0432399158,1.06573228546,0.445876850499,2.80834070364,-0.31287537842,1.4585629529,0.883400178695,-2.28060534406,-0.340634806762,0.665288378685,0.598713128281,-2.50073619242,0.667778902578,-1.09805177467,2.44634602776,1.63551632989,-0.363707414503,-0.14493551932,-0.310497906119,-0.198062154537,-2.01850384537,-0.426574088175,-1.45383335385,1.6618803595,0.259433659421,-2.47568897038,0.743644397626,1.75640594369,-0.34898987024,-1.07516838422,0.924470904918,0.244545192584,2.49596137047,-0.213505821318,1.46815988418,0.42521512984,-1.41836763372,0.913728212899,0.467373943225,-1.06796343785,0.817360190929,-0.699625059347,0.263718143691,0.771948703583,-0.260158013946,1.39192373742,0.0767772744322,-0.0487174159374
60,0.338521216866,-0.0613433833047,-0.0300084841166,-0.0704094981198,0.0524130580368,0.309272187472,0.29296483856,0.584053926,0.502939524668,0.458771842922,0.154175378035,-0.0814762859829,-0.1346403438,-0.183721204205,0.312827489803,0.537685026668,0.329896277844,0.283108503673,0.11715486349,-0.0677481355406,-0.169200207714,-0.0667958997678,-0.0149215177596,-0.305952815782,0.0816857380757,-0.0783242442667,0.180091719029,-0.121053447131,-0.314972867124,0.386424379815,-0.111537132406,-0.176766692107,0.0615987856254,-0.396450377503,0.425965927222,0.212315550982,0.321969258694,-0.0431705987984,-0.117211160609,-0.242641472228,0.156970297832,-0.156832360331,0.264412739804,-0.226205818463,0.725983837918,0.500138845713,0.465275197645,-0.477291780202,0.515354450001,0.411178636854,-0.479673703497,-0.402768640985,1.39086627631,-1.12353457466,-0.532503676679,-0.1405060142,-1.5862280316,1.16765105864,-0.413219912969,-0.491230247232,1.1794168105,-1.99778849298,1.54427757217,0.631676228879,1.11844954344,0.734899479758,-1.09486343977,-0.388833653156,1.73696181689,-2.68474993333,1.97938306951,1.05460297921,2.59485600719,-0.144507091298,0.293162496376,2.29765368955,-1.70540009034,2.04710493614,1.54419312011,-1.59337744432,0.531678787807,1.10166237819,0.59715791501,-0.697828691287,-0.724161097047,-1.2247964224,2.83955634436,2.00380391226,-0.572175551353,-1.37255080608,-1.42168478257,0.102983127879,-1.55812921107,-0.279610688694,-2.34760563194,1.61680072289,-0.785981311316,-1.96435114566,1.51412094437,2.97914722078,-1.02942201438,-0.85817604419,0.241168461925,0.363385796647,2.18172514519,-0.711072984215,0.43438013051,0.872888929242,-1.54608660145,1.05737711157,0.561404233631,-0.66834854624,-0.151761700566,-0.0761579548186,0.216772731322,0.578030049174,-0.0823584516139,1.35848681175,0.164138993899,-0.0281399197687
61,0.0659464044812,-0.219600890789,-0.132214983454,0.122509356942,0.211250213372,0.208836391132,0.356820773547,0.389228594638,0.567902827858,0.220616433791,0.312296144362,0.126821994766,0.0818754449164,-0.194829494651,0.377800232295,0.592717691593,0.265604451302,0.426320068197,0.252441999745,-0.107324102821,-0.0391443375475,0.0277916569957,-0.00466425875359,-0.25823258677,-0.0420047347033,-0.135188839697,0.380520068115,0.0168274419112,-0.338392073937,0.22896516799,-0.273901545712,-0.150812985672,-0.0446008836907,-0.385245440377,0.189126190354,0.341207363214,0.178131776879,-0.203622128661,0.0556924637534,0.0800086258185,0.0435641404329,-0.220317065821,0.250214942782,-0.19163883291,0.91318819308,0.412102869457,0.457920317844,-0.366897822428,0.359979702693,0.517506384983,-0.42270775385,-0.447362710398,1.32646828168,-1.09964451452,-0.513219600007,-0.0929071771879,-1.58565457425,1.30122619344,-0.392224169555,-0.493026160559,-2.32770262852,3.55321782055,-2.89683543781,1.78451594609,1.4005619444,-1.45797562565,1.26029754898,-2.30459062145,-1.60480707063,-0.796975510576,0.563967073113,3.06049379798,1.4236117342,0.158271191321,0.934672919533,-1.31159638902,0.744137787709,0.610112418639,1.02562307076,0.876911113535,1.97567618585,0.746019700371,-0.438044814831,1.52894173869,-1.55119037235,0.316815789692,0.878864415248,0.522841697785,0.249657756647,-1.58061863794,-1.63727664117,0.375560885977,-0.510564355198,0.596882220625,-2.22950709767,0.868704060112,-2.09111630911,-1.24375815199,1.84734623471,3.30413177153,-1.13461353793,-0.37613699912,-0.525850288423,0.295031250945,1.5062830067,-1.01080669847,-0.56212455077,1.32830387402,-1.5404958927,1.04218461467,0.563333624814,-0.219293320385,-1.13224977541,0.550713573439,0.16968260693,0.372507943206,0.0930221565501,1.31057175468,0.256547793922,-0.00784569538526
62,-0.0752262565755,0.120034943779,0.0791258841105,0.0435779724066,0.209130652513,0.245740087273,0.316956902517,0.271900815727,0.193178250903,0.314943737512,0.290447100138,0.421787558189,0.157928597838,-0.143179837389,0.432499825648,0.356782064857,0.439988987296,0.413004060296,0.312412910108,0.069886149742,0.169246723833,0.09358161975,-0.084505837546,-0.0562626487038,-0.183016773611,0.00222652080908,0.338262996817,-0.0310410686724,-0.252861228931,0.103838799411,-0.402074193693,-0.114203784324,-0.0401179686197,-0.26879787238,0.00475983276499,0.376112753201,-0.086719363989,-0.297887319609,0.230870054629,0.384036313647,-0.0502237279338,-0.227834457668,0.161801116617,-0.173544955731,1.01767842556,0.306297403967,0.359050871359,-0.214527232744,0.211001231581,0.614339266168,-0.369633492722,-0.446620335906,1.16636744361,-1.01479036329,-0.498258930738,-0.0661905534057,-1.56786401592,1.42927309869,-0.361770959407,-0.492816976266,-2.19984411838,0.00572250104381,6.842591652,-1.75466111557,-1.6537891706,1.87798754137,-2.01802676062,-0.435577503295,-4.43760575417,1.56097087839,-0.275601198981,2.01882979855,0.390842442515,0.768631743317,-0.302796434542,-2.64887506949,2.13106741113,-0.626374142613,0.206693048497,2.2712437068,1.7905986522,0.685239388566,-0.971379040211,2.13490087749,-1.06712284915,2.34353656735,-1.59052070784,-1.37889393711,1.41886651716,-0.809456335027,-0.771532911594,0.28440682361,0.549688630797,1.71454920745,-1.38143921321,-0.172261838908,-3.11219138088,-0.696700444812,1.5485177435,2.61643691924,-0.655758091947,0.230251611654,-1.21666543575,0.0381338446629,0.546238723547,-1.062908185,-1.37389998907,1.69725293775,-1.42291514554,0.869324141093,0.486813993242,0.22994145365,-2.05431850159,1.13572597474,0.131804090382,0.16140758697,0.261195388231,1.24789398146,0.353135766828,0.0119205225272
63,-0.232959080881,0.297659093981,0.325236764632,0.235020935844,0.0692689195925,0.275536908949,0.147251040407,0.132069300987,-0.00716469930081,0.30535431493,0.358749933683,0.432928512213,0.205695677941,-0.0563896376811,0.26428218591,0.195507595602,0.55790033729,0.360356493111,0.311250349685,0.25851465833,0.247746986785,0.181092286333,-0.160349534302,0.0978051798324,-0.233611370126,0.282975172176,0.125778788182,-0.209805047023,-0.0824616474726,0.0740031333231,-0.409564756214,-0.10610805684,0.0468429911204,-0.0574803023119,-0.0826213287766,0.315969884901,-0.418317112977,-0.356712582582,0.34668070229,0.576759195212,-0.075178368192,-0.177099173476,0.0142595122656,-0.188614699735,1.01767259519,0.207562476426,0.192999639853,-0.0330814440493,0.0780287502861,0.686765515788,-0.327163568989,-0.403043534962,0.919768205354,-0.875310686887,-0.486273402804,-0.0606048039668,-1.53380987079,1.55031122694,-0.321489636682,-0.490668059974,-0.881361321397,3.63676829212,-2.46791412907,4.58575175254,0.657335550117,-2.41355029473,-0.740265901801,-2.58668316417,0.925560601302,-1.98436855187,1.42174766746,-1.6512527895,0.560867716005,1.01599413963,-2.95868908899,-0.292891667108,-0.228523060433,-0.214565151239,-0.117807228761,1.13735531675,-0.421772653402,1.05321656263,-0.40900067371,0.684662906852,0.0488590107903,2.89711342917,-2.22435062118,-1.85756460137,1.77783116432,0.168907720099,0.641311183618,-0.159594545066,1.06717946872,2.38572800923,-0.394625950957,-0.942571823718,-3.36389635818,-0.552894991408,0.697290869019,1.14172376187,0.190452547272,0.751633123049,-1.68795829861,-0.355242959719,-0.555226852107,-0.875606204081,-1.89169754357,1.89809342598,-1.22651706662,0.558792578577,0.355958817567,0.629241401989,-2.85176160049,1.63659480485,0.111422633043,-0.0490636187078,0.417546825082,1.17041090972,0.452942581539,0.030906377986
64,-0.378149441458,0.250507786776,0.336701296275,0.4010208673,0.369568201943,-0.0202255474543,0.0529680471432,-0.0704004003008,0.179864405548,0.094051343815,0.4037516222,0.222688841307,0.231104617131,0.0867655568581,-0.0651078669886,0.247973178057,0.391764605696,0.371842685266,0.305927189994,0.267838383823,0.0945038582519,0.276276089293,-0.161372048805,0.0604228269615,-0.195696183423,0.503420130876,-0.022388297344,-0.336817777546,0.0578248340835,0.11700582945,-0.285014874026,-0.146283113108,0.147334112005,0.177227992941,-0.0875132796214,0.210460751083,-0.727022008871,-0.421117347217,0.363033922868,0.602319590635,-0.0118331884892,-0.0873971795768,-0.165386034208,-0.245882460445,0.908123915765,0.137117996547,-0.00757085244958,0.157638315665,-0.0329375318874,0.722671618145,-0.299226639106,-0.323974415922,0.602097655167,-0.691491147426,-0.475177431988,-0.0757721000549,-1.48489239289,1.66286911198,-0.271109938029,-0.48667028472,-0.034852393801,-2.25810026416,2.87464135637,-1.36041933797,2.94968567522,-1.03706706152,-2.03580749049,-0.335340794623,1.20030786692,-1.0073348734,-1.39088501171,-1.80424679391,-0.245904711564,1.92914971826,-2.97099350785,0.679913073665,-2.69046473393,0.255491963679,0.03920518209,-0.850385907873,-2.35261745478,0.607643113863,0.301238994765,-1.3645603832,0.52432947171,1.18453788169,-0.421887659954,-0.43464484981,0.834961752387,0.551866249114,1.7275492365,-0.605617275313,0.820561748521,2.14108904911,0.204864690084,-1.04059594646,-2.6552234778,-0.780179754976,-0.368367376272,-0.63182376009,1.04550028144,0.978975262906,-1.84976612748,-0.786383136738,-1.61168959254,-0.511337662054,-2.05993300146,1.8765821022,-0.989089515637,0.145804342643,0.201628271992,0.932769163676,-3.46715987924,2.01715564479,0.114862220747,-0.252598995154,0.557779588103,1.07835117154,0.554922183173,0.0488545360126
65,-0.117803527205,0.34733898402,0.369785576613,0.357146522017,0.286743821643,0.194129211385,-0.140786625712,0.0523850398759,0.108934300429,0.157842618992,0.0858050720987,0.123565854519,0.168850298073,0.29787383164,-0.236173704862,0.19950016081,0.130386415345,0.35850853742,0.308957696258,0.146202234776,-0.138969524549,0.253534741816,-0.129513501248,-0.135786881863,-0.166059841489,0.487665207998,0.0639170411467,-0.278892808145,0.0634711012196,0.157336848273,-0.0963177928031,-0.212767310353,0.192153321471,0.340559303178,-0.0605217357574,0.131398150913,-0.923822572523,-0.516210679905,0.281347498765,0.459747965675,0.12195588048,0.004359584434,-0.344879322476,-0.34299008924,0.703336462862,0.107856546387,-0.207385837537,0.334207442566,-0.119610449184,0.714016023666,-0.28651550145,-0.220919453154,0.233891480525,-0.476813304981,-0.462382190653,-0.110683372691,-1.42291989939,1.76551271407,-0.210470145743,-0.48094038856,1.59739342542,0.130846913645,-1.85029809114,0.613809467009,-3.48261752821,3.23376467143,0.0777198724092,1.58049731429,-1.91462710465,1.3445677626,-3.95537285763,-0.4872361669,-0.683480394517,1.88453124777,-0.363147261656,-2.01147311035,-2.07483262306,-0.748042818048,-0.0971641776413,-1.2026115732,-1.88979580461,-1.22321445075,0.185477216581,-2.28580220064,-0.0710455526549,-1.45594176457,2.02844596624,1.50215579497,-0.717952653238,0.148632366923,1.86903015535,-0.62664854408,0.0195691601557,1.00817691942,0.252994413645,-0.445845306544,-1.19125964599,-1.10806769157,-1.18639400971,-2.1289544179,1.54625229588,0.780866357841,-1.68991450069,-1.13063161738,-2.42920290056,-0.0706809248598,-1.88192812719,1.61558914446,-0.746025964878,-0.324361532978,0.0568840040501,1.10383787773,-3.85644637614,2.2500539694,0.145760475465,-0.442900962173,0.678051414133,0.972238013853,0.657951280412,0.0655055188681
66,-0.218130638085,0.0438290068354,0.188445407837,0.224622028105,0.150151282053,0.220197399986,0.220297721148,0.0881382061536,0.00327456810003,0.122935906371,-0.150180088118,0.0380400509086,0.152393675991,0.374319953899,-0.20046272995,-0.123252763263,0.00201955848935,0.209388572075,0.259793240755,0.0871272311412,-0.231046226309,0.0371208806618,-0.139415629811,-0.343532565403,-0.21850972956,0.260810406404,0.319203536461,-0.0857928560672,-0.0630722617311,0.136485981593,0.0572147135034,-0.250948055489,0.148942343992,0.365921255411,-0.0472493374341,0.132483720458,-0.957171321641,-0.633900075466,0.147188185362,0.201225684037,0.277744242034,0.0545412190353,-0.494875559988,-0.465081289611,0.435679852224,0.121703477431,-0.374274079506,0.473501695597,-0.182882558364,0.657543901159,-0.286505939137,-0.108420976376,-0.160727926272,-0.246965944458,-0.445091043553,-0.163705927428,-1.3500568611,1.8568757633,-0.139524310863,-0.473621039878,0.323951245583,-0.957416166822,-2.78879998018,-3.47883236172,1.25545543803,-2.28267717395,5.46840001112,-0.367739235881,0.228606743034,-2.53900164557,-0.176614995505,-1.368934986,0.383493317659,-0.619498028866,0.53238105309,-3.83593310905,-0.720325800372,-2.12281298394,-0.985085223359,0.146346417271,0.0744767316188,-2.86564217376,-0.355452467659,-1.65717374862,-0.916154613717,-2.6854734967,2.62109800528,2.00709570337,-1.6117938697,-0.555597497181,1.08355413304,-0.0422507473165,-0.851422064133,-0.506346577111,-0.00166909138829,0.478549739083,0.513117111634,-1.17482545842,-1.37030837839,-2.894930788,1.46458598924,0.160862645906,-1.2773304804,-1.26836175828,-2.84717582137,0.332081437335,-1.4147792402,1.13817744009,-0.524775601654,-0.802247888301,-0.0477737161188,1.11901074938,-3.99243895125,2.31877343931,0.204576014159,-0.613820633859,0.775101618972,0.852905671879,0.760839662746,0.0806007114128
67,0.0303432190408,0.0963033667477,-0.0650984690103,-0.067426179823,0.172281371945,0.167768720719,0.439544115325,0.187444021929,0.0662243452779,-0.199739185175,-0.0421052070072,-0.0800733662356,0.181224725358,0.200061040063,-0.212817808754,-0.424646985378,-0.092221845046,-0.0247403190065,0.111139021714,0.155695799876,-0.164765457787,-0.240627514062,-0.176364117454,-0.442721586493,-0.321313590275,0.0371817414665,0.497396164441,0.0521063837768,-0.212374579406,0.0589821081114,0.108802868658,-0.208057066651,0.0353963150711,0.249984339501,-0.0557425451576,0.220080399458,-0.833127217278,-0.733725938175,0.0331831589972,-0.0886886403577,0.395061675384,0.0274325193664,-0.59620797787,-0.58701782685,0.150336531176,0.169602653575,-0.483918599688,0.556579849273,-0.225847857546,0.554910973164,-0.293936360725,-0.00257674634844,-0.555861708355,-0.0186935567549,-0.420630554424,-0.232606680986,-1.26875995799,1.93569134436,-0.0583483529229,-0.464880594885,1.37447915857,-3.25461484872,-0.273467343522,-1.10983659041,-2.26807081423,2.2664322913,-2.12045278583,2.60075677198,0.343244546997,-2.41985830499,1.21502652322,-0.406994993733,-0.297479589074,-2.36980137212,-0.876952271657,-1.65214599399,-1.51963568957,-2.34798882123,-1.88417149864,0.938777471931,0.896173985593,-2.23038430031,-0.209855007564,-0.292301363364,-0.959866734154,-1.40628859942,0.589381377118,0.474693121568,-1.15494218201,-0.891504059428,-0.0447286791381,0.926574885255,-1.32617056507,-1.70707296494,-0.107489325184,1.19672932208,1.86627704236,-0.727291059658,-0.788947178919,-2.75594778798,0.796497050949,-0.728259796288,-0.741324451029,-1.11902060059,-2.77526278402,0.595981920239,-0.75562108461,0.503757580367,-0.341593983514,-1.24002084822,-0.0887572746633,0.970971970633,-3.86703156123,2.21884291543,0.288375819,-0.75953064334,0.84636420333,0.721507663011,0.862342345931,0.0938855064897
68,0.141670387938,-0.225060435581,-0.101319339473,-0.0153384718611,-0.0571563273902,0.312556724488,0.124537380383,0.365979601769,0.0584959510995,-0.170651914292,-0.0490795358554,-0.00448983333426,0.0476242833912,0.0165845571477,-0.323832258206,-0.434102795242,-0.317916009339,-0.23744220922,-0.0823085736442,0.20712707625,-0.117405246395,-0.337930378604,-0.15303496423,-0.407311449446,-0.379481895558,0.0223456485307,0.409154248782,-0.0134212146327,-0.264779787056,-0.0193242641953,0.0615023840678,-0.069798213225,-0.0959676871755,0.0521910831227,-0.0524633798186,0.350960216149,-0.609531590971,-0.762145125396,0.0084830626375,-0.324781126174,0.424802314209,-0.0913093552047,-0.644049133129,-0.678774645131,-0.103059724799,0.234067642927,-0.522932451268,0.571869079898,-0.252629737633,0.412261695215,-0.30167802905,0.0806513183096,-0.925788051331,0.191430544599,-0.38678762048,-0.314594261294,-1.18170367461,2.00082387027,0.0328551443739,-0.454912534962,2.82113835114,1.38955619773,-2.1506953615,0.714681509792,-0.00935534136046,-1.89374028513,-1.68759509811,-0.648762965439,-0.000231052526376,2.85721002987,-1.15467890511,1.48544859749,-2.1418920876,-0.876623791485,-0.866315283397,1.11886491024,-2.75572388201,-1.905662008,-1.79755942602,-0.190881197046,-0.131473563556,0.438595265336,0.73462272266,0.937954972345,-0.109643235427,1.11195179949,-2.24489788862,-1.70717453302,0.154359965034,-0.573263437531,-0.787702990913,1.7709320133,-1.20301491554,-2.09331483778,0.262037245318,1.30128678906,2.46332340067,0.226506027687,0.355523608234,-1.87030330411,-0.233799149657,-1.62221977552,-0.231651111923,-0.669081636015,-2.21728775963,0.656637555754,-0.0224774772584,-0.201769883604,-0.200928016672,-1.5964776838,-0.0527676629673,0.669827679753,-3.49184559592,1.9581266841,0.390927360121,-0.874728800165,0.890063321066,0.579516149938,0.961173495519,0.105112557019
69,0.210774276533,-0.15598049048,-0.161445270829,-0.107044923004,0.107913731477,-0.112606443648,0.139497661269,0.0456203398036,0.123293780247,0.171748049099,-0.0976685860779,0.0653339703716,-0.131021833466,0.0347228868716,-0.311344371119,-0.309756878949,-0.558331892495,-0.416184779329,-0.226218600392,0.097563922151,-0.178725970511,-0.174902410951,-0.0416865377214,-0.269287442981,-0.341565241475,0.217803112142,0.115169762595,-0.239032771328,-0.193420400102,-0.0425398516052,-0.0215895484712,0.125109203012,-0.189348187464,-0.139289228726,0.0116579990043,0.457504541155,-0.367893280281,-0.681170951859,0.107464713033,-0.451528389886,0.348525980548,-0.287238984046,-0.647586196111,-0.71294970118,-0.280240024016,0.293640835115,-0.489909470288,0.517139181092,-0.267273298026,0.23936867026,-0.301875580916,0.127171479869,-1.24690039026,0.368213014613,-0.342122074907,-0.406382740765,-1.09169738616,2.05130051933,0.133753614714,-0.443934574988,-2.85128495875,-2.38966616336,1.72269044819,-1.39328969255,0.406443171551,-3.47637501861,-0.103392010015,-4.10886010026,1.00316767674,2.79137692087,1.06463265479,-0.650820878284,-0.807612689709,0.937839189382,1.20595117519,0.86170305254,-1.61249365986,-1.70166221236,-1.08392441152,-1.89523524417,-0.800134732875,2.47577236855,1.32449106896,1.74958958395,0.798338975512,2.42236170855,-3.14155717745,-2.42890651139,1.12200507737,0.12954847924,-0.735377383623,1.99575804795,-0.611263804803,-1.61348418799,1.06800980342,0.733951449789,2.24925667906,1.39202391861,1.59239466589,-0.650768685916,-1.25717858804,-2.22521162392,0.128872326424,0.014912006485,-1.27562520406,0.500397245083,0.666431851634,-0.880004495936,-0.0972460139605,-1.84074805873,0.06123255735,0.24264945174,-2.89727253479,1.55617478755,0.503094847766,-0.954865541544,0.905287388668,0.428711760224,1.05602202653,0.114045097459
70,0.0459236273726,-0.0461644601275,-0.124871314354,-0.075985350813,-0.209305372222,-0.0923617734455,-0.153815403303,-0.144017460727,0.147708333125,0.271689912935,0.165094429099,-0.0892292427904,-0.0702911634398,0.119544716277,-0.134989086481,-0.301992286172,-0.595785222025,-0.565334511219,-0.320330919765,-0.122920032684,-0.197349225731,0.0675968179923,0.0703391864027,-0.074058473109,-0.241422738309,0.421723199369,-0.117520497338,-0.420893869763,-0.0791043327884,0.00138561258685,-0.0626547673734,0.302012601865,-0.213745490532,-0.254343059903,0.162212003809,0.485469133285,-0.177543046724,-0.492067239359,0.311463534996,-0.460365303967,0.18623863784,-0.518792102243,-0.625223285509,-0.672571501051,-0.351458495979,0.328168663365,-0.394486665268,0.399972651519,-0.272918043778,0.0484796519329,-0.287203793247,0.126361844933,-1.49947176881,0.498939150672,-0.286225448448,-0.504278843623,-1.00159624955,2.08634116134,0.243882828244,-0.432187437753,0.272083066199,4.43081412041,-0.449051942463,0.633399163858,-4.33344421641,1.89467485474,-4.63808053413,0.499223387552,-0.826597892001,-0.632433457093,3.24472663316,-1.46550247041,1.73789997067,0.409548628066,1.81282778286,-0.558933358986,0.799993011573,-1.12388875666,-0.955443883109,-2.22256462751,0.803186234878,1.94770432833,0.729578479086,2.05028568534,1.09398411829,1.26983487469,-1.09497791302,-0.881880570879,0.968910477193,0.68301290263,-0.00999921788865,1.41531455894,0.115475871243,-0.655374878023,1.9011946657,-0.195420362404,1.5048788906,2.30936723488,2.36956429585,0.410107120412,-1.89915178082,-2.30638079528,0.283843892731,0.794025099159,-0.133682519361,0.166228779643,1.21119447093,-1.43570208689,-0.018680023101,-1.95441654258,0.241690120763,-0.268748716501,-2.12997741847,1.04268506584,0.613513347548,-0.996383709562,0.892038314995,0.271163521066,1.14556872349,0.120460293576
71,-0.0711006263762,-0.00161731103101,0.0493903010388,-0.216081493452,-0.260498687852,-0.238478524093,-0.361221254665,-0.070043265753,0.0031347420148,0.145130115125,0.320289911331,-0.0316143759999,0.111337720315,0.098686387083,-0.0428840113977,-0.352190177606,-0.455028096151,-0.606247801277,-0.437765936825,-0.308226442753,0.0159633817376,0.16652307683,0.086438109367,0.114053406712,-0.136280180839,0.425327739691,-0.0642943272052,-0.382878102067,-0.0276122615923,0.0763929019502,-0.0187855193515,0.388762268148,-0.172600952321,-0.273820131113,0.374372983624,0.422833720396,-0.0697797006149,-0.241576319093,0.552336693232,-0.387490578499,-0.0104178043449,-0.72804650734,-0.596828284387,-0.557051527289,-0.307897851971,0.323632442168,-0.254791320608,0.236694796628,-0.27138766457,-0.146966670673,-0.252072970329,0.0723659586677,-1.66910054661,0.574278184069,-0.219900422009,-0.604293125583,-0.914208548452,2.10538578012,0.362646990133,-0.419933293818,-1.65425653123,-1.79933255749,1.48402261151,-1.54709108506,2.60983795878,-4.69455116153,1.33728183284,-0.169373841698,-1.55877110113,-1.44973988743,-0.78642900743,2.96371719435,1.44576504224,-0.644991188858,-0.216944841976,-0.0829164645198,1.63993843216,0.414723210246,-1.38281499679,-1.45017501311,3.36017807793,0.0369377836677,-0.376335105681,1.55720234091,0.998947346471,-1.23112310907,2.09179084938,1.60527817714,0.00334584511514,0.720312668401,0.85732844257,0.262642682237,0.658578791274,0.204366162514,2.21556918548,-0.996033094289,0.671807596772,2.56718443204,2.28705609953,0.940781103877,-1.92243341877,-1.77965622532,0.261012859267,1.48595209848,0.980740664225,-0.264824664103,1.54362378298,-1.79149797202,0.0484431460196,-1.93203905451,0.465804616927,-0.811624623708,-1.24906678489,0.455199352473,0.709490687572,-0.99695541771,0.851252710101,0.109198867991,1.22850467089,0.124152576157
72,0.0134672825361,0.0603268617639,-0.147414703804,-0.0652923660003,-0.181080764691,-0.484705049976,-0.163976724552,-0.184844518964,-0.109822489202,0.00467448079765,0.0853624180275,0.364585017392,0.205250228746,0.0576999599602,-0.158145487723,-0.289600725328,-0.321576746939,-0.491088897921,-0.569003810948,-0.437164350983,0.40389990422,0.122168828979,0.0206876740631,0.20899642957,-0.0340886644148,0.208857902767,0.236524826959,-0.145736484047,-0.0709996862484,0.128247602426,0.093318283306,0.352688889509,-0.0928429519433,-0.231583003577,0.575850410321,0.303936830215,-0.0336518968789,-0.00630392080528,0.737508929794,-0.293741384953,-0.177046038181,-0.857391437542,-0.575634465934,-0.384371805878,-0.163753905551,0.27540925465,-0.0938732324016,0.0499760698952,-0.263234679546,-0.333603172618,-0.193623057395,-0.0350588151097,-1.74771908885,0.588927325422,-0.145241547837,-0.702273954988,-0.832202427905,2.10811841082,0.489320736974,-0.407453870755,1.7140823388,-0.534751837123,-1.85666785147,2.59056431458,-1.76265980429,2.03032099145,0.613204554891,-1.34176669299,-0.771967038306,-1.48952844595,-2.74249087145,3.52627023573,0.7024022825,0.191374563326,-1.69596919572,1.2064013114,0.942117194728,1.68604813825,-1.01806935647,-1.3353963827,3.8866325187,-0.536998077564,-0.762446097189,0.244763313756,1.10474999894,-2.7735914443,3.40899845226,2.76001615251,-0.75065943554,0.251291870202,1.27008354861,-0.945995335791,0.88498444529,0.533934381666,1.66097656583,-1.277660265,0.115753958386,2.00694115535,1.27672987122,0.835847950424,-1.31769262624,-0.738314455118,0.160988634335,1.90987743605,1.84363361169,-0.689812101772,1.63399048259,-1.89940191124,0.115203341478,-1.78023763081,0.702363902624,-1.32736753953,-0.321242476591,-0.163782686791,0.778067105445,-0.955698066801,0.784792521023,-0.054635991825,1.30355073114,0.12493691157
73,0.142399159395,-0.226928170306,-0.0295704256904,-0.143325224223,-0.257774724349,-0.0460717774792,-0.263582481443,-0.24516796307,-0.189772391549,-0.15892721808,-0.0300856146303,0.440370307501,0.303731211196,0.180957558952,-0.293613814671,-0.171779093032,-0.251899205449,-0.325379332466,-0.603714506753,-0.604093945975,0.699077297575,0.13276073771,-0.0392667481556,0.16121677632,0.0911391333521,-0.0543093789793,0.504408357081,0.0858268864562,-0.145187875899,0.119313286244,0.209125080335,0.214942146174,-0.00359300765018,-0.187255605228,0.679765839763,0.187537948736,-0.033122813933,0.138467439457,0.786747341694,-0.235367971054,-0.260266229657,-0.866747135789,-0.562665450513,-0.188429474468,0.0466317436269,0.189239413551,0.0641887514456,-0.134481789938,-0.248179004164,-0.499248753343,-0.112374081958,-0.190241457139,-1.73408399964,0.541947498143,-0.0656055973848,-0.794061252215,-0.758015170441,2.09448665558,0.623053120517,-0.39504824053,2.41345438173,-0.192844172092,0.32630584876,-3.13550318453,1.87788907161,3.63224890845,-0.991265807251,-0.0364498200728,-0.945321075227,-1.54522360823,0.649140506304,-2.2787668974,1.27179090722,2.26007568759,-0.712859324242,0.813630727386,0.599202678004,1.35651791066,0.39483740059,-1.99580392831,1.71359655077,0.987496957618,-0.395238272486,-1.10793194268,1.37559104403,-2.14592938482,1.44414170881,1.50057587753,-0.564178340461,-0.436464589562,0.915851316363,-1.70338673701,0.875375750168,0.26982139762,0.317502300004,-0.964362266645,-0.044605864014,0.816153528604,-0.352444249123,0.286517999351,-0.307345675066,0.569162360396,0.119322633777,1.93633421095,2.28368077314,-1.00860555824,1.49088869787,-1.7474208886,0.186743262255,-1.51570978741,0.915708900564,-1.75731956941,0.584646916616,-0.770042457684,0.807148114338,-0.873350258724,0.695403355319,-0.217624745268,1.3694777575,0.122651960015
74,0.233404617137,-0.13017128072,-0.314378636728,-0.245334694004,0.022693340114,-0.0409269030841,-0.148699258338,-0.245717525827,-0.285216775517,-0.225846895044,0.0805947905754,0.070720174899,0.396895954443,0.450151393561,-0.302783001313,-0.161718277219,-0.186132088021,-0.249158575497,-0.510742324375,-0.795655156548,0.740061194808,0.322210938081,-0.0736574969591,0.0226088914139,0.221457007771,-0.178325836028,0.465321977149,0.111545380804,-0.159149661788,0.0452574556775,0.255232800864,0.0350288169324,0.0805948164577,-0.187560258981,0.629727965904,0.122266667184,-0.0341357350099,0.151345981573,0.66543226018,-0.238207154469,-0.237302472299,-0.745645661865,-0.545817121903,-0.0117113492996,0.276080767498,0.0797442315204,0.197863694429,-0.29164180186,-0.225799288961,-0.633786611065,-0.0124438779903,-0.381893984151,-1.63371068232,0.436768190029,0.0145312082673,-0.875655019904,-0.693768289715,2.06471591964,0.762873634715,-0.383030298777,-2.69649707112,-2.73455731845,-2.50332934596,1.5780804756,1.44329867243,-2.29845755727,2.68989720467,0.10639632083,-0.719232344014,0.471204009163,0.485256123364,-3.68448259182,0.149969326767,2.58262594672,0.230456357363,-0.572390278344,0.668323901524,0.175642151663,1.21191809833,-1.48146947952,-0.667898949418,2.58949638728,-0.463330835231,-1.44200614453,1.07082585176,-0.295818471057,-2.26255993703,-0.997678904566,0.338327900464,-0.998330788219,-0.0629810166914,-1.78367911497,0.814560406957,-0.287168428141,-1.30813745495,-0.321052720505,0.0434704541328,-0.539321609605,-2.02799529497,-0.315208584644,0.739159454236,1.81481243101,0.253940657991,1.52842615943,2.22036015006,-1.14715395969,1.15530173527,-1.3605261754,0.260637874803,-1.16256708468,1.07033275849,-2.04878456294,1.40319086465,-1.32097716189,0.786618356369,-0.752388653534,0.586639786739,-0.376937712226,1.42512718427,0.117163070987
75,0.144167482754,-0.278177952833,-0.240974081311,-0.0880282584014,-0.135493174421,-0.14578164744,-0.0102972219446,-0.167512591719,-0.263808399521,-0.104880674428,-0.0403676386321,-0.090730538108,0.297177740192,0.579624847639,-0.320266208388,-0.24976201742,-0.148704225924,-0.266777836484,-0.417649532611,-0.830800887883,0.637407117878,0.582128186116,-0.16828259918,-0.0891921138452,0.270608778962,-0.139190766182,0.0993496724652,-0.0737361876469,-0.0832391674456,-0.0672476569211,0.192596071038,-0.123898407423,0.162156235118,-0.239173671295,0.431908435685,0.119703757781,-0.0255528881673,0.0434130821758,0.400109842382,-0.28623857253,-0.123921819074,-0.516167380068,-0.504190071518,0.105177914543,0.474749317055,-0.0330720097542,0.290938924439,-0.40064342776,-0.196287992784,-0.72976046209,0.0987024088884,-0.593993105098,-1.45826262814,0.280865035317,0.089822530148,-0.943391886573,-0.641191728165,2.01931762211,0.907700304314,-0.37172595479,3.34766805879,3.89707663609,2.74100587,0.0540209973568,-3.2589327783,0.664395682162,-0.721548870892,1.49308000901,1.46563474382,1.33480849657,-2.54684590292,0.596922595273,-1.92823162123,-0.433427544031,-0.80165527748,-0.976116851699,-0.105401652151,-0.373444724577,0.442755214193,0.994713606597,-1.01589399963,2.23640904158,-1.55308432212,-0.688650799243,-0.230489876471,0.824006814418,-4.59184683763,-2.33294189851,1.0794243441,-1.17085509259,-1.15729106144,-1.33570105405,0.833294052209,-0.68344293291,-2.52659937311,0.21694038053,0.100366201006,-1.5162281692,-3.14207482775,-0.557746593504,1.44573221731,2.69295284788,0.615899853409,0.761706686041,1.68184470234,-1.07374758864,0.690762050754,-0.796093709564,0.327264207003,-0.749422224965,1.13554976336,-2.16061794165,2.07765884737,-1.7787672404,0.709343955643,-0.597068807094,0.462758168065,-0.529695370299,1.46943159865,0.108365065108
76,0.199965364533,-0.0470168642539,0.038182077215,-0.215086744024,-0.275468236541,-0.118256744295,-0.169888828614,-0.0264710899303,-0.00601179424738,-0.0606769756999,-0.238000440589,0.0520334523041,0.104577213607,0.357914423088,-0.438624702741,-0.336735490341,-0.2274271427,-0.306333538756,-0.426939461771,-0.6060434334,0.580121682675,0.717811971252,-0.381803799255,-0.120445549439,0.164993384419,-0.0700498392608,-0.340364312613,-0.265661251399,0.0296106186045,-0.170949304733,0.0395137258411,-0.22754762803,0.249381476078,-0.307736445666,0.155881453494,0.150413274859,-0.0223662748318,-0.126235350333,0.0693640229786,-0.329402004135,0.0322169347568,-0.225849836476,-0.416414026378,0.134550795933,0.600856759687,-0.12843523739,0.334203032284,-0.447618510526,-0.161072790086,-0.782682354642,0.210949455517,-0.807175578543,-1.22445260372,0.0851394543581,0.154392303926,-0.994121358373,-0.601560324555,1.95909078044,1.05634981208,-0.361470056106,-4.86929620981,-1.87228287233,0.859099174711,-0.742872114857,0.980599104178,-1.17990727955,-1.22518574147,0.8531324916,3.05572747936,-0.467133114212,-0.446492939967,1.22907221126,-1.47603588139,-3.5531713535,-1.11510438685,-0.795372829683,-1.4397208666,-0.430077750294,-0.459381631113,3.17769037705,-0.122257474199,0.392439195336,-2.55209574869,-0.0939330496942,-1.81957275553,0.32005295739,-3.64738968131,-1.0732487452,1.03927696263,-0.809772730523,-1.78934091977,-0.749751967106,0.911172945016,-0.595770924618,-2.81614806613,0.308344193762,-0.0839368860354,-1.73479999555,-3.29875719139,-0.199707834929,1.57124005989,3.01301599935,1.16143127318,-0.185174554823,0.797936939581,-0.804663958459,0.171810132601,-0.134765377425,0.372051998676,-0.306586911509,1.08966844427,-2.06782041706,2.56445025281,-2.11312889227,0.571978168656,-0.413376656426,0.328578860057,-0.673037066746,1.50143486892,0.0961847519973
77,-0.153271199306,0.0270490349502,-0.233312234431,-0.0881852231423,-0.112909380025,-0.287877668054,-0.165793985196,-0.00638025950565,0.160523965069,-0.0906419380002,-0.0838817090742,0.0430581894615,0.0231304456968,0.0171755544992,-0.440010335167,-0.423232493091,-0.407551654727,-0.368939745079,-0.455814090698,-0.293400541152,0.578361805544,0.67903709064,-0.623678230229,-0.154479546768,-0.0592149438416,-0.0973053025929,-0.550376837988,-0.229297191411,0.1055503366,-0.211991909208,-0.139330335423,-0.28170596666,0.341419791357,-0.341664574153,-0.0967997164541,0.164642797932,-0.0503322776591,-0.276218442769,-0.226527740489,-0.307377976183,0.170095006544,0.0668729650463,-0.270182186561,0.070229711593,0.629485720228,-0.189399036167,0.325975908975,-0.427427498124,-0.123137900883,-0.791077259814,0.312600127475,-1.00052229977,-0.952554625081,-0.136947186546,0.20224283165,-1.02537238313,-0.575645453112,1.88511654138,1.20754959816,-0.352603076543,0.592935512292,3.26153569403,-2.23182263905,1.46660465456,1.14236987396,-0.682910415758,0.8322934953,-0.153521774269,-0.421690711763,0.576654802993,2.94595398012,-1.2452959931,-0.402484359263,-2.50287213574,1.41423042662,-0.942555097545,-1.95318938072,-0.908805202792,0.139056149926,2.55083842912,-0.183580455421,-0.950442293448,-1.96673383439,-0.829206375426,-2.41738814158,-0.821058860953,-0.379409809839,1.90016429088,0.447904956384,0.05837991278,-1.65991422755,-0.390314092627,0.899541161235,-0.0192647351816,-2.08657842394,-0.09061708996,-0.499733973638,-1.14558643402,-2.47523649314,0.712520970242,1.09758849532,2.75176264443,1.75679905258,-1.06927911387,-0.230708889336,-0.398307167202,-0.32722209509,0.531709487752,0.379126989942,0.136356095056,0.923168221293,-1.76464789449,2.83637339031,-2.30343978164,0.375499421123,-0.208882390274,0.18932125943,-0.804193042328,1.52031138403,0.08058313545
78,0.0504846042322,-0.0536753044601,0.118526338864,-0.111692919319,-0.126150292343,-0.114074914675,-0.0946691401973,-0.0318358553399,-0.0449321617026,0.0859399534543,0.172949682847,-0.0708369391691,-0.0386493666436,-0.0709129568814,-0.181368855178,-0.49589465493,-0.57952259869,-0.487790051026,-0.381023855033,-0.165851341704,0.501404350579,0.572973798573,-0.726333574045,-0.315496141796,-0.268632488808,-0.197580356656,-0.433321950604,0.0887515297101,0.127044373738,-0.151832158696,-0.272219669804,-0.317266474593,0.420879623571,-0.30531827434,-0.239725496057,0.125036622684,-0.122175353094,-0.338013009536,-0.404623109342,-0.179197754155,0.238469144574,0.309634468767,-0.0695832915147,-0.0689023461895,0.557396356286,-0.206352889908,0.271598552494,-0.344107254238,-0.0869422120181,-0.756310188479,0.391695232621,-1.15356402335,-0.664658511547,-0.370413766119,0.227701086063,-1.03550030618,-0.563684323125,1.7987454309,1.35995182015,-0.345467601291,2.36729891215,-2.61182130257,4.62393021386,0.0124326085891,-0.916130075144,3.29755427983,0.665720596808,-0.534104183719,-2.57542238061,2.36529503908,1.47670207369,-0.369102049173,-0.949314362305,0.563791214576,3.17892053976,-0.239477320372,-1.33739597118,-1.34739150678,1.22822705718,-0.0814937471362,-1.4170585045,-1.00992235617,0.0172849914466,-2.38483475019,-1.57448850842,-0.90550523343,2.4042839431,4.12554025663,0.0797062427072,1.13981554544,-0.935910016264,-0.369957374261,0.639893712229,0.741067074312,-0.714918140807,-0.701644301987,-0.908072161534,-0.0431520666097,-1.02782663119,1.85034069436,0.230784137052,2.047987941,2.21656107255,-1.64338295099,-1.17990013001,0.0601641201007,-0.741604236398,1.11375492332,0.335590498294,0.552459747368,0.640499593936,-1.26589031764,2.88447935083,-2.34007902098,0.125431003085,0.00750537395711,0.0504164939518,-0.920557662937,1.52538395134,0.0615572598187
79,0.160304042098,-0.00229865837939,-0.0675475527763,0.0897042891391,-0.0460489191768,0.0791462237726,0.0116260053113,-0.120618634042,-0.132787118411,0.205708786687,0.180160743335,0.00633482604094,-0.119159643083,0.0194048868621,0.0496047663699,-0.42626457909,-0.651712303572,-0.596740840098,-0.270936098413,-0.269935830405,0.321321840083,0.48492413053,-0.635465857768,-0.594124961181,-0.357764060515,-0.222427309939,-0.158274648049,0.504293344931,0.144989898073,0.00454928084648,-0.324074216381,-0.361178863746,0.459616610687,-0.201704488516,-0.239734130727,0.0317869605486,-0.220576525432,-0.284243840042,-0.430778809383,0.0540744979722,0.214643930369,0.469773599865,0.162638265838,-0.241803307225,0.402748311628,-0.178689045189,0.182111983748,-0.210016200184,-0.0579142489116,-0.682250605199,0.437434584883,-1.24831554589,-0.382819934202,-0.599890128266,0.225869863598,-1.02380442906,-0.565368869747,1.70157731457,1.51214901703,-0.340404647088,-1.99997222576,0.0741540294711,-4.70589509992,1.61360026108,3.43055705611,-0.0322019290464,1.23938470855,-0.78674254898,1.20978696599,-0.565896299753,-1.01515175696,1.56706176677,-0.199272796521,0.618134354929,0.865783290934,1.67087999146,0.00174532563301,-0.599742810629,0.597113103721,-1.60005838572,-1.89727992792,-0.822426166615,1.56622659172,-2.84727590237,-0.25709233602,0.623029361633,2.61875430602,3.68540300116,0.383632450833,1.87764042959,-0.138392793371,-0.509409972616,0.0930199472571,1.25843363015,0.660763113321,-1.0923407659,-0.979429329565,1.0786363031,0.459605869618,2.7312178854,-0.684200963673,1.14374375583,2.36400698662,-1.7221170177,-1.85431368425,0.479445817624,-1.02295057064,1.53642791363,0.235553931392,0.918762152166,0.260288328253,-0.606149894941,2.7183057421,-2.22488815864,-0.168283834943,0.225880321338,-0.0826959409793,-1.01976158755,1.51613990383,0.039141655203
80,-0.0575786579996,-0.149506104716,-0.101839772659,-0.038454490561,0.282309831693,0.0714609990384,0.0447981251277,-0.0544581076929,0.0792477841698,0.0147466287501,0.0512476541501,0.132708156014,-0.0207632034948,0.00384561270963,-0.0242109591386,-0.209678704447,-0.558632742352,-0.578087583437,-0.3125092316,-0.404178464987,0.184632166311,0.38710858421,-0.472621044554,-0.805865519906,-0.351349042603,-0.0581096327536,0.015683514408,0.742234969276,0.213130585765,0.193165009933,-0.314830469468,-0.414060299345,0.434243979741,-0.0720187092841,-0.126824770568,-0.0749314983178,-0.29945767706,-0.137292583929,-0.330581691268,0.343633438401,0.111748598858,0.540326943534,0.389172938582,-0.394344194619,0.199866022914,-0.114369609322,0.0724050195425,-0.0438478137473,-0.0415917653703,-0.574827937617,0.441536308416,-1.27113799379,-0.127266314705,-0.810748783299,0.193049125804,-0.990607213677,-0.579855475789,1.59543429284,1.66269127619,-0.337749859528,1.33369665315,1.63042539961,2.37864579401,-1.88050350929,0.318485994619,1.11435252508,-0.648196951017,2.36593877015,1.9433265839,-2.37350009961,-1.2800715346,0.521110237532,2.06084089152,-0.665567158903,-1.90227678318,2.20485835446,1.92067127271,0.99007261979,-1.45425896108,-0.79835469607,-0.598199337936,-1.20866051318,1.4121536474,-1.02599857422,0.164523202166,2.57599967995,0.661674334141,0.805507788698,0.949297586476,1.71483885433,0.225595304574,-0.50038483283,-0.606736952452,1.23476574738,1.47107066382,-0.939239681566,-0.502472757228,1.75870813887,1.41931239886,2.91780887371,-1.30019627102,0.295282699454,2.09404625002,-1.23625845235,-2.13213218837,0.782563118042,-1.14310874119,1.74933567135,0.0830821426639,1.21712904629,-0.186094969566,0.162853702041,2.36452753513,-1.97073257885,-0.491750842283,0.435762253436,-0.204780097646,-1.09974050698,1.4922449852,0.0134093438126
81,0.119051914916,0.0892441122148,0.0906053025895,0.0652525599846,-0.0379830942121,0.195339282289,0.0588744845772,0.224376044223,0.132878274386,-0.101258342174,-0.0513952867957,0.0965637055614,0.193506724263,-0.00171799977698,-0.197852110081,-0.0705117353251,-0.281884935331,-0.421572764163,-0.511543881789,-0.418675608877,0.213534894854,0.249727692727,-0.383712991677,-0.75863372392,-0.36485617782,0.246703435401,-0.0211813722718,0.652995620052,0.312942046621,0.312761036286,-0.297673355067,-0.44945546209,0.341661340287,0.0268087315058,0.0275328012813,-0.137225150937,-0.304616813908,0.0450246645072,-0.175612936033,0.607306243767,-0.0280067520307,0.536986345884,0.567730467995,-0.47253437601,-0.00959681128844,-0.0276676731995,-0.0408923523764,0.132164729002,-0.0425501758065,-0.441524074348,0.399376582114,-1.21424154885,0.0851879535108,-0.9901496781,0.127094279692,-0.937287695866,-0.605795962826,1.482326993,1.81010466114,-0.337829633024,-1.89258283087,-1.55632906987,1.85300289463,2.65767932073,-3.7103425262,-0.417920546403,1.92463266779,2.09186821151,-0.701906005452,0.390201649773,-0.702547586643,-0.981642102892,1.5697639778,1.07403716875,-0.997321588784,0.368609106107,3.36213380671,1.93768647137,-2.05570940938,0.340200268099,1.04389815185,-1.38696934689,0.373529580525,1.96203879784,-0.558486135868,3.18959975968,-1.16574053374,-2.44676527903,0.873899580899,0.535080667963,0.0464871194529,-0.146704534788,-1.20495647232,0.668227053473,1.48768083244,-0.233259106924,0.457863798564,1.77601132785,1.53101131119,2.20604454487,-1.40186715943,-0.312793685834,1.41681406487,-0.259300738941,-1.99091402794,0.922179189194,-1.09541968813,1.73272658543,-0.10661439313,1.4346906337,-0.657457551671,0.976726725193,1.86415433002,-1.60021623749,-0.827910266765,0.626585484326,-0.31101557165,-1.1587980769,1.45355461254,-0.0155276243639
82,-0.145551987286,0.0419863371926,0.0920928544928,0.12117749994,0.0102495123879,-0.0378046129178,0.323729885968,0.259918475954,0.0643572518947,0.032998205444,-0.0641353830695,0.00683683649464,0.219673942447,0.224943611573,-0.196979541674,-0.108745477366,0.0313873261234,-0.230801880034,-0.622949909495,-0.389516124337,0.342834818815,0.153647566651,-0.368092099106,-0.459455235293,-0.462023788429,0.51168063249,-0.144630431186,0.311967759852,0.349754241176,0.28533814594,-0.310858029404,-0.433632724899,0.205042392245,0.0530019763689,0.150152467157,-0.114031494317,-0.203356011779,0.198960572271,-0.0514098645383,0.758824789733,-0.15108858159,0.487969657186,0.663303991932,-0.436604114012,-0.186855890511,0.0642134722769,-0.141527253359,0.29542969044,-0.0633156647993,-0.290837669316,0.310774579411,-1.07667247497,0.242384026442,-1.12791889116,0.027682173805,-0.866263821174,-0.641389408863,1.36441495451,1.95291061916,-0.340957201825,-0.183412885229,4.06106179411,-2.13012150534,-1.75076040622,3.76561598583,-1.96953014444,1.43959632661,-1.02706686702,-0.0636717906655,1.6482888053,0.585409144387,-0.531910682277,-0.945326417284,2.91740174075,0.685550863406,-0.718251794015,2.42151679461,1.72781486104,0.214916657708,-6.15659499118e-05,1.25598948208,-0.316446374982,0.172528532477,3.61413987567,-1.24544498673,1.82284017804,-0.886962478839,-3.98845699159,-0.308111342689,-1.07258443341,-0.284647830676,0.492668901241,-1.45423751681,-0.152736490328,0.896768274281,0.693161170824,1.54919927241,1.23357549841,0.843376932301,0.724202988699,-0.984558466616,-0.619118328817,0.4657717911,1.00270384499,-1.50845300881,0.887350033613,-0.893763960567,1.49905025028,-0.308095014708,1.56398680338,-1.10689540362,1.76419207019,1.26854222995,-1.14367077047,-1.1575863898,0.788227536046,-0.397200493171,-1.19566074787,1.40012216048,-0.0475181317617
83,-0.155371069083,0.151200540057,0.0909825273533,-0.00606100841751,0.194962099583,0.163613818771,0.140740927638,0.136150019528,0.143886347212,0.142151334919,0.0636632061243,0.0146528815907,0.100465178416,0.419047973796,-0.15981796681,-0.131485504121,0.132636631241,-0.0900719227861,-0.447488761098,-0.432062666487,0.426175124282,0.207872063345,-0.308945226876,-0.128520066514,-0.567260909278,0.579443647584,-0.129912145402,-0.0708709772946,0.231825174768,0.119156054967,-0.339529519899,-0.350110597989,0.066420832662,0.00160635307945,0.201623110619,-0.00812494235936,-0.00676715215983,0.284737140156,-0.0210695240741,0.740598118017,-0.214144971058,0.421235799474,0.659211421952,-0.272226217992,-0.305009524647,0.144719256826,-0.215553425917,0.426102092429,-0.103476262327,-0.131744443814,0.180324441017,-0.864675765093,0.337618202351,-1.2171971759,-0.103538072628,-0.780921077605,-0.684453427943,1.24396202589,2.08964605576,-0.347428752612,-1.00291187444,-3.76098567814,2.28018617087,0.947441132605,-1.17757267535,4.92606446894,-3.9176691916,-1.18250108298,1.28044549594,0.522799826191,1.75247749519,0.68822158836,-0.838311044102,0.263726025458,-0.298676066296,0.463095002356,-0.488439354108,1.08291197417,3.08250102987,-0.701105444254,0.360325204307,1.34726326381,1.10603318002,2.58151635831,-0.584457811373,-0.473546756618,1.38200610871,-3.37926506814,-2.05105451701,-2.06128941102,-0.174661952162,1.15616817827,-1.24227474167,-0.817156846727,0.147255903634,1.33736784485,2.28456664886,0.482973888905,-0.262753012965,-1.09890977047,-0.248123124085,-0.685861771083,-0.534518462087,2.25718380566,-0.838799333992,0.700801757773,-0.569800019729,1.08992475682,-0.488698418164,1.60291458476,-1.48666174004,2.45368706278,0.634592374238,-0.636597004071,-1.46072760656,0.91154944207,-0.459936236298,-1.20952236704,1.33220396727,-0.0823724669819
84,-0.00452325974687,0.0818025226694,0.115177464111,0.257782847659,0.126772344972,0.338107037867,-0.0172391698192,0.0275171427998,0.210444812911,0.189669178934,0.222791709838,0.13493169338,0.115616404907,0.254261515398,-0.240655767715,-0.0478268168718,-0.0212608475716,-0.0101697223695,-0.0962600492587,-0.468867901529,0.430798127167,0.379465320641,-0.160578923259,0.00501595884723,-0.534334600574,0.445092751237,0.131871900234,-0.334393239387,-0.0395299334986,-0.078638603837,-0.320875512251,-0.210826620896,-0.0307138724209,-0.0947058501144,0.189073378246,0.130450311659,0.228707343116,0.302375775114,-0.0998700471705,0.547001589266,-0.200674696324,0.354187111403,0.563207680423,0.00424217118646,-0.354662177639,0.200836204961,-0.252907241929,0.509677273163,-0.159183839751,0.026829757046,0.0172235783189,-0.591383593161,0.369938907477,-1.25481428501,-0.262924121791,-0.685487817534,-0.732512629058,1.12328789181,2.21888373597,-0.357519610575,3.08971396023,2.26144016771,-1.13953055277,1.93054101174,1.92247597672,-3.16591283098,1.7990925654,-0.755986536011,-0.360650914853,0.667299530737,1.17690823826,1.63367928733,1.04913432987,-3.02065285864,-0.827169782003,0.771399574511,-2.11687316899,0.533353485623,3.37837319616,0.315515799095,-0.118605597838,1.74970666566,1.63728221278,0.0409890274792,1.35758282604,-1.95793658366,3.65414718798,-1.89569541108,-3.1806943588,-1.63473868846,0.659291331138,1.57299671106,-0.655308446191,-1.01923301422,-0.327455344744,1.30373568054,2.28549947016,-0.0685655701599,-1.24886530597,-2.68542199587,0.489964755009,-0.650929568616,-1.33223470872,3.19604847489,-0.170003400997,0.408394035499,-0.168697757846,0.569077206921,-0.613257509688,1.55453034556,-1.75328298335,2.9801408173,0.0195775367955,-0.116778061535,-1.71774823786,0.988916319493,-0.496784843126,-1.20007669116,1.25026083228,-0.119863321561
85,-0.0381509006719,-0.0125805512875,0.186933345965,0.206748072927,0.355816621753,-0.0499720516882,0.225237480557,0.0807485170632,0.096259787709,0.258229763536,0.294174523943,0.310609603255,0.235041357478,-0.0116394429803,-0.217159581055,-0.0578947006386,-0.191462659064,0.0169074521917,0.134907025378,-0.327151745389,0.422391589599,0.491503889528,-0.0412004936086,-0.0881797261645,-0.304492519324,0.247307255836,0.532071130743,-0.475149811039,-0.35647197326,-0.163414792459,-0.194871367509,-0.0475192957715,-0.0606095017045,-0.185045076786,0.151561743084,0.227589647215,0.423289649118,0.286371464503,-0.251103889794,0.22886500302,-0.126378718911,0.289711956453,0.40642294841,0.348123401996,-0.344863667654,0.224686817543,-0.248491499026,0.538721353655,-0.223184438729,0.176509258909,-0.165400606354,-0.27584435983,0.343927322058,-1.24136819924,-0.444954700314,-0.584860843654,-0.782901105339,1.00471701781,2.33925265314,-0.371480551392,-2.44418837115,-1.48409977565,0.673700897375,-1.14370092378,-0.458039576509,-0.857796848466,0.822880996748,1.95334565669,-1.2249255808,0.348609742843,0.419070172903,1.64174038944,0.907439545474,-1.49234421825,1.56331996125,-1.10746193935,-0.932190607642,-0.000131575867177,0.990660019327,2.49233093259,-0.064119911221,0.249091344222,0.460718349905,-1.58312122587,3.0349401339,-1.71329553952,3.92535589051,-1.12111944053,-2.91632446107,0.0879548262921,1.85913340352,1.63632718167,0.0503150336849,-0.714756488103,-0.351049519101,0.532897032479,1.48824126992,-0.169612561079,-1.65217855406,-3.52011744577,0.926016126336,-0.653738245805,-1.7240202108,3.57338230609,0.325202637076,0.0644292742268,0.256400940734,0.0123637729842,-0.649811703743,1.42671175768,-1.87238569701,3.29127713667,-0.523933215326,0.378694683355,-1.91087481136,1.01466624947,-0.506390920756,-1.16753630175,1.15495585201,-0.159727310554
86,-0.119446091708,0.217054598902,0.0634121117831,0.149501091272,-0.00105511944568,0.251556199631,0.114375069318,0.268997135167,0.118343739731,0.220223128638,0.333497708129,0.410687658612,0.259362134918,0.0115449488999,0.0160536640103,-0.2128165586,-0.192834312842,-0.0098361908893,0.10723014063,-0.027777435592,0.388106567048,0.416091940427,-0.0998897633892,-0.238194089979,0.00858957225506,0.14301302929,0.838311941758,-0.597512522123,-0.586012548593,-0.0533186126293,0.0349310610627,0.107120937258,-0.0274763503077,-0.227864681641,0.12907209168,0.223132219523,0.50970953147,0.282815258078,-0.403961474993,-0.122779255801,-0.0313469768707,0.219670313165,0.235151217646,0.696021806089,-0.299302231835,0.213636273701,-0.202652811786,0.513518903022,-0.285431979767,0.309926755998,-0.351610787148,0.0585288058039,0.268994521845,-1.18101275163,-0.642474626308,-0.48438797155,-0.83287503847,0.890526430377,2.44945799516,-0.38953429115,-0.664141848752,1.66279728544,-0.202749539429,-1.69765382094,-3.38911032027,3.6085507264,-1.12013868141,0.710265123902,1.92037753125,-0.867944803132,0.329464250576,0.156554880194,-0.30730032627,1.6371432104,2.34886476184,-1.39019351263,0.715725251876,-0.511995341613,-1.26961951622,3.01803233115,-0.858983004444,-1.63673990526,-1.60322914629,-1.09054695053,2.84500282983,-0.279283456039,1.90588914841,-1.46098427269,-1.5788865716,2.03360882261,2.5815973191,1.42183820775,0.553768210837,-0.12038552726,-0.0754909500953,-0.646729015279,0.200104087569,0.151094632068,-1.27695015877,-3.33949241149,0.892828117333,-0.765984658627,-1.61823303232,3.26919398088,0.532906222612,-0.282663207758,0.650911226281,-0.50363439261,-0.575399125745,1.23164608461,-1.82272562798,3.35282603817,-0.952596438817,0.816240192743,-2.02539861718,0.98549703151,-0.48856100839,-1.11263684211,1.04714852803,-0.201667008705
87,-0.208125247586,0.0796429673666,0.169620676282,-0.0810154906407,0.0647317736563,0.18096660471,0.237677669436,0.20319296509,0.352177358537,0.202347599865,0.325198219011,0.335499383068,0.225972358752,0.190379224428,0.0972277725696,-0.226629237083,-0.106424564726,-0.0758730836337,-0.0424343617772,0.181812172925,0.212115303349,0.213735695919,-0.31516037507,-0.269267792635,0.195246135742,0.18673873837,0.888110977709,-0.772052836379,-0.674455706296,0.206347564033,0.279952745385,0.231920897233,0.0350224717097,-0.210464352572,0.134674116452,0.103254110934,0.465209784102,0.321237782935,-0.484959035985,-0.407559819996,0.0374794338575,0.133812656557,0.0978420283227,0.980357540175,-0.248917277464,0.169161050747,-0.120975537366,0.44157905195,-0.33424415042,0.421119535624,-0.524124382267,0.385953937214,0.158271063329,-1.08098060971,-0.84705654334,-0.389617160097,-0.879730883373,0.78289383395,2.54830033576,-0.411872204975,1.26928450045,-0.0682196380839,-1.22960017535,-0.0716590944988,3.05956437492,-4.00042611098,2.56992867863,-0.904248733021,1.6213267749,1.02522303829,-0.627940015088,-1.49808657898,-0.136249611923,1.34019856657,-1.15433466737,1.33062808467,0.76052633625,-0.738382282251,-1.35099845208,0.848431780679,-2.71033734656,-2.11046873675,-2.30806519962,0.479802390354,0.637275255535,1.03100321996,-0.85336523364,-1.93306714202,-0.298791764198,2.89759621731,2.08448921632,1.05573400231,0.610431786074,0.437236577617,0.147970215685,-1.67809188483,-1.0316786493,0.607648355903,-0.264831031909,-2.22535783077,0.42482378836,-0.956113038607,-1.06486219602,2.32199385308,0.424583875697,-0.600200365358,0.965842550347,-0.91275307563,-0.380947642887,0.985093903025,-1.59898759058,3.152124531,-1.23586370906,1.16822737144,-2.05074295816,0.900744014214,-0.444295088437,-1.03662598715,0.927885171416,-0.245353484818
88,0.0163804671887,0.0562682358093,-0.0396525130008,0.19919881591,0.157274495136,0.00735020036292,0.265843068023,0.281391250673,0.344145239237,0.39127624895,0.234707930865,0.170833673761,0.232994197149,0.238989705683,-0.168958022953,-0.00726338457371,-0.0577458246155,-0.140329332495,-0.118644398238,0.134998070324,-0.117826301186,0.0405973907229,-0.47426131733,-0.172165014719,0.117124921793,0.314725181384,0.709931222965,-0.946218237482,-0.678836261939,0.470049965482,0.408759673424,0.314411299223,0.0778818447693,-0.149606052545,0.146349812986,-0.0905465934979,0.323187862353,0.395855775225,-0.44909479418,-0.549593795254,0.0462990360205,0.0298748135008,0.0312525151603,1.14518434327,-0.222994454489,0.095063426958,-0.0133773820723,0.336109883606,-0.357864688689,0.505839027494,-0.665983157328,0.680539494286,0.0272004974941,-0.950889194026,-1.04945679148,-0.306024217626,-0.920924165165,0.683847598848,2.63469368549,-0.438651322949,0.941376771877,-3.90842327838,0.847090843014,2.606640444,-1.26861596544,1.89392006833,-2.45547316215,2.1693347813,-1.20609758688,1.88765608647,-0.811631661979,-1.43858846886,0.0786165446016,-0.146788418017,-3.35530021546,2.33040586044,0.287469558946,-0.454213216393,-0.141712717928,-1.51676591992,-3.4863134762,-1.24344436294,-0.491494669907,1.19913499208,-2.12476851988,1.34666290823,-2.38911654584,-1.30869395842,0.0293833207597,2.12096322879,0.325841911463,0.569695336699,0.173928854846,0.727505360626,0.0108817584677,-2.0625852905,-1.67879050137,0.813360288741,0.979427078679,-0.569065521384,-0.259548209515,-1.10219967051,-0.241831858991,0.921279934232,0.0603170949664,-0.874225081799,1.16457491221,-1.16847932418,-0.0743808010511,0.705387397224,-1.21304393441,2.69973616975,-1.35829184866,1.41484970613,-1.98126710242,0.762527761344,-0.375766960334,-0.94123709323,0.79838572164,-0.290429307929
89,0.139051881841,-0.0908905299181,0.12603431527,0.118142710468,0.119292313157,0.274245446111,0.0730134523962,0.371817927537,0.305093350604,0.41296552116,0.220499602649,0.104599105718,0.202932450029,0.234683479729,-0.388946974963,0.0914185416347,-0.0272239104913,-0.148376842673,-0.0944508135166,-0.0310548110581,-0.38484668794,-0.0420887466476,-0.372455121703,-0.0845729968737,-0.185448361005,0.428395421686,0.478721512329,-0.990425839034,-0.695805228489,0.59615603121,0.329121484776,0.339378133625,0.0598621047478,-0.0741702665663,0.122470754193,-0.281249104135,0.157784821116,0.465977456032,-0.297741405807,-0.521779319084,-0.011257942725,-0.0799103450321,0.0500479926027,1.1592854687,-0.241138475975,-0.00424980015714,0.107417463516,0.21372350787,-0.34621910986,0.561746535988,-0.762264118159,0.918598001621,-0.108026846277,-0.801893197003,-1.24013597513,-0.238732870362,-0.954183706302,0.59522013141,2.70768205382,-0.469991648803,1.81408944717,3.82532342653,-0.904988876621,-2.82217735174,1.3125248155,1.20271447283,0.573396279935,-1.35365571503,0.835862007637,-1.63736343047,0.508660036982,0.246808545388,-0.702954043981,0.305946728533,-0.41135090085,-0.789251600115,0.360252275572,0.360086032105,0.435205940013,-1.30972202908,-1.38533236237,-0.558298145633,2.50650693205,0.333976375846,-3.59840865301,0.855405105973,-1.93162991066,0.567171376998,-0.425965175051,0.339038056837,-1.89945354529,-0.109611505256,-0.554297093744,0.748994178177,-0.547042461117,-1.62134248966,-1.49014013799,0.490495439375,1.9679264649,1.07643346622,-0.85005454137,-1.04823054714,0.598437992828,-0.638140389354,-0.431446623874,-1.10541034955,1.22834599307,-1.24991046945,0.318697934172,0.412159368377,-0.693508062505,2.02890512697,-1.32040718097,1.54530132287,-1.81674837533,0.575757452278,-0.286252513004,-0.828648034815,0.660027191262,-0.33651199009
90,-0.078915871985,0.0200057920366,-0.0581551094664,-0.0111039813427,0.216576773707,0.20397612027,0.340786791518,0.151882814306,0.369469419063,0.196747607581,0.270995544313,0.202176675617,0.138883962559,0.280578429778,-0.254933229097,-0.136412940617,-0.00668172202168,-0.0683823113756,-0.0581589295331,-0.0628784438385,-0.346991368656,-0.104797516128,-0.0228291275734,-0.122758933542,-0.531107892707,0.48672747178,0.362815674801,-0.829247736293,-0.755058848443,0.549626514747,0.0523673267507,0.284668406451,-0.0297983114548,-0.00204685174302,0.0305068569764,-0.394799324299,0.0483204897667,0.47561519492,-0.07657514348,-0.352055514522,-0.111313820535,-0.169202574911,0.143074687872,1.02326656057,-0.308210218791,-0.124803040274,0.227842578024,0.0917480972247,-0.292604635586,0.588470341692,-0.801659852672,1.08079684772,-0.232051496761,-0.645757669157,-1.40981008746,-0.19224198347,-0.977616128297,0.518606059002,2.76645419917,-0.505973842941,-5.05876332265,-2.91459301455,-0.635881648992,0.758925558771,-0.775487220999,-1.08355673436,2.64988642464,-1.22846563846,-0.732437936522,-1.67324979078,0.106710019035,1.40201824136,-0.194582371574,0.238060443851,2.45936938758,-3.09932640021,-0.154539685603,1.14647009398,0.27361236608,0.72430780914,2.06721647338,-0.817595247335,4.05329981906,-1.03433871511,-2.98211512373,0.380013062144,-0.32108592446,2.53860969684,-0.618615332328,-1.10278631396,-3.43428167155,-1.01606346577,-1.18639477282,0.704580211171,-1.29242560252,-0.589936507111,-0.618378693725,-0.372226008626,2.33363519788,2.19695122303,-1.0738966963,-0.680949936033,1.20539057723,-2.02778953718,-0.891475735487,-1.29994607929,1.15933169044,-1.16355949412,0.757016674605,0.124855714164,-0.0835840837017,1.19286641392,-1.13807290271,1.55818322921,-1.5625075181,0.34798418717,-0.180007404967,-0.701426294229,0.514324036616,-0.383197822427
91,-0.0738191956868,0.111562768532,0.029704960499,0.0968569292809,0.0312565987003,0.216027642277,0.312952478802,0.273413268904,0.124417973014,0.158732001647,0.224618430317,0.309924102856,0.209347174159,0.22087136491,-0.0616739156217,-0.365491906426,-0.0872178572192,0.043078774034,-0.0204137669039,0.0688754072446,-0.049634764434,-0.207101002444,0.338054477779,-0.253794984126,-0.733159965973,0.523581671246,0.402217827319,-0.528642447257,-0.78049334114,0.421433957687,-0.308382996254,0.133980337326,-0.160534257767,0.0726395648653,-0.129217232651,-0.397106620128,0.0408413859807,0.382717743267,0.144397079604,-0.110230594211,-0.209540334514,-0.205339794056,0.277415405534,0.768962525816,-0.413461293172,-0.263072114361,0.335601002079,-0.0144201578945,-0.19504858921,0.587507811951,-0.777764929882,1.15394157438,-0.331787485437,-0.493929436894,-1.54999585566,-0.170174867381,-0.989795748566,0.455326528794,2.81035627783,-0.546637306653,4.30219364639,3.64023342356,2.69350170843,0.152886737991,-1.186112192,0.54016749118,-2.69760906783,2.50145550631,-2.97906680387,0.480515496909,-0.76735710826,0.457784520959,1.4908679026,-1.42978833631,0.767199631113,-0.852274975807,-1.42986845367,0.83242002889,0.630055084018,1.4977389572,3.26112804565,-1.11404988146,2.68621462455,-1.32017650347,-0.929883655994,0.448967762314,0.946531602956,3.1701410401,0.317174935285,-1.2115252361,-3.52075255545,-1.98010361273,-1.3189691388,0.830720625922,-1.83674251069,0.504818072799,0.452016242659,-1.4932232096,1.9716570707,2.49267841442,-0.809977515151,0.00446529981332,1.40538542716,-2.96414031316,-1.17414088224,-1.45901622864,0.980392439906,-0.94077023771,1.18819351034,-0.138852434304,0.562620565526,0.260239818041,-0.840447874669,1.4611352679,-1.22916849156,0.0891072296711,-0.0620981593181,-0.562461905981,0.362905837433,-0.430066053651
92,-0.00727504011118,0.0222888490534,0.279050025899,0.114432199987,0.129283457236,0.126012865314,0.103164830321,0.293256318335,0.0507865277382,0.162000984111,0.181167611578,0.285279843896,0.344773798541,0.0753150544551,-0.122030552192,-0.28382432942,-0.242190976746,0.0564327279885,0.0815270741902,0.157886219534,0.180101301394,-0.289643276152,0.447478858635,-0.336337426534,-0.715720880176,0.585666382322,0.511171301851,-0.255472171424,-0.661787195614,0.348231148354,-0.606810869546,-0.100649881637,-0.269817754385,0.172182025996,-0.319520830678,-0.310125767126,0.1258276336,0.183589613501,0.299319513157,0.118727691717,-0.2596560596,-0.161906631922,0.408876792463,0.45149228529,-0.533943926045,-0.415050677533,0.42156430708,-0.093503685992,-0.0571055595348,0.561970650215,-0.689929432384,1.13221929866,-0.397599024838,-0.356681764529,-1.6535144126,-0.175064852952,-0.989835514517,0.406400734248,2.83890214512,-0.591978698926,-2.5878034666,-2.47286178268,-1.15561781301,1.76005779849,2.20421230736,-2.07980428606,-0.630741029071,-2.86817445794,1.8679416381,-0.648957251999,0.0079762596362,-0.744415189242,0.610452004913,-0.852261834021,-1.55546464117,2.07437050169,-1.25980705036,-0.650673887733,1.32240240891,0.0454634052138,0.862598521827,-0.329198052779,-0.634444290716,-0.152326166321,1.1768018828,0.773934558226,1.02876969862,2.04563005979,2.10751654913,-0.129429395486,-2.28452885681,-2.62256581503,-0.750764835323,1.18935497648,-1.87091580897,1.12028908135,1.14231112325,-2.41677836057,1.06320148718,1.96527481626,-0.142626918585,0.87819881757,1.15182929717,-3.27383083809,-1.18658287989,-1.57088137669,0.731060398274,-0.631209802346,1.55527687344,-0.364586102866,1.18500041716,-0.691078614162,-0.466754628661,1.26975454893,-0.832070263396,-0.189054910963,0.0618069328973,-0.414890342943,0.207492740821,-0.476683353651
93,-0.0996592970614,0.139689733338,-0.0531415717078,0.272663962352,0.247312369677,0.0423169110924,0.0723239819416,-0.0685553513907,0.267113523206,0.115692519894,0.192949134145,0.211768216499,0.26781730732,0.130785665251,-0.253370877481,-0.0817733892233,-0.268397121754,-0.0646206780048,0.19242697394,0.0840286939633,0.0941359999007,-0.245638119158,0.228644141479,-0.275565117376,-0.532187863489,0.66076233087,0.577896821455,-0.146557090401,-0.3754433521,0.397700894119,-0.749637161706,-0.366742899817,-0.291996721557,0.311336879236,-0.484560504102,-0.19874169822,0.243310876057,-0.0797023584138,0.351217739195,0.264390689822,-0.233242876865,-0.0312980103967,0.49555651666,0.136166177801,-0.641134695706,-0.574793642386,0.481092406691,-0.13972763076,0.112061947311,0.516190284241,-0.543579152845,1.01777910245,-0.424107640877,-0.242398111316,-1.71492040901,-0.208189707211,-0.977435365897,0.37252555318,2.85178111036,-0.641950911285,0.337828644123,0.889064068683,-0.0320029910551,-1.20734688593,-0.237518234852,1.20437319816,-0.980764946741,-2.31880803011,0.697901917376,0.355327902552,-0.0178534339616,-0.596977941967,-1.97223120877,1.88368134093,-0.60241134673,1.35347272756,0.883627481327,-1.4721038394,0.532422175736,-1.24285728926,-2.3644165301,1.23333545722,-3.45164048963,1.2648244439,2.2832288082,0.58360905403,0.228334061358,0.128516484927,3.40490762404,1.01670332734,-0.58101295987,-2.56127333749,0.366359196617,1.56591551533,-1.35010724589,0.979319880921,1.06647774349,-2.72032601441,-0.0189770526511,0.889964092503,0.666700924082,1.70275883101,0.535111562633,-2.92931348216,-0.912420906731,-1.60873359939,0.460091046726,-0.293559806023,1.80436247608,-0.542503903088,1.72313073058,-1.58096514607,-0.0621821467321,1.00591919643,-0.390372747866,-0.473308369588,0.185678567718,-0.262007845738,0.0498691852906,-0.522608499417
94,-0.0371647344272,0.0239740376874,0.259159323975,0.00281533875129,0.0957099626405,0.206935417346,-0.0514561713008,-0.0154682849379,0.0807117330242,0.226661885052,0.172004486295,0.15183545008,0.0709852619074,0.337060857861,-0.228355114423,-0.0625606942821,-0.0975789419962,-0.165536884835,0.131238163531,-0.0149051079506,-0.19432733122,-0.063170800933,-0.15960872045,-0.127065880215,-0.300139062998,0.669965230887,0.556232170487,-0.206184214043,-0.0424726729484,0.514462627171,-0.739063384736,-0.585545287356,-0.194144800587,0.472593703594,-0.578886795969,-0.135604616135,0.313172881185,-0.33302249333,0.303221476358,0.292634657051,-0.132943961449,0.167884560855,0.510247762683,-0.116331246278,-0.708891920976,-0.733099012855,0.514481649932,-0.153198721957,0.298372507849,0.455220637494,-0.349951139987,0.82058776489,-0.410562837119,-0.157046531927,-1.73082898588,-0.269465073268,-0.952905361776,0.354063914171,2.84886300151,-0.696462519554,1.64083469929,0.882546342742,0.477764940232,-0.872816662407,-2.32670855435,0.29998357134,-0.238817076459,2.40807064981,-3.32747223488,1.05434131151,-0.220013396582,-0.750470838229,-1.22856954302,1.42233092248,0.805485747409,-0.798421560855,2.11209851525,-0.246720941156,-1.82818998921,-0.401676966754,-2.76708300084,2.21537488265,-3.84303443138,1.41874243071,2.18025413112,-0.546397997587,-0.60625329439,-1.10961208402,2.89825952886,1.0854344247,0.662109652653,-1.69406958291,1.551584791,1.56152931085,-0.514243468961,0.209832821546,0.226018875062,-2.21165013874,-0.874946160355,-0.308609140551,1.27908287111,2.20656417296,-0.249738820314,-2.04726024981,-0.41422398133,-1.53564116454,0.215736002089,0.0149827849441,1.89217590898,-0.668078612166,2.12218828305,-2.33439827156,0.326674945779,0.695682259824,0.0740798864676,-0.749715441977,0.303388539564,-0.107182018232,-0.108143533974,-0.567397216333
95,-0.0271263788841,0.0785977553854,-0.0516058472706,0.11864120439,-0.0222697483468,-0.0239048896009,0.120545029952,0.133878856718,-0.0787619157588,0.16468153341,0.164257914452,0.0680680365869,0.0926934708558,0.30935517162,-0.167232162626,-0.158959484377,0.0599398588138,-0.0996198445794,-0.124075751013,0.0259379547786,-0.34780994945,0.151367003748,-0.457417665643,-0.044544871394,-0.122042249891,0.534643121346,0.471761868661,-0.320259083871,0.140204250607,0.571667571541,-0.645520073825,-0.688634413551,0.000825398426944,0.599563690125,-0.589328860458,-0.162470757821,0.27596400377,-0.499055925405,0.192928708005,0.212330214948,0.00635556593508,0.392148283639,0.447925455019,-0.262799713662,-0.720576479424,-0.877007129064,0.526401487464,-0.13925112447,0.484223359681,0.384293319006,-0.125248840974,0.55756733778,-0.360751749704,-0.103878128476,-1.70012019326,-0.357404090682,-0.917162007714,0.351042214215,2.83020045292,-0.755377724625,-2.31136417407,-3.38156813767,-2.06848483869,0.150250362717,0.536484420659,-3.48555403443,2.53183675692,-0.0050655666413,0.981158002674,-2.39774823218,-0.148557081686,-0.649843942271,1.44352924292,-1.95202978052,0.196435138642,-0.686152354809,0.686550595706,1.36597583856,-2.74584360727,1.05916465046,0.0471330880796,1.86755291165,-1.82205436354,0.0497483102451,1.30449819301,-2.15835774538,-1.01460040115,-0.947895286255,0.526501911928,-0.0974290715441,1.08166022776,-0.328543347788,2.21957192265,0.846629705017,0.26781849033,-0.727314381163,-0.983618519006,-1.02323422454,-1.23772497209,-1.2229855724,1.41079982502,2.17930903742,-0.966187644115,-0.852225820249,0.185179197184,-1.3155972444,0.0355941120584,0.248558401884,1.79247839623,-0.742252611181,2.33854276834,-2.88837704632,0.656401619493,0.366930885952,0.538059387042,-1.00428082922,0.408981613932,0.0462392753163,-0.264715268341,-0.610607105044
96,0.0375765678189,-0.0727796868446,-0.0375814857137,-0.10557328641,0.0119636859892,-0.0787150567814,0.134734180936,0.0870782757034,0.148997908756,-0.0869108632367,0.0723820167291,0.0799907418511,0.233360131807,0.0597179557954,-0.171085840071,-0.155535882326,0.0247533912626,0.0305855026311,-0.294987420512,0.124938665909,-0.175221080036,0.284940234085,-0.502186901915,-0.125098858383,-0.0447518080571,0.258326761608,0.359826057118,-0.365901216133,0.0475230379451,0.484746035658,-0.539523322304,-0.653526964967,0.21976200582,0.617936892062,-0.536254842354,-0.268013462342,0.124353922335,-0.528416136616,0.0738271139119,0.0660062502222,0.129143595711,0.583628602491,0.326230075316,-0.285458557219,-0.673462704421,-0.990589205586,0.524386979701,-0.10691318881,0.650427394811,0.308291707806,0.110721930835,0.251089318579,-0.282467303959,-0.0833626841438,-1.6240088994,-0.469146865461,-0.871697419881,0.36315680132,2.79602838936,-0.818516787222,4.41790012699,2.72994248008,-0.104532011469,-2.44956091887,-1.170895618,2.90027365434,-2.60892912885,-0.16936366686,2.05567220903,-1.42783118581,-1.82212244592,0.923312607134,0.663705502695,-2.21135369025,0.0509554785684,0.700809815843,-1.18752472261,0.806383508974,-0.175104063819,0.483765736922,3.16533756038,0.773907892912,0.844407865477,-1.54690504332,0.257830845451,-3.17796082008,-1.23362190887,0.087862662861,-2.28648207405,-1.57493931865,1.00655732464,0.972046364516,2.00335827006,-0.572131684707,0.731529404223,-1.27957652516,-1.95893764719,0.439254428163,-1.06338955672,-1.60628624497,0.948055542332,1.55482452459,-1.40918100667,0.382992459768,0.736865454392,-0.927610396122,-0.0617501284093,0.380109163784,1.50030647899,-0.770901010685,2.34445949274,-3.19776671137,0.890937248106,0.0470181215665,0.978328160255,-1.22365611573,0.496944830425,0.195017584046,-0.418034985676,-0.651802582714
97,0.160103719084,-0.144108715568,-0.106758316787,-0.134160123996,-0.146025814028,0.15451085678,-0.09885038867,0.0927122028794,0.144828646447,-0.0248995267623,-0.111875406103,0.171721873596,0.165328693061,-0.022037961443,-0.101855629376,-0.0638515160025,-0.109211255972,0.0126845365715,-0.135488807249,0.0624038345567,0.20192182461,0.317259507156,-0.336548976785,-0.306462733428,-0.0602564963724,-0.0522930781866,0.217419431879,-0.311576724299,-0.267210437749,0.290632044181,-0.440841347635,-0.512647528235,0.374286021646,0.476096871757,-0.453907571411,-0.393023641247,-0.09020124942,-0.419102443154,-0.00734199287242,-0.0904004557546,0.17955579616,0.686921988216,0.179141420094,-0.193439807652,-0.579347921991,-1.05712019008,0.516672537969,-0.0668049003248,0.778436160542,0.231312364436,0.336321870406,-0.0730379897821,-0.186595931384,-0.0933540318453,-1.50597733203,-0.600559720139,-0.818522207635,0.389789223718,2.74676073969,-0.885656954548,-2.62571509644,-4.56670141408,-1.06228981137,1.12912845323,-0.199203479844,-0.792768714935,-0.173745530807,-0.350004199727,-1.96824746223,2.1033709191,-0.992500173813,0.23727618872,-1.8055942184,0.606671169144,1.37728195166,0.871055684031,-1.14614970718,-1.11804163087,3.02470734557,-1.7940391785,3.88860829684,-0.0118575726718,2.12009733983,-1.76752251066,-0.488285206996,-2.77346259222,-1.65973077127,0.876819581066,-3.63850125389,-2.0625531983,1.01945354502,1.73341903914,0.986240020166,-2.25218672462,0.877692952629,-1.08391780391,-2.17735135317,1.66871645534,-0.520855234717,-1.44086315885,-0.000336592789648,0.450190359616,-1.46470613229,1.40358719086,1.10589680737,-0.378544280061,-0.0812370987341,0.4051297498,1.0333740417,-0.763637303496,2.13141932766,-3.23950615272,1.00495046822,-0.239431533817,1.37299667391,-1.39582457619,0.562461775161,0.336109023087,-0.566338111798,-0.690559767519
98,0.150944007271,-0.135061430142,-0.273411866078,-0.104740312136,-0.000123357533963,-0.181007095729,0.0671651887463,-0.0245940644261,-0.0697967623163,0.124585366708,-0.0139979140749,0.0513983201153,-0.0259587699846,0.0864583176125,0.0530350125167,-0.00972841798149,-0.164567707523,-0.127732966588,0.169825806334,-0.191085141207,0.519229741391,0.308391926679,-0.15008080916,-0.419522256309,-0.122583919486,-0.252267454747,0.0252446911944,-0.220392939887,-0.598241717811,0.123683945353,-0.323888192942,-0.328844135411,0.40723862289,0.182693231836,-0.36308884672,-0.459558438406,-0.279132478319,-0.215978471971,-0.0276243365452,-0.209979560975,0.122831002136,0.666863649014,0.0461555008807,-0.0180518756211,-0.461308589955,-1.06229063657,0.509829123283,-0.0288761982674,0.852549231054,0.156373047746,0.530093523953,-0.387902942547,-0.0859210430568,-0.129458645211,-1.35157645274,-0.746400387658,-0.760084182731,0.43002964521,2.6829844716,-0.956533869623,2.30970193585,3.35573223682,-0.172555645437,-1.0216025448,1.13121978575,-2.9821734928,1.40050040438,-1.50551241766,-1.43025087577,0.100437259325,2.70852167455,-2.40975066419,-1.52052012971,0.841349598772,1.28212273777,0.215449549473,0.0655565848147,-1.20579334059,2.21740063927,-2.85918100608,2.17804710767,-0.0508496604137,1.3046441124,-0.2773179219,-0.646573480549,-1.08037387996,-2.14180897856,0.808215045495,-2.59366976617,-1.05320483252,1.36332500173,1.84800860245,-0.318820549665,-3.47952531533,0.954825265569,-0.143605306634,-1.45153243851,2.26834463772,0.103876453051,-0.913399122263,-1.13295074841,-0.855608530958,-1.13796269149,2.02847802177,1.20657764992,0.28958845709,-0.0506021077226,0.341057384253,0.430397328493,-0.732109182005,1.71167689401,-3.01476290387,0.98610635449,-0.472365340505,1.70277534732,-1.51072925605,0.601639854493,0.466741975751,-0.707932672698,-0.726471236659
99,0.120308402341,-0.178301588168,-0.0161729054667,-0.172057806461,-0.18825220481,-0.099984092701,-0.0878851114037,-0.107872131213,-0.0866599909442,0.0148872358047,0.219670601895,-0.154564206601,-0.103150705251,0.0475318067098,0.0903565596156,-0.00451336774949,-0.113021684318,-0.153394452812,0.177128463876,-0.423850411885,0.615692180143,0.321655007163,-0.110139876289,-0.347553655122,-0.16754214112,-0.260775254311,-0.188323231792,-0.166115639742,-0.729071201036,0.105752320308,-0.167564305223,-0.156223074942,0.323085043322,-0.183533419343,-0.254827754326,-0.408671507139,-0.356917246612,0.00886601707502,0.0069920679893,-0.270743572175,-0.0400686736968,0.52123242592,-0.0394390792907,0.196443509476,-0.347561977917,-0.997736141939,0.506753965597,-0.000420680323549,0.861810124609,0.0853067294618,0.672834358258,-0.667926787492,0.00623608241471,-0.185565000287,-1.16811073274,-0.900541741365,-0.69916615011,0.482707546559,2.6054510945,-1.0308434473,-2.00458687854,-1.08575935012,1.69307553837,0.82488834627,-3.62650467313,3.08187810989,-3.66335089865,-0.203401987079,0.763958338631,-1.50308767772,0.666200765787,-0.819856208778,-0.16920206448,-1.66650739673,-0.571017656498,-0.0258814809972,0.841902675704,0.798859580021,-2.30227744154,-1.49141489817,-0.201437025366,0.339665483978,-0.520613810551,1.62872052673,-0.156041311222,0.835509741821,-1.95151754432,0.271331765178,0.11847060109,0.703044249318,1.71669040822,1.57025718061,-1.25570110183,-3.6348597144,1.26871733059,1.18287195185,-0.0298034179109,2.10741408182,0.539772429441,-0.31487999717,-2.05823235198,-1.99929408737,-0.543098428775,2.1827190635,1.02385973308,1.00091179693,-0.0141119794768,0.222472978454,-0.253420905115,-0.688030356506,1.11783468501,-2.54881428057,0.83602830427,-0.637655160973,1.95204272052,-1.56081030283,0.611699699106,0.584484701078,-0.841223708133,-0.759150591073
100,0.0259812050843,0.0592984590185,-0.15344759732,-0.100796613875,-0.223551389849,-0.105621950746,-0.287366163192,-0.14659362841,-0.0232926480466,-0.0483826156909,0.0224761622611,-0.0616648867438,-0.106273838153,-0.166489354551,-0.0036147970957,-0.00820504000047,-0.0146759794681,-0.0172314272909,-0.227779052293,-0.476706181007,0.510340267577,0.371426236635,-0.227291243238,-0.13815497672,-0.141294771647,-0.118661270817,-0.32366011545,-0.152874103961,-0.579252217923,0.240325143219,0.000921397786442,-0.0162439727263,0.182723759611,-0.502555326803,-0.0971140030244,-0.227933436954,-0.281296306661,0.185530469229,0.0689411261084,-0.279596102419,-0.270253758384,0.283815347926,-0.0595225245754,0.403864309867,-0.264110456615,-0.86396410054,0.50552715078,0.0152591209435,0.801335104521,0.0188528949114,0.749525703475,-0.891173191095,0.0774028680455,-0.254479728263,-0.964227998288,-1.05624348606,-0.638767044145,0.546428587307,2.51506582738,-1.10824419446,-1.33728476346,1.24901050359,-0.697831243186,-0.943581831751,3.48333750444,-3.85012501727,0.587455262068,-0.746642230826,0.0550783960065,0.242858564851,-3.92071417294,2.08109638989,-0.0330486719162,-1.95900988676,-0.828705791997,-0.0479856283327,1.06134037228,1.40149580425,-5.01960376822,0.260771709334,-1.67428320591,0.589883202328,-1.57340731248,2.24916203153,0.69662559368,1.77556946639,-0.556820289887,0.112113115849,2.70110256496,1.75675030324,1.52734154526,1.24043886248,-1.41108106719,-2.55987413623,1.93780728052,2.36370400926,1.50283666437,1.35423729125,0.639863465724,0.0890623972837,-2.43258610164,-2.64317774015,0.139842413935,1.90105709892,0.61585800178,1.65637902911,-0.0217634011411,0.0930920253405,-0.953073912347,-0.641257254082,0.400396828508,-1.88864981939,0.569884770028,-0.727869922106,2.10966688084,-1.54142252701,0.591117477405,0.687300598321,-0.964735484104,-0.788236764114
101,-0.0749732028785,-0.0725063601455,-0.00590904123698,-0.142974996829,-0.0209761933583,-0.38670976798,-0.171887529123,-0.193042945958,-0.10059891756,-0.053918325105,-0.290868471806,0.0551681281681,-0.105935839753,-0.240184405704,-0.00175919838493,-0.00706668076451,0.0812523351717,0.0192602908106,-0.643349846535,-0.429680385726,0.332758375777,0.421387959621,-0.368087094584,0.0408705282637,-0.0368508724278,0.0467992787062,-0.274192710965,-0.118949817388,-0.244730454547,0.398834976891,0.112489962863,0.0944158755054,0.0652335973423,-0.668774289042,0.137966764942,0.0437590130785,-0.0752362140722,0.272246223786,0.124290788396,-0.264085154635,-0.502226739674,0.0163406312561,-0.0147922552039,0.566129336368,-0.228097439138,-0.671802877521,0.499488797691,0.0192902460926,0.672906089509,-0.0430745563168,0.750922004822,-1.04131214112,0.117234009278,-0.328610305223,-0.749441389443,-1.20645865249,-0.581971493831,0.619616301358,2.4128746725,-1.18835994584,1.75463272569,0.719149795899,0.585793610584,2.11865186373,-1.98094993095,0.894421688009,0.203761575889,0.165100369786,-1.395989679,-1.04127418543,-1.12575234744,-0.599964106695,0.118746694945,0.668429637802,0.95271172204,0.169960490045,0.705238440335,-1.02197808643,-2.50386634277,0.394067413081,-1.61613408929,0.307222724974,-0.982757108368,1.08887098776,1.29010578124,1.3291829465,1.56687904723,0.660223338586,3.6558635482,1.10886441665,0.60029639664,0.976006605625,-0.849991728951,-0.697459592005,2.75452280384,2.94481987834,2.47601743307,0.377726897834,0.424405442414,0.16450926973,-2.08435218947,-2.58159601117,0.724903155118,1.30517907299,0.0975441548932,2.15213562901,-0.11611532356,-0.00384410858693,-1.60160089606,-0.598231894826,-0.37653478915,-1.0985098432,0.214663957954,-0.742432787075,2.16953616828,-1.45111080049,0.539713017291,0.773589369779,-1.07713110178,-0.813398016755
102,0.109608896214,0.0175876794276,-0.00375277556703,0.0457076783562,-0.296832219571,-0.0654618074987,-0.233132765056,-0.161859126347,-0.239057147795,-0.266462640489,-0.186233447978,-0.177499301989,-0.0896153987916,-0.079713717399,0.137882847124,0.0490798657897,0.0865824380188,-0.214778124023,-0.659821861355,-0.424430458771,0.230944095217,0.415661245119,-0.390939280741,0.0574565950195,0.0874941713317,0.122519897528,-0.0330978151409,-0.0162027026614,0.089823128359,0.412863683599,0.111511000989,0.175398973179,0.0211485887255,-0.644184774015,0.443234205218,0.334555557938,0.179244005904,0.266837534654,0.148403472729,-0.256434708232,-0.664975662687,-0.208556515748,0.0775870163888,0.660045184038,-0.243548435338,-0.441789287952,0.478630581251,0.016707193753,0.484768189299,-0.100993853532,0.674630880145,-1.10905110179,0.118559288101,-0.40063334263,-0.533613821217,-1.34415988181,-0.531813488855,0.700557151462,2.30004967228,-1.27078298158,-0.929795009026,-2.46270759488,1.29972259552,-1.1293664854,0.201172691896,2.52125391985,-0.0940732288654,-0.152168278729,-1.15982730839,-2.51337720098,2.12503147672,-3.15437817461,0.0364279344853,1.98715228959,1.37829493625,1.00076441662,-0.779935680642,-3.23379879258,1.99502615353,-0.230178408594,-0.276616031659,-0.472115208704,0.568618076914,-0.718507670978,1.02623511691,0.160896559921,3.01060361226,1.33484102448,2.79189018512,-0.975924118286,-0.596347510706,0.602610686846,-0.0382733577592,1.10181884027,3.25416442945,2.74292545529,2.42342562949,-0.431354622274,0.0480413396379,-0.0472587926334,-1.07928875971,-1.80866223297,1.07680505794,0.563671038213,-0.389498558323,2.40158549713,-0.319691414773,-0.0348423526985,-2.13794921733,-0.561067201283,-1.1410661664,-0.253776386426,-0.193674992785,-0.687183993041,2.13077647016,-1.2917287253,0.458679118605,0.842212886272,-1.17722918119,-0.834335568161
103,-0.00308028117747,-0.0528172158251,-0.0821674379364,-0.184999836387,0.0584885154805,-0.0968216260894,-0.0973042201601,-0.250084386622,-0.332756724107,-0.388398088536,-0.131179701275,-0.362761104614,-0.129657120915,0.0390593873905,0.195580812896,0.164198567476,-0.0814649992355,-0.500994194342,-0.360950306416,-0.436966202443,0.281243239085,0.328792883694,-0.270166234034,-0.0691985310255,0.137201457496,0.0937130087335,0.261792197259,0.121613385012,0.286759820433,0.200975400046,0.0128953724912,0.203425900078,0.0480549933421,-0.478417595893,0.762244673345,0.570554956665,0.372697948084,0.199788670731,0.135381783298,-0.277013511327,-0.705605389393,-0.328184154881,0.191050370955,0.679733409992,-0.300500748173,-0.20138102951,0.432089503865,0.0150984589838,0.250687582753,-0.1554104807,0.525558731902,-1.09289647641,0.0781022220919,-0.464092270165,-0.326436510908,-1.46266945212,-0.491140145663,0.787447378388,2.17787265405,-1.35507748767,0.475039700037,2.94816332227,-3.8547309282,-0.466543582779,3.4143578929,-1.37004566428,1.77598260436,-1.07245050989,-0.776155549534,0.443617134282,-1.71648008509,0.0404982859574,-0.838984900403,-0.0339350759567,-0.373989129348,0.945571886749,-2.40505891714,-1.85299388701,3.19899585508,0.212805511454,1.1568761149,-1.19021036866,1.66963170428,-1.55733981845,-0.145999750865,-0.584240806668,2.52008685257,1.2429475569,1.12847874783,-3.1376364604,-1.2130797861,-0.10550800165,0.498998418177,2.01750707519,2.96735079682,1.8950023988,1.28339846969,-0.834625135001,-0.28549412036,-0.36145242724,0.295706545765,-0.52458587144,1.14626371121,-0.153012663983,-0.713078237995,2.35591003708,-0.626015650272,0.0167754437961,-2.5137327843,-0.527452358804,-1.82029538199,0.566204059731,-0.613880050517,-0.573421827865,1.99765424258,-1.06839452721,0.350550158298,0.892505170718,-1.26401738633,-0.850786817528
104,-0.00305981480029,-0.0997902064615,-0.144061191562,-0.0154533028486,-0.0290838389194,-0.0248151174197,-0.0918063148875,-0.267642019328,-0.363961487636,-0.274863967857,-0.424678206044,-0.233716287043,-0.219233451603,-0.0963408070161,0.0963479506858,0.151052651956,-0.321559522958,-0.513099709586,-0.14722238864,-0.35736117146,0.410837304348,0.203070835353,-0.10064841745,-0.20123449608,0.0505402927003,0.0423579240217,0.408009800352,0.198517535041,0.331280928302,-0.167540937564,-0.0921730426528,0.144775702869,0.103990701967,-0.282661538174,1.00400513933,0.703914660351,0.411735243648,0.113523693574,0.0981357814274,-0.324114146216,-0.607368215317,-0.308004286323,0.298719472478,0.634809430131,-0.377635421607,0.0195841272194,0.351249209268,0.0227190559779,-0.0115727337235,-0.206406142201,0.315655557501,-0.999172314635,-0.00319534256913,-0.513877671577,-0.13693217064,-1.55597683043,-0.462481621774,0.878440053723,2.04771778655,-1.44078331666,-0.101106803661,-3.57602631742,3.84869718636,1.75704983855,-3.63318543536,2.08929245506,-1.52297621844,0.735583553554,0.473310137536,0.827646899096,-2.76780780294,1.5457172499,-0.691651805323,-2.32995550662,-1.22402983558,-1.54773864093,-1.94149196108,1.59200489557,0.765374471896,1.32919771141,1.09055014722,-1.17008223472,1.5041666818,-0.869064653297,-1.53933588782,-0.267780002247,0.198928353954,0.174837699593,-0.0902244616069,-3.92023197862,-0.69137526876,-1.08392555597,0.543383266992,1.69701409824,1.71564791993,0.759092637384,-0.572424697478,-0.837079776058,-0.417886259252,-0.539234235205,1.62494545178,0.922036688785,0.974331128751,-0.710732709146,-0.782945185265,2.01781991725,-0.996752339836,0.147442154763,-2.69799461585,-0.491418200574,-2.34742956269,1.28567805597,-1.00354314668,-0.416536836917,1.77918510176,-0.789286826824,0.219110908595,0.924266547832,-1.33666265074,-0.862528120776
105,0.176428300806,0.0233812815161,0.0802836154308,-0.0166428904233,-0.144929523402,-0.0492707057029,-0.193394627278,-0.184834955411,-0.228779921927,-0.329655630457,-0.471965757459,-0.218936169075,-0.252113228474,-0.312289650218,0.0182407609853,-0.141872103006,-0.401897182124,-0.256466223884,-0.188471496102,-0.21274176838,0.435405396272,0.12038188431,-0.00167016924567,-0.222497528137,-0.144629597725,0.0628184106007,0.294112327971,0.151510982231,0.301653830089,-0.518374968872,-0.0948243164591,-0.00680780069709,0.147124678769,-0.170835510222,1.08195732909,0.726220186144,0.25617917817,0.0385386390525,0.0603467661554,-0.374020397628,-0.395908027186,-0.151559065893,0.38137858156,0.545449927029,-0.447652917176,0.194296835256,0.232763684309,0.0464739497278,-0.282129931591,-0.253343169914,0.062960837718,-0.841294689076,-0.120268252714,-0.546556666294,0.0269894526511,-1.61902822138,-0.447932994838,0.971690781499,1.91103328118,-1.52742000252,0.731562435137,3.75113089228,-0.828962947668,-1.14023215253,2.0027538445,-3.10702389143,0.152222538209,0.593284125142,1.76280955432,-1.54572188301,1.90170926879,-1.41318567162,-0.143791057999,-1.39129762726,-0.221264219559,-3.85524117931,0.438949435539,2.94967004924,-1.16499276753,1.2749272495,-0.808399041628,-0.417041044836,0.390592506896,0.41711755703,-2.16902298441,0.703945146641,-2.33368442638,-1.0319718058,-0.354251752841,-2.80695843514,0.720504631094,-1.86012129337,0.307657980183,0.438636653275,-0.225065179822,-0.265926812788,-2.4884374889,-0.657442198085,-0.297989337726,-0.396692613125,2.5002933824,2.13764283349,0.666940459781,-1.03475026925,-0.572028180517,1.44469167869,-1.36619939124,0.33423509644,-2.67944645784,-0.444849137599,-2.6685268503,1.83969284049,-1.32328615195,-0.234384499052,1.48848593431,-0.465291301094,0.0692492637412,0.937742634047,-1.39451805615,-0.869377093747
106,-0.197018408411,-0.040640064116,-0.0572534860161,-0.0534012250559,0.00243965977976,-0.299277025805,-0.157563288921,-0.141060994999,-0.148152625154,-0.390430015201,-0.223224019636,-0.403441283958,-0.302412527465,-0.310770915704,0.0163615960259,-0.466695315277,-0.269587923866,-0.0339468228947,-0.278389169436,-0.144287682933,0.248550914628,0.114666426927,-0.0223028245527,-0.145901858282,-0.339824571989,0.169180565584,0.000279931939099,0.0276664176225,0.279562962923,-0.688916668414,0.0494473620244,-0.199746650527,0.170790813394,-0.200579636263,0.957753805942,0.663824246138,-0.0649984025459,-0.022033162895,0.0449458841414,-0.391118538833,-0.13159988725,0.100891395729,0.431841010536,0.436053943824,-0.483996288441,0.304095432963,0.0807718127006,0.0902014006996,-0.540950486482,-0.29474733348,-0.209976674154,-0.638372318681,-0.264426984857,-0.560533151954,0.158900554249,-1.64797407169,-0.449053421603,1.06540059124,1.76932257133,-1.6144909813,-3.76177882149,-1.25295332175,-1.33590996435,0.679456539353,-1.02870300121,0.172369179848,-0.237088826793,0.369737127602,-0.512221904074,1.15483888019,1.84174318092,-1.39058402645,-0.997573296996,1.35161326588,-0.18641648717,-1.80227547196,1.81746508515,1.13743461752,-0.221986413846,0.052842945964,-2.70799771462,0.189818539959,-0.72474404549,0.895536303858,-1.52943253704,1.26902279504,-3.14414002956,-1.203047085,-0.0543138723256,-0.515904428206,2.05578093253,-1.82388229084,0.223662864237,-0.987894424142,-2.19953052165,-0.90521708463,-3.7840297963,-0.596817189691,0.0117572979564,0.109984677846,2.65474085829,2.79987860495,0.350626165554,-1.11473238024,-0.121706259739,0.739638284027,-1.65277683734,0.539873309897,-2.46609387975,-0.379486695729,-2.74816464602,2.18025311052,-1.54058731063,-0.0455570076014,1.14192280234,-0.10951680086,-0.0932408343705,0.933589433786,-1.43712640727,-0.871194421782
107,-0.0396655497162,0.168906477989,-0.00318954615261,-0.0723662142544,-0.225503714541,-0.0763585180636,-0.208124753951,-0.158432400555,-0.25073331099,-0.133437759819,-0.210095115427,-0.400757353007,-0.405365914657,-0.119319142829,-0.0714930435835,-0.404934621794,-0.116614275122,-0.0408634734295,-0.205576480974,-0.16922083768,-0.030192980771,0.127024742228,-0.120954406568,-0.0883225282557,-0.421169775202,0.277480120031,-0.254114837573,-0.0413329202958,0.286288184335,-0.627887053387,0.27891959641,-0.335331422579,0.206051971433,-0.346647581546,0.66618686318,0.560689845831,-0.464625340095,-0.0922102441487,0.0646374575763,-0.343917091093,0.109400534207,0.384445420455,0.45462515886,0.329233264759,-0.467264314075,0.342135218673,-0.0923097014788,0.153619802534,-0.769663360277,-0.328400982047,-0.478166127845,-0.413269732105,-0.424205656098,-0.556036907403,0.254131385365,-1.64036267443,-0.466787145456,1.15785471887,1.6241252944,-1.7014879675,3.22626587234,0.444405609803,3.5026029194,-1.65189758066,-1.28637024765,2.07750210915,0.100571121498,-1.01570159718,-0.65394300741,2.86749081845,-1.15704011342,1.29487425196,-0.516394370028,1.96092481473,-1.53447529913,2.96741740219,0.993810354887,-1.04839166131,1.52217414523,-0.232923238346,-2.42238962837,-0.0952873605835,-1.09383748147,0.077419900998,-0.0317567015338,0.698687992096,-1.60801239767,0.0095234322189,0.126785052609,1.59772155551,2.29395207374,-0.725307392042,0.5491466931,-1.77562652226,-3.45893421461,-1.08516337789,-4.01323510022,-0.870302289003,0.379712965752,0.855235288063,2.04814252759,2.7499695614,0.125895995569,-0.99390197192,0.469397168021,0.031905321345,-1.77551447217,0.720748240798,-2.08257912394,-0.289067503524,-2.57341887777,2.28082465115,-1.63288036629,0.132285373434,0.758116662605,0.263294161711,-0.261897692987,0.912826340403,-1.46422063078,-0.867885163749
108,-0.00661555348976,-0.0737279417663,0.0928802401973,-0.0811096125978,-0.101090520887,-0.117752157832,-0.10871397235,-0.279283162998,-0.18668419258,-0.0373656168678,-0.282811681271,-0.245788012127,-0.308164978193,0.0145121141241,-0.210144421921,7.08003650916e-05,-0.0710329023763,-0.166690402435,-0.0400051878258,-0.128640307229,-0.167970312702,0.080024741718,-0.212185355574,-0.145037832766,-0.351645430921,0.280398128352,-0.285251313086,0.0443140578559,0.291062899626,-0.410806270109,0.459661180268,-0.323583913329,0.288486026603,-0.519997006556,0.306769074117,0.458833561624,-0.829873854515,-0.207628334717,0.118351873701,-0.220675920049,0.259019847562,0.628446949241,0.461538049038,0.241444261614,-0.389810026819,0.314720866103,-0.266759016531,0.232159510915,-0.953020078828,-0.351640078512,-0.716535172129,-0.190321985236,-0.586471043133,-0.534954968199,0.309942605867,-1.59527076444,-0.501409965798,1.24745617498,1.47699838449,-1.78789543541,-0.47563995505,-0.364578373022,-4.63093589502,2.642916632,2.70306523893,-1.95802962513,0.945741775707,-0.467289790561,1.59583130365,-1.29954525188,0.358844684563,1.35604980279,2.598019731,0.679809222176,-0.616043772792,4.14803460713,0.13045538413,-1.04453724801,1.42244622294,1.2264578765,-0.192564190253,-0.81776872227,-0.617559385278,-1.16015721237,1.30957841004,-0.697087238533,0.97683129436,1.64277623213,-0.0869932529154,2.50196261806,1.10969787241,0.989680895592,1.09701591018,-1.51282343012,-3.5115343296,-0.906516601122,-3.12295362792,-1.48155043344,0.673650821486,1.58079430675,0.877074230602,2.0331186064,0.0343490752383,-0.748229338497,1.0696402612,-0.549419573289,-1.67225229215,0.836270387746,-1.56590784041,-0.171196919823,-2.1556921076,2.13874170065,-1.58963499842,0.28387794213,0.356873696969,0.637430804574,-0.429860934913,0.876779289546,-1.4757212025,-0.859399546537
109,0.0153094018486,-0.0423723774876,-0.219987776471,0.0535239998367,0.0732158172774,-0.147601874542,-0.166952876832,-0.144135200174,-0.0841905725155,-0.259143579046,-0.153681355384,-0.129526939508,0.0391269279148,0.0545472549642,-0.106226738406,0.255845025426,-0.0382449758524,-0.187795089519,0.0363557456088,0.063683820345,-0.0912657396082,-0.0107042144514,-0.232626054124,-0.287052745791,-0.192461145389,0.1478216543,-0.0978829630062,0.249474371088,0.264544411337,-0.172674162242,0.47386335186,-0.150050119415,0.414454537924,-0.619303644676,0.00470569807951,0.385265079001,-1.06299232365,-0.392250706401,0.194329829114,-0.0385693418244,0.278122528898,0.776276136319,0.465122002664,0.180895963984,-0.257521055642,0.239909164695,-0.418264989216,0.317711828794,-1.07988184062,-0.361809689757,-0.902354290151,0.00707566824891,-0.737680416922,-0.500531934069,0.325589690689,-1.51336514234,-0.552503664027,1.33275324306,1.32949756003,-1.87319515453,0.14351501829,-2.30242856088,2.88663896868,-2.01596025935,0.0803277005567,1.91776672294,-1.58313060252,2.64953722548,-0.102360347934,-1.90402053413,1.57779247466,1.34065780478,3.60860268933,0.359016707459,2.69801766034,0.566793452444,0.706426849139,0.758588374475,0.115476872148,2.3153123883,1.39680554893,-0.800835386606,0.206990235019,-1.4293746458,1.68499212584,-1.80717283306,2.42362292844,2.17363388099,-0.427822638077,2.07899156544,-0.865188601712,2.32658386848,1.31601669052,-0.368024865524,-2.35661516289,-0.550673030983,-1.45451345791,-2.19964292847,0.81931319414,1.98420791946,-0.493185681863,0.876071712526,0.0498434650057,-0.462907070222,1.54529479203,-0.902680717617,-1.3156423572,0.857530842352,-0.96041117395,-0.0285893203045,-1.53013782189,1.77527947546,-1.41323122165,0.397492559687,-0.0418930920685,0.996922465456,-0.590159506872,0.827016660349,-1.47173087133,-0.845733253548
110,0.127505683908,-0.0454829675,0.0839158143239,-0.135044323291,-0.0936725690586,0.0467083501378,-0.142530907205,0.00948673417079,-0.173558676247,-0.259020601123,-0.0674774669348,0.0762433629364,0.282106497349,0.0952227487452,0.220069662704,0.156040025496,0.0695804259584,-0.0253978331519,0.0253023089642,0.249804638611,0.0308130046773,-0.0444530144381,-0.182319132211,-0.377991186745,-0.0475685566647,-0.0396485920341,0.118609046617,0.416834366571,0.213915427519,-0.0171729317608,0.299317921895,0.0970551528325,0.523169833158,-0.584160922394,-0.140369570171,0.34909391281,-1.11447889626,-0.638643361919,0.277417029069,0.157313390101,0.167582082225,0.800068527459,0.472517525347,0.147675204707,-0.088482831097,0.143592173828,-0.521976168494,0.400130743473,-1.14370090281,-0.356800024519,-1.0174820008,0.158767269454,-0.865163229594,-0.456975825496,0.302281673038,-1.39689273429,-0.618959652466,1.41246032236,1.18315946103,-1.9568707289,1.19224022621,3.65290456077,-1.17528991961,0.712914146092,-2.43170862545,0.355716005874,2.89484453397,-0.424388918626,-0.98917276242,1.87093604794,0.189059682952,2.64659006966,0.938039866945,0.268788852863,2.90096856825,-1.86220570414,1.28315715799,2.28211428023,-0.014674794098,1.00255938872,0.693102133727,0.227999472216,0.699747271528,-0.164058354134,1.09945491408,-1.71481268278,1.52078868161,0.896451946809,-0.531185017714,0.996459839839,-2.46913161317,2.34939371319,0.697123653963,1.0578374459,-0.485469811146,-0.180229209253,0.402259246959,-2.65115556763,0.823207193531,1.82737764408,-1.65049142762,-0.388713273005,0.0950918299175,-0.212407177094,1.79071341537,-0.975793447493,-0.723258498116,0.773419304797,-0.312804334143,0.130594750266,-0.752673664007,1.23338308708,-1.11856154943,0.465675758184,-0.419188998553,1.32625577487,-0.736005984548,0.765280751725,-1.45252699986,-0.826927217676
111,-0.122786046109,-0.0257965634858,-0.10634003043,-0.0127876852547,-0.132330368845,-0.0962546113569,0.177901918289,-0.127463997163,-0.170356104227,-0.0166560941965,-0.00965857058575,0.294750606419,0.248276163442,0.0615659603332,0.314235840561,0.0338181877036,0.179295962645,0.213241339991,0.0847700642736,0.225991252245,0.017341462953,0.0292707369529,-0.114041725017,-0.296238618387,0.0196307326712,-0.158227852958,0.154215779223,0.395731954121,0.166177592967,0.0331801778394,0.0232129442634,0.268129875735,0.524653537507,-0.421027997026,-0.0938946344187,0.346695306017,-0.996812407917,-0.901788395667,0.356498044208,0.30524507823,-0.0338334362711,0.706215813662,0.481976505781,0.135516135383,0.0910458569944,0.0538442229316,-0.557149838766,0.469161395556,-1.14254302647,-0.335565435228,-1.05020013011,0.249799736006,-0.958301387333,-0.409012017197,0.243042318991,-1.249599909,-0.699011831534,1.48547181931,1.03948465669,-2.03841209172,-3.88179203606,-2.7146505583,0.16109279443,-0.412155189779,1.95055519376,-1.60035166701,1.12879415107,-0.894042881349,1.19608818213,2.19874147012,1.55686256463,1.09947031199,-1.24500279997,-1.02427315535,-1.33821934085,-0.0973475635771,0.793326673987,2.20901598388,1.29598741102,-1.38159560877,-0.869688143054,1.08838357025,0.578741265007,1.78270770157,0.281378135143,-0.550930648588,-0.893574655359,-1.33739419089,-0.412586258504,0.0960637357876,-2.80886019098,0.856862717756,-0.775075702442,2.09512664687,1.34281696848,0.117075416594,1.83792398968,-2.48870967649,0.753386500902,1.02751299767,-2.2700613357,-1.42631415845,0.0762139609443,-0.0479191939342,1.75092259161,-0.778126407074,0.0408265226467,0.592884791463,0.33195379609,0.293431186286,0.105168304274,0.573276228028,-0.731420836176,0.485546560371,-0.757855780766,1.61106683659,-0.861084298246,0.693417768117,-1.41855187813,-0.803066935508
112,-0.0113778712089,0.116692926673,-0.0011037140498,-0.105921896033,0.0322040057182,-0.0207267736589,-0.0838895224876,-0.0305491765646,0.0294727714254,0.12714080556,0.246076061107,0.252252069929,0.0980536408787,-0.0634284035157,0.0277093384579,0.130805758264,0.234986649085,0.375774286401,0.259070750632,0.0454338615781,-0.0868199458101,0.127089530592,-0.073081580846,-0.0520307952319,0.0275787213461,-0.150318268724,-0.0370692024034,0.176910556499,0.126170324086,0.024013025825,-0.217944009264,0.243330013145,0.360288747995,-0.191629087033,0.103160539902,0.369530151029,-0.774920884213,-1.11059123962,0.428430731651,0.34501836312,-0.263732649944,0.530565164093,0.483188622871,0.13441089754,0.252332250612,-0.0052728158808,-0.511484484737,0.516377851017,-1.07875502035,-0.298526082383,-0.996445275102,0.271858617636,-1.00949487461,-0.361429308201,0.152486657618,-1.07658515912,-0.790297365901,1.55086908482,0.899921707246,-2.11731990824,3.6505231311,2.70119414788,1.41908411647,0.461053194432,0.081560351299,2.47439059626,-4.59288119824,2.17221563442,2.48956712927,0.992989494737,2.89230107279,-1.63138377672,-1.58459621831,-1.00279837378,-3.45803671378,1.55552634261,0.471297277201,0.951532418932,1.88331804226,-1.71301981749,-0.845006899314,0.628882621885,0.274351738018,2.83781424189,0.00659805662233,0.59958158358,-2.63793277337,-2.76716362541,-0.446368281889,-0.164154321736,-1.84281009235,-1.36758428009,-2.47058070931,2.352457993,2.43215661028,0.326040754647,2.44436140671,-1.56276105019,0.692419363737,-0.300153011598,-2.21649757445,-1.99650210445,-0.0779947804123,0.00700496184582,1.43199048469,-0.379193400825,0.873945308989,0.342859649464,0.933574757906,0.443870394288,0.963069517825,-0.133615996255,-0.285862231152,0.458660578235,-1.04334031561,1.83877673186,-0.959818359514,0.613309228528,-1.37040138805,-0.774281324901
113,-0.0209034510921,-0.0850539006984,0.116349020949,0.135375000215,-0.00834842594977,0.0303188148662,-0.215804697787,0.0851768327691,0.258988179494,0.275331100478,0.398378989081,0.0873754842878,-0.0480169371757,-0.0615742313889,-0.184131487995,0.229161358041,0.299257375057,0.409380161864,0.392935481862,-0.0270499250028,-0.0975224240067,0.124544713813,-0.0408628747674,0.210564821146,0.0455533143241,-0.0750339783243,-0.294826113009,-0.090605383644,0.0627557524024,0.0198694328366,-0.327345127491,0.0157611711783,0.0557564817384,0.0238889502795,0.355570502101,0.409494716024,-0.538469459029,-1.19346906382,0.49696203831,0.237287688992,-0.45750724182,0.325495812292,0.461171335611,0.133304709648,0.370213407399,-0.0190992741725,-0.384222570694,0.536712054171,-0.95840737736,-0.247767380847,-0.860301076188,0.224036398503,-1.01482250484,-0.318659451807,0.0365294199004,-0.884092256529,-0.88994287968,1.60792067989,0.765852425938,-2.1931098428,-1.66458608302,-2.08143214164,-0.761972186252,2.82483827776,0.502112285208,-2.30044725638,3.0556493843,-0.216437483132,1.71557504958,2.14847279098,-0.35875042944,-1.14077508946,-1.17878579634,1.10536395621,-0.175066068746,0.0243455927214,0.822903518419,-0.158759310257,0.531777758449,0.500062304673,0.70262844849,-0.705054033413,0.494947302845,2.12845221459,0.444516238383,0.686707206591,-2.10088831498,-2.24569231539,-0.884775686739,0.151522740565,-0.344398217326,-2.96724436132,-3.41843187373,1.85307377929,2.4283313613,0.462097546122,2.14644279786,-0.0202744682631,0.688722315313,-1.86211215379,-1.58059603871,-2.0149154557,-0.386216836195,-0.0458061096593,0.897546095343,0.105892223275,1.65118810593,0.0623141921361,1.45803720889,0.565090305083,1.73975576037,-0.811827431377,0.179203096381,0.390487669313,-1.26428389684,1.99914220716,-1.02760998517,0.526807567036,-1.3088124015,-0.740741152732
114,0.00735418146082,0.126781081083,-0.0047075136595,0.114685112618,0.123028992376,-0.139917247169,0.205894344552,0.0972179163476,0.324068414638,0.468044666573,0.224731301587,0.0493023893237,-0.0848659118932,0.0858355074003,-0.0207773013474,0.145277090815,0.368125781345,0.37164410638,0.353840360971,0.129132648308,0.0181622765326,0.00657087489274,0.0467322422464,0.336295802491,0.123401656929,-0.0507061010187,-0.392369099333,-0.222475614976,-0.0559456712822,0.0617643803757,-0.302831153522,-0.292099133146,-0.273799634056,0.164525311843,0.555258347068,0.45955559223,-0.367427442817,-1.10800202575,0.567769184625,-0.022028888931,-0.569601508136,0.143447977483,0.40222427052,0.122350776757,0.428150693832,0.0142397046407,-0.187309260946,0.529246879464,-0.790635023177,-0.186983779956,-0.65369014322,0.112859952899,-0.974339126163,-0.284424986735,-0.0979557371805,-0.679253577475,-0.994672477571,1.65607651665,0.638578448794,-2.26531664826,-0.195398160126,1.18242302358,1.27577294552,-3.22293159932,0.557965627973,1.52818796592,2.74378310324,1.59156623749,-0.290886636241,0.822245949853,-2.25925291284,0.152579484,0.69330865182,1.21540522148,2.77950575113,-1.25898440119,0.2895312348,-0.494280261913,-1.14909376026,2.24958702472,1.23121231218,-1.46429339896,1.302517736,0.334747012942,1.08470869649,-0.317550125464,0.319957121963,-0.277813543324,-1.46426504436,0.692023201671,0.691249926998,-2.86274528076,-2.90561749363,0.92153937715,1.43030722227,0.524949987318,1.20189254901,1.71674548072,0.731046582488,-3.26308143114,-0.640141463348,-1.56148409807,-0.804316016241,-0.185187552325,0.252968002983,0.541310974963,2.24731989354,-0.206236959092,1.87808676063,0.642184921522,2.36103477601,-1.38938358449,0.623814531964,0.289584048403,-1.41291554811,2.08469813607,-1.06103593812,0.435678430526,-1.23464928591,-0.702657063281
115,-0.13419800108,0.0210663233327,0.125149534192,-0.0581027992859,-0.0134820675176,0.321194292378,0.233945196905,0.382038544567,0.296344765804,0.324871805043,0.0967532509073,0.07176524955,0.0833660318518,0.0875357506168,0.208817045476,0.0825560875852,0.317211423959,0.31406708082,0.224001225684,0.323554270124,0.065139224725,-0.131459770333,0.209900143033,0.296788692827,0.246655749784,-0.140169638446,-0.237260260659,-0.156251279041,-0.214098026517,0.154399822247,-0.222909727266,-0.496492829628,-0.477365781352,0.206732858494,0.624012743832,0.510846747423,-0.304076493767,-0.862306520343,0.642665002496,-0.396936841879,-0.587566009485,0.0222735130994,0.299782549951,0.0944898040802,0.42124868577,0.0832477748105,0.0557475194579,0.49710992731,-0.586965163518,-0.121155732234,-0.395286635388,-0.0484226900091,-0.891987451719,-0.261480850163,-0.243506323834,-0.469795359223,-1.10093307037,1.6949566549,0.519309183755,-2.33349803987,0.0231575677396,1.1333139276,-1.95551965523,1.35032089608,-1.53628589883,4.60299994527,-0.30565621774,2.7930137474,0.196079651089,-3.45605087367,-0.0958898957703,0.273791217573,2.24729903153,-1.24473126033,1.20349537208,0.349168464898,-1.32947442304,-0.717969750629,-1.1116601401,1.18094376175,-0.61354053129,-1.17963551548,1.81778674901,-0.903435194904,1.26736128248,-1.36640855871,2.55406197831,1.39893979727,-1.57345600299,1.12186502732,0.740669114506,-0.990179824788,-0.982252690021,-0.0591633289915,-0.0909518862913,0.477857807993,0.0783190768106,3.09051943117,0.757715726539,-4.11638617427,0.240844414298,-0.837290877424,-1.23745033523,-0.377702420944,-0.378672422558,0.800556528107,2.56006963774,-0.425883495005,2.17307887784,0.664734101619,2.76720874501,-1.8049590139,1.01079631988,0.166563300197,-1.48524538743,2.09107396014,-1.05799575981,0.341551813397,-1.14888986789,-0.660277240611
116,-0.0382918719701,0.0785166941797,-0.032231443484,0.105723383526,0.196276004355,0.329902606339,0.429536645356,0.461875054132,0.337469506237,-0.00966102282131,0.12718605677,0.134682395472,0.236640483738,-0.0839169847864,0.200138659115,0.201455154618,0.144101319421,0.212943337389,0.17190271683,0.323025621738,-0.119422481349,-0.229309822051,0.371166717931,0.210614450516,0.354237146107,-0.285863277106,0.0463058033025,-0.00207081986675,-0.342656875749,0.275971124649,-0.179869989348,-0.466147497842,-0.451784164598,0.159504976532,0.540703101858,0.549534963755,-0.341355900156,-0.518569983108,0.716266754421,-0.817945946599,-0.534341604799,-0.0232103920027,0.1581175623,0.0463523502053,0.356686002118,0.165462618695,0.313219761441,0.446505821034,-0.36067194521,-0.0559946018967,-0.108751668698,-0.241222651483,-0.775141064726,-0.251464123279,-0.392450711549,-0.26371812452,-1.20503175803,1.72433572645,0.409151177204,-2.39723831834,0.221262636518,-3.27865876892,1.93310848671,0.530717915855,4.97004073959,-3.26373495276,3.41263299441,-0.970634421626,-0.0338166004676,-1.88128606728,0.107089068615,1.0812319878,0.254140248093,-1.53038625364,-1.0045089919,1.57746180996,-1.75821545754,-1.33350049067,0.0681403447885,-1.09026869422,-2.87227676514,-0.88445567231,1.20941612621,-0.552692721428,0.792576579567,-1.30939469928,2.69356075801,1.35349720866,-0.870239284016,1.2503433338,0.0531538537188,1.58344375466,1.4822517137,-0.841831342635,-1.5063491257,0.263726603767,-0.738902636738,3.61316680995,0.694158900052,-4.15573495279,0.739855303378,-0.0877249982278,-1.56960063746,-0.583926391908,-0.883325524257,0.795147100982,2.53013075398,-0.573069269356,2.32868487395,0.628804717821,2.91908516876,-2.01395023195,1.3092390303,0.0329823758381,-1.48106533324,2.01717248874,-1.01780426486,0.245883716977,-1.05261117052,-0.613884740299
117,0.0897052169753,-0.0262353804089,0.143610920148,0.26511774529,0.423864097578,0.273975399037,0.517155690989,0.35938757829,0.214043283089,0.0618280704542,0.0887974420621,0.237875932811,0.114947306577,-0.125368901736,0.109081738225,0.287586524088,0.0335731097338,0.0638535061995,0.19874206568,0.177691344186,-0.427546636042,-0.337106618283,0.428143844415,0.221317190793,0.395544973728,-0.359043019117,0.227669223033,0.0603806214806,-0.372926299128,0.391712010003,-0.211560821304,-0.209596463978,-0.204070582019,0.0475274040139,0.344616591131,0.556799665676,-0.430732971194,-0.175995279126,0.777010827287,-1.19852030206,-0.458213232565,-0.00143856797526,-0.00735436667443,-0.0214005693173,0.251586479344,0.232401693195,0.550159690911,0.385119145146,-0.126148050404,0.00276835168411,0.179535045778,-0.443517979843,-0.633831218687,-0.254854590308,-0.537278920279,-0.0689663516714,-1.30327953077,1.74412410262,0.3090989066,-2.45615171125,2.14930646911,3.19063701191,-0.396129112841,3.1498360154,-1.59784910366,3.46209645474,-2.5359309889,-0.66603319487,-2.02158400813,2.74089788912,-0.447748663944,0.428697802341,-2.25567796087,0.754959577767,-0.454296361389,-0.260740542233,-0.284403609155,-1.45428454671,0.16457994023,-1.31991055944,-2.79463961712,-1.38438033864,-0.0658030596997,0.813146403265,0.0336296786527,-0.00776498108739,0.690022526724,-0.260387389718,0.270959670288,0.998196315836,-0.616516611227,3.27997160032,3.26492526488,-1.35233251721,-2.27517379043,-0.151792594933,-0.932075328944,3.05872574276,0.498192848472,-3.315928576,0.687621468799,0.480289663867,-1.69982155335,-0.76340015944,-1.17952106055,0.495770398344,2.15371141448,-0.642183445945,2.33690818843,0.538018018095,2.80195144296,-1.99286491662,1.4972913686,-0.0997421697799,-1.4037736562,1.86520585517,-0.941225001389,0.14992950456,-0.946975195277,-0.563794527171
118,-0.0767150028162,0.0723157101395,0.226801733131,0.350019410492,0.299516132741,0.581771678496,0.213640850442,0.239715107236,0.115954595786,0.304241433635,0.141361768158,0.138806159993,-0.0816277500619,-0.00549478309376,0.109107346346,0.144246064641,0.068138037893,-0.032256102043,0.158280958391,0.138392183313,-0.601705680874,-0.505906295087,0.386375335746,0.354921784466,0.368896542166,-0.281238549206,0.173779081279,-0.0535946292217,-0.302773608709,0.462718335652,-0.279880757153,0.122188226321,0.148671908067,-0.102114226612,0.116417458041,0.51351698287,-0.505320569771,0.0614746935789,0.812061084363,-1.45701280097,-0.41400903965,0.0630677044675,-0.173203295547,-0.104178812818,0.128900485402,0.256037609442,0.734159391575,0.320264416727,0.101752116303,0.05014335225,0.443020591962,-0.632097449223,-0.479740242677,-0.271037802209,-0.670988003054,0.106898331063,-1.39213530624,1.75434700998,0.220026983308,-2.50988540494,-4.62114179845,-0.806000707757,2.21516142123,-2.31896876692,1.34214381135,-0.395583396616,-1.38209052599,-2.18183016261,0.686784794296,1.12877079661,1.60272806591,-2.32381249172,-1.11643381775,1.07279528776,0.139407808396,-2.25622595652,0.662019509729,-0.290241151352,-1.02524252037,0.698614182773,-0.520805977428,-1.85481309377,-0.518374985067,1.65552869749,-0.500864498511,1.46967721905,-1.62169783809,-1.85874441387,0.993318426035,0.363487808467,-0.608821615467,2.98916163109,3.50300660514,-1.59611883956,-2.13378497192,-0.733853579427,-0.46131942968,1.5647728769,0.188967121209,-1.75906686492,0.126438086642,0.759041662926,-1.57282256336,-0.878622303468,-1.23393927027,-0.0588683333383,1.48486215289,-0.645924374927,2.19665489632,0.403468963424,2.42709115873,-1.74159836265,1.56400028385,-0.221284987875,-1.26004670037,1.64058978266,-0.830443538219,0.0547295648736,-0.833214967738,-0.510350256299
119,-0.281067011724,0.368489216784,0.233107022668,0.214633523185,0.453839874278,0.215829982675,0.263698532773,0.0516836671696,0.270708458364,0.276811041453,0.29340007713,-0.0922630324559,-0.0849401837996,0.0142684341676,0.067611430142,-0.0639231283815,0.0967904744838,0.00957912095524,0.031864759631,0.289565711746,-0.550627433368,-0.66162508835,0.378286479358,0.504180848406,0.309012038909,-0.104263985754,-0.036747904198,-0.257181197834,-0.208192475366,0.455639676093,-0.307484849071,0.322981742787,0.444344479506,-0.262228894249,-0.0544972569882,0.408632290672,-0.508549255559,0.12109174486,0.813581380564,-1.53807803161,-0.442046400221,0.141002726865,-0.313465342743,-0.193943254085,0.0122599032597,0.215440497893,0.840790903919,0.257220465259,0.308453747493,0.0825762029581,0.6575450498,-0.784916394418,-0.325065743107,-0.298453111056,-0.787388102113,0.257006568631,-1.46834433589,1.75512283188,0.142683730654,-2.55812224337,-0.198454983572,3.34528983477,-0.7237707351,1.34897359623,-1.07598938741,-4.07905595993,0.602545223963,-0.234235028115,1.30527336949,-0.989103657273,0.507710645648,-1.35818235136,0.742423758197,-0.679281444987,-1.13402812562,-1.4732752486,-0.323282743478,0.963796181879,-1.12009030914,1.93517122002,1.23444088726,-0.999173179131,0.566445944996,1.10943639814,-0.639219336537,1.81015829743,-2.19709578562,-1.88614148822,0.730988028599,-0.527841141579,0.151144057873,0.782649293889,2.2060665126,-1.55433898798,-1.17380185608,-1.35516845033,0.436978379644,-0.399106755815,-0.156093965788,0.162033124654,-0.704418753428,0.760057094122,-1.19415288036,-0.898725648036,-1.06607076364,-0.767668418412,0.626815704737,-0.611311362404,1.91482268189,0.242474107769,1.83068008265,-1.28338089058,1.51003715528,-0.323149420015,-1.05938544001,1.35170334343,-0.688982011418,-0.0388926776264,-0.712621010191,-0.453920834574
120,-0.324026086938,0.206519784992,0.418316347685,0.404350585032,0.0800137726891,0.0958480883539,0.127787332713,0.257701141396,0.258626969279,0.214608917189,0.15704839289,-0.0355963851254,-0.0133319638143,-0.0724018038144,-0.086338384187,-0.120640131163,0.00363844756873,0.10536041358,0.0122150560529,0.43610428862,-0.427955414525,-0.671896226738,0.510392487444,0.551439731745,0.248668979743,0.0310236146101,-0.191636870606,-0.373222731889,-0.179523100828,0.358515699944,-0.242816079763,0.255634993312,0.567074031919,-0.40173492316,-0.104273199987,0.247861745018,-0.417230593183,-0.0124452237405,0.783047413533,-1.42758951469,-0.552090758631,0.209329026287,-0.405680773151,-0.280052256,-0.0790547725389,0.102158223134,0.857682534692,0.198148945234,0.480525531659,0.0984650474464,0.803669946046,-0.883330570552,-0.181370367418,-0.33480252349,-0.881358136842,0.375460459224,-1.52906528184,1.74664180861,0.0776860887186,-2.60058307354,1.47707672823,-1.80191422748,2.04725571323,0.373232482618,-3.47122946704,0.731945468672,-2.41546903002,3.0662942309,-1.15644057906,-0.303407918125,-2.80245322646,2.20938835755,0.458585751607,-0.548710331914,-1.53891357062,0.186012096765,-1.31718034315,0.664549875623,0.9721734717,0.647521415571,0.914680703992,0.808857831175,1.94216013446,-0.173158241888,-0.546861136027,0.707993575628,-0.625982575341,-0.243089060808,-0.1936038199,-1.3748073655,1.10806055242,-2.10116045813,0.235795244325,-1.17727424813,0.202693421754,-1.81463143439,1.35592562743,-2.18761717804,-0.435903913387,1.99431240333,-1.45152645696,0.589881723154,-0.626115970236,-0.803122787904,-0.741432180633,-1.48635345836,-0.28620772137,-0.572211744027,1.50758945508,0.0763212433381,1.07017729865,-0.662413481522,1.34726227663,-0.399140554988,-0.813566568418,1.00952686601,-0.521558835802,-0.130320932537,-0.58652834689,-0.394896799806
121,-0.0627292507263,0.298849362672,0.263625290088,0.180370239105,0.137515564994,0.0800583036182,0.0833610175281,0.332107896269,0.191813875415,0.133136093529,-0.0674092291749,0.176822365429,0.0230310297278,-0.0280381641588,-0.163657966326,-0.0860232941575,-0.105699103779,0.113870027808,0.2150189374,0.401868731964,-0.392003355704,-0.532449339755,0.708025715646,0.489396715363,0.202686023968,0.023064102349,-0.141539544953,-0.297661695856,-0.23505719565,0.195071818241,-0.105680827404,-0.0637456856986,0.508570184052,-0.486841328752,-0.0188900967445,0.0582583722852,-0.250624819929,-0.290408055359,0.731154066836,-1.15675666446,-0.717946106124,0.258147624251,-0.435655904368,-0.350458359007,-0.133964997572,-0.0768588278036,0.786434813539,0.141866599764,0.606660898564,0.0984158145187,0.868535369907,-0.913987399337,-0.0585307818803,-0.377292734429,-0.949043071724,0.457571139485,-1.57198077189,1.72914626962,0.0255157896704,-2.63702872135,-0.0428423296896,-1.7376575343,-3.60610628674,-3.556960126,3.31727574475,-0.867426389474,1.8915348209,-2.16767811948,0.104918541881,-1.56617775314,-0.742975597733,1.09001103539,0.543462623569,1.46376202337,0.160386832984,0.228555500611,-0.6063514709,-0.43358609373,2.71390827778,-1.13443775822,-0.119180873671,1.67851816124,1.62195569075,-0.895034580373,-0.353695288995,-0.808343444632,1.53899033935,1.6371050584,-0.769807884186,-1.79505881277,1.48310817292,-4.00082779451,-1.23738671536,-0.480971914816,1.43296002789,-1.90011032866,1.88235677709,-3.20436729403,-0.575435015402,3.30506894759,-1.77103082869,0.393804516067,0.0326593601307,-0.584749259693,-0.355194498903,-2.05652339543,-1.11330805125,-0.560072248961,1.00137219903,-0.0726385851415,0.218590668539,0.0605607017657,1.09719715241,-0.445555486413,-0.536027894294,0.627175380539,-0.333899760808,-0.219125452095,-0.456304091911,-0.333686553589
122,-0.147939279274,-0.0955877715461,-0.106484838312,0.0231581779256,0.219084444195,0.17792099046,0.265631481111,0.0390105110444,0.162124917465,-0.0253066864632,0.0349200016665,0.120458695679,0.126243475139,0.165566220917,-0.087169611465,-0.0926666904233,-0.097876948505,0.0652066048319,0.446619018758,0.283231910759,-0.412516160383,-0.399847081862,0.765301656675,0.406968928784,0.183987897053,-0.0968343760574,0.0660100150557,-0.0935515214139,-0.293885989086,0.0219101417061,0.019056851073,-0.47435021296,0.362492654919,-0.493177892231,0.160119235168,-0.115032171992,-0.0628274259002,-0.615915909405,0.673018334136,-0.794019254304,-0.884766146053,0.291271341642,-0.399693161202,-0.393173341971,-0.151479918306,-0.299490069443,0.641993815879,0.084545207217,0.678713279936,0.0851924370595,0.847061572418,-0.87018923393,0.0361129713519,-0.422882506879,-0.987987630906,0.500045362867,-1.59538695996,1.70291340077,-0.0134832549487,-2.66726158484,2.79896234821,-0.837032497581,-3.50757830237,0.336532274621,-2.50618019774,3.06978175181,0.362311587976,-1.9773113367,-1.54487095018,-0.885489016946,2.07703334804,-1.72993308638,1.41126886758,1.9607335305,0.944559382762,-0.248342147017,0.689637519126,-0.231230719645,1.37447157769,-0.836474814118,-0.0699762761709,0.73469218647,-0.691901386375,-0.628898268373,0.01824109441,-1.34819333955,2.25176149263,2.13475202028,-0.195721551414,-1.55530729612,0.840442963524,-3.83904595199,-1.45432990358,0.352166944983,2.00624956005,-1.47711790135,1.75532455468,-3.11207928487,-0.565904143173,3.80005449384,-1.45198178304,0.290506241097,0.675773636505,-0.252020201992,-0.0100117891709,-2.33864362538,-1.73260177419,-0.595007552823,0.432849409641,-0.184107646365,-0.642783910617,0.814297421099,0.788582374942,-0.461104890021,-0.241216438639,0.219348849721,-0.132508432498,-0.305033212836,-0.323335618071,-0.270712483314
123,0.288397026755,-0.127903435389,-0.0902248893299,-0.0712531973022,-0.00801633096883,0.340296178898,0.162332192572,0.045671930571,-0.101566288095,0.0137952708559,0.165939874527,0.00454045792893,0.242573380737,0.288179868801,-0.0588614508734,-0.0973440381641,0.000492154455101,0.10799675898,0.431441973399,0.279869187973,-0.383327501319,-0.396434269755,0.57017811465,0.370119726852,0.212246465725,-0.199288402736,0.23598129071,0.0714738389966,-0.241739163756,-0.0970482296054,0.036110637603,-0.766416511817,0.257449310085,-0.422963259528,0.351723367062,-0.220731078685,0.0779242922921,-0.876783372869,0.620762929564,-0.426657610046,-0.98690431622,0.320876837731,-0.303986509963,-0.397825225059,-0.14027722385,-0.53188911117,0.449598224538,0.0211940590546,0.692664358743,0.0633650739592,0.742379109026,-0.752596728902,0.098328975679,-0.468510456755,-0.997204055577,0.50111393668,-1.59825851981,1.66824137563,-0.0391064111197,-2.69112683556,1.63903501544,-3.31764912976,3.2791426888,-2.27207025659,-0.289798723963,-1.81158625829,-1.38634258448,1.23331382564,-2.56609142997,1.24202250569,-0.0020266311044,0.140084548284,0.585162540669,0.303124492797,-0.600974079967,0.302071430864,1.1169678976,1.08971268728,-1.61663272762,0.738816206589,0.614215722691,-0.518489145226,-2.98345442058,-0.170055204449,0.550668745677,-0.522363557277,0.851819912779,0.957778039398,1.31634561475,-0.758064462044,-0.570324901403,-1.76264911966,-0.505339019842,0.988859931411,1.67396714295,-0.567522371675,0.961441604562,-1.9510555213,-0.474382404392,3.40599494877,-0.497534207049,0.322878639958,1.21553562456,0.171410033048,0.207047757592,-2.24215959575,-2.06323048422,-0.679391921678,-0.152472015133,-0.242686690494,-1.43239691498,1.52409679319,0.454287262435,-0.446608766,0.0560746767644,-0.198276677131,0.0755937624939,-0.387890803984,-0.189019260616,-0.20640700772
124,0.176688293885,-0.198861444211,-0.181000691233,-0.0793730863268,0.0268257558253,-0.100177863796,0.0626092864528,0.0684308150488,-0.114328092253,0.077116358308,0.0684460403169,0.156842221269,0.226095026507,0.237853820083,-0.182994574312,-0.0349547096704,0.108235339334,0.240593923332,0.201983032401,0.377752273161,-0.322030967968,-0.446294512759,0.244438824387,0.34890124864,0.285232967063,-0.188645059398,0.207143510876,0.0849906321422,-0.0382651824478,-0.124282398723,-0.0932275555285,-0.804350981709,0.272972455826,-0.312835087156,0.468984403144,-0.219026717378,0.114917344295,-0.983643509896,0.577039919712,-0.137010881944,-0.97050356936,0.358861181393,-0.161837907782,-0.357062410189,-0.11614271752,-0.734527054942,0.239898319966,-0.0524140300096,0.649363461762,0.0387056839893,0.5654510803,-0.569206521377,0.127236918593,-0.511283751772,-0.977173975761,0.460597399104,-1.58028654016,1.62543947028,-0.0512886730512,-2.70851322203,-2.09238936954,3.59834100237,-4.7403661351,1.94582089569,-0.71546520434,-4.56414874935,-1.28744569122,-1.12758549722,2.54483055462,-0.410449357022,-1.2663378012,2.26332391955,-0.712904587216,-1.05237800297,-1.45868318826,0.780357245864,1.02028795951,1.21185190445,-2.37492340463,0.82014937656,0.404617437348,-0.144644704522,-3.08939491313,-0.39089834889,0.809941363038,0.66960362815,-1.40079192964,-0.596442070091,2.59807484952,0.200721072621,-1.92493002566,0.97866479231,0.78452244011,1.11099846622,0.576598279891,0.622592583692,-0.263124822563,-0.1230288751,-0.415690415175,2.29294728956,0.864499536586,0.443370521108,1.59900079717,0.649458419089,0.243474748592,-1.74642305676,-2.07929102457,-0.795608933596,-0.703418938418,-0.240019426412,-2.07643048355,2.11915030614,0.127897379368,-0.404531170841,0.341357159334,-0.609690983837,0.283147609664,-0.467622263056,-0.0547494735418,-0.141208579451
125,-0.0782966974509,-0.0625884645851,-0.127940356001,-0.142576080506,-0.213434979845,-0.257836522213,-0.200640736936,-0.0781444636591,0.191119577859,-0.00333109580199,0.0309050793177,0.292357191546,0.163378796313,0.139653114149,-0.253373417429,0.0206804187385,0.20046441085,0.290497649854,0.061941802644,0.379952934951,-0.325029429993,-0.379079787876,0.0237208317051,0.274112640448,0.345933035461,-0.0996303621796,-0.00728961996256,-0.00400000411313,0.229587836178,-0.0660808213226,-0.316549431948,-0.601267107378,0.392344232316,-0.221039929832,0.458124527731,-0.0982111514902,0.0242319917872,-0.899803549558,0.532871513831,0.0200866217967,-0.813267619492,0.408728509011,0.0100333095246,-0.267565506649,-0.0978924146777,-0.869671233177,0.0432107564045,-0.137836186214,0.554866183171,0.0174176701972,0.333933129285,-0.334609477198,0.125208869535,-0.548615450889,-0.929786671937,0.379906967547,-1.54188792557,1.57482254596,-0.0501039477408,-2.71935347268,-1.63303826068,-0.472690277164,5.79496771135,-3.37949852807,-3.17568395192,0.824671001889,-3.42730577398,-1.10584582149,1.8608919113,-0.369237633829,0.706169507515,-0.11097882054,-0.301151067086,-0.660888558571,0.398901142961,0.22676421216,0.748634375427,-0.343852737823,-0.137986857399,-0.894833349487,-0.415085593604,1.54203758651,-1.13191357753,-1.11729452189,0.243743040339,0.874976617252,-2.59052378204,-0.882617032825,2.46893926568,0.892889601781,-2.32811291451,2.82589533857,1.43200124093,0.637388999594,-0.782349276404,1.75210433521,-1.51891802917,1.75260672223,-0.497344428602,0.827691860182,2.24734005057,0.538764671068,1.80995273284,1.13848862627,0.092149515554,-0.907934928447,-1.8128949441,-0.908732063301,-1.16795762376,-0.175928337904,-2.5159299582,2.53946341385,-0.159668074929,-0.338431856892,0.601065573484,-0.999197855026,0.482944059402,-0.544184301254,0.0780916690294,-0.0755576772032
126,-0.0198285002162,0.18325796233,0.0715498046578,-0.248208884762,-0.402810297941,-0.277900137839,-0.374047401929,-0.132316304561,0.0860558793691,0.0960085569175,0.160711233281,0.149928334226,0.163473489478,0.119701981034,-0.10101515657,0.0230250354304,0.229741111759,0.193427469284,0.160607077211,0.228007190524,-0.361055553542,-0.168466315181,0.0139108050944,0.139742465589,0.308343772128,-0.0572809136984,-0.24762271232,-0.033502114335,0.401745103778,0.0384828636867,-0.513500006302,-0.300775882194,0.520630050882,-0.196607031383,0.326258127417,0.11733177192,-0.175672255506,-0.652413396946,0.471357565643,0.0321193712669,-0.534576901008,0.461556583351,0.194741396456,-0.130520443974,-0.102721146391,-0.908819186441,-0.11595413227,-0.23255890367,0.420228824698,0.00530896344694,0.0703928735483,-0.0686064829253,0.0974476643932,-0.578306243341,-0.858217953248,0.261981470266,-1.48418609021,1.51671003424,-0.035763301893,-2.72362429889,-0.0787315798427,1.85859939756,-2.63533590201,2.3321676694,0.198588638497,-2.20359050805,0.682860786566,-0.393827710757,-3.4547164887,2.02261564779,1.40972679862,-2.10029076558,0.0663535634857,0.127284213035,2.3178174214,0.0202988557247,-0.316720865175,-1.29813452279,1.7251984247,-1.78744110472,0.0201703311018,2.35662220328,0.721763549786,-1.43520820449,-1.05567593399,-0.174439513302,-1.94584180422,0.509288025716,0.772311000065,1.12084055315,-1.39981545067,2.86693387797,0.945791751323,-0.165081104858,-1.73370615806,2.46416768056,-2.38305984888,3.05691927936,-0.761986250999,-0.531278499301,3.22744593955,0.484154802249,1.85891659658,1.59294729849,-0.208208612787,0.147819114091,-1.34575599854,-0.97381643564,-1.49915922363,-0.058402158587,-2.71237898724,2.74167699516,-0.383167292024,-0.252415859663,0.823124089252,-1.35204287808,0.668108400494,-0.617521450893,0.208144747896,-0.00989281936286
127,-0.179527010228,-0.0981792175164,-0.108051884914,-0.039833312755,-0.19045467419,-0.469900058516,-0.218339240864,-0.21695130521,-0.227639478887,0.215400153912,0.232212605394,0.0185150340262,0.126853905035,0.111686846279,0.112940880981,0.0618084557947,0.129210377612,0.0952434269622,0.306347382475,0.0985284632592,-0.267164267305,0.0242862829971,0.105612901986,0.0157340772145,0.143854391923,-0.138584301533,-0.366655624679,0.112423945472,0.367287409065,0.14507482986,-0.565674898045,-0.0808173061974,0.553001545245,-0.248235826408,0.143102240789,0.372834063189,-0.42900278219,-0.321363970348,0.376102409655,-0.0685957871461,-0.19213998236,0.497950704023,0.377147944871,0.0484427651534,-0.14203270477,-0.838592456702,-0.22301327773,-0.329503243827,0.260681794916,0.00702268364066,-0.199927374334,0.205678846703,0.0512954088995,-0.598574189972,-0.766755618432,0.111163582022,-1.40896391204,1.45142930653,-0.00861218734615,-2.72134600164,1.17588697461,-2.1941491864,-0.188658342671,0.135862473738,2.78332591814,0.61522370682,0.877352654053,-1.20790459117,-1.50879136827,-0.552796398236,-0.205084878737,-0.0726976612771,-0.899061102761,-0.577827315644,1.51405671204,0.810264123386,-1.55097993705,-0.448609174624,0.74208587427,-0.543448718456,1.95966403546,1.23551470476,0.786626318175,-0.933520360436,-2.07819352752,-1.33729859471,-0.429525019694,2.31767492233,-1.41186494933,0.961567255151,0.432059063816,1.3532420792,-0.375488698114,-0.795127278377,-1.74807762524,2.53064004525,-2.55355850359,3.38490924187,-1.15469922622,-1.36884516294,3.48402505672,0.204553300233,1.76771458456,1.97016067823,-0.582910244514,1.24851139432,-0.791040977055,-0.946411939399,-1.66149340364,0.097520954149,-2.6511874833,2.70322684976,-0.525378334939,-0.150655277166,0.997445464669,-1.65499547797,0.832368987296,-0.68752364186,0.334083173604,0.0553533695041
128,0.240947682182,-0.00526050193386,-0.058123916119,-0.138916562909,-0.0774982418638,-0.0643151069307,-0.2780836305,-0.305758778285,-0.171046008335,-0.033573729438,0.110766617796,0.111528146423,0.0102554510004,-0.0216826126634,0.166920377365,0.1555193037,-0.0169210684939,0.104550480219,0.269468184903,0.118509156786,0.000344206512682,0.0632012978251,0.125831019854,-0.0392836891719,-0.0599685465065,-0.281803252923,-0.358020986866,0.382356051677,0.153852250314,0.223742474444,-0.431083586582,-0.0427174878609,0.446165431728,-0.334973605225,0.0122053681402,0.601761857531,-0.660343556551,-0.0103111322334,0.240852530545,-0.215797167775,0.134233688017,0.495489392767,0.544293433847,0.259696257621,-0.218682425681,-0.663886589595,-0.275279054846,-0.417652983865,0.094200394911,0.0254265342324,-0.451578424842,0.464003205623,-0.00464918204436,-0.608042781813,-0.660579037594,-0.0669788755193,-1.31859104424,1.37932306486,0.030873350764,-2.71258168885,1.9478654367,-1.34643505741,1.12164863718,-0.681962789997,-0.366786576969,5.3243836719,-0.85250327329,-0.20621436159,1.73619637568,-3.61910764513,-2.11166119772,1.29480168089,-1.14909232882,-1.97415399465,-0.289571666134,0.766513680874,-0.971022156339,0.440507613287,-1.38775828769,0.671606767205,3.00368248517,-0.331047506735,-0.467202625499,-0.207400827952,-1.72337180763,-1.26107538834,0.392286538164,2.73716013485,-2.58957836128,0.586486764318,2.14474376619,-0.534047491221,-1.67930640221,-0.818688443223,-0.713874878496,1.95442284033,-1.95152093759,2.67877153762,-1.5331031093,-1.43932497361,2.90960297754,-0.28082074686,1.55652804217,2.23311364778,-0.939105878591,2.20678566152,-0.269217932999,-0.79409566817,-1.63640454287,0.271764470917,-2.34278297624,2.42445030433,-0.578550243278,-0.0370419332395,1.11634725145,-1.89686193906,0.970299643448,-0.753988575885,0.45462337436,0.119758008291
129,0.0685736043878,-0.24148878155,-0.162347882262,-0.0548340626186,-0.0402650892443,0.0937680090951,-0.130396408727,-0.210319991796,-0.108647207862,-0.299231471944,-0.138341054633,0.125240703702,-0.063796272293,-0.21504140306,0.122143593354,0.164575191183,-0.0100690032713,0.131273124185,0.0874057985985,0.151653122414,0.23852382122,0.0109422316992,0.0239027079402,-0.0445129068417,-0.154337677402,-0.345387292645,-0.33071349162,0.588088298371,-0.0907986478943,0.257811642533,-0.174749881991,-0.155835615011,0.245556773834,-0.389139327126,0.0221259332285,0.750076050463,-0.799109311276,0.189554907926,0.075914824431,-0.330667157416,0.366810911457,0.438893655739,0.684925350734,0.490226188884,-0.326228849879,-0.407613973329,-0.281416911299,-0.483780073187,-0.0604012959513,0.0612345956214,-0.661357634896,0.683306035286,-0.0615082448523,-0.605702434877,-0.545501830605,-0.265878627508,-1.21592871186,1.30076016561,0.0820914892391,-2.69743611323,-1.33572440037,1.83883327705,-3.5576449925,1.34738523164,1.71125890417,-2.57456978828,3.72336174802,2.18358276309,-1.05269781481,-1.04557058866,-2.49292585835,-1.55998267269,-0.361741898181,-1.44522626186,-0.252780102995,-0.651871475935,1.13210386663,-0.114006226249,-1.88567012455,-0.400895222958,1.33892726835,-0.39980816547,-1.40593841,-0.0106129633016,-0.0258935446761,0.121805574129,-0.0032187988153,1.06957830493,-2.01989244867,0.0707785881416,2.74089873569,-1.49396482869,-2.1516321716,-0.173991662339,0.961295144442,0.973474120306,-0.750447379893,1.23576767922,-1.71987903824,-0.744628693587,1.65354297458,-0.850586354274,1.23943580894,2.35106255973,-1.187354538,2.85543316599,0.117121443861,-0.506455098565,-1.426106044,0.441788576091,-1.82124149037,1.92845517618,-0.544835416758,0.0849925762454,1.17487146649,-2.06890918786,1.07752605675,-0.816591023526,0.568535089081,0.182911694263
130,0.0521087585125,-0.0118453992476,-0.129250276941,-0.105909140376,0.0512262859742,-0.142134993582,0.163130759769,0.0627768749994,-0.271373802716,-0.276518234421,-0.320680611972,-0.195149197395,-0.115715957013,-0.251121640411,0.144764152767,0.066380637715,0.154571778447,0.074409389742,-0.0564894716047,0.00389519985138,0.232908281746,0.0279915489852,-0.117279178114,-0.0573802585345,-0.0662132561798,-0.259746897435,-0.366616125169,0.561254134786,-0.20911364229,0.232675115566,0.0680488902519,-0.290121295331,0.0523070811729,-0.360596587488,0.200098333248,0.795252641644,-0.802828437016,0.230075466175,-0.0920487402321,-0.347455145443,0.4542938436,0.328869714266,0.789085465337,0.72423735194,-0.45032062959,-0.107053799973,-0.258552505088,-0.514989116303,-0.185629413393,0.112898781314,-0.810508931635,0.843887584975,-0.111093219046,-0.590862908139,-0.427687929376,-0.478231853301,-1.10421601473,1.2161490913,0.144320479299,-2.67605414357,-1.01928057798,-1.05830098824,5.34003332213,-1.46076371338,-1.52807783477,0.369356452696,0.646735776454,2.42292889647,-0.908815817653,0.772155897538,-1.01685978553,-4.24809322558,-1.04697098145,0.722520213452,0.582042478333,-0.899935442347,1.67256491208,-0.884918787749,-0.920668341625,-2.43297450264,-1.31691197609,0.807433757148,-1.25493426707,-0.268012422043,1.63553878556,1.4349159402,-0.623590615852,-1.61684578124,-0.248173405843,-0.59805790301,1.89886818858,-0.950356075383,-1.55528155722,0.73688599105,2.50515007638,-0.0450186121546,0.675944685056,-0.408877858759,-1.5781227237,0.462046099798,0.0815767825019,-1.31530483106,0.829848630346,2.29904288053,-1.26190918807,3.07892515311,0.304267002406,-0.101130838404,-1.0547268487,0.585342929281,-1.14063799254,1.25878778884,-0.43568271533,0.212478969495,1.17099529814,-2.16518289371,1.15088806025,-0.874860830405,0.674651826322,0.244422092462
131,-0.0229396356877,0.0633581245065,0.118822936208,-0.00120982941924,-0.217267701444,0.0997893618057,0.0380955148673,0.10007233558,-0.133473836433,-0.245533777419,-0.374349807145,-0.557122312064,-0.309066127443,-0.140432429278,0.184723733735,0.0589970093588,0.233808198878,-0.0040692898195,-0.116490534928,-0.259879835067,0.0557997457856,0.150743049669,-0.209189191525,-0.0893577648562,0.121012523678,-0.108588013641,-0.416520141057,0.295878709235,-0.14488949452,0.135698124433,0.176365082309,-0.310909984252,-0.0448823883909,-0.254694911966,0.492421444036,0.75095502708,-0.67165026279,0.12044365105,-0.227610696759,-0.235440386548,0.388261963445,0.185802083217,0.848597939005,0.943729984484,-0.571846798204,0.192501735276,-0.227674137692,-0.501594771956,-0.267429829018,0.176768655214,-0.88645964613,0.931253362167,-0.146763822168,-0.563113839891,-0.313352471869,-0.696287099138,-0.986942475048,1.1259531273,0.216725554312,-2.64861888577,-0.225407191937,3.79533101567,-2.10495710707,2.80405079077,-0.797950929482,1.78611402757,-1.7102078369,-1.87268102492,3.25868810453,-0.0817704307839,-0.406032441944,-2.26939414503,-2.66489794814,0.906970846103,-0.0259914165059,0.899694510923,-0.331080515391,-0.513575050445,-0.469884805753,-2.33019655799,-1.66702291448,1.40898067655,-0.56883848079,-0.28012894283,1.79762485074,1.30176316284,-0.122758812301,-3.39723713687,1.40082142495,-1.33321936738,0.217420166828,0.619003082203,-0.352625258834,1.26570185402,3.14057674499,-0.773655675139,1.87282582105,-1.67932382511,-1.07809408301,1.75180819555,-1.33797914054,-1.48341042649,0.352088332972,2.05814326249,-1.13500376774,2.83504962071,0.279878221709,0.375765703514,-0.566337660492,0.683023252454,-0.369514520942,0.475151378585,-0.27027775698,0.342750647281,1.105722166,-2.18270786725,1.18855159557,-0.928171001984,0.771881510234,0.303917348789
132,-0.20360265441,0.0805798030564,0.0580588179662,0.0579452050164,0.148015938685,-0.0251169762407,-0.0400476122466,-0.131583765553,0.105048984104,-0.210711404268,-0.436862790109,-0.605555364612,-0.55677645598,-0.170012391453,0.141283692637,0.204689999487,0.107395113887,-0.0245428448976,-0.17772807838,-0.378662703181,-0.00423878965622,0.259817370767,-0.236913107638,-0.0949511805682,0.239407370868,-0.0436478196077,-0.347312903024,-0.0471194242056,0.0308553152255,-0.0259473741487,0.122354734972,-0.170586350587,-0.025026124716,-0.136723512159,0.784257810356,0.655156989145,-0.448960944702,-0.0792579458304,-0.299108766884,-0.0101163604204,0.205978330042,0.046188560917,0.858724694297,1.12922035995,-0.671072191005,0.445583682989,-0.208329079496,-0.43973031678,-0.296954029427,0.247484109753,-0.883933240133,0.93745053161,-0.164090679551,-0.522307746528,-0.208459925835,-0.912148028015,-0.867712083138,1.03070618696,0.298366910655,-2.61534947256,-1.6684442704,-2.49212272812,1.81612001919,-0.963741851062,5.40630587648,-2.55312148304,-0.424131032733,-1.370428815,0.110544107473,1.01942947301,-0.655774737853,0.982818087664,-1.71315013869,-1.69974705772,-0.54082409862,1.51558270218,-1.80904179849,-0.0370126336044,-0.766568191231,0.141341646889,0.727058778024,0.595411449381,-0.0276323634737,0.227559175288,0.398822738016,-0.101221299871,1.63535585127,-3.10626255296,1.88061625198,-1.82415207445,-1.14676686945,2.06572182065,0.654490225824,0.935306189436,2.47868398917,-1.07145932566,2.45589030859,-2.16436787807,-0.325088245997,2.65470455587,-2.1855852594,-1.23589084469,-0.148207798692,1.61834444312,-0.82190298491,2.16244693514,0.084369406089,0.855437094687,-0.0199072672417,0.720330203909,0.415963659273,-0.352386878899,-0.0732132985134,0.4731625268,0.983044965364,-2.12156365032,1.19006629459,-0.975736758455,0.85921728897,0.361049296027
133,-0.0117379490034,0.165065027624,0.130114500027,0.208336424983,0.214505836628,0.00188910982755,-0.136762405102,-0.0934783909883,-0.134046472075,-0.117895378569,-0.419157739931,-0.46731899581,-0.58530741354,-0.432295862612,0.162608329221,0.262774880921,-0.0376714936326,-0.0517173867791,-0.245459043108,-0.257249184119,0.18736452315,0.264236369522,-0.218799574354,-0.0451348138896,0.195575437626,-0.115127633192,-0.0935228507708,-0.27057139299,0.189155085776,-0.207752514441,-0.00980656710724,0.0635950546816,0.0598568267526,-0.0953372301553,0.95149998352,0.548182475733,-0.207153317758,-0.282294866337,-0.291271286874,0.270402630268,-0.021765430356,-0.0476597710293,0.820475273403,1.26090916879,-0.731765889176,0.614363535707,-0.213758455723,-0.333091934112,-0.271690194338,0.318540631473,-0.80534019746,0.861773153726,-0.161257038965,-0.468574826099,-0.118432489563,-1.11807738775,-0.750104387915,0.931028164828,0.388208774653,-2.57649854432,2.73594033554,1.24609446262,0.354200586592,3.27510290481,-3.85420991447,2.856991047,-0.834858530679,1.19071185359,-3.65159284363,0.0537358218711,1.34692781819,1.35260527144,1.07167666725,-2.94478456172,1.30908313802,-0.611692916358,-0.766183632799,-0.660123176586,-0.391247119449,1.88608468164,2.72717060331,-0.385538412353,0.395895951518,0.69419856501,-1.15743191874,-1.10106304762,3.26238387328,-1.21042545953,1.12815910247,-1.68318546194,-1.24716354637,2.38302759333,0.899225788143,-0.205642888835,0.735303847663,-1.02898212487,2.24821103121,-1.7567242898,0.467445282315,2.81269403923,-2.22971817458,-0.581777207837,-0.60250540762,0.984610575754,-0.375770070941,1.17274027579,-0.199090463999,1.25767442821,0.518204762548,0.68904118133,1.13948128861,-1.15012065916,0.128351304584,0.600747066596,0.809776866453,-1.98483342361,1.15636690544,-1.01662593436,0.935748431392,0.415496422171
134,-0.0621794818543,-0.0125908734702,0.250047678491,0.229265642486,0.00389614796236,0.134271364808,-0.0171910662551,-0.112678804911,-0.3508709256,-0.269132065081,-0.210285701903,-0.347618165475,-0.425221023329,-0.631290062838,0.396633305446,0.118697741874,-0.0398540466815,-0.153103507682,-0.227672802369,-0.100034423417,0.435677877406,0.222341830293,-0.155581338614,0.0207265383174,0.0502590408812,-0.199990012486,0.245431391804,-0.287411453571,0.240825101408,-0.337034778112,-0.0814526780858,0.260944705662,0.130260344377,-0.184566086594,0.91946013354,0.452688634475,-0.0225115997848,-0.407943217678,-0.212587212855,0.523131985894,-0.214092822569,-0.0615159855725,0.742430029044,1.3205817491,-0.744364041011,0.674977039707,-0.247523494277,-0.193356784387,-0.195764017017,0.382954237334,-0.660420419968,0.710775774637,-0.139163572829,-0.402372424101,-0.0478820546493,-1.30678965857,-0.637538238527,0.827638687127,0.485129558623,-2.53234944613,-1.36005995835,-0.0849159512352,-0.609961324709,-3.20039378592,1.58609847081,-1.34902537528,2.97026707303,-1.67035397799,-0.157280676645,-2.58317691518,2.06582370002,1.25835008127,1.59344941003,-0.606839602773,2.90682416708,-1.69491067643,0.473399196335,-1.16478392838,0.758168845967,0.827771712781,1.71589189443,-0.255550006294,0.858083303748,0.497807649027,-1.50005783931,-0.255701473775,3.15044561829,0.75086683021,-0.0920822828274,-0.794135802672,-0.0138206665312,1.38065741694,0.426430222942,-1.5392154887,-1.35836355826,-0.88615275834,1.35366383674,-0.677272913341,1.0531051129,2.10171277722,-1.50660893371,0.328221834347,-0.930981741269,0.185072004545,0.126045881894,0.0290902889421,-0.46387431764,1.50570047617,0.983132809589,0.587831520876,1.73194850113,-1.847698774,0.307734204481,0.72187702315,0.595249740788,-1.7784297153,1.08971913007,-1.04978056381,1.00067118738,0.466966570864
135,-0.105574024656,0.195277156045,-0.0488979281504,-0.0538581375263,0.190267863108,0.00200883614768,0.126452991632,-0.222320270085,-0.273356039978,-0.431443970828,-0.155898696562,-0.194298538818,-0.325678339812,-0.549149769039,0.604049678602,0.0522654050627,-0.00756707971332,-0.22655872164,-0.123957233209,-0.128756690051,0.468435487444,0.231094838991,-0.0597308691634,0.0371030238383,-0.065337895908,-0.116881775406,0.469794813051,-0.161637093888,0.184130483209,-0.354005875561,0.00255249213229,0.318861896105,0.140208616397,-0.380717447664,0.698001374436,0.366538778816,0.0525511721656,-0.410356791895,-0.0938249168345,0.666808523298,-0.307170699282,0.0180299935104,0.64077483488,1.2943104238,-0.707481470831,0.621204285399,-0.302364281568,-0.0390523149434,-0.0793394692429,0.433952664603,-0.465182552071,0.49760252696,-0.101232088814,-0.32456489924,-0.000378725699677,-1.47172045489,-0.533143611665,0.721368170887,0.587933094078,-2.48321316951,-1.26445580779,-1.402418583,-1.82610538732,-0.903410154849,-0.665172021145,0.549122988275,-1.50412265585,0.517521882487,0.824206000718,0.179724507831,-1.20458352138,1.58082198668,0.459303692679,1.91394688602,0.578742542037,0.782614087409,-0.0374515899576,-0.0415492847238,1.04649441129,-1.29402745304,-1.07973834871,0.377413462581,0.93984080593,-0.197157419682,-0.717441546679,2.00819808653,1.10010971045,1.51926055776,-0.931067692864,0.459598502064,1.65943392618,-0.235103480615,-0.192547426268,-2.20886388756,-2.91712977608,-0.86996944202,0.132924793469,0.622234529052,1.24839682225,0.680897947711,-0.311612491696,1.23862442693,-1.06591713083,-0.721750739288,0.600565877448,-1.08430116162,-0.604454584379,1.54178980948,1.32037656781,0.422194456748,2.13807512102,-2.38470953762,0.441655315402,0.832006223468,0.350886119348,-1.51080565944,0.993612736592,-1.07404896498,1.05329943792,0.515199344421
136,-0.0385588748646,-0.0940112374322,0.00554012011591,0.0154842570483,-0.101355319386,0.111586534181,-0.165028276982,-0.0691152266877,-0.222673334237,-0.24944580893,-0.338787332881,-0.129170819664,-0.277987476837,-0.333362490661,0.464154278452,0.254370353571,-0.0319184178602,-0.144326080725,-0.0703452906103,-0.290898621107,0.271373539414,0.263216724055,0.00316500512769,-0.0116737397064,-0.100321866441,0.179451379764,0.450898270889,-0.0273537127599,0.0785735906552,-0.256927655066,0.222187287373,0.229175730362,0.108189267097,-0.584310777087,0.37436843674,0.271962151231,0.00969844721665,-0.293076098564,0.0224597421485,0.648813736423,-0.275932547053,0.176740693008,0.536696398134,1.175660503,-0.627527444402,0.464902949401,-0.361564609405,0.107044685322,0.0628059808734,0.465628625186,-0.240252092887,0.240704918979,-0.0529357145479,-0.23652280343,0.0217320294712,-1.6072618817,-0.439646563357,0.613165197038,0.695360910499,-2.42942506983,4.77278241417,0.716180230243,0.491759172331,0.91685626205,-2.49173058794,-0.810938031646,-2.11352621965,1.22451320092,0.699364272465,2.56111408943,-1.42182976257,-0.708951400013,0.750349692334,2.09105507384,-3.08380056964,2.63852821594,-0.106540151446,1.55712454634,-0.12959518686,-1.49042636152,-2.4169583525,0.0338963198606,0.183484548836,-0.699417215698,-0.13335544307,3.61775907721,-1.3729152928,1.00761448583,-1.07170655076,1.36501748072,2.50339505817,-1.4086179679,-0.335148313462,-1.6417083848,-3.34633543239,-1.04858257452,-0.920912053786,1.63932778998,1.01049517568,-1.05089914052,0.897581944378,1.86727289192,-0.979435654207,-1.64480060006,0.977701357483,-1.99552315083,-0.541070043518,1.34053664074,1.49320792138,0.203788080475,2.32152835509,-2.71622502227,0.512734740926,0.925552007419,0.089657329405,-1.19256550192,0.872606961133,-1.08822713941,1.09307491654,0.559968181115
137,0.244886281738,-0.0790719632704,-0.0173320830564,-0.0581339432237,-0.0685346396315,-0.263407083966,-0.12896831873,-0.111206441033,-0.0724095484708,-0.0878108425534,-0.30898038453,-0.312869282486,-0.180945712464,-0.145896581458,0.120485974384,0.417797317892,0.0462136646416,0.0299092403386,-0.14252717486,-0.3512895632,0.0720971042342,0.204111685171,-0.0352086811176,-0.0870446777129,-0.132618163696,0.523925632067,0.245710739179,0.0251577367456,-0.0147892298099,-0.11127684471,0.448756426671,0.0742710372189,0.0953157293238,-0.670367648252,0.0676500283855,0.154541738961,-0.11120554323,-0.104227293362,0.0977983553835,0.463421340409,-0.142870882004,0.374773284932,0.451245510353,0.968697297224,-0.516671245325,0.233242240395,-0.402569383013,0.221596918827,0.213320244034,0.473505834332,-0.00879502033188,-0.0379205156783,-0.00111152528346,-0.140224670912,0.0174531506868,-1.70895464163,-0.359271744494,0.504099344142,0.806105504262,-2.37134139343,-2.24862479267,-3.61291807727,-0.748367723283,-1.71873521969,1.39143710141,-4.2505442736,1.47348622282,-1.43710002786,1.91707436028,0.435341174256,1.90233461336,-2.22691751353,0.897692404031,1.74249254364,-3.02798106449,-0.0328576843187,1.8591760482,1.61319983413,-1.08457439071,0.472678177927,-1.26754877483,-1.25313970119,-0.909641332991,-0.75927238778,-0.708669790878,2.82421733662,-2.38070633327,0.0519136665872,-0.753877096283,1.38486532787,1.75135290847,-1.49890156013,0.163770291548,0.0621756337223,-2.62746455479,-1.29180405951,-1.37016278013,2.01386316055,0.46266930158,-2.58076476253,1.65555352421,1.99956739428,-0.704439113321,-2.46709371319,1.21404192051,-2.57456165669,-0.2392965967,0.916927492179,1.48736929559,-0.050628803215,2.26820004909,-2.8167848073,0.511308148481,0.995966758489,-0.174552293555,-0.835992453815,0.732135131575,-1.09110785427,1.11957674547,0.601082080079
138,0.0398999203125,-0.14970724641,-0.292505977246,-0.169048309829,-0.205505418346,-0.278667087838,-0.181514726802,-0.155898513637,0.0107149578892,-0.0864043908645,-0.102794661653,-0.39033315824,-0.150287836244,0.0180350520039,-0.0533346872642,0.224073280751,0.297708194608,0.138790367078,-0.219881365867,-0.207610267222,0.0303770969767,0.0393388271261,-0.150203558052,-0.164600096184,-0.263333695291,0.673614237556,0.0448185489553,-0.00367345235559,-0.0698533771115,-0.00746521049789,0.52778854549,-0.0403591238008,0.147714839616,-0.559318885752,-0.130210636538,0.0193351967033,-0.237094695882,0.0850435700898,0.112884080437,0.154915860277,0.0294333907996,0.557595776209,0.398907617301,0.689817722154,-0.389808940966,-0.0365993886984,-0.402123148638,0.284856012271,0.354614260323,0.454984509792,0.205777797132,-0.314799093359,0.0468662426649,-0.0383410760164,-0.0128074185117,-1.77362968754,-0.293666143019,0.395358812127,0.918824515123,-2.3093356509,0.805972521506,3.40428110338,-2.8326041125,-1.4673975742,-3.61064485624,3.45037348903,-2.40008913356,0.799299094055,-0.691553934954,0.120138832813,1.41151927049,1.28555822897,-0.27043717117,1.37380718568,-0.466649592688,-3.353842187,2.5710776105,0.538073157038,-0.112494778344,2.13622811664,0.262822467872,-1.76549719002,-1.17867392608,-0.8473169104,-1.88590356927,-0.0183037085064,-1.35185649632,-0.530973903414,-0.356609043093,0.601730959353,-0.3088403106,-0.704727690336,0.855096863397,2.13364572622,-1.28912479602,-1.36538623205,-1.01383711379,1.65895254406,-0.147435532207,-3.45017519088,1.65034787521,1.56623268052,-0.338031151821,-3.06261476516,1.29868420488,-2.75364665684,0.279663206162,0.327251980257,1.31226485874,-0.320520813052,1.98729176967,-2.68245774155,0.436376572063,1.03602286311,-0.427648022982,-0.454515625377,0.578277046984,-1.08153539782,1.13253000117,0.638386949483
139,0.117886866089,-0.157320679424,-0.151452943485,-0.451325389025,-0.398737053488,-0.106858815871,-0.283566418093,-0.101617130151,-0.14047252628,-0.0498881998273,-0.0697460917137,-0.0904461516765,-0.160169475166,0.0757413825874,-0.0440954622678,-0.0885651707674,0.417465900801,0.159955350704,-0.12058613549,0.00906574637954,0.0655065407431,-0.0865352517393,-0.231344870498,-0.270621879264,-0.479040080793,0.527040320181,0.00505621549683,-0.063012423855,-0.0892280986227,0.00508442607519,0.382187314293,-0.064792134959,0.247836227752,-0.265824591456,-0.194952508201,-0.107082238738,-0.291184696673,0.209843029862,0.0755241269638,-0.195951994051,0.159895829794,0.672610761417,0.381974673118,0.367440302451,-0.261392628994,-0.304155726347,-0.34186810594,0.284511429499,0.471132653622,0.409646183415,0.382101141714,-0.567147019459,0.0839605229925,0.0657204703371,-0.0672523625315,-1.79949453088,-0.243846798031,0.288242381745,1.03215569812,-2.24379487526,0.121673950422,-2.96310521417,2.62543244146,-1.84411592947,0.51354418771,-1.92076648285,1.52859454459,-0.558055476347,-1.52293005573,0.227307113581,-0.307442958572,3.8411812174,0.61758203624,-0.401723217918,0.200276758624,-2.08404310756,-0.725790997236,0.0539405435397,2.12702887574,1.90464862173,0.127349551972,-0.496050497193,-0.319825685256,-1.32353796973,-2.16776414816,-2.66271846782,0.548398398033,-0.591904421156,-0.0456270884138,-0.297251771542,-2.50969021914,0.147769429407,1.00204016177,3.55140088221,-0.0870432914369,-1.10282081492,0.0158519385467,0.779080885665,-0.544125802072,-3.40994769151,0.836053795911,0.675831745881,-0.021739573246,-3.32162787935,1.25022535253,-2.53494065684,0.940274981319,-0.337804237947,0.998452427519,-0.583052233009,1.51013239963,-2.3308122656,0.295600861567,1.03830808035,-0.656060603758,-0.062140441048,0.417508865126,-1.05846370627,1.13181300572,0.671766556606
140,0.221600791669,-0.161381318833,-0.347139446549,-0.223303848885,-0.29213991114,-0.431602983725,-0.0855220951053,-0.229006759355,-0.203918315745,-0.102987438163,-0.0464693058315,0.189479590949,0.0248021693861,-0.0301897254389,-0.0540664019627,-0.122012090581,0.143182544266,0.168669517247,0.167666088322,0.147419720312,0.0190250018584,-0.0419168880041,-0.216003104363,-0.425793747926,-0.638948967356,0.220611168442,0.124970538677,-0.116667584709,-0.0811055504235,-0.0440152549974,0.0641446401131,-0.0356159594903,0.31444067783,0.105350690934,-0.171465377097,-0.191131847975,-0.225527837286,0.236537102606,0.0176909077953,-0.497999913122,0.177556120343,0.686089109542,0.38798896646,0.03895834795,-0.142942192296,-0.532490423259,-0.213225422434,0.218486672154,0.55120530853,0.33940567688,0.502918829608,-0.774933557597,0.104297474975,0.167829482401,-0.142784279264,-1.78616184308,-0.210174212742,0.184145496261,1.144732548,-2.1751158058,0.740116271233,0.320967201006,-3.10154884035,3.9247268474,0.734701790711,-1.76722823339,0.175872496059,-1.03508941081,0.115979444568,-1.18044014944,1.04964820782,1.22299707967,2.8370906778,-1.19199837117,-0.277118163485,1.18574380067,-4.23877118443,0.0965631589518,3.26639829861,0.918676549129,-1.06114271475,1.28246421801,0.479548794054,-1.6775394191,-0.774173552176,-2.99744675852,1.60214816664,-0.486407500765,0.198449936877,-0.5280254392,-3.58870047032,0.280588229559,0.164264207824,3.62681186779,0.416595201169,-0.545288443968,1.29309001291,-0.229931974987,-0.537794104637,-2.50725419345,-0.543487934925,-0.412321905777,0.0989804843094,-3.17892812047,1.10659144152,-1.98489640592,1.62549951959,-0.967042453592,0.591899933683,-0.814663261158,0.886856165652,-1.79883197387,0.104352082895,0.995899757136,-0.847476699215,0.327131527023,0.256441035569,-1.02101536572,1.11746303473,0.701143062077
141,0.20265621245,-0.32999039827,-0.182046689226,-0.212558891296,-0.235707290016,-0.260171250597,-0.359417528797,-0.233340076486,-0.189761408156,-0.184523646424,0.0847714767091,0.182219750555,0.277375576933,-0.0422945483194,-0.0460749657913,0.023123890388,-0.254986075921,0.157316231255,0.444292820038,0.228310838699,-0.1150432044,0.117678617778,-0.181459643066,-0.571042749286,-0.605666916105,0.00966135700493,0.272247353177,-0.163901811031,-0.0531711481121,-0.0682941441281,-0.279482996862,-0.0371983921247,0.256050500913,0.415207028804,-0.138477810153,-0.214897412717,-0.0427261104147,0.173483391611,-0.0177522659074,-0.67944417598,0.047541137802,0.594580213604,0.391843824092,-0.25495248035,-0.0417856366338,-0.693858382812,-0.0205083173237,0.0960865368842,0.588204357298,0.248500838003,0.556720888658,-0.922641099963,0.103854584349,0.263220506724,-0.23516600949,-1.73462060654,-0.192352119507,0.0845405067952,1.25520040265,-2.10370103993,0.848191513324,0.905827029569,3.21661989259,-2.68537279067,0.59796595416,3.59557243019,-3.77837418949,0.31379382436,-0.0490736583468,0.108337008311,0.977096343718,-0.761677039602,1.48455956777,1.31296156604,0.607650854931,0.992072726069,-2.78658933324,-0.442766802032,1.84877566448,0.906934374139,-1.36543163439,1.56695318303,-0.0331582038191,-1.01109365229,1.43269946796,-0.944530754431,1.11498746811,-0.473263807056,0.326573401303,0.181201345202,-3.02318860884,-0.414199931167,-1.3898093024,2.39669172762,0.131206359385,0.0464219665529,2.26944275034,-0.955696216867,-0.109537582723,-1.07164049343,-2.03058227534,-1.36876607906,-0.0750539221191,-2.63707518093,0.911357663502,-1.21731392269,2.19875415091,-1.44737435853,0.14605132105,-0.992740024178,0.181271100703,-1.13901314344,-0.116071840389,0.903159876847,-0.991522256521,0.69986707386,0.101555137073,-0.968538904301,1.08968014012,0.726477124937
142,0.182010058329,-0.0291771288699,-0.19525960351,-0.264192844629,-0.196159541079,-0.143642113606,-0.405175243928,-0.308422723129,-0.204249968881,-0.0633627557035,0.0808172880896,0.136504754075,0.263132242642,0.193447569915,0.0318709371754,-0.000830949794498,-0.303247019921,0.0781176919742,0.485360459184,0.347709412989,-0.209600184041,0.214050180056,-0.251718666522,-0.59059125822,-0.384048854245,0.0466511530014,0.322479829151,-0.210166586004,-0.0267263750686,0.00878651809094,-0.502004572728,-0.124492107408,0.0422587039098,0.564856539592,-0.159521401724,-0.192315963749,0.203453535943,0.06362644122,0.00437344803263,-0.711185445955,-0.214693394119,0.426583949841,0.362706502989,-0.477752068171,0.038844119903,-0.773273477722,0.218445976837,-0.0628224746568,0.580857161128,0.143310118308,0.538797466938,-1.00056059578,0.0809366377567,0.346663443974,-0.339245190466,-1.64715265553,-0.189453167934,-0.00904861882183,1.3622328227,-2.02995519621,-3.98991059807,-0.345720999651,-1.26251832192,2.0438815447,0.110756459493,-1.94051857686,3.23927577638,-1.63269097714,-0.105785604998,1.84076899929,-0.901097173389,-0.0497819830837,-1.47846882974,2.68669721276,0.449882364388,-1.37705664197,1.81440097852,-1.00448024045,-1.06993543213,1.39876591227,-0.407834824155,0.205992108154,-1.35969755986,0.729799882243,2.71939852839,1.55008175407,-0.118007436519,-0.421848057373,0.12836809101,1.37351868773,-1.32470226989,-1.28067182843,-2.76785865348,0.579839901105,-0.576796676821,0.328558222469,2.50937242014,-1.14360512032,0.57204471344,0.398473578749,-3.10561994823,-1.90252424494,-0.553489129927,-1.77643495543,0.701039483535,-0.36922305809,2.53074965995,-1.68393876997,-0.286860345385,-1.09738884114,-0.535578513555,-0.414055443341,-0.340866219893,0.756571708773,-1.08035673574,1.04372498838,-0.0410496739295,-0.900661810023,1.04882880681,0.747767570177
143,-0.097026377756,-0.111711899214,-0.132457717079,-0.0869095683275,-0.208104590644,-0.354664211892,-0.0875697775449,-0.340219303092,-0.196162718167,0.0441815447094,0.000587194643566,0.122448212549,0.107658599521,0.336508216015,-0.053368264354,-0.161081052253,0.00152273875888,0.00333771008482,0.269445993162,0.456664544137,-0.201369758113,0.164241855777,-0.414346565919,-0.428236064369,-0.126928015184,0.260790229084,0.268625261838,-0.239256558377,-0.0436937687335,0.194417368862,-0.544086235131,-0.268205848504,-0.259071919808,0.543767610423,-0.249474225384,-0.167017741651,0.42994474948,-0.0370970205644,0.0953336218215,-0.615200410813,-0.546075521702,0.233474951841,0.274204241655,-0.604546737811,0.0986580230486,-0.769521351517,0.474353830636,-0.230565178216,0.532718370391,0.0319878310178,0.451609653265,-1.00550793133,0.0363885909581,0.412715788801,-0.449232112208,-1.52719986868,-0.199969063287,-0.0950765729448,1.46454801806,-1.95428113278,2.19470674298,3.3716135087,1.85361435915,0.343163239478,-0.303377607426,-0.195285776446,0.807027613423,1.95410811327,0.361066097616,-0.207304609212,-0.265976268392,-0.552050008246,-1.02783093688,-0.295551633291,-2.32056215745,-1.25399093982,3.43084139991,-0.249261523214,-2.85438767586,0.418224025723,0.436864137307,-1.01589856992,-1.54763883514,2.37030576109,2.11279366725,2.34131399323,-0.783293208642,-0.114635141026,-0.542368074714,2.21550946387,0.391757793353,-1.41090799357,-3.01401510118,-0.87133023749,-1.16022854038,0.085945742174,1.88621969491,-0.795628855639,1.21376005623,1.41137234548,-3.36427441457,-1.86097936652,-1.23691673896,-0.746415305915,0.497239033425,0.42520091394,2.5259374741,-1.61804273596,-0.663688947036,-1.11330216563,-1.19252295795,0.309310949286,-0.544513762283,0.555525461685,-1.10913873463,1.34791582361,-0.16589050914,-0.817336837698,0.995437197005,0.765050616063
144,0.0998157564108,0.0684371181858,0.111383921292,-0.125985970195,-0.204762464957,-0.140970382436,-0.246555298534,-0.0166916700289,-0.0984495822529,-0.0862871157763,0.0222212260486,0.0228720106831,0.0882510572263,0.172540219576,-0.352317043298,-0.186673540073,0.231297477655,0.0487187903896,0.00715223914387,0.371344370632,-0.151701802852,0.0606482693898,-0.484532206553,-0.164986365997,-0.00421950510072,0.439961104618,0.202941674298,-0.229231706315,-0.144315397207,0.420033979477,-0.454380893414,-0.366936365063,-0.509962732696,0.424250923229,-0.374395985873,-0.190562583667,0.559780575477,-0.0855007225106,0.235747276831,-0.454792031666,-0.85505593073,0.0723986653266,0.114886243628,-0.627730104234,0.138712832998,-0.69368221113,0.710967337438,-0.375951325187,0.450954453916,-0.07608901684,0.304444783888,-0.940905517661,-0.0264772345862,0.456046861877,-0.559016266545,-1.37918940772,-0.221882721476,-0.17201118699,1.56092506971,-1.8770762649,-1.92261961367,-3.11065819372,1.57359851464,0.356566366651,0.866894611111,2.75290312333,-1.77177760665,2.85888807872,1.65788238399,-1.70621719047,0.23287730435,-1.12470821918,0.321087363806,-2.22116489165,-2.78644659167,0.695996378895,0.726952823094,1.06027788341,-1.97088536586,-2.24743443811,0.471671216648,-0.827981076604,0.469905636048,2.60509964899,0.259955628308,0.955043609709,-0.379866920004,0.293599357033,-1.47326299022,2.12585592207,1.21525693725,-0.381392142048,-1.77553919217,-1.33646095773,-1.24214047472,-0.609438183906,0.644875585095,-0.151620075937,1.51848205596,1.65804076798,-2.6589230955,-1.28546302227,-1.93187263048,0.26279253452,0.305708553813,1.05756502389,2.14334087159,-1.23952314177,-0.956046685282,-1.03164204036,-1.72534649248,0.966741792831,-0.70365220542,0.302956672636,-1.07632922004,1.60357828704,-0.268305831546,-0.718879397978,0.930193782318,0.778398664728
145,-0.0673062941458,-0.0213999011825,-0.130185216663,0.0486837591335,0.0133915966726,-0.0580333026462,-0.0993707713546,0.0274056495524,0.0656131556688,-0.137645056918,-0.0369618212636,-0.03623685308,0.084319870422,0.0521197088172,-0.43782549577,-0.0865806042505,0.148621214118,0.160740401238,-0.0795115493923,0.0379537481923,-0.0990903250559,0.0203235099761,-0.292008192514,0.0424440060336,-0.0619991350416,0.426349049935,0.20615250367,-0.19470718799,-0.328400406318,0.590203161248,-0.335939499636,-0.320470986115,-0.58249139104,0.308728447806,-0.480741810656,-0.292153420412,0.555275323347,-0.0693732564302,0.381836421198,-0.309954559351,-1.05091598679,-0.0131964414333,-0.104591242398,-0.559019352499,0.160059077803,-0.5656921822,0.891178492607,-0.469417492338,0.344713600658,-0.171056806386,0.112395129282,-0.816236595811,-0.102231541259,0.47181473586,-0.662504007723,-1.20832613502,-0.252759168845,-0.23837112318,1.65021967791,-1.79872902483,1.01883909434,2.65524197306,-3.60189021879,1.31510654738,2.98244468135,-0.476011693825,4.27393723207,-1.45684778373,0.947503299453,1.08405588564,-1.41191347672,0.0244153984391,-0.63768340383,0.222391417157,1.54090268821,0.901496333013,-1.99820189467,0.814365658462,0.209853093558,-4.00020454298,0.733090824727,-0.0152685331253,3.28943635951,1.38033095639,-1.2224718553,-1.17914535505,0.417149405353,0.283128784282,-2.1073011746,1.17379321891,1.01843030763,1.34530378568,0.391171162909,-0.853848694142,-0.820703879936,-1.39808722315,-0.704594008187,0.435946977343,1.31462936896,1.12422658269,-1.15425366454,-0.40107740539,-2.40033895195,1.06268064469,0.121931356295,1.46102983795,1.40760672046,-0.591041707353,-1.15281352222,-0.851780460337,-2.08312517944,1.50230444977,-0.799708395886,0.00574791858768,-0.983807188961,1.80405718071,-0.344624127809,-0.605994142334,0.853941221966,0.787918666102
146,0.050481123173,-0.0708884224715,0.0515459265785,-0.0268404638414,0.143442094757,0.0850252240363,0.225250008719,-0.0293399779075,0.0232192976658,0.0532951636635,-0.152211200912,-0.0222714848078,-0.00657161959232,0.161248596846,-0.0951784422049,-0.0468028393871,-0.0663348641412,0.153178771349,-0.00464646393332,-0.318624143192,0.0289317004218,0.0284339682941,0.109952433914,0.104692325633,-0.195892248013,0.243196665261,0.265578926704,-0.19842597995,-0.538494930264,0.645886655381,-0.264614127272,-0.111245089565,-0.440047238921,0.265477186657,-0.532252464556,-0.457326045658,0.433655776321,-0.0101921466461,0.482679274039,-0.246670220816,-1.0733191242,-0.00865711309215,-0.350494583837,-0.426953780244,0.163168451039,-0.409784886033,0.983634501176,-0.488143453839,0.223419603392,-0.243458244822,-0.105232766353,-0.645941255357,-0.183918259423,0.456068389946,-0.753957762639,-1.02036259304,-0.289851233407,-0.292765620758,1.73137915719,-1.71961550603,0.693411570414,-2.42602083444,4.43327615009,-0.736867536622,-1.18339185366,3.85508534426,0.804308672187,1.27113218198,-1.38634952614,1.7514951582,-0.146344111357,-0.114018662096,-0.752428237819,1.13659823886,4.41954450609,-0.0262800019519,-1.84003884323,-1.09108249766,0.854908472853,-2.59605609585,1.92262335545,-0.0140080056456,4.26430093496,-0.0367455413658,-1.1699315706,-2.1887004726,0.621283403022,-0.475172726654,-1.94111711249,-0.0447843817019,0.409249387818,2.67499585614,2.3118648119,-0.0150657039598,-0.212772475058,-1.80609798592,-1.61775414411,0.674044664376,0.638045384292,0.0954041234392,0.723919202253,0.458326476299,-2.43158319055,1.51265888241,-0.0594696381282,1.61674058111,0.407977234241,0.236766099018,-1.25914966196,-0.582648465712,-2.23317740015,1.87352775414,-0.82101732236,-0.325178450892,-0.836783687181,1.9450730456,-0.392290229605,-0.479789255926,0.76766741268,0.793750072105
147,0.0924240677756,0.0593743119358,0.0190808799235,0.141429889016,0.0408687361937,0.369186978005,0.178966951141,0.190080376391,-0.029588115456,0.0667798437163,-0.0166466974992,-0.0713119653715,-0.0122073828618,0.12280568693,0.241075337085,-0.04067707935,-0.169481832525,-0.0395035609484,0.00799609095049,-0.419845305622,0.267115738792,-0.00820951086379,0.457639808035,0.0723508923006,-0.249129542747,0.0492758104962,0.303024425631,-0.302668797782,-0.688959987312,0.593745475511,-0.241895822931,0.167788237605,-0.164999431867,0.293796356865,-0.529896284985,-0.62924298612,0.257721223279,0.0503049057719,0.50150278126,-0.291442307952,-0.911932765151,0.0666012090979,-0.572472901083,-0.270119739395,0.148327281358,-0.249770982003,0.968635963999,-0.420242679263,0.0953273950763,-0.285237930278,-0.326912309961,-0.447876730172,-0.26382116069,0.406141631415,-0.828316454954,-0.821357631075,-0.330215574827,-0.333935011932,1.80345639448,-1.64009633148,-1.62967701672,1.87776477905,-2.77347504768,2.0000072734,1.46776820545,-0.358505633025,-0.13263421827,1.86976726028,1.05019701901,-1.40282051565,2.3550414646,-0.508385356384,0.534020783032,-2.22985966389,1.57224631693,0.411650933018,-0.201551219675,-2.492599264,-0.880495167534,0.560218123756,2.53966638459,-0.730588618431,2.24523144537,-0.38452722136,0.250649061638,-1.43893066783,0.0414323954572,-1.59948244431,-0.965249805974,-0.903681873521,0.147934355035,2.63265897792,2.91422771352,0.479559450839,0.205066058118,-1.50217809474,-1.76366630114,0.466502727351,-0.273041066225,-0.950057082834,2.43027885286,0.965972559068,-1.91487845794,1.55712124505,-0.23553261878,1.5507775709,-0.714829261622,1.11872575912,-1.29236489009,-0.243385711638,-2.16411321591,2.05499870101,-0.764199384812,-0.675122872588,-0.643513008683,2.02477937217,-0.409945265148,-0.341777428535,0.672493710176,0.796062405011
148,-0.185519280545,-0.00454225621222,0.0782555196004,0.104898877869,0.357088645521,0.111915600799,0.267082867218,0.238734582698,0.186989699694,-0.0471090604972,0.141365599819,-0.0303677139545,0.0157053722927,-0.208000429036,0.20777421457,0.0464740114649,-0.133260714717,-0.278991893026,-0.185114442834,-0.271686385722,0.449994555529,-0.0934477489313,0.509055682212,0.0650628736892,-0.140297794877,-0.0181138118485,0.273729870805,-0.498783128938,-0.722189294377,0.485062271284,-0.213232928299,0.363674203897,0.0879906960173,0.338065719935,-0.50336012812,-0.733832039784,0.105932339214,0.0726913925972,0.431815208355,-0.420699571135,-0.609298679248,0.165825736674,-0.716313517284,-0.127627384836,0.116770037222,-0.105033306991,0.842204188211,-0.267263344208,-0.0333896601075,-0.290754657473,-0.531086537792,-0.241504866029,-0.334324548668,0.321002274554,-0.88147737519,-0.617434884968,-0.370834300004,-0.360790644561,1.86562249107,-1.5605137831,-0.357188660171,1.2288972849,2.31712963917,-0.782499031949,1.64077354863,-1.97152240692,0.792726944357,-0.400859749839,2.27456674622,0.243457495144,0.13668884247,1.5086032221,-0.442419948037,-3.46480554012,-1.65170150199,1.1404176826,0.71381573651,-1.99304187269,-2.73954339833,1.86192832282,0.666583189341,-0.756989140512,-1.230000812,0.342988802289,1.8358972747,0.0869889996716,-0.539931442708,-2.14560897978,0.286863715391,-1.18168717682,0.515643575612,1.07804224064,1.90720178891,0.294587758705,0.27085256536,-0.493000479706,-1.1710079564,-0.0480310097392,-1.07320290921,-1.52218900296,3.48333383898,0.919196343968,-0.888836626613,1.2417315064,-0.389929979438,1.32329677641,-1.79156806497,1.91500679862,-1.27562012284,0.137023424302,-1.88665829874,2.04018336521,-0.634647382799,-1.02624022121,-0.414813670973,2.04370909934,-0.397458262705,-0.193862972667,0.569660401027,0.795052470828
149,-0.0657742391947,0.261047542837,0.238787936365,0.259856155379,0.116354566541,0.234364784289,0.200433011358,0.231819144386,0.2753778055,0.172228832148,0.0506388355169,0.14404219418,-0.118729480717,-0.393402998578,0.0715670892708,0.12645332899,-0.0673521214251,-0.401387761333,-0.458245061229,-0.151873297366,0.348000953823,-0.117308348903,0.254413686677,0.13899948358,0.0820817763831,0.0417595571869,0.224321337198,-0.68762250282,-0.644647657046,0.369409159472,-0.130389481147,0.360916229429,0.184698002907,0.336869770285,-0.482524790834,-0.716196982767,0.0362401810467,0.0403054385825,0.300912735961,-0.569329923751,-0.24595994865,0.23165562093,-0.739628528914,-0.0292969093288,0.0719951223372,0.0121194892094,0.617526543452,-0.0445143932352,-0.158871737639,-0.257695883456,-0.698323984858,-0.0459928040987,-0.388775428626,0.201520469438,-0.910521674249,-0.414551857078,-0.408737316614,-0.372452821324,1.91717782038,-1.48118922617,-1.02849366142,-0.828387980267,2.05739806271,2.29292278355,-3.78152173439,2.69525101482,-1.43500767639,0.303796566891,-0.44294065387,3.34891331692,-0.98105276494,1.10607276486,-1.86716454177,0.21399727539,-0.435525694173,0.198602937611,0.441160860007,-0.411607820293,-2.26282100943,0.193213363115,-2.66796593238,0.411839906717,-3.47201871449,1.01682324475,2.37322427831,0.90119283948,-0.279462249217,-1.40196847737,1.16228750971,-1.10396376863,1.12360908943,-1.13396046747,-0.0329598317408,-0.353291810918,0.13934887086,0.859192841548,-0.201965158549,-0.57429435893,-1.45808194957,-1.30827587935,3.62612608835,0.316070714644,0.451608353716,0.702464107059,-0.494572514108,1.01276944176,-2.6531608093,2.49410853196,-1.23086773848,0.521374216031,-1.43215880668,1.84133528519,-0.446068165626,-1.35851842918,-0.163425356125,2.00461779427,-0.355909489276,-0.038315076921,0.460509584436,0.790941255181
150,-0.253765616739,0.165372421778,0.296439562845,0.256657289039,0.177386586048,0.227198236621,0.187262945525,0.228487415276,0.229482870338,0.386681804673,0.114454320568,0.0708716910698,-0.239736656829,-0.205620255095,0.139665517382,0.0778268279813,-0.06539213889,-0.375524414205,-0.569601746873,-0.235459126469,-0.00632825263116,-0.0142924559337,-0.0943706272232,0.231164157552,0.285640283874,0.118039690396,0.243243312175,-0.74302651839,-0.511353654433,0.264098359532,-0.00385904671937,0.15953623191,0.0908861993676,0.270751112145,-0.470709501049,-0.56871790896,0.0609043324463,-0.0324632155775,0.158507885471,-0.65542566114,0.0868876742722,0.217205298354,-0.625781940524,0.011713770349,0.0205772896331,0.0974203407824,0.323457682423,0.2208975854,-0.279125666456,-0.187761635353,-0.813214527837,0.121583262149,-0.422253997518,0.0506240912292,-0.913868907663,-0.218289341376,-0.441120685546,-0.368285389963,1.95756125427,-1.40242085814,0.200304038765,2.97756768723,-2.48289227367,-1.74172193765,4.52800774661,-2.6307953705,1.20780634232,-0.496959999293,0.123298295032,0.180893470205,2.31237811491,-2.43304565837,-0.072755234135,2.81734753526,1.34803557836,-0.98363369464,-0.431779123606,0.783213573993,0.178841753695,-1.54758459895,-3.75226000058,1.4836929807,-3.06636489553,0.615989482523,1.48288411163,0.443299604098,0.705244139325,0.394053664727,1.40932501827,-1.02256956293,1.28259191616,-2.68054744867,-1.6970875125,-0.904551673313,0.148118009627,2.01307146063,0.631570819396,-0.814762182543,-1.30220128467,-0.297342081023,2.90736257969,-0.63719780358,1.79719852283,0.128638591162,-0.517847764353,0.698735497341,-3.15998936142,2.75498184599,-1.17259031442,0.867229968323,-0.848922635085,1.48755203054,-0.219122865189,-1.6510461662,0.0967596787685,1.91223604687,-0.287527592629,0.1222722995,0.346465703019,0.783970545484
151,-0.222978471521,0.228569201241,0.151640360549,0.192614831006,0.399817621095,0.150227642328,0.250257428009,0.206043318736,0.28773543671,0.259740481725,0.330337280772,-0.159749797192,-0.123775719673,0.0157398876053,0.2095690512,-0.0162531596324,-0.141922558163,-0.276377530355,-0.437450230285,-0.361960000029,-0.258607480754,0.130435281027,-0.295075573302,0.228883745161,0.348902469487,0.113314773474,0.352687322287,-0.610163238577,-0.374348987076,0.160395500684,0.0977232644212,-0.120850240855,-0.112057540752,0.175071837503,-0.43952372205,-0.335411435478,0.143934251426,-0.107960508182,0.0548066846745,-0.612051374259,0.317523539422,0.104097753769,-0.39148076476,0.00164052882206,-0.0280774347245,0.153948713457,0.000282141009638,0.494036597146,-0.393051620672,-0.0869847045061,-0.865806747416,0.247757053482,-0.43216848062,-0.126683462303,-0.891350430737,-0.0336694620054,-0.465456532677,-0.347925694805,1.9863573375,-1.32448180691,-0.643735790857,-4.28882627891,1.39469195964,1.13354319088,-2.1092158408,2.46726206563,-0.569490563729,0.445315744918,0.495624485792,-1.75090143906,0.688377409128,-0.96479179294,2.02586026547,1.1191835406,-0.492020183361,-0.692876070066,-0.949804724019,1.06213033828,2.21848790165,-0.471796774818,-0.713266182484,1.16152068182,-0.788570040136,-0.747342393451,-0.28644836963,-0.511431433121,1.31200738877,2.15078358939,1.31589427918,-1.06483856307,0.614163713388,-2.63305146585,-2.11142239353,-0.899086668951,0.547272220989,2.52336627458,0.916739002466,-0.622608438999,-0.723340779207,1.20892540538,1.65420239364,-1.59326326586,2.80626579671,-0.29080246069,-0.436915355159,0.446290356087,-3.22654182503,2.64440877192,-1.10373729534,1.13117109736,-0.196793136385,1.02122909847,0.020696152918,-1.88347967069,0.35154223985,1.77294791833,-0.195584433463,0.285032889079,0.229014037397,0.7743993288
152,-0.0273059374521,0.108123037445,0.220498033922,0.309305166888,0.110189851862,0.411311792897,0.217806010817,0.285857066344,0.259709044669,0.172883453183,0.145912929807,-0.00956415308779,0.0728772716823,0.0230044442386,0.0231191748251,-0.0609085437284,-0.215387995724,-0.180149115839,-0.185566083842,-0.27350308917,-0.108506273565,0.188927718726,-0.255655809545,0.0862643469847,0.231155435616,0.0408281835665,0.457695372211,-0.350448644567,-0.243603247535,0.0526057948795,0.100595578179,-0.315240798566,-0.283947884214,0.110215414295,-0.349575743679,-0.0901920041559,0.221466123499,-0.144968675084,0.0174044546452,-0.413953477359,0.415956774908,-0.089134654972,-0.0850936792371,-0.0367535201674,-0.0632309040065,0.190079005363,-0.30656569456,0.737472626401,-0.499215529358,0.0344238019105,-0.852438590843,0.323772900024,-0.418608297699,-0.323457411589,-0.844196659931,0.134991261177,-0.479590550065,-0.311308723177,2.00330122569,-1.24761859832,3.72045762913,2.68394367345,-0.94783358885,-0.589666439069,-0.356586798962,0.143771421528,1.05220842428,0.630993044443,-0.929014171712,-0.0579860422197,-3.68080892733,3.50852156501,1.5938389753,-0.500941801788,-2.85526536361,-0.394282230018,-0.325315384758,0.839257728528,2.54711619471,2.19288910332,3.46651854382,0.00917897213498,1.39801530524,-1.97721077252,-1.97998145165,-0.744663222158,0.525889569856,2.81489601237,1.34717294891,-1.06049424624,-0.587072946701,-1.0645810118,-1.13364121788,-0.332462431127,1.28570922498,2.26214091194,0.529974183747,-0.076494710225,-0.0398139067445,2.70528522955,0.347044355563,-2.18376362143,3.20356053154,-0.422751610051,-0.249684612342,0.294805433055,-2.83699811113,2.16654904054,-1.01481155299,1.2739613555,0.459444470286,0.493319818388,0.245733787961,-2.03759396912,0.587283666305,1.59441549881,-0.0842530676736,0.446891477703,0.109677548395,0.76250001963
153,-0.0778605376585,0.0239332785627,0.137389600362,0.0962126681809,0.340859162225,0.190161884368,0.403276538552,0.294740976855,0.176655440756,0.130913226174,-0.117246659765,0.308106491671,0.189278834308,0.0341763150664,-0.243519220892,-0.139612837123,-0.188929179033,-0.101363225854,0.0366192782449,0.00258011544346,0.308572977957,0.159714684013,-0.0728974950433,-0.127269876665,-0.0189210171635,0.00374338074662,0.416631843553,-0.0890155260511,-0.0954358273958,-0.0420918010112,-0.0107757620081,-0.316611297929,-0.316259281878,0.111829425757,-0.18281364295,0.0989098701544,0.234183402227,-0.120177351755,0.0374719813876,-0.0888629523357,0.400568510566,-0.311657884287,0.224503290102,-0.0719816694133,-0.0752945521446,0.216579687141,-0.553762168817,0.917100761716,-0.594703152969,0.162768288487,-0.775880832597,0.346174169098,-0.384414391187,-0.531099703983,-0.774938913231,0.284189520297,-0.481823728706,-0.258684446499,2.0082812431,-1.17205000688,-3.41011968758,-2.86809089826,-1.59542029181,-1.29613484909,1.78579532097,-1.94752253418,1.08221875028,-0.199218471219,-0.459071537931,-1.26623379875,-0.272376057497,1.63229489127,0.894905829882,1.17472216617,-1.9539033355,-1.28597442068,0.796608840251,0.815181837181,1.8183240757,2.74620883156,4.01837371228,-0.373075320704,1.90912458658,-2.06777262997,-2.84607870318,0.157255097237,-1.45001814782,2.26049785983,1.64483429696,-0.776597013317,-1.52326644229,1.00910529895,0.507563043605,0.326512742433,2.00795286518,1.46530593342,-0.321805070311,0.560352024515,0.366383541442,3.67188751911,-0.557554467432,-2.15154558768,2.86571562728,-0.230610358652,0.0182348624685,0.252383894464,-2.04895296581,1.38291171602,-0.886405293223,1.26605634647,1.05708223497,-0.0420762159493,0.42911135088,-2.09878873556,0.791737094303,1.38517157198,0.0415643965068,0.604636310699,-0.0100074894266,0.748554575831
154,-0.0863753202904,0.12512568185,-0.0585670719156,0.158128939795,0.154152203924,0.292775299143,0.276850608626,0.274914084001,0.156191073374,-0.0242088214094,0.113459933485,0.247606941854,0.274809203926,0.268261022302,-0.336536708649,-0.292476312465,-0.094162499047,-0.00204074747028,0.173552934755,0.167325122017,0.541498612523,0.152337145658,0.0597832088901,-0.2894633807,-0.301267075119,0.0841209985507,0.176267900436,0.0890139502414,0.0834576998416,-0.0930384648685,-0.170210520778,-0.139946085471,-0.196641130547,0.157961653075,0.0364936633722,0.20012535171,0.155514349742,-0.0404082186135,0.0721075948639,0.291140937416,0.327151779942,-0.496802418964,0.465757894526,-0.0743980677009,-0.0586047208592,0.24346786068,-0.707095022758,1.00746850656,-0.674385157685,0.282099725086,-0.64479069252,0.3168410094,-0.334954705192,-0.739789878012,-0.687232309247,0.411301440693,-0.470975686106,-0.190627558285,2.00133896365,-1.0979662981,2.21726143473,1.53892888628,1.07223710767,0.204798514342,-3.5818315879,2.4109198522,-2.70092007424,-0.465549699267,-0.216031873577,-0.897862778053,3.7476826122,-2.16269461111,0.797712445463,3.14020553733,-0.151626724975,-1.44392393723,0.844327174466,1.20299235684,0.912595124681,0.21682069742,0.160181250744,0.315389856193,0.478008543584,-1.06218571877,-2.6234827259,1.39787943753,-3.1664894209,1.33087879861,1.88062759713,-0.214142078403,-1.46647216264,2.30758583721,1.73628952824,0.470092268824,2.2720854587,0.584776137184,-1.2214773902,0.975877682483,0.223943947814,3.77072490678,-0.79061868221,-1.44822615642,1.8653796389,0.212780466906,0.314982504089,0.296506048082,-0.984560810106,0.40268066918,-0.694751899897,1.09270471284,1.54213378549,-0.533217382,0.54763312062,-2.05741574151,0.954785939151,1.15420295821,0.176431429919,0.754998361989,-0.128516570674,0.732850563627
155,-0.0101744286675,-0.00786466369722,0.257364168217,0.0303247275809,0.0678774872479,0.222064797179,0.13131416247,0.140095321118,0.106403124651,0.0957060732228,0.348977961726,0.100025971526,0.333437844693,0.543952472885,-0.359420221581,-0.36264466154,-0.0555498469505,0.126914897819,0.213059393803,0.0512168490108,0.33687931301,0.211170825718,-0.0052398304806,-0.338732326639,-0.513209817464,0.25237777256,-0.156748404989,0.19732349169,0.263227440713,-0.085932296617,-0.266412633024,0.0940378426919,-0.00714377756131,0.178180796528,0.248177103247,0.227247748481,0.00235101697027,0.0607172247639,0.0627912745626,0.635029995771,0.26483790743,-0.584970708483,0.583874321224,-0.0264139382838,-0.0135897679434,0.277221255068,-0.747002518718,0.995714410953,-0.730844568003,0.375902093699,-0.472552028137,0.242497065954,-0.277623247668,-0.939034516631,-0.585611609234,0.514607584382,-0.446427745539,-0.108039042335,1.98266676977,-1.02552886407,0.0736450483083,0.0468638549282,-0.00936430128187,-0.338054472626,1.65888684808,-4.07414583172,0.0151436660703,-2.08763644185,-0.638318523716,3.18696603036,0.156578243784,0.113615340586,0.360728080758,1.78091525854,-0.672698448107,0.209784463094,-0.0978592146747,1.21126043396,-0.173239985345,-2.16061827021,-3.81399040076,0.674160986825,-1.76522151443,-0.0279050909534,-1.49847989056,1.73753975827,-3.13480579723,0.974047240761,1.6067830176,0.314144257348,-0.306734762266,2.11589637414,1.84999573949,-0.195852412512,1.84740805892,0.0368751650476,-1.75423629228,0.970654893384,-0.492858132873,2.97300539024,-0.360970702331,-0.2611716763,0.457778488921,0.745088302289,0.573021171085,0.380384097995,0.189419338817,-0.634983114575,-0.419190582323,0.757817807721,1.87483912518,-0.935744928874,0.584359963185,-1.90980392111,1.06903878159,0.910546309678,0.314586030992,0.894735041127,-0.244362230743,0.715677234367
156,-0.0783484260271,0.118192936429,-0.0657292796811,0.182445521563,0.148312005291,-0.115992938041,0.0607020373007,-0.0209627743326,0.0966468024428,0.406253549942,0.224527123775,0.282768169006,0.37231871366,0.567861303297,-0.476255379631,-0.273738452646,-0.0867273819933,0.194739107076,0.132793979966,-0.151383547824,-0.078006047583,0.242642410993,-0.258755052909,-0.33094788114,-0.587018434384,0.382915450837,-0.385182521199,0.307507997819,0.384866527043,-0.0453439918835,-0.215296050657,0.241863828332,0.138811546644,0.100333210905,0.387902336514,0.224619872589,-0.175472597682,0.140044640716,-0.0374330580057,0.865234549426,0.268194272269,-0.545098041679,0.556005911551,0.0707689784979,0.0524888652648,0.318862517114,-0.671697223327,0.883457696113,-0.755081953781,0.429071617124,-0.275649240421,0.13375908991,-0.221109762547,-1.11829967912,-0.475196512264,0.593278987918,-0.408144751832,-0.0121392554343,1.95260289737,-0.954870248363,-2.16282811655,-1.78069246263,-1.04142176377,0.746444503699,-1.0438592366,-0.636280720758,-2.42426527007,-0.587520843125,0.746955843372,1.6502044203,-1.38930309882,2.83584260743,0.610792521939,-1.16924217939,-1.31711896632,1.20923943009,-0.301292054336,-0.0832205628797,-1.40461043459,-1.31048042615,-3.68537690826,-0.219340507188,-2.99510431252,-0.0277470409371,0.0389238790931,0.660997082197,-1.19670445134,1.29153938468,0.754325825444,0.396607241564,1.32851961583,0.709964530764,0.951680365101,-1.39980024359,0.89214490411,-0.00823119875303,-1.70094654878,0.562557451214,-1.53216764817,1.56706713985,0.460678765254,1.04196802992,-0.988802400862,1.16259205445,0.72643744151,0.443795997069,1.2892746216,-1.58362469102,-0.0499693645756,0.285839784305,2.03339522,-1.21672491633,0.530583394694,-1.65887902418,1.13023956441,0.662916050568,0.450155665011,1.02071575793,-0.356118957453,0.697321676045
157,-0.0486848396675,0.0157063010081,0.144869722418,-0.0158285358767,-0.0503817720668,0.0178251410575,-0.212664817785,0.00571436302934,0.229760620823,0.314640201761,0.264861433975,0.503697557748,0.467205086119,0.403470117845,-0.522723128307,-0.196742207138,-0.0862676575247,0.0860788902352,-0.0435003969974,-0.142419421876,-0.282958075854,0.161983150147,-0.529148738438,-0.377389898486,-0.513566529026,0.359797903449,-0.379286432996,0.449962258927,0.409766483197,-0.028104026432,-0.0174453230175,0.229581888567,0.175258635867,-0.0962389536875,0.424858957686,0.238165083875,-0.319952382995,0.167320242041,-0.239793430198,0.94450700723,0.356083755202,-0.387044074217,0.397443948759,0.196105297343,0.126662845462,0.363278132434,-0.497333889424,0.686331660674,-0.737944874411,0.429958033757,-0.0717755056289,0.0038480455372,-0.174510860656,-1.26768188083,-0.361366397019,0.647328305178,-0.356675433733,0.0955475291794,1.91162403088,-0.886094549262,3.64025918709,3.06826319032,1.07822014322,-2.71361994703,-1.91621305238,1.1201798257,-1.18360499204,0.609789963791,1.26777166783,-2.82255107154,2.24833701157,1.1245204417,1.12543818315,-1.51820618444,0.789353935462,0.110061274169,0.286880219686,-2.04764522544,-1.90891351111,1.48761895056,-0.175679340275,-1.24803227162,-2.03883998523,-0.972434519755,1.33401244849,-1.13599428958,1.22997287674,1.4361694713,-0.2220077438,-0.150890282325,2.47242592317,-0.888808235896,-0.181423816705,-2.43772432243,-0.11394001375,0.316973092006,-1.11860030752,-0.0193820951052,-2.4557362248,0.0433504030102,1.25639185834,2.03403652822,-2.0990178481,1.28284569317,0.730016006512,0.42660859902,2.14494463016,-2.31324482182,0.405360166924,-0.278953374787,2.01548959389,-1.35732506546,0.386994322548,-1.3143059796,1.1374650014,0.419380973539,0.577370075484,1.13000670136,-0.462447188208,0.678065101612
158,0.00529684927272,0.0269305276387,-0.0185314211887,-0.0734215579435,-0.125761193693,-0.118784980603,-0.0271321203631,0.055489038545,0.206598441659,0.109233999143,0.506229269089,0.528357308871,0.539256989256,0.340360113696,-0.318351190323,-0.235764143691,-0.0722662153206,-0.171021582888,-0.199500917914,0.0766152063593,-0.143812991248,0.0472323208613,-0.613251594261,-0.512090175383,-0.347863758557,0.17623883417,-0.185274971539,0.557548044105,0.357077598331,-0.0893834509663,0.239589880663,0.0933294714963,0.124338137703,-0.357939898833,0.381162974235,0.289671067307,-0.390556209913,0.141296274873,-0.509692611012,0.886863175136,0.505185567883,-0.160273357843,0.156690308221,0.313877979146,0.193127941299,0.399934699134,-0.255188487611,0.431261092235,-0.672059203369,0.372195215052,0.122094912873,-0.132889229337,-0.146370100062,-1.3785678864,-0.24942656297,0.677531580972,-0.293131910495,0.213216907627,1.86033556697,-0.81927818495,-3.33160256378,-4.83320849134,-2.62006892294,0.92763573201,0.269486964401,-2.76699769866,3.68534594439,0.586136697002,-1.94995335329,-0.154702280273,1.45309073902,-0.204785553671,0.0648415798263,0.259933963919,2.85312125802,-0.556480320723,-0.327740218172,-2.74479762436,-0.98955443578,2.30350255029,2.49545654292,-0.729180237699,0.458517075238,-1.51608659163,1.81593831207,-2.33491261586,2.31709341608,0.502138757891,-0.714591136142,-1.10286140144,2.45478726121,-1.63513406566,-0.679388060763,-2.61432670644,-0.648404647428,0.692642674936,-0.279087659339,-0.449951391414,-2.8191755235,-1.09800580181,1.62972772025,2.37369071961,-2.60089238716,1.00327569519,0.574070699893,0.282816472821,2.62831805416,-2.73100900557,0.918529734876,-0.875975500979,1.83748401091,-1.35390454539,0.163922164317,-0.892120763438,1.09309640143,0.187101969476,0.690764384038,1.21995221738,-0.56211584808,0.658179333909
159,0.0532127707164,-0.0964719958312,-0.220418877577,-0.0999348485333,-0.0983339323153,-0.148348867738,0.15520350253,0.138362098951,-0.0105737097656,0.27639510183,0.463645165633,0.511105329023,0.477298915223,0.387442092436,-0.0850169691563,-0.239792448211,-0.194753307156,-0.391754669753,-0.220737368352,0.201184685634,0.106946699262,0.0611932440987,-0.457124002586,-0.621405142387,-0.181634168731,-0.0574825006792,0.0149694147335,0.515948903927,0.290907502331,-0.244152616507,0.435982407244,-0.0553865414141,0.0729383898057,-0.582087028362,0.319655985618,0.368082539991,-0.378325403906,0.0911083714394,-0.776039454391,0.748562748275,0.660401309551,0.0611163955562,-0.0992772114071,0.383756284895,0.237163266581,0.414926312911,0.0136692597702,0.151973428598,-0.553905129189,0.256043332338,0.291439908431,-0.262485475376,-0.143742322791,-1.44423238115,-0.144288486278,0.685327203311,-0.219149660197,0.33881599408,1.79945971927,-0.754470997944,4.86281040177,2.61862336213,-0.167486084217,-2.10327508602,-0.0923939927642,2.9519068837,-0.844944593714,0.664671871083,-1.01098691698,2.38199652917,-1.88592197224,-0.253521877158,-1.08930816425,0.190211674688,1.20368713235,0.624592996045,-2.09834982547,-1.3988387741,0.509230023642,-0.223598079591,2.05905994926,1.06571212529,2.38447826951,-0.343673764587,1.38529492068,-2.08411013577,1.39363324689,-1.42105162769,-0.507496722395,-1.9185830828,1.33533667284,-1.15110820385,-0.198143809875,-1.70348766976,-0.463991818622,0.816738632454,0.48754917387,-0.474397706791,-2.36574883233,-1.54008791225,1.36344515767,1.92485591294,-2.40619077017,0.337653753965,0.289898879916,-0.00727482788232,2.67432839128,-2.79535037505,1.44119670376,-1.43451502927,1.53138998831,-1.2174747042,-0.119386469349,-0.41386132107,1.00256953461,-0.0278612098891,0.78536570722,1.28825028593,-0.654022909382,0.637923543418
160,0.242957506901,-0.232869650577,-0.0678825899352,-0.249811232828,-0.112379973072,0.178475587794,-0.00174896767532,0.0936649283744,0.155126736233,0.364901004144,0.287609218739,0.420849636685,0.367983634931,0.320983443379,-0.119199811234,-0.150058121592,-0.428410797121,-0.431056953494,-0.140436784862,0.0166306825438,0.227803701571,0.230942669977,-0.210622048071,-0.531069867754,-0.0824833044812,-0.20011737178,0.0605718617638,0.281883178088,0.266776672674,-0.449698945759,0.493937183704,-0.11157580218,0.104143792315,-0.675737862049,0.306580170574,0.440503286576,-0.303249893481,0.061889796889,-0.957044238286,0.603078865246,0.757868381915,0.202177709986,-0.305137841291,0.372862699437,0.249009650262,0.394049649133,0.265292763291,-0.11646435613,-0.385608869248,0.0890022313445,0.425526478695,-0.372728084298,-0.171375824882,-1.46032570348,-0.0501854234307,0.672699133185,-0.136829894585,0.470082225069,1.72982168617,-0.691697670967,-1.60105865734,-3.41750361583,-0.225331875661,1.11005754473,0.37181787107,1.18877565894,-0.682246781552,-1.40764894097,3.74366157152,-0.918022423754,-1.04241291766,-1.72328492247,-1.01239843757,-1.45192976219,-1.62164351984,0.690046272046,-2.05017819725,0.531133809478,0.770620810458,-3.19693621212,0.446413247952,2.01399547852,2.16895321822,2.2546635089,0.616169156813,-0.650388517082,-0.487568627098,-3.08034674976,0.0264957517015,-2.0430002368,-0.160169617387,0.075736565974,0.849746777247,-0.120214885584,0.25521147992,0.573416239346,0.954761638138,-0.0431116297262,-1.14904093245,-1.26535683977,0.505553717889,0.808028477152,-1.63497106313,-0.581410224444,-0.0566112231863,-0.429045397852,2.29117365113,-2.52107922518,1.90997241831,-1.88199294821,1.14005914525,-0.971667629246,-0.436384564781,0.0947499337463,0.873922422727,-0.220671042043,0.856857546299,1.33301979202,-0.737213493261,0.617541290271
161,0.16372326767,-0.135698951301,-0.34268036542,-0.0155633920231,0.0332470084507,-0.0203186239305,0.077133883267,0.0516275078326,0.42322590923,0.223112553328,0.248725079761,0.201622915595,0.250613790348,0.169659171958,-0.300569969091,-0.194431145483,-0.511079571846,-0.326387096345,-0.13043316593,-0.34009773304,0.253356036944,0.392334464266,-0.074108927755,-0.190173354514,-0.0402823589557,-0.185483132525,-0.052718151597,-0.0422666043847,0.286212479983,-0.620768251834,0.421325969199,-0.0474721208963,0.232773671709,-0.611122428121,0.371555221765,0.47398924406,-0.198864859366,0.0915210549236,-0.99217666735,0.510413524599,0.751465102947,0.211704491046,-0.416588569347,0.266269201606,0.226550210181,0.326386828392,0.460169243258,-0.343130335232,-0.176030518655,-0.114465301854,0.518203888591,-0.45426811034,-0.231094925987,-1.42521108391,0.0295580496705,0.642051587136,-0.0486668017737,0.604588394344,1.65233414947,-0.630959421487,-0.29679670206,2.09316778624,-0.240747048074,0.742502525347,1.85593185662,-3.31691555239,1.16113739007,1.56092661673,0.156282173713,-0.933667638897,-0.216837754258,-2.22547770889,-1.53742981703,-1.11914581614,-1.44453040368,-1.77835502065,0.62004502407,1.29918252534,-0.79164744248,-3.37660261827,0.422396834856,0.915389204625,0.489889412999,4.26342589422,0.371165520579,0.847486058688,-1.5066867675,-3.04598772706,0.272966555863,-1.22426510786,-1.15062957977,1.09414578006,1.60032214362,1.31671144149,0.999318098737,0.0712041299463,1.08285457173,0.653717634222,0.471807075218,-0.548746181496,-0.649180390882,-0.635562615711,-0.57589013232,-1.53573484989,-0.382029543247,-0.931679466575,1.55784971555,-1.97471914164,2.25531264268,-2.15331704932,0.711241084992,-0.64950665646,-0.755583752713,0.605480245542,0.717175730032,-0.387762711872,0.901717381801,1.35285755131,-0.810895087323,0.597257915967
162,0.0733155185398,-0.125232538361,0.0808688581983,-0.104711529168,-0.0142650695551,-0.0775362355173,0.0782217339036,0.330243364235,0.200176961964,0.232205451628,0.173548451655,0.0450480471388,0.0573656699666,0.141299323273,-0.35845705065,-0.452867469533,-0.337784384675,-0.218850142049,-0.303244104301,-0.577351134571,0.359297471122,0.3901504919,-0.0870170172737,0.235081830878,0.0212938459069,-0.0654761907436,-0.178423694645,-0.25936180746,0.301426259142,-0.669744497235,0.296017045958,0.0753672304056,0.390296719287,-0.442022428112,0.489166708742,0.453946196968,-0.0940411835455,0.189943659373,-0.866933794301,0.493318065447,0.63237993997,0.0792311882121,-0.422941501302,0.0727174859069,0.175936806754,0.207718055046,0.569656592578,-0.505810482514,0.0591777572226,-0.334149222942,0.56807891829,-0.501363237709,-0.321446420167,-1.34012168904,0.0926880768871,0.596081979608,0.0425374873497,0.739792805047,1.56798041068,-0.572235937955,-0.332252610369,2.15609226352,3.40794569328,0.221598981923,-3.10678871103,2.35256343223,-0.601945578106,2.26341701018,-3.08128313939,0.503628571334,-1.26034328963,-0.836816722789,-2.05923920846,0.435151011222,0.157814612569,-2.71519814019,2.33307250992,0.668763011991,-2.46893993798,-1.21616215236,1.72047211556,-0.870019574151,-0.462338533083,3.7571870599,0.974344934386,1.3303674833,-0.720846090288,-1.03211398732,-0.0572224951405,0.324715706653,-1.20118165425,1.1822265936,1.35786331376,1.8841926341,1.23554119603,-0.456344970343,0.991860121263,1.27007878514,1.96644914398,0.16845314878,-1.67473428754,-1.95555935277,0.405762150916,-2.28148262017,-0.608398229804,-1.43355411038,0.609395691474,-1.26103935967,2.41293994267,-2.20008439935,0.291307007189,-0.289390905361,-1.04343051641,1.08949349265,0.543592576972,-0.526829707644,0.917324158745,1.34688337397,-0.874449518789,0.577278323352
163,-0.0707455302966,0.170817742676,0.0323408670987,0.0657550602643,-0.168995474779,0.110129772481,0.149924485194,0.23515016182,0.0879056702859,0.173227634265,0.051336909904,-0.00219085091825,-0.0756772970101,0.190423811983,-0.333102842101,-0.58904424582,-0.166037157523,-0.216513173795,-0.554162335729,-0.607351905728,0.556905475424,0.267986115004,-0.102429934673,0.482014722325,0.160912025587,0.0373859440172,-0.162224654359,-0.22526094069,0.264688918003,-0.551626912252,0.203456841072,0.157025616066,0.469548902094,-0.270190124307,0.593152610934,0.388653378479,-0.00194888297048,0.331353757192,-0.619762393285,0.530053180931,0.434039687808,-0.161413855837,-0.349061744347,-0.176281139496,0.109899057703,0.0430281748607,0.580429543523,-0.59387512419,0.298703609395,-0.546164332428,0.578081788847,-0.512199702075,-0.437648235118,-1.20912132985,0.138105795189,0.537658178861,0.133767085269,0.873093272397,1.47779650446,-0.515487517323,-3.96267505616,-0.767902806153,-0.703689245123,0.731669629981,2.39522708902,-0.0328774479,1.9847335384,-3.81358340919,0.968116903773,-1.89880982107,-0.951852899314,-0.356356376256,-0.232937251775,0.210851782023,0.0695081260943,0.497275309702,0.618089505621,-0.68410326613,-2.13948257173,0.298979492182,1.86977255531,-1.2489080692,0.412120096197,0.955547186252,1.74968313437,0.552113790946,1.06544227697,1.65973022042,-0.679659911074,1.99507856573,-0.598077163579,0.336261611222,0.0972765719296,1.39757665511,0.721626397569,-0.811443584863,0.854831232317,1.46691784804,2.84302792897,0.471314090937,-2.18124753042,-2.74181414599,0.983505779537,-2.6183022903,-0.685345694473,-1.83484542066,-0.387569819599,-0.503329810195,2.33586683588,-1.99828508672,-0.0805235287499,0.0692279801782,-1.26742590832,1.51934447952,0.364873128268,-0.6367537277,0.902033614786,1.31477181927,-0.927441398308,0.557785175536
164,-0.201514226852,0.0923722902777,0.0985513711095,0.0330848829934,0.271731020311,0.0822875002463,0.20187716681,-0.0703065204948,0.159222414578,-0.0399853583745,-0.0238765934872,-0.0397539325899,0.0168607535979,0.16699606009,-0.341646502491,-0.360535578828,-0.23970274422,-0.355716688822,-0.671102312397,-0.58344683558,0.662489878747,0.191224790975,0.0114217554927,0.428287626837,0.339047219157,0.0261767421152,0.00545914433347,0.028780332265,0.174566568482,-0.291411860375,0.172657378071,0.133524043792,0.398392460101,-0.182791252366,0.614191626592,0.299129339136,0.0792158337961,0.463418936745,-0.327861703676,0.566450912458,0.220397515969,-0.443242370102,-0.246104527769,-0.43386347836,0.0441814028468,-0.152551009234,0.496169558037,-0.609019629901,0.517847102491,-0.725665102318,0.554512298675,-0.488786882503,-0.571849977244,-1.03886783046,0.165870282525,0.469705076301,0.221892419535,1.00188359521,1.382852653,-0.460657360762,3.53850276279,2.47267756866,0.297489301614,1.02958106253,3.11144864615,1.26909673891,-2.09259590259,-0.611039665153,-0.919401973195,-1.56440677777,-0.746037954917,-0.259735409283,1.74209471125,-0.480736738166,0.0715608147299,3.49137263627,-1.83751782492,-2.02113787338,-0.10179087395,-0.039063125294,0.00980207138587,-0.180015855033,1.73547059355,-1.78984747461,1.58755705365,-0.776073835997,1.99897635451,3.07146792744,-1.04085645406,3.05321170904,-0.102918029103,-0.77747207058,-1.49438173964,0.314795583188,-0.360503978353,-0.947958285218,0.782155861038,1.07549456085,2.84532998664,0.150662660997,-1.96915842999,-2.76004826252,0.972145140454,-2.44719765605,-0.604375079614,-2.03582424753,-1.26467307513,0.178918715755,2.00481787221,-1.5532659398,-0.376690129995,0.389990463238,-1.39919425564,1.8709054744,0.19234353802,-0.717490613702,0.855220621904,1.25676969419,-0.96962283316,0.538937535972
165,0.0488805972417,0.0557174750126,0.20559828052,0.339818629439,0.252521111844,0.30801461907,-0.0727194128706,0.0564247385642,-0.107368562987,-0.09543186567,-0.105342682573,-0.0214336039054,0.173022905531,0.149305770131,-0.247763248873,-0.0562757970001,-0.439444094422,-0.583912489765,-0.604449160337,-0.616405197021,0.556401234651,0.216072740361,0.185189402583,0.201099256541,0.433756731986,-0.0997972044379,0.166397159894,0.309815361908,0.0748103285348,0.0215771157201,0.15717926937,0.0201536373597,0.1919172308,-0.200142509141,0.51826744918,0.202815341506,0.156415598847,0.529495024291,-0.0775047001358,0.542035482359,0.0620626815625,-0.68810907315,-0.17404822484,-0.649705191027,-0.00684548319436,-0.354792841413,0.336226412007,-0.563814722612,0.691667452752,-0.849879298368,0.505723729814,-0.436464951035,-0.713685758055,-0.838193493383,0.177122598171,0.395104215564,0.303772897122,1.12361104067,1.28423444047,-0.407673982719,-0.768022621227,-4.26587768903,2.08638753702,2.93390731887,-1.39198780773,1.02264929733,-1.018640704,1.29334126421,-3.14318094386,-0.0156174473977,-0.675959558016,0.670624607688,0.95497077244,0.269898578212,1.95953460937,1.83310216132,-1.66035469066,-2.25572474105,1.08696952611,-0.426703246123,-1.92817284962,0.447065750426,1.35456898029,-2.31561439688,0.135721171695,-1.58141271412,0.865786719084,2.17382352828,-0.873969292685,3.00697761604,-0.355068603294,-1.34959834152,-2.46157989856,-0.561183171484,-1.52588002536,-0.973696090765,0.764140746242,0.183197259169,2.05377516891,-0.705305722815,-1.11000232401,-2.02713568966,0.38493369925,-1.79981258691,-0.400580837202,-1.95783897958,-1.88159356953,0.690819952479,1.43497698823,-0.901023193947,-0.583951541278,0.643157080987,-1.41721453272,2.12507347091,0.0361984433008,-0.769925479756,0.777288833484,1.17369876752,-1.00093429772,0.52086996295
166,-0.00274246378546,0.100443678685,0.171605286478,0.313571473708,0.304827265331,0.122746357335,0.147125314754,-0.0333450072781,-0.230224415218,-0.148740366393,-0.109354548517,0.0657910031405,0.182057881677,0.189347984225,-0.00220932586466,-0.0575257158441,-0.515897313001,-0.741586777829,-0.529364652092,-0.614766184709,0.340515269709,0.22845765015,0.218613962022,0.0341945592204,0.354585574047,-0.252111858626,0.128846227245,0.411221442284,0.00846623747832,0.273902742388,0.0760627000108,-0.105969174835,-0.0522391712723,-0.266075277527,0.323090401072,0.102674320877,0.230465166747,0.493637709926,0.0688999067169,0.419115083799,0.00949717501394,-0.832041846441,-0.181597880138,-0.782999634335,-0.0340593707163,-0.533492371983,0.131529115759,-0.478413498461,0.798553077001,-0.9010662068,0.440647673976,-0.363105282813,-0.851072631398,-0.617531534782,0.173939041465,0.316608884438,0.376358948326,1.23583335518,1.18302409397,-0.356453687602,-0.20729520468,4.57967131715,-2.2101733333,-3.19098133509,1.34528733411,-2.83000151729,3.54147054297,-2.3912389506,0.871093523425,-1.10205822717,0.658928009503,0.817325747644,-0.613200340245,0.135740926447,2.32547706324,-1.65378465991,0.125987732015,-0.611125398677,0.143197778457,0.689450891003,-2.05890135492,-0.396402487674,-0.843352320866,-0.846979001865,-1.64504236022,-1.28155370948,-1.70587358733,-0.249293186851,-0.455497017728,1.89877601695,-1.34900788802,-1.03472659042,-2.20505696967,-0.588582768886,-2.27869180924,-1.04796876588,0.698586098562,-0.898581830238,0.847180720863,-1.74543414005,0.0777503438323,-0.800502868342,-0.572356069776,-0.830348629392,-0.140862744519,-1.56287983808,-2.15040918033,0.97758468398,0.677510277024,-0.105373651176,-0.70387907737,0.808178529833,-1.30896368082,2.26912297919,-0.0951487634293,-0.795710550383,0.669648915139,1.06694359388,-1.02150164144,0.503692062487
167,-0.261052065097,0.123258301537,0.142387772061,0.0234256623232,0.137637419879,0.146692271548,0.182832293728,-0.115652517994,-0.0877386213889,-0.210536361454,-0.0183240964096,0.101418823337,0.100246020717,0.111555323998,0.0884043629784,-0.277645653054,-0.457064732075,-0.681969713715,-0.578967039858,-0.468252934457,0.186429453931,0.130521371023,0.0321203747203,0.0238827053993,0.143204304895,-0.330238527064,-0.152881079405,0.275461296444,-0.0255183107477,0.386064319527,-0.114156368145,-0.168675972743,-0.212320405998,-0.285987600429,0.0843299356172,-0.0112186976475,0.29087577425,0.35693143986,0.0953883955405,0.202487398115,0.0736716148811,-0.845279062876,-0.289821435893,-0.812814782685,-0.0357307480382,-0.657281417257,-0.0814703073897,-0.376096472743,0.823649093352,-0.868988970253,0.36737959503,-0.278111104409,-0.971185661955,-0.388229585751,0.159126754434,0.236775748861,0.436790407695,1.33627382429,1.08028225401,-0.306903068439,-2.49806577186,-2.13683941913,0.500201498393,-0.954036926964,-4.60041006621,2.76110319446,-3.14019478338,1.51998980465,1.09365090219,0.53561821803,0.804319018842,-0.182830381106,-0.849334565974,-1.71945026539,-0.882617102805,-2.10797297198,0.758303742901,1.70629611944,-0.874338416602,2.08321720718,-0.97931407375,-1.41130617147,-2.58549972459,0.411584233787,-2.30856918207,-0.227364626265,-3.62981309055,-2.22410792219,-0.301540799153,0.342231084623,-2.38103689912,-0.191199673147,-0.868414206969,0.318739883696,-2.39055959254,-1.24996068964,0.478363047988,-1.76871780601,-0.258471594527,-2.50224212006,1.14875317782,0.513785695748,-1.5680066037,0.227431910648,0.0980067054996,-0.867261444031,-2.04997089848,1.03192082286,-0.184843524575,0.748860571467,-0.751173310869,0.875097935771,-1.07227975374,2.29759680671,-0.195562758724,-0.797098502287,0.534667466006,0.938424757836,-1.0316293075,0.487488494346
168,-0.0760447415941,0.201429303812,0.056815451082,0.0386488809101,-0.119738861818,0.137497091044,-0.0989301944058,0.0994994457291,-0.0240160923512,-0.017407299438,0.0181143728833,0.0379611564143,0.0120398615221,-0.0783067829802,-0.146612756238,-0.399852123111,-0.401288405378,-0.458520066583,-0.618866923841,-0.257195412902,0.125384276001,0.00031574991867,-0.214891762376,0.0535721647563,-0.0518927463996,-0.303813828012,-0.512485895525,0.0340955709067,-0.06768290754,0.356860090991,-0.370424700125,-0.152250977057,-0.215953089142,-0.187878127559,-0.137904499613,-0.149328531507,0.320089422917,0.157786551277,0.0354505473446,-0.0587582637805,0.221712732648,-0.740324256894,-0.484635574714,-0.742907642263,-0.0172381547171,-0.699353125651,-0.267670542318,-0.278540046628,0.761555896417,-0.752534465713,0.292030246537,-0.191339512437,-1.06152507911,-0.161800344005,0.135978705949,0.157912904154,0.482488434582,1.42287295593,0.977030606164,-0.258921482838,3.38964697359,-0.242194780772,-0.348177197371,-0.375731268083,1.3199136008,-4.555088423,-0.519913088792,1.2405321392,0.786808984403,2.80220000984,0.0436042215086,-0.966853555394,-1.02363208382,-1.42288439563,-3.17291092567,-0.285438901645,0.337717197251,2.36505291416,0.523387069931,1.8109223999,-0.410953172095,-0.888092740109,-1.92808202564,-0.123494855872,-1.37124943194,0.651408826444,-3.08430256162,-2.23213061419,-0.600776118952,-0.788598100778,-2.53930740358,0.418612642692,0.762516411934,1.64982580704,-1.99717302734,-1.50812560529,0.0810327460338,-2.10966944602,-0.825787036551,-2.59051600845,1.70053324252,1.50144459602,-2.24984838319,1.12520670665,0.254715781917,0.0543963798042,-1.62761716153,0.892105240062,-1.04780192721,1.56591520248,-0.750104722549,0.844723338674,-0.715827787331,2.21266383645,-0.261497576466,-0.77678245632,0.375589397182,0.790558244044,-1.0317899263,0.472319416743
169,0.049164264295,-0.150178944687,0.0374683717866,0.00379212758664,0.0710268314979,-0.342071008092,-0.00156149789293,0.0452599615883,0.138129985613,0.208911181271,0.0395443505803,-0.0633487120567,-0.107239888689,-0.0688734109352,-0.391713009779,-0.376144724742,-0.368717378081,-0.273400455999,-0.426563346911,-0.14436759846,0.0793091641554,-0.00679694405482,-0.298065576867,-0.0345309029797,-0.109970002907,-0.227649836729,-0.686956980162,-0.110381281993,-0.148147277916,0.263258643073,-0.577995886459,-0.11208183527,-0.0812825779239,0.0317303541725,-0.310557816836,-0.308537577323,0.304365175349,-0.0437010676387,-0.0454554782462,-0.288478982185,0.389299124019,-0.56556049225,-0.720402475988,-0.599732877887,0.0115810863337,-0.643000765066,-0.399709707439,-0.201728827445,0.617795514764,-0.560215333784,0.218004054496,-0.112064819165,-1.11098339938,0.0508355206919,0.108007630678,0.0820432178874,0.511238478608,1.4938354502,0.874235724545,-0.212403463474,1.19691730923,-1.63006758781,-2.6970931474,0.838710418617,-0.565630063027,-1.28921440665,0.449926087024,-1.45823261471,2.11614308377,1.2579562313,0.548916688119,-0.899939638593,-1.17201451412,1.73253515048,-1.1409827913,0.461379528893,0.455075809955,1.19747845981,3.25205836294,0.460408495612,-0.534061403258,0.778700454493,0.321675023553,-1.61837534988,0.181682550175,0.734513803457,-0.128104743703,-0.478915066488,-0.965673286,-0.897603402734,-1.40958664432,0.238963538504,1.76504924677,2.62088265908,-1.46610400829,-1.63728131588,-0.394842629429,-1.82033323291,-0.675059192999,-1.875788246,1.52750897288,1.87967894408,-2.35590981706,1.66774760894,0.304040718736,1.07703573845,-0.987921247845,0.631274909393,-1.79985413001,2.25113061674,-0.729647067903,0.727653876738,-0.258634791606,2.0239150768,-0.292104577293,-0.737751386709,0.196437027866,0.626202007513,-1.02261053491,0.458221346607
170,0.181278112895,-0.0961647545737,-0.218435123529,-0.0643087825026,-0.210186502986,-0.0181630077964,-0.138119984193,-0.00925032799901,0.255564932971,0.232210371708,0.111154462381,-0.106618576375,-0.148743233192,0.188678102038,-0.353448453628,-0.339388968722,-0.29743223092,-0.199881296924,-0.0439307111536,-0.123098971898,0.0356896571781,0.125529696037,-0.185963418043,-0.228474287299,-0.0439151043336,-0.174038430576,-0.524571218318,-0.0602564104159,-0.24241322175,0.208421199274,-0.62470118808,-0.127865198515,0.0987800573364,0.304305457905,-0.438026167092,-0.466367256862,0.244545435281,-0.190041339128,-0.0801843253439,-0.412998720291,0.505108418144,-0.386985252376,-0.933374362473,-0.424393755087,0.0406077030755,-0.485778747572,-0.46266234556,-0.153290933637,0.408719665432,-0.309434892791,0.145798591679,-0.048088347134,-1.11082125372,0.240058448197,0.0786794785466,0.0108811021343,0.521262139626,1.54767124351,0.772794448493,-0.167241023049,-0.681675041466,-1.56519841857,0.755284758253,-4.12296894186,-2.23790919163,4.55014724664,-1.67816301693,0.510609721764,-0.312113272641,-0.516503103204,0.614283798476,0.21402249635,0.738825324171,2.66100850841,1.53835656116,0.31572685263,0.934112980607,0.550985008358,3.82331752296,0.286101662693,-0.190770246917,1.57592502344,1.56362536881,-1.91677427586,0.922456864101,0.3275396503,3.22083997447,1.31747743217,-0.794810950096,-0.0993386201593,0.525431330305,-0.620158191944,1.64399465758,2.65137652682,-1.13281696574,-1.45858505021,-0.768260577315,-1.04987707804,0.0480932527135,-0.542511422857,0.699952990171,1.58809704794,-1.79546943722,1.7634145737,0.265846455754,2.0445696026,-0.270673191978,0.340171194474,-2.33869757894,2.72335808448,-0.718057889515,0.542368118598,0.271256145527,1.74761363161,-0.289135318771,-0.683166855487,0.00188950053791,0.448591148585,-1.00485575367,0.445208404071
171,0.0917579687585,-0.167518296785,-0.197439835321,-0.436320794117,-0.166631476843,0.011990070886,-0.0311201008903,0.0558912373069,0.0943727590788,0.14487876713,0.120585358018,0.00313249822494,0.0682553016893,0.331255807929,-0.19530693443,-0.280531236894,-0.197701892018,-0.105645612936,0.232193779199,-0.0368640240367,0.0610928888153,0.24694239642,-0.063532974763,-0.347631720488,0.0312149023399,-0.147465021341,-0.110648031487,0.0955766432953,-0.283047964668,0.247137097155,-0.483910436959,-0.234594916052,0.215801657101,0.528508566395,-0.546793108954,-0.588186650708,0.159985743366,-0.248368143357,-0.0300078008997,-0.390982408492,0.517979854835,-0.264658333957,-1.0606722212,-0.261031376896,0.0637729505501,-0.241260920826,-0.456170128803,-0.131744108967,0.159777662945,-0.0245666292827,0.0733390618878,-0.00507411048599,-1.05546953801,0.398159029314,0.0511663084755,-0.0541795853849,0.511276143307,1.58322956986,0.673521077262,-0.123325817166,0.545104991525,2.65239787453,-3.11420650217,0.16387555637,1.40883748289,-3.63391363293,3.517166828,0.409535769553,-2.29222774075,-1.21604987271,-0.434477099208,1.98219217404,3.35521060892,-0.0774744520114,1.14660636677,1.02020713792,1.0099208654,1.50403491907,1.37923218005,1.51208155691,0.684135019589,0.619365965811,0.569549586461,-0.201176008238,0.412170498239,0.345400682286,4.59352500339,1.44383373729,0.0699650108177,0.806206445747,2.13465578144,-1.43044163544,0.589151964733,1.69597788015,-1.07904042734,-0.924294751538,-0.867082608583,-0.120994981903,0.943425191469,0.967612213474,-0.46247101778,0.800693493488,-0.675916763957,1.44325172166,0.19899597065,2.79780674353,0.377563239853,0.106835148836,-2.58714479291,2.92597288678,-0.737735992227,0.312673015361,0.838886902894,1.40545700665,-0.256653416444,-0.616263920148,-0.202853675342,0.26126338448,-0.979408323147,0.433273902509
172,0.085038257287,-0.186451891844,-0.301547176022,-0.132401695214,-0.207220911347,-0.248160117629,0.173807227031,0.0796364446265,-0.0709631279923,-0.0137831638329,0.0651979748349,0.25507501618,0.407327034269,0.227630884261,-0.152097458512,-0.133541197961,-0.0867182104306,0.0904703735615,0.234972906962,0.146443749513,0.140341470101,0.235076915962,-0.0956065559163,-0.253520327912,0.0236657987656,-0.072974474987,0.300028779922,0.163757308622,-0.224224365921,0.341629221414,-0.243159538328,-0.384556657466,0.208294645872,0.626632164941,-0.656249623074,-0.643639552818,0.0827920146584,-0.220696244926,0.0981668503691,-0.23140904918,0.416412067203,-0.232106471486,-1.05887255977,-0.145106064709,0.0820589771886,0.0622038931,-0.393640290255,-0.127754764074,-0.0976668084691,0.265929285271,-0.00321995083099,0.0138427153398,-0.943091285533,0.519802760535,0.0281364104575,-0.11206894588,0.480537040268,1.59972516363,0.577136623856,-0.0805511327844,-0.534462111472,-3.55628575652,3.63874694729,2.67413163095,-1.58553793072,0.369706076677,-1.13444612192,0.126817217976,-0.61247563025,-1.80721436411,-0.367544639879,2.70956608737,2.71917331952,-1.33145967368,-0.0838008171668,1.76358090671,1.33262252449,2.16134509149,-0.997822681621,1.79890851467,0.630842929708,-0.759627536904,-1.10193203874,1.94551795649,-0.538940654013,1.27960986152,3.22487631281,-0.310283165344,1.04844749622,0.893036630399,2.41437366659,-1.37858120622,-0.714743904242,0.242284239322,-1.09291750628,-0.16672679294,-0.621176290213,0.618675392027,1.53329637034,2.12387038282,-1.51244289595,-0.143088729446,0.731422138983,0.844233198581,0.18141177261,3.20554266559,0.832654760895,-0.00265687196827,-2.50581384423,2.83487594797,-0.801138926834,0.0648579590572,1.40505352787,1.02294784365,-0.200583969032,-0.540276085353,-0.412221040762,0.0679767477171,-0.947247465965,0.422392239008
173,0.236704342391,-0.0620285242583,0.0144575704409,-0.108376335161,-0.182820874675,-0.0386801134294,-0.159297376693,0.011875356803,-0.0403562507023,-0.133465752335,0.0885083093644,0.458282928963,0.517792024648,0.185838487468,-0.149203480555,0.0290959998392,0.088533380251,0.262847368649,0.124534407894,0.248104724557,0.135988253525,0.135017438217,-0.226409660243,-0.0205550993627,-0.0579916090109,0.118601266505,0.489615485668,0.0189072528443,-0.0998192306648,0.387046289384,-0.0504573750336,-0.471649364462,0.0885684679942,0.584236875862,-0.756020660543,-0.622534527259,0.0448307191606,-0.13857259482,0.25456164918,0.00794603227681,0.232952602709,-0.285675343517,-0.916574341034,-0.0949205205988,0.104037391619,0.385729046953,-0.298732458931,-0.127106657986,-0.330530464186,0.532985548766,-0.0883642763976,0.00816243121744,-0.775857632924,0.602317433453,0.0115959591024,-0.162038036072,0.428870629241,1.59675593115,0.484260320177,-0.0388136746887,0.968573251359,4.71599957723,0.251359136288,-0.771782870124,2.65987112688,1.72551654532,-3.39505573741,-1.94019792078,0.735035157538,-0.0506706849031,0.867528907629,0.943743616634,-0.574431034471,0.745283036827,0.371671151776,1.32213501234,2.16115548277,1.0341897489,-0.780711707904,-0.0199634061352,-0.864632913628,-1.01581532276,-1.13061710807,2.30304344279,-0.969535215893,2.49250834431,0.547722234642,-2.48934918152,1.25191664107,-0.145469545112,1.24973258811,-0.195912781384,-1.56194070603,-1.00022577682,-0.830508209683,0.56121294839,-0.107075144405,0.947623881222,1.47026497671,2.51460486186,-2.04540286383,-0.862057458857,2.07396386218,0.16308675612,0.282047748277,3.19218454538,1.01699529096,0.0414661794942,-2.10035378932,2.46225224784,-0.908380866172,-0.175102254652,1.9293146361,0.627498786672,-0.12814109128,-0.458381539139,-0.62042563507,-0.127378372398,-0.909425587785,0.412521034821
174,-0.173198645342,-0.0386890087216,-0.0598793429473,-0.0233774411702,0.100886680398,-0.0759979988678,-0.235719962922,-0.260018205146,-0.0398608679244,0.0213447345852,0.213958613378,0.404916402482,0.358557854925,0.323800448191,-0.0811759803713,0.126163934919,0.309255808239,0.28745296537,0.120405171556,0.144198088376,-0.0212677440383,0.0599321729962,-0.256055454543,0.131966460758,-0.150526087687,0.391239811243,0.44470838741,-0.286068957158,-0.013295645327,0.296389172696,-0.0108169660094,-0.403065437991,-0.0781127224821,0.451508400975,-0.805418517992,-0.540556219641,0.0638145381919,-0.04540360982,0.367859678477,0.2413360592,0.0318073551313,-0.387175950689,-0.657367703761,-0.108630362244,0.143555200297,0.686443519727,-0.199901321093,-0.114730415539,-0.508591802536,0.750541290092,-0.185950230352,-0.0201370200432,-0.559916339734,0.645783710087,0.00279198830137,-0.203651358525,0.356685496481,1.57431163679,0.39540351228,0.00198487233068,-5.14777169694,-1.28576100809,-0.625552014958,2.51197451197,1.27813186789,-1.52382309551,1.4555508849,-2.45375779153,-1.01950245886,2.81697670292,1.41716776536,-1.88877713941,-2.06360220402,1.36680660661,0.764003328463,0.720608416566,1.93590888523,-0.376569691987,0.637345094999,-1.77286947144,-2.01935761296,-0.475524100443,0.722157382753,0.491232084502,-0.836580748992,2.70212730303,-1.11929060389,-3.2729786492,0.307906671428,-1.64727966233,-0.427395827162,1.58985369492,-1.64800866094,-1.5113218916,-0.0711966437827,1.01939437316,0.478906414503,0.856538661177,0.687276174463,2.01182128514,-1.85366489133,-1.06734524934,3.02183654076,-0.40428876217,0.533418699612,2.75548417715,0.913622826074,0.226162844122,-1.42180633039,1.85544175025,-1.04687643241,-0.383995380688,2.37308991867,0.246416524508,-0.0471826487431,-0.373665853352,-0.821625579155,-0.320870598125,-0.867043868521,0.403603471244
175,-0.10761903493,0.23755994954,0.109355531299,0.138852173681,0.00296217152459,-0.104047695276,-0.117536804525,-0.288033902037,-0.16858145572,0.264625612374,0.319023619916,0.168629422448,0.189047948988,0.336242207044,-0.038936212943,0.193783481225,0.413980705578,0.242195678953,0.201711820456,-0.0174717353272,-0.194791403425,0.0176076026909,-0.0875746368804,0.06559759147,-0.229199876513,0.604074452352,0.34052868119,-0.567144690331,-0.0573407612533,0.0832811309036,-0.107304083086,-0.1670115985,-0.222047631868,0.309160055118,-0.756278941793,-0.431184086791,0.135200533205,0.0249028246291,0.375899711247,0.387241806409,-0.115618034016,-0.478481060914,-0.332707691707,-0.167252746688,0.215080685605,0.925119729615,-0.124155587926,-0.0789283451302,-0.608748938272,0.898797743562,-0.298005061129,-0.0669755508937,-0.305056312473,0.65292442699,0.00218130625928,-0.236776192499,0.264970449802,1.53277337822,0.310966028136,0.0419365222695,3.18297266237,2.30294821248,5.12335549119,-0.285634232279,-2.04263477549,1.12084308306,0.169638652701,2.02194255811,-0.626813336217,1.10039252519,0.394881225932,-2.20924924541,-1.18877847257,-1.42424440618,0.0393599154881,0.64437732042,-0.0256483910606,-0.26826208299,0.669793320987,-0.997447997027,-1.09535566488,-0.552911542483,2.41568570578,-1.67823665279,-0.80431207973,1.32074656711,-0.621803107605,-2.06293103636,-1.18801557714,-2.39215031131,-1.26655984695,2.983310425,-1.17393986885,-1.22203421613,1.09650705989,1.10841848732,0.904796657502,0.533730099224,-0.571894509823,0.826046717437,-1.00575879245,-0.660311632013,3.36048613441,-0.719082026538,0.913634551955,1.96974466312,0.567512735972,0.49825486953,-0.559828417642,1.09098117898,-1.19308683093,-0.543247571238,2.7026016267,-0.0950821905222,0.0344541992285,-0.289095000998,-1.01008496923,-0.508620020125,-0.821227317775,0.395570763511
176,-0.143314819067,0.114148595138,0.378960217315,0.135554043235,-0.0487435731831,-0.017840507793,-0.112693552298,-0.00641488535734,-0.0282392189117,0.169481368241,0.243294265728,0.0573870807871,0.094437634701,0.0721555573076,-0.0325496081311,0.231606810171,0.312404384078,0.2527735121,0.214960360475,-0.00114084372357,-0.204651251052,-0.0793084662532,0.156902731093,-0.14719291478,-0.325029408082,0.632179189417,0.362553859334,-0.667358428078,-0.230372931544,-0.127846722995,-0.209178938419,0.153497443147,-0.309987276596,0.22198777226,-0.585559091689,-0.328381409795,0.233683694733,0.0630563243258,0.25271706019,0.399398590713,-0.157971789526,-0.502660151174,-0.00728772253067,-0.242370098017,0.328014365732,1.07331533361,-0.0913481334131,-0.0148854018031,-0.618276623167,0.966665918887,-0.423797503905,-0.126699736814,-0.024095342913,0.628803341121,0.00946456392878,-0.261569465238,0.155276003667,1.47290385918,0.231235042362,0.0811259185431,-2.10148055276,-0.0238069189806,-3.82948702924,1.4635153547,1.58095550557,-0.0793881142958,0.839226413694,2.64880239667,3.29699361777,-2.52307382672,-2.00819336058,0.0683237104038,-0.958046223782,-3.31755811193,0.442781301261,-0.0734157812328,-1.75209741387,0.372578023273,-0.403588537344,1.31603630665,0.831154308989,-1.42370492587,2.08943902966,-2.22375235157,-1.1453151966,-0.725565769503,1.10188601532,0.062790708042,-2.08342332221,-1.55382209168,-0.501712587672,3.20093418476,-0.608413619702,-0.49194741648,2.27677539529,0.916696604016,1.00263312014,0.260517861913,-1.85320059031,-0.571334814841,0.178779486613,0.238111843404,3.044429231,-0.734918910839,1.34441237493,0.97293187197,0.0738662675829,0.775790848483,0.370295063029,0.264585833775,-1.31610726558,-0.640101384933,2.89143410351,-0.375673908827,0.109582857565,-0.207492042817,-1.18033134809,-0.68688940402,-0.773099877186,0.388344713851
177,-0.224708366174,0.18925200661,-0.067165356672,0.15777427232,0.211963594146,-0.00470565891774,0.0862026905978,0.183576763034,0.287390712342,-0.0437080303191,-0.0349798660523,0.0996071657767,-0.030916967761,-0.211543195616,0.097561070218,0.16155746028,0.131093965477,0.269100992073,0.157714281571,0.190483236547,-0.0882618162863,-0.245179133183,0.271751653531,-0.31722151222,-0.450408668769,0.495406639335,0.533677751168,-0.582212191455,-0.428186483786,-0.184741621728,-0.168112951057,0.43179604655,-0.353322688734,0.207697495383,-0.317708960786,-0.250012801831,0.323455916515,0.0865249052247,0.0206038027681,0.284468133377,-0.0837077686958,-0.424194618803,0.258369733776,-0.305890514535,0.481701330101,1.11849352049,-0.110191266406,0.0733029270207,-0.536553723129,0.953064773976,-0.559337654746,-0.192693141861,0.267961060477,0.580358210509,0.0236794806086,-0.278462209069,0.029680439876,1.3958287002,0.156386404265,0.119629521425,0.294985598495,-2.5610963374,0.625701705075,-2.48250956054,2.02843698701,1.66749693414,2.58141386609,1.48042133597,1.73148467925,-0.843679992321,-2.95173747239,0.0285763545649,-1.51271129875,-1.96557349685,2.12522413596,-1.22254924132,-1.56923477341,-0.305626167812,-0.464580641217,2.06908286878,1.05338178054,-1.6559542648,0.0650434568662,-0.974156682333,-1.24626054438,-1.7116763418,2.04304378244,1.39412077696,-1.64415108388,0.526791969901,1.41364763672,2.20404397893,-0.318410831588,0.151590124693,2.95906826862,0.659730380059,0.737289035393,0.266921663139,-2.68023074666,-1.62851355232,1.24926243725,1.33408766048,2.19824983781,-0.502846909965,1.70696109962,-0.0602128821571,-0.44404298835,0.965838531699,1.24484618384,-0.521551132535,-1.38255665056,-0.668072411071,2.92252533312,-0.579418057908,0.172212848639,-0.131511176819,-1.32730612682,-0.852171847216,-0.723760146706,0.381840284771
178,0.0614191309282,-0.00812828089693,0.170516870063,0.0102392100606,0.133577688212,0.345746074154,0.32810988343,0.331544508736,0.230071117851,0.0242990229115,-0.206411798253,-0.050884613558,-0.184035936779,-0.31029995063,0.322619112815,0.0475281920853,0.0286489228688,0.168463691583,0.161102910578,0.331274285044,-0.0725940748515,-0.355666335283,0.176845813741,-0.332042931766,-0.541648502776,0.355136372215,0.705632605153,-0.443824835292,-0.525430104949,-0.0282380001702,0.0645787492275,0.576890041855,-0.384405150486,0.236494927152,-0.0224832214639,-0.191441249959,0.37249896444,0.128046593772,-0.257743459012,0.0993554374753,0.0740978315924,-0.241424464345,0.422851401975,-0.338757665494,0.662802973851,1.06597134563,-0.176816517145,0.172557716655,-0.374973469979,0.866888577071,-0.69740081648,-0.25799876756,0.554925733017,0.51580522966,0.0433426280926,-0.288141069067,-0.109258674817,1.30300925342,0.0864883387367,0.157515051411,4.55518032401,1.39617807673,-0.67595923039,1.71517407774,-2.5570368314,3.70812080375,2.38009857906,1.25121266477,-2.1940903864,1.5370497008,-0.0239717152419,-3.08380328187,-1.47131518555,-0.241119827056,1.83873494501,-0.662549361622,-0.49507830871,-1.61662538984,0.554673896639,0.511560781042,-0.953754998743,-0.324101440555,-1.77464735638,0.58162418149,-0.407355731296,-0.809422388126,1.09102654586,1.12350636468,-0.221581622794,2.4314121448,3.06136865817,0.691894324857,-0.34018192499,0.333087023959,2.79191600086,0.547859678619,0.215871339731,0.614259276131,-2.74999084506,-1.9261401886,1.79293886674,2.26447183743,1.06813592718,-0.146214314763,1.8722818013,-0.953577652654,-0.862666861147,0.985117511075,1.95032566049,-1.17235572851,-1.36203378688,-0.626753251649,2.78945539162,-0.696824839455,0.217969316036,-0.0636039661068,-1.44650445141,-1.00127268104,-0.674258291842,0.375968134876
179,0.0800481934743,-0.0972457318674,-0.0429264596591,0.194560027047,0.174401948681,0.417805151921,0.546294098759,0.371043526668,0.0793384778907,0.106489182211,-0.0793985811792,-0.393971522326,-0.334738141069,-0.321320588916,0.383290747661,0.0799500229008,0.0121868218596,-3.65370618674e-05,0.233607047364,0.29863246954,-0.263916981973,-0.292794433446,-0.0299114890284,-0.238285471771,-0.509529541963,0.363506922007,0.714426605973,-0.388401262422,-0.478247371486,0.24451150231,0.388355604218,0.583610814423,-0.423543708196,0.2573962539,0.212169303107,-0.132777303187,0.364743265384,0.216095084379,-0.503558158956,-0.0708943972732,0.249671324443,0.0126793194496,0.472189954264,-0.336006106448,0.846100618015,0.937218372491,-0.276147125638,0.262774008813,-0.155042376964,0.725650307402,-0.828091064859,-0.315894841312,0.820526132079,0.443961033792,0.0666255347294,-0.291525891379,-0.258566289345,1.1962076016,0.0215073753858,0.194841181989,-3.6415174845,-3.44996564765,-0.885551889954,-0.502424152219,4.08315339149,-1.97052813743,1.1692704987,-0.439989873569,0.0225389810084,-0.256320997357,1.74536156678,-2.75909955209,-1.64568705177,-0.221662560341,-0.719296225219,1.29417255512,0.0673576087301,-1.39057411549,0.589424571284,-0.900374992497,-2.51658755853,1.49518096395,-2.07747885669,1.06963212896,1.0647446627,0.95545798735,-0.945515477405,-0.0482842158348,1.03731952698,2.66570115558,3.07482273292,-0.433907196427,-0.426232030191,0.01809894367,1.7828327313,0.659434147371,-0.361846594761,1.15801190627,-2.05489656289,-1.33973603567,1.58991818521,2.71952016433,-0.057677359969,0.185098751329,1.73789556612,-1.5658827109,-1.08559824363,0.779263205587,2.40052550642,-1.61243719089,-1.23231779965,-0.521103850513,2.49695443091,-0.725426519925,0.24435588309,-0.0059743298187,-1.53410115525,-1.13138356114,-0.62557465538,0.370637062167
180,0.0136697201664,0.0468127536606,-0.0297400749199,0.0657763427702,0.458807275081,0.324248038512,0.398073347866,0.309623910247,0.216897352594,0.031656693953,-0.0310225860186,-0.457826472783,-0.502522251268,-0.369651195487,0.238830245598,0.243880133288,0.0394000062877,-0.0525870980737,0.226435432091,0.219872899625,-0.475013738262,-0.102229777311,-0.193953377912,-0.154914148229,-0.349499386086,0.507730658995,0.543041451305,-0.436217353628,-0.355177993523,0.434778335089,0.61443058482,0.51887785254,-0.461958509791,0.232673971745,0.31850375479,-0.055369716515,0.305324251518,0.356548673329,-0.652567539023,-0.146136066708,0.368771714715,0.281173369697,0.419787964262,-0.306833767613,0.998865482483,0.764839691663,-0.385740837815,0.320466874394,0.0950301638109,0.552995891769,-0.939878866144,-0.360381345174,1.04951140013,0.37353411046,0.0915484671356,-0.28974218923,-0.414923435317,1.07744461685,-0.0386836888291,0.231657469951,1.65388492258,4.4751867803,1.35603079541,0.179473724921,-1.17964248934,1.19353831983,-3.8235528777,-0.563557916863,1.89502999699,-0.606768979595,-1.17455789221,1.50995827808,-1.4075479122,-0.665350443713,-1.58744251018,1.49301331983,0.545545867247,0.456248797825,-0.835673933943,-0.3883750756,-1.19147381684,2.0088381467,-1.06891027219,0.489128144064,1.92630108685,1.60379095762,-2.21832081289,-0.728522321678,1.21999473238,0.852666302137,1.18500588399,-0.72342747177,-0.288649353384,-0.516302270277,0.313280805562,0.892119071181,-0.786173092801,1.60824582371,-0.881072645248,-0.0887163537338,0.69652894415,2.54214162715,-0.932956966125,0.36577749558,1.26067961982,-1.81949051273,-1.06464509057,0.336734442447,2.54922261319,-1.79583743819,-0.98352725077,-0.360407502714,2.06061226813,-0.669815150663,0.250843679596,0.0394788906605,-1.58705962254,-1.24014688717,-0.578600550754,0.365756303561
181,-0.114148890908,0.0573010072443,0.282011804083,0.269780316643,0.103627655065,0.36526956081,0.100609821556,0.229034127325,0.290789321111,0.0451886431054,-0.22708609647,-0.23244943752,-0.529093465577,-0.42318067615,0.174283643765,0.301709888671,0.134837747451,0.0726415256718,0.0946419724482,0.236016485924,-0.437729876493,0.0551148518062,-0.236190167576,-0.143781851956,-0.175469249469,0.612647068161,0.33261226303,-0.492350453384,-0.266075162058,0.384455398966,0.597866899512,0.458056927483,-0.470280736801,0.15989839188,0.278830838575,0.0421440634073,0.217429231078,0.524370109301,-0.679060451844,-0.0824077490283,0.376270520486,0.501131958079,0.298814543608,-0.269983375013,1.08790276995,0.585337734953,-0.481223054005,0.323411001816,0.344701972677,0.375443442004,-1.02097528985,-0.38655327722,1.22869185669,0.312439155834,0.116174252791,-0.284087286723,-0.574750702493,0.948952129527,-0.0942960331267,0.26800450652,-2.71993630035,-0.860918413537,2.39974633237,2.33997990071,-2.54426062435,-2.64741211432,-0.649706407276,-1.26056411549,-0.843669210226,0.622172140834,-1.7116916222,1.96200971293,1.2122025322,-0.228641771671,0.578424572998,-0.436879683789,1.35670943638,1.78860938223,-1.44650947663,0.545634269252,1.9819322165,0.975098285571,0.179175539064,-0.20357096608,1.30760406708,0.182754479936,-1.70435626008,-0.204086155698,0.482088457584,-1.84986539217,-1.5066565332,-0.454641553121,0.169813853106,-0.882500461296,-1.03891707251,1.01996429702,-0.916887809918,1.66188104071,0.314893036626,1.34646722353,-0.573023006989,1.77141689575,-1.41620037907,0.335303916917,0.476105707886,-1.71512456793,-0.809973078409,-0.305594850883,2.39641410194,-1.71160090336,-0.62060573878,-0.157079680574,1.50582823688,-0.541149805943,0.238783932542,0.0712305238478,-1.60322062918,-1.32570893763,-0.534121656367,0.361237644393
182,-0.195221759316,0.354068797366,0.247523768341,0.271912295884,0.199374665317,-0.100630732603,0.166492201738,0.0906513132387,0.0766187204873,0.0486097615637,-0.213505480317,-0.179113884571,-0.278644437606,-0.388557358975,0.326997539048,0.209546919631,0.284196763085,0.24550401312,0.0182716278467,0.264867389125,-0.127264665576,0.0911885568013,-0.176821431008,-0.175320025532,-0.119174872724,0.511687046533,0.236807298056,-0.454429918633,-0.253916479429,0.0998040386829,0.344523731606,0.422825065433,-0.422031113825,0.0707610359028,0.131638322006,0.137683623357,0.132703510612,0.669786161312,-0.603584916652,0.110497961264,0.256977170895,0.62262766047,0.150152549817,-0.246174207461,1.08755842244,0.431270483367,-0.542084241598,0.255360643884,0.565722145745,0.218808436001,-1.06085382203,-0.39085447263,1.34783899878,0.267185625917,0.138784980776,-0.27598918991,-0.734299486617,0.813120404337,-0.145613540855,0.303914268226,-0.955607032313,1.82087501671,-0.444613815325,-2.16650491138,2.27109942264,-3.40757398252,-0.0280837578174,-1.15200065675,-2.87214823379,-0.957788004869,2.03152355383,-0.668123378132,3.23001380649,0.97862516485,1.97205978261,-0.876597149549,1.40113669375,1.42446292763,0.232115596479,-0.322163702462,3.76736699852,-0.118637041899,0.888515205072,-0.319079376608,-0.208868817179,-2.17559967367,-0.187294282194,0.977949292373,-0.115529586897,-3.52699882692,-3.27818520409,-0.332079123105,0.803337847959,-0.820757747512,-1.7744711483,0.824592327498,-0.72882777577,1.14936300607,1.09803113786,2.40645365905,-1.75891911818,0.61902484923,-1.49513246021,0.115275377257,-0.502381419668,-1.32896034924,-0.387116475412,-1.06648396085,1.98709794661,-1.38442099567,-0.163748089833,0.0745052626603,0.866090015946,-0.356175603327,0.211156110153,0.0882051227137,-1.58136854389,-1.38676039181,-0.492804362197,0.356997297585
183,-0.315323796195,0.162267144861,0.26892055564,0.150023303275,0.105907536487,0.0506495331807,-0.0676689316291,-0.0227652122189,-0.160252513998,-0.12127640601,0.0243600789203,-0.205916527286,-0.0290518796395,-0.240082046144,0.449553993854,0.222579256866,0.37456222833,0.336560618714,0.150773733412,0.133033747499,0.215365602642,0.0725590720011,-0.0830038051239,-0.192152033711,-0.194284301423,0.220600590938,0.269664120248,-0.312267916436,-0.252438144113,-0.243524936947,0.0113037381512,0.369197690373,-0.312421298985,0.00994446593227,-0.0486853117324,0.193463498231,0.0794193280617,0.737109207236,-0.481336418019,0.371797584687,0.0421846940271,0.622423663858,0.0100085661103,-0.250167582763,0.98660745274,0.324576271424,-0.55653843243,0.109899430306,0.736265952294,0.104814153426,-1.05170699094,-0.371220229619,1.40038509203,0.24238568982,0.158026303758,-0.266957715251,-0.889748631377,0.672442238346,-0.192980321514,0.339410642747,1.71481319447,-0.711697734702,-1.56526936084,0.568493394747,-3.46378102495,4.59300381225,-3.28345222541,-1.70254316858,-1.48112205645,-1.85660518773,1.59481519272,0.963980928031,1.22697901317,1.79787176947,0.025868235474,1.34500178289,0.32469842256,0.436043637262,2.16228739254,-2.25972184393,2.66438479119,-0.0437337957414,0.87037128106,0.0167040944285,-1.06028536499,-3.28333748164,0.597002637024,1.71979402764,0.347933267027,-2.94211836344,-3.02964129543,-0.858692126096,1.35548338643,-0.342118702649,-1.70200540993,0.228452335401,-0.310551007981,0.130910343732,1.23498057184,2.66398974885,-2.41991654585,-0.609112630261,-1.26958314572,-0.200590215359,-1.50477538386,-0.792651524982,0.0984521038214,-1.83342055782,1.40285770758,-0.870348258702,0.353317305213,0.319049202007,0.180711091806,-0.135832276239,0.172177065616,0.0898546310378,-1.52127268098,-1.42256323303,-0.455185343745,0.352957519036
184,0.0249757461493,0.118244586891,0.0710106546004,0.103912881419,0.024380818156,0.16318065032,-0.140841681585,-0.280165719465,-0.236465052843,-0.214785178236,-0.00882275753041,0.0327775627238,-0.0275801673923,-0.0816081378002,0.319279655025,0.432471718059,0.369865864735,0.357342018583,0.356126091796,-0.12586934818,0.362426983684,0.108142907315,-0.0238011014168,-0.173187840829,-0.275830805178,-0.0643938866147,0.299452549929,-0.141747254028,-0.153517684061,-0.425380245078,-0.203549490313,0.233733848653,-0.159984418564,0.00748822831534,-0.187734783229,0.174027857021,0.0729344576464,0.688647751903,-0.376406148394,0.611634233177,-0.200317545151,0.508305868428,-0.0990543927562,-0.28505473857,0.792139675892,0.272571774189,-0.524350278074,-0.107377953588,0.843925013404,0.0483515021002,-0.989632239931,-0.327126215542,1.38387600733,0.240417485772,0.173007194789,-0.258528078246,-1.03730389019,0.529455078351,-0.236787359913,0.374510101994,1.76981853597,-4.21296168293,-0.428590289574,-2.45018701767,2.63516400549,-3.46088989321,1.88952886296,-2.62860499247,-0.475806945894,0.12428475344,-1.92758779308,3.0360136058,-0.639487563886,1.12943588051,-2.28240243681,2.24653681487,-0.168184527407,0.121737695244,1.39278036788,-2.44519744981,0.286633287806,0.771256659368,0.225978640722,0.328416256214,-0.312627197153,-2.05800651207,-0.255805578492,1.56403665402,1.69684795456,-0.510051787146,-1.08845446317,-1.88495190271,1.64197725898,0.287360549917,-1.00779082501,-0.642346775545,0.177690713302,-1.10254950466,0.786515805537,1.98346640615,-2.28948564511,-1.61569809569,-0.902759795673,-0.47953671928,-2.34191350163,-0.2609052257,0.525747706722,-2.4823555448,0.747717735713,-0.248267976434,0.88696347529,0.561163975527,-0.50781319616,0.0964405412043,0.126807901067,0.0762301589153,-1.42370210987,-1.43296337804,-0.421664555712,0.349047933223
185,0.142347300666,-0.193874372474,-0.129581279596,-0.0373593199382,0.135139240637,-0.189357042177,-0.0454423588215,-0.32382938371,-0.302812221355,-0.17054962954,-0.177448530626,0.184973667803,-0.0313254004493,-0.0298797581644,0.106649933804,0.538827194591,0.388349909714,0.376077293893,0.351663331479,-0.268272451698,0.30803442118,0.208689665534,-0.0489888119613,-0.134423927174,-0.22605855612,-0.15003701059,0.190038861424,-0.00988757265358,0.0763159035529,-0.343100274179,-0.200042534556,-0.000630042169481,0.00608815667871,0.0599696867186,-0.244337438183,0.0653922309764,0.111596516412,0.523521014312,-0.332967848243,0.743746832906,-0.389050123865,0.313435724869,-0.171401535596,-0.340562968314,0.529279909853,0.267505880095,-0.456991304952,-0.378837033914,0.887094195449,0.0557499455367,-0.875378329404,-0.259564508733,1.30014799927,0.261267724512,0.18334712418,-0.252197949903,-1.17329749421,0.386682602443,-0.277458640449,0.409222492475,2.22410539009,1.09869189403,-4.38062665579,0.412297719692,-2.89026591768,-0.851711410504,-1.58411035982,2.06726453343,-0.59070506604,0.167390452008,-0.55984105382,-0.731628463043,0.868451629181,0.0297509369083,-1.41436786994,-0.572323920898,0.633646634842,0.232066781318,-1.57739363961,-0.135255090634,-1.10949277558,1.07687003983,-0.741091666816,0.413582456516,1.32132234039,0.352551199097,-1.93097044626,1.10625763995,2.72928879759,1.99507404623,1.04128014383,-2.69594671394,1.63554132854,0.696817818279,-0.136976114297,-1.49991332201,0.56689409514,-2.12946039354,0.074046219758,0.569697794801,-1.36832321053,-2.20287208164,-0.559878395713,-0.594793362084,-2.84957290003,0.125778503835,0.786246728228,-2.90032583802,0.130683311814,0.391540154135,1.38871654525,0.785998516172,-1.1566520338,0.316572833452,0.0802034951884,0.0480394006283,-1.29041284957,-1.41838874879,-0.39250175089,0.345206550974
186,0.202147128473,-0.229578113032,-0.233193885517,-0.200668651698,-0.328174521309,-0.1048592109,-0.308370125382,-0.0866823594517,-0.251220253294,-0.220751455172,-0.103848515957,-0.0698861839021,0.0892073452609,-0.0294195191983,0.0824208247471,0.324252395817,0.466085152498,0.381516211781,0.0921583571164,-0.157101436042,0.18738805441,0.290540298427,-0.162062943623,-0.0943920849422,-0.0383110413579,-0.0323637258212,-0.0581048759285,0.099584504866,0.342460479552,-0.0847422280418,-0.0421961647207,-0.273516944366,0.159906324312,0.130065141761,-0.224958944084,-0.114586666523,0.178979283184,0.28279980972,-0.355747148866,0.71660608349,-0.456283147107,0.083521685283,-0.215726245939,-0.395864907404,0.236635441581,0.289713627571,-0.375082029719,-0.677000290029,0.874568356078,0.124268160435,-0.714544250983,-0.170965631445,1.15521750855,0.302564158782,0.189167375707,-0.249359849956,-1.29428504151,0.246577219746,-0.315437100592,0.443551911603,-1.40649947998,-2.49211265664,2.52613284349,-4.66273773811,-3.47950048104,-0.226218159076,-1.45795667493,1.05658864252,1.84615505481,-0.759481181263,1.284292668,-3.29762123478,0.832555603816,0.172435894645,0.742622306945,-3.19997592754,0.547022364646,-0.290800325087,-3.06796428174,2.05703609421,-1.15292498611,0.436040514032,-1.40541477788,0.378355682862,2.18163796297,1.64962203898,-2.78066431088,1.21910617216,2.30968029738,2.79878124236,1.80416894758,-2.5701071422,1.41207807101,0.611468561211,0.44673800532,-2.02029395477,0.739125962185,-2.56182472409,-0.465745875149,-1.11000716615,0.0779114872111,-2.32125124007,-0.355106252874,-0.468194259208,-2.92793286414,0.274390189864,0.809161274161,-3.00661005773,-0.352095195572,0.960052129736,1.81102629018,0.979702166974,-1.72550102693,0.501768141879,0.0371541804691,0.00668107885515,-1.12410710628,-1.37983288544,-0.36781654083,0.341380469593
187,0.160860869584,-0.108609897429,-0.305394768806,-0.524589689182,-0.440521927222,-0.428095596015,-0.206152519065,-0.180638441184,-0.0426318617479,-0.191382851042,-0.0905101780227,-0.256129417561,0.0233096138501,-0.000791023250728,0.159875211579,0.0446476384912,0.415243241739,0.28778047378,-0.139919522108,0.0536092224826,0.0876461107764,0.286178717493,-0.296626222823,-0.0603407806286,0.152084048443,0.0993010098574,-0.310722069862,0.25582947316,0.490043512469,0.143912681323,0.0982255986463,-0.477912101474,0.28370033359,0.16461212752,-0.173148485042,-0.320056185363,0.251081843142,0.0377000127347,-0.408216836461,0.531591884656,-0.370514077076,-0.138198627074,-0.248261015619,-0.425968991022,-0.0415299768406,0.313561549916,-0.303683378551,-0.968612131974,0.823461076038,0.242833420792,-0.517197995112,-0.065079482923,0.958891713897,0.359794224678,0.191028230136,-0.251231578522,-1.39713692856,0.111464913263,-0.351170764894,0.477497638036,-0.228412982984,2.6364298555,-3.86184941758,0.123454599984,-0.335082862801,-4.3613442834,1.82825721632,-1.77794044952,1.32390633161,1.68200345266,-1.31521475629,0.0596895340117,-2.20178852192,0.142563601574,0.270146030708,-1.75000690607,-1.84660798124,-1.66761360607,-1.08105545024,1.70277083295,-0.862662301807,-0.497373782945,-1.08853515805,0.288905314178,1.3602388359,0.614106509955,-2.03133990731,1.9490315239,0.491288204343,1.47989671367,0.741364642045,-1.36911099107,1.04232410578,0.00664004123562,0.497416075471,-1.98953239004,0.664307567834,-2.20791301483,-0.477087189077,-2.49814453336,1.61200407437,-2.06419516823,-0.322788407272,-0.0973382477061,-2.56610991352,0.16082546491,0.578355679434,-2.76832152655,-0.632580866424,1.38152189836,2.11296512832,1.12979678571,-2.1792753452,0.632299757695,0.00156957472469,-0.0457514780207,-0.92836503388,-1.31882458364,-0.347591926259,0.337526253788
188,0.0521261241633,-0.307778931419,-0.374547391758,-0.390506458985,-0.551214325001,-0.558343627691,-0.303847897322,-0.222637594949,-0.0768506461822,0.015814321776,-0.248359332184,-0.143223737121,-0.244401285222,-0.0595231054679,0.0897263371352,0.0122589233096,0.103092090924,0.055471948622,-0.0920029861258,0.129220606858,0.00916844827258,0.205269304142,-0.34384955333,-0.0409582944632,0.202176205558,0.0454119351898,-0.4385818054,0.477459977134,0.437748394543,0.179780233046,0.0758283720063,-0.531074453197,0.364161252123,0.122552323168,-0.140749933652,-0.493564135207,0.305563841437,-0.135512593103,-0.429505609353,0.24192885627,-0.146432953456,-0.322880444626,-0.284634236146,-0.409694622252,-0.264537284197,0.314714445669,-0.26648348483,-1.21985266939,0.755832231895,0.393880176113,-0.296961361981,0.0531797337938,0.724125445085,0.426692279538,0.189818600578,-0.258788105258,-1.47912163708,-0.0165062164413,-0.385099399287,0.511055084389,1.06685477837,-2.4649297704,2.34495930994,0.725373347545,-0.986781690916,1.86872732116,-3.73885113934,0.811850054281,-1.54409312789,1.355599324,-0.761852787894,1.20504124821,-2.32122230953,-1.44377296301,-1.47361666993,0.765337163257,-4.03037524793,-2.80776499314,1.81237042637,-0.209206598253,-0.707274945731,-1.03291748408,0.27141230365,0.0745060036698,-0.374128073478,-1.72712319603,-0.533292002564,2.31943840278,-1.41017562281,-0.760495581631,-1.20525784991,0.307733128558,0.546270989357,-0.85700471482,0.0992280787097,-1.39801155596,0.403276390894,-1.16529564247,0.150602208417,-3.14682667112,2.77401661011,-1.61436592417,-0.419269979647,0.440622061905,-1.84527275915,-0.165629834694,0.137094251615,-2.20741130974,-0.681069157282,1.60318810963,2.26508833157,1.22553743026,-2.49046220943,0.693065369652,-0.0239489708194,-0.106503942434,-0.707550387362,-1.23738441364,-0.331681139233,0.333610003981
189,0.387291302432,-0.157648181307,-0.249416394719,-0.400932752401,-0.436162869352,-0.385713765113,-0.57625961973,-0.243768904178,-0.196496484406,-0.0633573721996,-0.139185397064,-0.149429759624,-0.334414367943,-0.246183210432,-0.0310654692021,0.0678974579345,-0.280488851331,-0.218898065391,0.117313936366,0.0534779631023,-0.0456391251562,0.0936274301088,-0.235353200648,-0.0474762439408,0.103337682557,-0.213711336105,-0.443894896089,0.673161626235,0.255580559807,0.0224930055552,-0.118535449726,-0.431888061543,0.389446127074,-0.000709295966741,-0.156731914285,-0.587296794407,0.329567916966,-0.184488215602,-0.363076804064,-0.0665724727045,0.160556016509,-0.461184612001,-0.333295802726,-0.336798547578,-0.403708807084,0.276944119498,-0.280177039348,-1.40175743831,0.694615253608,0.555987607903,-0.0696779345109,0.177926880335,0.46616627066,0.495765299673,0.186609013502,-0.272698855685,-1.53797837268,-0.135412452642,-0.417642005543,0.544216741714,0.709136788529,0.390879365864,0.0635843577588,0.150326167054,3.02034191476,0.17714003535,0.121965982573,-2.08238529822,-0.553498740294,-2.69025622794,2.43910009468,-1.26097553554,0.505459578471,-1.78485588482,-0.361461280165,-0.314619958106,-3.08101002083,-2.35413877542,1.70406767286,-0.96431694578,-0.327037646264,-1.15822791183,1.82944952947,-0.187977609807,-1.35449091805,-3.13231228838,0.20730993753,1.33795941294,-1.92782977757,-2.11182983908,-2.44389228184,1.53095010041,-0.0517875054197,-1.53915612647,-0.399822144382,-0.439539322198,0.0774301828716,0.198555462606,1.22050692169,-2.87032159716,3.23193266575,-1.16574585507,-0.550911053244,1.00922509204,-0.919376205552,-0.595744464503,-0.420495864166,-1.39771416583,-0.509806023941,1.60137596701,2.25282091145,1.2583259364,-2.64098197125,0.674784237553,-0.0384081754662,-0.172235759045,-0.466692362513,-1.13796933289,-0.319817557953,0.329607126345
190,0.0818545372546,-0.334204559725,-0.333443682014,-0.234596732553,-0.217889973668,-0.415818102697,-0.344171515813,-0.510399203281,-0.2917792761,-0.318505448721,0.00103651569989,-0.263469184533,-0.232754941369,-0.320619977281,0.0603882987097,-0.100609908287,-0.447710958856,-0.362262980375,0.143250160881,-0.0065027570262,-0.0500374239465,-0.022837250206,-0.0100801987537,-0.0671548638574,-0.0105788990611,-0.504059010056,-0.441620493567,0.704968424122,0.110218613081,-0.178695753878,-0.353362815749,-0.260924955975,0.353969507812,-0.165238494926,-0.21037318061,-0.579489499955,0.323242409843,-0.102057175036,-0.185114952772,-0.30526560025,0.472758643049,-0.560613110848,-0.392553003183,-0.212117766333,-0.447917997588,0.196818193876,-0.350298252024,-1.49485883751,0.659534979678,0.706914744638,0.148165597561,0.302544696847,0.201543261307,0.558916552557,0.182482238335,-0.29327459,-1.57197682668,-0.243594892468,-0.449185448091,0.576973086946,-1.94996546589,1.61595305745,-1.57705008563,2.29111858602,0.380107728652,0.771330991868,2.56789228026,-1.66037705154,-2.0683071229,-1.40282621404,-0.734770769549,-0.29123292188,0.976585633389,0.509276232933,1.8796549448,-2.76177910616,-0.246544762616,-0.383902477551,-1.40859741212,-0.113429206525,0.209233618525,-1.16488555527,2.45109848074,-0.108397047131,-0.649834349536,-2.30727365012,-0.327217309322,-0.796949829628,-0.759366420545,-1.60376639308,-1.94274843898,1.69997396321,-0.64152159456,-1.62882130479,-0.595031786801,0.579117623411,-0.18436388596,1.37657788725,2.29674965458,-1.79632759542,2.88255369087,-0.851029026129,-0.615751335594,1.45055478511,0.0216760720066,-0.988413625562,-0.969422679696,-0.452587467837,-0.169589290563,1.38328192559,2.07795618958,1.22220777386,-2.6234360104,0.574747088025,-0.0425663124532,-0.239137129858,-0.211346830934,-1.02340692628,-0.311627381084,0.325501826179
191,0.126526700266,-0.0127410653396,-0.133230133275,-0.227927530831,-0.262231869976,-0.180958206738,-0.29099432146,-0.437370078853,-0.565520296543,-0.344149780347,-0.293302718886,-0.189939032747,-0.183184237203,-0.182078695292,0.20389904071,-0.348118536947,-0.376312948261,-0.310583700078,-0.128362861254,0.0106966392829,-0.0231752147957,-0.136509452754,0.208831957741,-0.0450897137513,0.00949903889729,-0.626203910898,-0.517758802027,0.524599474149,0.121583245818,-0.254392218093,-0.456909580394,-0.12313934821,0.267922606784,-0.300953775074,-0.257741309706,-0.479246727778,0.297573176684,0.0692687754816,0.0796021294299,-0.411725634093,0.714790578967,-0.636963668894,-0.451800116347,-0.0555052078428,-0.404951143501,0.0851232017402,-0.469453559377,-1.49221223177,0.663688843978,0.826593264882,0.34106638711,0.419976063493,-0.0530346285017,0.608119362163,0.178358093137,-0.320428011259,-1.57996219741,-0.339692856888,-0.480074470721,0.609313426988,-0.626971643857,-0.0213298549936,5.87132145699,-1.53155724872,-0.195809244625,2.53736667004,-0.913850602932,2.30492505159,-2.17785825918,-0.0801146108949,-4.09398763747,1.13633181905,0.181272620743,1.79291091222,0.200303282777,-1.41177139421,1.32161988881,1.14792588905,-3.49403604608,0.179954268308,0.191351232593,-1.07866425835,1.73447344305,0.671549509815,1.10733640215,-0.0577004392255,-1.09785924397,-2.60580760277,0.928607060336,0.18423887838,0.0254390342936,0.953430516253,-1.02888948867,-0.966014615115,-0.261637909008,1.36899107144,-0.302911873354,1.91600793219,2.87780411859,-0.302408670602,1.87124757134,-0.69999245883,-0.543147331284,1.62941881141,0.797149506084,-1.20655200955,-1.38093376098,0.494515240148,0.259878475869,0.984389702422,1.75812264307,1.11443778987,-2.44165542596,0.397061523235,-0.0389047778376,-0.303085953832,0.0525589617446,-0.896821088501,-0.30664468331,0.321286352699
192,-0.0615033757003,0.0184249693622,0.0441487548942,-0.0830439156215,-0.171102033268,-0.164431913827,-0.289715788709,-0.304059604713,-0.525214029429,-0.498120966645,-0.570140689094,-0.191029951875,-0.143938207705,-0.0388995680575,0.0293319396653,-0.30229738468,-0.238013656213,-0.204314747019,-0.425390752349,-0.0290212966304,-0.0326973096858,-0.229732954591,0.316142871984,0.0838970811806,0.195867499108,-0.53560826378,-0.618912978116,0.24595494289,0.25828605636,-0.151750634405,-0.343412425454,-0.0761835229357,0.160391049597,-0.340068577379,-0.247848447689,-0.319001722271,0.267227037381,0.252244189091,0.361652503936,-0.367806126995,0.835905640279,-0.703762287907,-0.496034385597,0.102437071307,-0.298414369326,-0.0353340277634,-0.618376805186,-1.40027477838,0.711334271434,0.899665545484,0.495982136574,0.523073938142,-0.281798040191,0.636089182255,0.174829800555,-0.353651842556,-1.56138405255,-0.422669525341,-0.510603320075,0.641226656244,-1.33435170513,3.23504843132,-3.53537471128,4.46016661977,1.97970962034,-2.02699845464,1.29878485684,-0.147157508407,2.82001423694,-2.85318436064,-0.800885181602,-1.54093069666,0.689480390276,0.975335463868,-3.40788982767,2.17642382606,1.32349355049,0.645973958722,-1.87222186856,-1.15369431779,-0.40565388894,-0.735260977315,0.416104635462,1.92907744538,2.43602388165,1.62145054415,-0.647814389084,-2.60518296005,1.52437768741,1.68782205711,2.13839182768,0.0295747090516,-1.05701382768,0.236879285525,0.507370985805,1.76517215073,-0.287639749697,1.59990759035,2.60555988181,1.13229413215,0.529125217142,-0.641411175156,-0.318104491404,1.4711978035,1.27755133277,-1.15214322215,-1.55081145069,1.31288019064,0.684100383056,0.462105553887,1.3243578468,0.93605437802,-2.11050579672,0.152372579704,-0.0314265514011,-0.359839039425,0.318893414041,-0.761551191161,-0.304328419441,0.316960029033
193,-0.168030592212,0.0727164888845,0.0303309860385,0.122929964311,0.0484830668901,-0.266926796651,-0.197510697897,-0.334137687054,-0.269163048718,-0.687419815572,-0.520294379882,-0.426519439927,-0.0908058821143,0.0518204957591,-0.316352553786,-0.0377015196434,-0.112010573961,-0.209489389334,-0.450493537082,-0.207827220867,-0.0862884372624,-0.275134473872,0.313546053504,0.328040215848,0.450040742413,-0.364260254251,-0.597866621034,0.0662721255652,0.367790666872,0.0309642956649,-0.0709790278007,-0.0967704608385,0.0677299091667,-0.252929497107,-0.154050636902,-0.139636419009,0.241235134263,0.364170440134,0.570027243237,-0.20107131638,0.822945119396,-0.76396538407,-0.511726778146,0.227643623988,-0.161031553697,-0.135029527171,-0.769613851947,-1.23750669145,0.797209291309,0.917241705756,0.603485919761,0.605005165474,-0.470979798601,0.63690208168,0.172028649955,-0.392017379372,-1.51630812755,-0.491829252921,-0.541009147323,0.672701907985,-0.230049874236,-2.30256847233,4.77242587737,-1.2952402659,1.36185533937,1.54321460694,-0.326695714674,0.487443049455,0.817172436138,0.358657710047,0.90800207548,-2.29420447489,-0.00490451709819,1.11550121899,-2.50583326356,2.28197296723,1.22178927886,-0.641109657075,1.25737486543,-2.11497578975,-0.479863284636,-0.146775484617,-0.281817597824,2.80689330341,2.41135404027,1.49849005671,1.22120867535,-0.786033398392,0.418445025565,1.67315529634,3.03310484672,-0.299881429874,-0.757152616554,1.45658745734,1.33995401784,1.76279727094,-0.238406390792,0.541702442963,1.42473972213,2.09996013322,-0.745332828533,-0.54454434633,0.0164014075562,0.983006733107,1.41322532581,-0.792004891205,-1.42269041612,1.89653615463,1.00989402407,-0.113278053389,0.817179826904,0.692364051093,-1.6549485932,-0.14292334646,-0.0252950632892,-0.40524865389,0.58149388642,-0.621066945736,-0.304080901919,0.312528105797
194,0.00757564087521,0.184798442868,0.227604589131,0.0799392575235,0.00416283971436,0.0534494401533,-0.249642446374,-0.221050313863,-0.387838190311,-0.401415996667,-0.484939174422,-0.509097086097,-0.171021045115,0.182542907592,-0.347753100499,0.0398675109663,-0.00813279671722,-0.270635494412,-0.253574186705,-0.365359723036,-0.0886362587293,-0.258136729603,0.30086431834,0.604560482306,0.642169493277,-0.278461651962,-0.376630635909,0.0946408414486,0.316040089193,0.132809371263,0.206678235653,-0.107196619008,0.0114477501586,-0.0682234009582,0.00696886337861,0.0241019753945,0.215725295923,0.349317501381,0.62571972819,0.0295126616913,0.700474740427,-0.807083563167,-0.49185130802,0.290906746309,-0.0260642925908,-0.184865452552,-0.893071074652,-1.03098378902,0.907451077935,0.877678580064,0.658476457095,0.659693346574,-0.609748271798,0.606511468352,0.169531665429,-0.43419548445,-1.44541071842,-0.546826254746,-0.571467310328,0.703729083998,0.928878113989,2.30751379378,-2.29808225913,1.53734578748,-1.08633991908,2.67719652384,0.748311596758,0.836636226459,-1.89764832963,4.1423699676,0.0618467908288,0.820709499283,-1.32374657097,1.0997787935,1.87568417216,-0.82257059206,0.668058396257,-0.188437037231,2.15264026411,-0.615252187147,0.572795082322,0.470229519254,0.206174234416,2.49490604716,1.33105514372,0.136200079578,3.01817102815,1.20050992404,-1.43888005335,0.198738560274,2.27380767656,0.215511034516,-0.385736932887,2.100650557,1.78337438999,1.47805577965,-0.302875759565,-0.849602760217,-0.373680403433,2.39606115921,-1.61627852978,-0.282266689925,0.37768797522,0.252868979762,1.24256820918,-0.168067818891,-1.00132865689,2.18142135794,1.16079571127,-0.668852438523,0.281731762046,0.393217684458,-1.1084071654,-0.46791535417,-0.0263408420076,-0.435492667015,0.834340505999,-0.478881274749,-0.305267247323,0.308000480227
195,-0.220268228519,-0.00397105190003,0.0387452783544,0.135868433364,0.101242958008,0.0336191052154,0.0150679606678,-0.244690276273,-0.377655268611,-0.15537170111,-0.38308925031,-0.327145912467,-0.251204050409,0.157628873968,-0.0546475272403,-0.123888939862,-0.0179891029065,-0.196588464891,-0.0990148763409,-0.289361203784,0.0263891586142,-0.188610691127,0.372643371056,0.787426874293,0.713117118288,-0.32531709567,-0.0591186786466,0.24733458805,0.111372914199,0.062312294787,0.351775189174,-0.0387208769889,-0.0183664639272,0.135892570972,0.179870075631,0.151854754121,0.172768194739,0.201553862396,0.492785730709,0.257002199068,0.519223255245,-0.812679951296,-0.438382064395,0.275028423532,0.0809767975414,-0.163445121882,-0.96225773567,-0.811666088349,1.0219143984,0.786334162811,0.660384383048,0.682273964246,-0.690946320577,0.543122206246,0.166323625581,-0.478500706466,-1.34995591855,-0.587664575566,-0.602088647271,0.734299251256,-1.39583992709,-1.85525254614,-0.684657176777,-1.38261527744,2.5193860972,-1.89499550142,3.06198127838,-0.534252010798,2.47310517624,0.0751564226557,2.36730026604,2.30726814827,0.17854281172,-2.01086759921,3.14157650812,-1.7749568114,-0.950586397183,1.66290337407,0.803194929087,2.05309702167,1.54852438189,0.859845611341,1.20481482441,1.02868529269,0.141381862687,-0.900669975289,2.92588492112,1.47383156174,-2.3844751755,-1.52414318786,0.573191873651,1.16832386729,-0.276679591399,1.82179953615,1.55612284213,1.06852497751,-0.600360277639,-2.0243843426,-2.24518495351,2.06483645313,-1.9079663584,0.208743348337,0.673964516117,-0.57217763505,0.878178383662,0.610330103952,-0.352959107151,2.15471135198,1.08928327407,-1.13906217434,-0.237328106882,0.0529612560442,-0.510532137852,-0.798775788538,-0.0404752321675,-0.447304445972,1.07172448597,-0.33846353469,-0.307235271829,0.303390325187
196,0.0297731447963,0.153725501766,0.0419096593154,0.00641818601781,0.136629774097,0.0434693621865,0.0529796693775,-0.112885490002,-0.056445363162,-0.252645901701,-0.0771734382672,-0.102875198383,-0.133544418532,-0.18813606606,0.158466554734,-0.202092215415,-0.165946293485,0.00309434880785,-0.0626647386892,-0.0238259233088,0.160943783084,-0.103614536843,0.513849014618,0.8023792923,0.687258396852,-0.415231317109,0.133531207189,0.319008616588,-0.0989181343554,-0.135117696718,0.331864151991,0.116966707875,-0.0584021484213,0.268660841101,0.297300366749,0.237985961082,0.0873465201196,-0.0322230352845,0.194557484182,0.429565688629,0.337703322082,-0.758783932565,-0.361595345472,0.178981754232,0.148271186146,-0.0627346312832,-0.959902310421,-0.609193710322,1.11747286077,0.654399449294,0.612882894494,0.669524317663,-0.711582356725,0.447391725288,0.160820374707,-0.522957751807,-1.23175654358,-0.614689495523,-0.632918740513,0.764404898885,2.21066985404,-0.281971038871,1.45887901774,-0.0250639347834,-2.53997317316,2.26630587438,-2.16665526903,3.37338409836,2.73279936998,-0.504547239857,2.91041063515,2.17432843898,1.70902854838,-4.13477481458,0.962844553295,0.460514025281,-1.60222791415,1.84679500919,0.266506178542,2.75604173868,0.797219857247,0.72581123141,1.38934788052,-0.673998769752,-0.571700723545,-0.691256327426,0.65898014896,-0.289939028333,-1.53022744398,-2.17458133528,-0.825916061946,1.8449840832,-0.590758408908,0.734375384406,0.713459683271,0.662246536509,-1.14167401119,-2.50829793724,-3.58602403465,1.34887812683,-1.64064867848,0.892928202604,0.835636687258,-1.3225427916,0.474780041124,1.39036335554,0.407353481195,1.8548474456,0.78397107405,-1.47397779107,-0.700522729383,-0.310030690149,0.0954954106439,-1.11060106891,-0.0730594609511,-0.43818747335,1.28840508876,-0.203155392704,-0.309335314005,0.298712673567
197,-0.0357217705708,-0.0946933627782,0.0830061187864,0.0970983870963,-0.0742374933304,0.12093234885,-0.0552890964854,0.210715918654,0.0844658765591,-0.0591528255844,0.0867676959334,0.106011456017,-0.0270144678143,-0.468352182913,0.189375515787,-0.0557923154062,-0.241385219342,0.0898862603947,0.0145012321679,0.17482063369,0.134949639578,-0.0692444721258,0.600413171025,0.67742293964,0.610692980055,-0.437911947355,0.0568706219783,0.176290669537,-0.155846665022,-0.322308726428,0.226089642541,0.304483412354,-0.145046405181,0.274086396537,0.314406768136,0.286802106972,-0.0590986941214,-0.269704879169,-0.191609867955,0.524773069466,0.203646605307,-0.631994549805,-0.276669118254,0.0181063367997,0.17984119048,0.109257991796,-0.881757098274,-0.447139339897,1.17174494842,0.497033791429,0.523173912341,0.62022382008,-0.67303578303,0.322440567702,0.150955238759,-0.565388020674,-1.09312015918,-0.628570748155,-0.663939137783,0.794040053234,-0.391355393658,0.837254920101,-2.59192271101,0.531685874072,0.402218597669,-2.21088470751,1.5896593735,1.65577976711,0.602975614612,4.21352190511,0.496035687971,1.7916536026,0.0528233552366,-0.65301651133,0.0987696270237,2.09929546771,0.482512868959,-0.279189170072,1.38921622916,0.982667126183,-1.40733559656,-0.16285406101,0.128339566979,-1.66478920984,-0.934880163528,0.263459465481,-2.0616887384,-2.42384849963,0.453777443097,-1.35792728433,-1.07400231726,1.76823931881,-1.1508672612,-0.607546320998,-0.369383679957,0.329403405927,-1.78428112902,-2.09239912049,-3.95374995148,0.570794921863,-0.999603912301,1.63806737126,0.836537720933,-1.84713675629,0.187226768847,2.01025704356,1.13864564151,1.36257492217,0.270838285568,-1.64481264509,-1.07726678265,-0.674283961233,0.665947659133,-1.37935806204,-0.128282633404,-0.406599540024,1.47974973368,-0.0760915466877,-0.310939475551,0.293983003521
198,-0.0249690019098,0.0814059305168,-0.0742173448357,-0.0561607668122,0.103400191772,-0.129571757086,0.226252447566,0.177147608973,0.20437463062,0.376832041542,0.1548058379,0.183092098396,-0.0972314157487,-0.290706180746,0.227816577653,0.148455231406,-0.0530984687328,-0.0120656175127,0.182642590708,0.183817800666,-0.0982289662592,-0.151702677851,0.51965175934,0.498276364186,0.499869124296,-0.377086523248,-0.216995655637,-0.102076802292,-0.0248059024576,-0.381941108391,0.153873320533,0.447528637778,-0.282008529434,0.16284272562,0.232279803788,0.307211550736,-0.263818285059,-0.425101041221,-0.559334697841,0.550771786311,0.141213342095,-0.435498703687,-0.198954295492,-0.179584831086,0.193448697526,0.329457561175,-0.737791265632,-0.339530804568,1.1666435497,0.331112976908,0.400970029041,0.535398693331,-0.58095806884,0.173669148327,0.134324909675,-0.603512445078,-0.936782146749,-0.630278137243,-0.695070448041,0.823200253361,-1.34566890209,-1.84855009109,1.81728632371,-2.42707021823,0.488553539198,0.0845090259649,1.77948481396,-1.21647875894,2.07237261569,3.26703340646,1.5328188119,-0.492854502466,-0.911236257957,3.61299513344,0.589513944279,1.78871947773,3.01924353195,-1.23684342103,1.5955337442,-0.49394108309,-2.97424976518,-1.48703975523,-1.69671328981,-1.81788473505,-1.29555880993,0.809407884403,-2.9857492699,-2.70299048484,1.95738569419,0.185789167607,-0.244193769784,1.01467410663,-1.51475268389,-1.4868639414,-1.19151322982,0.0964752436475,-2.2547736235,-0.918709767554,-3.22828258684,-0.00119988646263,-0.255162434472,2.25340168817,0.698683524553,-2.04842673601,0.129201206405,2.33637079363,1.70241454181,0.784946805726,-0.391433227773,-1.64609736286,-1.34819079088,-1.01659951326,1.15961826919,-1.58378859658,-0.208603348709,-0.352092378421,1.64185238615,0.0398727010005,-0.31145979601,0.28921586877
199,-0.0465109169841,-0.00230673511288,0.0230002754671,-0.0317759621017,-0.111629854412,0.202982138882,0.131672527355,0.18502160002,0.428859835365,0.499606291474,0.387486262225,0.0573800598006,-0.0975938447398,0.06201060257,0.246109075275,0.29575034214,0.267097641768,-0.0398988396972,0.259577190751,0.154929211687,-0.391130488765,-0.345924152806,0.299616933464,0.321727251371,0.351432744963,-0.306310486033,-0.453999771278,-0.275573338305,0.180794149713,-0.301044040386,0.186421405947,0.501873450678,-0.427247844934,0.00892791398065,0.0972214991365,0.309777540098,-0.493925416753,-0.442610658206,-0.808595668119,0.535510580307,0.147330152903,-0.192010263644,-0.139632161559,-0.379938628218,0.214833087382,0.564168985113,-0.550523258087,-0.289196473625,1.09120386894,0.172931647349,0.257321994144,0.418410108869,-0.444871779686,0.00839229245018,0.108385819283,-0.635065550441,-0.765828186417,-0.621050328615,-0.726177182727,0.851882393559,2.02559701745,2.68164917031,-1.48905217583,2.33955625427,-2.11260387069,3.62246819929,-2.21684831974,1.56704656936,1.76214813944,-0.404739752247,2.35632965368,-1.27759892797,1.18972311717,2.52483007959,-0.53869884753,1.20133024755,2.86936699428,1.11237799756,-0.243796491024,0.254595431307,-2.56544228094,-2.19232124394,-2.39996746467,-1.72595868949,-1.64814751379,0.491551627387,-1.40494107334,-0.406100020214,1.8702933005,1.2713573943,0.85919374686,0.0948641409639,-1.26869646458,-1.41826327943,-1.3917700012,-0.026166124222,-2.24494205947,0.575943309391,-1.65195359366,-0.250014161982,0.333952940823,2.55003413951,0.480265857904,-1.90308520532,0.342882949064,2.29418547082,1.99045690112,0.235460566356,-1.12099000278,-1.49445230334,-1.5058947567,-1.31379018912,1.54075857525,-1.70712564321,-0.314306364295,-0.27539473433,1.77162624365,0.142225245774,-0.31036491519,0.284423615812
200,-0.0213871263169,-0.0059356483897,0.0326147856543,0.031681575438,0.117058978532,0.134246921239,0.138156962943,0.369645287107,0.479897593684,0.43599732824,0.458119391975,0.0814431869371,0.112874599829,0.138414119153,0.114300516742,0.382667053232,0.458089901692,0.218276310863,0.164887118069,0.260217295741,-0.572368797964,-0.537799667575,0.104494293296,0.147348045695,0.181286883169,-0.284774226558,-0.463899081363,-0.148791056528,0.306263946416,-0.167310169371,0.305399744042,0.47878216387,-0.512727706685,-0.0897694662094,-0.023823532391,0.305753762907,-0.689765074425,-0.317847643787,-0.878295188613,0.50973278668,0.197086947538,0.059598574059,-0.103204647883,-0.550341951243,0.269791171726,0.776007687624,-0.350838875023,-0.288135314746,0.943285156258,0.0361821577201,0.103448441242,0.274856443457,-0.277491616108,-0.164682743892,0.0706872224326,-0.657914611915,-0.583608882469,-0.60235775592,-0.757074170842,0.880084443572,-1.74602336223,-2.87805817292,1.83754436896,-0.642216472112,5.12013859622,-3.8391998704,2.55105956385,1.42328296866,-0.671768595106,-0.418056632684,-1.25855499684,2.10908552814,2.57067234809,-0.744395952199,-1.78236305868,0.397873595666,0.913004453096,3.66987694773,-1.16767189616,1.74103243476,-1.01161994486,-1.37843252091,-1.23029427087,-1.77431268632,-1.67668681418,0.00412415523194,1.16735711797,2.88672797344,0.533638766642,1.20119087761,1.37356124411,-0.470253991403,-0.348694300515,-0.43715739484,-0.936306867918,-0.0365205761437,-1.55179847908,1.83621859054,0.264579912237,-0.23425961184,0.600045832629,2.40305611674,0.252276024177,-1.46397590233,0.787014888572,1.88599786231,1.94644391574,-0.185941182036,-1.82546561837,-1.2243964049,-1.5541753801,-1.54463261794,1.78166623374,-1.73848661645,-0.443218236885,-0.178430023237,1.86686781485,0.228850879299,-0.307194825685,0.279615226491
