order,R0,R1,R2,R3,R4,R5,R6,R7,R8,R9,R10,R11,R12,R13,R14,R15,R16,R17,R18,R19,R20,R21,R22,R23,R24,R25,R26,R27,R28,R29,R30,R31,R32,R33,R34,R35,R36,R37,R38,R39,R40,R41,R42,R43,R44,R45,R46,R47,R48,R49,R50,R51,R52,R53,R54,R55,R56,R57,R58,R59,V0,V1,V2,V3,V4,V5,V6,V7,V8,V9,V10,V11,V12,V13,V14,V15,V16,V17,V18,V19,V20,V21,V22,V23,V24,V25,V26,V27,V28,V29,V30,V31,V32,V33,V34,V35,V36,V37,V38,V39,V40,V41,V42,V43,V44,V45,V46,V47,V48,V49,V50,V51,V52,V53,V54,V55,V56,V57,V58,V59
0,0.246737749595,-0.256446763216,-0.830943854359,-0.533225149986,-0.51635316836,-0.515200695368,-0.149608209949,-0.207246347939,-0.446645191591,-0.383669542899,-0.010102461911,-0.106412438405,0.0244046754992,-0.351634855203,0.248135915299,0.500474763208,0.768950854566,0.117555512808,0.530063833912,0.457406864144,-0.484955352285,-1.07426557437,0.833601072063,0.747086931283,0.390325378308,-0.0303092022531,0.502319414982,0.0536378502677,-0.079978057662,0.183302107859,0.0422618562813,0.3477499554,-0.217368330486,0.0458161816818,-0.0534671461147,-1.05012377282,0.341590616845,0.434784879264,0.0121765690251,0.597693822866,0.652877281814,-0.335310469658,-0.228884890768,-0.137428686327,-0.589058424066,0.241204647296,0.167653927706,0.158884085408,0.632148938176,0.286351970003,0.874961779904,0.866728490968,0.786249479621,-0.400327792361,-0.329710536372,0.486723541525,0.0782940932192,-0.448506212292,-0.944666905581,-0.395589203095,2.09726309163,2.2961639569,-0.0811095069711,-2.29058031624,-0.446178997439,-0.657200221433,2.91994341436,-2.42036641082,3.596443876,-0.780305098728,-0.866663296378,3.13494509829,-0.767574275656,-3.40033170935,0.488611800787,-2.45113231799,0.60353446502,1.71146241454,-3.40419905127,0.843149582633,-0.136891097597,-1.89510717359,-1.81296239701,1.51147982137,-2.43774974264,-1.87616058334,-1.57618726409,-0.609905816652,-2.286888336,-1.85382089271,2.46198034865,1.19631708927,1.1025345061,0.0788970683121,1.88693963233,0.40843779332,0.965910261442,0.79614656614,0.443974176826,-2.60158163602,-0.29991215284,-1.21229065306,0.00115028817226,-0.800535712932,0.542437021704,-0.277818449132,1.42032837636,0.616159914217,-0.666013786873,3.02921028007,0.169409235969,-1.48521589675,0.872309964572,0.459180502708,0.609869735355,-0.177126565328,-0.307352197394,-0.58359394598,-0.116484792904,-0.513039777061
1,0.396991604085,-0.51870531141,-0.242191383118,-0.731594782985,-0.622562236802,-0.345333142652,-0.253178116344,-0.358905382612,-0.1013842291,-0.274221471846,-0.220255632178,0.163489803085,-0.193388284864,-0.486108717884,0.39566024626,0.306747094616,0.583030302222,0.487703636759,0.159766705726,0.527754862332,-0.619260343663,-1.07410889046,0.717051887511,0.816696005873,0.191264669343,-0.177742869402,0.206480962177,-0.0913935244791,-0.282003190628,-0.0248793734616,0.288035911267,0.421227511865,-0.114654824381,0.061694681553,0.0524991322928,-0.884859955641,0.488692317529,0.480532827212,-0.002046777051,0.314874626807,0.603531344121,-0.462625137865,-0.232459649949,-0.194427392116,-0.483712972407,0.175440309249,0.296110551651,0.203606644937,0.543298042662,0.57174159323,0.869054107557,0.719063706354,0.860901023353,-0.34113519836,-0.26402642248,0.461579373842,0.0510898939523,-0.506508967748,-0.953790718448,-0.445393826815,2.32746010724,0.535807024463,2.15090401598,2.68243953361,-1.28707937851,2.4514065053,-4.36359619781,0.559219404303,1.80363705928,2.87282373649,-2.0181715273,0.788392902469,-2.76191077126,0.569630792574,2.05976262632,-1.03689658006,-3.7906202511,4.48863409503,-2.96806539787,0.242100880337,-2.40650146046,1.88001544872,-0.323455984721,-0.393464835872,-1.19901931957,-0.959965748644,-4.05909460524,-2.1086073618,-1.56202209677,-2.15676366628,2.37918310329,0.276181171386,0.857784040635,0.167897305445,0.213579776714,2.80567881039,1.87778683393,0.135273176229,-0.678513085963,-2.9580251732,-0.699563981962,-1.28803155989,-0.0976678612908,-0.338171426794,1.54031761334,-1.02511784591,1.13558059083,0.288879027545,-1.08260883449,2.63731709683,-0.31092381809,-1.45156995239,0.610755670387,0.725409273142,0.701575958393,-0.323740310682,-0.235677579298,-0.575077182791,-0.066147107873,-0.482822897052
2,0.370666793871,-0.256094916203,-0.549106046782,-0.221658213486,-0.434330631127,-0.43272627083,-0.576733955731,-0.214830344068,-0.113383023019,0.0203661823478,-0.205973267013,-0.0998448693051,-0.370619695718,-0.363651191043,0.544374416016,0.306216363189,0.202517362546,0.755169318011,0.102116145765,0.489480985741,-0.878407383318,-0.773567329507,0.749760470861,0.660497010446,0.18168025141,-0.229116395787,-0.224868699533,-0.308613395768,-0.367298742565,-0.220502517538,0.501844223431,0.410135761476,-0.0591268790584,0.0712299884244,0.000193681220261,-0.524136173381,0.68762728112,0.471384432757,-0.107968328071,0.0272629450964,0.511523055365,-0.583291125351,-0.252420616078,-0.207260365877,-0.28926954044,0.0414130429502,0.393108041784,0.219286832229,0.421746773017,0.806202617791,0.808967535909,0.579280970923,0.906744219752,-0.255341706145,-0.189843184945,0.422467393726,0.0313225049162,-0.563252120684,-0.957933224151,-0.492110824581,-5.40369965062,-2.50199280227,-0.152696684582,2.25212382441,5.58507917459,-4.05805269213,-0.34955594114,0.835769998333,-1.08423480783,1.94392266154,2.35950237238,-5.50653101658,-0.511231718303,1.15071516854,0.41531021941,0.795211353706,-2.79742180544,-0.059494140558,2.12587491207,-0.792837229616,-2.14203274777,3.50229833354,0.633044878452,-2.52608076971,0.953349981024,-0.228631207575,-4.07041811915,-1.87220758279,-0.0883591769014,-1.6484887402,1.81106954276,-0.433157883998,0.218636426727,0.0153335505028,-1.13906879801,4.16491052677,1.91851219063,-0.24752949657,-1.34146869236,-2.6856855659,-1.14089149133,-1.07693251099,-0.315238722626,0.0588697549015,2.29155116336,-1.61651817266,0.800982248681,0.0397946014161,-1.3165462684,2.01796588608,-0.904954633966,-1.33223621166,0.299652462001,0.98872563209,0.779864415626,-0.455611228555,-0.159084403599,-0.558478249065,-0.0169150840172,-0.451317174061
3,0.109839783239,-0.228756096674,-0.161657280835,-0.315016220201,-0.100557574647,-0.586689002049,-0.400930007834,-0.303226356544,-0.163240087249,0.0258856313199,0.0343554669874,-0.607340796343,-0.37300902714,-0.331797690719,0.452241281375,0.392546231424,0.137721609416,0.464423330546,0.505499499106,0.452074187031,-0.933752928376,-0.497888226469,0.757975545805,0.384820750214,0.337958086117,-0.265977690852,-0.518478689563,-0.398373758412,-0.300335309581,-0.341891007938,0.63373508154,0.351174150728,-0.0711498682196,0.0692877518605,-0.142468240775,-0.107305152663,0.834566566001,0.446565578863,-0.249129178013,-0.202088453515,0.377072365895,-0.668892886815,-0.296701232097,-0.189130679534,-0.0392168674506,-0.138024648448,0.456549691883,0.214780676444,0.28632902009,0.969633518877,0.686361818604,0.454413823658,0.919940066665,-0.143994520985,-0.108490540681,0.371114540525,0.01934392693,-0.617952473914,-0.957221234734,-0.535620291319,2.94620872982,8.16764551274,2.91836520455,0.0120753538832,-2.20750267218,3.50952953007,2.27878056285,-1.86487588977,0.087737210729,-1.50715378694,0.844724684311,-2.72558114994,-0.239459499343,-0.472587345484,-1.98190959564,0.574503470158,1.43649286773,-4.91387552034,4.95133565725,0.490115720816,1.34955633934,1.58110436756,-0.839543723826,-2.55731246543,1.85446241212,-0.705469736212,-1.49089438314,0.32676928689,1.38033514455,-0.761629225022,0.755285977863,-0.655256359316,-0.431167555771,-0.00851277934552,-1.52631368353,3.88841652627,0.844877856012,-0.175774059001,-1.37722679919,-1.8146644368,-1.52974667408,-0.594166875664,-0.568150710703,0.263439668243,2.63129067631,-1.91483340842,0.47323607619,-0.11341551273,-1.36117566274,1.22830022316,-1.54966858678,-1.15914941462,-0.0381225349669,1.23390349693,0.845053466893,-0.567778613894,-0.0803599333285,-0.534317909321,0.0308931772374,-0.418702217724
4,-0.00656584372199,0.054623935446,0.0633362634653,-0.0865187161132,-0.494556901879,-0.0376424621497,-0.236900609554,-0.369884749464,-0.19741975842,-0.173244204058,-0.192748180152,-0.49333589021,-0.478877680702,-0.405166424221,0.2507511746,0.384816807861,0.367640038611,0.0384419051856,0.868240564725,0.625013958331,-0.63313988732,-0.469746625752,0.553699070021,0.216443518566,0.493408995009,-0.38845400493,-0.505513142555,-0.224281802287,-0.104679732927,-0.377391490875,0.643523209488,0.29548585127,-0.136078152877,0.0802100330867,-0.2693964649,0.20388790108,0.830116317471,0.446695322278,-0.36538490766,-0.32287689971,0.211283976132,-0.695408926845,-0.363967340002,-0.163503617879,0.220547839674,-0.329171882893,0.489485265631,0.199825165772,0.155166502048,1.04880387051,0.499798603169,0.3480081927,0.899066858246,-0.0096771822916,-0.0212467745119,0.309713838341,0.0152320659481,-0.669884599763,-0.951811329085,-0.575820272496,-6.68378286625,-4.96098704375,2.38180810255,2.01153683103,-0.267761274081,3.36725656165,1.58660237217,1.13326566052,-1.16918960252,-2.21673060833,-4.79902135597,4.14717558367,-1.5139916238,-0.703755398641,-1.49787582605,-0.696446944385,2.27646002863,-2.26277981567,1.43719552058,2.76454279799,4.10094867786,-0.701261007565,-3.10550208826,-0.644863339131,1.0488856715,-1.69408648376,1.5937910902,3.07649366237,2.45836454562,-0.00415094381367,-0.573297487217,-0.395708923314,-0.811129782966,0.276705541196,-0.864414577542,2.1463249244,-1.00749482518,0.201542846709,-0.879061698921,-0.564037239798,-1.74772137951,0.0885041253104,-0.75902066629,0.202727236512,2.48142505873,-1.84432908831,0.196657077963,-0.170454275059,-1.23689588337,0.347290558734,-2.17136292532,-0.969357063656,-0.377490322255,1.44562727921,0.897817192576,-0.655903424649,-0.00218223379428,-0.503226606863,0.0770004007872,-0.385157252398
5,-0.15288246114,0.178434905178,-0.0494906101735,-0.0444974438169,0.115802898785,-0.138055973455,-0.045165553216,-0.133741503968,-0.354203332339,-0.442257718699,-0.621693774808,-0.14809351685,-0.52681496181,-0.43988393045,0.217523043703,0.291270631129,0.46126724277,0.148674029851,0.752897765057,0.888165187844,-0.272536180544,-0.530122803579,0.211637218581,0.246616384564,0.534893209568,-0.56730219454,-0.272409304756,0.170365511267,0.176831291643,-0.357716763268,0.524772352783,0.278460001413,-0.22262480653,0.13078917445,-0.296929804614,0.301302853948,0.633092185872,0.484261623944,-0.416820147759,-0.313565599968,0.0367686089393,-0.648436265432,-0.443598459323,-0.157351012537,0.441592901922,-0.494583374498,0.498378299324,0.183440095247,0.0431748667266,1.03909851485,0.255392211437,0.259850221979,0.845220819325,0.14353743033,0.0706857474015,0.240855996781,0.0188064823257,-0.718390547202,-0.941885794335,-0.612626674035,3.98145163398,5.68409374293,-2.39203307843,0.293436410419,8.07583882332,-2.24918681253,1.51330372217,2.66786354562,-1.33612709443,-3.26706542883,-2.27093776267,0.960948718465,1.15775406277,0.0660032880581,0.845532448306,-0.912625888411,-0.581339000655,4.24836151524,-3.22293663544,1.69705950578,2.32141483462,0.0716478332662,-3.23167838205,1.02039742644,-0.14871001174,-1.59871723472,2.56387025574,4.47094125787,3.09995345111,0.31266661065,-1.72869973675,0.0531724901946,-0.874960594673,0.739533772948,0.339934125717,-0.206454664503,-2.85649838332,0.500148861709,-0.138977638663,0.726255068277,-1.69041364808,0.852903813387,-0.803933139296,-0.118175951686,1.87077495677,-1.40721838878,-0.00584067610375,-0.14530750079,-0.986339619708,-0.533458918856,-2.69419297909,-0.80017536503,-0.693578791008,1.6096120298,0.938962230385,-0.71638941135,0.0729749124301,-0.465919218796,0.121169539647,-0.350860100936
6,-0.0364917835857,-0.102118023448,0.195094787495,0.221555123385,0.273019384698,0.0954741841541,-0.0181527442835,-0.0252054053857,-0.390148123302,-0.727006929154,-0.587337960813,-0.384152396577,-0.281257446842,-0.385325429842,0.365225534194,0.245021776594,0.325979890396,0.686356400706,0.414740175268,0.837083547692,-0.252859508315,-0.38872048557,-0.00505247498301,0.359497482114,0.49264693311,-0.651982019405,-0.0945362183271,0.596035170824,0.499283509756,-0.331425650149,0.3204989575,0.299322727899,-0.304910547072,0.22299258426,-0.209982120512,0.179626582049,0.287808176925,0.530761254622,-0.396671670785,-0.188002103474,-0.115949365501,-0.526963975567,-0.518257934602,-0.192997016714,0.583638758745,-0.600974494858,0.490759177905,0.172712959057,-0.0397878839816,0.945236958805,-0.0334321353625,0.186187127324,0.761874912241,0.310244849068,0.166182720998,0.167449967738,0.0296531479793,-0.762887031448,-0.927648660385,-0.645973075064,0.00210440874069,-5.42752558504,3.6933878333,4.71730551452,-4.25368710897,6.09499357807,-0.195219591681,-1.00568025283,0.439724314113,-1.39387332233,1.95543824813,-4.54510374047,2.80135104187,1.03802232087,1.64768472453,0.108891731194,-1.37633056806,5.06863998668,-2.51191567982,-2.93911522004,-1.81821188039,2.72064570472,-0.845913830645,0.940521418952,-0.535191441204,0.108594395919,0.576090749799,3.71314574305,3.25348817397,0.13891399537,-2.21015088119,0.304435423911,-0.754039946241,1.05074188113,1.29339090509,-2.05894403594,-3.84831770573,0.328186242427,0.500324054346,1.70900377712,-1.31062387105,1.55314267516,-0.655667465596,-0.612660413008,0.930710629141,-0.682877347494,-0.135792897841,-0.0618449294969,-0.666532047437,-1.32078959536,-3.04929624312,-0.684273151872,-0.964106914732,1.71368219428,0.969208151103,-0.746482782068,0.142926599313,-0.42317010782,0.163202530288,-0.315986257276
7,0.16699108271,0.18385880818,0.141861936032,0.365161670438,0.144579763778,0.403485366995,0.109770001894,-0.243326771583,-0.363840765365,-0.580506259981,-0.485858348775,-0.712462123164,-0.18162213731,-0.25457870165,0.45756028721,0.317624187473,0.321724364991,0.929871262423,0.365149474367,0.37544540411,-0.509667255963,-0.0682156348944,0.040778576532,0.39762784703,0.447799373472,-0.537624547065,-0.199680685275,0.870681287072,0.804324016771,-0.341553224544,0.115156388019,0.325304893236,-0.372054788485,0.32650052224,-0.067852787542,-0.0659099480278,-0.0907374681483,0.528610864488,-0.328096934701,0.00979155420963,-0.21584406002,-0.344902319429,-0.568330173557,-0.280706820376,0.623568564432,-0.626174980749,0.472899636517,0.172049522296,-0.0898904932505,0.780850029259,-0.347075131808,0.120418173302,0.654511198706,0.483968596065,0.264179260036,0.0926346220942,0.0471570256478,-0.802870181521,-0.909321886316,-0.675810452334,-0.947374102925,3.37438658204,-0.994084613978,-4.02105794879,4.17152213608,-1.82108277622,2.4397616201,-2.02074960299,-0.22094908928,4.03857354703,-0.534674034266,-0.725027484406,-1.39163450935,1.2714749284,-0.0946861446886,1.2858855551,1.61288113099,-0.697405813496,1.43682522003,-5.39425895941,-2.34232975552,3.02445826189,1.50973653537,-0.219600175059,-0.351870419618,2.03060624998,-2.64772053051,1.7144699999,2.71425943548,-0.379711646459,-1.73353814916,0.146637275357,-0.586918720038,0.93859405624,1.37773306834,-2.5986687359,-3.48700534659,-0.46950471469,0.806731814883,2.14466334582,-0.648575507746,2.04146223579,-0.317068981028,-1.13093276472,-0.133414696538,0.190020776653,-0.215763530059,0.0509535916868,-0.339320744813,-1.93150998209,-3.18338228718,-0.645283360927,-1.17148833998,1.74871427946,0.988995116771,-0.744350124722,0.205848238573,-0.375789371709,0.202938519016,-0.280708047431
8,-0.34240253463,0.0256735527584,0.145803252733,0.00867775036041,0.463205148575,0.121830578658,0.15933137325,-0.208501107542,-0.361619853099,-0.184079653687,-0.576019034428,-0.531914566306,-0.483569455104,-0.21692082218,0.350862660642,0.478908931864,0.602900140345,0.618231504826,0.568521469013,-0.0320121856326,-0.544631217718,0.0917881953903,0.222021405496,0.332899531987,0.407711446323,-0.307317931547,-0.571596773075,0.954715532247,1.01558914219,-0.410252841836,0.00212126166913,0.318858282358,-0.421341365581,0.396129706134,0.0329586167916,-0.291485901017,-0.367971358155,0.422615927714,-0.247472720362,0.220478559656,-0.240521427951,-0.129787910749,-0.577065635082,-0.414075994751,0.560610153682,-0.563599688066,0.448112081931,0.182889510231,-0.109315551104,0.566946076375,-0.661687088145,0.0541749041446,0.53006652232,0.657503687044,0.363634269541,0.0196837215827,0.0705410408081,-0.83791800627,-0.887141745771,-0.702106825098,-2.33246757428,1.55710822877,-2.47800473593,1.34613403895,-2.37334252496,-0.910902604474,-2.44514461634,2.69020535222,1.1106542936,2.27785867218,0.0304805234274,3.18925996765,-3.49442492973,-0.889850007783,-1.66019331795,1.76861446395,3.3120594714,-4.49642661971,1.65320784938,-1.89982237774,2.13124054455,-0.197004622247,1.73182480502,-0.905047740523,-0.570024067314,2.16723212471,-4.35005240221,0.159327343088,1.39672666874,-0.983500199888,-0.420701128747,-0.295199908753,-0.386995763298,0.399384451402,0.504441752608,-1.70533495343,-1.89741865348,-1.6838631241,0.755619279791,1.97304836705,0.165688746795,2.19818688982,0.158402564186,-1.49662727101,-1.08880031486,1.04431955472,-0.280583912963,0.163430371671,-0.0615559156043,-2.30283291251,-3.06571134142,-0.694489724873,-1.30442741551,1.7093602521,0.998339705444,-0.709134591779,0.260331644937,-0.324601085733,0.240251675281,-0.245193877115
9,-0.109655716164,0.294279526294,0.128397265403,0.273755791365,-0.104995473332,0.124253900396,-0.138838573872,0.059074497733,-0.0675960291998,-0.217851520019,-0.341769366181,-0.31539719475,-0.659047758905,-0.434210559056,0.250114572299,0.629659310811,0.822100414691,0.26204547336,0.546501275815,0.0441666469337,-0.119008351799,-0.0952426443808,0.337037581297,0.250232736124,0.31544473608,-0.181773164775,-0.970735453762,0.949284062816,1.07051272749,-0.531169415094,0.0421568904878,0.269827785765,-0.445162802315,0.401421343088,0.0170120761895,-0.378857014795,-0.452389736657,0.194808221541,-0.183299431967,0.388084475419,-0.18394704144,0.0815030861896,-0.535133925404,-0.569652694116,0.416398737284,-0.423278513142,0.416093850676,0.203829382791,-0.105312963629,0.329447093544,-0.951670182636,-0.0213395498001,0.396251417557,0.82331876932,0.463483500549,-0.0480936426815,0.0989098212503,-0.867690812577,-0.861355447043,-0.724846828973,1.8671827935,-3.6997370826,6.07783864381,-0.778406144625,-3.93781993124,-1.82783698486,-1.27861285398,1.35300620463,4.10497366877,-1.85613349806,4.15985203406,0.610761219658,0.489306560374,-3.01629921859,0.316474829445,1.03631932097,0.445202005293,-1.77323891767,-2.31272705013,2.95248724374,5.55128654525,-3.05259543482,0.49635353002,-0.630733980508,-1.29000285361,0.0594425527958,-3.17695953624,-0.0498521090723,-0.298460314445,-1.37738802846,1.22068302543,-0.630079943086,-0.0597379855833,-0.284863888682,-0.83917157806,0.0181482268549,0.218541682085,-2.80671373191,0.51767334394,1.31600887604,0.942536816545,1.96056587885,0.678770796405,-1.55309891658,-1.72901015477,1.72102749095,-0.365703145,0.248912384748,0.123535837787,-2.40032762631,-2.69255709463,-0.829016833944,-1.35883573068,1.59448827841,0.996754873346,-0.640990377653,0.305424064271,-0.270424202144,0.275048701811,-0.209607563167
10,-0.0140703727219,0.0545818915333,0.310765120418,0.0170482513752,-0.0305256112398,-0.293973146125,-0.0245229238609,0.0440107445912,0.187276229786,-0.210131809604,0.000173067704633,-0.329897239293,-0.456110037624,-0.683626917746,0.482430165733,0.661768834633,0.664086401578,0.295550774809,0.192031464035,0.361901028645,0.334337500263,-0.375518502306,0.337560628879,0.213473034594,0.170091730168,-0.313359926702,-1.14725461815,0.971175236724,0.971356440704,-0.671434859261,0.234764989398,0.209742234088,-0.427081275142,0.347251230341,-0.124403217239,-0.293181683467,-0.338449661622,-0.116322452782,-0.141591581654,0.475518261463,-0.0598110551819,0.249585972315,-0.443452774122,-0.711199233356,0.229823107075,-0.229280867829,0.373451279915,0.231065409409,-0.0885023224457,0.0961007705304,-1.19247419628,-0.113916761782,0.260815727398,0.973986525175,0.562588233329,-0.107454969216,0.131296435762,-0.891929868379,-0.832218013075,-0.744031226972,1.52907888747,3.94950358969,-7.66689186621,-0.787992159267,2.45317639558,-3.45913696894,1.73510990343,-0.71484964161,-0.0789531685689,3.0896443975,1.52090295934,-0.00397742964216,2.64610113191,-1.35037597036,4.13513079336,-0.369293782943,-3.22159133365,1.90383879118,-3.86336411147,2.23956157837,2.38556649431,-1.83336153524,-0.317718868397,-0.146518085496,-1.40395961132,-2.5638415915,-0.2589631729,0.507032581312,-1.5341664371,-1.35021005932,2.52258062601,-0.468398709827,0.446649447436,-0.731987913185,-1.87417630536,1.58714141762,1.91656357958,-3.26529345464,0.347740412349,0.414776878793,1.48736536703,1.34359779714,1.13520748416,-1.20790207091,-1.92236413579,2.10336721859,-0.495777714552,0.286447447075,0.192573832131,-2.22230368579,-2.08854074831,-1.03177767328,-1.33797226292,1.40730347835,0.98324354452,-0.541095346852,0.340648979614,-0.214056619243,0.307266141858,-0.174107745073
11,-0.137527139664,-0.0682461756733,-0.285059599807,-0.0507503813565,-0.0607552347321,-0.117785164055,-0.0695985392813,0.0194457460924,-0.00486193666572,0.254627874089,-0.0347637987201,-0.213121317317,-0.285804105016,-0.671301596126,0.924430470243,0.593151610198,0.318709309325,0.465488490529,-0.0451280053881,0.338233120094,0.239683902287,-0.380885301998,0.300798922223,0.206478938157,0.0882336063629,-0.632507327378,-1.04585466124,1.03209968934,0.80318316652,-0.787245222676,0.51764796374,0.196467452264,-0.354344010784,0.270795318944,-0.326148226153,-0.0952123407013,-0.10791462953,-0.424053243407,-0.104996552198,0.471752683602,0.101036427233,0.340787342575,-0.313582234209,-0.797820667244,0.0478026280759,-0.014196715371,0.315225068404,0.259064748667,-0.0707095017839,-0.1068395338,-1.36335762024,-0.228994740007,0.130839826453,1.10260970509,0.659687119792,-0.155326419076,0.166710274787,-0.910454646232,-0.799989437181,-0.759676365523,-1.92165184108,-7.55466946715,1.21325335486,-3.12830404137,-2.41099677073,5.71962068595,-1.95352423095,-0.23013407552,-2.12154388078,4.06440794572,-1.08987815629,2.16611890269,0.484709725764,1.24474939338,3.58135707203,-0.715875115812,-2.90293538644,0.628756440596,-0.33418120677,-2.80148874146,-4.1245336281,1.68950673147,-0.370865120201,-0.0569921898754,0.0291459338303,-3.38858262875,1.99645415492,0.532982813109,-1.61273542948,-0.913573478088,2.96740980593,0.288284668347,0.990300813699,-0.717053779897,-1.97705822935,2.16324380764,2.46958264865,-2.71288609494,0.434119184043,-0.467512624546,1.66092294523,0.445967793394,1.42808144153,-0.463873159062,-1.64322846088,2.14045936645,-0.676503673467,0.262642111926,0.145017026446,-1.80001050914,-1.30459891197,-1.27322421888,-1.25179688463,1.15514104294,0.956367913792,-0.411641386572,0.366008091859,-0.156262766269,0.336867571221,-0.138847372277
12,0.345605724595,-0.105613146737,-0.150849426092,-0.363962214238,-0.195727584304,0.179887704843,-0.0740552732175,-0.0962621273108,0.00501737434214,0.272964778795,0.00343306022533,-0.0163472915688,-0.308093565202,-0.549285024534,1.01094000992,0.561871826419,0.186731434458,0.345057468853,0.104359940736,-0.064902003149,-0.31711456316,-0.128877518488,0.252206683484,0.199655765349,0.208220855226,-0.906024517957,-0.820995526446,1.03835305463,0.686213827339,-0.849401827286,0.794872070489,0.277361409925,-0.239017901976,0.21685093316,-0.484227765178,0.0969293104466,0.1113194479,-0.627318690968,-0.0456557631332,0.389294941935,0.258545582074,0.335015952384,-0.165549656947,-0.794148638702,-0.0858619206497,0.187998791673,0.236976726042,0.28137944777,-0.0626818320495,-0.257740532888,-1.44978284652,-0.368568562101,0.0121269224246,1.20321090949,0.753358543118,-0.188902781204,0.20418418442,-0.923159009019,-0.764932122208,-0.771813582815,6.99107304312,3.95376440278,-1.58317926108,-0.365996491139,0.358502045011,-1.93155968765,2.45356467063,-1.57009646475,2.06118205967,-3.67835323493,2.07624093398,1.19975608291,-0.415138785901,0.743645585381,-2.23956664934,0.120689486442,0.375341977688,-2.80349559903,2.61621923646,-4.05239080866,-5.68242627051,2.62713380036,-0.715658745667,-0.0313291676325,2.38171726152,-1.74650772036,2.13944640165,-0.572322354505,-0.599291022347,-0.338253503942,2.4264637156,1.33475691314,1.23346892771,-0.320508272766,-1.03261291318,1.4878139561,1.7206802806,-1.22806948443,0.787020289348,-1.13545265011,1.42346414116,-0.563251367016,1.49126201697,0.571932259166,-0.978391294869,1.85537511236,-0.89180899674,0.172698195537,0.00258357486944,-1.19358956687,-0.412761183124,-1.51472840383,-1.11561539666,0.848954276435,0.914388956036,-0.255801761367,0.381964450786,-0.0977648752607,0.363840747954,-0.103973262538
13,0.208327051921,-0.482580853812,-0.314295765308,-0.126790093609,-0.117288503703,-0.240864810748,0.112913673612,-0.0479733564695,0.126886906341,-0.148150585984,0.200185936893,0.00439022995081,-0.300896768559,-0.517471259413,0.555774172825,0.574664948182,0.335416410658,0.0440659733387,0.295020437178,-0.23895233116,-0.652284496277,0.0136618906902,0.144535463719,0.217904915473,0.531172972598,-0.951126624827,-0.669007719549,0.90405500574,0.690839291765,-0.862674534523,0.980119741492,0.454509113756,-0.12938800631,0.208754748603,-0.512554017222,0.174611376068,0.208390637036,-0.655160587681,0.0553458800129,0.254633874824,0.374313925919,0.231335340362,-0.0235768418236,-0.680135636088,-0.140920213053,0.349023577828,0.136851827871,0.291527088868,-0.0720353671125,-0.342116302193,-1.44515202371,-0.530505777877,-0.0912400189763,1.27105790932,0.841999942712,-0.205742985155,0.242818992064,-0.930006707671,-0.727308604415,-0.780488576315,-4.72748103654,-4.53532623728,-1.66134416935,2.78309868869,0.227605866081,-3.24617614944,-0.758920436811,3.09427624656,-0.857095458825,-2.61834548438,0.488979194797,-0.508940624148,0.599828195978,0.384043136861,-5.8222921325,-0.251258332384,2.02389582387,-2.33811149315,0.44618235792,1.27511013744,-0.280816056669,-0.145747201861,-1.38599581066,0.496157571279,3.75049631835,0.792540574739,0.793516973032,-2.06152681893,0.634173372817,0.0106605294918,1.2106529901,2.1169755545,0.833999652471,0.137711950663,0.504185493436,-0.00436767105707,0.15045105574,0.684188968823,1.22447199298,-1.50789354912,0.846512795307,-1.47672381657,1.30890988917,1.70506221053,-0.106556325829,1.33603290315,-1.10710959433,0.0207141014371,-0.194742439367,-0.484281839523,0.501687768149,-1.71321916601,-0.948174249756,0.502547752315,0.855463603429,-0.0776745425825,0.389407300027,-0.0392379335335,0.388194776712,-0.0696257263216
14,0.286529728994,-0.034818589598,-0.313374642604,-0.22827268163,-0.193643701145,-0.192577951804,-0.183333062504,0.23902319919,-0.0913953818979,-0.102248270503,-0.00961440884752,-0.0689447080114,-0.214753803416,-0.357669167603,0.0727428807651,0.444714892731,0.472392453982,-0.00339857089722,0.162762602955,0.162463469945,-0.38486249536,-0.141613082133,0.0164735818544,0.311895855851,0.876443698109,-0.793007844153,-0.652021515218,0.659702015458,0.785827603109,-0.860954352135,1.03412680475,0.675949286796,-0.0964914806582,0.235358078742,-0.389439486696,0.0979082769539,0.14297519973,-0.500485286329,0.192582536786,0.0968276149027,0.42176468313,0.0496135692721,0.0893137270152,-0.457962458155,-0.107870832878,0.451689485472,0.0170447130977,0.283864590622,-0.101747541859,-0.354229148952,-1.35166506783,-0.708366573826,-0.177132291245,1.30290248023,0.923828996639,-0.203858720457,0.28182364779,-0.931026551358,-0.687379558421,-0.785760735822,1.09406721063,4.47190188716,4.72596896753,-4.44358460543,-1.42926834186,2.82916772944,-2.77881271314,0.125741172752,-1.88002659072,2.5576887977,-4.0195478675,-0.951429143042,0.988637688953,3.11787606058,-3.05096817908,-2.46976250176,0.264707965708,1.48927691441,-2.56853474559,5.78905255918,4.80296212999,-2.46093968433,-0.845572192804,1.39178274511,2.73623489233,2.02429856635,-0.273256973263,-2.56912215721,1.07670463991,-0.0373358072233,-0.0923127006392,2.16910959031,-0.278100083107,0.333443743925,1.86327918146,-1.44269779005,-1.37484621265,2.29987887383,1.46399210997,-1.60882034735,0.0882500741177,-2.09372306549,0.92060592485,2.69361873616,0.744560059348,0.711501726005,-1.27775354794,-0.180762344759,-0.395485087775,0.236104684496,1.34975309835,-1.82654122625,-0.769425359064,0.131627968619,0.777881270275,0.117798835315,0.389599786973,0.0186918632773,0.40995732829,-0.0359382521013
15,-0.086736714224,-0.144486097841,0.0446157976513,-0.318006975743,-0.330520056507,-0.0945412321575,-0.129797848228,-0.17338061547,-0.0620182866139,0.047310143289,-0.340089343657,-0.209196373997,-0.105820441828,0.0538910670463,-0.0410426336194,0.12004053914,0.356701965794,0.257343912007,-0.0315753087245,0.64713431046,0.06641368621,-0.345173861548,0.0407031484568,0.484793250906,1.01537519659,-0.615942263173,-0.677636391295,0.445470932877,0.86803890984,-0.87709956576,0.977882566951,0.861073876839,-0.197031774554,0.263363131269,-0.168581342513,-0.084095497839,-0.0375461904728,-0.226227494682,0.333609510917,-0.0607050779417,0.392400373639,-0.172519579904,0.156545431419,-0.154127588144,-0.000148327056902,0.492443212651,-0.115752596043,0.254376802331,-0.149425438881,-0.297556477432,-1.18018447485,-0.891769760458,-0.245380102425,1.29711876106,0.996909505885,-0.181793636526,0.320549349545,-0.92630758435,-0.645402076343,-0.787702447872,-3.29555424343,1.85039040677,-3.24614463432,4.75306607809,-0.474591315178,-1.70325280006,2.84309119926,-6.31840523879,1.74688857389,-0.619253378201,-1.45802757157,-1.81338216666,1.24208276947,4.35081067118,0.166442372234,-3.56851292575,-2.43113178497,2.95179786686,-0.336381742,2.60852778069,3.02219552766,-1.01300151052,1.54658006133,1.95391023099,-0.109234953694,1.24283246646,-0.022156997239,-1.47194223848,0.41014127796,-0.285234875328,-0.919702558744,1.4202712383,-1.73888358472,0.17798242726,2.37780242482,-2.0036041648,-2.04560928759,2.99782056174,1.27395116445,-1.51667619959,-0.657753721622,-2.26708038817,0.413273085195,3.30284180591,1.35353339346,0.119721462164,-1.36043792516,-0.412005582053,-0.545221497471,0.87709118062,2.04884816114,-1.81890292976,-0.598218557935,-0.247241589918,0.68031742691,0.324940603606,0.38411126414,0.0754455011747,0.42917193911,-0.00303724739705
16,-0.0831152498008,0.14674008123,-0.173471169276,0.0455074858314,-0.109870972777,-0.299382154373,-0.108856049442,-0.435687171795,-0.067289790902,-0.191807405407,-0.279779550752,-0.343756646543,0.0259750175811,0.346047186414,-0.0601673350211,-0.174549171525,0.0584158674041,0.441717609089,0.188513083395,0.562834989534,0.0875702916842,-0.299175609836,0.322442613702,0.675257940133,0.86562534489,-0.568162685463,-0.631503771479,0.394097151863,0.85126872189,-0.910216802011,0.87482545835,0.946149626573,-0.432805080881,0.266342711746,0.0499832553755,-0.261784067079,-0.225413451921,0.0600707320578,0.431209529136,-0.202545046616,0.296376507118,-0.386996305781,0.171817646019,0.184141395889,0.149295694769,0.480579610297,-0.251068975589,0.201293652102,-0.207465535492,-0.184064884051,-0.949110481582,-1.06728054304,-0.297553953513,1.25373618944,1.05920248549,-0.138690549978,0.358516220725,-0.91599456183,-0.601628212514,-0.786398376828,0.30248400468,-3.31090846427,5.48719757124,-0.911187506355,4.17342051128,-0.428238590986,-3.77848287457,2.32930954362,-2.87888056546,-3.17664884878,1.82094969618,-0.179106724678,1.22231302511,0.948021308852,-1.19531764988,-2.0185326684,-3.06851807097,0.304571990219,4.45679717826,-3.99222665732,-2.52875225722,1.6945556896,3.81287670342,1.71546083351,-2.63295775994,-0.231705431291,0.947913113827,0.462012529014,-0.740137764837,-0.304762243416,-1.02325976942,0.264336980475,-2.85650818571,-0.110220292847,1.82700400084,-1.35739990373,-1.51671263617,2.54283323398,0.607135011652,-1.30403083831,-1.22127393077,-1.93985355191,-0.0985546772318,3.36180257932,1.55973675899,-0.325374413883,-1.32462194899,-0.648274540188,-0.595646304704,1.3612209097,2.53226663343,-1.66575688799,-0.450186794471,-0.617688624829,0.562080115634,0.537469451308,0.374736458729,0.130486871577,0.445895400918,0.0289581695727
17,0.0900436194741,-0.0167054664492,0.254009104569,0.0226826757242,0.070523088191,-0.111046439185,-0.523938762271,-0.0967914491361,-0.477534377694,-0.430511406398,-0.168968445393,-0.164862139016,0.100439765384,0.2543074463,-0.291943237906,-0.28477275301,-0.177287584111,0.32403365457,0.666282567335,0.0652941620062,-0.295749126139,-0.127839812297,0.710961659749,0.804329018528,0.565375239908,-0.622861080017,-0.51125492378,0.515568152823,0.737869514355,-0.920494909805,0.791684577078,0.921503843035,-0.734348597566,0.249384035612,0.171231946158,-0.32608618412,-0.309894828127,0.252076895738,0.445054225326,-0.318527664108,0.157707153688,-0.545342464923,0.140556204609,0.497677817697,0.296260539458,0.434476243713,-0.376388213962,0.125447628989,-0.264090425611,-0.0323903350289,-0.682390091331,-1.21973251965,-0.336554431431,1.17437118002,1.10864056275,-0.0743441078576,0.395431362187,-0.900283961438,-0.556303784755,-0.781944727451,3.25795315128,4.73712337768,-3.15853684141,3.58717524667,-1.34050777727,2.48651750271,-1.01491318695,0.982185146955,-3.36751454032,-1.35364636493,-0.0945021184204,3.51175220831,0.193281784951,-2.16745067351,-2.90458080888,-0.459557585131,-1.40500366757,-2.2324193625,3.74938518646,-4.45855896367,-4.04818623484,0.951564770053,3.41934500857,0.779300298416,-2.93035949383,-0.579460418578,1.25335941558,1.74991580366,-1.37367470584,0.185743522182,-0.583567182612,-0.670530271568,-2.97024207991,-0.161133638986,0.520055650637,0.156229937745,-0.0748225242246,1.1930143638,-0.353434534065,-1.00039165682,-1.50095006683,-1.16148476387,-0.499643137574,2.80853887305,1.30377397379,-0.559327806741,-1.16097156035,-0.862822423946,-0.512828406446,1.63399884526,2.75685404501,-1.35751230785,-0.336066094229,-0.96449509085,0.42332580378,0.748658419725,0.363404295807,0.183316445036,0.460195238585,0.0599363326871
18,-0.0937271956278,-0.0179802207801,-0.0333577448497,0.213932263357,-0.0101519892899,-0.0873265021219,-0.119734018273,-0.44447043569,-0.534797145008,-0.476589218625,-0.246823247739,0.178570553275,0.092603924274,0.0748625258057,-0.487865513716,-0.329129253701,-0.218126491505,0.102967297532,0.72157052652,-0.0888730700587,-0.539771279945,-0.225950650093,0.922127701134,0.821158779762,0.355762313171,-0.631956727914,-0.424105751277,0.691698112582,0.611410520146,-0.861236871099,0.760550742913,0.835466594039,-0.985429659007,0.250390437971,0.150027982266,-0.229127876272,-0.235279927388,0.289746378342,0.362200393838,-0.399249777969,0.00620739226004,-0.609071558485,0.0785788835893,0.727604067334,0.396461657347,0.375916799119,-0.479482952015,0.0302968195664,-0.305118822417,0.134831260161,-0.406889522751,-1.33384209436,-0.366063965827,1.06206997119,1.14322154068,0.0107635251373,0.431197402357,-0.879420700497,-0.509667423921,-0.77444849326,-5.19581859647,-5.26976055571,1.56769882164,-3.17541915178,1.14725836289,-1.2792985785,6.24114169631,-5.48316292304,1.58326215309,0.356155768594,-0.731681467205,2.18597908734,-0.0669064058525,-0.740305013573,-0.382619422195,-0.598048659299,0.409806225724,-1.76598758595,-3.06949340973,1.86040149459,-0.417517284516,-3.09773942363,0.607041134141,-0.453427733358,-1.01206507955,0.566126245472,0.315753626972,1.51563459088,-0.994863042688,1.01665771008,-0.0695161458192,-0.91972985868,-1.86429485885,0.263677593475,-0.907135541623,1.71039025431,1.51721143529,-0.421885030646,-1.2633448413,-0.595414666018,-1.48258288268,-0.0786637040143,-0.701675030556,1.71210577541,0.643716995702,-0.579149977707,-0.884647948008,-1.03051752027,-0.283432701431,1.67075183195,2.70793486989,-0.901606244761,-0.260641131261,-1.27439965665,0.265223687226,0.95151612781,0.352079609588,0.23346360919,0.472147264304,0.0897931501491
19,-2.87395395453e-05,0.178146693312,0.0140115995165,-0.191432757554,0.0255790623263,-0.00901995052813,0.01726570966,-0.54907693752,-0.412009492182,-0.360993048522,-0.208546451779,0.141217752727,0.124744067686,0.147550843814,-0.348869679396,-0.381958599598,-0.151804982873,-0.0111709338236,0.148114506109,0.343903076027,-0.432688034375,-0.681310315521,0.850164911887,0.720540905177,0.373815164012,-0.507814154323,-0.461648353337,0.781459695261,0.559514324087,-0.724393318787,0.765321962079,0.760734002835,-1.08029305148,0.314786548764,0.00640659648312,-0.0123923594571,-0.0299430155992,0.182775010231,0.206008112475,-0.433755303168,-0.130878755462,-0.557964807766,0.00825574653646,0.828313435077,0.41689665517,0.324015635764,-0.550777961032,-0.0784263329175,-0.316214469528,0.294124991405,-0.149438345034,-1.39593515955,-0.38992966512,0.921081664453,1.1611151131,0.115446145694,0.465911011735,-0.853695653892,-0.461949864948,-0.764026694493,4.2369492735,5.17993525411,-1.64467773995,-1.18824476447,-2.05453621865,2.95013649574,-4.25443676743,4.46352689192,0.36309333885,1.84759079967,1.50974729937,-2.71596622801,0.665100228011,1.88034306423,2.68602814422,-0.113610613596,0.620088801107,-0.760899808037,-7.14940044709,5.53427467995,1.72755011173,-5.24839896602,-1.70857405151,-1.47380097507,1.22641895876,1.75769068263,-1.00942887107,0.193416968679,-0.0157772807446,1.63184722369,0.0826598861226,-0.490866768525,0.0321821866631,1.05640860284,-1.84818641465,2.42746032636,2.41710440899,-1.59316496202,-1.77003781372,-0.0763224945437,-1.22774347995,1.09685665389,-0.66463576443,0.265054048082,-0.257294721804,-0.439198784452,-0.532594137819,-1.1316133285,0.0820533470204,1.47948615811,2.40088197765,-0.322648004339,-0.222433820282,-1.5366841196,0.0900521757884,1.13898824003,0.34266134687,0.280478451917,0.481833190077,0.118432191059
20,-0.0691444046639,-0.194147482624,-0.0106055522089,-0.0146746498714,-0.181974071595,0.0177808474322,-0.388386083742,0.0129985530097,-0.298367968,-0.160690243293,-0.0443681446173,-0.169057670053,0.17129119326,0.325635359441,-0.10122707927,-0.286902612761,-0.13260615016,-0.123512149099,-0.416137462491,0.728679519991,-0.382835858822,-1.09950242975,0.668099290091,0.554017964727,0.541772056008,-0.336508528712,-0.592803991867,0.735385423637,0.597677904942,-0.559869827123,0.760903818292,0.744009524501,-0.982567901884,0.459387911984,-0.193711908941,0.212025439671,0.208131975369,0.001900856283,0.0284679567889,-0.411664001635,-0.234955414406,-0.394315914614,-0.0469142645489,0.77820528319,0.34461241475,0.29031780754,-0.585165336438,-0.19342448728,-0.285282872115,0.424404734875,0.0661051638275,-1.39558831035,-0.411553803588,0.756584808182,1.16077538268,0.237817967789,0.499851222941,-0.823443987547,-0.413373474596,-0.750805608997,-1.25805025343,-5.31609771026,-0.579042814695,2.41603064058,0.17515311636,-4.46756907375,-0.293999530081,3.4605005613,3.089662394,1.92364032897,1.08037217069,-2.22761015367,-0.0787652978997,0.991883357077,1.57455065539,2.11483215883,-0.282026326642,-1.77214784547,-2.93989627135,1.02996613912,-1.41280324005,-2.37378593778,-1.51985943908,-1.67318996143,1.75340600685,1.33015459896,-1.3762965141,-0.993408685729,0.658659489366,1.51482689035,-0.236457940929,0.134073197022,1.82185382913,1.77768486645,-2.02718783375,1.8373916125,2.13824601864,-1.85646118843,-1.67731686541,0.525827279567,-0.841450694557,2.13495919644,-0.406374749714,-1.25331655238,-1.16964708638,-0.232364919844,-0.155531295104,-1.15502619763,0.549642805245,1.09934984535,1.87912539529,0.33942534193,-0.214165167011,-1.74351323837,-0.0987826897022,1.30417466328,0.336881136625,0.323923802345,0.489338277645,0.145764741211
21,0.280276671906,0.0228382285245,-0.182931510211,-0.0549136962805,-0.0361651079151,-0.507082110824,-0.0586983522115,-0.0211220134894,0.172642184845,0.0323918767076,-0.0507815318041,-0.162371614925,0.0821616985865,0.264972229521,-0.0783225592848,-0.0163353967627,-0.190411311392,-0.355843098995,-0.36044635061,0.4960762226,-0.720140787635,-1.09506345774,0.593112722436,0.425196253837,0.656380227682,-0.297979192209,-0.690709834733,0.617058669529,0.660969923085,-0.447489173161,0.711304674743,0.772796430074,-0.749425266007,0.650455902401,-0.378031143885,0.316897047256,0.361845171876,-0.157069732756,-0.111061910278,-0.329074647417,-0.298491611831,-0.142277160435,-0.0679657344322,0.585565402588,0.190651201246,0.276313974336,-0.582837000343,-0.306818643458,-0.204653633412,0.509833096371,0.22141951162,-1.32699237834,-0.433367002226,0.574392591296,1.14105114411,0.375320343316,0.533457793438,-0.789044241152,-0.364152013177,-0.73491999886,2.34007851665,0.891394603678,0.827100596652,-3.21521533398,-0.154999896591,-1.5086374574,3.58547414832,-2.11157679818,4.7041742702,2.14661082749,-0.849033595825,2.19595740098,-1.52809825304,-2.19521674936,-0.787571554071,2.67689123623,-0.70043256214,-2.44938339955,3.55073312107,-4.99725515237,-4.64517347499,2.2605165718,0.0311303442376,-0.727782952766,0.313550262113,-0.712851546016,-0.410243145474,-1.19100743723,0.45520183436,0.636971105842,-0.751645420476,0.327525406375,2.6254623643,1.91237430558,-1.58556390394,0.121483442973,0.803133928493,-1.19135448607,-1.0409001715,1.11152355225,-0.433947114699,2.83632989567,0.00231292725991,-2.53554403149,-1.85314488258,-0.0616951347737,0.193254939388,-1.10042049995,1.06577972201,0.594895273301,1.20883581457,1.03301046698,-0.223929850716,-1.89002432176,-0.296810346623,1.44055654287,0.336206250637,0.363368336861,0.494749005949,0.171709832995
22,0.0612040511733,-0.306194494318,-0.0965542910201,-0.280494906064,-0.385825995765,-0.0488396890242,-0.0651991025803,0.00878084719056,0.342640847599,0.254588817412,-0.0490195563922,0.102422193029,-0.0590832820062,-0.0341734080384,-0.129827271582,0.119020371031,-0.239744827955,-0.488296470142,0.0725964991278,-0.0102120740584,-1.08792850469,-0.764093256985,0.639125251106,0.428119905449,0.597318225326,-0.471748028616,-0.663622413983,0.525073206439,0.666686531365,-0.44006064886,0.618615135228,0.783821088304,-0.502719107123,0.813472546929,-0.503766051214,0.223350754367,0.355850552159,-0.218741286688,-0.171020493376,-0.194966502546,-0.323937130415,0.157330869033,-0.0449451693975,0.288017625847,-0.0119135670017,0.27396230225,-0.548954768946,-0.41125494778,-0.0727067183036,0.541927281075,0.305612987934,-1.18987431987,-0.456448805285,0.380660766601,1.10128589504,0.524771376518,0.567300252521,-0.750918014955,-0.314490629322,-0.716512335159,-1.10799105754,1.53128083174,-3.90599523031,-0.238383790348,-3.8178796628,6.8233912941,-2.28948560948,2.88715882649,-1.49097511944,1.81236934047,1.69533069232,2.09393862362,-0.919931268383,-3.15571849954,0.400692705468,-0.376591153477,-0.17704389623,0.392448203502,3.81592678778,-3.6630629401,-1.52369486926,3.59831026375,0.606410651283,0.77794217039,-1.33205698202,-2.53478178786,0.88065383892,-0.575762596306,-0.389090906954,-0.461374464733,-1.03279553593,-0.228937149478,2.09887009522,1.21224317445,-0.931688051804,-1.9767385111,-0.911447364961,-0.00464574163054,-0.14729756359,1.52899055255,-0.0908802798175,3.07225465001,0.455930877567,-3.31351606253,-2.11689200373,-0.00999211640725,0.46943590901,-0.978516863104,1.56440966539,0.0469056583238,0.470929811766,1.69992849732,-0.236939282776,-1.97418872305,-0.4986369216,1.5422258456,0.341750995103,0.398381513406,0.498150740912,0.196194254277
23,0.139603304552,-0.0498634862766,-0.410752715553,-0.396136394499,-0.203034451013,0.0446614158152,-0.00542814911657,0.250729928305,0.112082693139,0.297788513496,0.293758808849,0.170497441078,-0.0767592523276,-0.253670220656,0.0432701012538,-0.0703476539951,-0.217682031412,-0.23515385529,0.23641755626,-0.0533649111473,-0.887607950122,-0.493669694197,0.665167503047,0.555627242229,0.451613602218,-0.733528741817,-0.549258296652,0.501276319684,0.588041046645,-0.522336675352,0.520852011227,0.710053043182,-0.360860429558,0.872039458793,-0.570939959493,-0.0596043023128,0.197064646317,-0.161216568617,-0.144970943477,-0.0339568373919,-0.320439368415,0.455353222307,0.0209147839671,-0.0545766039424,-0.215516986378,0.269012807215,-0.492278098108,-0.500939795085,0.105327580283,0.520625646893,0.316222977948,-0.989861337499,-0.480342408006,0.181619070458,1.0414002027,0.682438286321,0.602038672728,-0.709530042871,-0.264586087987,-0.695732022654,-0.871510088928,-4.32851369448,2.6695250635,-2.09196848605,6.11772075066,-4.73878268642,4.03515582405,0.488041478103,-1.58452917817,-0.96403463099,4.2176223033,-0.41003369918,0.414878374484,-0.917107944566,2.71015127817,-2.78546869061,0.617890886009,4.3714773193,-0.628685238916,2.85012411143,5.46201488777,1.56237339442,-0.220131416573,1.54982645621,-1.20069658549,-2.28876335083,1.17270960015,0.0319038232095,-1.09354982238,-1.04983860542,-0.845238555278,-1.27775265715,0.654787043209,-0.0998168945253,-0.4663695569,-3.51873662739,-2.10872688591,1.08923406861,0.615462427093,1.62844531679,0.140263649262,2.80672687852,0.841074202579,-3.41938370612,-1.86857005086,-0.115439236678,0.646509856043,-0.809334560777,1.97624205671,-0.458980569318,-0.248623989003,2.28138517614,-0.237622010729,-1.99648928657,-0.698154812619,1.60410929389,0.354200439294,0.428531015742,0.499625400523,0.219152541224
24,0.255751548632,-0.304688761373,-0.18624532273,-0.128619707581,0.00167069015273,-0.203943637538,0.289779056404,0.145973436149,0.130136985667,0.187361904589,0.525134002031,0.154725131219,-0.0228360237303,-0.221972902508,0.26694862146,-0.266027541318,-0.113424155392,0.24040421894,0.0753755165641,0.393263462101,-0.163667366016,-0.419463190129,0.597396779898,0.687998768454,0.421633944765,-0.861725387671,-0.47210693456,0.512030048523,0.473708783286,-0.619662983172,0.460266685474,0.53530827506,-0.371140037884,0.793430750251,-0.609197404752,-0.438510202546,-0.0256439779965,-0.0214458871029,-0.0629776433245,0.117337938145,-0.300022135838,0.703812795417,0.117835262476,-0.372363312469,-0.369508062248,0.246185403137,-0.423135251776,-0.572399720994,0.317550887631,0.454170076357,0.25921001056,-0.738233044171,-0.503086838322,-0.0166583415567,0.961950296237,0.844131510592,0.638377583262,-0.665388371585,-0.214627232062,-0.672734625803,4.61757951538,4.4720161719,-1.34509144435,7.26093183766,-3.2829408657,2.71998987077,-0.629308114259,-1.31485929374,1.4012139086,-0.389802035118,-0.580826825667,0.596184363089,0.53189457995,1.26389785991,0.976065688711,-0.343713545128,1.51442324235,4.20990957889,-1.50571801047,4.66294461545,7.64026390717,0.392498974376,-1.01077444243,0.877714610078,0.782648555651,-0.0849129731095,0.224477547797,0.0860117696473,-1.05134063435,-0.750139700789,-0.34672459064,-2.11613789504,-0.772239490829,-1.41226345951,-0.355305293652,-3.82432568568,-2.11834352953,1.57900741647,0.934287842017,1.33049941489,0.248107956893,2.097873113,1.06463224383,-2.82541549699,-1.14078246939,-0.359760138229,0.71978815564,-0.618507758052,2.2388915031,-0.844305547983,-0.869008154206,2.72413380366,-0.211828176478,-1.95947343936,-0.888805760484,1.62217775523,0.373750097301,0.453383271809,0.499249119411,0.240526960038
25,0.230608691252,-0.1903386469,0.00138660219772,0.114664081274,-0.122470924666,0.230068989998,-0.0338079010294,0.108974214901,0.247402897155,0.266353592386,0.216581951261,0.258040542084,0.0446747557435,-0.0638948141291,0.166693297693,-0.078959657794,0.0954597072595,0.46983521479,0.114957214754,0.617088709502,0.373128660064,-0.315678948599,0.490639505423,0.708220530351,0.601670899251,-0.75472814658,-0.51004695153,0.506473927308,0.401118064085,-0.650355636127,0.447528549073,0.317013254214,-0.484415711002,0.612080451634,-0.649822294047,-0.778949547248,-0.182732894011,0.128620292924,0.0235133902234,0.220089162986,-0.274476056904,0.864605738394,0.226705336692,-0.600235589945,-0.432722139751,0.194751577802,-0.351284314048,-0.62480009179,0.546574847325,0.357820381674,0.147958297839,-0.451076269051,-0.521463682608,-0.208434353353,0.864158435834,1.00531864224,0.677014783531,-0.619044316146,-0.164795676872,-0.647681096943,-5.85514614307,-2.69555666122,5.0912696896,-4.1070150395,4.05820353655,2.04363242067,-3.03695431445,0.165065830034,0.571697571883,1.36243530761,-4.26598315736,0.754984663799,1.00126945078,1.7104126553,-2.72957466267,3.78520173398,2.66577447695,0.187736666215,2.62587975611,-0.932098852477,2.19481186025,2.0016598554,-1.0415619615,-0.458608231593,2.56954854985,1.99540322877,-0.888915813065,-0.205912389399,-0.328913775714,0.194820110494,0.0355317901632,-2.06792576978,-1.29403629498,-2.06200110817,-0.473044880782,-2.78542590714,-0.833930608376,1.30454229226,0.710761235908,0.675216676348,0.246648774093,1.08092900546,1.07590963132,-1.65292788481,-0.0874444471157,-0.67220551861,0.704591061929,-0.432283141616,2.30639940706,-1.04884510505,-1.32401808262,2.98614547916,-0.148872246161,-1.86724945035,-1.06387896485,1.59363197912,0.400064731752,0.472507460409,0.497089930879,0.260267482618
26,-0.132292684476,0.238293242512,-0.0345232248037,-0.0868117582881,0.348436983202,0.0670492968936,0.0119922496701,0.0902621464006,0.239349146103,0.281616435131,-0.0365614097339,0.187079233974,0.182729306011,0.12060394848,-0.12915926043,0.340949797746,0.394994045419,0.359109897565,0.508356711922,0.241890005601,0.25343775009,-0.0289529937157,0.384471840751,0.621332363276,0.856591728983,-0.535845337101,-0.613357965719,0.479213809796,0.410136462388,-0.581178765377,0.451660261821,0.156998916145,-0.589236243916,0.414535014312,-0.70170281147,-0.966793622183,-0.166223004828,0.222196722191,0.0660034931828,0.245812569588,-0.253398642355,0.915805688185,0.325954466935,-0.691772050687,-0.384168127667,0.112942258191,-0.28422268941,-0.659737914254,0.771558582044,0.251576945775,0.00141611568328,-0.147924670951,-0.531429543525,-0.388439943889,0.74991255639,1.16125538615,0.718587103172,-0.571091829817,-0.115266734269,-0.620737007005,-1.79910101134,6.68114565686,-3.4410902339,3.34875540612,0.757702992798,-2.62961971175,3.16526239659,-0.346588198258,-0.705234884857,-1.57423558115,-0.0470305601927,-2.16807352672,1.52229925365,2.0686062502,-2.24410050129,3.68487368938,3.05835217463,-1.5502265411,4.14457536848,-5.54388695884,-3.90739622569,3.3167511818,-1.19406958045,-1.08995326562,2.07227296582,1.96117885577,-0.951648518644,-0.260981361111,0.461024959789,1.1286296547,-0.039256561874,-0.986917924995,-0.622720988454,-1.72598631682,-0.529504778981,-0.894501708234,1.22302337595,0.521598182476,0.0980413714932,-0.174511316791,0.164247475882,-0.0614087194225,0.876970847223,-0.147539283387,1.04966156333,-0.948556675876,0.629322854288,-0.2721941398,2.15667025112,-1.03915939112,-1.56962703132,3.04114420873,-0.0431668702019,-1.72499277295,-1.21682407024,1.51705585614,0.432258850968,0.485483243166,0.493205499733,0.278331761129
27,-0.351173089785,0.0750565818627,0.306295826642,0.341815628218,-0.00607965475553,0.0885666572821,0.248112981073,0.139640324571,0.101719583891,0.0197496064142,0.113346525778,-0.0311216682651,0.273447685051,0.333465803412,-0.161561197734,0.52691614253,0.638453342634,0.327454666076,0.711459396722,-0.216559387641,-0.183250783504,0.228600051088,0.229206596703,0.52213521093,0.941208098633,-0.430515402596,-0.662540994404,0.470544650779,0.475183975202,-0.444767964315,0.425582143143,0.135998770126,-0.585154742769,0.292950064024,-0.745363441467,-0.957425675123,0.05724603031,0.233495213915,0.0408870940845,0.186635035486,-0.243111783359,0.854670256762,0.396758921127,-0.629201465746,-0.229159950749,0.00988906799479,-0.226363174088,-0.680535286203,0.97083369256,0.157224742882,-0.158386079523,0.149976285322,-0.528682859763,-0.551958863616,0.621734709013,1.30712987872,0.763615376425,-0.522165911973,-0.0662105589051,-0.592071778619,1.54193942908,-2.29910708208,7.16801090202,1.98215603096,-3.70346884486,2.37283916322,0.569357789062,1.40077510425,-1.91279238262,-2.70533210053,1.73568572617,-1.15820850211,0.00240251447763,1.8157837938,1.61949279841,-0.145777080877,1.48594425124,1.39852940586,-0.851489475833,-2.37679340459,-3.62968219887,1.26148277553,-1.94894489617,-0.820965952781,-0.590111413966,-0.0363560621049,0.0739765639071,0.147923198442,0.724989685777,1.4752570565,-0.52279227184,0.570944473272,0.745903512694,-0.623086097717,-0.282832841998,1.01131141994,3.14248950607,-0.245170675332,-0.581427164294,-0.981006361106,0.0375076050008,-1.1340998786,0.518928540554,1.37406276621,1.99678285883,-1.08037618604,0.525504986546,-0.150600035126,1.79561856458,-0.813454296829,-1.58874084409,2.88149310411,0.104751698206,-1.53852072619,-1.34155899041,1.39252916248,0.468900737707,0.491912260438,0.487640955573,0.294685106363
28,0.048585028494,0.437650179232,0.43482578775,0.275600277264,0.187358099598,0.22567997364,0.201070974681,0.232633176698,-0.0507598958587,-0.106804997808,0.110431055965,0.0560140381162,0.196190086293,0.370080212613,0.0895568627847,0.374304587241,0.660562104351,0.602722882367,0.35351101951,-0.126358641461,-0.323378147457,0.168645185516,0.0175732366161,0.446814487274,0.74217382644,-0.535677728609,-0.601556764198,0.511413653551,0.53328155875,-0.310194406545,0.347688043464,0.255391293272,-0.449071653124,0.294164074158,-0.746892980118,-0.790494080334,0.428052760753,0.191076126949,-0.0412838471069,0.0588639899159,-0.245938537789,0.697141165698,0.427229578733,-0.427098697516,0.000738940677975,-0.0955632793322,-0.179238054559,-0.691177344245,1.12474626348,0.0951067025501,-0.309127548797,0.421596084582,-0.509297141844,-0.694875060196,0.482719747246,1.43821596752,0.81245104103,-0.472939684522,-0.0177935034804,-0.561857921002,-1.20223467585,-0.04232529653,-3.32380242613,-1.50226733526,6.40384932621,0.0676595526441,-0.661343612775,-0.417230708233,-0.559533386073,0.326035685616,-1.86102524452,2.52185969108,-1.15207177346,-1.59510202112,2.59287582669,-2.2684786092,-0.980351765265,3.29384609976,-5.36609108033,3.84254036981,0.919089233572,-2.33582620519,-2.01663567019,-0.844720265612,-3.15270007447,-1.81737304342,1.01299613503,0.629023325651,0.350812785633,1.11624402014,-0.986875510426,1.66315664548,1.84973513518,0.605448803885,0.296699163973,2.1526927641,4.05084295974,-0.484750375967,-0.996304083467,-1.51292370645,-0.0902805796898,-1.96379831415,0.0858839309211,2.59381525889,2.51354860134,-0.986929970755,0.417703271231,-0.0681996998336,1.25728579784,-0.402066761498,-1.39258464915,2.5191067884,0.287935304232,-1.31397838008,-1.43275439284,1.22169301957,0.508041000734,0.491433218279,0.480426892226,0.309300474529
29,-0.396777661493,-0.0346734131348,0.0353045109688,0.324636548916,0.582521443045,0.323088031038,0.175643980493,0.0467452771486,0.0179094583099,0.00149589706417,-0.086921185835,0.270321327416,0.117445276831,0.0102773869441,0.240521888114,0.194620387504,0.491111624497,0.776136915053,-0.0869411062585,0.350138883719,-0.105433075783,-0.143343934894,-0.107900196292,0.316400422846,0.385559090145,-0.717119761962,-0.500716085334,0.579627861133,0.536084539908,-0.234106807532,0.245108785587,0.428612499947,-0.251619916366,0.394784092689,-0.681647771404,-0.565381904974,0.818586447465,0.162002986732,-0.143277100033,-0.101813755471,-0.259587318109,0.474207710174,0.414576777607,-0.128950087293,0.254131424482,-0.179014613404,-0.142588903269,-0.695133555316,1.21830056393,0.0810736160826,-0.430952051507,0.648033373576,-0.470344019801,-0.813695295727,0.336447370891,1.55003045283,0.865226824961,-0.424119795396,0.0298203375595,-0.530270265564,1.3189894299,0.570876911491,-3.923064347,1.79637035708,-0.658329958538,2.54109193684,0.0588562441837,-2.37923192617,1.46807623891,1.23085942596,-0.895488987006,0.68682053224,-0.366703893099,-4.98438001188,0.313025909346,-0.949061336876,-2.08671146063,-0.713160695453,-2.12299034641,4.38015617293,2.51316091508,-3.22548648211,-0.199410500123,-1.89582508167,-3.55549030036,-1.37599503541,0.779962102802,0.626440245661,-0.297904012129,0.383880275974,-0.95680221124,1.58163501959,1.88615019,1.26887479805,1.00333162475,2.1584265726,3.51673563029,0.0245753204984,-0.966537062253,-1.62533250185,-0.170661025018,-2.42687485524,-0.328426223157,3.26237979668,2.45220988117,-0.641288575774,0.316345765027,-0.0142650022027,0.599788557633,0.136513899725,-1.01858874406,1.98429157587,0.493515505276,-1.05765849063,-1.48607989588,1.00776297971,0.547265708913,0.483740177196,0.471577613925,0.322158466766
30,0.18286387032,0.168874711436,0.233645264392,0.234085767045,0.277760358424,0.494411097873,0.222891859976,-0.0190073305157,0.108388017137,0.0814577801149,0.0325620126809,0.124357918359,0.0461116425218,-0.421117999035,0.222021104916,0.192494804208,0.288029047854,0.416838433649,0.0465729503988,0.556573509459,0.00918458188335,-0.359818717097,-0.00131396625481,0.0709646252476,0.0992001380808,-0.740666087908,-0.477749158771,0.616754525974,0.480522442035,-0.230212614733,0.177462115825,0.532835548237,-0.11202177975,0.517106577318,-0.552847597731,-0.391348994349,1.08955880187,0.21475304427,-0.221329834518,-0.251630568223,-0.276903749759,0.225910064066,0.364855729987,0.202624629159,0.471205855934,-0.216673516178,-0.115932316425,-0.694347574094,1.24320782056,0.124035571993,-0.508847187266,0.814215386592,-0.410429763067,-0.905560585408,0.18687193331,1.63848888136,0.921813941436,-0.376439857265,0.0764674251202,-0.497485200767,2.34210803116,-4.35726905787,7.22763877047,-3.16912580556,-3.15262168591,-0.980596562222,0.988645658145,1.66143765754,-0.0193492211163,0.472214732641,2.79379944901,-3.07061491616,-1.66007383702,-2.61530454267,-0.107305895996,0.673800319433,-1.92091661677,-5.88345366338,4.41376662905,-0.558582515577,-0.708415630057,-0.791888604473,2.18667974655,-2.81857200415,-1.98104323217,1.0968547597,-0.373475132821,0.0469230839014,-0.75136119473,-0.260244077573,-0.310756435118,0.361598431297,0.745402093758,1.02644713684,1.5135805302,1.20264865369,1.74610449073,1.08478227966,-0.545979153145,-1.30487344639,-0.156482336407,-2.46817605156,-0.644500348546,3.25340217451,1.79635609387,-0.0833625886242,0.215652575431,0.0302528286372,-0.102390072839,0.723561069006,-0.525080289546,1.32265185591,0.70392707897,-0.775956289502,-1.49840117545,0.755486651644,0.583773186093,0.468603441585,0.46108972139,0.333247345069
31,0.00656732212526,-0.0275319431403,0.130229896378,0.20017237951,0.113651053885,0.111057212991,0.306209889781,0.293565748606,0.0876597044222,0.141979266804,0.25254850796,-0.158415544392,-0.262147932607,-0.435371389422,0.289901262808,0.266075245107,0.0909242388044,-0.16716928956,0.556986849072,0.32735003298,-0.232351695301,-0.31635851988,0.254332571474,-0.180298524364,-0.00956477522622,-0.502533428763,-0.558270114478,0.585186817021,0.400312646401,-0.274265426198,0.19150042559,0.489528216967,-0.119779321788,0.575844374905,-0.394423409706,-0.337225228041,1.15102444997,0.379543651091,-0.247828894743,-0.351970059136,-0.286599531179,-0.00598336714554,0.290573868736,0.49973796797,0.597567428356,-0.191984042309,-0.100036979323,-0.688661712217,1.19902517063,0.22445894243,-0.53436108889,0.910205397273,-0.330078082347,-0.968259087224,0.0381952726922,1.70005428358,0.981788070796,-0.330651699798,0.121982952398,-0.463679904446,-2.15187857185,4.99695377606,-9.91560944081,1.7383874668,-0.379371466368,-4.74633411551,-0.0452473481089,3.35522804676,0.479358942455,0.860391169669,0.536708803272,-1.82947456468,-4.08945090145,1.87469097795,1.40437255521,0.514089158751,-2.12299901001,-4.44035295947,4.1932059186,-3.03676598095,-3.54684039308,1.25058979698,2.40733923395,-1.8057483689,-0.350137527061,3.43392050746,-1.02290649023,-0.646323345736,-0.780935519037,-0.558648983618,0.582786594646,-1.19079172979,-0.899456187297,0.0712992515114,1.56621172338,-0.120635018239,-0.521534811265,2.1595544027,0.0115200045957,-0.66225791159,-0.0147691044768,-2.10853771897,-0.815023857392,2.58940743291,0.669357032302,0.584228595489,0.0974707765274,0.0872847281205,-0.768661799368,1.27088914698,0.0165150580197,0.590420116234,0.898730263743,-0.475438679366,-1.46792171184,0.471044992701,0.614472552702,0.445892250893,0.448941140264,0.342563067604
32,-0.202012937016,0.0127649490386,-0.127109200582,-0.0858843255608,0.0651405557318,-0.0550648620763,0.155595356932,0.418793489692,0.304313642647,0.234730278947,0.0841855517292,-0.228039203462,-0.581312625379,-0.24854804358,0.419013500726,0.26101032952,-0.123308372776,-0.293841713522,0.640330028378,0.146363925312,-0.547209370644,-0.215514410002,0.3875583384,-0.226856798209,-0.0164610399262,-0.12714918688,-0.625479951765,0.500786458171,0.336059827576,-0.331567387754,0.281853419177,0.319850300518,-0.273870202935,0.527243863809,-0.257136666097,-0.404040937681,0.999821738253,0.62627065469,-0.225290636854,-0.379385287119,-0.275446287785,-0.185441318092,0.20698930532,0.703997437194,0.597256155782,-0.100969915691,-0.0977533500641,-0.675855139659,1.0932036736,0.37402420898,-0.506455869248,0.93198597514,-0.2319089861,-1.00025009838,-0.105271768041,1.73187327354,1.04440616789,-0.287514302624,0.16619895125,-0.429031571542,-0.38084632671,-4.79404438888,6.43465926611,-6.51748573619,-1.87216049242,1.84649313038,-2.36173074071,-1.3095013221,3.44463484204,0.77849852708,-3.2928266053,-0.0980472068649,-1.25422046915,0.798367984211,0.635367676808,-0.678809027247,-1.86307561686,2.01044139249,-2.93677353086,0.0244273207103,-2.0648421013,0.306673251344,-0.0141135530454,1.01206096088,-0.0126782232208,3.64988491438,-0.0252052120849,-0.960645313847,-0.463678639181,-0.550722653466,1.11956901045,-2.00421378123,-2.01395447072,-1.00641899758,1.10101969126,-1.10911560839,-2.36045839266,2.63041267936,0.384514342761,0.121426992907,0.257921997382,-1.44003854777,-0.832635641832,1.43354604516,-0.690131482511,1.21726439518,-0.0599077676421,0.17504609792,-1.32361024076,1.69302368716,0.53095256075,-0.151256724214,1.0568289663,-0.162989583551,-1.39426729697,0.161898692978,0.636101137681,0.415598299183,0.43509069938,0.350109345369
33,0.222483324205,0.0808341103737,0.0263749604369,-0.207133495667,-0.272011000485,0.129175460718,0.0393953263605,0.157456382115,0.526227696005,0.260139996536,-0.203174792311,-0.283295787831,-0.442816342631,-0.350786069197,0.361632460763,0.135546805938,-0.194679935983,0.0902815786913,0.0929955694056,0.317495630286,-0.584250257702,-0.289649462361,0.260178142552,-0.00160522774582,-0.0375487881332,0.155456862597,-0.520142108334,0.405587441466,0.311479576591,-0.380354685367,0.390299883307,0.135019278509,-0.479623625669,0.391680246593,-0.18596979847,-0.531666739912,0.716820151751,0.871895752729,-0.184795264605,-0.32900734208,-0.231810826201,-0.288546672518,0.128199718973,0.778798477699,0.461852991779,0.0452067334023,-0.113810098262,-0.652334923299,0.940029773479,0.556501204223,-0.431408027366,0.88164524669,-0.120586267347,-1.00070432717,-0.239253475924,1.73189418607,1.10859580063,-0.247780380897,0.208942388377,-0.393716635065,3.85791677643,1.9866837896,-4.83516169744,4.49481995764,-2.42036457069,-0.655131773103,0.528949160074,-2.54686306039,-0.412991186558,-0.423936594397,-1.55621182726,-1.09735127307,3.42767289571,-2.32634627206,-1.66168556049,-1.70464201017,0.826744203508,4.39331349862,-6.5737310436,2.68986853545,1.18785620127,-1.62527859662,-2.17713503003,3.12954020315,-0.406871756019,1.77177046482,2.21765748168,-0.916854470566,-0.0290029404931,-0.418288406665,0.922632733992,-1.45996590613,-1.86829643284,-1.58231405502,0.288487030082,-1.29160821973,-3.0816363021,2.10467166526,0.348967370749,0.867618689245,0.625459417378,-0.609124508297,-0.726463822362,0.0495118069737,-1.9804279813,1.66343507558,-0.270413407486,0.301857096054,-1.70755532589,1.9190979009,0.948746016986,-0.842430917662,1.15883608854,0.154018946237,-1.27851520463,-0.163416661378,0.645356993406,0.377858967811,0.419478366311,0.355897720938
34,0.0596256161853,-0.400487592584,-0.237337292972,-0.00417237555014,-0.0427933983635,-0.197437973363,0.100950196462,0.0900941916621,0.154485367184,0.114955357343,-0.177858390939,-0.353379531242,-0.134331655849,-0.50277397634,0.167373686723,-0.0279670614986,0.0517031924807,0.349188707032,-0.360909831383,0.494931898981,-0.397443646086,-0.458673911983,0.0592810589213,0.299725939038,-0.0743773807903,0.216776643854,-0.198068894522,0.313306764263,0.326228596779,-0.415132863921,0.446758285376,0.0647901803949,-0.606434980959,0.238031188357,-0.200386433332,-0.633878779119,0.426523264635,1.01492179859,-0.169727266011,-0.21113660199,-0.149600770302,-0.307648034879,0.0640597304085,0.716400389168,0.213444340792,0.221336757364,-0.15349190518,-0.614355404461,0.75861534413,0.749731744315,-0.321786690955,0.766960128511,-0.00253220277939,-0.969560255933,-0.359653740771,1.69896240273,1.17295830867,-0.21218071233,0.250033322199,-0.357909978102,-0.895020724437,-3.23823454004,-0.301910591815,-2.35260469051,5.17828606584,-3.04206950974,-0.70471474678,0.873190003271,-5.95076679227,-2.62823814838,1.61415053945,0.408324891182,1.57606413898,0.327820017878,-1.7638876192,-1.17816335437,3.69326776913,0.13353367837,-1.33873444159,0.0446979670134,2.00448894882,-1.24694834927,-1.27628213181,2.38536898736,-0.143724567799,-0.425145160271,3.98420994038,-0.990671712868,0.285674813354,-0.277713158828,0.153297809468,0.165231455213,-0.517353842269,-1.35747199498,-0.55230140664,-0.634429731079,-2.53220504811,0.626112968913,-0.105593267449,1.4583777717,1.01494621723,0.21053648396,-0.549616086959,-1.26056315011,-2.90498723134,1.80031763473,-0.529761587687,0.462010323819,-1.88476679064,1.90284822888,1.21483907691,-1.43018913605,1.18931973729,0.46758525687,-1.12317274527,-0.495540846961,0.639041966128,0.332979054328,0.402026241957,0.359947668586
35,0.38322555176,-0.0339183310041,-0.246543639776,-0.252105661719,0.0396725942566,-0.0458817271863,-0.126536760377,0.0469990757306,-0.32952716255,-0.237278293019,-0.0369428313478,-0.148181889233,-0.182052835978,-0.227955697303,0.0527642303436,-0.0229626326993,0.39177040026,0.152747216978,-0.129261524243,0.278222262188,-0.254103338445,-0.466248333367,0.0772489512271,0.406205039054,-0.0344206036265,0.11730042227,0.2080231606,0.191969460136,0.357559475749,-0.434926929428,0.421968846645,0.170110663562,-0.569944468036,0.141635270665,-0.286375401898,-0.64326143664,0.239009324059,0.981399484912,-0.212923684721,-0.0438584249633,-0.0311461607941,-0.252444525695,0.0186207594259,0.53829752228,-0.0993734563644,0.392883832205,-0.220464885454,-0.5594925789,0.570239112558,0.928458354084,-0.194655670544,0.600436728505,0.11456573236,-0.907590944713,-0.46269611482,1.63288869316,1.23578658314,-0.181406419412,0.289283200961,-0.321784134833,0.373424192955,0.641110536551,2.04379109453,-0.401078490183,-4.55633266776,4.84136481113,-2.3370252066,-3.15737308758,-2.542887618,-3.83282490665,0.4609385248,3.23572505673,-1.73276694264,4.54238038374,-0.598560560514,1.50088833701,2.23888813494,-3.15453270412,5.21028384514,-3.94704747558,0.813449196869,1.19701593575,1.68496280607,-0.349869962669,1.01559301192,-1.27563651461,3.74834834232,-1.50437613279,0.269945234939,-0.1060243935,-0.585978728593,1.84859628814,1.21886915372,-0.500675738838,-1.09591008997,0.474369303755,-1.13604606429,-1.31534249292,-0.766138274977,1.85528662911,1.33504362788,0.851366655256,-0.36210148973,-2.2253820653,-3.24066781389,1.56839617497,-0.8093709396,0.634967546649,-1.84805428397,1.629346297,1.29529736592,-1.87357607141,1.13867716061,0.769018895173,-0.932111585401,-0.824577019746,0.614210140745,0.281449726302,0.382640404093,0.362286713432
36,0.0129916825763,-0.292032349544,-0.0992334884318,-0.117177770026,-0.340500322969,0.0782963251202,-0.136662078655,-0.473973588441,-0.405508521888,-0.487888250906,-0.139075467487,0.0997053585835,-0.223262642273,0.182684523045,0.0107412549217,0.238745402302,0.395583954284,-0.0580811475639,0.411811576659,-0.11541035319,-0.189259232025,-0.25858988066,0.337352441365,0.26756701985,0.116181206807,0.0119905804717,0.483633743602,0.00783501845901,0.363838325038,-0.432594612921,0.350892974206,0.398729907551,-0.38618898001,0.142501265735,-0.402808582703,-0.543794390068,0.201759139621,0.761040859102,-0.318611313989,0.154036151082,0.11236026684,-0.147683247912,-0.00971302427458,0.288987323782,-0.411645610177,0.52339137833,-0.31432364572,-0.488004502888,0.395441768619,1.06762281863,-0.069240280579,0.397926103641,0.222407880117,-0.816470810981,-0.545055378855,1.53448724505,1.29509772611,-0.15608954819,0.326493390724,-0.28550847885,-1.26662401775,3.68821475084,-2.31191396166,1.29946841884,0.504665794648,-4.35452534259,1.29020268896,-5.08695442692,-0.297249393496,-0.577359067915,-2.20661215322,0.746205018012,1.94062025021,2.6201960961,-0.353651640722,3.13024570924,-2.10457850394,-0.176874123759,4.15653633542,-2.88771375291,0.84901284803,2.53619998436,2.95293151364,-2.00355402758,1.80327283986,-0.663273777776,1.52894229752,-2.13877737799,-0.231098017313,0.175365650409,-0.702954253865,2.48207377108,2.26422153762,0.494131313471,-1.14363562789,1.44317502928,0.334713416344,-2.98370750877,-1.29785226871,2.07590070437,1.50506774043,1.18514485498,-0.21444176751,-2.66465301514,-2.89010888965,0.990544407899,-1.05717900992,0.788466955424,-1.61904553814,1.11755714808,1.181214566,-2.14709093835,1.00442501729,1.04900616959,-0.710464679219,-1.14040827897,0.568316021839,0.223963426544,0.361213671775,0.362950565368
37,0.044361188141,0.104613225479,-0.132688693145,-0.20727255365,-0.0341245399462,-0.488004595969,-0.301551026696,-0.592224207467,-0.547576992456,-0.395153965383,-0.35273189981,-0.0451266514314,0.187066131233,0.229204461613,-7.36016290541e-05,0.437298597481,0.100527352156,0.153743952624,0.525911172388,-0.166417226944,-0.037043057062,-0.0474711813503,0.543592442322,0.102863913137,0.273927332051,-0.00537958794594,0.497969086944,-0.214194878175,0.29589925282,-0.395637271842,0.306464992878,0.615162745341,-0.163132630818,0.227940161106,-0.498355618659,-0.375992628594,0.2833498838,0.41627380081,-0.458233060184,0.366360416829,0.263429744383,-0.0278334487188,-0.026617309519,0.0247705431922,-0.656113277345,0.582911553874,-0.428608352291,-0.403695260572,0.251311246225,1.14569533679,0.0356370187454,0.176976737085,0.312828853423,-0.698828443609,-0.603977197745,1.40558103948,1.34868026988,-0.136782410165,0.361454027939,-0.249248397595,-2.35289678455,-3.634446378,4.62319911179,-1.37567199592,1.29611596749,-3.06175124944,-5.65578623404,2.57682223552,-2.02955279474,1.44487114862,-1.43121854168,-2.94961694687,4.98391291882,-1.23720554424,0.342055759854,0.085766796271,-2.7899082727,3.83321702357,-1.91926453243,1.92604074831,2.16271722742,1.36299206067,0.659107416298,-0.869111908523,1.0867108589,0.254256636299,-1.15968220018,-2.13661770971,-1.18304841418,0.579363443009,-0.0899466657688,1.60963920494,1.95814330737,1.12318733245,-0.695564480249,1.78323660208,1.14093215612,-3.71638297883,-1.40838895239,2.14645273596,1.4838888344,1.14901317188,-0.136438390212,-2.52637663361,-1.90582238083,0.172400613881,-1.20619734949,0.885209371446,-1.24416774945,0.418388512413,0.889389982357,-2.24241674984,0.791759937441,1.29782665388,-0.464492073932,-1.43303238806,0.499356556528,0.16142350951,0.337629338256,0.361983261573
38,-0.00436081450538,-0.0419319480115,0.0273999908968,-0.00357534440937,-0.382620053872,-0.429769947371,-0.859250072289,-0.401748492625,-0.572999450802,-0.381595502794,-0.379548901146,-0.259084779094,0.44053764607,0.0886228026606,0.0864192543032,0.212074345145,0.00216711433974,0.50473112102,0.174294069311,0.156588531691,0.175709668513,-0.00126640866837,0.426595112027,0.131997441948,0.299162264114,0.0365300810204,0.294170520326,-0.382315020435,0.124394167795,-0.315604412255,0.340566421337,0.686749035917,-0.0350862993576,0.346769502701,-0.531640787849,-0.21335254342,0.395270164314,0.0594336984456,-0.58252778108,0.578183431986,0.403190655611,0.0702046201412,-0.0395289704114,-0.199668076911,-0.777987545129,0.555451178796,-0.550021182046,-0.313980149272,0.149357557635,1.14759228483,0.10402438291,-0.0448912368818,0.378560495288,-0.558269889252,-0.637383011433,1.24897330973,1.39415504293,-0.123936270878,0.393943294628,-0.213164452453,3.40818531795,5.05491940321,-3.32857944472,3.19851869602,-4.82351776813,1.11599619635,-1.96118083872,-1.07260917517,2.0997466379,-1.32351194619,0.658695704958,-0.350845039337,-1.11786471589,-0.981413535837,1.10752978237,-4.11283365382,1.12712520957,2.11990710154,-3.91547972651,3.55240339659,1.553487579,-0.267866078806,-2.85954083308,1.35822101662,-0.616309207694,0.422444157991,-2.61682451284,-1.05180058397,-2.20919853604,1.01532381611,0.742235390989,-0.256859987291,0.461779821975,1.1538681873,0.0569625041194,1.35155058444,0.925771571815,-3.21635083811,-0.994774140272,2.06117699913,1.28605219364,0.757913466691,-0.133594889304,-1.8932067854,-0.480170001794,-0.717430100189,-1.18956170167,0.891869979419,-0.787047872538,-0.391489745524,0.45974953215,-2.16825300605,0.513324519239,1.50572635553,-0.201420489929,-1.69290347283,0.406001064766,0.0949474984161,0.311765890175,0.359437309324
39,0.022510783269,-0.0705523819466,-0.031162719234,-0.242859023146,-0.379340477876,-0.617483068061,-0.549823420916,-0.732270739671,-0.338294652091,-0.505077547016,-0.299714118947,-0.109702987912,-0.0135966526859,0.0314961563308,0.11923289673,-0.185183585385,0.246656685537,0.463734794446,-0.0495830107015,0.362237852161,0.18079904297,-0.0407413434367,0.0584232410952,0.304876884484,0.173718336089,0.0523389885199,0.0363407572776,-0.401775457366,-0.126445718529,-0.196071991324,0.435248861116,0.569230961863,-0.081572438055,0.442548631243,-0.487022752941,-0.122887297595,0.439918435513,-0.192085090114,-0.644295084677,0.771882781367,0.516900621,0.114799306688,-0.0553640683541,-0.343714233657,-0.747071010235,0.443570762378,-0.659346299956,-0.229013085508,0.0942748042976,1.06679758961,0.124901949818,-0.251803145691,0.413932292621,-0.399357380217,-0.643957711254,1.06838496335,1.42904818343,-0.117880071936,0.423727214221,-0.177411524972,-2.92945466697,-5.72114700086,1.39925738193,-6.19497613232,3.27545750836,-2.82027169933,5.19705324597,-2.73878063908,0.655136657222,-0.0821581293111,0.696862937047,2.3530550638,-6.56541327078,-0.675797493366,-0.921073790925,-2.67670357683,2.81544869874,-2.82504522615,-0.0421991753229,0.0388574058246,-1.65155681867,-0.212671985303,-3.89160777028,1.58597676359,-1.65838186624,-0.184878031389,-2.27176745815,0.692008471639,-2.65345314678,1.34764511567,0.994969189232,-1.96436755667,-1.35254711873,0.707174785096,0.807756563857,0.412963608085,-0.131956762071,-1.68323067371,-0.200918693916,1.77409710937,0.976914845759,0.100094339397,-0.191230625554,-0.95735685577,1.09663814945,-1.48348500762,-0.958885705959,0.788475707147,-0.318620467184,-1.21921030786,-0.0501073902464,-1.94834279853,0.188201465946,1.66343115532,0.0707401805196,-1.91126911796,0.287703327389,0.025863017902,0.283502695729,0.355373818726
40,0.132839997472,-0.0633824025421,-0.423048295321,-0.425718744418,-0.405346582814,-0.463692395025,-0.405503333001,-0.567152693171,-0.560071469903,-0.357122075386,-0.227814138609,-0.0448764310729,-0.521021546679,-0.137461158895,-0.0904801636283,-0.18926466607,0.369140325467,0.0790045554537,0.125238549544,0.184343850152,-0.111707830126,-0.0128678471136,-0.237702664098,0.351679403313,0.020695204663,-0.00187307408561,-0.125594836203,-0.257806704997,-0.367889762347,-0.0530207359099,0.50259023694,0.334666393973,-0.280957593372,0.483553118746,-0.380421107803,-0.130090731964,0.360840415211,-0.262860746241,-0.620983698696,0.924404400801,0.597906040974,0.0860107431219,-0.078947764503,-0.389457589803,-0.564454499782,0.268877600909,-0.734186581516,-0.159952240418,0.0837397249217,0.906410621298,0.0935836432825,-0.430870836876,0.41543673068,-0.227531185748,-0.623217877298,0.868359008741,1.45087424448,-0.11879995738,0.450560062492,-0.142137950826,3.59929340102,1.65958143288,-5.52130277296,1.95745977299,-3.76613921421,5.31830146839,-2.19526248649,5.14475978352,-3.54839848301,2.18309586663,0.888901971332,-1.88298618542,-2.31441671377,-2.69779286577,-2.58690073378,2.4955955574,-0.9898687708,-3.87521795908,2.73677357273,-2.93342509518,-3.60329286738,0.718331533938,-1.63793451186,-0.982079410601,-1.17251755174,-0.84089851616,-0.905495603915,2.02680685779,-1.96662314244,1.47387550992,0.164763236774,-2.47717366425,-2.44408367394,0.119816844296,1.2528109389,-0.506201641062,-1.42680876011,0.275517912,0.643575405232,1.2306378395,0.647387992624,-0.68339277267,-0.284088730653,0.0290228093087,2.5009097291,-1.94785551422,-0.501439472819,0.575887858537,0.0934251065723,-1.96737140255,-0.572498422335,-1.61798885766,-0.159757533708,1.76276305233,0.34340204214,-2.08049125978,0.14479049098,-0.044304325732,0.252726605539,0.349862612951
41,0.294499164281,-0.540614609485,-0.339692622648,-0.468030126791,-0.513003107555,-0.218060275955,-0.467872524018,-0.232202940652,-0.597471608288,-0.270239703917,-0.16683066652,-0.422335155916,-0.467268532317,-0.390901125642,-0.188310642278,0.151479404311,0.0634005147096,-0.155598177576,0.309249549348,-0.0505913695581,-0.39210054414,0.0588881249378,-0.249094028533,0.0993431043062,-0.0383934921727,-0.0961440962293,-0.153351804947,-0.039577469863,-0.482655671654,0.0904483254575,0.438674914946,0.122518286755,-0.525730155033,0.472483218701,-0.252936168255,-0.206214125101,0.170973350009,-0.147987164686,-0.526157909056,1.00910447449,0.648437066026,-0.0206367612008,-0.112531815718,-0.344642694117,-0.262263530818,0.0680898405004,-0.753160646195,-0.116659718001,0.109227753266,0.678986576619,0.0122936125189,-0.573128313947,0.382101419829,-0.0489669275738,-0.575558424114,0.65413417493,1.45722683123,-0.126720435188,0.474185480306,-0.107484644465,2.6316944027,-3.27319058683,2.42372037752,-2.2898102828,2.98320612163,-2.40528147131,2.80309177747,-0.224448724921,3.85823351244,-0.732372532616,-0.324621523539,-4.3445823841,2.3422933246,-1.52002436551,1.56637997047,3.14606429061,-4.38185075853,-0.513989960357,0.217466811179,-1.0130921403,-1.34959826019,0.419005511932,1.216667142,-3.80209640443,-0.0391904479208,-0.927950264672,0.2258890475,2.10192528054,-0.194138158114,1.35396885223,-1.52633642569,-1.56288813466,-2.22317294664,-0.295817516123,1.21068532489,-0.898239288535,-2.23773283915,1.91038028828,1.17556175245,0.423319631423,0.378179703382,-1.43005351976,-0.387813378572,0.815473501447,3.4473763274,-1.99256249393,0.148566279505,0.279343257873,0.394172599784,-2.54625695495,-1.03839518759,-1.21951600337,-0.504090762332,1.79730430461,0.607625911703,-2.19433959765,-0.0214759267476,-0.113851580989,0.219339367985,0.342982301695
42,0.551833924594,-0.28075559584,-0.556693417206,-0.428508172827,-0.268036645788,-0.525493043555,-0.138616330707,-0.386979971823,-0.0595357870445,-0.362469053032,-0.395413159552,-0.648807123189,-0.299668479536,-0.361806755401,0.245358005924,0.272195448268,-0.302285642397,-0.0753513540569,0.137475269407,0.0327707874891,-0.325723017281,0.0291505748311,-0.071553260377,-0.309882841678,-0.0174045753977,-0.166309539156,-0.11169689081,0.122777720953,-0.396885369019,0.209769290932,0.198675351328,0.0461012868104,-0.68681496219,0.434086491328,-0.153996338151,-0.28444800759,-0.0540548770225,0.0888832155456,-0.404089700807,1.00307743354,0.676932104829,-0.193738119261,-0.156387380395,-0.239479802578,0.103470509402,-0.114601628844,-0.700769612746,-0.105303573551,0.157668712665,0.405193307811,-0.110142029328,-0.673984079897,0.315630268082,0.129633170333,-0.502275480817,0.431491010644,1.44587377726,-0.141488036363,0.494338362903,-0.073584218911,-2.93083722438,-0.574146661724,-1.89717990827,2.53017516376,-0.624433445323,-0.183080762306,0.785534354348,-0.14912453953,4.18621990864,-0.110206110038,-4.03933029778,0.381041997175,0.264572957844,1.72317653505,6.19842508276,-0.884640313328,-1.99661588924,1.45609309893,-3.21020191091,2.34987018502,2.49125236658,-1.04538230708,1.86751365005,-3.76544672981,0.233563145775,-0.393082767608,0.454328351706,1.01567498706,1.85996407585,0.994979203114,-3.17058578032,0.0548002530148,-0.85990893717,-0.42830901806,0.704559065644,-0.546260012673,-2.08579964058,2.64956863845,1.16965732342,-0.560027752541,0.208792990542,-1.99028959985,-0.488357748206,1.21189652418,3.75210066456,-1.58966336307,0.908358731228,-0.0532715128497,0.548536977471,-2.88503194293,-1.38619163463,-0.797241552198,-0.818145840028,1.76304290703,0.854369972833,-2.24824688962,-0.208870822946,-0.180927766333,0.183265717501,0.334820301922
43,0.106577711811,-0.43766512284,-0.347289588597,-0.357234919217,-0.482171246694,-0.224587454255,-0.375343711337,-0.0940246203279,-0.0418898692332,-0.272727030229,-0.740036528407,-0.459267011463,-0.389732790423,-0.241754505827,0.744324567899,0.0905300851601,-0.2538793171,0.00377434551652,-0.177009159334,0.270067721264,-0.00727138456051,-0.1136927928,0.0488706276287,-0.545160470699,-0.0325396370125,-0.164585071708,-0.0837017086985,0.157308039606,-0.140246104288,0.282850051483,-0.157484621073,0.11677403024,-0.68482559765,0.392897983838,-0.119847803402,-0.296894630812,-0.213340141722,0.346053234991,-0.309731764424,0.897569815757,0.693101344245,-0.408828490281,-0.210098893524,-0.118324183942,0.465162737413,-0.237233451034,-0.571858687817,-0.126410300422,0.213642302201,0.111459842436,-0.259435727969,-0.73317080488,0.22030014739,0.301309689213,-0.405563307648,0.206574768644,1.41485352798,-0.162758333839,0.510747584148,-0.0405601068397,0.372521862699,6.29880234777,2.53470361922,-1.44641961057,-0.917567541167,3.01939555167,-2.70868588013,4.10501458551,-3.06093611654,0.982361134483,-1.24388270736,2.14450815093,-1.35989106352,-0.37252289779,2.2524803918,-1.73426480401,2.75020414181,-0.257671491365,-2.26422793782,1.50170000964,3.11232279008,-1.46295963186,0.335288408234,-0.590189815798,-0.658280729229,0.447564751559,0.0632885515089,-0.256485567812,3.04131746038,0.439832166555,-3.69456408788,1.18354989852,0.887293012928,-0.381632636528,-0.0318769734147,0.351366776857,-0.964976118221,2.32818796445,0.647037290097,-1.52706410978,0.125118075855,-2.25657000527,-0.586196010513,1.1305103213,3.3720202497,-0.811443811581,1.65641482629,-0.358637195813,0.544891847795,-2.94050268922,-1.56940710636,-0.39254983417,-1.07750804038,1.65892849105,1.07476027966,-2.23951642742,-0.414210977687,-0.243571694636,0.144461951314,0.325472788675
44,0.0928049795483,0.0973068306874,-0.100238727903,-0.407959821273,-0.297150404785,-0.310088369204,-0.230358813593,-0.0324876273544,-0.324756053118,-0.336747335081,-0.501676956398,-0.391100819634,-0.468586845367,-0.492484727854,0.580920508205,0.083848890856,0.114708102857,-0.108084618261,-0.226529311996,0.2133743651,0.172719362431,-0.190097872937,-0.00243777522571,-0.417631241899,-0.145939269621,-0.0782913418705,-0.0940084528636,0.100230059649,0.156583282877,0.294218603221,-0.483376473436,0.236928876312,-0.525114439619,0.357143476075,-0.156117458796,-0.213319848271,-0.229898147945,0.528224035607,-0.283334019555,0.706646033608,0.702970342238,-0.633599941115,-0.273950893495,-0.0284068328125,0.758415457347,-0.26964044048,-0.374550069502,-0.173875834795,0.261748245905,-0.17308342877,-0.417655847667,-0.754231287159,0.102624680433,0.459163693301,-0.288483129112,-0.0142997061156,1.36256916525,-0.189987149183,0.523139593643,-0.00852569081957,-5.57437674695,-3.42753317462,3.44031063075,2.65820584902,2.79478362846,-3.2000019593,4.77116265863,-3.40551105418,-1.45562033433,-2.16596596395,5.22819771199,-0.713084966018,-0.244361115354,-3.90913657571,-4.84051707126,1.81466692796,3.76850120099,-1.45642717858,1.20857762212,-2.72603164568,0.207033981232,0.206418592912,-1.16203933444,2.88831058667,-1.45452304174,1.2448043941,-0.188212625209,-0.697261883573,2.61454535729,-0.21874619092,-2.54619099484,0.969349770776,2.17674013591,-0.351086876562,-0.641813498811,1.27256756218,0.662057266475,1.22792221784,-0.130898790882,-2.22549349185,0.0715271491689,-2.18145573519,-0.693903026273,0.601827674538,2.41228992602,0.182450203957,2.25284954555,-0.569681560497,0.394936042744,-2.70238365734,-1.56238241318,-0.0396301071021,-1.2621901164,1.48727132785,1.26038146304,-2.16747317755,-0.63339694591,-0.299757788314,0.102924769077,0.315044557851
45,-0.188169019041,0.0239356810564,-0.0390089032712,0.146960501315,-0.162835476887,-0.299268806018,-0.0158669303707,-0.431703013797,-0.391079570644,-0.485638516845,-0.0599868957401,-0.446494921312,-0.519578257768,-0.760388597068,0.0911683062347,0.361094933157,0.371140230835,-0.157058530003,-0.0342997168502,-0.181255124872,0.0686461585684,-0.0607544623321,-0.125664770125,-0.0613568330415,-0.27469890101,0.0722544879508,-0.100171934386,0.0528592088585,0.336309751844,0.240582455558,-0.622814534142,0.267253810716,-0.279906202365,0.317458549452,-0.233046761525,-0.0611763001409,-0.0875328517892,0.584653375532,-0.331629282133,0.469073389118,0.706188790204,-0.834249630119,-0.349761099239,-0.00840860356738,0.935795828578,-0.200657379016,-0.1307447529,-0.235281744169,0.288786014316,-0.419990113625,-0.565483879153,-0.743631013841,-0.0291798152052,0.596704063495,-0.154902047772,-0.224855084197,1.28787639628,-0.222426705415,0.531242900144,0.0224165475518,3.62544923103,6.31854532805,-0.886694866016,4.6041856235,1.16548715829,4.35717617991,-2.54633232237,-2.3743924811,-0.795992451847,0.404209534012,1.79019441226,0.418242132807,-1.0947771751,-0.224600358227,-3.16199197918,2.8378802258,1.09420440768,0.991852601919,1.9258056061,-4.28972861632,-1.7309913577,2.20768015158,-1.00647348691,3.65578421821,-0.849088610946,1.67655521076,0.169864441805,-0.124697846108,0.829097800436,-0.832239039072,-0.10904631588,-0.51389142458,2.57415084452,-0.472415248432,-0.803768538219,1.63882860822,2.09456619552,-0.0815128453354,-0.782386229858,-2.43001780705,-0.0176733436924,-1.7821438907,-0.827796225888,-0.238040529268,1.10013418542,1.17869956022,2.56686501725,-0.629567924692,0.130123510866,-2.19448816841,-1.36329555505,0.237664486467,-1.358367088,1.2539284194,1.40358345972,-2.0335515094,-0.861491853215,-0.347449011925,0.0587001126939,0.303648782502
46,-0.0410387380897,0.112914047607,0.359721465819,0.102225740961,0.197391867072,0.158585906638,-0.460115955042,-0.439760073955,-0.498259871071,-0.258698348669,-0.222822586277,-0.308994461355,-0.626509081066,-0.488470494862,0.138196595156,0.502968475055,0.360810701706,0.105529714097,0.0521224881758,-0.467397893203,-0.0388275159542,0.185192614969,-0.164519268002,0.210140871912,-0.275894189431,0.233492533281,-0.0463238452155,0.0826209201865,0.314393373629,0.134753121738,-0.501220949636,0.124080238495,-0.0357429826537,0.25727717381,-0.297529470985,0.0846064419743,0.162084875523,0.52468282154,-0.424549000491,0.24075949423,0.696881258914,-0.981650849137,-0.440686990859,-0.0795847979338,0.976564816517,-0.0411952981234,0.126247769083,-0.293607245744,0.285440445104,-0.604794033509,-0.684623972496,-0.709626130006,-0.165872047197,0.70820111737,-0.00940077916359,-0.41906402842,1.1901618476,-0.259127379545,0.534793426822,0.0521758480587,-2.83312319572,-4.48457074449,4.77980816827,-1.7497305154,4.82950497419,2.03800296137,-2.80899257492,0.875563165403,-0.453800433057,2.80136552495,-3.87697015288,1.48476596038,-0.175133289701,4.76784926976,3.81600122847,-0.263981827231,-0.876064323069,3.84032046385,-0.349938183063,-0.818246730403,0.143769006535,2.31730632122,0.283752271137,1.42323026079,0.897810170808,1.40828992203,0.922314079918,0.657926542955,-1.1924149047,-1.23846364819,2.44162622934,-2.28937205725,2.22027048802,-0.752008544276,-0.395446754435,1.12570035531,2.73258898829,-1.0168166701,-0.983412892942,-2.03732914667,-0.18171223431,-1.13285181026,-0.996358651359,-1.18443796232,-0.268311573585,1.95757994269,2.50570072442,-0.505111828221,-0.204465469767,-1.47179014932,-0.994168999722,0.427531418106,-1.35949299849,0.968238554046,1.49779682369,-1.8413140955,-1.0928362395,-0.384655702335,0.0118917121643,0.291406644494
47,-0.188712821874,0.277851766538,0.0647196116774,0.407666584285,0.368492465606,0.0232253870506,-0.240679324376,-0.416849700884,-0.355607518207,-0.205965564794,-0.510757797668,-0.318385471459,-0.414692307595,-0.0963055272456,0.595501270943,0.374265311996,0.288839153086,0.462380145193,-0.045604673262,-0.327333421628,0.134771531979,0.34172960241,-0.0875040226191,0.203372535953,-0.11299780817,0.325526536369,0.074729762147,0.155154150189,0.132060171507,0.00325498300099,-0.175482015496,-0.158108369672,0.155593244711,0.16461533791,-0.298208307481,0.138260044826,0.424618336244,0.405469679117,-0.509220194301,0.079087270387,0.667681722557,-1.05630294306,-0.549880648789,-0.241412342522,0.89024756644,0.177652703034,0.356781035232,-0.33012755417,0.247277041357,-0.709822286814,-0.760063258085,-0.6610371996,-0.297940032848,0.789020434754,0.142850128338,-0.591359963722,1.06940815934,-0.298945569895,0.533540693231,0.0806739484879,-0.429696429383,3.73795655662,-4.57762343668,4.38529676499,-1.78413325823,-2.80527866283,5.72170658374,0.34113222251,2.87936401893,-2.16994310687,-0.857911956029,-1.80576033699,4.35293404134,1.79464418869,3.6298931859,-1.58380950735,-0.211359525397,2.47483562614,-0.994057740767,3.17558359068,3.07308807205,0.670593544865,1.04722674912,-1.405730737,2.12296093126,0.30882364148,1.39311261927,0.589134536971,-2.21417593699,-1.33759754031,3.78476218488,-3.10952770842,1.60702886439,-1.1047974663,0.422624805608,-0.14374690634,2.35600422376,-1.23979803428,-0.621096451549,-1.12637606143,-0.408878858567,-0.348722877105,-1.1895197052,-2.01553808661,-1.39554068333,2.34316464928,2.03863250082,-0.196613159721,-0.55758038018,-0.613814657367,-0.497917724973,0.530383974471,-1.26670620887,0.642690828512,1.53784557221,-1.59639845356,-1.32119672712,-0.409498751571,-0.0373309808002,0.278446824265
48,-0.279172876609,0.096571578259,0.430840629189,0.226960395453,0.0853216205363,-0.00499715789164,0.152982298052,-0.121709415421,-0.148821573334,-0.504694006468,-0.442102501885,-0.499189437551,0.0317887669745,-0.187918399309,0.645196540252,0.312184193465,0.340938160427,0.499290986856,-0.0312949879396,0.0187708032785,0.456721530058,0.328571346436,-0.00468906212698,-0.00508430442772,0.0859722349028,0.281167160923,0.204299366084,0.159970232435,-0.0774943283003,-0.122634992749,0.191042074621,-0.441742643932,0.291725670378,0.03702488454,-0.212199288261,0.0484709709965,0.607256705422,0.299753621488,-0.534924457733,0.0243690605013,0.615068366045,-1.05142474201,-0.678296629386,-0.472549537903,0.713383047018,0.411185363454,0.521843464705,-0.328009084046,0.174980946041,-0.726199200806,-0.781904765279,-0.606081861478,-0.416359341755,0.835910498577,0.296244642791,-0.736838814241,0.92624266488,-0.340558024009,0.527254746177,0.107845802469,1.61264677131,-0.18751943709,5.33743860009,-5.62716882739,-2.83976786061,2.59342133658,0.792116269092,5.66177293789,0.453477492529,-2.19129517114,1.1655601142,-0.486772785671,2.94997202129,-2.85173969821,-2.70314989267,0.586464280104,1.11875731272,-1.74355353584,1.58095352774,2.95173424522,2.60641710894,-0.736819552499,0.380631932824,-2.34373640775,1.53506881577,-1.19288576986,1.04712498376,-0.651182281528,-1.74597290243,-1.13524687046,3.22473482747,-2.284582629,1.16229948002,-1.43785818832,1.2633191368,-1.62868984492,1.2098460865,-0.782882586977,0.149466357938,0.0476475262894,-0.636225662176,0.434560870129,-1.37310193417,-2.54495936612,-2.04886385885,2.24484302424,1.21012071784,0.258373425588,-0.879255371194,0.284758256819,0.067150607443,0.557534828877,-1.08850709784,0.292336121216,1.52024303544,-1.30638969478,-1.5399449366,-0.420275307784,-0.0887258046304,0.264904833062
49,-0.115319505588,0.395254731665,0.138172051421,0.0296678291061,-0.0417070908574,0.227957159626,0.136368594477,0.362636448312,-0.175970844526,-0.459675356966,-0.408773958162,-0.29814055917,-0.0341269547309,-0.42269341985,0.233152069315,0.438600265485,0.453116646436,0.216777282273,0.236960552499,0.163685198891,0.53392763535,0.241974774673,-0.0386021505416,-0.191672106688,0.148582826032,0.105379909694,0.259375760037,0.0128694593624,-0.185482206113,-0.216220788117,0.416788156625,-0.570751760229,0.396398754329,-0.120326084135,-0.059256731576,-0.170751538278,0.659802138412,0.260135103875,-0.477548665108,0.0855483494005,0.543413716348,-0.973934525312,-0.822343897824,-0.736576664984,0.500363909719,0.610959207961,0.590627202861,-0.275916476786,0.0739004279421,-0.654819660989,-0.746551708254,-0.551403747553,-0.513284932005,0.847219958198,0.444923617972,-0.85144435107,0.761966864379,-0.382482776912,0.515733728039,0.133640222104,-3.18378543663,-3.18897798284,-6.34916690895,1.19572458064,1.23722138021,0.212079614782,0.829714527976,1.70619200835,0.263901378022,2.90589702237,-0.203446667639,3.85978193823,-4.11400536118,-0.827336220879,-4.13908422135,1.31593318609,0.760154256434,-3.03194801217,3.18676586127,-0.119439070536,-1.35171238396,-0.795890686778,-1.07365680036,-1.1486200944,-0.366299629024,-2.14586803623,-0.0190921029572,-2.2313111329,-0.34899607702,-0.704984172849,1.11481645763,-0.161986640136,0.955673498135,-1.69213242014,1.69922454133,-2.61797912947,-0.138926997884,0.00731847141469,0.971925964477,1.13038235314,-0.774728406197,1.08224769287,-1.49162388936,-2.6628400159,-2.11014977222,1.68027672488,0.138173597877,0.788679055584,-1.12709479247,1.12509679025,0.634668542652,0.528640642393,-0.839768203883,-0.0660242835706,1.44345332196,-0.980620331088,-1.74226178033,-0.415524918524,-0.141972183076,0.250922174456
50,-0.225062968188,-0.155325088972,-0.109144776381,0.0539805991797,0.240823915284,0.108811521472,0.326482165506,0.142625710838,0.0269870564027,-0.0853922608043,-0.300198491986,-0.0215622432444,-0.521493087799,-0.319748840503,0.0324231172414,0.458751493798,0.437576387032,0.0573325097953,0.458150214211,0.0629461113473,0.213874447922,0.185592117366,-0.196813752796,-0.224592401415,0.0294101052971,-0.101791542009,0.200403798958,-0.250199234136,-0.154489710644,-0.258114780168,0.402234890135,-0.470564151651,0.482090168237,-0.296882297217,0.105771849332,-0.44023977601,0.592903925089,0.296779184073,-0.3522191087,0.236192092252,0.4656446322,-0.843309322575,-0.972283449534,-0.990858138166,0.310605470859,0.735759357481,0.547141402072,-0.170884839049,-0.0469443665884,-0.506196478818,-0.657104776657,-0.501403437856,-0.582615661173,0.823024869447,0.582980796095,-0.932130000822,0.578564447688,-0.423106632387,0.498811937559,0.158020427769,7.36260052204,1.52120969944,-0.0753463318739,-0.809220161978,2.17252365366,-0.409940332746,1.07768133053,-4.19930560855,3.2097320459,3.80307550851,3.12696319483,0.281541681083,-3.74415637029,2.2115695993,0.483043502623,-1.19851304936,-1.17357755989,0.324917742203,0.624524229547,-1.29765663163,-4.53324138982,-0.379458106769,-1.86957841674,0.359834984117,-1.78911406338,-1.74629652594,-1.08381571879,-2.74985862363,0.843756061339,-0.107364246684,-1.34361280135,2.06411847905,0.724709141673,-1.80856615174,1.49064026512,-2.57645532371,-1.09405007674,0.668732998716,1.44887366006,1.79045958073,-0.749342772741,1.48125101759,-1.48031005114,-2.35607046843,-1.59817756033,0.774011965842,-1.00299698194,1.30041543047,-1.27058659922,1.81551113383,1.13845011451,0.468289412852,-0.540203458212,-0.414816856767,1.30809925886,-0.629900446454,-1.92136107964,-0.394093859829,-0.196667034622,0.236645325025
51,0.413063370775,-0.0732429913006,0.0731107173959,0.0521242750093,0.137978272036,0.294024018739,0.125497966601,-0.03873824318,0.245373094336,0.246083265724,0.15585962485,-0.258067706975,-0.548269197294,-0.167945400392,0.244283439779,0.231576726076,0.244813994789,0.259963731832,0.329413731573,0.0139972606439,-0.235552396653,0.140134207268,-0.358171222312,-0.167755499764,-0.15052770799,-0.201468491803,0.0705194238435,-0.473043118073,-0.0520811420504,-0.232792425047,0.181571019683,-0.198594966228,0.530291860767,-0.473596538339,0.220060061756,-0.648167823158,0.465737256894,0.37788301561,-0.208185962311,0.42303401112,0.399888753488,-0.688453550153,-1.11220956372,-1.19620794738,0.195059784862,0.76117927942,0.394396071886,-0.0198057469235,-0.17616978813,-0.299218213543,-0.522932255258,-0.457934198341,-0.620385882016,0.765152760577,0.704686116568,-0.976990423382,0.378686280774,-0.460718888099,0.476368205881,0.180964486675,-1.9697157069,-6.21398819039,2.7484220649,1.21985385021,-2.92622029646,2.12731380985,-3.99088325622,1.35009692283,0.520031562425,2.86486943426,4.68060178184,-3.61413456657,3.13275659994,0.141703504015,2.81236672104,-2.81406715243,-2.33815001578,3.04934986488,-2.83617157129,0.637812883717,-3.78087006781,-0.683574616657,-1.08387847369,0.501140455898,-1.51957945594,-0.111062944687,-1.33257751803,-1.39798610048,1.00916719538,0.636022155732,-2.82105079535,3.0958032021,0.172841935765,-1.66946162191,0.728263575134,-1.41647398439,-1.32123272706,0.860059094868,1.32252204094,1.83972824323,-0.536009007848,1.55903571017,-1.28413318024,-1.70405634141,-0.659288256877,-0.268506136746,-2.01352327505,1.69339507006,-1.29311899323,2.2817452016,1.52062189745,0.4021998938,-0.212473187504,-0.73676794784,1.11709740734,-0.266184106823,-2.07072542126,-0.355195284981,-0.25232260786,0.222224527998
52,0.00771584214596,-0.129138744008,-0.168314503802,0.126878726777,0.0730165304906,0.0967866317381,-0.0486163639756,0.209286339611,0.221770976391,0.457070254704,0.370449654271,-0.366061642671,-0.121211747698,-0.287918832648,0.419355467597,0.0167094363415,0.0544934201723,0.480704699809,0.0368323056869,0.183719427718,-0.455361541971,0.0303111409583,-0.372918279581,-0.163984326543,-0.236114818676,-0.119008654833,-0.0302231327057,-0.485774181941,0.0146235609275,-0.12806535948,-0.106094229789,0.0879160175849,0.505135950315,-0.616550634829,0.245720340607,-0.699795562042,0.350899648157,0.450677588899,-0.108094889626,0.584372299737,0.363320209285,-0.542834796809,-1.22208729827,-1.32499607391,0.185147944883,0.685576895483,0.155093209683,0.160883154697,-0.301428538058,-0.0589758000403,-0.358474192422,-0.42037643055,-0.624957822112,0.677098215641,0.804718123057,-0.985356885591,0.165611521407,-0.493550766662,0.448334380917,0.202465621343,-1.47418143317,8.17741475583,-5.14073005515,-1.78753840765,1.79011238626,-5.64345144943,1.46700423051,2.00666478214,0.0628160687156,0.90932981382,-0.909885887155,2.74946625699,3.90321536125,-1.8784864612,0.191248515019,-1.02258721264,-1.0970449924,0.50590185794,-2.16814230889,2.40785198244,-0.501187050179,-1.50873047782,0.883761261176,-0.489823541695,-0.138965188388,1.66937299945,-0.536131754799,1.23239438743,0.220100644407,1.45874330369,-2.65966572124,2.345519333,-0.711101423865,-1.10551204137,-0.202092957129,0.444507806117,-0.893111379342,0.518052141783,0.593983830078,1.30307696737,-0.178285432291,1.29901199383,-0.878870472615,-0.852727589358,0.470505421425,-1.20608366119,-2.70604649598,1.88005413898,-1.19185506466,2.47514180802,1.73865503611,0.353529695161,0.119869850336,-1.01598708368,0.875702250871,0.0978194979114,-2.18434633886,-0.29846279672,-0.308366522706,0.207812398158
53,-0.209271781271,0.0936599920559,0.0768745628453,-0.237588692048,-0.00413452727833,-0.232755855239,0.171166914547,0.260168543514,0.345028010722,0.358795979665,0.121864355615,0.22017894854,0.0705009397848,-0.37650526095,0.28967208521,0.0516480072094,0.0538823643073,0.292306008603,0.00644507352261,0.400942728142,-0.374321650381,-0.140808238296,-0.189760940205,-0.246091874714,-0.197066529716,0.0958375254792,-0.0220066271267,-0.241648368275,-0.0128623425763,0.0541230365871,-0.307698908081,0.226233715653,0.388680429749,-0.676799762574,0.190002695546,-0.560428123096,0.295359559525,0.470935646322,-0.100818323536,0.671588756954,0.365774501307,-0.438374483427,-1.28171964643,-1.36588701322,0.286526614376,0.5309586561,-0.131566935923,0.347371219568,-0.41071086685,0.186084426366,-0.181434287546,-0.386056320201,-0.597009418097,0.563833122678,0.878395622461,-0.957851436536,-0.0568151470195,-0.519819777099,0.414703687284,0.222532369256,-2.52832262433,-3.66095099649,6.95385124315,-1.48348271452,-5.40246583512,1.41358993447,0.991457976795,-0.379581629482,1.81716015021,-2.73239731844,-2.4768685853,7.08789750964,0.145076754349,0.73931452557,-2.32828128516,1.49778804006,0.94104976666,-3.95359185135,1.62539556081,1.49982302622,1.70825878684,-1.73983822077,2.60649152411,-0.915397380979,0.710186304862,2.38574248218,0.686119286685,3.4129756791,-0.713365316814,2.13023127249,-1.24508269399,0.293663883255,-1.57159463082,-0.012653205496,-0.828143997121,2.27140713697,-0.221160220003,-0.135505719075,-0.472098627411,0.408641060451,0.225092313657,0.74942228705,-0.28748043406,0.0251496057454,1.52226752549,-1.81613765352,-2.94389021442,1.80313882223,-0.97599622626,2.37783643444,1.77045622989,0.339754305304,0.434383215063,-1.23897644035,0.591444990806,0.449079109495,-2.2569603166,-0.223995102426,-0.364144252984,0.193562341458
54,-0.0517126212735,0.254616146126,0.0913881182348,0.067559178365,-0.461931653855,0.0713085183493,0.0979811190826,0.249063821438,0.375555459649,0.067097709472,0.118021194475,0.630044474054,0.0821470645771,-0.116212484722,0.0627529696677,0.228877709033,0.169053928762,-0.135592091645,0.271096847738,0.439219899396,-0.20482771162,-0.282900892908,0.0962895647759,-0.289288398199,-0.142222982531,0.310218353502,0.0867418132578,0.125610331152,-0.105079584802,0.279996987339,-0.350919095146,0.144121033418,0.208263474139,-0.60536797102,0.100262974803,-0.270862627912,0.297515700804,0.42557887978,-0.199830750459,0.665682598432,0.405940601658,-0.398943813638,-1.27584417913,-1.32437967238,0.478908415274,0.338474969325,-0.416558714905,0.512198564622,-0.493421642917,0.40735635808,-0.0105858802133,-0.350932025342,-0.539332567867,0.431523015185,0.92189753336,-0.896396120179,-0.284269306338,-0.537778003661,0.375538708168,0.241188575561,2.47023310388,2.33588279619,-3.79550818156,3.12324299592,1.65556980674,1.11345334467,-1.2038966104,0.0834904768041,-1.92215525497,-1.99296802057,2.55415819749,-0.116452718759,1.00357266181,4.09446887844,-1.79895642517,1.53343894968,0.901181587724,-3.45923537985,2.85617830981,-0.703325332719,1.29889490237,-0.974700686541,2.81368582333,0.315501949669,0.182121932171,1.70343114178,1.31779260298,3.50706354575,-0.983400809232,2.26403754649,0.296967953791,-1.83554077887,-1.91721875441,1.48027254484,-0.861813216181,3.34986952226,0.182681758958,-0.731051200483,-1.4584903682,-0.498796002786,0.557524129759,0.0216518041799,0.414610005861,0.772329752543,2.25601174984,-1.94602164554,-2.67118025154,1.44846463252,-0.664163265,2.00448556649,1.61691932972,0.370489332147,0.71149429963,-1.39548714934,0.273957465851,0.774705160611,-2.28427179914,-0.13238955658,-0.418924229544,0.179626798419
55,-0.103321016884,-0.159262064166,0.0438046430743,-0.0373440026465,0.329306577446,-0.0688506764357,0.0689044442937,0.169176666819,0.0301700171595,0.091310890985,0.434229020251,0.291723296907,0.314837418544,0.320201941217,-0.0511381794732,0.276896713774,0.171636373719,-0.223799949089,0.423943503002,0.30384941113,-0.154657194382,-0.328012983535,0.320639702984,-0.156183371753,-0.177779198398,0.413007506677,0.202547635074,0.379245280922,-0.182417546398,0.478085368467,-0.281007970084,-0.102943959579,0.0314141509049,-0.381942781477,0.0354723877874,0.0715482917313,0.311499687899,0.33734748136,-0.37651039139,0.58261716062,0.471909233851,-0.434711218124,-1.19902525236,-1.21944230568,0.721718518974,0.159433763519,-0.650021308057,0.628885235447,-0.541181986242,0.579262962388,0.136536845437,-0.310439869498,-0.456474210115,0.287168281135,0.932459229621,-0.804174920357,-0.512053877411,-0.545763110307,0.330978720896,0.258473201902,1.0867075967,-2.74429160889,-0.587338947703,-1.23005125689,7.79091627821,-0.540146860363,0.121534920761,-2.13537394817,-3.72152218816,2.28424528559,2.2261338867,-4.78561234211,3.0864808029,3.98412550378,-0.692646755992,-0.797197620588,-0.890217935958,2.00031175227,-0.256144718537,-1.69729946925,-0.295433499884,0.0198958445626,1.49742235479,2.30640700746,-0.831927037807,0.323952980858,0.817232720273,1.2467201487,-0.467217781377,1.54671394196,0.886602620397,-2.85410973175,-1.49451760972,2.92991892429,-0.371984550719,3.30544832457,-0.0125779755037,-0.955827821732,-1.97120899484,-1.08728341391,0.731089362797,-0.725521149646,1.10921845546,1.28117907523,2.51327925528,-1.54957049435,-1.92813845594,0.849897576684,-0.281615543092,1.40041537496,1.30164942624,0.446495341257,0.935862634517,-1.47915596482,-0.0653217486776,1.06242860334,-2.26315438671,-0.0247626289618,-0.471905675792,0.166155326366
56,0.250536910523,0.015766908697,-0.134984116622,0.24361414014,0.278220641946,0.318152171324,0.0386641841355,-0.137483704849,-0.126514588734,0.33026264077,0.380400793378,0.0507356350881,0.531966916693,0.583426168194,-0.146949895917,0.0689565605783,0.0414150854524,0.177764606268,0.233967766054,0.150398186454,-0.232482944112,-0.301443575338,0.385794853999,0.128317462173,-0.269568830747,0.384048051356,0.227407778529,0.342263876003,-0.19266136118,0.563387601508,-0.216242399626,-0.373985845428,-0.0717095574768,-0.0422067828631,0.0304783795268,0.355988892629,0.275603704141,0.250109433214,-0.571039577319,0.465678578876,0.545983850108,-0.538808739137,-1.05881862514,-1.07750084305,0.964038101004,0.0437742393225,-0.79085757085,0.6766052601,-0.548367943656,0.682090221941,0.245779423605,-0.260376859559,-0.354265504556,0.138194768638,0.908533761745,-0.685547786748,-0.735224866255,-0.54225066838,0.281246110523,0.274439936279,0.423344328982,-1.97356936888,2.14995626603,3.19471745159,-6.01763248708,5.72177922207,-0.219309007909,-3.06128229179,1.02487390165,1.23822267919,-3.08837820152,0.915003839748,0.654682885247,1.02261545192,-1.55600700976,-3.15779684752,-1.27772464764,4.98877783347,-2.98054413662,-1.22711562749,-1.00696206011,0.374511986685,-0.117831486825,3.02778305835,-0.718560888978,-0.809309503072,-0.341786412511,-1.96891486573,0.219675012442,0.0711215315518,0.23234983094,-2.32513061726,-0.517152453668,3.69858409613,0.253226978177,2.24759420474,-0.777352981413,-0.719124670471,-1.80221657163,-1.15917453406,0.721940628393,-1.31628159522,1.65978195284,1.5115680178,2.24873613984,-0.700312970667,-0.847600587167,0.0851908325454,0.142162571947,0.636446635412,0.867911136552,0.559946194869,1.0972435643,-1.48787448837,-0.413554455075,1.30107745279,-2.19182171338,0.0972443423438,-0.522229210731,0.153292541743
57,0.0393239986833,-0.132514244277,0.214967124097,0.104646467117,0.0807272615152,0.344291055659,0.131974742684,-0.186409429489,0.104184895378,0.207495519613,0.0443730738934,0.368621086488,0.456588188519,0.528931724722,-0.381139368932,-0.2848027901,-0.0135653268911,0.537324396408,-0.0192281175092,0.0661399896353,-0.305724183592,-0.27460896675,0.329933809789,0.372446904331,-0.265947831393,0.270791123156,0.150265006703,0.0242846442341,-0.158687485377,0.488258396503,-0.253853352159,-0.532526729762,-0.0727215594066,0.317218194847,0.0747183013996,0.503857281168,0.149498247674,0.203285445749,-0.715886247931,0.368107225141,0.611762521568,-0.68760816456,-0.87596202506,-0.925595124328,1.1563689011,0.0285512814981,-0.815022553233,0.64399886777,-0.512436837243,0.704160523198,0.308078340258,-0.197695996033,-0.239291547161,-0.00797800613061,0.849907197689,-0.54591788897,-0.948732351606,-0.525906270267,0.226651586417,0.289156591255,-0.687208842998,6.61415644922,-1.16190660656,-3.71542247218,2.88822918423,-5.71543853983,1.56394741575,3.0436780465,2.31167446895,-3.39393307801,-2.22970543235,3.83452512541,-1.55591065097,-1.79701427797,-2.91484673697,-3.48003642606,0.271430993348,1.25550281473,-1.39195585834,-0.480770272464,-0.265350056817,0.110056630649,-0.792152629905,1.52719110132,0.99156258349,-1.37836308769,-1.03276787075,-4.050453102,0.32161804764,-1.51484320786,-0.984622905027,-0.751046391213,0.439755000264,3.26669564146,0.5442691812,0.677726507193,-1.73246706179,-0.195474556875,-1.00927511396,-0.717879622768,0.578450200354,-1.59845185043,1.94522634569,1.48958736888,1.53448730808,0.422021481457,0.36739406522,-0.736852395679,0.575285866296,-0.199019541464,0.373182948108,0.695877838309,1.19081217271,-1.42386568702,-0.757010564522,1.48103253257,-2.06996016221,0.231475353503,-0.568990170396,0.141175949948
58,-0.254707101297,0.259541262698,-0.0167459941834,0.00532600020083,0.186676627326,-0.173236645726,0.137260256197,0.362068592577,0.18378418548,-0.129650363196,0.0632130843309,0.524495468704,0.344539414287,0.334405812549,-0.639072054991,-0.543090152819,0.0424655438928,0.367679362816,0.0118100687317,0.0519226867219,-0.269566416691,-0.276270686701,0.262669194145,0.401253363773,-0.0620165843899,0.116172320801,0.0623237955657,-0.386006455538,-0.155125382462,0.288273394912,-0.393499902385,-0.523413983488,-0.00337054652319,0.568478696587,0.119380313618,0.495608389065,-0.0592024084233,0.209153179281,-0.761640145648,0.332901583086,0.660426368831,-0.845207592045,-0.681069120128,-0.785540795434,1.26145126882,0.129020101184,-0.720768574949,0.531355557751,-0.434097505635,0.643112096387,0.320534715488,-0.121106810385,-0.118355106733,-0.144361520689,0.757758978249,-0.391555127062,-1.14757254516,-0.495635790854,0.167597936178,0.302704280902,-6.0762257377,-4.93378245408,1.5080267148,1.73308910763,-3.55204195501,-1.24110960037,-1.60830967556,5.67411352393,-0.504445703132,-1.9545532934,2.19789384705,-1.30916631991,-0.412345923104,-1.43674819523,-1.69513315281,-1.3619058725,0.302233927034,-4.24748833915,1.79357327037,0.21837295159,0.94429819835,-0.0693278644988,-0.447429430345,-0.909198327588,2.95906953057,-1.70885733707,-0.524049179722,-3.73982507902,-0.352124799094,-2.27606981407,-1.62623212182,0.85413859839,0.823240341093,1.57692936747,0.251001080568,-0.775936757558,-2.34101246444,0.272981981593,0.117683178163,0.0436692435881,0.397636740419,-1.48511269129,1.89431638876,1.28954721404,0.537448084258,1.56908770402,1.48111473004,-1.49561048415,0.9848084444,-1.00980723486,-0.118017455704,0.83458532261,1.21696699006,-1.29346659447,-1.08165606359,1.59464343813,-1.89881655961,0.37528666253,-0.611254509153,0.129933696173
59,-0.154922195749,0.179367620735,0.21758492225,0.1373230311,-0.264971000746,0.0210703913278,0.0680695089412,0.472489697128,0.156987421802,-0.0141833723147,0.276830060531,0.214946057419,0.335283752577,0.329996808042,-0.646992541273,-0.533359010983,-0.0595521171366,-0.138000675069,0.219910013041,0.115143981609,-0.147063009286,-0.268919960264,0.242013236038,0.237820301466,0.27103988571,-0.0712109301766,0.0715113903671,-0.657091748117,-0.236761285177,0.0819840283802,-0.53427401922,-0.388676075622,0.0674711298553,0.608633091122,0.109939263722,0.368384481365,-0.292707102079,0.245026321884,-0.694455120804,0.377473912869,0.693427727578,-0.971613125214,-0.508301125945,-0.670455668926,1.26172548765,0.334367255471,-0.529670601621,0.350703209305,-0.317356579946,0.506145712359,0.286719687074,-0.0314029382839,0.00201686563724,-0.264787326301,0.634660576376,-0.229380815881,-1.3269461326,-0.450632107581,0.104582069644,0.31517637048,7.9639509497,5.60885401441,0.700976511114,-0.814154050328,-1.2174239329,2.26970207663,1.44743628573,-4.2169328988,0.542383324794,4.17136074509,1.07350966386,-3.6184289461,-0.212677250655,1.36354295309,1.5729536818,1.4241414044,-2.62242192966,-4.83759723813,1.60681261279,1.02756955507,1.2802528179,0.308547325975,-0.0472468013138,-1.98098176984,3.33439927924,-2.02068838729,0.732677313225,-1.47651784371,-1.24604583385,-1.6001547897,-0.959222979279,1.67509749357,0.491850875545,-0.816673695577,-0.479702549985,-1.6501296993,-2.1813557886,0.36276127434,1.18347861686,0.824529047415,0.2793681942,-0.984747391801,1.51006624452,1.00608376132,-0.523616566401,2.47755032408,2.27062226577,-2.08059754408,1.33793584895,-1.70263309637,-0.542167684142,0.954619583069,1.18068699194,-1.10663953353,-1.37379390878,1.63658605654,-1.68123529662,0.525590683213,-0.648077050514,0.119682276398
60,0.0168451873869,-0.0293045415464,0.172409763403,-0.0368157391198,0.125424326138,0.0775425215059,0.253085882042,-0.105315127154,0.251136811388,0.489782242531,0.241334629528,0.0132357326713,0.257104852847,0.506146455568,-0.390860723318,-0.332931327415,-0.442375454784,-0.456094474891,0.22064148723,0.23140057963,-0.059206561156,-0.20518597315,0.228396224515,0.08485838358,0.53371767431,-0.274146740992,0.189024425162,-0.672115250457,-0.384270742847,0.0088034115776,-0.549289040067,-0.219762358512,0.0833200742473,0.414311192458,0.024716994776,0.189519332387,-0.466451998013,0.264575340754,-0.538517272013,0.48855919679,0.720284712601,-1.03286450999,-0.387468149181,-0.584199270838,1.16192825781,0.609127288537,-0.283077705695,0.123745915309,-0.169430970843,0.30920802547,0.216173714812,0.0685227027576,0.115984748152,-0.36423539067,0.484508767932,-0.0667202749678,-1.48241762595,-0.390416594022,0.0381951333688,0.326677197054,-4.34196829593,-7.86790473978,-3.56303943386,0.208538311055,5.79020421301,0.402020584345,-0.00880687985546,-4.07601037151,0.672426333938,4.21765662953,-1.09938222139,0.00466294473448,-1.18810138733,1.29595064957,2.96269476212,2.04459419292,-4.36822008026,-1.30815941939,-1.77942568487,1.04585641168,0.301271213883,0.950472895764,-0.347142279501,-0.748986691395,1.64547199079,-1.90955919395,1.40733020815,1.06847792397,-1.55553779372,0.260689590943,0.758061989249,1.57752592701,-0.181082503669,-2.93653021879,-1.17030486821,-1.81733435437,-1.16477615762,-0.0514750888475,1.84840920954,1.33187303703,0.278015663699,-0.208374634079,0.875630837461,0.725309955594,-1.43036342737,2.92704494543,2.57019548488,-2.41180225758,1.60356263208,-2.19751741264,-0.844663082576,1.03596589835,1.09055678831,-0.876254802023,-1.6207250834,1.60414417063,-1.42164091857,0.678916517036,-0.678521765856,0.110524252751
61,0.0856319186064,-0.0491415378224,-0.371314299908,0.17323504022,0.345471502061,0.290918698879,-0.0352373849909,-0.0265106021148,0.241113717691,0.561702162591,0.230830160162,0.166885080318,0.178596267054,0.444457782548,-0.164748219152,-0.225583890491,-0.761806110655,-0.455579026128,-0.0876908869633,0.262623489998,-0.0964632659633,-0.0951810463593,0.161101146745,0.118561876493,0.576369310063,-0.418821915877,0.299707739605,-0.486711686127,-0.516137471448,0.136483963847,-0.384721809768,-0.0877965530678,0.0406002859473,0.0622170075612,-0.104981920017,0.022364938337,-0.506851501073,0.222826001156,-0.343721580594,0.628519495565,0.752327718069,-1.01043620998,-0.33664825301,-0.523389174141,0.986523588107,0.900077725345,-0.0345578187374,-0.121976568319,-0.000474310078469,0.0751930981133,0.123159638112,0.173971534002,0.218699450944,-0.439081686641,0.312393290653,0.0889682940013,-1.61007015153,-0.314873764256,-0.0308794874721,0.33732056387,4.7515642952,2.82904178561,-0.129571048151,0.269198644611,-1.23839323703,2.47725844473,-3.496543471,4.54195881365,-0.50165383779,-3.08891718294,1.30102517635,2.47035097031,-0.0179042562445,-2.7593798982,1.23018348983,-0.209874551584,-1.26601522252,0.726096599647,-3.8256045818,-0.700577946869,-0.937715687077,1.11550556904,-0.965063650994,1.3650935929,-0.741191372978,-0.798896692453,0.536920609406,2.36039587339,-0.940810966272,2.18405074323,2.41081934556,1.04480912029,-0.581712951415,-3.8488024932,-1.29703707228,-1.46603761007,0.406847115804,-0.815009078719,1.95250955273,1.38511418734,0.37305900566,0.652428650361,0.137966685307,0.50332561089,-2.01384149319,2.78972299796,2.30562566413,-2.45429743707,1.75449914831,-2.43683093071,-0.986665961714,1.06297093322,0.957599617847,-0.617203777164,-1.81139356087,1.49739975874,-1.12596406119,0.831486202145,-0.701683671816,0.102546021745
62,0.220909069294,-0.247400064239,0.249909393056,-0.0421791909069,0.0963488726052,0.196534890012,0.0637524845016,0.350618762797,0.230480429854,0.0870257664393,0.408238891155,0.40749526095,0.252282230177,0.0523921673355,-0.143601570854,-0.363754978888,-0.64299383637,-0.416684320255,-0.424330575672,0.0683337160877,-0.195458364695,-0.0111455243667,0.0606138224412,0.308220987915,0.423348781972,-0.406304870756,0.258528714943,-0.253255682585,-0.554522466326,0.402354586329,-0.109699927764,-0.00505826589121,-0.0102561240921,-0.301230599154,-0.207575479172,-0.0975947115774,-0.38544842516,0.102432335776,-0.164956546227,0.749781953458,0.795089022526,-0.907055784536,-0.357460029133,-0.480959807895,0.77287946579,1.14719648729,0.160267315551,-0.357971376367,0.176959508218,-0.16865030598,0.0248201687229,0.27899641086,0.30648540628,-0.487251469062,0.124402372414,0.230378862075,-1.70664998613,-0.224277567202,-0.101870417741,0.347228016339,-1.09405114519,0.498552798235,2.90496657988,-0.464991631747,-3.32240654931,-4.34159035557,5.65501446298,1.53602639593,0.215356142074,-4.39811307314,1.20357224346,2.02885132423,1.10918384911,-4.01743098456,-0.529791297366,-2.1108566934,3.29909529201,-0.206066174472,-2.45553892125,-3.07852378898,-0.684689248881,0.444193969602,-0.852087376689,2.04706482258,-2.04281061788,1.09982582197,-1.42493364788,2.09951739209,0.198916238109,2.83504502126,2.81576008361,0.668627581328,-0.318849615651,-3.16203987327,-0.627232525169,-0.929457298141,1.96683005862,-1.55095944352,1.55400685453,0.969671293178,0.472642722259,1.37394835192,-0.527848875417,0.357402975913,-2.1890192756,2.06041633351,1.51115965764,-2.22409677238,1.77049159168,-2.39198120896,-0.950043872575,1.02662595074,0.794063944772,-0.345411630367,-1.93697774926,1.31931955906,-0.801510634446,0.97930516323,-0.716711856499,0.0958156872205
63,-0.0924809136683,0.205312522482,-0.150728303314,0.1126495207,-0.16442783471,-0.13129708091,0.541099358155,0.352167732503,0.204860856739,-0.0126350475576,0.339309822424,0.516361011389,0.30951303933,-0.144268440052,-0.20626450486,-0.515654624117,-0.26222643089,-0.47553332818,-0.549020674896,-0.290091424289,-0.165402742367,-0.0157624085317,0.0287799101424,0.450226326379,0.221644216135,-0.214056732338,0.0331274840574,-0.0892620866459,-0.483683127606,0.638825623118,0.12305295928,0.0576581455681,-0.00525164640807,-0.528973057946,-0.211439834321,-0.166601187886,-0.133684488866,-0.0720324885813,-0.0423567089039,0.811382613528,0.842768753407,-0.746822977309,-0.434508720989,-0.449909047759,0.562032499417,1.29636309817,0.254537811918,-0.559761554441,0.348785247074,-0.393828183481,-0.0610361377063,0.3771417854,0.376905572784,-0.508271850093,-0.0726266925916,0.350645718525,-1.76969524978,-0.119308010791,-0.17392487698,0.356526912807,-6.62362114343,0.0213199355784,-2.15446127304,-0.971313818181,-0.498504798016,0.185545292403,0.542434501251,-0.361672376155,-0.840275658355,2.59461150455,-2.35542759514,-0.201014273706,-0.227285728553,0.734977841374,-0.510082020025,-0.270523371397,3.33691458429,-0.598666429464,-0.18009594793,-3.64241103307,1.51608708058,-0.488247240604,0.349836737191,0.484326291286,-1.78683141497,2.54012866719,-2.84345401803,1.17000134911,1.13229731396,1.59041027872,1.60045611085,0.624431595336,0.465059749249,-1.25950399512,0.598690705152,-0.478312652009,2.92888694623,-1.83232845033,0.873974478823,0.225105890328,0.45031397121,1.7632292344,-0.964449699267,0.270829120556,-1.96774126327,0.860670167331,0.325274540317,-1.78398261199,1.6417756973,-2.06695292863,-0.739782348014,0.925904436637,0.61229762147,-0.0768227601045,-1.99139231286,1.07572922277,-0.456776295671,1.11826477023,-0.72283307408,0.0903810919342
64,-0.317537177731,0.098475489851,0.140896177873,-0.253521383509,-0.00322156121082,0.211777793137,0.121470939824,0.300859378972,0.17822942189,0.363169856639,0.129684599673,0.317034442629,0.226777304109,0.172493011269,-0.24272935453,-0.358448545154,-0.109884440578,-0.465000930418,-0.516722330766,-0.577456141482,0.110228314313,-0.0799401919906,0.132865525317,0.378792861103,0.0838065077894,0.0427105179375,-0.244114310572,-0.00563863559949,-0.348437377867,0.676144299694,0.1807523765,0.119284485644,0.0804421924448,-0.544739689827,-0.0898131579688,-0.199135705663,0.168065027073,-0.239497215443,0.00949474355047,0.791439465459,0.877498708152,-0.569068119539,-0.539385126415,-0.425999893083,0.389328899956,1.31108699567,0.219490340308,-0.710960086432,0.500612513753,-0.573885811502,-0.118249357437,0.462262536195,0.42872283142,-0.503224529308,-0.271401300306,0.443623214167,-1.79764347714,-0.0010570321774,-0.246117626383,0.365348308682,5.74325193602,4.45528775515,1.72672703736,-1.08972364971,2.25265775716,4.05007936894,-5.95040098256,-1.56736260008,1.07173234218,3.13058078648,-0.793485691022,-3.65823636855,-1.06015941433,4.73362356408,-0.349334395313,3.19721081912,-0.419782447819,0.967978655852,0.539187263807,-1.83198920912,3.76333562347,-0.578420754176,1.59742627355,-1.84158603803,-0.998011373647,2.26059207105,-2.34002547133,0.617906894052,1.4789420987,-0.950733834011,-0.481278118078,0.558358781902,1.1790042957,0.892624010666,1.76363993127,-0.197416235187,2.93601892052,-1.38809609672,0.181073691235,-0.62040708518,0.200935087929,1.71706274912,-1.07509595383,0.208111920328,-1.44844715935,-0.584419429612,-1.0342754223,-1.23007814849,1.3725373182,-1.49821707542,-0.383556111514,0.767981134761,0.423816461924,0.173570234779,-1.9716680555,0.77517080686,-0.101210430959,1.24425437926,-0.719375290022,0.0862680625759
65,0.0525896992338,0.0798741329963,0.0957141502085,0.249470303698,0.180798580195,0.197297147456,-0.0846526251118,-0.00342951356653,0.377733751546,0.429670438009,0.217241984198,-0.0657299999862,0.164701992164,0.572964454793,-0.296759526158,-0.0152190355891,-0.257879347602,-0.311850270043,-0.471223717193,-0.646440735011,0.501592106742,-0.0863612515989,0.294837471309,0.130515986349,0.00142782283748,0.181857045364,-0.376033549801,0.0561687004654,-0.199096648987,0.4549633586,0.0441822137742,0.15153935268,0.207593347693,-0.376970806887,0.116811202874,-0.208980864179,0.421775859191,-0.326063369985,0.000209020969285,0.691664304887,0.874223887487,-0.417319844506,-0.638255329786,-0.408675227052,0.277115159434,1.18073856059,0.0504399442493,-0.805643889614,0.619276996547,-0.687495225742,-0.134437286109,0.529307177813,0.461781008789,-0.474606269941,-0.464498059513,0.504145427381,-1.78991331835,0.128977182943,-0.317462240488,0.373824678016,-2.14633066047,-8.6602541618,0.553229386657,7.35454674709,2.13121788509,-4.275182391,2.06852598071,-3.21011394899,1.58022350043,-1.47329996565,1.75049070179,-2.79892154707,-0.0356312453484,2.25205181129,-0.70757498749,2.71012576481,-1.73226060006,1.70398616222,0.376696183148,0.29480533504,3.52995602435,0.631973824142,1.28290257424,-2.77059051539,-0.779162960808,0.353862538969,-0.128080995169,0.690207308726,1.49930004859,-3.30747750283,-2.05415962224,-0.0261150671372,1.22116318876,2.26658039347,2.20617178105,-0.00178710972298,2.00313947277,-0.247210783435,-0.326176395263,-1.33758754733,-0.306914192652,1.25790748575,-0.850633876313,0.13434342072,-0.78651471494,-1.99173050909,-2.31146754974,-0.67186219614,0.983392679633,-0.750895833862,0.0715166231541,0.567309764218,0.238636193159,0.392590991448,-1.87818359232,0.42864427479,0.255064007628,1.35327975823,-0.705790517628,0.083478922378
66,0.0948770950481,-0.0311637761041,0.11691796956,0.458058418317,0.382779619961,-0.0930660467744,0.120172700954,-0.0100150453368,0.255632267589,0.239653994461,0.27604979348,-0.0572175858671,0.207436733702,0.533247515756,-0.350482474464,0.0349637348073,-0.317864615724,-0.202597352512,-0.424039033707,-0.569783474064,0.723382951969,0.0609310786838,0.318407318266,-0.107052600499,-0.088481755346,0.11350196971,-0.270168309207,0.134244458157,-0.0417911230368,0.0675663036724,-0.177601309551,0.0933684587616,0.296978959035,-0.136224079675,0.315850445935,-0.197809742167,0.549416923788,-0.276933143862,-0.0473548837596,0.533563222428,0.809699743905,-0.326431349619,-0.700953827259,-0.400121022913,0.231036530541,0.923496312338,-0.231818823042,-0.848568056554,0.694530824766,-0.72098274683,-0.102673086775,0.574956579421,0.476833528991,-0.426110443959,-0.644702269152,0.528254402825,-1.74695635592,0.268907899006,-0.386924598694,0.382087501887,3.61415575553,8.16721485946,-0.187116652065,-3.96423542812,0.349790238201,1.40186655562,0.126358831284,3.37653043169,-3.92798611488,-1.76709602037,-1.08914092709,3.10693240245,0.728567824365,-2.82075855399,-0.133055072868,-1.94135174307,0.81250439658,0.260919442457,0.650581222922,0.981980461781,0.622254802667,2.25355847557,-1.08930006511,-1.73172964658,-1.01957874241,-1.54713979681,2.07047022461,0.8186664979,1.70748172683,-4.11483600934,-2.09174162287,-1.20657784196,0.4550026552,2.32310355743,1.60083819858,0.241069480696,0.498636257295,1.2472132335,-0.586381890151,-1.76920935483,-1.00413832005,0.53336143359,-0.371674376056,0.0317720512561,-0.15337025148,-3.07835800607,-3.26108369388,-0.209716149605,0.511940465755,0.0885158545647,0.564568633084,0.343689203538,0.0648937894449,0.569586250647,-1.71473044917,0.0492388643312,0.601566472357,1.44158441316,-0.681676263546,0.0819913233197
67,-0.214856925915,0.137026447506,0.279830226699,-0.0358614933266,0.101066703487,0.368964800377,0.0897157716858,0.316440699082,-0.101597546423,0.0474953529293,0.0842278613645,0.382504544043,0.286049940768,0.155511112471,-0.297557019848,-0.315297143021,-0.154437341231,-0.245181939948,-0.342723744472,-0.478296065397,0.62471285971,0.32804247845,0.0556666497476,-0.200482224285,-0.184594513807,-0.0673195826111,-0.0218051205713,0.202272633714,0.152837906087,-0.304193386569,-0.323209077361,-0.0904072787145,0.287270093654,0.0498775140229,0.408723955803,-0.157528531696,0.521212062155,-0.0826108541758,-0.111000335438,0.349173675654,0.672313823214,-0.311738532863,-0.708956529402,-0.403049660123,0.240560856759,0.583343610715,-0.584519083184,-0.853205154026,0.720658677014,-0.669984716674,-0.0224980200166,0.598029280684,0.475348163484,-0.362347339284,-0.805345156949,0.513386460362,-1.67027594843,0.416489650827,-0.453438423181,0.390264758032,-8.06321388708,-3.42428630191,0.193607272331,-2.10810679516,-4.49331874489,4.13673092625,1.57780792631,0.786516711087,-1.41876971754,-2.44097325012,-1.73299860197,4.17662193116,0.768759721556,-3.74576620105,1.13441824947,-4.07718369612,1.71650482735,-0.797652405686,0.871440666938,0.847965104772,-2.32673876607,2.82339299365,-4.06458747074,-0.245027228736,-0.749105044839,-1.70146154651,2.53047925072,0.447165800256,2.2034954554,-3.05163326167,-0.637242042254,-2.39277204326,-0.639641395438,1.26638638579,0.163820185806,0.575740758125,-1.01578744971,2.56266548072,-0.666539034934,-1.8635217592,-1.73233926934,-0.223300544387,0.215552687359,-0.0918505733247,0.305376313718,-3.62023787544,-3.69614629675,0.0853521148534,0.0106276272044,0.922155154915,1.02845327464,0.119583075773,-0.0912577958974,0.696939057088,-1.48840249501,-0.348334604355,0.927800501004,1.50577004783,-0.646794896769,0.0817574462191
68,-0.355494322908,0.381559549389,-0.0605173920659,0.0664216377481,-0.0122923511963,0.252169144985,0.475622424174,0.107615360763,0.0181502221302,-0.185009379625,0.0619981188482,0.533718614694,0.338035046955,-0.0511305965399,-0.17104829124,-0.57028958293,-0.120889995406,-0.29489367589,-0.275430992575,-0.381186324764,0.347233452357,0.572365807216,-0.43366591517,-0.205163264369,-0.209349572627,-0.162101340702,0.169305394166,0.212399237178,0.390207650964,-0.509076461503,-0.28999302448,-0.353823447744,0.184489845121,0.105361123192,0.342926543852,-0.082856129549,0.36386570067,0.212354368535,-0.178831078062,0.170751501635,0.46892233342,-0.363739285519,-0.659866808239,-0.418170782117,0.283319159155,0.221705810437,-0.950690991424,-0.838046356809,0.697730242502,-0.540010353337,0.0998645978623,0.599596354193,0.459312904705,-0.288523731355,-0.940621273702,0.458507430711,-1.56241109629,0.56915990302,-0.515922621974,0.39847835069,4.08265271068,2.44933845818,-0.730128558921,1.01246439679,3.07452572552,-5.0677036481,3.31507918499,-2.78034502393,2.39333388114,-1.15773314263,1.18778470062,-1.55845371726,0.0735058606461,0.0458929952823,1.06419898878,-0.292872359963,-1.43195536072,-0.00866325151391,0.392606706727,1.21296096,-2.70913163444,1.8531329501,-5.25786337051,-0.164221985838,0.33309478498,0.0156986148883,1.05269169927,-0.240272507894,2.43172047269,-0.994879801143,1.26142360354,-2.65056834139,-1.28089461215,-0.138884374374,-1.44006593967,0.901198479652,-2.00993783133,3.18876550726,-0.69043304876,-1.66278714316,-2.29061258272,-0.761427505236,0.743066022505,-0.205441163583,0.502921438294,-3.49879801021,-3.52428097378,0.185574231581,-0.458396953619,1.65243680585,1.39808584348,-0.082942051483,-0.2255328674,0.770368282373,-1.2093106252,-0.748294436206,1.22360956714,1.54291222529,-0.601090274178,0.0827036117109
69,-0.0276811395061,-0.0752915839815,0.362431968953,0.155667320088,0.272725954139,0.0299866315319,0.231193008167,0.127949410257,0.110745239365,-0.0206442357136,0.189931865296,0.180108469459,0.262219241538,0.141325987766,-0.135678273977,-0.368000554657,-0.394318112874,-0.264095187265,-0.25846501628,-0.228541519342,0.165418899427,0.679665766309,-0.893446631333,-0.286353062369,-0.128101716237,-0.0578860118291,0.171269970474,0.169197873861,0.605684581857,-0.515730124513,-0.0989684102833,-0.569273540817,0.0639496161851,0.038760103115,0.141195833593,0.0159390832109,0.147081861022,0.522445019439,-0.25027460496,0.023302685841,0.225866700316,-0.450234605732,-0.567052859068,-0.442362553007,0.331986028702,-0.0945563922102,-1.26969823908,-0.821965825022,0.632196310431,-0.345813735172,0.252130574487,0.582788337212,0.431061531262,-0.210103425141,-1.04586903678,0.364189507173,-1.4268845357,0.724091870263,-0.573300131067,0.406841523625,3.80849566397,-3.04178403803,1.38686100917,3.51188823237,0.191986452125,2.17755233162,-7.55700746936,2.70299988259,-0.54198389854,4.26108621638,0.667381434832,-4.35784624124,-1.64243297294,3.17751594046,-0.445029600317,3.65498699605,-3.24561190943,0.312889985908,0.0745802960432,1.75130765663,-0.699107516949,0.322751900131,-3.46732127732,-1.60226727959,1.09790028833,1.91580122652,-0.941253165509,-0.49019973602,1.67871465081,0.705374862042,2.34454200992,-1.40391017948,-0.961742512801,-1.05958280056,-2.43985581089,1.02468218367,-2.17940936723,2.84609904893,-0.746411468034,-1.26154124978,-2.50152709872,-0.890027728807,1.07171989303,-0.265907850751,0.428189740571,-2.72589959988,-2.76575942898,0.110950274404,-0.83116159522,2.19398378085,1.61862996136,-0.245242401821,-0.33524984903,0.78901023377,-0.890133725197,-1.13440127884,1.47953450401,1.5506672669,-0.544700996083,0.0847303383032
70,0.16530338227,0.0840005838628,-0.00677960829287,0.44724855525,0.234384483406,0.253807226282,-0.281786979355,0.19787110013,0.137825993142,0.415779297075,0.162067845678,-0.129742247833,0.0555618821407,0.411489553546,-0.237481198117,-0.0473659551522,-0.583955657111,-0.29332213565,-0.233374352265,-0.0713071159428,0.207418496892,0.661529453853,-1.06576263746,-0.517799244489,-0.0496675797562,0.163896963316,0.0202936726727,0.144539613705,0.689781130445,-0.408202460031,0.131723741443,-0.594594985437,0.0185534582866,-0.0758211504365,-0.108383062648,0.109906094451,-0.0446447663803,0.751241848531,-0.328968795713,-0.0782354355635,-0.0165774064442,-0.525607603538,-0.454538815164,-0.468260747253,0.361902256494,-0.306327423719,-1.48849588595,-0.819649266437,0.536596755021,-0.109619982161,0.417343844623,0.552318825373,0.39312922329,-0.132470170769,-1.11779900509,0.232624645606,-1.26811555993,0.878257427766,-0.624517889767,0.415456302526,-3.80272052528,-1.61923563522,-1.63327764862,-2.31577614447,1.33681106794,-0.648035359384,0.74396674381,-2.86584243686,2.01274903595,2.87986741762,-0.853391225204,-1.26776635288,-2.01048140297,1.39652937923,-1.32182746008,1.75117386807,0.143459146116,-1.00979953093,0.49142116145,1.12946019862,1.33998275714,-0.513611418365,0.110723191916,-2.80931288386,0.126436011928,2.167317749,-1.80618343467,0.128694573079,-0.123667060143,1.2377663757,2.04986237158,1.01184858137,0.126473967641,-1.07990447997,-2.35867374385,0.78833384977,-1.5375498298,1.60490787839,-0.824494691951,-0.759730293779,-2.27236010269,-0.539584556632,1.13300311446,-0.234288707018,0.143632296995,-1.44198318976,-1.54964374307,-0.076547925504,-1.05154629624,2.48436538936,1.65250377126,-0.354672137317,-0.419007863552,0.755292289766,-0.545526517191,-1.49060964569,1.68715930797,1.5273665305,-0.477969727624,0.0877128754796
71,-0.206914134856,0.0129961448658,0.10241470062,-0.0947622564983,0.27543126435,0.0186341362539,0.209937929721,-0.151925417554,0.377773428103,0.413244386566,0.112749718399,-0.0724434518773,-0.0440470308526,0.33995536792,-0.339316011277,-0.108765746965,-0.356929470825,-0.420931878255,-0.17511941917,-0.047121644195,0.374375095297,0.60638688653,-0.900024886747,-0.782797776071,-0.156840922034,0.315200838563,-0.137515993549,0.207149723956,0.574874362861,-0.300662601686,0.280098593266,-0.367349783335,0.0874133877728,-0.152889797655,-0.295783617193,0.161193364973,-0.143135208318,0.82659265759,-0.412336274086,-0.12785816393,-0.214682315553,-0.544651068248,-0.348726088027,-0.485465425309,0.357566080911,-0.373892006999,-1.57142294061,-0.838077986288,0.428272045758,0.141602893293,0.575868933246,0.513788307806,0.348140064781,-0.060612755101,-1.15465696201,0.06757201003,-1.09129939621,1.02849866667,-0.668567531049,0.424411015265,1.11048212002,6.23578305077,-1.05425657108,-3.10141054231,-3.80802533554,-1.04146104165,5.01381886621,-0.783210461193,1.01520881469,-2.52349849512,0.111879090457,2.01652358766,0.281660417085,-2.65522752682,-0.461912442822,-2.72273550859,3.75328879968,-1.03065856504,0.477129860775,-0.765171150442,1.69229531125,-0.504389634235,2.86141774478,-2.12943810719,-2.38814245677,0.677871803519,-1.14928301371,1.09117318779,-2.09423683395,0.819167178021,0.848654049064,3.40825856254,1.15610508197,-0.384268651511,-1.25205056077,0.186235316811,-0.382107793493,-0.135076706628,-0.81613735862,-0.233405005987,-1.62943165877,0.211418069458,0.948882721997,-0.0910041072691,-0.234584466124,0.112008475765,-0.0888425916532,-0.287916581763,-1.08125092915,2.49222468415,1.48431113629,-0.406351524499,-0.476385001273,0.674620161734,-0.191413340352,-1.80173082574,1.83943203106,1.47209445723,-0.401448105231,0.0915022303309
72,-0.159402801221,0.190881391605,0.0614331937135,-0.0119277736498,-0.33438669441,0.149060466924,0.258736972458,0.291086610005,0.188854753105,0.0946945950797,0.16259991919,0.174834985494,0.0882752973085,0.0163356169936,-0.30675683515,-0.428389420319,-0.0331092806015,-0.396495168795,-0.179156189284,-0.218560132927,0.502750105142,0.561450827128,-0.581111952873,-0.888804638216,-0.505852956962,0.299473172775,-0.191012990672,0.336683058316,0.307536601014,-0.247061410862,0.306254734909,0.0408071246621,0.21647360285,-0.148075688684,-0.342501139922,0.140830658918,-0.118992033083,0.726954781132,-0.484452745443,-0.125776477813,-0.333280940793,-0.476831010018,-0.269537795243,-0.483007856883,0.316477077038,-0.284702462783,-1.50663998297,-0.874840290954,0.327138970734,0.37950430281,0.70774450952,0.472862506244,0.298720837816,0.00115054617423,-1.1563121445,-0.125760259006,-0.902256277586,1.17160630631,-0.704506325577,0.433777939881,-2.40522503957,-6.80603295505,2.6841934,1.32226106747,-3.378893108,0.961166627968,-2.7566968213,7.34082246529,-3.68510563945,-2.99102464504,0.557042519019,2.47075423675,1.92512294546,-2.86497019454,1.07077949311,-2.60369490282,1.76039179547,1.79059147315,-0.674717041297,-2.49236487638,0.786202638254,-0.455448652532,3.06971058667,0.133008419799,-4.25469268184,-0.812841075361,0.0607438462915,1.28926096029,-2.99115385747,0.311070345105,-0.21975725263,4.44332846937,1.20737785312,0.451054734118,0.336333375488,-0.601410953177,0.836272129158,-1.79458076172,-0.577517679479,0.267380455681,-0.713524171481,1.15476241761,0.623108423492,0.154900194836,-0.568544574976,1.64290841309,1.36089920862,-0.428070671889,-0.908227265055,2.2216316815,1.12305012226,-0.403877904716,-0.507722970909,0.554909015501,0.155796254025,-2.05407871006,1.93094790613,1.38474716345,-0.315896850003,0.0959266956491
73,0.0321836483595,0.0411064165402,0.0146578351604,-0.0457345367769,0.0213762648842,-0.0836728679929,0.136528305501,0.588326122083,0.0164900806587,-0.083254316608,0.171614198194,0.348600169436,0.245138177547,-0.0829462185055,-0.160713339958,-0.475290417744,-0.0838333664826,-0.105960876545,-0.297075839532,-0.492749452569,0.538040378393,0.500599159243,-0.353689002802,-0.769407419044,-0.908179246889,0.211568599104,-0.144430513488,0.417750753959,0.0329902231926,-0.219026701886,0.26645915213,0.454113206298,0.283767959902,-0.0763768230947,-0.237509735203,0.0446174658544,0.0115959992279,0.488650522343,-0.517202660175,-0.0766308078542,-0.355411083308,-0.316608915537,-0.223803699972,-0.452307803766,0.249500940352,-0.0557182219282,-1.30799468959,-0.91865640247,0.252776761633,0.577925438674,0.795107100058,0.434437685983,0.247430337885,0.0493942962197,-1.12426480464,-0.340895804953,-0.707254591526,1.30440287768,-0.731477886092,0.443611130353,5.67693377931,4.37302088038,-4.36192191809,-0.45146375451,7.13738760426,-3.42938075781,0.992601781003,-3.40039506072,1.24543881522,-0.257373376575,-0.439755907669,0.730498203718,0.901217887866,1.15841738468,1.57997065315,1.87592961768,-2.43999257386,3.32630943472,-1.44685789376,-2.68043789041,0.0368990421662,-0.805955537086,1.30216297568,2.01783595165,-3.22259777348,-0.609552646216,0.740729358014,0.115173863147,-2.24286026401,0.356045428357,-0.410476806926,3.50458653584,-0.0624618286775,0.88991453711,1.66071669136,-1.27856598994,1.68466192687,-2.83316001099,-0.0245904821124,0.70018531796,0.261321694951,2.01115505459,0.306225760953,0.465431996623,-0.734766386257,2.86367978458,2.54988328656,-0.418358190791,-0.551757069123,1.71193386215,0.60128698158,-0.358869909009,-0.514035664162,0.405994209093,0.480029377762,-2.23606980237,1.95818281616,1.26606887216,-0.222280829443,0.100793876044
74,0.0884443343371,-0.261664149997,-0.0981759665513,0.0677946699329,0.237655265874,0.0682863136948,0.165136036245,-0.0866747434448,0.244651206298,0.0775829951969,0.112935328856,0.294671702202,0.266638233351,0.184007534488,-0.0454096521925,-0.137354210671,-0.344597934923,0.0942443559926,-0.411742677808,-0.696650463169,0.535811037692,0.405915751074,-0.319805076519,-0.549821445824,-1.05484346107,0.228376215596,-0.0624854656221,0.332840025766,-0.106829116934,-0.16129840355,0.25067901029,0.693499384836,0.177740561641,0.0114242394132,-0.0391973565973,-0.101832139647,0.196341330771,0.191482910633,-0.480489201214,0.0101636603176,-0.286598022371,-0.0865506610037,-0.203046178561,-0.389708451578,0.177762777263,0.270093275019,-1.01200816615,-0.952030137998,0.221235084821,0.716224359296,0.824381849845,0.401908572415,0.196691283802,0.0817448762272,-1.06157150974,-0.570327366049,-0.512813605246,1.42382835286,-0.748732119599,0.453944469292,-2.24942933764,-6.28770753664,1.61370119031,2.13963538599,-3.35012825468,6.39801011879,-1.83843995648,-6.48054841585,1.22901240473,3.26057713823,-0.350087264783,-1.71849853206,-0.24751676022,3.39320583215,0.514229387579,4.00885977599,-1.70153329849,-0.0543322710896,-0.636280072829,-1.16694361524,0.011551111033,-0.98083791535,-0.465912865044,2.04418653695,0.573604263979,1.05020963179,0.866210773323,-1.83642877341,-0.496011505858,0.816557295569,0.169464402795,1.14922882339,-2.09690859255,0.790335573308,2.13434404858,-1.5694756555,1.89329019786,-2.94880735604,0.789343276647,1.00937238875,1.07052890661,2.51214909328,0.1448646411,0.782147935081,-0.65608299754,3.54979783282,3.28152189676,-0.215794919265,-0.0627512483145,1.0329462359,-0.0286320669468,-0.289392154809,-0.497046781789,0.238960084235,0.766365846076,-2.3387497671,1.91966670576,1.11766411414,-0.12175894228,0.105893196739
75,0.262840393783,0.0298873003463,-0.0859909510059,0.0567234716612,0.0230865664953,0.441250358062,-0.0816923490745,-0.254130449144,0.0700794991196,0.387603076893,0.167094633323,0.0850400959723,0.240445913368,0.426449490961,-0.0724269886207,0.150451601209,-0.292732128837,-0.151853620633,-0.423252838665,-0.701330500213,0.543779021119,0.335224759781,-0.400424374944,-0.405603811718,-0.794431435459,0.403213075169,0.0387963679055,0.0701961709504,-0.0796791283909,-0.0653054977783,0.29990976652,0.68314977623,-0.121741246116,0.0735037573111,0.154492913203,-0.251963417674,0.367585165347,-0.07131645774,-0.357435693394,0.118681392579,-0.152686168786,0.167908561827,-0.186477569985,-0.297832477858,0.126878044266,0.632309405707,-0.670637033347,-0.955478981656,0.242083593024,0.781904312313,0.787963834497,0.376642047973,0.148713017034,0.0969698665723,-0.972690949548,-0.805802003554,-0.325492213759,1.52702572414,-0.755643909319,0.464789994553,1.0808984728,5.10538712753,0.889893079354,-3.23826698725,1.76495846598,-2.53556011648,-1.15866536445,2.85873384615,-3.75819348346,1.57209752551,1.47220012656,-1.80504214054,-0.187019761342,0.844802898415,-0.963948543382,1.15328221436,2.69837902637,-4.37270426613,0.199222359529,1.066455303,0.0878410262091,-0.273980830406,-0.904712293839,0.768286817449,4.33165283479,2.17269716732,1.27446198481,-3.21298135405,0.86102517357,0.997196346883,0.738329960744,-1.23288625311,-3.7187206142,0.451360685941,1.57728262977,-1.34827961165,1.4295562231,-2.18142906585,1.65685871024,1.12169660429,1.54156037546,2.48078035915,0.231034171419,1.04056874346,-0.322001955658,3.58221716615,3.44836413704,0.175203849083,0.48141988452,0.275958830487,-0.700875669004,-0.217459835309,-0.459329426287,0.0654256154633,1.00180484159,-2.35622129794,1.81608849436,0.941984363187,-0.0156688444295,0.110998867553
76,-0.189751564821,-0.0938785046643,0.082520386756,-0.0765108875384,0.180310576532,-0.201790279411,0.0230110987379,0.123042407601,-0.130119852869,0.232055451526,0.317973885203,0.0606611203255,0.21668107456,0.32897792859,-0.192220844947,0.076233651682,0.0457568564887,-0.585189798796,-0.429837021352,-0.514403645185,0.532904865399,0.36974509077,-0.466148071933,-0.377797007019,-0.29348817206,0.589062176226,0.216753930698,-0.258908358926,0.0173563016113,0.0116366099528,0.372865999429,0.491231042832,-0.515538073577,0.109683089807,0.250155190967,-0.356986554936,0.466066654028,-0.226909477202,-0.157395057603,0.225560324108,0.00772119055968,0.390663394719,-0.14838578218,-0.185387953501,0.119922387097,0.964860202711,-0.341285953176,-0.912441277236,0.316244845039,0.77217674674,0.685176202334,0.357733221189,0.105397300967,0.0949954070422,-0.863257287331,-1.03864326779,-0.151670885118,1.61142394294,-0.751730017628,0.476136543413,-3.99722288729,0.518439694268,-1.47995463261,3.35766524316,-2.41431129589,-5.71898661028,1.82370718383,2.8448513898,1.07551472036,-4.25524225589,0.737947789846,1.60533678468,-0.395010319687,-2.43046215477,-1.11946776612,-2.2537463677,2.89327633258,-3.16471774396,-0.557447455342,2.37860130898,-0.410139693677,0.95405298882,-0.332419617347,0.00698620050849,5.03993694428,1.16617431599,2.36275195934,-3.1106973348,0.821156761586,0.412470819705,0.569184757846,-2.31881346155,-3.85556501594,0.344443125637,0.246411433799,-0.698090830794,0.484984471778,-0.882923509343,2.27678516232,0.96713690414,1.5964180978,1.88659962663,0.567494430755,1.18594861844,0.206883406974,2.96843960458,3.0501867892,0.701299533138,0.987292734326,-0.458349425291,-1.34414158187,-0.165949681847,-0.404493754396,-0.103175576063,1.17594076108,-2.28595178866,1.65032642436,0.742288580694,0.0944933167318,0.115873262559
77,-0.0945197508237,0.285113461521,0.04343536008,0.171720215922,-0.315704011924,-0.225374706604,0.0219843240096,0.187486252068,0.186412571476,-0.152562317239,0.200928507167,0.32611453839,0.166194368699,0.0643284316966,-0.241929183657,-0.183876203944,0.0885808765285,-0.639835195764,-0.530588090867,-0.299109632633,0.452781837365,0.49962067261,-0.469320407696,-0.354779993572,0.0955820264334,0.58563712374,0.505214823346,-0.512546534122,0.0423690001649,0.00107507115682,0.387564887014,0.277674311028,-0.833357782956,0.159516154607,0.195584826318,-0.385766264217,0.459562190984,-0.247465301147,0.0802613904996,0.302205934338,0.153551881371,0.530621032557,-0.067672430132,-0.0655272128497,0.170807884024,1.20866604061,-0.0760594503436,-0.813791125968,0.435073956212,0.694225340922,0.522382819879,0.342083170592,0.068225865454,0.0768527541574,-0.739792037804,-1.26009740318,0.00266554872566,1.67481561897,-0.736663725453,0.487948753405,1.1622674631,-1.3138287069,5.55612741409,-2.84036238288,-3.13005087075,3.70864847506,-1.71601525379,-1.14097269583,3.36123951191,-1.62690248684,-2.9547373516,2.65472334832,-0.439341733246,-2.20418955874,0.271234995218,-2.39944652304,-2.44836525316,2.12516776167,-1.15331287622,1.56089217201,-1.147074648,1.40833272801,0.198069292605,0.651891659503,2.32039359338,-1.29724866792,3.24435015423,-1.85692676628,-0.448951668086,-0.631993005944,-0.358159623073,-1.69674634673,-2.24428689919,0.735860329601,-1.32952005248,0.124274168989,-0.60958708385,0.430051197731,2.37209711106,0.518254521247,1.26282317478,0.858506072193,1.06062751601,1.18574988697,0.811257396762,1.83784462,2.19093259264,1.26950684667,1.35958393115,-1.07350930065,-1.89036922716,-0.155328311098,-0.337351846043,-0.256285654457,1.2815111052,-2.12894411566,1.42740047868,0.522578003289,0.20709784239,0.120270664307
78,-0.0801797904098,0.0431866417424,0.254427580195,-0.202443428949,-0.099274521537,0.020509057078,-0.093446479797,0.0287918927719,0.234615232206,0.0223501933966,-0.0837496618358,0.368185883276,0.16003401877,-0.0261111527083,-0.151031309163,-0.347997293345,-0.3642405846,-0.290731388609,-0.568952861627,-0.248529239443,0.331864417797,0.59749984098,-0.440184769732,-0.235131015167,0.14128793215,0.362475086225,0.809714522404,-0.630242575524,-0.0760144073203,-0.0989126251914,0.299530530762,0.185825936927,-0.930740103863,0.268692166383,-0.00518516469256,-0.337241619201,0.350935292301,-0.156606666143,0.295071049414,0.321063812636,0.251079466114,0.556335040525,0.0634429576625,0.0467332626416,0.279631213396,1.32256221984,0.087648751994,-0.660946644643,0.580973849726,0.564111917419,0.312241501284,0.324794577444,0.0381357463566,0.0445586339363,-0.609368871078,-1.46168930568,0.132136415423,1.71542695704,-0.710286762683,0.50016645328,1.51012538016,2.62899154391,-7.6035246864,0.552583553797,5.23736796162,0.207981429075,0.278744877645,-1.51643398655,-2.58045509065,4.08118849636,-1.4184921594,-2.41082651027,0.281743459825,0.501762547183,1.26360198098,-0.905454680907,-5.53291744589,3.73282725586,0.813422081391,-0.57050635447,-1.05937447025,0.306681020343,0.355314193382,1.64157441016,-1.26517294446,-2.80240596258,2.490657596,-0.586952443819,-1.82852496995,-1.20709386327,-1.33231041594,-0.0769648967954,0.355270196016,1.47037946364,-2.59473527403,0.795532218459,-1.50380086701,1.27939122141,1.81678307032,-0.171777821103,0.654566659553,-0.348547600086,1.54398611931,1.03558673232,1.33941301656,0.412787980132,1.05555241917,1.76558971565,1.51721118462,-1.49050237865,-2.28302756063,-0.200638999702,-0.263984829818,-0.384851081856,1.31478553737,-1.88975959884,1.15434642841,0.287506385212,0.320410632687,0.123941310726
79,-0.0346274557405,-0.116637537646,-0.353052540448,0.103851344698,0.2257829789,0.0177004921086,0.0249950882878,-0.0724656199554,-0.0941900740388,0.302424198234,0.0408843212009,-0.0570197619329,0.161293349922,0.121399662475,-0.0719269821988,-0.403572347089,-0.773254478262,-0.0982818355304,-0.345243313188,-0.368621439151,0.281308907139,0.534881736731,-0.391784866987,-0.0723594251073,-0.085608101179,0.116105971672,0.936761200218,-0.656228246122,-0.289840280462,-0.198492778004,0.147780046943,0.252306423849,-0.77476550343,0.448868083311,-0.299900425403,-0.240587934245,0.174286033787,-0.0160905750203,0.425136400345,0.264630653051,0.280640968275,0.465355086766,0.23438724748,0.137312305997,0.431123120474,1.29037242838,0.133441820245,-0.466827947468,0.729588582579,0.404455779993,0.0721950934328,0.299838325357,0.0153955944053,0.00093707446905,-0.479248445507,-1.63557316961,0.232157307466,1.73197757394,-0.672618137552,0.512704470832,0.00723026190576,-8.1798713829,2.72572696831,1.21130886452,0.325061236284,1.12031852565,1.21266623344,-0.487433281095,-2.34465424394,0.0881486626583,3.3211788819,-4.61568994097,-0.68734159443,1.9845587235,-0.107760038839,-0.426071330011,-1.70074111168,-0.436808935814,3.35097917785,-1.41336115851,0.173641606552,-1.54135611966,0.695191173126,1.3141235534,-2.7879672777,-1.67822073195,-0.187664545764,-0.0642618374004,-2.23698764509,-0.560310224902,-1.52926263895,1.25564163115,2.58844657316,2.06312786858,-3.1650194861,1.05451727087,-1.93900761471,1.40417623629,0.714710176638,-0.956016874807,-0.0684258561709,-1.42330896884,1.82636112872,0.757727485202,1.64180271663,-1.03809797303,-0.128201191565,2.07793286131,1.40836222365,-1.65874817034,-2.48390270557,-0.309158710148,-0.191647007655,-0.481859879368,1.27577315198,-1.57638864351,0.840014107328,0.0422677716435,0.432625945622,0.126635673162
80,0.456269949341,-0.156669946869,0.0735041512957,-0.00982682463674,0.0512829639489,0.212352189817,0.0769810268362,-0.0634764399878,-0.0884698896941,0.0493642206046,0.280573042423,-0.251327899796,-0.00596822141102,0.26690285719,-0.217226574434,-0.450985618298,-0.657241829338,-0.34020489872,-0.0317488011274,-0.442755608374,0.360066378663,0.322607222721,-0.284750227763,-0.023006450916,-0.326710821464,0.0857714650944,0.761151349246,-0.658447770338,-0.483721922598,-0.174454162975,0.0272291236175,0.394224128327,-0.464555090602,0.660010004177,-0.610498265219,-0.143667568015,-0.0180601825989,0.101175792654,0.430457527012,0.133844577798,0.238983851947,0.285586447784,0.416679802031,0.195394848338,0.596656609626,1.12282716106,0.0679560195624,-0.254354956137,0.853339383797,0.241197143894,-0.177603290262,0.260906790929,-0.000498371011031,-0.0506068218552,-0.356502218211,-1.77486265099,0.299108448026,1.72372808657,-0.623859539503,0.525452876808,5.32533937359,6.69900869094,0.402631917069,-1.06087677116,-2.5048541064,1.21241487872,0.147572931576,0.764383408386,1.94792480665,-3.78278088338,-0.0797150028608,1.46188507497,-2.29227293077,0.513007586574,-2.69548067088,-0.458240399033,3.50141181093,-3.55423772646,2.09626476482,0.251927336594,1.19040564015,-2.42451052491,1.48253572607,-0.461442061309,-1.71859118134,1.1457166611,-3.16857529505,0.0195148457807,-1.48745479997,1.14786642019,-0.75146779412,1.34069148637,3.30799203491,2.02873238861,-2.91259523746,0.800382331335,-1.81577349606,0.84665894704,-0.609881170519,-1.62056261302,-0.744952260253,-2.08435559365,1.75060980869,0.393635687194,1.60635617686,-2.25446028416,-1.13508006088,2.12200639211,1.02183915076,-1.56319778494,-2.47750348561,-0.479051981288,-0.128464125306,-0.542761494914,1.16823417207,-1.19997139126,0.494795532051,-0.207535301683,0.541902038104,0.128108885796
81,-0.0626107444391,-0.188624390115,-0.10537082374,-0.0257521290454,-0.0303797194874,0.0588109918699,0.10952785638,0.08917564581,0.0843500284539,-0.17212563834,-0.0356468788341,0.101119662722,-0.14160909581,0.208089281795,-0.516067578722,-0.468781489196,-0.26621611334,-0.599277623166,-0.0422550041108,-0.311825958645,0.450912715442,0.109473399999,-0.107299223288,-0.155400337925,-0.4088020881,0.310268407276,0.372404881786,-0.637336009822,-0.571740686265,0.0305400976462,0.00843462411153,0.477184226057,-0.173817113126,0.828150606821,-0.858452319559,-0.0946406091873,-0.172376646293,0.140674704628,0.310518652618,-0.048189635774,0.137480710386,0.0682343757095,0.570078830597,0.214845168289,0.739503700207,0.854106579254,-0.081606006812,-0.0526846531924,0.925808686044,0.0998953465683,-0.416661343921,0.202343088652,-0.010885339841,-0.106348265213,-0.247645064161,-1.87392595234,0.330472703771,1.69051369004,-0.564397068152,0.538277675747,-10.0638098652,-3.06798406641,-2.61972556006,-0.302773819643,0.90147700787,-3.56361521946,0.277199903576,2.07442709657,0.716176550959,-0.074661862407,-5.02353620295,3.82059841899,0.396002611821,-1.35991863972,-2.53488286561,0.213935327873,3.2670859106,-0.774534230387,-2.4154067464,2.07772592837,0.235084040734,-1.59570170969,1.89821982083,-1.96350369342,-0.0326304285252,2.95600440433,-4.12329129941,0.529605734167,-0.273950922288,2.83382010252,0.341042491938,0.159517539251,2.24399505032,1.21658609958,-1.94660442744,0.127935872036,-1.20194559545,-0.0833740785316,-1.71516442855,-1.94898395087,-1.24841930148,-2.15822518297,1.24591108008,-0.00632609050659,1.18692807654,-3.03529951515,-1.78555765625,1.86029335386,0.392349074426,-1.22641241876,-2.27251911383,-0.699218060086,-0.0829149386671,-0.565746675096,0.999492315424,-0.77437760608,0.130291366219,-0.456039545249,0.646398856117,0.128125240223
82,-0.1486589747,0.278694473403,-0.145949377807,-0.160904063419,-0.0279137596993,-0.14762468536,0.0542285505353,0.227843980161,0.0644771861033,-0.0671879164134,-0.353345050099,0.20052385235,0.11079671112,0.118334741344,-0.58707579958,-0.405848885388,-0.132074758686,-0.451578719153,-0.419673472151,-0.126446937965,0.351685108651,0.0241483101042,0.0463405289952,-0.350514381492,-0.382070345171,0.580740333693,0.0355319273307,-0.528378005094,-0.551025062854,0.349270042876,0.0711895659492,0.412141421553,-0.0513305895854,0.887003140846,-0.985094330952,-0.123571072769,-0.248403770278,0.0868057661638,0.108237603618,-0.239980043798,-0.00244111668326,-0.125735534237,0.652946038684,0.194597226122,0.822321710946,0.533892200518,-0.273795877173,0.1081316108,0.926286728751,0.00209035677269,-0.62650820689,0.120023647991,-0.0179411410796,-0.162524367375,-0.158296392236,-1.92863249284,0.324937614297,1.63276234099,-0.494799128732,0.551021945769,4.64036058028,4.32870577035,5.17286342714,-1.6074105111,-2.06424672577,0.513456822367,-1.33961108936,-0.101338034362,-0.509361137671,1.17901135385,0.064297629834,-2.27501704088,3.98439439615,0.219454902645,1.46665784125,0.965739156998,-0.638841018133,3.24139954236,-4.19409495586,1.09148514425,-2.27966553464,-0.167645765169,0.910114907558,-1.59077918489,0.274022844166,1.98408623722,-2.199414904,1.7202482633,0.587174590029,3.25713031116,0.723398199936,-1.43375618654,0.131768953868,-0.0756343640495,-0.541706902818,-0.706749577894,-0.288409920247,-0.946068591699,-2.20300217743,-1.80315550709,-1.50600954901,-1.62794012918,0.357631616703,-0.392510455703,0.418573994204,-3.27619077529,-1.97841739949,1.31336059582,-0.401674730549,-0.705216458466,-1.90015991741,-0.950369675807,-0.0631221647759,-0.551868983754,0.780054463803,-0.315661665593,-0.241073160299,-0.697280316362,0.744316856293,0.126462654461
83,-0.0560065024072,-0.0586567791939,0.359923395751,0.0256217962972,-0.270293611585,-0.0216768459423,-0.0483493027145,0.01765161089,0.0434361579601,-0.022414448625,-0.0480078153653,-0.141758974886,0.417780161421,0.296655910915,-0.27232118315,-0.294452610917,-0.300681399207,-0.134618988137,-0.682838664738,-0.154315322575,0.0412524747897,0.0397411560192,0.0374858581672,-0.424858692676,-0.396067517447,0.644725926843,-0.0235820332715,-0.299375418968,-0.474343870476,0.62319477087,0.10998602755,0.212979858617,-0.139733549552,0.815999397603,-0.964215310704,-0.23042705955,-0.228157597706,-0.033081791278,-0.102611069598,-0.392988456512,-0.154913644663,-0.241922841914,0.634041219312,0.138233728324,0.815340530538,0.216709796354,-0.461696842997,0.203037648657,0.843713885782,-0.0377427628261,-0.792742168369,0.0120759212815,-0.0246014976085,-0.21561939809,-0.0928882656191,-1.93653972348,0.282457033921,1.55149661491,-0.415810429343,0.563507420118,-0.132861658474,-1.85554173692,-2.43813124938,5.49085334662,-0.0435348164854,0.166432030057,-0.323338119873,-3.45895388884,-0.203878815221,0.0712633712073,4.55131211075,-2.5980546189,1.04007908642,2.92523507589,4.00373955087,1.20112210273,-1.97022748864,2.10520617166,-0.352258978547,-1.58523264001,-3.43434560772,0.238227200989,-1.13447050339,0.180069159994,-0.616775829899,-0.79347207238,0.99909431228,2.71398049059,0.869863500625,1.95926567707,-0.151381569044,-2.37029579778,-1.75641116105,-1.28145855568,0.94008014205,-1.37605763088,0.682894837542,-1.35209069349,-1.87681715375,-1.18794125003,-1.50091968783,-0.638981509589,-0.754849048957,-0.72228750432,-0.584059579067,-2.98537339707,-1.70654227222,0.559470452527,-1.24789526405,-0.0823180213056,-1.40963455853,-1.20721744988,-0.0760152096617,-0.504994991302,0.523054562474,0.158585407046,-0.606469538193,-0.925357909205,0.833935981738,0.122917023333
84,0.000339503360445,0.123411453825,-0.158666897488,0.211331944104,0.202558149499,-0.127848742804,-0.097054533477,-0.23806404125,-0.0636984679936,0.0501012894099,0.24497904865,-0.0456617624039,0.274621752312,0.512798886253,0.0111293594671,-0.17119753573,-0.396925950383,-0.13919178871,-0.469130921113,-0.354271562495,-0.21595428478,0.0354610610763,-0.153427516936,-0.337948211081,-0.482975683957,0.452806798552,0.185678173381,-0.034049328923,-0.383945899849,0.705958883791,0.013259316432,-0.0211339266041,-0.358836836351,0.650314059218,-0.807083566927,-0.383682878493,-0.117413556528,-0.161823403298,-0.242843747059,-0.467317112552,-0.294829137332,-0.247189296624,0.502430568871,0.0531453742988,0.703514944203,-0.0491453782364,-0.602315421026,0.217226747048,0.679302336756,-0.0141954426885,-0.90650826445,-0.120666732942,-0.0343988932972,-0.262636207242,-0.054436849323,-1.89701110867,0.20426940697,1.44831880232,-0.328342114883,0.575536493923,-1.53432187102,-2.55458260614,0.349033781041,-4.19609992635,6.71773297586,-0.25161163164,-1.37038505326,-0.843047459223,-1.92987702823,1.43075834423,0.626350071836,4.48385559021,-3.07695816561,0.304183574534,0.872157002382,1.22178082819,0.358388522332,-2.08850677872,4.08469781759,-1.71316718632,-1.17257386463,-0.376330816628,-2.3801501308,1.28185888156,-0.86690336931,-2.68929108453,2.75876606191,2.29176855591,0.945097295954,-0.369240273809,-1.82726759653,-2.1141317565,-2.35922910241,-1.91227777571,2.12397746177,-1.59762031452,1.48879982116,-1.1136993599,-0.831672726224,-0.269324547307,-1.26301642507,0.538418269248,-1.85298603166,-0.962159152026,-1.64558454735,-2.27598168853,-1.05331292666,-0.277584638828,-2.01635549181,0.545938561574,-0.86140624273,-1.44148549917,-0.126457055343,-0.431577050036,0.243548375312,0.629959753138,-0.953109392866,-1.13460561324,0.913653783528,0.117306357124
85,-0.0111958514434,-0.0771577531322,0.102843764317,-0.0704885732328,0.236531094852,0.150086452061,-0.236897123976,-0.196543982628,-0.205228953963,0.143796642213,0.187880290717,0.473123107822,0.0591579734661,0.262489865213,-0.113829773897,-0.0749138950292,-0.252548058528,-0.412617427154,-0.0507011857936,-0.371381784791,-0.143222306501,-0.0119704049917,-0.362196500522,-0.233054620791,-0.511529919825,0.193802392671,0.432052557641,0.103438584009,-0.279350625744,0.560693995437,-0.241099398063,-0.179744697667,-0.558208470429,0.457421855025,-0.559661277622,-0.530466464705,0.058708998212,-0.236691403057,-0.257096700209,-0.44618738166,-0.401822611476,-0.138795529229,0.272603030822,-0.0503479975448,0.491048077568,-0.230789801307,-0.664686619775,0.149667704097,0.447302283867,0.0684187045133,-0.965228777581,-0.27453752116,-0.0512149250405,-0.30133611813,-0.044390403135,-1.81125921907,0.0928712688821,1.32537933108,-0.2334581737,0.586894630438,3.56269362096,4.53350931261,-1.15134629723,2.48058385102,-6.52433436066,3.92217992203,0.183876126857,0.805420342428,-0.0407913077632,-0.295519863042,-0.56827199448,3.91622237497,-0.211095814306,-4.81739718876,-2.6644083579,0.504211404775,2.07223399195,-2.35341510091,3.29916000166,1.69461144929,2.49932715184,-0.312414057002,-1.42663084895,0.540569592392,0.532005124639,-2.07813569529,1.73175804724,0.26158288029,1.17932001575,-2.3673115305,-3.07456108722,-0.97445430207,-1.39110901984,-1.84133097271,2.70615438073,-1.24202661265,1.97063482604,-0.309159650913,0.56374676555,0.668378619681,-0.854895911031,1.58019508262,-2.67793229181,-1.08671649245,-2.56279538176,-1.33673678036,-0.17104807229,-1.05034981051,-2.57981669094,1.08390728576,-0.319170092859,-1.62537170424,-0.216446410859,-0.340251165875,-0.0423056596245,1.08001318496,-1.26869378134,-1.3197542442,0.982021677535,0.10947461772
86,-0.00524376808119,0.0266984893479,0.0317173915963,0.148814143482,-0.219564147158,0.0789079460053,0.0763594149193,-0.11895443222,-0.0525123793866,-0.00142596677942,0.252531003594,0.514636562968,0.230310210893,-0.186142525441,-0.303436337509,-0.101285680625,-0.0868203129351,-0.444045262887,0.0758878002781,-0.051591434482,0.187425021664,0.0299863494335,-0.395149930371,-0.252104629579,-0.361745840221,0.0888610687477,0.478138495986,0.00876264151191,-0.1471960319,0.281177534025,-0.547818903424,-0.215110753535,-0.602927559304,0.296371485507,-0.290795175231,-0.615427724328,0.263215636586,-0.214742554446,-0.135710676864,-0.34339489788,-0.46285038738,0.0544515993423,-0.0168695915387,-0.159709160271,0.202166195944,-0.316193459869,-0.635123967916,0.0141227931084,0.17366536156,0.19685756394,-0.972513445486,-0.443258425259,-0.0789614537558,-0.330430346656,-0.0625631453093,-1.68231113996,-0.0480537780329,1.1853291329,-0.132358352915,0.597353132163,-4.61261872278,-5.09942701861,2.58085619434,-2.17476115334,1.19909147972,-5.58017419511,4.4976267978,1.5129189642,2.34086151208,-1.66749344741,1.44674925791,-2.84299299046,2.61256381564,-2.54949858782,-0.157251570973,-1.02215277148,0.852742984162,2.0570756163,-0.745333152021,4.03692057025,3.40179569906,1.3569958972,0.771012190418,-0.831802704886,2.34167799423,0.03065734164,-0.862839539508,-2.0333387288,1.42536775859,-2.93999593774,-2.74095917572,0.196929357808,0.585401623712,-1.34764277253,2.54826290201,-0.393520611017,2.05002681198,0.759395133309,1.79199393873,1.3165058764,-0.358260941712,2.19373244834,-3.01783093914,-1.07678768125,-3.14548549831,-0.387908235259,0.753441653833,-1.61518876261,-2.83488739353,1.45092363422,0.158339439241,-1.73500583867,-0.344510199085,-0.241272689473,-0.31813715424,1.4910325932,-1.54185159715,-1.47608785929,1.03777835497,0.0992951661469
87,-0.08535528374,0.14955302661,-0.0112901781267,-0.157499920069,0.0681236637055,-0.281840111787,0.170447147733,0.208708777485,0.123200199492,0.0158073971414,0.28800440969,0.141906808903,0.337868558705,-0.0771617873749,-0.107852408793,-0.225269286362,-0.0966223463552,-0.0661592244151,-0.0856441982031,0.260668505206,0.406069699734,0.258334887883,-0.252825308886,-0.347294941606,-0.10132498216,0.168227058877,0.292992018589,-0.248619761013,-0.011481936615,0.0258439922163,-0.728280677391,-0.164837035727,-0.441338373621,0.1859827084,-0.0715946687115,-0.602029001489,0.455127942347,-0.0894220464835,0.0795322895334,-0.200073063051,-0.473484866419,0.279374498351,-0.31106152158,-0.260778691234,-0.122249231074,-0.314882544485,-0.518689794694,-0.162644208198,-0.107294958109,0.351078722593,-0.937288882089,-0.618489334951,-0.12121489778,-0.34970783636,-0.107159807109,-1.51489684784,-0.213748689334,1.03125709259,-0.0263579137481,0.606672233954,2.61845363804,5.85677104277,-3.6756562016,-0.414532450791,0.148133580359,1.72954791783,-3.34791514428,4.19574186084,1.20462945055,2.35353587413,-1.43240065109,-3.27148547671,-1.15756547506,4.36013387909,3.33603156395,-0.97856864337,-0.792213456496,4.64120237983,-1.60135705213,1.39960133175,0.566448425674,2.95653577821,1.67746188079,-0.714111432447,2.47403885823,1.23654170053,-2.49626712869,-2.73310933049,1.16518897407,-1.95255083032,-0.620626742258,0.656707044157,2.56082721189,-0.906929070421,1.7511714365,0.665699028278,1.72391092228,1.69169418878,2.37473486962,1.4551679476,0.138244561264,2.19537981298,-2.76531072652,-0.919337486609,-3.25705003673,0.367651287881,1.53861313429,-1.860067679,-2.72036456584,1.59336552718,0.524593246819,-1.75345861292,-0.505389186076,-0.145813949839,-0.568278650874,1.84679535033,-1.76255045037,-1.59958556165,1.07987942401,0.0866737423654
88,-0.141597218731,-0.106768083902,0.0146990718507,-0.00729066208134,-0.182822790753,0.168781684454,-0.125401677522,0.358823509818,0.301766656501,0.329465910113,0.0267545512882,-0.0294954582071,0.0678487633321,0.398681146176,0.120145790224,-0.210711990824,-0.155545598648,0.291131302198,-0.101587388753,0.157042286354,0.304273160083,0.53233410781,-0.143532480254,-0.334286071486,0.0617665126941,0.264165412386,0.0599334750629,-0.459251259393,0.0598608317885,-0.0842339542048,-0.644867965183,-0.112453987561,-0.12068930596,0.100864931647,0.0493120772935,-0.488044921506,0.596462507,0.107412254378,0.308729605188,-0.0709773133615,-0.437999752521,0.472115791871,-0.550998619882,-0.338520039303,-0.431721934602,-0.253946796229,-0.336776706336,-0.34522286808,-0.357798616831,0.507382893399,-0.87229225481,-0.79063911011,-0.180837027283,-0.360087402653,-0.174890796839,-1.31526468585,-0.398535650961,0.866614211159,0.0831353536409,0.614604467763,-0.643744147948,-5.54701833069,2.67594997541,1.31968071094,-1.31994358048,2.9261660066,0.611927447187,-2.26181234987,2.61277396054,2.65782952331,-2.64533508741,-0.473098756933,-3.09600390436,3.3035143571,0.113418944422,1.43914742507,0.0928926828314,1.76894210502,1.54584767971,-3.24100591256,-2.17051402835,1.99457618546,0.189077031443,1.12423853729,0.558751426039,0.37394404685,-1.78842904583,-1.14622387191,0.152959710311,-0.2236323559,2.28855914618,0.279051659136,3.65781248582,-0.877788795142,0.655008684099,1.55400528388,1.0535759845,2.14478831358,2.05348583849,1.04249596565,0.551451001699,1.56040825073,-1.94933206852,-0.610691153751,-2.84637164704,0.787716616283,2.04482369493,-1.72715988481,-2.22951972665,1.49262869158,0.750596799643,-1.67291464127,-0.690091865868,-0.0651597622302,-0.77865446908,2.13326632973,-1.92246421107,-1.68704467467,1.10752244791,0.0715509073269
89,0.210520140421,0.109320362657,-0.0450885931323,0.00203899139749,0.122116545804,0.0249449765725,0.279008848953,0.030751178282,0.481428172853,0.38961993143,-0.0356432464096,-0.061003540764,-0.0771732525421,0.367072953537,-0.127187461657,0.0101167824266,-0.0252942407087,0.253948957311,0.156178454487,-0.240131251016,0.101225105644,0.576524535221,-0.230283662659,-0.140084920908,0.00724214727657,0.213256611257,-0.0182924569273,-0.441185775538,0.00935472527616,-0.0330399765076,-0.2994531059,-0.120247083744,0.248864450328,-0.00453495920521,0.0652320119724,-0.30807796752,0.658237614362,0.317905467058,0.461923099726,-0.0046542896091,-0.368118616549,0.574876441697,-0.687449591811,-0.378250870744,-0.675684194339,-0.170411147765,-0.121503687402,-0.495716032725,-0.542316555567,0.642095083535,-0.792157624466,-0.949840088051,-0.259621210302,-0.36358624051,-0.261172842766,-1.09093141167,-0.596002734252,0.695126559483,0.194646358416,0.620898242192,1.82081290875,1.95579970485,-1.25212914866,-0.390362543295,4.84004416539,-2.78152420843,4.14171584021,-1.40780386,-0.369884750962,-1.41701750489,1.65704692786,-0.375894523325,0.505909556485,-3.74072189895,-4.19293349218,2.35404934383,2.44784372152,-2.08274606811,2.79509358181,-3.68997436339,-1.24435033506,-1.26231696871,-1.72041902715,2.43920568574,-1.44642542764,-1.34814233834,0.26558541651,1.50583892913,-1.1340506743,1.09605179284,4.34456371598,-0.428682890968,3.53438884627,-1.28571988794,-0.26838667824,1.94383226909,0.156712812852,1.95692714834,0.893787586974,0.2429034459,0.818120109547,0.432645228226,-0.732263461532,-0.1628183175,-1.9637896714,0.818881192546,2.20031798806,-1.2257131396,-1.41396823246,1.16776015781,0.827624125789,-1.49573397089,-0.886351618905,-0.00984788316724,-0.937593177662,2.33920433597,-2.01528288275,-1.7361811139,1.12016665954,0.0539038883183
90,-0.104060955183,-0.220304711203,0.00800987806979,0.115012604805,0.204891389349,0.192720174395,0.249244798442,0.295928775014,0.177659776163,0.16120229796,0.219507366493,-0.0374229376378,0.0597875790371,-0.0906068898799,-0.424536985513,0.135453705657,0.25269586896,0.0286119274526,0.284841482727,-0.415379728628,0.123481466813,0.31750083238,-0.403261900728,0.0643006736864,-0.157970671168,0.0374067183484,0.0826494749464,-0.195604970238,-0.144385488009,0.0958778722211,0.15196211885,-0.18570658564,0.552957757805,-0.160940603645,0.0153971893294,-0.120379218012,0.625753788467,0.47946495426,0.471850992911,-0.0246066218615,-0.280239244179,0.551439031934,-0.692651741998,-0.367568960038,-0.813585420562,-0.10180150132,0.0917307446387,-0.580577058906,-0.633206115935,0.735219955284,-0.711372777825,-1.08696717886,-0.358004220592,-0.36320203921,-0.36040505818,-0.850377336584,-0.799218134274,0.5206994828,0.306659617728,0.625301574761,-1.5341756029,1.00951939796,-0.543408286795,2.41764097064,-2.77221601313,5.30142948216,-3.44506915793,4.76639446635,-4.34677579114,-2.47222377795,2.24015774559,1.40323230566,1.26154818922,-3.69427042831,-0.34860662776,-0.169329795222,2.4691439841,-1.61760715016,-0.796977021604,0.557093736417,1.60506037552,-3.42545853269,-1.21128400444,1.19495950752,-1.45570693765,-1.84206089429,1.44840426288,3.06675510664,-1.75570162492,1.27179052266,4.28076593661,-0.775593755644,2.4248708131,-1.82917535658,-0.607772553852,1.71029835977,-0.800655560681,1.19563273263,-0.728720049049,-0.621354665877,0.910487266658,-0.909030579524,0.627664471857,0.389579836608,-0.756820364361,0.503871608809,2.01153119513,-0.432466086778,-0.378118050489,0.672309765245,0.767059252812,-1.23427449982,-1.07947454591,0.0111893049468,-1.03651597993,2.45664950291,-2.03695255596,-1.7457034858,1.11754677065,0.0337477813685
91,0.0145776620379,0.253849643485,0.0978377643766,0.110360202658,0.13900741874,0.418720682488,0.194974659071,0.405429069897,-0.0341364175868,-0.0138674078099,0.252945732873,0.227387801936,0.0704666008043,-0.173488865162,-0.110026810943,0.0219046511807,0.349840053115,0.0133166132597,0.00503158770516,-0.178446302422,0.326951434292,0.0141458576964,-0.389034819501,0.0438548704982,-0.222567284296,-0.0913750266353,0.200944203328,0.0923096136397,-0.297877141584,0.184681901921,0.481943408669,-0.251871225806,0.719464800242,-0.360568277102,-0.0312313595357,0.0179748872596,0.502580596163,0.546403213242,0.319321596621,-0.118700503837,-0.191235352059,0.397463798527,-0.566910985894,-0.298879353664,-0.823527010375,-0.0770934026951,0.271861255413,-0.576842591871,-0.615337689017,0.773508634016,-0.642393147126,-1.19457804722,-0.474879990045,-0.362711907054,-0.466305849249,-0.602699669686,-1.00096449377,0.347315822715,0.417647232664,0.627565910873,-1.89671243765,-0.772367439401,5.09470592721,-2.5049805548,2.63801312429,-2.49468659687,3.56585943343,-3.68052941649,0.86929057256,-0.757724722489,-1.55919429302,3.16763692839,-0.795864063973,1.86618833834,5.87284836366,-1.39575199384,-0.856918770889,1.18134971876,-4.13064490628,3.4063456573,1.75410427621,-2.08086899102,1.67056392609,-1.60980640018,0.294915857883,-0.502748825567,0.599868311622,2.30595839712,-1.0939521089,0.371725558711,2.01986255144,-0.44004845053,0.883128666504,-2.08360134733,-0.206645671312,1.00459635378,-1.62413472561,0.118377211714,-2.25753449937,-1.18195590853,0.848094405831,-2.1196246026,1.83907118632,0.984784712375,0.554734992095,-0.0332040894545,1.55616220199,0.520696688105,0.735224453047,0.0858578128869,0.597468247167,-0.909510773036,-1.2535163296,-0.00858038204899,-1.0704587341,2.4812684178,-1.98583580168,-1.71535827445,1.09968045146,0.0111360785462
92,-0.286568847666,0.138728409125,0.272943714396,0.236805867874,0.312466662127,0.124923278416,0.480940418133,-0.0412150015739,0.163239890219,0.0352388479544,0.0525478777169,0.378165092828,0.0466221221175,0.0673673785891,0.445118989564,0.00571292314594,0.108366946698,0.146985246871,-0.344795534927,0.082569873286,0.353417832736,-0.0436281281093,-0.102653854271,-0.198798942888,-0.117090193617,-0.0506035589371,0.166700686657,0.211638248677,-0.329358713469,0.158331252138,0.521798621395,-0.260080066514,0.733565804918,-0.558112940218,-0.00729113238797,0.0773472523899,0.311523412607,0.504087138791,0.0416851450409,-0.241374680995,-0.113554379767,0.142779217986,-0.338333571936,-0.17205318178,-0.707525635948,-0.11010290918,0.398290948921,-0.476573745821,-0.488921817756,0.752462995532,-0.59416684516,-1.26766238317,-0.607543254943,-0.366397655372,-0.572292242465,-0.357239193904,-1.19398499957,0.178931141272,0.52609728444,0.627449960968,0.319823963143,4.87277307024,-4.12031600781,5.64697737888,-0.909663487776,-0.247462537995,-1.27762260382,-2.06554178075,1.38562626198,1.60810427831,-1.46103089686,-0.971904669749,0.944507626464,1.61582593052,3.6136993578,1.48753752827,-3.37849656167,0.690082403943,-1.91975151676,1.07960772476,-1.51059611645,0.832043105378,3.57266247818,-2.70905869304,1.53067467245,1.20006667194,-1.28684079319,-0.0255110316032,0.554245492324,-0.880054997012,-1.24478380091,0.291128031204,-0.546858215346,-1.76224164712,0.743916262771,0.205442204426,-2.13203967739,-0.931928513391,-3.15343033526,-1.16078257149,0.69884325166,-2.87588460309,2.64899941263,1.53625123619,1.72031843121,-0.619944595864,0.961211163861,1.46967678352,1.76598630299,-0.498485805511,0.359420759847,-0.548640698149,-1.39268246801,-0.0726214501682,-1.03839343405,2.41254014807,-1.86278589601,-1.64594441081,1.06686922885,-0.0138394969757
93,-0.242540428754,0.270180971423,0.322730881827,0.434259694938,0.258309925989,0.324506692673,-0.0410137217755,0.139300480205,0.130510669399,0.208176408501,0.0629260995482,0.0713595121137,0.22285415382,0.023665158475,0.457520812826,0.270449028852,-0.165937691387,0.0428711199172,-0.293336076839,-0.00142818746017,0.0617196976289,0.0966495949567,0.199622882697,-0.380530273096,0.011377807328,0.0981136806316,-0.0215454932937,0.103430257143,-0.1893591,0.0265703637966,0.258823345216,-0.202419237138,0.625331297235,-0.693860032413,0.120350938245,0.0708665266706,0.090549621519,0.371166119942,-0.278969766633,-0.328601705157,-0.0510012877288,-0.155167232329,-0.0557450570419,0.00355941505535,-0.49210393104,-0.196790091755,0.464292305714,-0.288644924829,-0.2700203234,0.676967165281,-0.571256421181,-1.30411411563,-0.751778716117,-0.378713240599,-0.671880296245,-0.123196721516,-1.37123244201,0.0193690525959,0.630541987607,0.624723486445,-1.134642119,-4.80181949328,6.62809676919,-3.42673848375,1.69051322717,1.36650383363,-5.46022241676,3.47223212303,-1.14399545668,1.17254301588,1.44409077485,-3.96462951709,1.5826044956,-2.14695250984,-3.03257174732,2.959048045,-1.38060311825,-2.80170967185,2.69604472718,-2.35257831727,-3.71886932089,1.36176450223,1.87085169545,-0.440167071284,0.705197753877,1.45198478391,-2.16694859835,-1.88935495252,2.13355958431,-1.60845563009,-3.751409455,0.765084169505,-1.52716337616,-0.876072924307,1.77616312545,-0.244767313606,-2.21280372816,-1.65266873817,-3.08892824652,-0.480330521148,0.563632433797,-2.96145693573,2.90451320233,1.94351460069,2.50898133307,-1.07925429547,0.37136102385,2.24743500873,2.56139046904,-0.988675129584,0.098892410123,-0.181999322711,-1.48281322764,-0.180850808993,-0.943325439329,2.25377369074,-1.67113159619,-1.53929652064,1.01969273234,-0.0410498495968
94,-0.139135621999,0.340877619997,0.37002817685,0.284363911549,0.412457986374,0.144196582704,-0.0196065524242,0.193753277385,0.141366227676,0.206952882094,0.194398511832,-0.140607935915,0.152796196508,-0.177056465626,0.0609273121373,0.402005280823,-0.113133286237,-0.300150084911,0.0324160179674,-0.229812215688,-0.240036153444,0.123836575721,0.206236541298,-0.248682553176,-0.00940062576505,0.184172393521,-0.196936838602,-0.0971594654389,0.0597540490706,-0.128484891497,-0.158837440399,-0.132615444874,0.447414146447,-0.724064314378,0.332739383575,0.0501618665742,-0.116982196848,0.190158566171,-0.543825500261,-0.320731345663,0.00308466724074,-0.425317142654,0.22334859987,0.208638386404,-0.223824138401,-0.31702757646,0.477064957278,-0.0375147088515,0.0114062744491,0.560449309958,-0.573649425438,-1.30487687516,-0.902096455878,-0.40391577005,-0.759083494084,0.0907436675669,-1.5261122734,-0.127780213604,0.72958493928,0.619170965566,1.48378807381,4.33134382556,-6.39867656792,2.55162372328,-0.880864837697,-3.32164120397,5.3870987422,-2.54027889756,1.4276199133,-0.934605582085,0.407214550501,0.479429093079,-3.38068627168,-0.954097610639,-3.57236761948,-1.00879484698,2.13682249906,-3.07450169388,2.75245326733,-1.33722972084,-1.66581304559,-1.07985991221,-1.68404660546,2.91053405993,-1.06768294357,0.101223275832,-1.03059932348,-1.74733563941,2.61321868101,-1.313448106,-4.21207646816,0.493647553915,-1.93292707779,0.2838399102,2.35907403334,-0.0528171751196,-1.87670598867,-1.88155682616,-2.06763494124,0.69458216743,0.54446830583,-2.32754088795,2.58800310395,2.11139293594,2.75834976905,-1.27326655282,-0.0849659572443,2.71411206146,2.9999867663,-1.30814001187,-0.139737338267,0.160319084613,-1.51279732279,-0.329396400412,-0.79215508589,2.0119552845,-1.41657267568,-1.39823718067,0.958996402726,-0.0703300494404
95,-0.323944426709,0.0262817910605,0.172558935355,0.339314226472,0.12616841119,0.108887001245,0.413035723127,0.0270230300257,0.229534345098,0.125364205511,0.107196206546,0.071960624721,-0.30013171695,-0.125073133012,-0.106606301399,0.0763016748135,0.114812699624,-0.391632417728,0.10492654476,-0.16724321972,-0.221935828763,-0.0930712692942,-0.0503631242161,0.105905096903,-0.149841782436,0.117111665786,-0.192539974133,-0.185297472183,0.286689757827,-0.206052591743,-0.511348518452,-0.126195335934,0.257973038965,-0.641809984186,0.56546333719,0.0815176718447,-0.275715845868,0.0107695721237,-0.671530012766,-0.185166917248,0.0639251637777,-0.601119220355,0.446588425788,0.415602529747,0.0395570983909,-0.440343891792,0.454604597733,0.240819284773,0.315661464108,0.422706279821,-0.59724564604,-1.27375493763,-1.05209864633,-0.445685886769,-0.82878555141,0.276767851115,-1.65271089813,-0.259254976924,0.821926823997,0.610595072734,-0.299093448576,-4.55712237103,2.46438591612,-3.92559888152,-2.76045930792,3.105572191,0.552782239727,1.23057265332,-0.568072244625,-0.378669675446,-1.65698224099,2.32496465072,-4.04162661087,1.45036621198,0.168772596624,-4.7484509692,1.53396702226,1.70561865735,-1.45955295894,2.53440873113,1.79391855481,-2.76870554868,-2.74599123697,3.50902758261,-1.33822221852,-1.29246018516,1.12196056736,0.162341099777,1.72683703984,-0.135448617671,-2.54825263067,-0.432452873447,-1.76379919447,1.30486338976,2.15360911034,0.763774581415,-1.27177319477,-1.63840124541,-0.424697006775,2.00233174848,0.703716843844,-1.11233149543,1.81684883225,1.97393859977,2.41155203334,-1.13732585139,-0.324233605353,2.78232871823,3.01120331646,-1.40776272745,-0.320048714891,0.451703159168,-1.4757593048,-0.510630733713,-0.59530588674,1.6974321311,-1.10698992248,-1.22649954046,0.885872960772,-0.101481520221
96,0.124924649054,0.25920602592,0.100313132439,-0.109974074556,0.0865094899848,0.396721481761,0.194201821677,0.362039572899,0.0909943992826,0.0975840020423,-0.00329846240261,0.0709138299746,-0.380698903042,-0.0369463314092,-0.0283351598877,-0.335848367315,0.0820752828102,-0.0145964125849,-0.149863521918,0.158364866101,0.00012764416954,-0.304051266838,-0.204318755388,0.329658840915,-0.199244630694,-0.0256087849833,-0.00674977471326,-0.0629644771203,0.379336236357,-0.148487960742,-0.634367528223,-0.219416161342,0.111541861563,-0.479354051998,0.73748832938,0.212232727652,-0.370539862524,-0.127586979864,-0.626293006023,0.0694342103115,0.149456693488,-0.638184795629,0.578742642224,0.592703010321,0.240647484925,-0.534219272572,0.420246172873,0.504950557862,0.599066414533,0.286732908374,-0.634909739845,-1.21692350698,-1.19494791212,-0.506766057563,-0.877064990851,0.428245652257,-1.74600096645,-0.372208145255,0.906388972437,0.598819908311,2.22612188016,0.126195031871,-3.21577751527,-1.91791860384,1.44815202479,0.235954856207,-2.15375328803,3.08443820994,-0.944353226048,-0.557873061976,-0.230005525392,-2.63988365594,2.77455954982,-0.12324579786,0.633282958531,-2.54917466532,-2.18822490222,4.87343755425,-2.58063060655,3.0642376167,1.90650427908,-0.889947943181,0.150446504662,0.569190871274,0.615580635677,-1.2901384842,2.28217206859,2.12574480721,0.0785045610559,1.25039824369,0.122744902867,-1.36385557943,-1.09134055011,1.84496937236,1.18150699284,1.85289910847,-0.64317174077,-1.09991914924,1.29176518167,3.00356628412,1.02874001451,0.387894944545,0.807705741648,1.5170148489,1.5333860366,-0.696016911055,-0.324830398749,2.43292645003,2.58716137776,-1.27354437288,-0.418391839027,0.671735149953,-1.36988524628,-0.713496477403,-0.366135570613,1.32344695654,-0.752176661488,-1.02862265132,0.80163810832,-0.134274832274
97,-0.0912204441803,-0.320127274129,-0.185698837646,0.0654406386924,0.176021656483,0.113878116126,0.264243574859,0.324249565294,0.176947117984,0.0153544727397,-0.00588332486668,-0.263680920423,0.0586651038955,-0.0973110979157,-0.0555007669457,-0.360661828555,-0.209536435379,0.343316089522,-0.210816625093,0.294061059675,0.0542896005335,-0.22647890566,-0.00696589993645,0.215668536126,-0.0209978915932,-0.100672813107,0.191003830701,0.18388732558,0.308731145878,0.023623205515,-0.506572509144,-0.373448691943,0.0508456752137,-0.293954244089,0.788608274746,0.442888327489,-0.412016238695,-0.207939036375,-0.429822596416,0.392897240453,0.271895387505,-0.52678874143,0.608726448673,0.710006059744,0.33433901405,-0.572903896343,0.396243581822,0.715159882913,0.820418412379,0.175053515933,-0.67789868054,-1.14220794817,-1.32389585237,-0.588645902466,-0.901451154329,0.539991700836,-1.80201630714,-0.464281553766,0.981934227633,0.583693921233,1.16005634526,-1.16773071888,-3.02805424871,3.11089528135,-0.476719346178,-3.75101021669,2.28910540803,-3.28328848593,2.06573305099,-0.610209930574,-0.510599536177,-2.3951119512,4.22249485912,-0.29934336151,-1.05544505383,1.76390567344,-2.73531930248,1.2789801551,1.90709603936,-0.663745006437,-0.953122514157,2.23996189192,3.41681352084,-2.4830905958,2.72308014,-0.129040341374,1.32529914542,2.46226127891,-1.39241676736,2.03655105453,2.21909851711,-1.54634122329,-0.0899784570738,1.75845867359,-0.178933721317,2.66754033445,-0.24094448831,-0.522478085464,2.51514628159,3.33228906668,1.41795005896,1.79108673193,-0.184619734221,0.792329391417,0.301010847097,-0.0573454109959,-0.128991253178,1.71825346413,1.78474808064,-0.92876316292,-0.426491793255,0.808058559933,-1.1987874302,-0.924118848208,-0.12015984313,0.905545093993,-0.363501932278,-0.809822747915,0.707801095152,-0.168453042522
98,0.349785456747,-0.0128339843934,-0.0614708590922,-0.0202222995981,0.0114742270511,0.0344018508156,0.228363795485,0.0670832759469,0.254150150673,0.0490951346835,-0.146418715317,-0.201453447635,0.202282071115,0.0266663968081,-0.161471931855,-0.118618179849,-0.314271393347,0.183340154173,0.181470102071,0.0860273788557,-0.127853179791,0.0335600232448,0.342478986793,-0.0437478123271,0.263394549527,-0.0635950853241,0.210825757477,0.363809477476,0.127896436856,0.222819092304,-0.246821808884,-0.493046245111,0.0939141297275,-0.146322715081,0.707495119514,0.719817930742,-0.431329268648,-0.238808476669,-0.152892987303,0.707709523681,0.429476937404,-0.29562774736,0.549931725379,0.746088429923,0.297526668771,-0.54458944361,0.397930004615,0.840185720097,0.947145420408,0.10613063521,-0.717425474263,-1.05822685921,-1.43282263811,-0.691321992201,-0.901094940207,0.608461769526,-1.81799028358,-0.533666394927,1.04768464295,0.565092473186,0.0867606763194,-1.69333448582,6.40638587992,-4.25155406972,-2.28860762601,2.01691819254,-3.6718743073,-0.608173599924,-1.32555604374,1.07358819129,-1.6802824879,3.43282835723,-1.48840522756,2.7896518258,-0.689119133019,2.32467531884,0.947448506185,-3.92942385022,4.94191528762,-2.68922221038,-2.06273092036,2.22920350337,2.77932248152,-2.00509997959,2.47187066377,0.686345232038,-1.01409233909,0.883959058451,-2.07391601619,1.7655162755,2.6672380038,-0.685947098612,0.918698185378,1.11756421426,-1.36833590284,2.71493427743,-0.21042090383,-0.143144988523,2.86057542483,2.82455014149,1.69932657762,2.72831069005,-0.936631893051,-0.0831445665279,-1.0301790713,0.613747350192,0.170443596874,0.752490029004,0.717539571733,-0.430293758385,-0.351551864026,0.857213871385,-0.971357162569,-1.12667576863,0.125868908424,0.460882001602,0.046481894865,-0.575844519609,0.606030927422,-0.203735510926
99,-0.0610195368754,-0.0885255399035,-0.0185452190243,-0.122355409315,-0.148356074563,0.097817430201,-0.145438675842,0.0855110698268,-0.00134223744782,0.0855340475384,-0.138284737249,0.175512941918,-0.0287772228474,0.321300691619,-0.176009889495,0.0153588760644,-0.0762902614491,-0.21799390149,0.523351782797,-0.0663203035092,-0.238334492911,0.103122829392,0.433419992681,-0.0829425724149,0.393851699996,-0.0109182505597,0.00540207661717,0.337046610942,-0.0786110964803,0.346912013892,-0.0281007646527,-0.489585626715,0.220915202231,-0.0812115263523,0.537036422797,0.953370357926,-0.465523901813,-0.247730890641,0.110343926432,0.932906903045,0.601729928543,-0.00538932170373,0.434011716107,0.693808556507,0.134413866291,-0.455134307143,0.429831535377,0.862450968629,0.960191409058,0.0914129787037,-0.746110428832,-0.973505678802,-1.51673623043,-0.813155471693,-0.876842305847,0.631876233357,-1.79245274691,-0.579147968132,1.10293561984,0.542920000624,-3.20373494022,5.97266825499,-7.42446950384,2.70431884465,0.0295925504533,-2.69555911347,-1.62967432264,-0.597472932689,-2.61486146901,-0.977447437526,2.50159275553,2.63269723543,-1.54321902154,2.05439190011,0.213894233557,0.306990417315,3.08167906654,-2.81003544647,0.812031409291,0.263225151643,0.189990204812,-1.07717188277,-1.15081770806,1.40245994889,-0.0619062864074,0.136333762682,-2.85453221139,-1.388319105,-1.94480904276,0.619689499954,1.50107571794,0.788649413778,1.52021683496,0.156058999707,-1.90524597805,1.80195762958,-0.516253932265,-0.0934626271385,2.25918794236,1.57770258861,1.68146354035,2.94403597035,-1.314414797,-0.945181221694,-2.17921142875,1.13645909424,0.455031154363,-0.309034851247,-0.46116473232,0.140325475032,-0.21394930399,0.824396742731,-0.701109716516,-1.30447376336,0.354975574686,0.00746400171456,0.464472164056,-0.332797057808,0.498119112464,-0.239822112625
100,-0.237575721743,0.0957031346228,-0.112024286961,-0.089363236595,-0.0217324566816,-0.327164872895,-0.0982242883424,-0.157517076339,-0.147812467638,-0.0948346613052,0.250882562217,0.218726147508,0.0755242691874,0.311578932272,-0.160484401865,-0.0126448354489,0.151083082259,-0.220374680816,0.279664728582,0.139541246751,-0.112587279296,-0.138279878627,0.168877802929,0.191724504838,0.266124671054,-0.0652088900636,-0.293809428837,0.119060856635,-0.245457485795,0.34167962485,0.0328830584922,-0.345123171567,0.373379983882,-0.115442164906,0.35485695951,1.05539737099,-0.538717616621,-0.267999151502,0.276042557618,1.00936212385,0.750979755246,0.266623217555,0.300111889443,0.563462173706,-0.123935210699,-0.327344433268,0.48462503247,0.780830832903,0.856868685164,0.13348351306,-0.759099466906,-0.895664853568,-1.5721829332,-0.950844629244,-0.831204204228,0.610265756439,-1.72528233022,-0.600133471749,1.14716618769,0.51711173949,-0.34728991476,-4.71975545225,8.08013554041,-2.31012540788,0.368869700468,-2.73064043133,0.524747358198,-3.32496328242,-0.623802050331,-1.55881393857,3.74289921896,-1.11471075242,3.38153883412,-2.10408818154,0.0392776386311,-0.549368330218,0.979840728594,2.76697451423,-5.09561884757,3.21980113651,1.79875083875,-3.1433318946,-3.46099629229,3.51745265185,-2.15856528594,-1.24727748877,-2.76280772377,-2.70525166085,-1.34544552395,-0.675243759784,-0.272431983479,1.97348311228,1.39557823281,-0.815593427864,-1.60278096508,0.157037762933,-0.942891063684,-0.353798905075,0.978942004192,-0.0817550261985,1.22388185414,2.37035888905,-1.30422491781,-1.61585832571,-2.89984503754,1.36013807928,0.611447187243,-1.29753920303,-1.58148471553,0.689668866948,-0.0429842706803,0.722235954877,-0.40508018254,-1.44115752837,0.551009319496,-0.436641732979,0.87687324684,-0.0869796503181,0.385939926879,-0.276397756622
101,0.118692331637,0.151663811378,0.227116616631,0.0246174846849,-0.275457393863,-0.19974986523,-0.2961698663,-0.358322380478,-0.2292782631,-0.0583768460003,0.337713196074,0.178374561841,0.420042067998,0.0653211847176,-0.139401242401,-0.0524424966888,0.118996670163,0.180572321162,-0.246219064856,0.385892778322,-0.0102076210122,-0.381554214735,-0.0985169417004,0.480083420971,0.0572690861291,-0.240379640177,-0.483739353093,-0.143971162612,-0.342777673547,0.234440872162,-0.0608868248409,-0.131281248012,0.475355808927,-0.234412240013,0.238694377357,0.979619667938,-0.647793462788,-0.323524996017,0.300289303193,0.917629466805,0.830886554443,0.447018764214,0.182826118701,0.382070983278,-0.425905986847,-0.195867239521,0.545151222929,0.610516004495,0.651238744532,0.225595579034,-0.754690197145,-0.830770488545,-1.59752935796,-1.09952152308,-0.768222802476,0.545437998849,-1.61771251319,-0.596662094261,1.18004523023,0.487634986673,3.39612176193,3.91660136078,-3.8610564229,4.28596294947,-2.85522293943,3.13089958596,-3.57350836156,-0.458400706507,-1.03533015127,2.15832819024,-2.30037724902,1.07905361691,2.16206811821,-1.75641195212,0.59832900971,-0.177877751001,-1.20374658122,3.99819838456,-3.94399851721,0.786382692216,-0.277309180994,-1.12671440479,-1.19411857204,1.61010757774,-1.51906341571,-2.0549780374,-0.815732041009,-2.26983589718,-0.590701157384,-1.30945216441,-1.41709153505,2.09059862655,0.545235875922,-1.49240763962,-0.643511631615,-1.63853544318,-1.18192819375,-0.762328105017,-0.474734619927,-1.71019681238,0.302937956788,1.15296516438,-1.0068005876,-1.94583715122,-3.03525045843,1.20418818864,0.560638178102,-2.06026355849,-2.4825788504,1.12704034389,0.128571738974,0.568810919569,-0.102377119367,-1.52196606437,0.699660285678,-0.854090503061,1.27026092396,0.155297103744,0.271409257123,-0.313137115933
102,-0.171296609603,-0.147300457376,-0.0468513232418,0.0362836120774,-0.0381397192125,-0.198251043065,-0.449140091131,-0.359292685352,-0.25115174217,0.117019170615,0.00298561338088,0.373677396771,0.389887339885,0.0735235396276,-0.0352923107528,-0.0482628209478,0.0156200603768,0.364144899871,-0.312261772696,0.22156868549,-0.184251495087,-0.324466569023,-0.00954465440104,0.448411796497,0.0318754090349,-0.428189188938,-0.440971660082,-0.29309537237,-0.362701377245,0.114276458195,-0.207298974183,0.0327227874807,0.471457789866,-0.396488520282,0.232847334417,0.746083325831,-0.76000405745,-0.417284848801,0.194132681098,0.68221405524,0.800242866643,0.486543783028,0.102498708162,0.188434231821,-0.710289305603,-0.0988228801477,0.588972332708,0.380067815547,0.371976913451,0.35266799947,-0.734390376431,-0.782908772688,-1.59308848324,-1.25297258513,-0.693240184786,0.44086787221,-1.4722916169,-0.569397215664,1.20143356951,0.454489881985,-3.43297406652,-3.66204590059,-1.00792544111,-4.4734449911,6.06683740207,-2.76276890025,1.28127910359,0.0100046943014,1.04898008155,0.0663640475759,-2.65716534363,1.6480723092,-2.37403260136,1.72630554994,1.23490434867,0.260439260157,-0.473725500409,-0.827396851204,2.76498772412,-3.72995963245,-2.77424631562,2.00180855533,2.79921422708,-2.16464902085,1.12338799853,-1.46940772926,1.60438971889,-0.606735252396,0.193002604145,-0.935082866618,-1.29965890263,1.0269637338,-0.625370383624,-1.65134843828,0.514321761813,-2.88892606146,-0.974372735819,-1.07585374002,-1.54241607574,-2.89773868481,-0.952960461267,-0.381293587216,-0.597387651747,-1.85489525406,-2.55432606247,0.682004686397,0.278538432933,-2.48628991515,-3.03667772132,1.37865243675,0.270218944374,0.385214379621,0.187463235237,-1.53493986095,0.789382917626,-1.22899976835,1.63183654843,0.387889273359,0.156443092574,-0.349709470553
103,0.103488619324,0.141508110505,-0.18235109006,-0.212681617317,0.0488111391527,-0.244315576161,-0.217963361059,-0.287246725941,-0.0861052735059,-0.0881152028467,-0.00592146740164,0.30367512404,0.129575230974,0.259048276151,0.0283942659637,0.00322906273728,0.0339075056548,0.0768210421878,0.153414478205,-0.173180791001,-0.413541289601,-0.100700908406,0.346231481315,0.139405009347,0.250238850878,-0.501088332576,-0.201048016553,-0.26707665729,-0.305382293673,0.0693268811086,-0.288907400355,0.055837265321,0.361219256111,-0.544906540242,0.330542803492,0.43733551175,-0.824976922025,-0.52771489472,0.0187333709796,0.361108918431,0.637917778148,0.37432519974,0.0607609786091,0.0246991604289,-0.91954735378,-0.0681232511779,0.594364874,0.126271653641,0.058072123206,0.49358349254,-0.702426407883,-0.754012556448,-1.56107789443,-1.4039734683,-0.612581870793,0.301517463003,-1.29279859193,-0.519601086358,1.21138192691,0.417709704351,3.1080695098,0.440559863767,1.02433490675,1.14234153439,-6.06152082601,3.08118326372,2.18323168839,2.04936892787,1.32489841787,-3.11153404826,2.03312878572,-3.23052501354,-1.96302892328,1.08500605732,-0.285937112988,0.755384617431,0.571931648791,-3.94347033363,5.15190892099,-2.95858304799,-0.994360497651,1.75255882542,3.50867442495,-3.29073261706,2.85671261109,0.089643935369,2.91130727277,1.0149200378,0.935369536026,0.0792469592688,-0.247505477379,-0.572964467461,-1.47195703697,-1.22401752383,1.34743227469,-3.0891251711,-0.244612191391,-1.06368780465,-1.81251431446,-3.40268744446,-2.27763998473,-1.80923303937,-0.263799956084,-1.35917386597,-1.5605019361,-0.0973719683202,-0.196522233435,-2.5241120873,-3.16778333529,1.39917354628,0.358837512822,0.193004614754,0.446159808337,-1.47198291276,0.812167095347,-1.54761064383,1.94985432884,0.604991166163,0.0429167495891,-0.385783563588
104,0.0450838215522,-0.285156076914,0.0267464761429,-0.0627812031417,-0.487201503518,0.00273856904987,-0.0139792082967,0.0251749036675,-0.0893338548344,-0.227706058783,0.132968412419,-0.106262947433,0.0403115142576,0.202303939007,-0.0865556845652,0.0759842859383,0.0592220080702,-0.2034253351,0.452626229452,-0.19633478649,-0.295113734004,-0.0726477743753,0.550176432086,-0.0658483646668,0.507400294467,-0.412879705922,0.0790639587767,-0.125485649255,-0.183317909536,0.123464608316,-0.257557333482,-0.0668959153291,0.205819570845,-0.626031739351,0.47914081342,0.166485781896,-0.796880468817,-0.614913203459,-0.137540013182,0.0248241544546,0.353701767289,0.141857374479,0.0425732051382,-0.0737224078212,-1.01242411042,-0.120811580117,0.546299251897,-0.112224901141,-0.246953642194,0.624434017915,-0.664806919775,-0.743934194458,-1.50541475636,-1.5447190833,-0.533172982487,0.133595003239,-1.08411806899,-0.449092889061,1.21012488679,0.377360685834,0.645424682037,1.06774023563,-1.74664979027,-0.337885401612,0.408437918072,-0.831690523093,2.37040275476,3.26438440367,-0.981443972163,1.06843425099,-0.620395238924,-3.63037792269,-0.258456225239,-2.04410950236,-1.59194428343,0.439801046624,-0.314265971734,-0.84572761018,0.0435393752245,2.69367940505,3.22752536595,-1.28327854899,0.15797412443,-0.287734525662,1.82930836047,1.58389195594,2.39632996423,1.60970090079,1.44325879299,0.898874223929,0.786918093284,-1.73548320646,-1.47240434756,-0.345487837614,1.49561023804,-2.15923759537,0.839709767573,-0.604259597005,-1.16937426095,-3.2207180004,-3.33369858637,-2.72690868898,-0.141761125048,-0.575810244388,-0.26988639791,-0.951041926209,-0.771493472383,-2.18806234452,-2.86220878984,1.17887600134,0.38236212842,0.0118798781592,0.658242712931,-1.32969070994,0.764106467664,-1.79884082659,2.21400637748,0.801295256772,-0.0673741283248,-0.421032372436
105,0.109683610081,0.0438716635602,-0.280733279556,-0.306703119018,0.0414963789656,-0.228577460276,0.153668936368,0.186428013755,-0.0812711456353,0.0183691355618,-0.160080930577,-0.260270907022,-0.0389804768428,-0.0369454619387,-0.174666789233,0.0393713116191,-0.0249421029657,-0.067441396124,0.185878006867,0.24308209212,0.0899276177355,-0.285408808237,0.385864856854,0.109646511656,0.558397863067,-0.211482772467,0.234356496086,0.0176569017267,-0.0338627743041,0.218804615361,-0.16044513239,-0.254135368972,0.0975888333173,-0.609619246799,0.604790575394,0.0302497202894,-0.657189907578,-0.6352091967,-0.191792586734,-0.267100061564,-0.00949609273626,-0.144788663971,0.0240016940965,-0.0873724407966,-0.972974151671,-0.253589920531,0.440955655031,-0.301320447023,-0.501404488189,0.722212914051,-0.628114761541,-0.750728023618,-1.43136778582,-1.66732157617,-0.462109397173,-0.0557349686534,-0.852079585838,-0.360191591792,1.19807109028,0.333541356729,-3.46697954366,-3.51160912776,0.394046864095,-2.0390872021,4.81157902548,-0.191027382826,-0.185694146495,-0.332404632791,1.94671767577,2.44737584983,-4.07845264207,0.426045019704,-1.65000656112,-2.12702330583,0.290358057147,-1.28660550328,-1.10264543275,2.98632883112,-4.42304832565,4.86321966695,3.3990310304,-2.28290077832,-2.97593527519,3.51231829043,-0.872714639137,2.28511357628,0.592984530592,1.11602144737,1.44340139788,0.834383732713,0.98089154713,-1.81135490156,-0.56693846314,0.661652086297,0.908686510077,-0.497729176968,1.9176298595,0.249618558422,0.16534193471,-2.56475478861,-3.81460802392,-2.86380858193,-0.268045284674,0.299109197801,1.03725502865,-1.66304088745,-1.31963263269,-1.55288953369,-2.16949435248,0.745313466966,0.341473210159,-0.142149730455,0.812334841689,-1.10987038208,0.645725037398,-1.97470430404,2.41575208526,0.972135684641,-0.172749812915,-0.455137700845
106,-0.00649523118222,-0.187754966238,-0.15380352389,-0.047289427073,-0.0784999800497,0.159456035687,-0.0344137429369,0.0413034054191,0.228876423737,0.0630994149696,-0.38134765436,-0.182577908162,-0.253038098369,-0.170501016683,-0.0208136684264,-0.143350749103,-0.0967642916078,0.207642420188,-0.177289892389,0.524222172243,0.197431501403,-0.39293780197,0.0929598062789,0.51469013855,0.365149161441,0.0127050668736,0.198325497523,0.0847611556717,0.0848920755963,0.259674598975,-0.0931294828806,-0.395350304808,0.10680232001,-0.502914185315,0.64510524022,0.0673898582373,-0.427356004339,-0.559489049509,-0.0972773826021,-0.483376543931,-0.384135025168,-0.402685395007,-0.016888607342,-0.0185233729279,-0.81382431126,-0.442010913644,0.287660327853,-0.41678876566,-0.671377644574,0.768388391283,-0.598239714591,-0.771082721473,-1.34509978632,-1.76434264794,-0.406209416068,-0.258675988678,-0.603267130137,-0.255645449921,1.17578998012,0.286381444106,4.71393063965,5.19225674016,0.144281295557,5.23775627562,-4.07847371964,4.70927068937,-1.87508160661,-1.72635585113,2.78624509423,-1.49600882759,0.585509383894,0.22407068021,-2.09575535072,-0.686503866932,2.37989050209,-1.87678557282,-0.112567426079,1.60522772203,-1.72741164312,-0.0828346068128,-1.7104875042,0.560747427157,-2.17470003456,3.80318591667,-2.65926579699,2.0523919869,-1.1965992291,0.235038768885,0.843737823196,-0.123688939345,0.250153423968,-0.895840298503,0.759322060718,1.39564882654,-0.144729016957,1.17670202126,2.58002188154,1.26436133112,1.71299367756,-1.76550815805,-3.55007494532,-2.16207529303,-0.566877484192,1.03619524336,2.08109993352,-2.03500849496,-1.71005450734,-0.73802086169,-1.19379562766,0.159308314597,0.249084407861,-0.257910303763,0.902042966617,-0.819700776816,0.462037497661,-2.07058016687,2.54858082071,1.11361113449,-0.271679086705,-0.487794503978
107,0.137035385745,-0.0088233345547,0.17781772009,0.0691979511668,0.0335013020454,0.0977585504513,0.031611584789,-0.00428993313249,0.195963102635,-0.098297621168,-0.107947003646,-0.263735597525,-0.37033930752,-0.236967249403,0.183771625931,-0.21957308879,-0.0494537210835,0.170109093195,-0.0812337763631,0.227576925215,-0.195872659307,-0.184185452546,0.0394532667454,0.731285411078,0.1022526368,0.173300457459,0.0345529371731,0.0777928280633,0.124339128168,0.187689081988,-0.119022597285,-0.424556893341,0.237639210531,-0.350067701718,0.575673314709,0.241199976686,-0.164623251772,-0.388685565785,0.13902767085,-0.625923737987,-0.695649338565,-0.554846549285,-0.0897171596463,0.108390272232,-0.572785637412,-0.644742367879,0.107720706293,-0.447652909258,-0.735453523026,0.75181503706,-0.579268421003,-0.800831036104,-1.25314385629,-1.82932268572,-0.371573123489,-0.467142940411,-0.344806099079,-0.138550398311,1.14399550112,0.236040354544,-4.8602380333,-3.784803892,4.75118860077,-1.82911188413,5.72900575248,-5.03174791182,2.56054557724,1.12465125732,-3.74101353623,-0.71754120839,3.56276186256,-1.32819898638,-0.136988574477,-0.88375797146,1.22459687935,0.800083436358,0.843662513321,-2.15003196396,3.19683093484,-4.98530354832,-5.18543676369,3.07434742215,1.16806273417,0.0814425466943,-2.26428771937,1.0521630811,-1.83478266418,-0.272933719211,-0.0620501827525,-1.26561716509,-0.731818904067,0.279049309146,1.73742656519,1.55126744921,-1.20374295259,2.13004584597,2.54840172408,2.08857346656,2.9114658799,-1.13288547403,-2.57708295386,-0.795920468224,-0.874920147987,1.43179825834,2.64796895507,-1.93492524366,-1.83897985485,0.115116767312,-0.0773318187866,-0.494098096437,0.12776244499,-0.329461447265,0.926384860786,-0.471506693395,0.222335141698,-2.08532068308,2.60819978552,1.222683645,-0.362807418803,-0.518714866979
108,-0.225489868553,0.23856341229,0.017708587323,0.222655044604,0.275892491327,-0.0965942422387,0.143653810216,0.142607314152,-0.253388923227,-0.0500495129833,0.0773708609652,-0.296370947734,-0.321470646623,-0.338206457586,0.207954627081,0.0241045250387,0.0223547105173,-0.0879079308951,0.257445761087,-0.210495252191,-0.590760381403,0.0634348522026,0.263075517084,0.517407058063,-0.0492589478194,0.207904791212,-0.122229786102,0.0504605626041,0.0811142572154,0.0313290804239,-0.218374937512,-0.358786227667,0.422299689152,-0.213936474357,0.41935760629,0.454465909751,0.0582906388364,-0.159964451368,0.458341050918,-0.721293723641,-0.884153788599,-0.551566228251,-0.185658677794,0.252293277404,-0.303510148825,-0.812112167347,-0.0696446211567,-0.397128931085,-0.687445283888,0.670544620078,-0.5727175852,-0.835463063968,-1.16186133867,-1.85726803947,-0.363176574257,-0.673107997848,-0.0841354400761,-0.0122598790144,1.10352723107,0.182705279273,-1.10047895865,6.3819387756,-3.70957220908,3.67875397368,-2.56931794499,3.37619897567,-1.07934366845,0.45103709736,-3.01884643532,0.947185659272,-0.423615157037,1.14437246674,0.790823233303,-0.843265824177,-0.39476592081,3.64978832382,0.450242799834,-2.15345800675,2.3880056425,-2.47769889535,-1.59834178965,1.09324833857,2.71201537643,-4.0480702659,-0.741019503698,-0.394100352511,-1.11784830912,-0.193917365655,-0.713910960275,-1.68260807098,-1.09904229866,0.895020870136,1.7754903276,1.07927962814,-1.82004676446,1.932796533,1.80557520396,2.37176512772,3.31943647202,-0.833418676358,-1.14732988747,0.876566002941,-0.997885883468,1.36526620996,2.64120572736,-1.33218632382,-1.65543727594,0.868233047618,1.02133596083,-1.11832224363,0.0055428744868,-0.355786021753,0.889727265398,-0.0821505915952,-0.0602936866781,-2.02119704774,2.59264196111,1.29725072611,-0.44498008543,-0.547631567722
109,-0.355832059387,0.179461420111,0.432565246193,0.187646634819,0.0411581354742,0.358849511922,0.0243845712979,-0.0667261357507,-0.174614814787,-0.0620570191421,-0.118905192449,-0.0847493137337,-0.241273051149,-0.344746292105,0.20747431471,0.371032484969,0.0545626938739,-0.142843106367,0.252416248688,-0.139616392163,-0.425036515933,-0.0454544735374,0.457763224266,0.0353356100612,-0.0689256014747,0.0998987794802,-0.170222352877,0.0465185369708,0.00442665225218,-0.110187933691,-0.305489522749,-0.27555996661,0.559175979947,-0.14696837018,0.234756924742,0.591132487773,0.181344162751,0.0602765932025,0.770847583263,-0.802757007802,-0.923227008805,-0.384004966923,-0.277856261454,0.365941791473,-0.0623622191691,-0.897090334792,-0.213409498844,-0.281129479486,-0.53686060091,0.532267162772,-0.577236895683,-0.87057867947,-1.07692965746,-1.8450595862,-0.384526201242,-0.86893327041,0.171226917546,0.119711132831,1.05532947313,0.12658896628,0.761153735563,-1.93922358303,6.55046674227,-2.92115494392,0.793285097755,1.95373983912,0.0948518217658,-3.84189705887,3.80691352736,-1.33366463959,-2.53638608936,2.25030672638,0.897387452182,0.838215700964,0.790736318323,2.57067903402,0.441203650737,1.17964658056,-2.46923779062,3.64791094178,4.5321493128,-3.13258936469,0.701192347426,-4.90202393541,0.145649007805,-1.66811755919,0.15162793337,0.10705962955,-0.698534900913,-0.971336766366,-0.495515096901,0.636444269323,0.827459020553,0.231226763527,-1.75455815456,0.653437468743,0.614387703105,1.90158796007,2.77713484534,-0.832439060325,0.33807266336,2.41651565618,-0.781178735714,0.838139168028,2.10429041089,-0.310168934305,-1.17541548204,1.40909564521,1.95073431759,-1.6196045542,-0.0891464586591,-0.339913859665,0.801257870201,0.327925552515,-0.36968280099,-1.88368945012,2.50229230478,1.3361890696,-0.517259752957,-0.574301166182
110,-0.121285212395,0.43249832024,0.256373053814,0.301148414828,0.347055009576,0.142614622419,0.107586193674,-0.23049565479,0.0999358918844,-0.199591853209,-0.263728203295,-0.00412121127104,-0.116818105091,-0.203613980469,0.365242446272,0.463094034689,0.159932168376,0.0801007596184,-0.088537757517,0.315149509154,0.101603604349,-0.432731197029,0.367583637503,-0.342414189703,-0.0586978073795,-0.0920859386378,-0.11121031423,0.0632762758067,-0.0390576576062,-0.139456923869,-0.299390101774,-0.248242997904,0.572316064047,-0.16561489152,0.0889992082046,0.56698469784,0.180765157495,0.195953847853,0.987766905387,-0.890945911589,-0.829109072025,-0.0859279019511,-0.3286432497,0.408854310314,0.105326223679,-0.866221359729,-0.297527084206,-0.124755983739,-0.307085131395,0.353320938894,-0.588829257913,-0.902232620797,-1.00290365268,-1.79175037779,-0.43739546844,-1.04767523961,0.41391720663,0.253785017562,1.00042888077,0.067927209065,-1.14955596509,-1.40200013251,-5.38048913215,4.45275965108,2.9705588159,-3.76095544512,0.0818141586201,2.13965748398,-0.0588836780758,-0.626694560865,-0.00618533740569,-0.93064292866,1.56109763376,1.59703630707,1.92568958531,-0.638525249476,1.77025639157,2.65471862671,-3.17550450046,4.0170382965,4.57637625366,-3.63100451892,-2.36150422621,-2.25043379603,-0.0685051770037,-1.94727352079,0.865501899021,0.165253233232,-0.114813828568,0.424613051639,0.633978698783,-0.110922388901,-0.576147586547,-0.555912708155,-1.08226996364,-1.16230813112,-0.589410834023,0.708760389946,1.46422213639,-0.924075535371,1.45019263984,3.43202250574,-0.171495161653,-0.0174588520248,1.20962046933,0.947452406798,-0.481083768795,1.66827855035,2.58803912563,-1.92090331721,-0.132610442828,-0.287690123334,0.674057545264,0.735948388096,-0.687505840009,-1.68113584075,2.33983355599,1.33936907718,-0.578938205505,-0.598506575707
111,-0.275049665391,-0.0540747094892,0.203352244536,0.439825951044,0.368052831972,0.0736562375068,-0.0213090268214,0.200934234315,-0.133697545369,-0.149343951255,-0.158361210471,-0.186569133961,0.00885153726807,-0.101089988913,0.468876503317,0.336350754634,0.378246378794,0.280650950215,-0.183646877176,0.438807095855,0.264453651095,-0.591516785336,0.0593281026669,-0.390681096453,-0.0863196967824,-0.242060608862,-0.0327404355776,0.0683962503636,-0.0186361199756,-0.035332241059,-0.191361453954,-0.288499461234,0.454811396323,-0.242573157067,0.0268650659571,0.367341700301,0.0772966219488,0.187710425662,1.05294425549,-0.981526935822,-0.6564577627,0.276943278341,-0.301558625697,0.359289036078,0.176200520908,-0.707949823102,-0.306877941662,0.0424625274013,-0.0316366499191,0.156423610038,-0.601550528636,-0.927148693433,-0.942885632231,-1.6987273394,-0.521661004518,-1.20334786596,0.636949698647,0.386420396235,0.939911209567,0.00697610552824,4.40066628037,1.72276986381,1.71604880262,-2.83223602858,-2.35904252161,2.44451379695,-1.11419331758,3.70187269842,-2.61847306956,1.16238658371,1.5651409323,-1.81599885836,0.473457529589,0.235142375412,-0.367872329341,-1.27422765485,2.21969048448,1.11054165985,1.72169328377,-1.95152221357,-1.77619430732,1.00259765423,-3.32690312201,1.13223924857,-0.398002189007,-0.840357568361,0.548665684443,-0.0958154236887,0.465486141259,1.52612784408,1.39315047812,-0.589455469859,-1.66251152933,-0.884544277462,-0.157143243634,-2.72117039767,-1.38513796256,-0.906816316466,-0.167539929141,-0.83685082248,1.87183931251,3.69152245139,0.751908560872,-0.966344955944,0.214759480349,2.19424104082,0.294907212758,1.62720329557,2.85564391449,-1.97326112635,-0.110218823164,-0.206430019867,0.523872564713,1.11826865428,-0.994338275672,-1.42426061309,2.1101160503,1.30764037066,-0.629542069152,-0.620059085152
112,0.108470960869,0.262478895963,0.257832514787,0.0388494166512,0.0785242820579,0.284839595668,0.172895633041,0.138636401713,-0.104951532049,-0.0655071252715,-0.0540188570599,-0.223043950155,-0.0797671443139,-0.149865524085,0.278576573202,0.289966166053,0.521077717864,0.327936200296,0.192423064707,0.0317893185638,-0.164918774112,-0.240159093744,-0.21694457072,-0.183580410004,-0.110189546222,-0.234673999601,-0.018612150079,0.0447296963739,0.0340850341203,0.129280247375,-0.0550867344846,-0.338838179021,0.268832801508,-0.321862670272,0.050284596439,0.0551095347186,-0.0749154721772,0.0169276688411,0.962259575208,-1.04549363088,-0.481251893305,0.626670759168,-0.174403045158,0.221828700818,0.154217751986,-0.436319172454,-0.241031208309,0.191661243226,0.250891017846,-0.0325359830838,-0.608572473209,-0.942803579882,-0.898328218454,-1.56972114339,-0.635249530217,-1.33113365608,0.833924049109,0.51420815704,0.874897796538,-0.0559908571335,-3.81731693676,-4.42655396933,-0.486085706523,-2.82105008707,-2.33919965307,0.183114075495,4.46722073077,-4.14115794596,3.09092473418,0.452945998423,0.266339638619,1.23326680572,-2.12506873276,-0.970259310966,-2.98737198841,0.3794587929,0.34658862976,0.229965904095,4.84750001891,-4.88371886691,-5.59703662557,5.40994498613,-1.95002368221,2.57397886215,0.0656754771558,1.0011603643,-0.264895962742,-0.339130423357,0.466141540754,1.56257894458,1.15138379325,-0.273007673117,-1.89825616128,-0.60455945967,0.553318657687,-3.32311640762,-1.55068892073,-2.45100643238,-1.56288668784,-0.371356807052,1.50713359496,3.18729659729,1.78870223923,-1.7289682385,-0.603722900761,3.17424040213,0.996647122005,1.31674561424,2.73052029766,-1.76299914091,-0.0192380335441,-0.103692079457,0.367707689268,1.45192463474,-1.2708000714,-1.1256099721,1.81995868423,1.24278935667,-0.668832555045,-0.638799814893
113,-0.277563766047,-0.0311732933084,-0.170983555509,0.0133938390957,0.0124052524135,0.141538585793,0.392816981746,-0.086255598643,0.179065201672,0.00575291588217,-0.0742194281267,-0.0457705643547,-0.305539047277,-0.237098434392,0.0225765677253,0.347761947384,0.446219949673,0.399118681189,0.568485446877,-0.248368253917,-0.565754734622,0.304100799424,-0.318829395369,0.0434353337418,-0.0574693274676,-0.0650727442816,-0.0685443653434,0.0122781831151,0.0524190550634,0.24187835519,0.00985944838134,-0.320081953984,0.103493934975,-0.348435611336,0.118196875682,-0.254646882548,-0.213849893639,-0.282336654513,0.763610091426,-1.04240638753,-0.37600844108,0.895764284812,0.0510080899561,0.0280950692725,0.0689055520681,-0.0890547091323,-0.114949756261,0.299158434725,0.502411901783,-0.188172040927,-0.603433298423,-0.947401931357,-0.868981485316,-1.41065884516,-0.774200210367,-1.4275348707,0.999209683644,0.633961917464,0.806522357075,-0.120685834645,2.7151991546,4.42601811794,-5.85632512782,0.230772722394,0.961933227956,-1.78277274948,-2.16934058905,1.83749199647,1.07227908863,1.23812589737,-0.196781440793,1.41187883419,-1.62569178497,-0.542130121676,-1.36113882066,0.278655012295,-1.56355617037,1.32975093395,1.85171225563,0.360750798426,-1.20623223495,4.4963823761,-0.18266626781,1.66229423036,0.970102375336,2.1597756415,-0.58331716377,-0.248068361381,-0.175689960341,0.56825986489,0.0633549716604,0.713080704405,-1.30182551442,0.119796706062,0.694162422471,-2.66447135059,-1.15519374658,-3.39600121443,-2.27035326697,0.4882174174,0.520377919864,2.12879778697,2.67065919053,-2.05711864474,-1.02257233864,3.67884415015,1.47771468787,0.807485812587,2.24535157772,-1.31373861738,0.130301983359,0.0136439294914,0.222368629204,1.71620501035,-1.49870973551,-0.798924755773,1.47789051529,1.14747076239,-0.696799409122,-0.654600603756
114,0.11702019926,-0.0549160232827,0.0311577813937,-0.157740112614,0.0770962261883,0.0426201408527,-0.0919867111965,0.334521799802,0.129121518406,0.139723640435,-0.0137229629659,-0.0542017356768,-0.306103985216,-0.241080086358,0.0787820856823,0.282224346711,0.291397688168,0.552712049969,0.530876990656,0.136460470463,-0.320588866771,0.53014095155,-0.284242332079,0.118433161553,0.0596145767572,0.139346779261,-0.102236935482,0.00272329790675,-0.00455871125586,0.235249187973,-0.0425337812642,-0.197025725316,0.0192153901855,-0.295284736547,0.167705345426,-0.442731104692,-0.29769556156,-0.629670447207,0.537513806509,-0.941306752471,-0.385519103439,1.04565787804,0.345920211182,-0.170127161414,-0.0331469782675,0.279667860099,0.0435560446502,0.349682240747,0.690639335474,-0.289206779906,-0.581268871709,-0.939779535577,-0.852983190491,-1.22936485641,-0.932840039363,-1.49046025812,1.12810184189,0.742800446968,0.73590866286,-0.186809718498,1.40030405496,-6.6660548287,6.78779430525,-0.902435329681,-1.11977429716,-0.773773779289,-4.27894931506,3.36072250281,-0.659249918459,0.941681891451,1.43198611263,-1.46233637119,1.59782318875,0.40166339039,2.28547491761,-1.54799961211,-1.14189426501,1.26926270316,-2.0742710289,6.4956683549,5.60734840376,-0.132728815614,0.724999977004,-0.160895568622,1.17220123439,1.63377804466,0.0509240115128,0.0569757369827,-0.917090186731,-0.652096038151,-1.02659469308,1.67325359568,-0.387301475159,0.92346109569,0.204574717921,-0.969185233276,-0.514922993926,-3.37369885813,-2.10966287869,1.53850565681,-0.713703555492,0.867931335778,3.1415506153,-1.80641267113,-0.93187058239,3.59408693941,1.63223884497,0.194128817691,1.4816950695,-0.683023876692,0.316858340921,0.139881652407,0.103077190839,1.89410127182,-1.66217933478,-0.458483713428,1.09384433384,1.02511581232,-0.713649411769,-0.667364337579
115,0.210973969975,-0.0605945884415,-0.0967028254186,0.148960501512,-0.154101405922,-0.144989629584,-0.0537405857873,0.183105025247,0.215266591176,0.161889924596,0.123337857523,-0.189040007329,-0.0870196877513,-0.186401298026,0.346468522151,0.120837042985,0.25261072809,0.56073403554,0.331353749969,0.753799763328,0.31163688961,0.342806327389,-0.192647031588,0.0353636944613,0.134403401441,0.218300523013,-0.0445539949295,0.0145573914867,-0.110847319266,0.13555870271,-0.165192496176,-0.0116993386573,0.0149846564962,-0.172936717959,0.14706517896,-0.435502745687,-0.322185060188,-0.922563213588,0.365810577538,-0.740375531485,-0.511581235116,1.07525655745,0.660032410707,-0.313968568394,-0.101496989543,0.610221623037,0.19910740055,0.337886306945,0.793349495557,-0.321488065884,-0.539819204481,-0.91927833403,-0.847079299895,-1.03512654336,-1.10406295331,-1.51924603311,1.2169450998,0.838219874963,0.664149622683,-0.254055234673,-0.567463181646,4.60760257449,-6.23299833443,2.87096962025,-1.27271228461,-2.55639347987,3.96132232812,-5.40645199528,1.73683135399,-0.156920076221,0.668444253573,-0.286052087569,2.05371633659,0.516842573425,2.19276954597,-1.06504942252,0.2803975282,-1.34494096047,-1.04197857132,4.19897273184,5.47533921292,-2.95381220941,1.06545403004,-1.29955481758,0.147679970088,-0.149109425505,1.08093339029,0.0948182666967,-1.07223732362,-1.17241916147,-1.232621033,1.86449401174,0.20669921576,1.4585583019,-0.638959393858,1.11056603027,-0.0309670318821,-2.32842958266,-1.23421242216,2.41791041729,-1.73530156013,-0.219165151624,3.03903036199,-0.984630782711,-0.366772924278,2.92716938988,1.41748425101,-0.422547629991,0.556578388118,0.0458921546207,0.510562258532,0.270569642134,0.0222663580363,1.97354658068,-1.74858332727,-0.118450638106,0.678814843888,0.87982035571,-0.719789912167,-0.677024743008
116,-0.164513568617,-0.128311706816,-0.0452588722696,-0.224327995161,-0.0550819626171,-0.160102384793,0.116541267065,-0.185416021934,0.199802983173,0.176173443236,0.076648338144,-0.0316932111689,0.0113503994463,-0.159804403201,0.39524345517,0.155661443999,0.296786351923,0.318002819196,0.393899082512,0.763166325401,0.528760975919,0.0719446356188,-0.0770262113288,-0.0979117539954,0.0737215369698,0.12132851906,0.0919152061913,0.0018892286809,-0.192181696426,0.03534696164,-0.250930537121,0.142073624229,0.0379187048974,-0.0178038860787,0.0443462835057,-0.234542578871,-0.31881092771,-1.07104454427,0.300634874941,-0.476286892854,-0.71241075805,1.01709453378,0.934045887002,-0.353495059822,-0.0963939132098,0.849848394714,0.315658148466,0.268082490442,0.801068030597,-0.279993227053,-0.480038483812,-0.885635269096,-0.846952418318,-0.838150403009,-1.27969699195,-1.51461310423,1.2632214955,0.918153866405,0.592288233206,-0.322109996424,-2.26035442881,-0.476515129456,3.93235017941,-6.44854404102,0.998330029728,3.22821306672,-2.39501236002,0.097483284347,-2.77049815446,0.289081838792,-1.17107580936,3.02527513165,-0.0901453956298,0.0167281806779,-1.32388629794,1.79105330427,0.313383814156,-2.95908719995,1.9744167406,-4.14316874449,-1.65969979723,-2.00812895414,1.19767286317,-1.16957619492,-1.31829849597,-1.58681059004,1.47165347404,-0.437501535739,-0.449615191218,-0.686525211846,-0.326270723332,1.06781649832,0.139272971806,1.57503826434,-1.3507098105,2.77956996437,0.0146906176487,-0.563184840682,-0.0630688463572,2.74538690868,-2.15916986486,-0.854525039554,2.35169068583,0.239628698107,0.498261644688,1.80577712389,0.863128342206,-0.952750999052,-0.395205853728,0.775854540421,0.677858440595,0.402179831522,-0.0113612704752,1.94835202087,-1.74934163138,0.2077426785,0.244494809443,0.7162167632,-0.71580800551,-0.683545681942
117,-0.00304010427455,0.236833521584,-0.101941290647,-0.199720383066,-0.190628730603,0.150732802653,-0.229394691623,0.0364103255202,-0.155957876494,0.0942348989298,0.0327291834969,0.231195032773,-0.029829196489,-0.157150128169,0.169896948594,0.389452038674,0.28665617393,0.103098689239,0.557998646599,0.0974998830391,0.0552600214413,-0.0419269528645,0.0293985001802,-0.171994216339,-0.0981317743719,-0.0405874310118,0.211893576199,-0.0817436531028,-0.192046170832,0.0143442632427,-0.213820055252,0.184966416587,0.0252354186962,0.130654120249,-0.103369568175,0.0863045892378,-0.334750315847,-1.0301943673,0.345863619067,-0.21788607455,-0.917413567605,0.92278702121,1.11578977317,-0.262341504069,-0.000840763053015,0.963519191627,0.363568153035,0.15244199191,0.71788395787,-0.169543375547,-0.406197531689,-0.838917225377,-0.847628780916,-0.648942710567,-1.45093841296,-1.47856560672,1.2656017312,0.981020348738,0.521300800626,-0.39065946342,0.182656153576,-1.02496990397,-1.28190692188,5.69943775651,-1.58890912036,-0.294109439971,-1.28620748604,1.67792919633,-2.55420948512,-2.42192383754,0.729891274796,1.30807095984,-0.23264326843,0.250957036006,-2.39177680957,2.11277735729,-0.457749626225,-0.798207045339,0.268485040595,-7.59407793474,-6.66541990162,-0.530382500689,0.82165969439,-0.257437601411,-1.88077453221,-1.32770891284,0.767661691009,-1.21625301337,0.424166222736,0.268718999132,1.06448097985,-0.222038254531,-0.444302835658,1.35285166902,-1.48098469199,3.44084226383,-0.394892928854,1.3497979213,0.892182711025,2.28444612762,-1.81259642141,-0.94385274187,1.23118875433,1.57316111168,1.39250927516,0.450121221819,0.0654089203273,-1.33084172429,-1.24037870608,1.40947351187,0.786884860285,0.531533529975,0.00654366196616,1.81877140355,-1.66046867985,0.507948823104,-0.197097341135,0.539333777379,-0.702446063566,-0.686919992495
118,-0.0604739699572,-0.205802296364,0.0711428693246,0.160615202244,0.00768923021608,-0.276645343911,-0.00598012403308,-0.0971478375994,-0.166218284127,-0.214612079891,0.145944033841,0.17343584364,0.0145601015455,-0.0770982249166,0.0498362548573,0.443118782592,0.244598752271,0.17963826143,0.317071602921,-0.438207062182,-0.524537037908,-0.114440487223,0.0724652787385,-0.15397334404,-0.252312882721,-0.0918661247752,0.229779622621,-0.22351646775,-0.126233903769,0.0742814356377,-0.0563334358969,0.110550315153,-0.0521620873429,0.24787647394,-0.226247955848,0.414258647717,-0.404419574753,-0.817714652563,0.458419591034,-0.0450098776732,-1.05247546592,0.843059228829,1.17498130012,-0.0467388508773,0.173130905487,0.940876896092,0.325385602354,0.00815593830638,0.56037310061,-0.00413935322026,-0.325445712804,-0.779518833168,-0.843930373912,-0.477654204482,-1.60882753315,-1.41423846417,1.22395925616,1.02575380451,0.452082758994,-0.459389764546,3.72075068528,2.15139825531,1.04759922807,0.35587526919,4.13231270999,-4.47881336254,3.05077927628,-3.16842145503,1.4746228975,-2.43711993291,0.517914310017,-2.03387669362,1.0154305319,1.35643337357,0.235723685684,-1.33661996359,-0.16437892558,1.93143558152,-5.05477313999,-2.01147441886,-3.70128713985,-1.27160646411,0.0419001465067,0.532490807838,-0.991184178257,0.448717386929,-0.386648668558,-1.46976241961,0.749065012363,0.795300636381,1.92024581725,-1.13416355579,-1.06566442751,0.981564470347,-0.856738512992,2.93776910946,-0.998085270966,2.76975953369,1.23764059946,1.06529066816,-0.800845527145,-0.596351606427,-0.0468643277112,2.67179523334,2.01926449039,-0.875910917705,-0.832320752815,-1.52277514681,-1.86526376068,1.86269456738,0.812762142506,0.655149156315,0.0756996374537,1.59165062306,-1.48285457891,0.771768216752,-0.633985381126,0.35444871999,-0.680574407937,-0.687167931161
119,0.147373633497,0.129397767458,0.0788497373812,0.0664097654651,0.0969097617559,-0.0908513683155,-0.110418480382,-0.241060458695,-0.119323596832,-0.200149734626,-0.00573877439113,-0.0373753721188,0.107715077688,0.0710012928478,0.153308258152,0.174732656412,0.26591455284,0.341446171407,-0.293391125662,-0.26823384887,-0.570819606967,-0.31160263061,0.0590325679383,-0.0873309962341,-0.27426970389,0.0467190538846,0.158859479523,-0.340967572603,-0.0722741450612,0.142123309673,0.130083299372,-0.00747384447843,-0.173694872736,0.32649579732,-0.256225172656,0.645345155006,-0.527074513435,-0.508761495663,0.568885352354,-0.0195960841201,-1.06692352306,0.809441990172,1.11187657356,0.253950349932,0.385866354688,0.797708887658,0.199181435086,-0.145833576727,0.354874685319,0.194974301009,-0.246883124018,-0.708221674465,-0.830937461708,-0.333431408501,-1.74473849364,-1.32570384757,1.13934830074,1.051822589,0.385437329089,-0.527990347536,-5.00896433743,-3.59182777117,1.29341261928,-1.21649627433,-2.71388238585,7.11883191596,-4.44464300365,0.774714837535,-1.00278122349,2.50898710286,-3.36576243875,-1.65512562118,0.484708370888,1.22616142268,1.10323416668,-3.3086821803,0.427151454611,0.474294308175,-5.81210507696,4.65970794916,2.56511683578,-2.42087105607,-0.118354875944,0.698308860231,0.540016452541,2.15372006163,-0.836502298855,-0.71465959962,0.204395820007,0.41438422691,1.60333557255,-1.03959292455,-1.27290843327,0.590600909588,0.311947784875,1.58961607792,-1.38471636818,3.22637943706,0.859294686901,-0.58986637153,0.526494276066,-0.0726905126402,-1.16292557867,3.23272820792,2.13581614609,-1.92312690884,-1.66816606502,-1.52726640991,-2.19028199261,2.07637028627,0.74196845265,0.768696218856,0.1912617279,1.28014521834,-1.22226097956,0.990905151659,-1.05458647548,0.166936528222,-0.651161969213,-0.684335277869
120,-0.251297358111,0.0507465317143,-0.0244100585477,-0.00633560331817,-0.053001497059,0.265153427114,-0.274414349311,-0.155823527005,-0.21949978475,0.0173819242132,-0.317599545421,-0.142418928713,0.0721701245532,0.103055427603,0.137032306797,-0.0642579734971,0.261635923938,0.174740832407,-0.588777431557,0.237724331847,-0.175212713688,-0.503559079738,0.0884076966133,-0.0253995196689,-0.16964858352,0.283221796536,0.104242973544,-0.345440406071,-0.0974686140895,0.137986511721,0.231974317176,-0.0650369683608,-0.288248060463,0.364895229594,-0.162354480876,0.724549414882,-0.662327538772,-0.208936476995,0.612950372938,-0.160098990437,-0.952382905338,0.824065974004,0.95684694761,0.575821946836,0.579111001248,0.571673484087,-0.0011715617016,-0.29192858728,0.133574049454,0.402234849626,-0.180270766365,-0.626295910501,-0.80442797123,-0.223817395547,-1.85085428056,-1.21774792826,1.01394808137,1.05923117683,0.322067175831,-0.596156425016,1.94874262046,6.59466857315,-3.41699688027,-0.739729041663,1.67780770188,-3.05780793319,3.24459828167,-0.117425045485,0.0401521755227,0.295972024378,-1.61588162751,-0.688783440755,-1.20088632554,-0.695820928596,-1.70318865996,-0.97406847196,-0.915521735777,-3.77093993706,0.690859017337,4.09141257509,4.22097553886,-0.881297116665,0.837897323921,0.545266817255,1.34186851886,2.24403377994,-0.0800220114942,0.644577884631,-0.687498949962,-0.522500536048,0.340798460722,0.00146884409848,-0.938327465925,0.163359040152,1.52426094858,0.0122425116466,-1.20929010287,2.6019901309,-0.0306902955089,-2.15769373103,1.69938783386,0.319861059524,-1.85009064407,3.08029923104,1.6223919515,-2.51129326851,-2.2930957552,-1.37134886915,-2.17911129715,2.02425324808,0.575106074092,0.866715942453,0.344211639032,0.903018375232,-0.889031815386,1.15940446182,-1.44803490435,-0.0178799803753,-0.615245803482,-0.678491170745
121,-0.0990248134574,0.0874280637106,0.124430477626,-0.051574764419,0.11035978909,-0.259017792284,0.177459429334,-0.152161821099,-0.104439267481,-0.201944153053,-0.250998050834,-0.209135479584,-0.107547098449,-0.0290853327036,-0.121648547799,-0.0332481769754,0.0342230539957,-0.290434639947,-0.17761746758,0.381313913354,0.089714186351,-0.422210870819,0.222600020217,0.0331402522416,-0.0505543868801,0.437007050871,0.159580747707,-0.228346759337,-0.189352384306,0.0482536590413,0.197223498047,0.00100555854462,-0.350824988676,0.35451706729,0.0317310110719,0.660913195737,-0.746838017701,-0.0153049299186,0.560534199097,-0.429879922243,-0.746403599747,0.861048247444,0.760758243704,0.846215636061,0.690581383618,0.313343346674,-0.248721677471,-0.416309428695,-0.0700227066959,0.591260827434,-0.134564829145,-0.535611790398,-0.76126333663,-0.154242177059,-1.92059922736,-1.09563016972,0.850976393281,1.04850767255,0.262569134697,-0.663591193416,-0.74652688144,-6.84189617802,4.80970336278,1.68223896658,-1.52904511655,-2.50465632755,1.97504590482,1.59041751819,1.34339216403,-3.53412150185,2.23123364398,-0.591296908465,-2.17729164715,-1.53057535619,-2.66504033683,0.995671012117,-3.59785606801,-4.51898463176,6.52621154742,-1.30763750957,0.632520505549,2.49780736254,1.65502242736,0.70981123502,0.856246948411,0.634246949435,1.15562008492,1.52434905427,-0.983775057769,-1.15014701106,-0.952564501708,1.2825293258,-0.292381159825,-0.400850556872,2.23796184809,-1.18128355505,-0.382595282787,1.17940607068,-0.98564239933,-3.09418145168,2.29872714795,0.347124475293,-1.97628288078,2.22043842532,0.521542237211,-2.56668880532,-2.59852053002,-1.10191678701,-1.84161330435,1.71635995298,0.327599654914,0.9427150185,0.522030718999,0.483559252222,-0.497536556611,1.27376382165,-1.80446922557,-0.194874419933,-0.573900340336,-0.669725740399
122,0.0953118540751,0.0809380318084,0.0492120285774,0.247524502243,-0.207943916801,0.00110941430012,-0.0720773275724,0.146836982831,-0.0824469208711,-0.378363222911,-0.104220591569,-0.231529234618,-0.303373549759,-0.130217589848,-0.237124943928,-0.0195575992871,-0.38613683069,-0.536246734377,0.420913543455,0.0991104941166,-0.0182926392541,-0.0796272335048,0.357503234682,0.127919487455,-0.0150177366665,0.399528171362,0.306628791633,-0.0850275776373,-0.257231878731,-0.0605882558847,0.0716343412388,0.170180764496,-0.348672352733,0.278966071629,0.25786642674,0.512886701473,-0.724817227148,0.0193208748088,0.430083242883,-0.745511295553,-0.519139976631,0.878748671239,0.579034330436,1.0026223742,0.670482855039,0.0747078566239,-0.508489911209,-0.510407742302,-0.225591253226,0.738437278114,-0.116492489012,-0.438721448127,-0.699694999957,-0.127637634647,-1.94900382164,-0.9648375566,0.65457662176,1.02067732399,0.207431991099,-0.730007808242,2.57968459346,4.21363138689,-3.75664676313,0.0557894523316,-0.534246676579,4.35246653339,-4.17841877687,2.4513381614,-0.674716187454,0.941337102746,-0.127058989193,0.166921610249,-1.37112804065,-0.354418858112,0.768890642892,-1.32467570695,-4.1952147542,0.193074323186,3.95501224588,-3.29338226808,-2.15833474546,3.70719690914,0.696111030127,1.17840522308,-0.109628678944,-1.28860279104,1.55491641165,1.11192264033,-0.208009470084,-0.864602219499,-1.36540170932,1.94025136479,0.301067972226,-1.13086053885,2.14413569774,-1.65061270418,0.85655089672,-0.469844117177,-1.51892459077,-3.03946893931,2.11305628249,-0.0612097380314,-1.58463387392,0.846804621623,-0.963398840032,-2.13441855806,-2.53453559747,-0.775317405127,-1.23052117909,1.19731548952,0.0281686439589,0.989664636815,0.709604538239,0.0481865096135,-0.0653799721938,1.33292358197,-2.11527571618,-0.359251853811,-0.528207214593,-0.658147614693
123,-0.118428237399,-0.116753848162,0.0313386666609,-0.201856338603,0.198271046152,0.0715709556359,-0.0953041300492,0.0161950810887,-0.100660216133,-0.0880640686942,-0.242277871192,-0.218668383495,-0.321663783571,-0.128950778609,-0.0188024309936,-0.307529560232,-0.673417100136,-0.268413641893,0.443424965515,-0.0943133187806,-0.191097572608,0.18866712098,0.314090640679,0.248499580636,-0.0448101670419,0.219965189939,0.42012404809,-0.0402197121694,-0.212119558208,-0.100512899507,-0.0374986543288,0.352611082048,-0.299634556023,0.127977077761,0.435754092097,0.353795825749,-0.577644772729,-0.095583506186,0.281487771976,-1.00343392125,-0.34762589824,0.838172543128,0.454451387807,1.00956739079,0.495739710416,-0.102165334957,-0.743734530687,-0.57132834512,-0.309879104089,0.826094376016,-0.129386029751,-0.338872273409,-0.619571297847,-0.144204339681,-1.93298076853,-0.830845638655,0.429682816342,0.977223144332,0.157037213524,-0.795131106269,-2.65501765346,-2.3580714606,-0.483396256565,-3.60617919301,4.27865119708,-2.01508301485,3.67021743904,-4.58452086681,0.674052473454,3.52779624525,-1.64013691701,-0.20602044531,1.08377214182,0.0775859629025,2.7586616614,-3.86704763582,-1.01912770206,4.41022999145,-3.46251235077,-0.111626163912,-0.694514935861,1.1892688192,-1.61422411136,1.04364363837,-0.283772118603,-2.04020169347,0.491801989993,-0.290844464747,1.10858547009,0.121065886127,-0.657236886655,1.52914484204,0.634399379522,-1.86595305135,1.3178213637,-1.44020072433,2.03127297911,-1.71518337574,-1.32139253942,-1.96718747274,1.22162562319,-0.783468366919,-0.877509875984,-0.705227498571,-2.51174820364,-1.36307825529,-2.11564053878,-0.447057585977,-0.432697552353,0.539983448604,-0.284756527456,1.00085494824,0.890300405062,-0.375177210915,0.387573439271,1.3381425383,-2.37328300065,-0.506671069255,-0.479226488948,-0.643881363938
124,0.0470907789592,0.108378844096,-0.228689366628,0.0519091598193,0.00842087903801,0.0500676841311,0.164735368004,-0.300851312864,-0.0269701431981,0.084930027217,-0.250216943583,-0.273466366888,-0.144765441478,-0.148266643894,0.124876238754,-0.608668774473,-0.548808559402,0.125327506493,-0.0962843200816,0.0400584377386,-0.119692678801,0.138198182174,0.0709274803364,0.291900869118,-0.0346562040514,0.0389462270731,0.379272830076,-0.133135610088,-0.0567994712655,-0.0420830161207,-0.0411433745868,0.447495401855,-0.22811221724,-0.0837457224815,0.510357613484,0.236213680911,-0.337663767094,-0.295290058394,0.190030183999,-1.11599177554,-0.286974182886,0.720471263076,0.404269410132,0.868685868042,0.178160435865,-0.193703359136,-0.92213749938,-0.601319514178,-0.309508398192,0.844850110989,-0.172459537149,-0.239922024054,-0.522430548043,-0.201348206157,-1.87149666366,-0.698897135405,0.181867876244,0.92003506877,0.111662463658,-0.858699072097,1.81399225632,-1.07420012097,1.49503135917,4.3353157297,-5.78264792693,1.80667155165,-0.634746600441,0.481075581856,0.131399425753,-0.55425880804,1.71884259901,-0.4817624167,1.86040548098,-0.357645680358,-0.540063297133,-1.21247922471,3.33108521064,2.36806875068,-5.93185227789,2.07162709435,1.86987697529,-1.9116288014,-2.87266438681,-0.375624073234,0.60034257419,-1.41696650146,-1.31659565769,-1.39553305724,1.80127658907,0.939096652875,0.598225483311,0.279253562894,0.784179124662,-2.28729939301,0.162884040632,-0.891124511366,2.64036329177,-2.12048537136,-0.408843102332,-0.215114192392,-0.0296675129816,-1.55173564879,-0.14797083594,-2.04569421458,-3.76084881324,-0.466007402998,-1.41365672604,-0.163295607772,0.443585400527,-0.164679716139,-0.568200685428,0.970979363865,1.04715520371,-0.758858567571,0.840301070981,1.29277371727,-2.57290486913,-0.633351164033,-0.427970008891,-0.627064953719
125,0.0853591097379,-0.174209157342,0.237369042355,0.0135055917406,-0.13813666922,0.0424427927981,-0.109040021216,0.0645398593292,-0.0824779636076,-0.115520077621,-0.0174717104016,-0.204844787071,-0.054080917272,-0.132711331497,-0.120045963335,-0.453085328596,-0.11101379715,0.0891127557184,-0.489429423566,0.14798609948,0.0812338337564,-0.0861837971998,-0.173015342738,0.156198731864,0.0724343227378,-0.0536374108666,0.179721717687,-0.268830013842,0.100649582372,0.0551558657294,0.0689789315221,0.403709894264,-0.14081005646,-0.308928120101,0.474469732411,0.17293531307,-0.0784902834301,-0.488850933308,0.212071541637,-1.04354567205,-0.349266575199,0.536738633753,0.41600767645,0.618964465873,-0.235784351214,-0.19874566442,-1.02073687376,-0.606527797249,-0.222384277256,0.794807704172,-0.240652429615,-0.146141437711,-0.41147252585,-0.293794271484,-1.76562995884,-0.573807198823,-0.0828199069548,0.851349338706,0.071487636617,-0.920464053001,1.65249793391,3.94512019085,0.116725771027,-2.85928643112,3.6163155435,-3.18815926473,-2.53590000574,4.37795479347,-0.602089175378,-2.43640914007,1.91932952797,2.15962501793,-0.186088269737,1.05489147058,-3.6293900057,4.16935145262,4.68156828081,-2.95602552945,-1.19694042901,-0.573770304706,1.5980728324,-1.95379392287,-1.62371223371,-2.26665747771,1.39252820348,-0.498273551365,-2.4618587016,-1.03119073989,1.11407668838,0.822083153578,1.47063971803,-1.11444572098,0.990067930735,-2.1005352455,-0.813741652504,-0.415190708319,2.39435449872,-1.61409146,0.867273535704,1.62271562668,-1.15356139794,-2.05537512303,0.319755299907,-2.83498450221,-4.39486035449,0.331099067251,-0.540346766519,0.0448461731425,1.28348371584,-0.820114994884,-0.780680787034,0.897266649255,1.16410885054,-1.07720392331,1.27178321777,1.2019588573,-2.71023031503,-0.73616006233,-0.375377547182,-0.607847267979
126,-0.0912340083233,0.146823334998,-0.149517040793,-0.02707103076,0.126927552277,-0.265189791771,-0.106097543277,0.149527435766,-0.0447726225861,-0.212869667293,0.0160347561881,0.0905521714982,-0.0946409068282,0.0855681099959,-0.391539828504,0.078128890918,0.242844298389,-0.305805873215,-0.351559996139,-0.0981634588711,0.139731764292,-0.161474375819,-0.217119974642,-0.113630231466,0.195422330554,-0.0873793801722,-0.0637156746503,-0.290854725874,0.133697403759,0.0910272998223,0.21898648705,0.242685058212,-0.0230965149992,-0.481421648612,0.365448369155,0.142091222643,0.114485620723,-0.597654578094,0.357218228115,-0.810084148219,-0.498306999802,0.326093452698,0.453377243461,0.326811400956,-0.673801678716,-0.137070643029,-1.02878926558,-0.595342127293,-0.0575973007972,0.685457782695,-0.325085075692,-0.0619099352366,-0.291407060075,-0.413873647534,-1.61851276664,-0.459802388999,-0.358026701631,0.773680014689,0.0366031235602,-0.980193731985,-6.74289828525,-4.75283896887,-1.28855376503,1.38544894384,-1.24767876485,-0.26841419982,1.89247569682,-2.94739448213,1.19655631652,0.966665697459,-1.05777055703,2.84749835791,0.209067995515,3.0377422031,-0.832970133055,5.37399165775,1.86219265236,-3.74192413561,3.15012925197,-3.88154303816,-0.377373970367,0.622238392809,0.679762239558,-2.76069715276,0.788964846725,-0.332881650649,-2.17560001179,0.740474343709,-0.506275928642,-0.204010493596,1.34872118532,-1.98158905747,1.39578351825,-1.25290476627,-1.26644742705,-0.261836424182,1.35837844173,-0.502063532403,1.95644318441,2.90819023174,-1.70339055098,-2.06421283265,0.348027068989,-2.87739985201,-4.22457024796,0.843391899959,0.375740121837,0.16380515095,1.98053005033,-1.33727707935,-0.888263839631,0.780451681222,1.22721734616,-1.30825361126,1.6621536062,1.07226352162,-2.78306169212,-0.812683177278,-0.322296295967,-0.586385758926
127,-0.135856485456,0.0375669943206,0.0454308054226,-0.0144796200955,-0.222541725826,0.0288551287392,0.0122047582755,-0.2152318221,0.0179689280935,0.0251576595742,-0.07138515906,0.202578092625,0.110392947296,0.361983269945,-0.211089488278,0.42988616445,0.229298562236,-0.452635630945,-0.0724711527177,-0.465111346517,0.076439314496,0.0109863639531,-0.0920874427232,-0.317885287281,0.187974151089,-0.141569058327,-0.225011711364,-0.118483043919,0.0155706490705,0.0117009717861,0.307823532419,0.0335947505037,0.14087069335,-0.546662255319,0.240026404663,0.110472556807,0.179927957642,-0.58692835394,0.57954268376,-0.49552620728,-0.66261986336,0.142412207289,0.470487103274,0.0684866160061,-1.0532725249,-0.0430995065167,-0.948251257558,-0.5766353817,0.166094269433,0.534311827856,-0.414084850103,0.0086691683135,-0.168185136633,-0.551968514593,-1.43516101478,-0.36039812161,-0.637264310006,0.689744666921,0.0070199385869,-1.03767187425,7.52506280953,6.54049797135,2.19756932028,-1.62505003256,-2.34683549745,3.61942949952,-0.17464971821,-2.29368608506,-0.531187915893,2.90444603016,0.19396099998,-0.797864214114,3.86499764829,1.84218529934,4.08127717174,1.09562622093,-1.88334237961,1.31665857908,1.50890865747,-2.58294908839,-0.380337390403,2.45406842151,1.41399850607,-1.0033171159,-1.0204835946,-0.772278951128,-1.00226061646,2.5742140103,-1.64818560582,-1.30539144513,0.319306444732,-2.08020000602,1.86881141994,-0.0279673931347,-1.16357350713,-0.403480742712,-0.069906055985,0.680593170152,2.34015933538,3.19783589072,-1.44408016355,-1.52478630964,-0.0714439453022,-2.1765840097,-3.23776940263,0.968190045305,1.21284269536,0.197186194674,2.44979233353,-1.64660587509,-0.869778177016,0.625383516827,1.22577829913,-1.43521107818,1.99377073981,0.911276574272,-2.79090353658,-0.86127105452,-0.269464153698,-0.562844272882
128,0.0542709239321,0.00456098939328,0.164570512408,-0.106205864783,-0.0307219800602,0.0369964070057,-0.0808923544412,-0.155948725799,-0.104254319342,0.180481933749,0.106022076522,0.0723078037072,0.514620102132,0.372787216001,0.236828386559,0.299061233444,-0.021921148063,-0.0946393685739,-0.114904191603,-0.512127235,0.140559267486,0.245443118345,-0.00953128465441,-0.286989976813,0.0102294669979,-0.225991203317,-0.275204052033,0.175133613257,-0.138066105567,-0.140140551641,0.273521803875,-0.155571307489,0.340971322677,-0.491382398277,0.143215319353,0.0597867187619,0.105946518836,-0.476801765922,0.792710133448,-0.206710877775,-0.762185023067,0.0344408332043,0.42957476055,-0.0903610706993,-1.29972468789,0.0435241126526,-0.792090947195,-0.55816564773,0.422941167851,0.364463157245,-0.49465844157,0.0621892539134,-0.0486246525703,-0.697089629237,-1.2222040945,-0.278316946402,-0.914077915707,0.602386377845,-0.0173186869698,-1.0926988668,-5.32177982875,-7.474630299,-1.81299946656,1.94800553237,4.49545162072,-3.12585574531,-1.05102677818,2.70566451704,-0.983721429374,-0.290408611984,2.8258812411,-0.539438475389,2.92624272336,-1.66288981905,3.67354023586,-3.18620699752,-2.43089384632,4.89596035164,-1.99756676618,1.6310606331,1.77380598912,1.89992286553,-0.00758010188762,1.53253108262,-2.27099418962,-0.755513975183,-0.135248735127,2.98668838216,-1.10279603435,-1.53532413161,-0.988876943633,-1.65252512019,2.05194508053,1.06746045414,-0.749134851059,-0.592047132895,-1.33822933113,1.4138760337,1.76123983292,2.41568379773,-0.446539382965,-0.591795381531,-0.772193988329,-0.936404642079,-1.60704961136,0.7049759303,1.87509912865,0.163084340181,2.63766965378,-1.70726678802,-0.72041473516,0.441112155949,1.15330106892,-1.44760894973,2.25214680098,0.72719803148,-2.73490596896,-0.881065445672,-0.217497134749,-0.537391092789
129,-0.034974909203,0.00740357078404,-0.296288184606,0.200970506595,0.193879783767,-0.17213051544,-0.127312298691,0.0608880480587,-0.0370834860453,0.0363253822661,0.319395301291,0.259581281316,0.508848240925,0.0931286033868,0.342663349884,-0.0553596481045,-0.143835574699,0.290280429951,-0.310596877769,-0.239025465515,0.385464566,0.364557795087,-0.0999487515703,-0.0704154548364,-0.19454992627,-0.257014382405,-0.282405342885,0.419783666383,-0.15095562773,-0.256862939694,0.123646496445,-0.294565826558,0.530378856003,-0.353249705188,0.0894775174312,0.000242436549522,-0.0667351931413,-0.328742361687,0.903686886218,-0.0375132417345,-0.739020528141,0.0267305503563,0.316172644499,-0.11240404034,-1.36380946255,0.0880959747083,-0.581058554742,-0.545327025537,0.683643996074,0.201412353839,-0.554219714452,0.0963396391392,0.0600502617106,-0.837551836076,-0.987531034148,-0.215447661868,-1.18220610426,0.514494216478,-0.0365246663689,-1.14509207442,4.08651679059,4.62432867334,-0.622105932202,0.143368836956,-0.931867383836,0.728326679074,0.282511223233,0.700710256021,2.24151652948,-1.57048775195,0.777423789579,4.06279267822,-3.13024467771,-3.36553634913,-1.86196777563,-3.14976238559,0.239695856637,1.79239019013,-0.998712341533,3.03529851319,2.63038400444,0.557975859624,-1.62606191501,2.36150387836,-1.4504662289,0.276837188406,-0.133883614046,1.68128073969,1.01183916437,-0.644345429761,-1.90321825585,-1.14850913394,1.61965526171,1.57138749758,-0.351455533924,-0.540816172541,-1.98730450308,1.42197471267,0.351630857119,0.889716776233,0.932824668084,0.419822642164,-1.46849747816,0.493775336039,0.347328963899,0.15008993633,2.30387177856,0.0899024188314,2.5272481098,-1.51246360217,-0.453167463341,0.240367616623,1.00825419304,-1.34209133368,2.42668022812,0.528438122255,-2.61776765221,-0.872003855037,-0.166881105713,-0.510197228745
130,0.0836740442479,-0.115496473505,0.309069305077,-0.123997048761,-0.0935240347858,0.096193381764,0.00657514767716,0.0142569640225,0.178219239689,0.0522601018203,0.278559542161,0.619716813409,0.0601637347062,-0.176943786313,-0.0482019317961,-0.238603174455,-0.0103448216177,0.191948628774,-0.211533945825,-0.0441216916434,0.560841221493,0.395084948843,-0.276626370933,0.0981237403798,-0.227241255367,-0.163449340282,-0.311581169249,0.491944761568,0.0666251839327,-0.253504108399,-0.0834914670881,-0.392994461563,0.64328417787,-0.202512944704,0.0655376005275,-0.0356844839444,-0.264833943706,-0.214274880669,0.851397087124,-0.0332005842477,-0.579981068736,0.108827533508,0.146319448422,0.00134649508383,-1.23265321864,0.0692885683108,-0.339771122285,-0.54036274342,0.919085138486,0.0695876098992,-0.582341409703,0.110222148239,0.150730830822,-0.961706098419,-0.73987500713,-0.172843102455,-1.43572939324,0.428924311504,-0.0507518130499,-1.19468603813,-1.31139604574,-1.10259371135,3.29021546386,-1.90862664847,-3.36695265095,2.53594435416,2.36412202695,-0.639351743784,1.11483923928,2.17272162014,-0.848104867841,1.33106226952,-4.44037302853,-1.47832348282,-4.92241732182,-0.425613912651,1.87737980326,-3.35613895104,2.88353206057,0.497314236536,0.485305811725,0.258395722148,-1.59252346292,0.676297009389,0.881581821499,1.50019269027,-0.407412945785,-0.193756861501,3.18618335287,0.698673409819,-2.12401418984,-0.863819002357,0.553036418374,1.32706669478,-0.166729254364,-0.117613914508,-1.84805467027,0.784568254648,-1.40124711465,-0.767428484966,2.18266332734,1.14713797603,-1.85455940872,1.71456244106,2.23042516,-0.531561413749,2.48014283113,0.0113988062903,2.13873910716,-1.09016834775,-0.0978534945216,0.0384364638377,0.794525945664,-1.12275436264,2.51115079861,0.323247898231,-2.44360402587,-0.834803162289,-0.117967927139,-0.481434978229
131,-0.119617519571,0.214129946935,-0.201171266497,0.0388807267047,-0.116056698542,0.0616897774853,0.226857372728,0.104154920786,0.161575881023,0.352239987709,0.28515242378,0.334475933884,-0.167830293556,-0.132663627587,-0.413720926076,-0.185318475119,0.0992481048696,-0.19244009391,0.131505601328,-0.119749367343,0.46518217495,0.434915569949,-0.375667776163,0.0406218924949,-0.0448138059376,0.000769020837574,-0.34112411134,0.413860725121,0.427870280867,-0.136785237477,-0.281903340802,-0.473702162873,0.632043728955,-0.105259029141,0.0501962799265,-0.0144171976239,-0.415620972958,-0.180804743939,0.633957533676,-0.172993433601,-0.322831419787,0.237304041325,-0.037009265816,0.212025294958,-0.932845917951,-0.0160822403901,-0.0929677016145,-0.54208697282,1.10386252613,-0.0109745401374,-0.572289418542,0.104529081811,0.216974529388,-1.05868208042,-0.488361355089,-0.150752572018,-1.66920410504,0.34842356386,-0.0601824293243,-1.24133254359,-4.22334904991,-0.487575055353,-4.35852017896,0.956437373687,3.69977671053,-2.50698199574,1.03868200622,2.52644348947,-0.606988865875,2.71317942379,1.03671987331,-6.50636828289,0.146862494588,2.40290998299,-1.52947170907,1.07925842876,-0.222643642345,-3.19986362606,2.97248712198,-1.52293110262,-2.16603588462,0.479639329834,-0.324294588398,-1.71175217608,2.43903396447,1.49732430073,-0.032971878863,-1.12313490747,3.65071923036,1.47096106706,-1.77244864486,-0.761939285104,-0.774094760502,0.568739582054,-0.153831752387,0.564921042934,-1.0952260053,-0.118372642249,-2.84190898522,-1.89156563081,2.82984301211,1.31567222699,-1.71469709515,2.38605424473,3.66334160156,-1.14996030149,2.41905149236,-0.0384517567847,1.52515583882,-0.49922963612,0.302215791283,-0.148461806487,0.521541384077,-0.80101392374,2.50395128243,0.11939814475,-2.21778696956,-0.770923435727,-0.070975956421,-0.451276767642
132,-0.177278107623,-0.0650798781177,0.0874819469458,-0.0965829456367,0.215000530535,0.00624634954126,0.139388218471,0.357326540499,0.257873483946,0.440721177213,0.338302533915,-0.315918136942,-0.0147973362372,0.22573738692,-0.320152657193,-0.100466694658,-0.0808263905207,-0.298465533756,0.218283916791,-0.232043199431,0.213134951795,0.455476476223,-0.357969026628,-0.18382303519,0.175980610895,0.0822830796551,-0.294462228573,0.316609690772,0.717291507776,0.00340358989868,-0.428400787235,-0.542530255261,0.49946866439,-0.0899411848923,0.0361567765792,0.0760957605428,-0.477028853395,-0.230400121312,0.312376596338,-0.378045135922,-0.042881270995,0.350515176051,-0.177459601451,0.453762616686,-0.524401302777,-0.152934184689,0.137406439404,-0.546111853409,1.21918199707,-0.0273497345497,-0.522121931569,0.0815414392811,0.253548629125,-1.11909367923,-0.242046070631,-0.148683436447,-1.87777904002,0.275557904805,-0.0650141571285,-1.28490058793,6.62041234726,2.96398569253,3.82204080436,0.409033681712,-0.159861569394,2.57454156344,-1.90675327022,1.38330256035,2.87282652749,-0.976386578996,-1.04622893346,-4.23312062805,2.0173644713,3.95695965641,2.83974046048,0.357018049209,-3.03358799146,1.17943730955,-1.57685669435,-0.272500874555,-2.39551983499,-0.293330323169,0.498371213896,-2.36577161536,1.5529649289,-0.0500680060314,1.00932423826,-0.627536410435,1.79254078145,1.15919885795,-1.12857999835,-0.575786954223,-1.77558203688,-0.226697564717,-0.0998042320367,1.21092187082,-0.137588368696,-0.799448058473,-3.41329524682,-2.02513035005,2.62212931853,0.849042811392,-1.00695398816,2.32060934007,4.3692782434,-1.53739456015,2.15933343286,-0.0303641531963,0.763978929269,0.178567632566,0.695517423955,-0.305108027126,0.203992591741,-0.394999279465,2.40804651432,-0.0760810506343,-1.946762198,-0.682513505449,-0.0259947496996,-0.419894276884
133,0.175499226416,0.0875115837486,0.167545744398,0.290714390978,0.00810659438194,0.288009505724,0.140712241847,0.314420758529,0.560609320459,0.267193989264,0.00726489681904,-0.273765974033,0.12435245611,0.466922030893,-0.0392944370495,-0.129722918412,-0.372204685628,-0.0713002980438,-0.120734149954,-0.155904786361,0.0519285923886,0.347336028519,-0.310372056767,-0.357093054944,0.208329640894,-0.0138402518991,-0.153247751809,0.304923115171,0.743229345404,0.0720534968225,-0.50368795225,-0.577883240783,0.303576376034,-0.13722156766,0.0385340385605,0.216098485615,-0.450912690286,-0.321041274758,-0.0117359615013,-0.542208568648,0.175078216575,0.39110526857,-0.224588767004,0.651848024336,-0.0872367053555,-0.312242790508,0.333951931773,-0.545539937371,1.25476572487,0.0245062147735,-0.435189577363,0.0449287870642,0.256926363442,-1.13566131765,-0.00947173547709,-0.165485393961,-2.05729303529,0.21264682846,-0.0654474980201,-1.32527627282,-4.74316672988,-5.72900412997,0.339919316094,3.50496086149,-0.0803760795083,0.669628231881,2.62190102239,-1.39336952896,1.53085806276,-1.85102218817,-4.72959755364,4.62069857538,0.778906971904,0.091193594054,1.79269396183,-0.864455404822,-2.01923160196,2.35066792467,-4.34742528569,1.51196033113,-0.727762247897,-1.86852466428,0.355158463975,-0.842605105863,-0.991125140672,-1.71821333299,1.63398875771,0.348929883752,-1.32865025057,0.177698711799,-0.360955210853,-0.0691550524893,-1.99214429186,-0.631711733376,0.19643188026,1.51275595514,0.593276946825,-0.901500176138,-2.8908065335,-1.09896974163,1.62936513976,-0.0912258943057,0.109577892073,1.53287408808,4.23403560715,-1.58815916297,1.75121008645,0.0559046299658,-0.0539480728951,0.849392510599,1.02888425353,-0.419270889401,-0.138841022001,0.0714978535588,2.23066798302,-0.25709259204,-1.63785059237,-0.572340256544,0.0170063091483,-0.387457839094
134,-0.185777514747,0.0708956426583,0.0463822519572,0.199023458938,0.398752209037,0.189507905131,0.443317968669,0.312149867098,0.366621679763,0.100601575163,-0.279264726929,0.270695661739,0.207722618679,0.225280729161,-0.0552215224371,-0.241094031564,-0.389642107607,-0.00856933884595,-0.457140556606,-0.026229508875,0.0438283835896,0.11562649022,-0.28236476169,-0.339236498362,0.00661416041753,-0.202210463813,-0.0166216093417,0.355329168689,0.47423834076,0.049046532034,-0.497248996056,-0.545464235832,0.129484534493,-0.19863853922,0.0842976957526,0.36212447936,-0.374643635225,-0.389107879665,-0.235857989641,-0.573883152136,0.268980949349,0.328101089149,-0.152499051516,0.743126180043,0.296495739853,-0.45854799525,0.484420402387,-0.532051427066,1.20957613652,0.139165599297,-0.319949693193,-0.000640449939011,0.225694656178,-1.10370928286,0.201733739751,-0.199450444331,-2.2043521013,0.161705715091,-0.061674377346,-1.36236265063,1.40283635009,8.33572480799,-2.31661038593,-3.58303629193,4.48244001897,0.0983368918403,1.56391854426,1.69637465894,-4.96159204416,-1.77482151358,0.535185897455,4.29209346977,1.13828773328,-4.18946858137,-1.90056760352,-1.16224307902,1.65255577229,-1.53362217711,-1.63425782621,0.595714260989,0.306622848691,-2.46762183986,0.337068933281,1.07613699984,-2.70304747465,-1.67232073116,0.844517821851,0.429661528221,-3.79142061477,-0.511670873506,0.505515358607,0.75513787441,-1.37134319658,-0.520163986408,0.749897431739,1.32756941238,0.84578156432,-0.36711234026,-1.48286342847,0.535898849071,0.221906527286,-1.15421984588,1.31524451797,0.233425567147,3.32693298664,-1.28129638814,1.2460418604,0.228067417309,-0.836726357857,1.4197371399,1.25450277581,-0.483462849034,-0.48417851837,0.570459129822,1.98276863348,-0.418594058637,-1.29903937778,-0.443703924682,0.0581658235638,-0.354136098667
135,-0.257984990228,0.19756940903,0.277930403276,0.118465747236,0.3204635373,0.527149327862,0.398514034775,0.42951906578,-0.106362292569,-0.103746412732,0.138467665677,0.400436027025,0.309382710899,-0.118558733726,-0.278327225926,-0.322460846687,-0.148919630633,-0.325257598154,-0.411270675067,-0.0822812080279,0.0652003902242,-0.083564669633,-0.209456356629,-0.190183762907,-0.247295883876,-0.280675562502,-0.0184971442071,0.34515297358,0.0534103607293,0.002826848248,-0.401184281556,-0.424765125411,0.0443438287784,-0.231438930822,0.190016734142,0.468488066666,-0.297194968067,-0.381836382197,-0.297391270362,-0.432613346089,0.223421621239,0.170186598824,0.0285956816911,0.692975903331,0.559985797335,-0.558670759142,0.581471781148,-0.497282008854,1.09131932512,0.302379625061,-0.189097899062,-0.0500410685926,0.160834341206,-1.02150375641,0.385193459133,-0.248421573811,-2.31638539852,0.124397219983,-0.0538680859557,-1.39607954834,-3.15150881138,-5.60256528262,4.82899872867,3.43850529982,-4.75082703358,4.27829102946,-0.952368921252,-1.04406247682,-2.73370145265,-1.76184963777,6.2943039461,-1.2561415356,0.327418500718,-1.40281957757,-1.70690953793,-0.291169650122,2.28689787759,-3.93378738297,2.13719857513,-1.60366862446,-0.011156412985,-1.2727962855,1.25589541036,1.62127245851,-1.9600504915,0.32316081318,-0.916832146681,-0.808774391452,-4.25439890869,-0.240164666274,1.4063454042,1.63866098097,-0.307276314404,-0.120546623206,1.34426858134,0.755026637929,0.642955194467,0.539491083544,0.248227827034,2.241889684,-1.06815762767,-1.92246070063,2.22700303259,-1.23140265732,1.87834840927,-0.681737237749,0.689965484586,0.47905008851,-1.50322460022,1.80862162447,1.33641546601,-0.496188806791,-0.807192772467,1.07137338386,1.6782774339,-0.556651098786,-0.938768617142,-0.300341928344,0.0977151011063,-0.320095902541
136,-0.136827523412,0.342971408735,0.296884037753,0.517182724689,0.248363603201,0.467640412937,0.427144107854,0.0663382585908,-0.0805250256351,-0.0604960565291,0.551689016358,0.245410303198,0.205996374034,0.0474158975164,-0.302596541664,-0.280994321187,-0.0849405042663,-0.593145591727,-0.180638367687,-0.269706782452,0.0465071978511,-0.121634893737,-0.0277837776227,-0.0577684783867,-0.329729038874,-0.133096986215,-0.172182970851,0.180573264696,-0.312703197524,0.0271812310303,-0.223363496714,-0.227822184567,0.0622011546407,-0.226816078214,0.343397343055,0.509501527712,-0.25312600631,-0.283910290635,-0.198539213097,-0.145924646409,0.0758422621627,-0.0353320934498,0.272139793162,0.504271100182,0.665180180018,-0.589478345639,0.62202833957,-0.43434723828,0.914857476801,0.492874264523,-0.0581111471856,-0.0983230327518,0.0658392428458,-0.890407045958,0.536035441573,-0.309903623545,-2.39167983758,0.1019927397,-0.0421748833314,-1.42636339082,2.86778202788,4.61279623155,-1.38559069721,0.890651050732,5.19653277241,-5.3014015582,0.319310119729,-4.44033583001,2.41829816003,3.27158005542,0.427523820975,-0.86684470707,-2.12324199836,4.19451091182,1.11798822588,1.07551842705,-1.35496112768,-0.653917685635,1.67716433383,-1.63415126649,-0.213847872234,0.427605761105,2.25154044733,0.933594705113,0.399957608859,2.44075560154,-1.85503093404,-2.42137729494,-2.84091563918,0.790338207013,2.08081850937,2.2231326502,0.586840335318,0.161140576266,1.64927365868,0.0742132819398,0.230033626218,1.36633326654,1.61503349589,3.34319158217,-1.75157411202,-2.06644594136,2.52169518264,-2.47569908658,0.220951989699,0.0792622832882,0.122159860165,0.786389612915,-1.99283221587,1.95803963288,1.25565414869,-0.462463789631,-1.08276274524,1.54315898881,1.33320538907,-0.668429119269,-0.565717962919,-0.146323953006,0.13596030186,-0.285502392559
137,-0.320127211517,0.131518475767,0.455796856231,0.380683100725,0.687623876563,0.130942651931,0.113376143453,-0.0681987508763,0.178217092529,0.429264228125,0.268453620739,0.240391070495,0.0558719052935,0.465476269732,-0.16465284277,-0.15451492418,-0.361933904795,-0.430681942462,-0.162986077743,-0.334169118879,0.0551896228984,-0.0388119812038,0.192442451992,0.0049516455499,-0.189438244872,0.13820838469,-0.310931698825,-0.104874573396,-0.494602559669,0.15596856414,-0.00529240324582,0.000987086216467,0.139651442805,-0.213277583839,0.502004166529,0.489788741939,-0.247812389215,-0.125393920239,-0.00460247281925,0.200451935888,-0.0977967885277,-0.218257836129,0.506969318362,0.216054191762,0.609134583173,-0.542887353343,0.606653605163,-0.339327227349,0.699803992822,0.685045462074,0.0566238203231,-0.141352537408,-0.0533504341136,-0.714835330826,0.65105218059,-0.381170648339,-2.42939355199,0.0953446898237,-0.0267074900595,-1.45316704196,-2.41094309534,-1.82015274042,0.153920203054,0.244196562942,-1.12911252863,1.14918348633,-6.32258314162,2.15565523636,2.39915132935,4.74379606766,-4.29839106499,0.0833678017707,0.101025834994,2.73157470252,0.945260725569,1.04975028053,-3.33955571517,3.34615457753,-1.25932211343,0.45560428472,0.486043069776,0.971314629092,1.85099101376,0.466924264002,2.13576774208,2.55373244405,-0.511610067025,-3.04162373646,-0.822273853496,1.67504518106,2.15305418583,2.24902640553,0.833643279265,0.0327302218266,1.42738825584,-0.418062128096,-0.0857218474921,1.69688411749,2.08844551109,3.3913585217,-1.57385538807,-1.47454808401,2.04523730992,-3.17853629891,-1.28965690833,0.8384746768,-0.423190908509,1.11368823152,-2.27187821485,1.84030867749,1.01330082603,-0.393463914567,-1.2874140706,1.95614940577,0.964663273026,-0.752133316634,-0.188598040132,0.0140588856352,0.173262604788,-0.250519260821
138,-0.216854738188,0.444565180868,0.251919510771,0.486985404086,0.165241854775,0.326703453428,-0.23360459691,0.217805120429,0.430182909588,0.564581807499,0.061722099123,0.16102168803,0.277672508902,0.456041140967,-0.190004607999,-0.152930704938,-0.558995100613,-0.110419403001,-0.335691928315,-0.21610254747,0.136647175178,0.0313478897881,0.291865544625,0.0683292991795,0.0324029569977,0.301549655984,-0.214666852265,-0.378127805863,-0.501540919131,0.327982313337,0.179940283202,0.201636192604,0.204430188684,-0.233092535234,0.611587182069,0.437514277365,-0.260309580074,0.0326341489157,0.183782919805,0.495287832722,-0.212668756579,-0.310841780895,0.657689952593,-0.107431772371,0.422228040724,-0.427067605603,0.539229594958,-0.212492057328,0.467677858349,0.852194785787,0.139864900664,-0.176373395042,-0.188612454434,-0.502020233296,0.728760253873,-0.459365209423,-2.42954890193,0.104870042771,-0.00754063679745,-1.47645967764,0.169121515433,-0.382992039264,1.29316309558,-2.30924993076,-4.53395774725,-1.1321225323,2.46321473542,1.93830443078,2.53655050087,-2.41462450947,0.947923990178,-1.44104842666,3.5957952051,-2.56497545301,-1.37317075143,-1.26147187158,0.10939825012,2.11431727191,-1.50579139354,1.50578488616,0.979656957038,0.327301971963,0.000854599811521,0.917361290916,1.99968160536,0.469497688218,2.55584471984,-2.22286410337,0.498307805429,1.56153025855,1.42135758093,1.67175147027,0.36093112807,-0.46853553012,0.696408615518,-0.56918390769,-0.110122043651,1.35393346223,1.5161001003,2.34241110082,-0.619173434078,-0.308655215278,0.87125537241,-3.16769861768,-2.35493183503,1.44064903363,-0.913293980542,1.41436235075,-2.33594798588,1.46142110907,0.631037340346,-0.305288446433,-1.40130762686,2.28400873428,0.589855825972,-0.806909556637,0.184049728261,0.176407927482,0.21001701829,-0.215309125312
139,-0.296245793839,0.1501783456,0.38768756316,0.0185924251706,0.0764303403793,-0.0966679770078,0.430265231486,0.339281494964,0.519891081819,0.190866222422,0.31258944884,0.12791177544,0.517764474999,0.171206743996,-0.357639396089,-0.380081821413,-0.332579251458,-0.100186572933,-0.362144884761,-0.11190193406,0.208311560972,0.0302775047024,0.199208698677,0.18901886846,0.173162222487,0.226957421178,0.176723257463,-0.529718996131,-0.433406693159,0.430842977633,0.259036655141,0.320578849702,0.199648504646,-0.307427480811,0.633638839688,0.385518902474,-0.260390271198,0.127594110376,0.272886676688,0.644643418078,-0.20874311211,-0.273825363699,0.667446238846,-0.394063072779,0.159156632024,-0.26379201202,0.42697435526,-0.0590393190783,0.239040750062,0.969882808718,0.17949229327,-0.202403916739,-0.330101419492,-0.261587860684,0.769360887044,-0.541586371614,-2.39300602154,0.130545287535,0.0152912270196,-1.4962267004,2.08025338789,1.98234502255,-4.88474301612,-2.54071439246,0.0157376330094,-3.19441948654,6.50589540201,1.82347055482,-1.61978411197,-3.07547143125,2.51288430946,1.65163092975,0.100106852296,-1.87871127272,-1.49160257764,-2.74607506987,3.73777695533,-1.73034868566,1.1175228821,0.332877260297,0.263994743348,-0.231611418415,-1.65766055774,1.37480503241,0.770074797388,-1.761123687,4.92433958859,-0.826289752087,0.698365521471,0.356333200662,0.105384699531,0.655848498934,-0.469930105737,-0.979425106322,-0.259952610721,-0.438705117275,0.142516708604,0.485962310123,0.182768359083,0.574191458548,0.716524932245,1.03862063175,-0.711330451829,-2.46022186839,-2.79499767268,1.77404621088,-1.31393816309,1.6376029678,-2.20793854386,0.860036343579,0.149070066286,-0.216934909432,-1.41011279377,2.50544537362,0.225117210814,-0.832719938953,0.544041565007,0.336331049667,0.246630484054,-0.180033979951
140,-0.099989247338,0.0917970252433,-0.169076248045,0.0115700210348,-0.0825537283231,0.193031035558,0.507065918642,0.611172016045,0.196530698074,0.158405113428,0.382706964025,0.467178000213,0.294535815291,0.198885972029,-0.439258123583,-0.5585713713,-0.0231628018076,-0.319994922319,-0.167711099322,-0.147043778828,0.174694852594,0.0140691073895,0.0186184649323,0.302129834696,0.201440363527,0.0223150264857,0.670057583873,-0.566449323676,-0.383203108671,0.387800188404,0.201468678701,0.327782696829,0.117760904074,-0.41365924924,0.565409409976,0.352114988003,-0.228941046392,0.125671071197,0.214850865972,0.607793502128,-0.0753109248332,-0.113596136898,0.515900916729,-0.582598114349,-0.114729817883,-0.0828120520104,0.280613915146,0.110855104386,0.0310245349957,1.01897064978,0.168155488014,-0.220400671096,-0.466881971974,-0.00498168886969,0.774608673134,-0.624964576994,-2.32141822817,0.171912691286,0.0417940268271,-1.51246970086,-0.061697072397,-8.34256085933,-0.158885528265,-1.04773385884,-1.05316353996,6.94513948247,-3.84038381615,1.84127987422,-3.00870059105,2.01297951908,-0.837938051773,3.89241583721,-3.4138415806,2.15315331496,-0.194600669749,-0.201273042006,1.42681006112,-1.77751802243,2.20430211594,-0.788364249869,-0.870096943984,0.027742577861,-1.63865866873,0.653344621547,-0.0564480166109,-1.88192086981,4.37445958035,-0.0868178942446,0.265781642421,-1.18192547109,-1.19570528229,-0.510066450721,-1.08582745933,-1.03839102278,-1.04601801877,-0.238176383675,0.479430524836,-0.504564167428,-1.31308081827,-1.26350466386,1.87572709115,2.07402103025,-2.27925982574,-1.25042517815,-2.57862398556,1.79326800739,-1.58947197196,1.73602288315,-1.93232445161,0.10233619948,-0.378342701289,-0.147706999392,-1.30659201772,2.60560276106,-0.114951843987,-0.830207050262,0.883725222575,0.489554169199,0.283499929051,-0.144855671508
141,0.29677035131,-0.232629324232,-0.138815458696,-0.180043123923,0.182215886268,0.518087707187,0.267436195981,0.375552479433,0.219017233384,0.372091918009,0.334814447309,0.612330972834,0.133484838157,0.440493087479,-0.432855904398,-0.393236268015,-0.130602536567,-0.338362016753,-0.0285824157011,-0.202833151302,0.0689867509129,0.0438242788282,-0.0819243636055,0.286084252287,0.187866614189,-0.0709173618413,0.954149508588,-0.581441326949,-0.376769866426,0.218834044747,0.0418483100654,0.224047838275,0.00499585045708,-0.491342075666,0.439822402153,0.332763750168,-0.169842792904,0.0382049947703,0.027031689047,0.412064831534,0.143506680437,0.116315921227,0.226652215318,-0.637800596741,-0.338273585007,0.0852026262252,0.114373876349,0.282795712489,-0.144419360873,0.987969897493,0.104374497344,-0.233147468085,-0.587698977048,0.255233171005,0.747601300556,-0.706722928872,-2.21717087423,0.228097471559,0.0720119860978,-1.52520646614,7.02383536306,4.3111253123,-2.86318365825,0.125854782885,4.82747304935,-2.1250543061,0.589057154237,-6.05812503358,3.28580342396,1.44405052304,0.653955450661,-1.75294655836,1.17850598082,1.83873659051,0.195857252309,3.04744955504,-3.20521041239,1.46407277218,0.274917321645,-0.0384454463128,-1.02076794078,0.51681990766,-0.272708579261,-1.02621398737,-0.157166785049,0.266557250255,0.989814246752,-0.331523934256,-0.0790123399584,-2.00605543499,-1.85207687065,-1.51350549953,-1.04015068593,-0.399382407271,-1.38022539724,-0.186542888548,0.659932835106,-1.15507569476,-2.31369935143,-2.50611283441,2.35698030493,2.37742441288,-3.39953684561,0.148743701,-1.81691634483,1.5247434254,-1.70646900307,1.67399701043,-1.56666566569,-0.726496250265,-0.889220235672,-0.114369670318,-1.09172929943,2.57702628561,-0.418193258106,-0.800559959469,1.196136866,0.632027525766,0.320990909418,-0.10993635566
142,0.241405594603,-0.372407775534,-0.224668352922,0.119811400211,0.331938841316,0.149540053733,0.318317711722,-0.0548258533428,0.495884527,0.461541211622,0.47879473531,0.253344838643,0.474352535718,0.50394957033,-0.390292125388,-0.119502748135,-0.470692583358,-0.123763380732,-0.0999776445331,-0.135077894016,0.00563198450622,0.0945511839988,-0.0471039203741,0.114980736491,0.159484942433,0.0814558446131,0.855234315864,-0.636217025063,-0.385316506371,0.0308269487394,-0.138621685135,0.0391130036308,-0.0657334626735,-0.47553682,0.305065904719,0.306647762318,-0.106943695596,-0.0836249871426,-0.216238592953,0.140819068137,0.364935009071,0.330777619965,-0.138387787096,-0.558096336271,-0.467063544371,0.215383711197,-0.054564830929,0.439738900161,-0.28134188586,0.87441955759,-0.00705283686322,-0.244862572741,-0.681831616729,0.506138046851,0.692507766036,-0.784225636065,-2.08330545057,0.297835232519,0.106023469331,-1.53447103101,-6.24714938438,-4.76405941804,2.50018060407,3.58245749546,-2.88867803349,-2.44024813441,-1.96657832131,0.160364852212,0.35136535742,0.845498114431,1.31061210783,-3.61215125248,4.24998318116,-0.314098646307,0.799097035304,1.52285060291,-2.41671338211,2.02936503293,-1.32610807733,1.27293825594,-0.168106533223,0.357444213937,0.782075362885,-2.18355240193,-0.562228372976,2.5858719298,-2.76834401513,-0.671114430235,-0.031621584843,-1.53381501328,-1.61887959293,-2.10006906993,-0.273592652935,0.766238960404,-1.25274676533,-0.373342150227,0.547585140879,-1.16474884624,-2.37873563418,-2.73542544719,1.91634722873,1.75823829303,-3.75852995095,1.39250769885,-0.725248818292,1.05479355972,-1.64057833703,1.4353301502,-1.17178556359,-1.53299090278,-1.32126262752,-0.128422960466,-0.775258944837,2.4201338408,-0.675407167722,-0.745393076733,1.47513882911,0.760024288977,0.359417462738,-0.0754388857759
143,0.0591669563803,0.170627711446,0.0465069792877,0.100022095388,-0.0552285811841,0.0637762683219,-0.0684610983308,0.334909285452,0.293631432396,0.532313483658,0.46245625347,0.206556824121,0.692399334056,0.463593154173,-0.275056150884,-0.173525187671,-0.466672501319,-0.0601170434105,-0.202900046753,-0.0019129375174,0.0272706687255,0.0946200965773,0.0264820904035,-0.09923268379,0.0386410476871,0.375509323562,0.481688603414,-0.680247973942,-0.376134731659,-0.0527574236366,-0.262250100788,-0.177455516848,-0.0376688301676,-0.338506128601,0.196411428089,0.252881290165,-0.0684692982047,-0.173170142327,-0.4156680829,-0.100385480593,0.499651745069,0.440914701251,-0.49602814754,-0.374186846213,-0.481065327008,0.293478587224,-0.207384295578,0.564234263147,-0.379636105959,0.685141206531,-0.155399331016,-0.260555230908,-0.739965888974,0.735249287662,0.614255838459,-0.855015349554,-1.92343094934,0.379508784422,0.143934894828,-1.54031376259,-0.568459457609,9.46152375214,3.89621286631,-4.16716510186,-2.53154794926,-1.16347888171,-3.01276966438,4.46674929422,-2.56107176664,-0.130817381809,-1.53074641314,3.11035973968,-0.613789443214,-0.239307301141,1.22719686852,-2.35191303764,2.49374652552,-0.964356343346,-0.385275097647,1.0729611557,0.46448583947,-0.390279857639,0.460287211518,-1.86594896432,-2.00590581642,2.86257066161,-4.16808663678,0.011902256349,0.221773281202,-0.0289277578236,-0.807935647171,-2.13698700911,0.846526975123,1.91625199936,-0.914158846536,-0.712717562462,0.196805329996,-0.53780587358,-1.46663284401,-1.93966572241,0.673465906414,0.337517086849,-3.25499192835,2.19395769393,0.434750635378,0.504458633486,-1.38477282926,1.02873483522,-0.802215678096,-2.22686236277,-1.619403865,-0.193876174894,-0.375492112297,2.14315229328,-0.880648411243,-0.666646286157,1.71553637649,0.870229266015,0.399023742868,-0.0415270907332
144,-0.535315696123,0.259966387727,0.377798146873,-0.106446760835,-0.150160687522,-0.204574144387,0.0411421767837,0.338167092355,0.276003251717,0.339323258623,0.326682888787,0.664155159116,0.445486336307,0.432643587198,-0.233138770423,-0.432422279541,-0.118487458686,-0.249570993457,-0.163406350373,0.035866807745,0.066000730936,0.0270187919693,0.0168939271621,-0.232893741662,-0.247354461183,0.578952422256,0.125391363305,-0.596003781869,-0.343803841086,0.0297354656818,-0.303026970019,-0.370907818853,0.0954566150701,-0.114099108964,0.117925834051,0.165485271081,-0.0682884743544,-0.179993523013,-0.488964321696,-0.22566544309,0.487691403176,0.384994866787,-0.7650555476,-0.139585555174,-0.386095090965,0.317774418699,-0.325737014141,0.641045878966,-0.443998536835,0.435371371938,-0.325080139029,-0.285199134231,-0.755012459692,0.931273666811,0.518201286305,-0.916841806066,-1.74162466981,0.471193256359,0.185872921922,-1.54280146568,-5.65324050924,-0.842005645119,-1.85938103535,3.14529054584,-0.493641193392,-2.59127671685,3.89920884417,-4.15715640697,1.90697944181,-3.31147175079,-0.333465812481,4.08228258125,-3.00626370248,-0.697785010923,-0.752587821427,-1.84880910335,3.31324611134,-2.09483497837,0.964563160479,-0.373957457686,0.174052379773,-0.833596500559,-0.676773927708,-0.819164142771,-3.58274818658,0.967952067105,-2.54735261589,1.77986313091,0.400061323636,1.61593109452,-0.0777215700259,-1.6586078454,1.72678713381,2.42165456017,-0.699540309127,-1.01164515729,-0.173660606797,0.419449757733,0.0548864453584,-0.508609140301,-0.921688923154,-1.47616881275,-2.02824122056,2.39231652551,1.41763925461,-0.0018047836769,-0.956425241655,0.48975627892,-0.498412443517,-2.73175248443,-1.74256987789,-0.305863283133,0.0816050411363,1.76152096217,-1.03129459316,-0.566511527887,1.91317182469,0.959815759246,0.43996795527,-0.00836590210991
145,-0.337387379931,0.462001474982,0.100450250279,0.266016480168,-0.0703969576279,-0.107783480087,0.176700520963,-0.0254205604055,0.333304193559,0.110542451744,0.426566758547,0.73207488916,0.313452090461,0.309438146575,-0.411497070483,-0.428417609116,0.00968914466968,-0.339750377705,-0.0770124402593,-0.0545593010999,0.0515530614659,-0.0399937915265,-0.092619611287,-0.290592164395,-0.620762350136,0.561921361375,0.0130797736537,-0.329577548315,-0.300071679676,0.243550040284,-0.29951422931,-0.498769692198,0.282861907285,0.112023571691,0.0457431232817,0.0576174052018,-0.0950634219963,-0.0937420720343,-0.40489514095,-0.20178309751,0.324212342086,0.151631665582,-0.888644346192,0.0838646068555,-0.209467188706,0.297923132616,-0.394391576662,0.65974888582,-0.48225136177,0.146912900254,-0.497324596393,-0.322820478742,-0.72279547607,1.08477902841,0.409801491271,-0.967684538064,-1.54232480487,0.570708232545,0.231975165817,-1.54201749182,5.33770500248,-3.11814661561,3.11978945292,-0.07765128713,3.38522059995,4.57521562593,-2.51874102013,-0.999340288584,-2.2499532389,-0.124009305294,1.70439559174,-2.95341270168,0.659879625726,-1.41095995051,-2.24296075211,1.85112837581,-1.08914088155,0.662633259944,0.45554212223,-1.20538906167,-0.419489439872,-0.350848802045,-1.36149103739,-0.552969601845,-3.49018041423,-1.14370787791,0.275064279771,3.37915084605,0.466999361019,2.4728053898,0.0185689451948,-0.871910696662,1.87563833457,1.93107735946,-0.79746344378,-1.10358027406,-0.303840857069,1.24509151932,1.57083593714,0.933052252647,-2.25216677528,-3.11211158625,-0.413740526019,1.98320415789,2.04598751561,-0.365490896382,-0.400602106371,-0.121737947992,-0.28191333287,-2.99390780947,-1.66879752958,-0.450351859265,0.564060908736,1.29680309587,-1.12789282031,-0.447387539484,2.06499458666,1.02650893371,0.482309042395,0.0238787036442
146,0.0955526610751,-0.085252316865,0.376864198174,0.17819386381,0.397756506352,0.364059355161,-0.126609750402,0.0645559334464,-0.0670508230921,0.296575563964,0.493794958103,0.28017088914,0.450023217174,0.268559897192,-0.526957811181,-0.19383808998,-0.254428735531,-0.14974975947,-0.0941780734943,-0.15717658339,0.00585696415188,-0.0225820613801,-0.225391645585,-0.383540333601,-0.866788677268,0.409864387888,0.13542786525,0.0229388247858,-0.249191365881,0.48310214451,-0.323267027898,-0.545561642359,0.441868773369,0.243594192082,-0.0490858537385,-0.0471563945976,-0.115776008641,0.0510655833465,-0.195288307578,-0.0590195725705,0.0647443343239,-0.213029022578,-0.84924641454,0.241350481718,0.00853229370236,0.25122612032,-0.40393571456,0.616844043031,-0.503356398107,-0.154434313473,-0.652250422903,-0.375617428713,-0.642543581211,1.18873461659,0.294314571756,-1.00577240898,-1.33021727826,0.675675495258,0.282379734264,-1.53806183211,4.30975154659,0.293509850287,-5.27593533738,2.48704012104,3.89147893261,2.76956235114,-0.454657538586,0.723322014902,-3.55518066392,2.50625548925,-0.969468961771,-4.41353006051,0.97119978578,1.03637562558,0.52828198471,1.91966056327,-3.22953383056,2.50934763365,-0.681517991003,-0.662441931387,-0.334355543365,0.730395141417,-1.19159635732,-1.42178222178,-1.12452826391,-1.54130965905,1.80785131329,3.31520999016,0.564886338388,2.11813174405,-0.584128930185,-0.0926788240175,1.17900005629,0.601220596075,-1.11246519569,-0.958783174444,-0.0428181524446,1.54080419903,2.48129902571,1.78522431273,-2.76783319707,-4.02320018466,1.1585898926,1.10618620355,2.24070965165,-0.534509939159,0.212297617866,-0.728638521357,-0.154071259177,-2.98778082327,-1.39807893022,-0.605071109721,1.03618358794,0.775184094514,-1.17380774456,-0.311861069624,2.1691059338,1.06863439623,0.525996489893,0.055039976194
147,0.0906493950641,-0.0972080361359,-0.203613118549,0.42043303018,0.530303553527,0.363912280498,0.254276458809,-0.0461115572155,-0.0557466221897,0.329141057707,0.238206988764,0.0759390511354,0.379724187755,0.476169839589,-0.314593650748,-0.164838070881,-0.4447239486,0.0144358941866,-0.16376819409,-0.172372682669,0.0129500678134,0.0980538399126,-0.327558604179,-0.568494053291,-0.822293614929,0.311999118014,0.297908410368,0.265115795793,-0.185487398961,0.634842077235,-0.424002753074,-0.527512915364,0.50134266953,0.224641925694,-0.173051858972,-0.130239794269,-0.0921210549457,0.19148955379,0.0595250964533,0.124163181489,-0.192828893866,-0.61713337249,-0.671773674397,0.297332145198,0.2249131891,0.197508444379,-0.352931537896,0.516963130315,-0.515484541283,-0.441823342564,-0.771092785675,-0.443232967224,-0.517127064015,1.23888508132,0.176542180797,-1.02960240766,-1.11011940964,0.783580845892,0.337213913098,-1.53105117133,-4.68329111886,-4.90090441293,1.45902945368,-2.14373576467,-1.11433426607,-1.2870138054,5.82936535245,-1.46904172663,3.54472645549,-2.39343860375,-3.56389691855,0.427301307067,-2.1933237182,2.23444011186,2.99826157663,-1.35958912839,-0.00600659856755,0.220438482475,-0.452754849108,0.318393097976,0.564000140423,1.58792015434,-0.917300626108,-2.09223085691,1.91035829821,-0.255228288721,1.1191239717,1.25933400404,0.700214048002,0.809808077278,-1.40822973094,0.386212857263,-0.0273556096364,-0.952237632061,-1.31581773779,-0.699250164839,0.556596182205,1.15990664551,2.45034184586,1.71849340334,-2.20153323862,-3.86921086343,2.29041347464,-0.00296767450939,2.02538434291,-0.51051100193,0.795095627036,-1.24749840674,-0.0983779689945,-2.71799080711,-0.952583113317,-0.741634411407,1.4613209523,0.225667660801,-1.17470702676,-0.162709836209,2.224777547,1.08515105489,0.570863537367,0.0849508964576
148,0.021822331156,0.0920920225188,0.178259418561,-0.0436669849453,0.158602135811,0.373898171436,0.497074106271,0.175811758316,0.305455556713,-0.0352337156477,-0.0746596198556,0.202070093659,0.167217551553,0.509511027047,-0.119771969623,-0.358124905499,-0.274447175049,-0.120778966362,-0.162675510808,-0.117626715331,0.119796229519,0.273169917506,-0.429713973476,-0.745388710316,-0.545008769189,0.355418764525,0.324823835704,0.248994257123,-0.116552778298,0.637460172999,-0.588303814217,-0.482766133393,0.439893277267,0.0712976938848,-0.29675843366,-0.189391993491,-0.00123180492535,0.266013255509,0.264920436565,0.256075393692,-0.343449019933,-0.95047305564,-0.414606322576,0.241903559604,0.403447712305,0.153961772096,-0.248943422261,0.372855745532,-0.524474044342,-0.690319589964,-0.838322198125,-0.522292865661,-0.35300417436,1.23393456224,0.0606299815541,-1.03795953564,-0.88686306105,0.891838401607,0.396582351422,-1.52111887931,2.48197041747,9.01982165533,0.91696805486,-2.78251256829,-5.64740528287,0.937815022137,-1.63210190536,6.3050537368,1.98243539066,-3.41967574182,-2.10528283608,0.90838239799,-1.22745647407,-2.18473490297,0.173809207983,-1.6838638628,2.7321939732,-2.50466485515,0.395599045115,0.608316506766,1.49726230338,1.8170454665,-1.22345481617,-1.13336216406,3.1969592618,0.940010212982,-0.576479676128,-1.54935027464,0.61222976691,-0.725047370099,-1.74256818068,0.440318614789,-1.13062173578,-1.97071067406,-1.0628563156,-0.50861991608,1.24994355215,0.276422025134,1.53589264219,0.806489104364,-0.684556802415,-2.63486905775,2.72601664477,-1.07901550584,1.50679362524,-0.342374294853,1.25752061406,-1.60167670753,-0.0857694777164,-2.21758125951,-0.374235835616,-0.828676781472,1.80487675988,-0.321894729854,-1.13793075412,-0.00292006627808,2.23244327547,1.0756677137,0.616623984189,0.113444929109
149,-0.350711680967,0.146278499752,0.150870554072,0.0382923928973,-0.146693283205,0.187412210711,0.287291976947,0.775022266921,0.305196779444,-0.138565902814,-0.135156521699,0.123391242132,0.163115236377,0.106701334372,-0.27188562064,-0.384937537702,-0.0674448632361,-0.351681408545,-0.126634058867,-0.0848266106365,0.286796706172,0.449246892595,-0.57762765633,-0.750109429256,-0.271770784302,0.444518213769,0.215087506623,-0.00802194698067,-0.0801465147409,0.50867346257,-0.73976047355,-0.449886266269,0.297801076631,-0.134739257106,-0.366396106177,-0.238107808683,0.150115907388,0.243763094082,0.35074742741,0.271803528521,-0.314429782057,-1.11854670245,-0.151677616478,0.0903508993793,0.521302055786,0.131227272985,-0.108039886124,0.204039289767,-0.532923987503,-0.879516377414,-0.843399845947,-0.606295332674,-0.159863729678,1.17553157006,-0.0500652135499,-1.02993881528,-0.665179955283,0.997855730369,0.460555111437,-1.5084149144,-6.56494197415,-5.55344967586,-0.518111700909,2.38814069411,1.40229817315,-5.22042873021,-0.502344115382,2.45532518194,-0.863079041081,1.59925056366,0.787025876898,-2.33624739748,0.498216488928,-4.662186856,-2.39417360257,1.24701618723,0.740846039692,-1.44957221064,0.081069103991,-0.102152781765,1.69510511984,1.68091695805,-1.66538155037,1.11265570526,1.90962835456,0.543284687103,-1.34342413373,-3.2893028333,0.0246375188905,-1.70669427562,-1.11486627152,0.187987960268,-1.56912576752,-1.96576457949,-0.246090657172,-0.496356093614,1.71335559567,-0.695696536686,0.148394201624,-0.508919589895,1.28488555414,-0.641914450795,2.41539486675,-1.89333173276,0.83927763846,-0.108626138884,1.52252867084,-1.73453456691,-0.0818086735119,-1.54299366806,0.28003485853,-0.835687501178,2.03732320184,-0.838791983557,-1.07179793168,0.164290179329,2.19366395635,1.04044325422,0.662872684083,0.140357027438
150,-0.141395475846,0.308942589007,0.0624266690052,0.14830488253,0.194072587475,-0.172003582897,0.32856370702,0.439181350144,0.31175304742,0.187462147635,0.0233660866315,-0.117426763639,0.0896152230972,-0.161597784494,-0.381597689645,-0.186313087967,-0.156036775758,-0.34810421946,-0.173484469726,-0.158345981481,0.436058686778,0.608248320644,-0.730667679353,-0.546892955023,-0.196922075378,0.421930469565,0.11455667516,-0.340105852025,-0.12587742175,0.329930485147,-0.781998588569,-0.445273395571,0.155547210311,-0.289038303952,-0.33536384951,-0.292947744399,0.325235543207,0.139520048779,0.298037034728,0.161707261648,-0.0946175554941,-1.07217339539,0.0485866247418,-0.123131394339,0.57172473826,0.131578808563,0.0473281524204,0.0342273391863,-0.540042289345,-0.995516465621,-0.781964385066,-0.685901229312,0.0500218120611,1.06806047635,-0.153038117913,-1.00496952399,-0.449591845862,1.09909819234,0.529155952384,-1.49310561397,6.87132863736,3.01420036673,1.68193430803,-0.251124462168,2.31305499039,1.40491123924,-0.762359614982,-7.5180290096,0.862673715328,4.04405952677,2.04861532607,-1.60835607889,-2.48453697358,0.0237895522621,1.01550467919,2.07277594416,-2.12049106849,1.38422603652,-0.993859727842,-1.40509573457,1.23888997612,1.49015247583,-1.17649975609,2.65485831285,-0.3652184856,-1.06341587741,-0.423297778608,-3.02335795825,-0.973686556029,-1.69295011841,0.370849085155,-0.0670521723293,-1.14022511838,-0.994847177967,0.879437941721,-0.607350597809,1.697416495,-1.29422344823,-1.13916970352,-1.60467706644,3.01168853472,1.54937193274,1.51307844677,-2.30231121858,0.183334383335,0.10597121229,1.54185076762,-1.62027611415,-0.0543500641495,-0.766575233844,0.944796331089,-0.737111095586,2.13693273839,-1.29930846836,-0.984905473746,0.335451404783,2.11106567425,0.98037065633,0.709089723943,0.165524887123
151,-0.0044901825477,-0.118300282834,0.338097498612,0.228237910906,0.151218773,0.393601884434,-0.000693315477344,-0.188591252732,0.304981049761,0.49492941401,0.229452826093,-0.118012946283,-0.25223287165,0.0324914506267,-0.0704598181705,-0.0672910196879,-0.355542040437,-0.171555721105,-0.294737354482,-0.356457503344,0.540019023921,0.739264450028,-0.772991336714,-0.296186669581,-0.298339060446,0.252389977428,0.154963393985,-0.56458634846,-0.270954988158,0.200680017778,-0.659097616615,-0.452726269904,0.0898983198123,-0.320521007763,-0.197563514707,-0.357055410228,0.471462922606,0.00762995028949,0.142689125287,-0.0233882235096,0.258022746024,-0.822975993568,0.141107224763,-0.35522878374,0.562746308585,0.149476798136,0.191816292146,-0.112115983646,-0.542224251814,-1.03208536234,-0.656314366578,-0.749627652872,0.262691148599,0.918260053379,-0.246629412351,-0.962840813155,-0.244308150474,1.19315090066,0.602351212754,-1.47537334753,-1.21693807894,-2.85655831257,-2.15702249527,2.5014880742,-0.724486487198,5.53015374308,-4.07795205335,-3.06848037204,-1.73086668344,1.35900904401,1.9408503721,1.41527062671,-3.1445808782,2.52101491282,4.36960943595,0.195275093244,-1.17465952943,1.51462166175,-1.22604185833,-2.42264870075,0.933587536753,1.05202539763,0.45481228994,1.97099665376,-1.3096863144,-2.07373709591,1.21150206928,-1.34582277297,-1.85100138497,-0.777961336774,2.04385183088,-0.0118081255391,-0.119054132225,0.364652313834,1.7937536924,-0.641899078374,1.14504159694,-1.22201499975,-1.8437858218,-1.93897739906,3.8518234975,3.31609301276,0.317366648502,-2.26812089743,-0.331174488502,0.233377313386,1.30723478704,-1.27027231518,0.019740835682,0.0322996772694,1.55355656426,-0.516230715009,2.0919611933,-1.68230617069,-0.885473034859,0.506836055315,1.98825245385,0.896945505038,0.754648185418,0.18879043707
152,-0.0130052946442,0.173957333307,-0.117957470738,0.241033717063,0.425106567379,0.286254049278,-0.0789450551891,-0.13511190292,0.0142927702144,0.37660515889,0.371265841803,0.0729336663219,-0.304124157066,0.0752810069894,0.267658679698,-0.093204193686,-0.318189201317,-0.135406498375,-0.393183449281,-0.602794174484,0.644588382264,0.798569266831,-0.641451071926,-0.205626639362,-0.389640805312,0.0722900912555,0.327332471122,-0.611581673543,-0.47131031159,0.185723923782,-0.396571050299,-0.432947395489,0.131089974128,-0.229250685833,-0.000782214611296,-0.411340877134,0.541569871881,-0.0823560754583,-0.0445617217008,-0.192555475336,0.633794833802,-0.439797826841,0.113832300442,-0.563907280976,0.512771200469,0.174151415277,0.301462121933,-0.213563060068,-0.534204202425,-0.990896599495,-0.475136049322,-0.784898490694,0.463569938207,0.734702448764,-0.329958960658,-0.903726997131,-0.0531335265099,1.2777767984,0.680039640041,-1.45541600972,-2.06794765271,-0.200755975498,0.569371282589,-3.70552670092,4.10364524682,-6.37092954946,2.73379901022,3.07849520471,-3.01898148006,-3.61995269615,0.53396724954,1.98008725441,2.5906643083,-2.26622664333,1.51560309026,-0.232347475619,1.85149088091,-0.909243066825,-0.746572949356,-2.27285362809,1.23678059282,0.0377122010444,2.02347750565,-0.240107833889,-0.262535544081,-1.2021104429,1.99772049175,0.278328555069,-2.00103953236,0.472566299718,3.02719212331,0.473367694499,0.88248083546,1.33861986799,1.99454468147,-0.381762515252,0.217494154178,-0.484620719847,-1.7763182773,-1.2817912915,3.44802174152,4.16717768757,-0.827125561094,-1.85075287272,-0.629390957583,0.239077757285,0.8545654701,-0.733398642977,0.150013712395,0.776315852905,2.04625889501,-0.168345742213,1.90205070896,-1.9724167721,-0.78078079391,0.674472944252,1.82969506489,0.792220009315,0.798825294312,0.210001547276
153,-0.174103011428,0.0197450311462,0.242300486503,0.0672520721128,0.17287582415,-0.0804124290768,0.211082585003,0.185701576044,-0.106661357105,-0.0795102775933,0.257229277929,0.244572139297,0.139832805114,-0.293598031164,0.211470676315,-0.0417863509147,-0.0700616024721,-0.304815510443,-0.468060015009,-0.773080178593,0.785148717643,0.738026634123,-0.420373785517,-0.318392131275,-0.335763095032,0.056983068554,0.504276310341,-0.547586034629,-0.640249704384,0.281656748068,-0.0966162076186,-0.349427269313,0.24476667748,-0.0839004868527,0.171172088865,-0.420684979172,0.512653890001,-0.077215498391,-0.192271566394,-0.2524967916,0.907905535723,-0.0274625235759,-0.0128144145625,-0.71684421744,0.444530814704,0.193390142252,0.357950913588,-0.255221087493,-0.510523337211,-0.88090499604,-0.25251658677,-0.779359091126,0.638640518534,0.527176129853,-0.402809055626,-0.828210083219,0.1206123368,1.35096946918,0.762043493414,-1.43344633278,2.31700896196,4.43406046685,0.326255558495,2.67330468769,-9.40193640462,1.19507951245,1.3611636227,2.37752595508,0.886125303566,-4.29160051949,-2.97435039581,1.42207071044,4.81566395626,-3.5082378731,-1.9883793117,1.342936314,2.50369866155,-1.98889508347,-0.918940135303,-1.03104893095,1.4540889225,-1.2131568759,2.08241996641,-1.70906343004,1.22156214384,0.972301177165,1.33020226022,0.785349409014,-1.24591933462,1.32550067033,2.74529499719,1.20902823362,1.24723441402,1.39929655711,1.30707278659,0.251894474451,-0.778882121189,0.609266478298,-1.10906768504,0.180628821676,1.86678927247,3.8921519262,-1.63099989301,-1.17822649753,-0.699604385715,0.128946208293,0.259459012538,-0.0899460410098,0.330764797901,1.39839949933,2.37593857013,0.297187614328,1.57868318259,-2.16075929071,-0.676737533653,0.834188817645,1.64059834927,0.668743913939,0.84081667539,0.229013926005
154,-0.138492139351,0.24248623036,0.189870531322,0.129412976939,-0.389512972877,0.111327482882,0.183734354685,0.242116038624,0.0829429374124,-0.275494164711,-0.134173355879,0.314320635229,0.386718214856,-0.326243203434,0.0461640365496,0.132240552625,0.082384634797,-0.439102907703,-0.594040304965,-0.812888082474,0.893973154826,0.581232457358,-0.279757045078,-0.472227388404,-0.198760094617,0.248056021221,0.571056500468,-0.490218720184,-0.704078954989,0.420570170349,0.112338611471,-0.196382165023,0.349489481707,0.0204335188164,0.240623945337,-0.353281087304,0.394288355727,0.0354554178961,-0.260925368546,-0.147355428073,0.983548167619,0.304964155234,-0.19550937623,-0.796258351313,0.379028699433,0.197456614916,0.352023251043,-0.231325885914,-0.467008698743,-0.716985668728,-0.00636627509311,-0.722324218017,0.775605485596,0.306022806556,-0.465472082481,-0.73729663134,0.274160713307,1.41099945324,0.848101212356,-1.40969100124,-4.20318816905,-4.90570712863,1.43374808913,-4.58598431774,2.96321715404,-0.439330214836,-1.04304965965,-1.16487239744,1.89119038713,0.763151908179,-3.80248875118,-0.498847410462,-0.497130819443,3.47588107451,-0.688895140949,1.73337546493,0.294893461373,-0.413875735619,-1.53852692633,0.108368409727,0.477164473702,-1.72171190117,0.557093434782,-1.0136317368,1.16996907917,2.6079051571,0.01039897,0.250817001386,-0.00850179787676,1.28998441678,1.28203779924,1.78721237781,0.698686547579,0.574209253725,0.0320740120921,1.10933696759,-1.52439668125,1.58338724382,-0.280121103042,1.91026604158,-0.413812010401,2.61679736129,-1.93452573945,-0.406469400742,-0.585681657166,-0.0549360540732,-0.375271135718,0.560160614839,0.54246459208,1.84809417633,2.51377169054,0.856372872936,1.14459722202,-2.24513912202,-0.577603924771,0.981680534525,1.42675022092,0.52949400495,0.879753350724,0.245693171469
155,-0.202877777511,0.1408482064,-0.0621501991153,-0.198840591729,0.26510870085,-0.0726956080922,0.0403520881412,0.0586872924198,0.127223219635,-0.0226730571794,-0.284499719347,0.0672762384079,0.124475206493,0.25045922855,0.06459243573,0.228189136904,0.00130732660864,-0.392057309229,-0.732692490614,-0.783432001551,0.844152910451,0.43736840464,-0.312846219345,-0.479596732372,-0.163160961676,0.515776069839,0.528235519528,-0.50237961625,-0.649557387432,0.510942819765,0.144464867229,-0.0112220312282,0.361372307845,0.0202351717717,0.179813279868,-0.202457573255,0.223253666362,0.220740327845,-0.259446592834,0.115605863216,0.826217798861,0.476040124332,-0.382804172925,-0.799724732884,0.330871609887,0.18209841643,0.28530698675,-0.146445130673,-0.401968775277,-0.518051883734,0.243559274091,-0.606203832372,0.86494107989,0.0814805693966,-0.518578785888,-0.632425831727,0.405343976527,1.45645302509,0.937861904619,-1.3843895555,4.42462440633,3.56585079508,-6.23611334961,2.2020982178,3.72686134789,-0.344070091265,-2.12711032991,-1.92400361334,-1.07862078505,3.20385199881,1.34991906312,-4.34013189783,-3.60402483915,6.22051353349,0.407085622467,-0.0790053317596,-1.60598723316,1.0617202968,-0.927469891605,0.354809262736,-1.52757590954,-0.969310679126,-1.08396521278,0.875422293506,-0.648288975744,2.42489237495,-0.683050247859,-0.437876655692,1.0101812218,0.4118140207,-0.63193422118,1.79732443745,-0.529451738076,-0.564518542187,-1.17561021836,1.85677188664,-1.8117659687,2.00404263985,0.22078494796,3.22574570432,-2.66194521035,0.750651344474,-1.73518621716,0.319008176223,-0.367812719129,-0.247832856961,-0.938098329024,1.11300984034,0.755886042104,2.09553867242,2.45195531999,1.47161349366,0.632177034073,-2.22972842359,-0.48588192927,1.11261834686,1.19435619831,0.377794185443,0.914721050361,0.259916937068
156,0.083671480599,-0.236407789928,-0.0248636637175,0.21796480744,0.0442945666763,0.146908180916,-0.145602223231,-0.108782946338,-0.0335057999347,0.17103681547,0.033748795714,-0.373817085801,-0.128565906643,0.553773530848,-0.0155530393694,0.0947786594906,-0.165413706476,-0.303492353833,-0.728926626619,-0.744155543668,0.613367620905,0.4052675339,-0.448569183936,-0.336250558897,-0.329817526288,0.685302120208,0.473583598566,-0.556317481475,-0.52505108569,0.493419232999,0.00404512254283,0.138561109636,0.242086293104,-0.0765807644465,0.0303496652526,0.00241756032311,0.0483752740846,0.410782554072,-0.238262557378,0.465076569948,0.477132510504,0.45390725944,-0.530108601376,-0.737646014671,0.305861278721,0.149885499336,0.170146920834,-0.0150304374132,-0.316876758925,-0.304906261691,0.477803157874,-0.427743418623,0.900742134882,-0.13691673755,-0.562923699032,-0.515465796403,0.512628650923,1.48626259811,1.03088186069,-1.35779307496,1.98857310624,-6.80287633211,5.99464733293,2.00497727316,-4.22241740929,2.1407284451,-0.397203371526,-1.50113688904,-1.47129006081,0.229638315212,3.60426901598,-3.01837600435,-1.00403022002,-1.16070918692,-2.35119481115,-2.56356431056,-1.44727682793,0.386811166728,1.10923520299,0.54992181716,-2.79818545775,0.296975821377,-1.34360479082,1.63621220078,-2.50574870808,0.851530585413,-0.245207991657,-0.510730615221,1.35801909671,-0.745846043882,-2.0139472046,1.08576301135,-1.80049964466,-1.23599179579,-1.6509765859,2.14069892316,-1.61158900933,1.6715538912,0.0887178523968,3.57184373051,-4.13924982057,-1.15228862217,-1.16523913223,0.890523388748,-0.137643197847,-0.381409995252,-1.32967545294,1.47760009485,0.938041861025,2.13281344031,2.20412713338,2.09436413318,0.0809208020612,-2.124271903,-0.402366901882,1.22277764992,0.949863961888,0.217228321789,0.944781346482,0.271577164017
157,0.357562544848,0.0445528016671,0.0612702056751,0.0411946735983,0.0276955736026,-0.00603984842102,0.00214914837597,-0.190118958457,-0.108189331914,0.0574324646652,0.16579056747,-0.316891525858,-0.11909253589,0.0943536597759,-0.334726797537,-0.256395280974,-0.276783040282,-0.335546835468,-0.530994278717,-0.634524368781,0.357216587341,0.468722694931,-0.534106560491,-0.231334167779,-0.602922846288,0.691878215148,0.496398429585,-0.582456318977,-0.398434710799,0.376989932566,-0.217168866489,0.189457607956,0.0236941626918,-0.193522297243,-0.115521615172,0.203958684123,-0.0871807617356,0.533745795504,-0.26210053332,0.790304749686,0.0410512692942,0.26195671392,-0.610421275033,-0.628722580324,0.301083028743,0.109575436194,0.0273983044397,0.140660187385,-0.216419071007,-0.098085362007,0.679269099633,-0.188926098948,0.881275838116,-0.340840350552,-0.599303266433,-0.388695473549,0.595130626965,1.49972815032,1.1266232508,-1.33016263669,-2.05768847093,5.28318944525,-3.76708861781,-3.76754852051,2.77236743312,-3.90349293468,1.96386383688,0.461245311036,-0.133484212565,-1.99673634681,-1.50912166248,4.22343046365,0.624334447358,-6.45655793073,-3.1141042495,-4.1861007003,-0.955606667806,-0.895204749522,2.56993067155,1.83317009019,-1.98105267249,0.756985041697,-0.233575086358,0.122279978584,-2.59125131198,-0.566103295524,0.694450309637,0.0565223239429,1.10371085551,-1.45842906762,-2.18601394741,-0.109082452368,-2.41013393983,-0.925796775744,-1.10077459693,1.78311385755,-1.05788035758,0.709401838991,-0.643404586289,2.74307830387,-4.35008885046,-2.5705131089,-0.432391880975,1.25059780922,0.0257775278516,-0.403273460062,-1.48196325505,1.59104804201,1.05872727913,1.97277308878,1.80332907795,2.66919595017,-0.465810980872,-1.94290218862,-0.326345521927,1.30819361366,0.699782941381,0.051548223881,0.968994077755,0.280582331184
158,-0.403537372339,-0.0975200230775,-0.158643752239,-0.162130784116,-0.00363320790704,-0.133901715386,-0.0243944604293,-0.000331775183138,-0.093345718837,-0.148161244799,-0.132850421589,0.224482156685,-0.0744779291765,-0.370046589543,-0.460254772175,-0.65514034929,-0.412908560249,-0.429839597104,-0.281956392345,-0.366480968296,0.254988312305,0.513907286123,-0.497473252994,-0.344925063097,-0.786779302976,0.615627739442,0.594146727306,-0.542794752903,-0.31067937323,0.230894076033,-0.392462980515,0.11864745975,-0.204377990883,-0.231302575609,-0.164278767547,0.341015470689,-0.158823953097,0.544725488936,-0.374800984814,0.981895325844,-0.347225827559,-0.0326056749304,-0.618237575982,-0.494914556666,0.30712952147,0.0737100055875,-0.117437367033,0.293960896564,-0.107912962905,0.084069459729,0.834967938691,0.102587883592,0.809185619103,-0.523534185896,-0.628379913179,-0.254770284744,0.652612308641,1.49652930715,1.22445510542,-1.30176755049,-3.88524278293,0.315393574318,-0.808097713255,0.29681795869,-4.36911698165,1.93501639879,-2.24987674178,2.45706482656,0.394589839442,-1.88684608988,-2.96766879121,4.56630535392,0.319429664984,-1.45033375168,1.02000590146,-3.21663210158,-2.00628965885,-0.720841489532,2.12099400225,3.38719879651,-0.0853172520182,-0.0139163114989,0.817137809557,-2.34177406074,-0.90404532674,-0.729401033716,1.10728333294,0.692606640174,0.654963737304,-1.31741627766,-1.16105217285,-1.24600352923,-1.97209689477,0.276192996481,0.199062390807,0.893503279513,-0.372522641737,-0.487310231423,-1.60484249214,0.972842901575,-3.20601336525,-3.17046213815,0.253016957103,1.39026370789,0.0739125118027,-0.292053590945,-1.37166913366,1.42939531364,1.09638968994,1.64577735504,1.29780559517,3.13891058978,-0.964489837248,-1.70268138685,-0.255911266098,1.36533055453,0.450504290007,-0.115420779218,0.986440500307,0.286859669171
159,0.0172041554126,0.290743414762,0.0670899144456,-0.151311353017,-0.353536268075,-0.0361942370064,-0.133663716447,0.0658998936062,-0.0416257198233,-0.266445050572,-0.200366173141,0.293600385208,0.000847181436807,-0.139388293242,-0.205812346006,-0.792667022202,-0.674452475946,-0.456326916801,-0.135328917652,-0.0238718036564,0.294638526207,0.454788208958,-0.416900705453,-0.647334210817,-0.782427813808,0.580092129767,0.68460782509,-0.459976579902,-0.26240094523,0.136655491695,-0.431782275807,-0.0387625345816,-0.340401443366,-0.131113158519,-0.0748881906735,0.376667001506,-0.164557545177,0.445158949112,-0.57224034126,0.973054117806,-0.566076419874,-0.342542752193,-0.566556392713,-0.35709774978,0.311663902201,0.055087804328,-0.239011248444,0.417970666218,-0.000218272276787,0.226934339149,0.93725703963,0.433565187115,0.69131707386,-0.680028608956,-0.650582033305,-0.116670501323,0.685462007452,1.47672796537,1.32365662319,-1.27288337645,4.25344301958,-2.10666853048,6.20134699002,-0.604350873034,0.142929759485,-2.02640472112,1.09613099328,-1.59298933065,0.351550874201,-0.0692831983269,1.73960493177,-3.39232825787,1.39597376986,5.25960859246,3.03420400225,0.782304492768,-2.87496589603,0.116751831966,0.824477241185,3.00715529994,0.510490607213,-1.11129402175,0.540081776231,-3.28893256607,0.82850104212,0.0987174394025,0.556525004725,0.866659088271,0.345122496202,-0.497913943235,0.383382536607,-1.76418437453,-0.641095363044,1.68515924046,1.52111628752,-0.173550142335,0.229508371139,-1.42173137249,-2.24369757043,-1.14712558359,-1.05040274783,-2.89173499556,0.739426145899,1.33780668989,-0.00273196363197,-0.0643366871476,-1.02515630108,1.01203946455,1.04221730932,1.19493727786,0.745169501219,3.45020471904,-1.37522643485,-1.42200711999,-0.18836067063,1.39125598252,0.208126761591,-0.279874178472,0.996246586247,0.290357284211
160,0.0170230426807,-0.15844501124,0.0991425059131,0.0627069849726,-0.0577243606659,-0.326256421725,-0.0177422365434,-0.164430378333,-0.092918108969,-0.107939981904,0.0347771231597,-0.200505533398,0.173828709133,0.415899744451,-0.0727894568293,-0.525613545768,-0.867274558836,-0.443964319762,-0.098172485702,0.152616830138,0.286847277692,0.319989487665,-0.426311752653,-0.913649509378,-0.674559890351,0.630814171875,0.688356323109,-0.386403726553,-0.2362945478,0.133441644302,-0.329351863906,-0.204374306617,-0.323513034333,0.0820025819304,0.113856652577,0.314565364488,-0.120334907963,0.28221939083,-0.7962938171,0.76534313685,-0.545328973853,-0.588302148715,-0.479111235257,-0.232083661011,0.303322719974,0.0630298854492,-0.316934846852,0.489809380613,0.097638195175,0.320605182228,0.984443572504,0.785873411724,0.5381721861,-0.80719416246,-0.666045920536,0.0223675534155,0.694656447573,1.44076158969,1.42342279181,-1.24378973709,0.168021429857,1.6236745936,-8.41140468569,4.62694423795,3.58258619801,-0.768639911166,-0.786901647639,-1.77860900448,-1.37853874919,2.99999681559,1.66663641302,-4.37823179331,1.60260568444,4.5143274274,-1.06274087023,3.9362176583,-0.30337273333,-0.0509683791384,0.01545477116,0.275777457301,-0.889847773291,-1.39680221093,-0.792937775973,-1.65941890637,1.02414073702,0.805009272217,-0.493901591948,0.547746164903,0.188481084143,0.386274090998,1.53252198572,-1.40454713138,0.957508576641,2.39330531417,2.0742148277,-0.998268469322,0.612919438427,-1.71082458732,-2.07564939268,-2.88550102745,1.4613687847,-1.93943794748,0.966083900278,1.14367448273,-0.176277291666,0.228206604973,-0.513681942904,0.398935220321,0.901715755779,0.670590105196,0.20564108649,3.55930564011,-1.66533885222,-1.11903022859,-0.120628783271,1.38380812057,-0.0217060495657,-0.438120091807,0.997605890292,0.291046137359
161,0.0458911849543,-0.0684437457691,-0.233184351087,0.0337835688932,0.146838557346,0.00500804580442,-0.309509483115,-0.231383682095,-0.196661130695,0.151659991472,0.0123526604474,-0.272203929271,0.244640044787,0.615216573211,-0.393299156787,-0.184600734073,-0.655479957437,-0.467499330505,-0.129263277425,0.0361324324066,0.119317206263,0.209583689477,-0.557978641074,-0.939877129617,-0.62497378174,0.710592916678,0.597485358932,-0.354121621366,-0.226016798218,0.195693760375,-0.159037028332,-0.296885966344,-0.165738164046,0.303525954058,0.300106729406,0.19431306784,-0.0502810799582,0.128227768784,-0.95392180593,0.429045230838,-0.287056723044,-0.72059267615,-0.381163776764,-0.131132276547,0.274993494792,0.100402663269,-0.339653929267,0.494245439009,0.177858655049,0.360338513976,0.980698213107,1.13769219697,0.363032955276,-0.903643637033,-0.674601425554,0.158936248715,0.681707780644,1.38942755318,1.52287225035,-1.21476794089,-0.998588681216,-4.35601515185,6.12524416664,-5.93052150608,0.163409646014,5.29227883833,-2.79104440705,-0.239034030272,0.104880163222,1.00370696218,-1.69421441951,3.21770046948,-0.224471533609,-0.537623859398,-4.45453990198,2.00567577936,4.45470053929,-0.200248248753,-0.705519330954,-2.31443405942,-2.20076099278,-0.691294297851,-1.61297210777,1.11256702416,-0.146760637555,0.633806215843,-1.20941587139,0.116379251446,-0.00340109630734,0.740395747005,1.692418328,-0.374312601189,2.06079972173,1.80584911751,1.45481304643,-1.31416795306,0.750258618601,-1.25452596383,-0.918799104831,-3.64338138366,3.58061739877,-0.693186729818,0.95992285518,0.866351082884,-0.391906584262,0.510782812986,0.0602192378634,-0.318995628641,0.69354633692,0.124707408736,-0.264848492546,3.43697869542,-1.8123423862,-0.810226535646,-0.0497212864476,1.34174543498,-0.233951928226,-0.586666204393,0.98980141946,0.288921825711
162,0.154216549829,0.00246904336184,0.0480937863405,-0.194128396267,-0.0653933331467,0.160837848033,-0.173308376989,-0.270962519532,-0.0653207873492,-0.00582348084865,-0.103381069302,0.232710670134,0.20485538053,0.419572479345,-0.729382813463,-0.206211372468,-0.105706065117,-0.413713208767,-0.251671756061,-0.222575488568,-0.06950469401,0.190965642259,-0.688647458722,-0.735985208199,-0.695429945569,0.735025637726,0.473687992476,-0.354700302613,-0.241366309662,0.258268387407,-0.0225964608686,-0.275830131806,0.0552900057172,0.402817322348,0.373144720614,0.0683702870274,0.0236064886318,0.0486920192837,-0.954615046057,0.0780499362314,0.1372608904,-0.731127623022,-0.292124096857,-0.0597100897502,0.225735885481,0.162179853898,-0.306620996807,0.426089411777,0.235027906489,0.346455679605,0.935305324736,1.46517020205,0.180827482376,-0.969504310049,-0.675798988984,0.289554988482,0.648597003022,1.32385911767,1.62105726627,-1.18609843978,1.56609550313,5.69136486859,-4.22247333725,3.85499623474,-3.39490230947,-3.37557309341,5.16925784367,0.246749558033,1.59044120577,-3.53722224438,0.293052071766,5.11695614871,0.0141662076368,-2.52554227353,-1.26873703519,-2.19847084156,5.47272531849,1.60343749272,-1.70586130144,-2.40051754747,-1.10705053679,0.295473620722,-0.69126650207,2.59605481309,-1.07702100606,-0.194555926366,-1.1332526277,-0.0754358035396,-0.316986928693,0.416006926278,0.9201786222,0.75660199843,2.18252731284,0.0331492690965,-0.0952328208001,-1.13992998239,0.705881783288,-0.285243444392,0.988453615763,-3.17498809976,4.70512266777,0.43092470394,0.804216324757,0.561809479201,-0.583936508264,0.703670302078,0.582581951821,-1.03458814938,0.445932071034,-0.394156581347,-0.620905717341,3.0723522211,-1.80606710495,-0.5092470275,0.0268962668751,1.26486735117,-0.424295043873,-0.722299687266,0.972225969514,0.284006114978
163,-0.160067338371,-0.127935045353,-0.0954733128294,0.0678222200787,-0.180899606547,-0.312853662697,0.20249062511,0.0107624301539,-0.064156845963,-0.284499330165,0.0903668587874,0.492172419375,0.31272660195,0.253482671175,-0.582346957526,-0.4641832757,0.229926740911,-0.13750506156,-0.424539018808,-0.383146586605,-0.0341382167861,0.255314374772,-0.653629732714,-0.498340927879,-0.788048921013,0.675220467325,0.390741548394,-0.360581207951,-0.287914532294,0.268413397561,0.0139926965263,-0.162983823441,0.239156692675,0.29766815732,0.276224259778,-0.026293907958,0.0885706706237,0.0726343321081,-0.751139625686,-0.171110630376,0.611161832344,-0.649248620725,-0.222081023863,-0.0181021086299,0.160980196956,0.235959423082,-0.228330862353,0.290963132754,0.266816119844,0.2837883709,0.86134999977,1.74438619918,0.00683737642145,-1.00609322035,-0.668972038674,0.410778786364,0.597696101714,1.24549385439,1.71697564854,-1.15805814785,-3.36374334412,-4.04008659468,3.11198498721,-1.90814775519,1.35822378529,-2.67457120631,-0.215793029504,5.08521427331,-1.52961046164,-0.69052592426,2.86041568874,-0.231434706823,1.99964467736,-0.418901212448,3.77349719669,-1.88598266242,0.563982678917,3.58190055699,-1.34086428816,-0.727557917411,1.93245882065,0.904211207678,1.45272651827,1.83814028671,-0.499918159689,-0.929799270141,-0.472680760397,-0.0182232061748,-0.581536238612,-0.215832857767,-0.178772806145,1.37585133522,1.37343700073,-2.10328442199,-1.78554019029,-0.746937272025,0.591533321762,0.726390122771,3.0431382781,-1.67382061829,4.55886233458,1.1163794872,0.594745144449,0.276880881308,-0.693495712042,0.742333919647,0.950182777284,-1.64171993738,0.191393815318,-0.844926955852,-0.832586239874,2.47511186719,-1.64968524004,-0.226141206291,0.110985230063,1.1540968,-0.58924577978,-0.842158179536,0.944400433825,0.276348176579
164,0.108752180078,0.217595084716,0.027720411857,-0.202231811221,-0.099255196028,-0.0939622402515,-0.124815863569,0.325668517186,-0.129247716691,-0.0610904220497,0.287608366733,0.315480567804,0.496016597867,0.321981190277,-0.157757502713,-0.427143456901,0.0149068923335,0.170400371959,-0.432943934938,-0.392087230458,0.285968329595,0.355842060782,-0.423584718937,-0.39847225698,-0.755623290307,0.567614347661,0.379441515585,-0.358515144312,-0.346759383594,0.223999659833,-0.0452048303767,-0.0285693041496,0.316801029888,0.00781427723726,0.0425489351141,-0.0854026772172,0.143170396851,0.178272976965,-0.366328478205,-0.240591235495,1.01010011302,-0.526950959737,-0.172583749112,-0.00253370899818,0.0910503426561,0.304387992894,-0.124206059984,0.104337159557,0.274115103229,0.180779247233,0.774003352415,1.95343515891,-0.144637665619,-1.01553596386,-0.653325867389,0.5193128773,0.531681608446,1.156035482,1.80958437169,-1.13091765271,2.64414500344,2.9940526186,-0.56244848144,-0.422925607111,-0.630352668317,5.11762396652,-3.25608872247,-1.19359695738,1.63183648298,4.55423533741,0.539795856731,-2.18936864625,0.993587910261,1.34013038961,3.6853743589,2.80180374161,-4.09890333865,1.78606390697,1.46207974567,0.304659227508,4.07275124592,1.0439016358,2.846810028,0.202430407799,1.22824847735,-1.13273103259,0.202029340959,0.0367413616658,-0.526320336342,-0.590502588176,-0.896918017901,1.17439869779,0.174781519032,-3.48108011125,-2.69401589777,-0.480243724396,0.513095477425,1.27375994521,4.49243796414,0.305843957886,3.25571954526,1.23602350142,0.401402040295,0.0454536399192,-0.683711329362,0.594682215428,1.09064547895,-2.05214909031,-0.0391263216597,-1.19681576684,-0.888448594691,1.67577265059,-1.35952970216,0.0329899628852,0.203320592054,1.01151741684,-0.726212310649,-0.9437902125,0.905989644181,0.266025487434
165,-0.136016747886,-0.219440423768,-0.0385145610751,0.0194013789546,-0.0718480050102,0.125071426222,-0.0475801579012,-0.181450711707,0.246178439531,0.413338809025,0.240396019673,0.209485698291,0.440299012768,0.405190694287,0.0268840984283,-0.0136799680307,-0.360822967116,0.11606873044,-0.14845907966,-0.365410631966,0.677144516525,0.455380447189,-0.163694448091,-0.416937778116,-0.554190701161,0.460527699185,0.416358484256,-0.359753881309,-0.379963247692,0.169591120065,-0.140737334867,0.049255898345,0.284848463982,-0.345371253878,-0.217731203987,-0.133504788233,0.194273352633,0.301012855754,0.106363268246,-0.117627395899,1.23817883208,-0.41839421308,-0.14039807723,-0.00658681212197,0.0284386640029,0.348989462014,-0.0187451497227,-0.110970803393,0.260603977514,0.0483686886181,0.688608895553,2.07444038263,-0.261535967208,-1.00037299369,-0.628042251398,0.612128582847,0.453442498487,1.05741024525,1.89781464454,-1.10493835546,-0.740068869234,-1.84763304136,-2.4676861359,2.90066498473,2.58732986825,-1.71504157817,3.74840137439,-5.66817949778,4.17067048914,3.87739299986,-0.669825178332,0.217386491084,-1.99287136389,-0.183073459542,-0.0536977048025,4.38788938427,-2.28421215936,-2.88529322429,3.71564217828,0.120704559629,3.22137807263,0.916869087652,1.93703179252,-0.2681690568,2.62077120577,-0.988008844228,0.44695334539,-0.0928455420778,-0.0876318540529,-0.404581657629,-0.895255350074,0.305946837606,-0.711060794907,-3.29154448574,-2.28219356468,-0.538529889973,0.524410888273,1.04206445209,4.72586676429,2.05872011452,1.23424940091,0.870495870519,0.248679744072,-0.113782657986,-0.54901610831,0.271305777619,0.976492741328,-2.20901447249,-0.221615605807,-1.43079170485,-0.796448579719,0.723928078772,-0.963698175698,0.265898457321,0.303590622769,0.840360915971,-0.833541879436,-1.0252037898,0.856815367218,0.253144356677
166,0.212883252266,0.0808834014477,-0.0902594238025,0.0380027336177,0.230204597223,-0.0502713068854,0.0989384460788,-0.148746612353,0.378435998221,0.577911093081,0.304566222644,0.289443746756,0.191872050621,0.248106145587,-0.0785622041476,0.239741809977,-0.328699389816,-0.288078880869,0.148677462581,-0.362669333982,0.850625032718,0.533930403292,-0.0971106133396,-0.396111696173,-0.279223675485,0.367482592999,0.451764821963,-0.379954830192,-0.360657376564,0.156260182136,-0.206689083839,0.0269004468866,0.200476969582,-0.596586151021,-0.37474913293,-0.201680053037,0.250282667255,0.361409928057,0.530565633198,0.143306162529,1.25307538848,-0.361207673127,-0.122036787303,-0.0227902397228,-0.0154638393331,0.354549506778,0.0633092346374,-0.328383318818,0.231848798366,-0.101200881364,0.618790848812,2.09529291696,-0.335093809357,-0.963196492596,-0.592388356022,0.686575348349,0.365985520513,0.951719067672,1.98058812344,-1.08036957772,1.06444234855,-1.53045881423,4.66431596255,-1.86696403842,0.853806036769,0.650020305969,-2.02141494105,6.83207530497,-1.67823178169,-0.818263388236,2.1617134753,0.876890360757,-2.38454799786,-2.76045107487,-1.32929908888,0.0469640553441,2.73381659705,-4.14879625961,1.35194538161,0.0472982604434,0.046407690599,0.625921487208,-0.731617994463,0.862406921949,2.6323547246,-0.907388165683,0.189711062092,-0.301294847245,0.454143407707,0.165659455425,-0.378376406958,-0.733161881079,-0.838622352778,-1.51476837552,-0.71916968006,-0.845612707801,0.599880807068,0.0647358765369,3.52843685468,2.98721942138,-0.904799881788,0.256222891757,0.119628376977,-0.198557787595,-0.316528875912,-0.173910278298,0.63037357034,-2.09475629829,-0.342817212285,-1.53978124673,-0.582617490363,-0.315418744819,-0.499553463506,0.473682102926,0.410410742652,0.64494316423,-0.910530839584,-1.08490220496,0.79686615255,0.237840050429
167,-0.00738722370144,-0.1229099954,0.127094717397,0.102462689564,-0.0174896230673,0.171228154299,-0.0405394232468,0.584675317477,0.208505400463,0.321345835757,0.549271070745,0.335127593765,0.0395083160472,-0.0498956715005,-0.123810696461,0.0172019886585,0.019663538633,-0.508349235102,0.016577769388,-0.339894113182,0.692347089348,0.573802829356,-0.289745161944,-0.244035479122,-0.0649513169342,0.272240197443,0.444491150179,-0.412649866182,-0.30025184863,0.1995446999,-0.217112776245,-0.0851679259682,0.140756472623,-0.622355642386,-0.35009269891,-0.300719752388,0.312978727024,0.302008050749,0.773542764474,0.442526020644,1.07237108946,-0.365580298416,-0.116894477797,-0.0442610967566,-0.0333585165761,0.313051420314,0.101834120826,-0.52160886472,0.194125397212,-0.25554453126,0.574798633608,2.01094005839,-0.360608911259,-0.906355688179,-0.545818911314,0.740483876115,0.272341079639,0.841186784507,2.05683394309,-1.05744567729,-1.00069773163,5.05410970423,-4.18964792583,2.79854811994,-3.13271661542,1.20096306634,2.42062623937,3.78332967682,0.0725715052101,-3.30811072723,1.5497065235,0.0816883220721,-0.581059608959,-2.59390102318,0.638535960714,-3.70203852287,3.08725102584,0.375407955877,-3.94999306426,0.386162938116,-2.96634020756,0.132130513412,-2.80466032635,1.999972067,1.55394947624,-1.0178412414,-0.360280695994,-0.292960388767,0.670643919769,0.644889655816,0.121091672903,-1.41570329146,-0.273157883895,1.02584355442,1.18025558581,-1.09405874272,0.635704155096,-1.26355255981,1.19044097348,2.81091743229,-2.59627380968,-0.312728510897,-0.0217195784272,-0.222655684694,-0.0392040487362,-0.653253622729,0.120469651046,-1.73226218321,-0.401862407336,-1.52778149638,-0.287710355936,-1.36713840643,-0.0103385543396,0.659937847802,0.521441737674,0.43055054216,-0.957403682268,-1.1219065634,0.726303807268,0.220276493428
168,-0.17030691552,0.169027292238,0.00581848079962,0.00401462521273,0.0596158101918,0.0726343027387,0.560271457777,0.424405670971,0.418923911106,0.163570405471,0.44186914839,0.320207640386,0.0494524529263,-0.179901168229,0.0076222254726,-0.289975357745,0.117390003882,-0.237567277488,-0.504155764124,-0.313779669017,0.336900578485,0.552067531135,-0.568559747641,-0.0562009308518,0.0299219259199,0.16471476317,0.379057447797,-0.424753966097,-0.24463983099,0.269649903074,-0.198222187959,-0.235173858612,0.152105297965,-0.407899804025,-0.162250986378,-0.406820474722,0.37123726898,0.117368743753,0.754189265483,0.672314202672,0.761220610252,-0.413935368873,-0.127689952018,-0.066183022872,-0.0239904593613,0.226228523643,0.0852720080557,-0.668460078116,0.153200100544,-0.403161278252,0.562272079385,1.82408398258,-0.337833646207,-0.831759555334,-0.48806212795,0.772255584589,0.175472716545,0.72810979567,2.12550621991,-1.03638321533,-3.48433570522,-3.94157391816,4.80179373195,-4.33826204669,3.39544367467,-0.613427502974,5.81342579001,-4.30055851944,2.59160852577,0.960695813989,-3.65275559389,-0.485891326781,0.560332586008,0.171499388331,1.4913804383,-1.52768965673,-1.3852527348,4.16425273483,-5.30215895265,-0.0677427679559,-3.65294016424,-0.605243690256,-2.2801543934,1.41011002801,0.406335856053,-1.10445440082,-0.933052246901,0.117226805581,0.36023689704,0.671689606408,0.162797391491,-1.47927621003,0.476636352898,3.08053774245,2.38558051885,-0.939219137665,0.486820464284,-2.33300205105,-1.57543031382,1.65093429638,-3.47549455302,-0.59161358586,-0.201190335776,-0.212824933116,0.217706183225,-1.06290316708,-0.45294884045,-1.17928576218,-0.409483245924,-1.40812969577,0.0377737785273,-2.35239819215,0.458786552152,0.829680507508,0.633592799899,0.203281073227,-0.975262405591,-1.13576486766,0.645466354005,0.20064553446
169,-0.0982543807674,0.177668891073,0.13477397991,0.0543216559156,0.168781789361,0.424466189746,0.522965031263,0.306222478908,0.460138305513,0.425076295184,0.0369982190788,0.185415505472,0.112315635194,-0.0407829314949,0.0795364690274,-0.224286281786,-0.167077599462,0.0784734556646,-0.813513279008,-0.377261825061,0.0571022411282,0.448366148446,-0.666681836148,-0.0149468489226,0.0335616157308,0.0600140470374,0.263576051366,-0.379991787192,-0.238082188986,0.319940935095,-0.201585438226,-0.363420081423,0.221678538088,-0.0569609132393,0.080444652433,-0.469693567503,0.400186252093,-0.136592829807,0.473917895624,0.754970499573,0.407399409869,-0.470181297478,-0.158221424789,-0.0868023923061,0.00746255476931,0.106081851188,0.0128973291664,-0.753824960028,0.113301731598,-0.534256521167,0.581562804014,1.54520571172,-0.270958167509,-0.740794115572,-0.419182158722,0.780934201042,0.0781930356606,0.614803473515,2.18560167255,-1.01737821904,4.15476900966,4.23795904983,-3.3470283337,5.95624481337,-0.632709117841,5.82943571151,-5.67701768815,2.43540265024,-1.66346007529,2.6855722206,-2.85792046059,-2.37143304791,0.522976007915,2.25578449932,-0.314407294029,2.48012302935,-3.35430503089,1.01167447679,-0.117769752981,-1.14446206201,-1.55360514862,-1.46153111792,0.539236929158,-0.69507111743,-0.256342681178,-0.940315604516,-1.33821643975,0.794689694086,-0.235778302663,0.292978646197,-0.292229461945,-1.02260774003,0.805436454536,3.64191890623,2.22002169243,-0.229704908654,0.0370400295472,-2.57281823884,-3.88250712998,-0.0361451904836,-3.45994580981,-0.464258396952,-0.411957901477,-0.202178687291,0.393732146002,-1.30515957058,-0.97709016736,-0.517383840995,-0.385052544049,-1.20119828164,0.339629869229,-3.1956248128,0.864918988742,0.988154561065,0.743282677411,-0.0301526866576,-0.96600865213,-1.12654790854,0.554867413844,0.179165771076
170,-0.0728645044043,-0.0688174357184,0.212855403216,0.42402461973,0.458355402634,0.540226529498,0.155796666122,0.515667131116,0.331285646042,0.41697139913,0.0379615512413,-0.0876790841253,0.12027651935,0.186101612627,-0.0434910487301,0.0443554911635,-0.372853497448,-0.126125581033,-0.525964127006,-0.488739754744,0.0654169914623,0.271025011666,-0.463458569224,-0.175705390619,-0.0136534564238,-0.0148089268661,0.120334286175,-0.269598457946,-0.283590186923,0.327747339429,-0.261601454531,-0.433119570798,0.288670405421,0.262378348531,0.237482766311,-0.43957975126,0.368278279663,-0.359974864778,0.0181490882995,0.667874054103,0.0931956879595,-0.49444443561,-0.209636129014,-0.107601771318,0.0507156971541,-0.0268507415189,-0.105019624813,-0.771345614208,0.0764724112848,-0.64131628778,0.627684490105,1.19189348112,-0.168181929906,-0.634358196638,-0.339613815867,0.76625609787,-0.0169113560906,0.503550617327,2.23617700261,-1.00060358383,-1.49208241574,-4.38386935922,3.93541088528,-0.0771843136651,6.27835190571,-4.34386277658,1.04726687252,-0.394652113696,0.0724863135143,-3.07101630288,2.42495966017,-2.25528698685,-0.483707713884,1.87638942543,-1.82914766691,1.95884832988,-0.266059792772,-4.66579256291,5.09572974368,-0.670879857625,1.66871105435,-1.97132885144,3.28108604469,-2.22715921061,-0.689339808252,-0.525057477637,-1.47729096599,1.3603549006,-0.590597144141,-0.101325517544,-0.891628077103,-0.367548129101,0.417019084087,2.49221839658,0.752440302188,0.865918321373,-0.717837872954,-1.71182815987,-4.99007536711,-1.64224667009,-2.73104560364,0.0289298480262,-0.608442263692,-0.220554492343,0.449668578325,-1.31033979471,-1.34841281731,0.16245062379,-0.352104050196,-0.931778333705,0.566369555646,-3.83134055344,1.17140534243,1.13967605003,0.846728102351,-0.262650043709,-0.932241996099,-1.09483256908,0.455192038814,0.156080937661
171,0.0200473121049,0.310158967823,0.248919407172,0.465211085173,0.676637410229,0.217544422551,0.498994682105,0.276113983195,0.373806575015,0.0568727906891,0.249090965936,-0.103721902087,0.0306342626873,0.27547114334,-0.212141219008,0.0493145425969,-0.252724320554,-0.622885095648,-0.0370613672675,-0.441149185631,0.326397104695,0.0870232077293,-0.0911185323249,-0.379849021979,-0.10744680076,-0.0414138611587,-0.021365611513,-0.123158322,-0.334639827578,0.312034695473,-0.369207678229,-0.440556587136,0.287866998729,0.406634868893,0.21389549575,-0.297887609075,0.251777255839,-0.447856744821,-0.472601294769,0.447282677814,-0.126545646197,-0.457790999053,-0.277053336039,-0.132438770805,0.0931419208196,-0.147191472451,-0.249156178524,-0.723605747782,0.0424047428327,-0.719414351711,0.690895205124,0.787521754488,-0.0409110762931,-0.513007918534,-0.250168402337,0.728676949126,-0.107543718136,0.396552168905,2.27636568521,-0.986206657886,-1.33699381823,4.29679696637,-0.43368181636,1.48764527718,-4.36337300406,1.49895760737,2.52497535901,-2.32754626774,-0.653250354349,-2.34506387868,0.433803750813,2.19967734867,-0.972155842109,-0.228097375295,-1.25605000563,-1.92967130012,1.94627208054,-3.78696136239,3.42978320029,1.75581761101,2.9958538968,-1.51569207127,3.68134525661,-1.43132425761,-1.1878744185,-0.000327228559675,-1.30158632212,1.47974776065,-0.316306447717,-0.138271656043,-1.17812216763,0.185789549566,-0.474375046706,0.315176614546,-1.21511709348,1.91865765019,-1.61227529133,0.0673473438459,-4.57095028689,-2.63450156787,-1.63509480817,0.718150025121,-0.719241851202,-0.28394102672,0.379214603882,-1.0534428767,-1.49229896184,0.774786005982,-0.333249983687,-0.626391078194,0.675323011231,-4.21020670688,1.35127161325,1.28663714059,0.940227945604,-0.486967585287,-0.877138562526,-1.04167348132,0.347289099249,0.131657869581
172,-0.492209263002,0.204525741303,0.485089225564,0.393940672528,0.133534705419,0.629538058431,0.426559505085,0.278222703663,0.107672011251,0.0783079524036,0.0906780125582,0.22543881008,0.0196787826905,0.158306244359,-0.273617006042,-0.258892144577,-0.150096232786,-0.671191307547,0.0192707101885,-0.180724858869,0.536744708295,0.000559657938236,0.185649356948,-0.400271080827,-0.240592063896,-0.0151380361966,-0.128788281367,0.00970167537172,-0.328487170926,0.312902807545,-0.478440423715,-0.4032998183,0.196599803068,0.331119264872,0.0152612525376,-0.0732174091012,0.0519203832936,-0.335897834101,-0.851233290334,0.170983333832,-0.234213530401,-0.352025149001,-0.348247030885,-0.165717417546,0.123313692195,-0.229657659874,-0.394780030035,-0.620899007617,0.00877575381413,-0.766255788917,0.757845841653,0.359390934743,0.0973449570532,-0.37718771058,-0.152012565241,0.669373345607,-0.191748121569,0.295881294619,2.30539383322,-0.97430705086,-2.32726795783,2.4186125283,0.989971220632,-3.24416403638,-1.69263816191,2.32071417989,-2.36570189723,1.56587276116,-3.53192266781,1.88273689537,-2.49940101399,3.11821592103,1.11189238754,-1.76661231334,-0.0372265294033,-3.52960669678,-0.471001056851,3.06281679608,-2.22511707285,2.9179209776,0.633070342074,-0.126295288986,1.54287145179,1.1432174364,-1.35300510775,0.516605189695,-0.791903458355,1.11024532148,0.492289014506,0.194406842689,-0.913629795384,0.525342106131,-1.28228692106,-1.69669504667,-2.56898267871,2.45785910648,-2.32154413915,2.15735940628,-2.82274345768,-2.73800314976,-0.547541238264,1.3717571177,-0.673978265035,-0.386310478327,0.21244605741,-0.561746281262,-1.37681493929,1.2527236306,-0.345489938062,-0.310737760017,0.637755993589,-4.30367535926,1.38975961485,1.42878786677,1.0204141844,-0.695972767977,-0.804314778753,-0.968564267037,0.232160406941,0.106184064376
173,-0.366975106271,0.607190968081,0.323177577782,0.171225425014,0.446515599688,0.318093398077,0.332929098115,0.297265709569,-0.0101859190263,0.158318751568,0.0111599795888,0.325494957855,0.232348307356,0.0301027744661,-0.250605293912,-0.528191837552,-0.342935166944,-0.15593316324,-0.322147904328,0.0170323357017,0.394161404049,0.0533373358097,0.194587276179,-0.173811588054,-0.342141782272,0.0575032524176,-0.169919474622,0.0906740348564,-0.236468344198,0.350617563831,-0.536850219126,-0.340583777554,0.0535843761549,0.10787634957,-0.251214987436,0.167555613032,-0.193487334161,-0.0333474830888,-1.01381453578,-0.0722920022203,-0.245950985164,-0.191798624836,-0.405280835107,-0.210010575051,0.134411861465,-0.254213902054,-0.516358768341,-0.478894168322,-0.0280070970715,-0.781980113478,0.813167296247,-0.0635082305484,0.232275003077,-0.227515616058,-0.0466247126841,0.590219093012,-0.267946242383,0.203441803659,2.32259482078,-0.964994705243,-0.543509347717,-4.22341104315,-0.332252901221,0.973267488656,3.91379755987,-5.91530994822,0.116538948713,-1.74170909838,1.85912123685,-0.951032516801,1.47462069846,-1.23536272893,2.52909259386,-0.219210716527,0.300955235069,-1.45682151323,-2.77743669725,5.78874784721,-3.38138255264,0.540945367335,-3.39006876085,1.00118656623,-1.26929846322,3.05953244006,-0.471071277866,0.895542309072,0.00791419900676,0.49582736467,1.2903697902,0.51492703584,-0.204169717039,0.712910274085,-1.43963008852,-2.51747572189,-2.4888488907,2.22583262154,-2.46320471692,3.74245978442,-0.38099801996,-2.0103923339,0.248744852385,1.77759784488,-0.433487125779,-0.497320333948,0.00962651672528,0.0885708884991,-1.01799371674,1.55669573485,-0.396787593455,-0.00746931427172,0.442447384128,-4.10677870284,1.28572071602,1.56287974718,1.08444638527,-0.882894917043,-0.717681474352,-0.877389836186,0.110946823937,0.0799648689291
174,-0.233951389449,0.0493881074972,0.306597165062,0.578420350913,0.345728991694,0.110919532937,0.179753395284,0.0968831457299,0.279432511813,0.033670543414,0.253671709979,0.135982199199,0.373882928678,0.173114067606,-0.252735711629,-0.535421515127,-0.536999826267,0.193466978193,-0.4528533262,-0.0893373187478,-0.0416570468224,0.145859634006,-0.0143159838949,0.123095775217,-0.30146503587,0.150534739956,-0.123390504325,0.110689158788,-0.0910945672698,0.399585399447,-0.515116510154,-0.262597415837,-0.0636651958829,-0.121978722473,-0.431388273483,0.349140725395,-0.412521865197,0.372015154948,-0.931978741558,-0.214507127368,-0.198401011943,-0.00908947855153,-0.428829368968,-0.263845668251,0.126559361322,-0.210348465926,-0.592231531424,-0.315686249493,-0.0718072966328,-0.768763913841,0.841321390441,-0.452902961457,0.350143560863,-0.0650840460437,0.064264515096,0.493736962324,-0.334959307706,0.12093171501,2.32742237966,-0.958328266352,7.23367962931,1.80973711927,-1.97028604093,3.46464497916,-4.28690037239,2.19077786343,-3.47844793727,-1.07998891134,2.07337370781,-0.0740069777337,2.03161462049,-1.38258661424,-0.182279868342,2.91218098103,-0.518831209681,1.11943995312,-0.380386126542,0.24301650337,1.21835587709,-2.26966268152,-4.52762069796,0.546296790417,-2.51654832487,2.4138202092,1.36285985942,0.870113004979,0.91545422061,-0.0713655780191,1.4827773549,0.358030108526,0.631520665497,0.840303335035,-0.786283254253,-1.85747985734,-0.903608946047,1.32025313631,-1.76877321052,4.12479658977,1.92854865839,-0.789622702459,0.632586348637,1.81002617875,-0.0115235501305,-0.568064162448,-0.153749877053,0.786278542513,-0.475815715197,1.67782489438,-0.484511146629,0.265569822727,0.0973376806307,-3.63876171704,1.05172502738,1.68271730799,1.1301343191,-1.04156359749,-0.62129375119,-0.770371403043,-0.0150883325448,0.0533203287747
175,0.154990298513,0.0924047153864,0.305603147283,0.222408931744,0.214700518128,0.279411136338,-0.0606345809756,0.109092971744,0.230442387293,0.259159150371,0.272466177683,0.16869586126,0.238401484246,0.489290770806,-0.37128548006,-0.365639223483,-0.381170398195,-0.102978322293,-0.144665307879,-0.290330279435,-0.348997695562,0.120691087339,-0.226101990831,0.240395733125,-0.081805805333,0.208940378611,0.00471323138476,0.0816279766956,0.0328205839006,0.400847000333,-0.416166686777,-0.174503189949,-0.088600174828,-0.233068810952,-0.405662540401,0.422355749941,-0.519568311314,0.741662840816,-0.656535974095,-0.229502032114,-0.131890106334,0.157414368138,-0.40386162018,-0.320469208595,0.10734853283,-0.0995504029189,-0.608449729266,-0.148796196538,-0.125708526115,-0.730276950914,0.828511552508,-0.783597690363,0.439113532579,0.108265300913,0.178740148831,0.383027608208,-0.3920150439,0.0498126128321,2.31946191579,-0.95433378248,-3.93338876806,-5.4115976786,0.789913563971,-8.1391807672,1.74145578279,-0.882205950828,0.42626550046,0.545090116377,-2.37214541947,3.69425461815,-1.2609047235,1.7564495481,-1.68094452995,2.57244109193,-1.77568474798,1.94482180287,3.07279429277,-5.19032090333,3.97332721276,-0.92731376824,-1.02093777019,-1.09530712332,-1.35669785684,-0.213695451828,2.82143331531,0.182436130566,1.56588255335,-0.489296876733,0.877364747577,-0.42232612675,1.30544803513,0.904955456577,0.308421988797,-0.298732118861,1.45481237583,0.14001591499,-0.257069059491,3.02851406301,3.3978554933,0.454355323738,0.646465286298,1.46248050881,0.520691569938,-0.54461576481,-0.207408346941,1.40658854632,0.158069672194,1.63565269419,-0.595951834972,0.496497990594,-0.370936809796,-2.94147198879,0.712866247171,1.7796199029,1.15598262732,-1.16662553409,-0.519202043208,-0.650006007392,-0.144578227483,0.0265817423133
176,-0.185996810373,0.0595262177295,-0.262627590335,-0.111825484009,0.133212062104,0.0607669822175,0.217613133089,0.112119803697,0.0813086558145,0.453735328848,0.209078735777,0.334236343681,0.214429529131,0.574463828845,-0.547474093082,-0.204139007002,-0.0834610523631,-0.55711389079,0.124557168979,-0.176895191112,-0.22030763725,-0.0416038874923,-0.241444174409,0.10004351682,0.198895372578,0.169987383636,0.166422781081,0.0147422363988,0.0694089266902,0.305332545125,-0.263195889245,-0.0866128922048,-0.00967732308174,-0.187975404312,-0.153413709819,0.384222086508,-0.449307129074,0.937679470405,-0.292427480497,-0.137145474877,-0.0763984907876,0.274135865051,-0.324789217154,-0.368237978801,0.0902535401925,0.0645595574781,-0.561081881429,0.00735253763603,-0.191113371158,-0.671056551488,0.764441841857,-1.03556476417,0.49038811435,0.289731649496,0.294771472051,0.26167817753,-0.438740008969,-0.00871475263341,2.29843983164,-0.953003762391,0.655857528495,4.39125681618,-7.82295622065,1.13005834736,-4.76675285515,-1.64253444755,3.11254186025,-0.13054711945,0.369895670861,-0.923854735726,0.820300834652,0.908994620001,1.62418411004,-0.901286476658,-1.26005165455,1.05379127634,2.01125675422,-2.5167654696,0.629232338056,3.14210297236,3.19822732151,-1.82136931032,1.09064813399,-2.2702578896,2.41674671779,-0.992230102785,1.52320276485,-0.848256316698,-0.166779306931,-1.48604985801,1.70943722227,0.821002663696,1.17722573327,1.07826646846,3.42993419092,-0.834127883039,1.68310016781,0.748101580129,3.68235434027,1.29971580844,0.442532760535,0.839153059082,1.04953087589,-0.386286361617,-0.107214743741,1.83573138124,0.778235358747,1.47109410753,-0.710731371425,0.679862719712,-0.9195862393,-2.07563908884,0.304367614665,1.84325197252,1.16116110676,-1.25373282096,-0.415309586882,-0.519002393965,-0.276073385487,8.79683313089e-05
177,0.0248247591974,-0.183748171152,-0.0300470809087,-0.240813766674,-0.339042018884,0.0147260218069,0.24167459748,0.203163589851,0.257767409451,0.163247131256,0.391820500465,0.360971387624,0.490118702643,0.409928573284,-0.533364559522,-0.183922041832,-0.0743942118331,-0.477107226675,-0.0318848669925,0.211064976587,0.135829049421,-0.169245273635,-0.0381966328435,-0.123900149993,0.336423538798,0.0206291494996,0.279100719612,-0.0878699928632,0.00657695973149,0.115017304302,-0.0821912972023,-0.016776255035,0.12112273822,-0.0550268625059,0.234112107009,0.273033584487,-0.191284258428,0.877640824884,0.0436684089075,0.0091443021525,-0.0445586015816,0.321816137458,-0.198289804521,-0.392857027795,0.0911616136181,0.258490098856,-0.456599161256,0.143081665857,-0.267156078968,-0.595871821003,0.643727793014,-1.19557093255,0.4990621328,0.475443529707,0.410274399419,0.133653769809,-0.475138196388,-0.0537283475869,2.26423068159,-0.954296612207,3.92458010265,-4.94301872133,7.48814187543,-3.20393469601,-2.11571382923,-0.483532953729,-2.6263383183,1.99867103096,2.06476931925,-3.15789857645,1.74390609503,0.25531262838,2.93937296996,-1.61724409821,1.74017319551,-0.670888223107,-1.74752362995,3.8323485237,-3.0878558446,3.58426469878,2.99778605263,-0.431742251608,2.65793103488,-1.73137374693,0.129194022595,-1.85723348005,0.593318518813,-1.19239000898,-1.00383699331,-2.2135998229,1.87555324967,0.548820478395,1.29208781145,1.35244589856,4.04262953582,-1.29439538221,3.37112607198,-1.93477189571,2.89140304582,1.51471218837,0.201691380525,0.113308272136,1.44913040999,-0.0833074072683,0.149027849318,1.99334309038,1.28531454405,1.23629945894,-0.804563045954,0.816375875185,-1.49402829548,-1.11538351153,-0.131789430749,1.86273950085,1.14541310464,-1.29969690166,-0.313241147047,-0.380215108686,-0.408064076412,-0.0258184600386
178,0.392959706135,-0.0578272029112,-0.200421159571,-0.185713446387,-0.218893370183,-0.185083451248,-0.0590608218613,0.339733398856,0.329141807584,0.120496042393,0.389918789019,0.479395733861,0.634760662377,0.351460696526,-0.253825241894,-0.307641923197,-0.31878766534,0.00493655312423,-0.285661457647,0.350176830826,0.242629652561,-0.111037321567,0.21121357172,-0.175314099771,0.222560495559,-0.160182491105,0.267315292982,-0.216182777123,-0.107879807013,-0.109767114678,0.104989873308,0.020707700142,0.221740977346,0.037803918664,0.59857957233,0.142620312296,0.191838382976,0.570024845603,0.265582454809,0.145020822061,-0.0326731002489,0.29958201897,-0.0427482931803,-0.381105610572,0.123785252158,0.453064665613,-0.310343848337,0.254025633474,-0.350527991529,-0.509150281224,0.466798347985,-1.25818708245,0.464600274963,0.6604684451,0.523162397273,0.00317537505237,-0.501557256637,-0.0845961332525,2.21686203225,-0.958136468213,-1.76827905064,0.178392496713,-7.42532552051,3.39685856901,3.31132589921,-2.80477281673,-2.08521884223,-0.458158376887,-0.69540757873,2.58627167722,-1.66665232764,1.96651657357,-0.347346115824,0.441570368915,3.13141142163,-1.47996819373,-2.31152646046,4.44462275147,-0.99424205394,-1.32482103728,-1.08793788885,1.42472394769,1.93683727539,0.854849996507,-2.2109544966,-1.51400944995,-0.849217302312,-1.30289207961,-1.15300711125,-2.12952750301,1.83015793564,0.208148706965,0.615677407107,0.315286298368,2.9877647677,-1.24553734203,4.07592863341,-4.04546349818,1.49703285958,1.11351580116,0.0593762904314,-0.530496977736,1.61698118361,0.332048335606,0.515634525557,1.84786509008,1.60387600893,0.983561976791,-0.853606933212,0.911939780886,-2.03361586553,-0.141470882842,-0.550896649318,1.82795802691,1.10892173268,-1.3026045548,-0.216227312973,-0.23657861732,-0.53900375895,-0.0507953581218
179,-0.0217868138274,-0.426434912151,-0.367809364312,-0.154053529596,-0.00404904518337,-0.239438843024,-0.124286385752,0.0480197693454,0.216887190318,0.463527732561,0.267619655126,0.608126328482,0.488438135898,0.410217027994,-0.0735650073433,-0.402929531033,-0.404878206719,0.208064270958,-0.150157532528,-0.0135227298144,-0.0154952840407,0.041857244329,0.295021811389,0.0262688425371,-0.0345054513783,-0.238196483141,0.122610793998,-0.327608977055,-0.199535190244,-0.28302384122,0.274695153374,0.0307318112981,0.233635394218,-0.0152702228913,0.79206428063,0.0322292812202,0.575156687432,0.114128379706,0.343467654196,0.218538587098,-0.0277033560915,0.223272629094,0.115652715116,-0.32513925045,0.195089370257,0.61865405353,-0.143452340094,0.340633219569,-0.435733655244,-0.414533583357,0.240181288084,-1.22608702593,0.39089494642,0.838954319032,0.63138292226,-0.125411791793,-0.5186440823,-0.100980828805,2.1565169444,-0.96441343632,1.35726553117,2.02388303902,2.93155916142,-2.85556378499,-0.53105193526,2.57850415964,0.227647817129,-4.46904424261,-1.05230992598,2.59151714022,0.448349351242,-0.204133268888,-1.89949310663,0.160243667591,-0.131860010883,-0.105643561891,0.856667012374,-0.717501801871,3.34783685911,-5.05126099875,-3.2935018227,1.17574134267,-0.34598462369,2.83633716731,-2.48166290026,0.102479107112,-1.89145894782,-0.796727954657,-0.5810694093,-1.22636562883,1.50930242469,0.0416185085119,-0.372358062677,-1.40419762842,0.762836229401,-0.949195500125,3.33666851892,-4.80685288014,0.110246670811,0.316372347064,0.0633843860646,-0.950269688774,1.50351540588,0.785651853729,0.905460946758,1.42172784057,1.69498287987,0.755429589087,-0.838593994538,0.97606274193,-2.47812966859,0.766046873847,-0.909827611351,1.73085651195,1.05215832485,-1.26189374299,-0.127008023469,-0.0910431453345,-0.66733312472,-0.0745049899045
180,0.326788036627,0.068681369092,-0.0323385635463,-0.301260898355,-0.2788045121,0.0744425523767,-0.0922506494638,-0.25420495867,0.122631224652,0.458114697762,0.51599837586,0.419213989604,0.343840815041,0.337543417892,-0.278039920196,-0.312382454408,-0.190495576598,-0.0497990108369,0.195430705646,-0.418557222054,-0.242211785534,0.0564574035256,0.168677086132,0.297575687283,-0.192139683917,-0.134994728806,-0.0677456629484,-0.349863743302,-0.211505637734,-0.342892569009,0.394720736149,0.0409523055429,0.159671485485,-0.229024749586,0.745797075951,-0.0494709026815,0.812563892324,-0.337074211333,0.304731904775,0.205761901689,-0.0164104162353,0.119272581394,0.249096053975,-0.226118819972,0.301969431806,0.730367374091,0.0211161879678,0.40681669593,-0.515716638511,-0.314615069227,-0.0238702855552,-1.10960904267,0.285896549098,1.00439914848,0.732938907411,-0.247775497864,-0.527291831518,-0.10283840943,2.08353403952,-0.972984242893,-2.61465310658,-2.02730564583,3.35407628768,1.52669543676,-2.6652113159,1.07193769065,0.419144906333,-0.352831569432,-1.13309578127,-2.40648897156,3.38799130611,-2.8136501083,-0.976299137612,-1.36523260485,-3.28976721358,1.71474678705,2.84427198611,-3.43668036194,2.39094352575,-1.93066175133,-0.574332603557,-0.984329707296,-1.85729638034,2.09137354665,-0.391407794731,1.84354645409,-1.66739501413,0.456812705645,0.3659641925,0.0352644602356,0.829572728986,0.222936922981,-0.997847994846,-2.7095712935,-1.6235815915,-0.713842555532,1.2195444957,-3.9621762828,-0.773916731315,-0.557795664089,0.173075108344,-1.08055812668,1.12640343172,1.17477232813,1.20813248203,0.785391518636,1.56128853279,0.57778756135,-0.747990474692,1.0198428712,-2.77434595796,1.53509844692,-1.17121171879,1.56667390188,0.975739251869,-1.17838856716,-0.0477582260539,0.0534862170169,-0.791504288941,-0.0966181848005
181,-0.151790283771,-0.133336897139,-0.124033512507,0.0243279924225,-0.152501244986,-0.201963255513,-0.0565507145476,-0.0208195850759,-0.0118526619811,0.179071899268,0.621014799069,0.246120613022,0.249828484506,0.239112133125,-0.533801265486,-0.138233051968,0.0347603837666,-0.27944178355,0.172627881807,-0.301246094093,-0.10109047294,-0.114611126015,0.00390052990497,0.37218072998,-0.10079647418,0.0820939144594,-0.166874404583,-0.226716983744,-0.128487495093,-0.285338545921,0.430301894597,0.0840496486567,0.0604974001336,-0.511776085774,0.495467274093,-0.11719427442,0.794297703695,-0.636757948814,0.212511425922,0.114307267249,0.00724836551106,0.0162907797715,0.334758823446,-0.0959333800332,0.430199018707,0.772145613929,0.162657059398,0.458105599998,-0.582731817305,-0.210890328623,-0.308382420376,-0.925624652446,0.160849944453,1.15003121065,0.825897386332,-0.359735159974,-0.528580714364,-0.0904107352519,1.9984051584,-0.983673295518,0.00711753932041,5.56592526842,-4.42716141927,2.38851112442,4.70725902854,-4.51011698263,-0.0965674440708,3.7862998617,-1.05337879821,-2.23679619156,-2.40173088338,-0.0836425458054,-1.03700680587,-0.157048246236,-0.909382308442,1.33747317818,1.17182617114,-0.532827562746,-2.9177933814,3.96025776824,2.96962626538,-1.98478863289,-1.06227223924,-0.739358909289,2.0412550682,2.17123725094,-0.165995714116,1.97826479087,1.25448008895,1.02307938794,-0.150969694876,0.655308994419,-0.850239350082,-2.6779981219,-3.18416225682,-0.668182919779,-1.62729715005,-1.88780010825,-0.954765394251,-1.21636077538,0.292694686156,-0.939152152132,0.565396010973,1.39225944156,1.31634308544,0.0418154459928,1.24410366468,0.456976214283,-0.579704160756,1.05377117622,-2.88197254016,2.10806939697,-1.30707263081,1.33491227978,0.880315671047,-1.0542936508,0.0199622479225,0.194205795967,-0.910004687267,-0.116818409798
182,0.00174590970907,0.0938819817208,0.083769871926,-0.056953393497,0.117460581958,-0.237577989288,-0.128225629947,0.184992834227,0.0294031090482,0.0546037586785,0.102057086185,0.319003739691,0.177958817293,0.307858564724,-0.392425647862,-0.092539134266,0.0152187215638,-0.162525079864,-0.247694645533,0.174376345962,0.191511121467,-0.239390768992,-0.00300130195952,0.176065883576,0.143405147134,0.234411512197,-0.0953570468564,0.0230884524549,0.027587440345,-0.162475044874,0.363859446693,0.167510233621,0.0113539805448,-0.711950187845,0.153706452261,-0.184836432415,0.496942151253,-0.702058801548,0.133213245776,-0.0243866712871,0.0390269486805,-0.0622222735558,0.360014829482,0.0438126783998,0.556160584545,0.738970116933,0.266139908194,0.499726358394,-0.629306154953,-0.103924113473,-0.593199330842,-0.695825742838,0.0292087927555,1.26926949885,0.908389597884,-0.457397965179,-0.523715031865,-0.0642128304999,1.90177066223,-0.996274146243,-0.592361866021,-5.06748206984,7.61024445762,-1.27994276713,-1.65613140997,4.69476953671,-0.588960763998,-0.68324771113,1.93986241781,-0.646838676116,-6.35826470517,0.382577891203,0.0128485738627,1.08439584528,3.37128400086,-0.382313953553,-1.35929739392,2.25066108596,-4.25607072329,4.20653330002,1.98148140481,-0.118672684964,0.894694501198,-2.807900419,2.37072874651,0.618729042825,1.48672100753,2.82621811493,1.7947677597,1.29921738237,-1.14671710511,0.949980130531,-0.0675423547415,-1.09597309891,-3.42602939399,-0.668305369146,-4.17978024752,0.559573404158,-0.560145299647,-1.4865490097,0.320636019385,-0.608703192058,-0.0601957076695,1.35586689937,1.15405858808,-0.69496485212,0.813475743564,0.381152220544,-0.341144249064,1.0856535699,-2.77830428014,2.446864689,-1.30157981727,1.03995155124,0.766516185188,-0.893149045464,0.0752333762139,0.328463881567,-1.02138026097,-0.13480573653
183,0.0432731453683,0.0905688119889,0.111435530837,0.183561452656,-0.152098055335,0.244343501643,0.0202994544805,-0.0573296328372,0.200247048501,-0.0280907696349,-0.307210303358,0.143908610962,0.274671382192,0.34035577113,-0.0277130298735,-0.159630767869,-0.157661527508,0.00758666739578,-0.449936499214,0.328228187839,0.182701820384,-0.121135488978,0.130837447403,-0.090962376733,0.287308300184,0.183993491565,0.0835112055316,0.291326781731,0.21453098681,-0.0509538909348,0.214261273124,0.254178107207,0.0481636183092,-0.69948155683,-0.150893912081,-0.242020534624,0.00188242485827,-0.545380349503,0.108153074329,-0.169267658781,0.0661517528129,-0.102944378166,0.324809001071,0.165672544616,0.65119368533,0.636836179675,0.324380494074,0.535007313192,-0.649127541441,0.00629393434697,-0.856901555309,-0.444597060662,-0.0946693575179,1.35622412523,0.978608570353,-0.53728857228,-0.513959034848,-0.0250154319336,1.794412467,-1.01055134381,1.04504690842,4.76938350673,-6.07869618109,3.04538053398,0.6666222107,1.61264069661,3.57720085887,-2.35301122485,0.0974835124763,-1.07850028611,-0.905869199116,-3.86939140934,1.45588913368,-0.835741094442,2.95436766675,-0.581770557115,-1.65891738562,0.48343589002,0.844725130274,-1.53984146682,-2.17939395103,2.2224763031,1.36066637451,-2.04198136207,0.21681158519,-1.56210571878,1.76432054924,2.29245263478,1.85884231844,0.82429073604,-1.74756404177,0.659188374933,0.748118858078,1.41303681188,-2.51897500122,-0.406236119557,-5.44202418211,2.40090745708,0.06378189674,-1.34904007137,0.194074806987,-0.20285921777,-0.623984811344,1.03472494312,0.699486187711,-1.32225383371,0.353621335769,0.325269536279,-0.0477704754847,1.11896308656,-2.46107764144,2.53607233469,-1.15264599233,0.691223726588,0.634955196822,-0.699747235164,0.117773874793,0.453804672551,-1.12425754313,-0.150300644562
184,-0.153603785341,-0.0765273468869,0.0241462479192,0.00552116413977,0.367052079178,0.113662994542,0.294951839427,0.00695042919521,-0.0561713497567,-0.127973674133,-0.1542470625,-0.24933819283,0.288186200042,0.145636715685,0.0814334450648,-0.159099020591,-0.257546875084,-0.0973540796833,-0.120178900995,-0.0466253218488,-0.135440783351,0.104428281393,0.186909857059,-0.168918593538,0.176045297569,-0.0328492678895,0.189997371417,0.441998447787,0.381569768789,-0.0120311631357,0.0374988963606,0.274334706288,0.13948530426,-0.436023693116,-0.333004669955,-0.249510259199,-0.529799285985,-0.265787987139,0.140994265314,-0.284128403445,0.0726447971481,-0.103923352779,0.240703406298,0.242396191581,0.687707753002,0.480644682795,0.338650447629,0.564411752813,-0.637729124347,0.119862088487,-1.07890471944,-0.196680593115,-0.196922967927,1.40619027817,1.03481102437,-0.596468695357,-0.500574158839,0.0261765008692,1.67724493912,-1.02624265567,-1.31469850482,-3.6849467852,2.86427059841,-3.37198782894,4.95508920877,-0.945882474087,0.257606093493,3.47920522162,-4.26139983189,-0.777173254436,2.65666658717,-2.53331988907,-2.0642135012,-2.67176704092,-0.784561942041,0.608836971019,-0.244395847692,-2.18351365433,4.77047277521,-4.82887851756,-3.25023281291,1.70431695166,-0.514189432013,0.547247960455,-2.2443412059,-2.43276945043,0.0800554666865,0.606735311206,1.39139619055,-0.0772805782992,-1.66587372838,-0.362852228153,0.933154435844,3.72496757626,-1.10117796588,0.34185706487,-4.8795718541,2.94489343507,0.543874952021,-0.911671731202,-0.0862289045872,0.170279773753,-1.02485675941,0.464998597007,-0.00348821108566,-1.76715320996,-0.0532074438205,0.258406578744,0.279460195098,1.151898991,-1.9491906818,2.38392967685,-0.872213462849,0.302906913666,0.486310752273,-0.480014099076,0.14791491145,0.56800501615,-1.21736429549,-0.163047604929
185,0.152484134547,0.150428798563,0.00935221724322,0.196653317627,0.198320402541,0.341093080213,0.142588208097,0.265923480815,-0.286555327322,-0.186663485586,-0.0148452936626,-0.219375310841,-0.15497922643,-0.108579238844,-0.0848080061093,-0.0796743840657,-0.221809955684,-0.287131142841,0.251067007002,-0.382931545712,-0.291330143057,0.141597583151,0.0262623415781,-0.0235627327033,-0.0843168250133,-0.231656141227,0.0700943091675,0.413282013305,0.475830921784,-0.0640086808726,-0.0973404788447,0.169567281914,0.204029500063,0.00374102466838,-0.377771828386,-0.15999360579,-0.918669658617,-0.00436608505451,0.20445104807,-0.347354888836,0.0458557693487,-0.0725251662733,0.127101831983,0.253747642979,0.645691249837,0.290613310273,0.317728014452,0.585353727565,-0.592886929103,0.236429150979,-1.24151810897,0.0251424696849,-0.265547650159,1.41608765759,1.07533032509,-0.632643065807,-0.484760093328,0.0881485739977,1.55130381268,-1.04306163521,1.97320631714,0.825647632154,0.026148133964,4.67851067811,-5.62073817535,3.11840473028,-1.20904644642,-0.371333447414,1.04505214095,-0.399776119602,-0.368138545484,2.62214162281,-5.87537452283,-2.15531286029,-1.75317644899,0.654164119103,0.784815389497,-0.886956147571,1.55841047681,-0.922875861069,0.655991385306,-1.01851110404,-2.42440074279,1.93075545861,-2.47656261119,-1.2536911586,-2.44903172607,-1.0572504677,0.422624418023,-0.908686245565,-0.949413288996,-1.73069454361,0.216696406132,4.80497988879,0.12866691655,1.48650770623,-2.67984565334,2.07102827346,0.657990523728,-0.346701517138,-0.456654562238,0.435886647947,-1.2096876522,-0.250825295189,-0.849152646118,-1.99721758692,-0.34127468419,0.151811730441,0.617170388865,1.17734697326,-1.28118153696,2.02101075331,-0.485198294916,-0.106853948169,0.321465859745,-0.240855873235,0.166550008292,0.669103610924,-1.29954838793,-0.172818391535
186,-0.0485521787222,-0.139041221843,0.239131624263,0.210301339229,0.106293252288,0.219792637738,0.23278196248,-0.0424248772409,0.059344863107,-0.161252328534,-0.15755659151,-0.00736468940486,-0.594493272585,-0.281416534796,-0.135805420846,-0.0715624404218,-0.132060802484,-0.20761851456,0.115539651777,-0.190430060021,-0.0225207645234,-0.035456993835,-0.206181909932,0.120312205916,-0.234165398993,-0.257289570602,-0.256851735553,0.273991418856,0.457786207762,-0.176290129848,-0.144110700527,-0.0565229020126,0.163073729031,0.46832666287,-0.327085192844,0.0461513684593,-1.03950521662,0.11680421783,0.260593339279,-0.354935126938,-0.0182316002134,-0.0213593702494,0.00595267228615,0.19235582145,0.518050566903,0.0880994539267,0.27568386231,0.59278508627,-0.514709651996,0.354701691822,-1.33174365945,0.202129633995,-0.291588177935,1.38480039141,1.09860612893,-0.644248482753,-0.467601962186,0.159504287295,1.41773331794,-1.06070050439,-0.881582344117,2.50642084646,-0.397810469387,-3.56554619701,4.00944944852,-4.85330632867,1.43392074073,-3.40731176946,3.84327237223,1.24829564347,-1.62857751421,0.104740829103,-1.61584999003,-1.39376245925,1.06737786195,-0.476284161872,0.918057742751,2.29274956531,-3.80058446289,4.13907108778,4.03838621958,-1.92300008447,-1.71184323744,0.53861354037,-0.253865377686,0.683620342652,-3.71836087355,-1.45540387485,-0.784168910668,-1.22372322475,0.0109189796319,-2.64064034473,-1.07759290861,4.21221171027,0.7797642114,2.57555233721,0.296572995403,0.261753566573,0.418990238539,0.175996394181,-0.813247700751,0.564497673329,-1.18047287395,-0.96237232626,-1.68920435861,-2.02144907361,-0.471753877096,-0.0139751001623,0.94254220034,1.18381143501,-0.511600941178,1.49677849943,-0.0271904064428,-0.517145387656,0.141697733108,0.0100256479374,0.175063350907,0.755422606473,-1.36979465814,-0.179415072418
187,-0.0929539905481,0.27148992519,-0.0227888831399,0.0266763078006,0.268142908905,-0.0271179727004,0.0447900463019,-0.0175256281551,0.164336687187,0.0507848870859,-0.211010516306,-0.282087522664,-0.432570463493,-0.382872009261,0.106243897994,-0.117790949595,-0.0421053130406,0.0520875159124,-0.294607356305,0.213904762508,0.325724213874,-0.122099399489,-0.246697637089,0.0501893449172,-0.130617249345,-0.140601196977,-0.585783910876,0.173507047495,0.329500809782,-0.284050200621,-0.104228186204,-0.316837668101,-0.00633845339299,0.800178717252,-0.239969731906,0.332281929421,-0.872981275835,0.0453246709206,0.283327306005,-0.317706727212,-0.112638700691,0.0361671547581,-0.103426270655,0.0669629366448,0.3133994239,-0.1082043308,0.228904758006,0.580390628045,-0.405458200159,0.47209055428,-1.34262132253,0.321217442679,-0.270046936206,1.31338005483,1.10323439162,-0.630522900915,-0.450025632018,0.238694149003,1.27777173383,-1.07883331785,-3.74778577704,-3.44316561325,0.374838243332,0.625998054725,-3.36219244058,1.39635677798,-4.88587009956,3.56633820801,-1.68744525451,2.33491036785,0.662969861925,-4.62033156375,3.87130104196,-0.453791155757,3.28022524952,0.0183681139154,0.905874086584,2.13275864367,-3.11871008091,2.68065314369,2.02565430519,0.592464950221,0.969721123741,-1.82136479468,2.10302416299,1.30390530966,-2.4323992461,-0.363698944462,-1.67371788154,-0.809650047682,0.706227598102,-2.31860367384,-2.21909182687,2.25739009031,0.896364577494,2.98547472191,2.87089483902,-1.62786008631,0.0344390821716,0.534337359539,-1.0461791822,0.567731720894,-0.985084585122,-1.50402131778,-2.36357514328,-1.88212888761,-0.437422206543,-0.244266436069,1.23566669834,1.15724281819,0.29435373869,0.874356482677,0.458872384285,-0.905805700365,-0.05110875006,0.264347096531,0.175239474303,0.825581785794,-1.42723953709,-0.182672637931
188,-0.133746562325,0.00112263770858,0.148143341098,0.114614144445,-0.179605637227,0.0752680024041,-0.210724045065,0.208875227148,0.000598236936702,0.136537395219,-0.112482555268,-0.587032103229,-0.122784495995,-0.339005146407,0.393171797143,0.0116013100812,0.0534295813863,0.115141791146,-0.338313103325,0.194288026921,0.298740479259,0.0819336094514,-0.0635103462413,-0.169952202161,0.110307782041,-0.0656460691891,-0.683243198119,0.215029296686,0.153571094944,-0.318037493889,-0.0225162435323,-0.471076021972,-0.252333791015,0.902003407604,-0.154678260715,0.605105039477,-0.512351269527,-0.182941520984,0.271695315098,-0.255580476308,-0.220585078704,0.0892262727048,-0.187942453207,-0.097995374276,0.0554643600919,-0.284902741822,0.192950341734,0.542119215691,-0.269177124337,0.584575947445,-1.27397368081,0.376071439168,-0.200421340596,1.20508591287,1.08803871876,-0.591551788162,-0.432762833844,0.324045854191,1.13273559677,-1.09711936992,6.10345103333,4.73553740735,-0.522620791245,-0.425260492706,-1.80873433961,-2.18018590922,1.98971640374,-1.06928638796,-0.247810591787,-1.08160304558,0.640653333541,0.0538421983757,1.07987714296,1.28926311368,1.88252308756,2.71663119423,1.00784314534,-0.93644215234,2.35956987047,-3.05644315011,-2.3611697611,3.06041114076,2.17985342414,-2.05874123258,2.27404688082,-0.0648021195539,0.597067890973,1.12510021323,-1.66396752034,0.197548987937,0.826295554336,-0.551026609228,-2.52527781684,-0.229303170772,0.806231714366,2.26823277485,4.05635201295,-2.75602802559,-0.226999279406,0.669138146791,-1.07448658616,0.482289939867,-0.695982037478,-1.73409409168,-2.73595178347,-1.6401310182,-0.261358474854,-0.528447076315,1.48091871806,1.08353233392,1.0673803669,0.224049941188,0.926739423425,-1.25113606743,-0.254252907914,0.513483568921,0.169157968877,0.878505745474,-1.47118327465,-0.182461228495
189,0.0987358212682,0.0127832516722,0.0692929603806,-0.0922840145905,-0.0244591540537,-0.282871447022,0.165464081523,-0.104561637709,0.0708536011302,-0.0931092577465,-0.145056928628,-0.232897471712,-0.238971320578,-0.198285264079,0.431016340997,0.374404597668,0.158578212266,-0.049840137127,0.0453275656935,-0.242144677469,-0.00157671491121,0.356014022435,0.0775047572074,-0.266940798002,0.255402268515,-0.169232601303,-0.48800270788,0.360220910966,0.0312328826045,-0.24072972285,0.044335804587,-0.39851679397,-0.475826195908,0.767138564762,-0.0748271481959,0.748950945429,-0.120991587616,-0.464411958752,0.248140731036,-0.191506955112,-0.31974618438,0.131077862236,-0.241907612122,-0.266647817326,-0.220948285119,-0.434901536839,0.179807835628,0.473729308059,-0.111242493071,0.68684099542,-1.13246629187,0.367452491583,-0.086818151944,1.06525083797,1.05216092279,-0.528289338063,-0.416327389551,0.413794855964,0.984002812083,-1.1152068032,-4.09104515456,-7.52173475045,-0.98030603338,-1.70276224155,1.80800675898,-1.2418844355,1.79325599122,-2.65630900445,0.210254399217,-2.58724466164,-1.02114558146,5.73824308223,-2.37128480339,0.961824268604,-0.978227041175,3.91077669952,1.10153855534,-1.60747816052,4.13266556869,-4.41297451959,-2.65458085936,1.72444961819,0.209970473531,0.410322327295,0.464521486556,-1.87834141032,2.9960095027,1.50029449816,-0.646608580408,1.31268608278,0.457879603969,2.05037776937,-1.78564574128,-2.3429565041,0.823788810959,0.461847680482,3.49056319025,-2.65980772049,-0.18866236014,0.576386932097,-0.871269576973,0.350027284083,-0.384635962725,-1.57072996023,-2.72561141911,-1.35777773817,0.00948455952365,-0.841440175381,1.66725821369,0.951318572291,1.74109179345,-0.383732755246,1.33120627245,-1.53364930409,-0.464047689343,0.748730738585,0.159077424416,0.913424688183,-1.50109964732,-0.178687930635
190,0.0643558346324,-0.107347499657,-0.349258939337,-0.0816621740024,-0.119263132332,0.0568745196212,-0.120279977926,-0.0764311047332,-0.127245191752,-0.246463737651,-0.18887324814,0.185646209612,-0.330273948236,-0.218042524473,0.295063255105,0.644019486772,0.278697243728,-0.0691623732145,0.270607347186,-0.463202850859,-0.0778915781089,0.347000395698,-0.0420304519634,-0.0898159918975,0.216202230494,-0.381180751393,-0.169993645462,0.457743506259,0.0365962325561,-0.0738724421162,0.0670153152951,-0.0738385736082,-0.586846154849,0.466036216995,0.016209143433,0.680982791892,0.140458812133,-0.676785331305,0.24384829263,-0.146720570621,-0.388282886019,0.158729647473,-0.265805137185,-0.39896442336,-0.476651414318,-0.556759438649,0.195976278157,0.374041926388,0.0620719713013,0.772683515765,-0.930973680609,0.302874672127,0.0623670051368,0.900977178168,0.995165434513,-0.442552575152,-0.401003388814,0.506114728331,0.832994923623,-1.13273637398,4.60254319586,4.39860045388,-3.46346708028,-0.691425428783,-1.76992192169,4.90111995251,-4.98958489058,1.93294132283,-3.58932957362,-0.399097626769,0.701021525268,1.16643202637,1.38473075478,-1.26590219156,-1.09318627655,0.86867250324,1.32463282016,1.5765827481,-0.220509587599,0.595172916586,1.4089177709,-1.86737636942,-2.32880514208,2.81979717429,-0.983883841799,-1.95491153271,2.89987696047,0.213144230076,0.724494193538,1.88266391444,0.0304711957673,4.26694929752,-0.379387646323,-3.49435258164,1.01518270187,-1.82687411161,1.58562271708,-1.43697983576,0.139967234423,0.292045113149,-0.473271975605,0.202087078218,-0.100206672922,-1.01499989193,-2.3277627357,-1.08365060953,0.314106776827,-1.14797213098,1.78760726951,0.754669046819,2.25875643193,-0.885451873923,1.63238178607,-1.73769548189,-0.675718128719,0.961583926823,0.147313286568,0.929869604422,-1.51664307652,-0.171298116386
191,0.231426275907,-0.317815074361,-0.0676147013868,-0.35104992603,-0.0791268101701,0.0256609002993,-0.215569749904,-0.123989940913,-0.376618155888,-0.230011810084,-0.0286877475845,-0.0106086091504,-0.0260429259752,-0.342830072515,0.299203192147,0.519467036744,0.417449855575,0.232306161193,0.0417279734047,-0.161984528837,0.209994991091,0.0760106285751,-0.278231280019,0.19746641122,0.128059360881,-0.485231193805,0.0184330316939,0.379740058534,0.151415397079,0.101349306882,0.0651860358329,0.401240027866,-0.553356665275,0.104947570851,0.127174371211,0.399343251616,0.184049924231,-0.733414734272,0.279686058808,-0.13732737462,-0.410953833654,0.171458303437,-0.263425200545,-0.459420355306,-0.676001347307,-0.652776868076,0.241615119744,0.245664429268,0.243934100066,0.835670658267,-0.687316044426,0.195600300561,0.235175151952,0.720682664871,0.917149265312,-0.336986970092,-0.3868456777,0.599146803715,0.681158802451,-1.1493453281,-0.77455277862,-4.02761946677,2.94545668302,-0.717265081537,1.06435111211,-5.43633786993,3.37599651665,-3.44831573766,-0.45862941798,0.470041849939,1.68601900997,-3.79156331081,3.39726283938,-0.505807649938,1.18214406275,-2.94390480949,1.33683446781,3.81947617798,-3.43600692538,4.52548072363,3.48497746272,-2.80470618733,-1.72430742839,2.37788879522,-0.453614977654,0.127401553126,0.668798606961,-1.74078469334,1.36878903162,1.43771811693,0.0358598920825,4.89954814839,0.981728873519,-3.55761282606,1.17213710599,-3.6456858351,-0.678311022546,0.330933447729,0.572539975251,-0.118319663326,0.0270171926397,0.0525882426325,0.140978478321,-0.15481840711,-1.61712741023,-0.843008598297,0.588559550571,-1.40870682466,1.83765015187,0.495182509715,2.5790280928,-1.23061141116,1.79945676243,-1.85281146698,-0.883395822401,1.14402762261,0.136114617617,0.927662740744,-1.51765312856,-0.160276307741
192,0.234610010719,-0.0731395080116,-0.365705648989,-0.0147482002514,-0.232682182035,-0.412887275692,-0.0213376556326,-0.437562198954,-0.27466754327,-0.159151608476,-0.0237295354385,-0.258140962079,0.0900743885577,-0.248409030616,0.43539115085,0.216373705723,0.508904171023,0.536101001548,-0.183513186182,0.213502999454,0.426733414166,-0.0780169537852,-0.285441227671,0.308519637609,0.158676757022,-0.347581461974,-0.0321641165969,0.144787222067,0.262883201537,0.181067499168,0.0962724655485,0.83570690627,-0.412335561992,-0.216759414715,0.239277949856,-0.00328394454268,0.029345414138,-0.61847916732,0.353065702697,-0.17155440669,-0.383632522408,0.169249863939,-0.238612989942,-0.425000478353,-0.794267843682,-0.72649869245,0.310779593617,0.0950569064658,0.427162510746,0.86995776924,-0.422500126276,0.0630829945328,0.417146208662,0.533530732898,0.818846879774,-0.215002909474,-0.373692511598,0.691028661907,0.529948016121,-1.16467133887,-1.85729773147,1.87749012448,-1.81223959872,2.39886910682,-3.12879034565,-0.727143482117,-2.49389706603,-0.668137582996,1.52384597157,0.9179640053,-1.88263952438,-0.23556257432,-1.63075889774,2.14222389067,0.760764892944,-2.21133133276,0.286108201059,1.57726348422,-0.0896887585057,2.02055985313,0.120228929333,0.102852808903,1.76415967326,-0.277570393012,1.02138787259,2.43881954473,-1.44993079431,-2.67107935447,0.629763653023,0.0363628034075,0.686809421558,3.45846953174,1.70450554359,-2.76314349649,0.9941552734,-4.13705781977,-2.22006661396,1.8683584503,0.848731769709,-0.56301026409,0.504739649523,-0.096849569156,0.352609158147,0.851972479716,-0.733416809527,-0.635815017268,0.776271074278,-1.58704897078,1.81451350644,0.18311302556,2.68004201062,-1.3865338132,1.81361653505,-1.87466400766,-1.08022864619,1.28882739484,0.127544911339,0.906904326029,-1.50415640733,-0.145646554503
193,-0.040359406919,-0.180905887593,0.0272463540916,-0.341956416516,-0.350205505222,-0.269234166832,-0.579500360684,-0.248647733442,-0.172752885609,-0.109059360743,-0.282638924491,-0.128003685483,-0.236634235271,-0.0582983095529,0.335781024902,0.180610175545,0.451756783093,0.498204471209,0.0811382149145,0.180762609954,0.203771457684,0.0735491922194,0.0280773397756,0.178717937169,0.284073370047,-0.0688735588444,-0.198763951817,-0.0908848992414,0.245224709074,0.0983055306561,0.215781201874,1.04143445408,-0.23877310944,-0.431278147521,0.309832489283,-0.37216777789,-0.212505873292,-0.388261648137,0.437535627915,-0.247301491351,-0.314924668442,0.152118528154,-0.192895592072,-0.290604895534,-0.822754111399,-0.780405280653,0.392581751477,-0.0680633856686,0.604317270785,0.871158617942,-0.158651537002,-0.0749769523423,0.592617847891,0.348790987786,0.701717921183,-0.080683249303,-0.361189709663,0.779921146136,0.380804137313,-1.17835645827,0.581328002009,3.85582625967,2.45718817615,-4.57455693044,0.735619039847,0.819672475944,-4.92389924488,2.41909521142,0.653182043794,-0.370952117437,-2.13389228554,1.54326508373,-3.54686852011,0.856444272047,-2.79996358689,1.40303916232,-1.39021362526,-2.08059947446,4.86307348158,-2.2257613863,-4.10791024091,2.34379486875,3.91500593718,-1.8899548816,1.11603586341,2.68943840501,-1.46604059069,-1.75647789923,-1.03842177464,-1.66486726803,1.72052475937,0.501074931875,1.65469635535,-1.47476057205,0.342158507977,-2.97743419436,-2.36302920461,2.56525441712,0.774007480813,-0.928588303014,0.836132271229,-0.244920206416,0.564349869282,1.81163027802,0.148303709416,-0.44228510114,0.836026941192,-1.65538396768,1.71578567635,-0.162759211751,2.56143408329,-1.34127743966,1.66982312713,-1.80549137292,-1.25861445314,1.38981457849,0.123372091263,0.867956553456,-1.47636588499,-0.12747232062
194,-0.0285920887547,0.150137565213,-0.198504518913,-0.248339134416,-0.32629302051,-0.484452012999,-0.51164940554,-0.269195282622,-0.134979116038,-0.243899292042,-0.307646945647,-0.164131957648,-0.397287927496,-0.134600433333,0.00123820335753,0.363496678166,0.271177990342,0.24223124669,0.572812620281,-0.0399730932379,-0.224217418433,0.231159472028,0.355039604318,0.0284383244673,0.312343209103,0.113027612686,-0.257787128004,-0.172100758246,0.070602268162,-0.131101061545,0.43133881804,0.930591760512,-0.0962147679649,-0.506320924251,0.29726902218,-0.556904826923,-0.396885543514,-0.140145775369,0.495106841324,-0.350630554144,-0.224265814653,0.120768204983,-0.124840445157,-0.0705219664505,-0.770463707483,-0.814455093026,0.472992942527,-0.231868528321,0.767724956781,0.837135142851,0.0831411419295,-0.198764153301,0.746138662583,0.175182874561,0.568005460311,0.0613367848764,-0.348825144068,0.864033680974,0.235138244416,-1.19005103228,-3.90855811086,-5.29399936786,-1.3047102265,4.480656287,-0.713439732616,-3.59530004014,5.26889710162,-2.46512695232,-0.364010038117,-1.80087455943,1.4221540788,-2.42708640474,0.618089424976,-1.9872779526,-2.80365169842,1.28841079649,-1.91636499074,-2.29467301195,3.70372017042,-1.08563705388,-3.52171100177,0.0564099095903,1.99802948431,-0.711118494579,-0.770946455203,0.711995300084,0.473739345609,0.15701522406,-2.24827774519,-2.75332422209,2.48116832462,-2.61307817179,1.1659387363,-0.0220741352195,-0.614064155293,-0.582625069574,-1.13817917323,2.23718653766,0.322969662797,-1.09571277089,0.933913617104,-0.377183332519,0.802445493881,2.53750638187,0.855696138541,-0.233885055687,0.746736604509,-1.59970742028,1.53923131115,-0.516607798953,2.24407181373,-1.10443179933,1.37730199051,-1.65399342089,-1.4105552581,1.4421527186,0.124972607156,0.811425793488,-1.43467774703,-0.105855880669
195,0.0129884036169,-0.166329061133,-0.0843812644506,-0.0809752683532,-0.363623283251,-0.503963104409,-0.15073650327,-0.413858227515,-0.338488893403,-0.342087142366,-0.185799677243,-0.444173218708,-0.238647835308,-0.300924381947,-0.0467159685447,0.301518705013,0.121436954731,0.142042387223,0.654734482558,0.0974777323871,-0.39039164958,0.014043495489,0.371771660938,0.0668435651442,0.131704904675,0.071769781801,-0.107067300017,-0.0846382153743,-0.145611365341,-0.411300020233,0.679155015825,0.562587834608,-0.00352476328643,-0.4390327355,0.190778049984,-0.480839479132,-0.417420856829,0.0342258221476,0.494744265762,-0.456627738226,-0.13678928883,0.0783564379283,-0.0313071131479,0.204413257412,-0.661898573214,-0.825860002029,0.536953769276,-0.383917975646,0.909518039339,0.768575311713,0.284841720312,-0.290450192194,0.863863022744,0.0202581300501,0.420753428804,0.206014930862,-0.335971925057,0.941647761255,0.0943128577818,-1.19941753161,7.44471211582,5.24557780855,0.694159658939,-1.99103587314,0.762806848287,4.20660231666,-0.302885510018,0.680686314384,-3.41425460699,0.0276461212614,-0.0108352853945,-1.89152656103,1.47653122464,-0.638245321488,2.09666220245,-2.607378471,-0.941115889278,0.404887094964,-2.18171539581,3.81191067024,0.182280500671,-4.22788853992,-1.51450766437,1.33663646452,-2.59348168259,-1.3185323345,2.33025105962,1.34548971586,-1.73946032504,-2.63595875002,2.27016659938,-4.43909794917,0.730269126973,1.33056735884,-1.45695265192,2.04274830557,0.757585276787,1.17088822483,-0.345945334683,-0.970509742991,0.774828535196,-0.458590508124,1.07250434796,2.89154745347,1.25691959569,0.0136512847866,0.508849555851,-1.4219440164,1.28337384514,-0.848282331517,1.76754166058,-0.705742472152,0.958693088877,-1.43467015607,-1.52811558616,1.44257371663,0.133254125924,0.738143944005,-1.3796658527,-0.0809372346297
196,0.224476957344,-0.127710597144,-0.0674352696452,-0.306197533602,-0.158300102273,0.0128455776498,-0.374918928765,-0.286776606316,-0.576400772652,-0.340900300326,-0.359645552878,-0.412818033384,-0.231535658992,-0.24473678347,0.296312895852,-0.0346039864088,0.0769890071063,0.259875340412,0.266459009415,0.577936738811,-0.298902284991,-0.486898338667,0.154417684569,0.222032433465,-0.125023534821,-0.0773465287036,0.141767588192,0.0395058731351,-0.218032023606,-0.621373766029,0.842458462149,0.111828421627,0.0607261107,-0.252002438183,0.024322835147,-0.179305582361,-0.256646843083,0.0888020287074,0.427450196259,-0.53390367462,-0.0762240176097,0.0324727221603,0.0899723205429,0.493308208007,-0.531465650064,-0.810101831967,0.570475270838,-0.51275979421,1.02177467476,0.669248848586,0.433129662219,-0.336055917597,0.934797389257,-0.110124957723,0.263774149922,0.348068800066,-0.321938222783,1.01113856651,-0.0403754558579,-1.20613425048,-5.8181252581,-7.02959864672,-1.28333920306,0.21294202698,2.74526614949,3.14101055421,-1.26063636534,0.172206022443,-0.0781220297435,-0.789926604319,-2.82837794543,2.15306202126,-1.22240122606,1.19883393828,3.50707415531,-3.04281357441,-0.0984792431302,1.33820310036,-4.40277895092,4.62539866536,0.769387067233,-4.87837519032,-2.1142025388,1.2905097194,-2.07891827009,-1.24040960955,2.26821645799,0.874093344482,0.493533546179,-1.43288676153,0.796516086343,-4.23239186077,0.605767130068,2.32835709436,-1.75529048934,3.7533296249,2.32187552517,-0.0526760808715,-0.969827827172,-0.523651359715,0.410181747332,-0.437244944928,1.35102408504,2.81424955814,1.28934988281,0.309134427344,0.142876626627,-1.13968453101,0.948893099742,-1.12696139274,1.18568852006,-0.191736853266,0.447953895785,-1.16665957482,-1.60395649685,1.38957113592,0.148600687524,0.649149711417,-1.31207393308,-0.052892555289
197,0.0315524114087,-0.128754720924,-0.448581290728,-0.0464096427661,0.0475539838277,-0.0763935636225,-0.174181771091,-0.429531577457,-0.373539794394,-0.528945667847,-0.565222744689,-0.222538808951,-0.354813209811,-0.207992806788,0.429557841249,-0.125825431728,0.0733982901731,0.294591470397,0.000235668977685,0.814127230429,-0.382426213992,-0.802813032944,0.0729075427757,0.251047593922,-0.214949803801,-0.110177054868,0.285757647323,0.0595725488286,-0.0368484853186,-0.685601753046,0.809183994453,-0.226679827683,0.123009217938,0.00580388047461,-0.135547522655,0.213330955135,0.00825146814116,0.0379197707877,0.31033750585,-0.552669655568,-0.0578435039957,-0.00388287258182,0.237559116682,0.753807882947,-0.415753306569,-0.762836847284,0.562480007419,-0.609381490827,1.09682843571,0.545870539556,0.520540475918,-0.326891033718,0.951782658895,-0.212189918655,0.101560261894,0.482159460204,-0.306021319486,1.0709947276,-0.167712591363,-1.20989882747,3.69205084036,5.82891093047,-0.818624712626,1.66022071784,0.739312126193,-3.17916672134,3.60919025917,-1.42335195654,2.62630386956,-2.2482585266,-0.632397664668,0.569881885236,-0.565764926291,-0.893293172297,-1.3063185317,1.56437192844,-0.0275992596305,-0.953402961545,-0.232979078846,-0.440915930589,-2.73060646962,-1.00500132059,0.820887115115,-0.850508616607,0.417046855133,0.740511517097,0.445005577645,-0.479497770048,3.01222796684,0.136919959746,-1.53342252776,-2.33961106073,0.633258551481,2.70317776438,-1.32492225903,3.79531461542,2.74578748278,-0.85931737271,-1.31191094665,0.180595134869,-0.0461691861724,-0.260361885894,1.58899427279,2.33600544651,0.972633166674,0.639784186876,-0.314186931956,-0.783500394624,0.540564416738,-1.32525713724,0.560719299721,0.379279267049,-0.112779715532,-0.872172086171,-1.63190653739,1.28353835466,0.170843370935,0.545670466906,-1.23280566498,-0.021932188548
198,0.135017768014,-0.162439379895,0.219001441409,-0.123191987766,-0.124931238499,-0.185801612947,-0.0883498521441,-0.278806422029,-0.323438364073,-0.59962917832,-0.494556840722,-0.360580308407,-0.323901731783,-0.370446694573,0.137023384677,0.193242798435,0.0835672533432,0.097507009236,0.206622026843,0.536797957825,-0.777440792384,-0.707145024486,0.302229145986,0.0849258691695,-0.0667697427609,0.0563903854173,0.233313558446,-0.0273992164662,0.330726815321,-0.607959785436,0.540851031862,-0.339562396544,0.178573380208,0.261157626045,-0.222301700398,0.523047960676,0.246276843919,-0.058863958326,0.177895219426,-0.494407409287,-0.0837331145153,-0.0133701168603,0.404412470165,0.95077594078,-0.345425217584,-0.682080255401,0.506216895434,-0.668291730263,1.1277809885,0.407554568237,0.545972041276,-0.260433380576,0.912122806978,-0.284459241931,-0.0608604045661,0.603085600599,-0.287563230064,1.11983632791,-0.286582320573,-1.21043154524,-1.90147509542,-1.64101661559,5.94552205544,0.21365141483,-3.80344940103,1.31676653908,-2.25765685851,4.08566407997,-1.64353771689,1.31421000257,1.46155221307,-2.74858716241,0.670430414279,-1.53151991706,-3.29295382307,3.80242934282,0.356197818694,-2.42648192612,3.5908815719,-4.17740775124,-4.29190086302,2.34187650489,3.29727312278,-2.03978971422,2.19096658134,2.30818989769,-1.31574270986,-0.993506221933,3.95809283083,1.30601798407,-3.70660547709,0.0452460772563,0.401668181734,2.26176903308,-0.353889972421,2.16244325621,1.80682174187,-0.953919499646,-1.27553014351,0.984162558816,-0.451356807654,0.101838992671,1.72652178567,1.56753449822,0.40315614623,0.97190393744,-0.813672915038,-0.392358934273,0.0692939094787,-1.42318849511,-0.0434615175786,0.943326037869,-0.67707115068,-0.574656605304,-1.60752362772,1.12684032892,0.199258507403,0.429105142376,-1.14291277144,0.0117017675215
199,-0.109738280566,0.261634818429,-0.0701375896905,0.0907381445312,-0.262584389022,-0.149276306956,-0.280747630653,-0.0218785135374,-0.432513885654,-0.348473675526,-0.388184951546,-0.580011130714,-0.345906834819,-0.370415869431,0.00925005943648,0.432804641133,0.15891337969,-0.0471651018606,0.50853295234,0.210988338171,-1.037644143,-0.488232878501,0.603225600193,-0.0511283647219,0.133175163994,0.272261326599,0.0764122981559,-0.078373584573,0.672654441743,-0.447744959307,0.111148586071,-0.245565975464,0.18520786131,0.431981051314,-0.204012145975,0.614379934635,0.339069564561,-0.132011719027,0.0652288193505,-0.359684416846,-0.142153415191,0.0221796487428,0.577808822558,1.06307358467,-0.338554261669,-0.569981068034,0.400163879573,-0.6880801444,1.10920098266,0.264903384896,0.514517051159,-0.140568732929,0.817804102302,-0.327781333998,-0.218123628874,0.705981157887,-0.266005082251,1.15643125804,-0.39598042573,-1.20747836828,-4.79008197083,2.29993386653,-4.1405633041,0.0456201281409,3.06753463727,-1.85061264312,0.157505285253,-0.842423620809,0.967384217456,2.7594845789,0.409483420639,-0.844559942603,-1.37626814942,1.66825645052,1.3091138235,0.404824492304,1.10968133137,0.148455559037,1.51956442619,-1.357381014,-0.107468757719,1.33785769519,2.09780071049,-0.209391295512,1.38432954421,1.59383248246,-1.53408629046,0.246112547501,2.50302168209,1.79572996063,-4.60055492684,1.61594606901,-0.356962540348,1.04705199218,0.685300904185,-0.399487027584,-0.032806907354,-0.433543137885,-0.943691523041,1.67262193622,-0.679809325231,0.632858646012,1.71339072834,0.672298306932,-0.268626174602,1.25820981605,-1.30057332192,-0.00791279559209,-0.44628343838,-1.41141990769,-0.567939035889,1.43732471484,-1.19842836134,-0.296858944019,-1.52859848841,0.923809707291,0.232594317975,0.30100843055,-1.0435813091,0.0477382738199
200,-0.374971255133,0.0546236804981,0.127356319967,-0.169065994154,0.102128581025,-0.271701954234,-0.153420852835,-0.352035240645,-0.137528501146,-0.174714503312,-0.381776706067,-0.503365543814,-0.518108571018,-0.167900074163,0.320761614736,0.302529640133,0.277106984948,0.164361042675,0.446038400715,0.328454638794,-0.761029664836,-0.500221131771,0.65317886557,0.0858195285888,0.163464412288,0.315557839105,-0.0329703318848,0.0512282927422,0.779017356881,-0.262166396281,-0.316482653206,-0.0662315471186,0.0956618381786,0.457160206282,-0.100173047941,0.450631728033,0.24000429033,-0.138263465801,-0.00796997916256,-0.170615363314,-0.211567045723,0.116378214611,0.741310034427,1.0869661498,-0.396869391025,-0.433607954913,0.24839126466,-0.671386742396,1.03793897505,0.128832121156,0.436656514958,0.0228226805472,0.675288141623,-0.345165069403,-0.364772990089,0.786508490431,-0.240937422739,1.17971005874,-0.495027377908,-1.20081368149,4.46960977811,1.65157300896,2.59721176889,-0.449269268531,0.193215241531,1.75004290711,0.520504724248,-3.29777438852,3.34521569645,0.68268181923,0.122019382466,1.89417816884,-1.20049119447,1.2461577603,3.78696365782,-2.24763972539,1.08286288411,3.74788854554,-2.37104899061,3.24842456922,5.12636711948,-1.39282411929,-1.06797742367,2.83241157396,-0.756512773599,-0.844585342479,-0.585839616635,2.32714502457,-0.484420265685,1.88958320861,-3.64583886054,1.72643354643,-1.44465807909,-0.56063092945,1.28477813435,-2.74158322042,-1.86395632679,0.303940301215,-0.526013828149,2.04192633598,-0.667432586776,1.25733426284,1.52819381514,-0.171895073071,-0.872607192284,1.4498179441,-1.71894061581,0.331446587468,-0.979160504214,-1.2932336398,-0.964762387031,1.80547773175,-1.63451461526,-0.0589439247151,-1.39555120125,0.680660908662,0.269125581406,0.16307634349,-0.936116309599,0.0858805157315
