order,R0,R1,R2,R3,R4,R5,R6,R7,R8,R9,R10,R11,R12,R13,R14,R15,R16,R17,R18,R19,R20,R21,R22,R23,R24,R25,R26,R27,R28,R29,R30,R31,R32,R33,R34,R35,R36,R37,R38,R39,R40,R41,R42,R43,R44,R45,R46,R47,R48,R49,R50,R51,R52,R53,R54,R55,R56,R57,R58,R59,V0,V1,V2,V3,V4,V5,V6,V7,V8,V9,V10,V11,V12,V13,V14,V15,V16,V17,V18,V19,V20,V21,V22,V23,V24,V25,V26,V27,V28,V29,V30,V31,V32,V33,V34,V35,V36,V37,V38,V39,V40,V41,V42,V43,V44,V45,V46,V47,V48,V49,V50,V51,V52,V53,V54,V55,V56,V57,V58,V59
0,0.0197869729025,0.0476768304378,0.0157092895559,-0.178509461554,-0.455479703696,-0.0792363050356,-0.24972861361,-0.0774034884147,-0.399763581213,-0.475783639709,0.0249663621389,0.0313147139165,-0.342798999636,-0.474986781365,0.597388020987,0.610192075299,0.354083869922,0.214931608663,-0.0747559731252,-0.313798633833,0.284771935364,-0.214607535931,0.298148389739,0.149654067591,0.21490609418,0.12135582477,0.543223359257,0.129953118497,-0.0824619629269,0.206441979064,-0.230587105212,-0.530974604228,-0.0847216655974,0.419633396464,-0.549590477205,0.179710812297,-0.764259999297,-0.61733327549,0.734519266025,0.142886902664,-0.159072236606,-0.317568682922,0.165874237388,0.346339148417,-0.133222124809,0.863950366428,-0.377307106872,-0.29959965115,-0.447491850969,-0.587764428846,-0.457797482062,-0.105020015179,-0.587280636823,-0.426547093369,0.102243125094,-0.0126072842101,1.51156873655,-0.131005713218,-1.2929252279,0.49843105053,-1.09903797321,2.1088896241,-4.34225979146,-2.29933108379,4.38340616602,-4.21342325806,-2.13493488981,0.481147708362,0.491082275335,0.514181516371,-3.46807723727,2.14683651071,2.41663248532,1.24621931271,0.25272445159,-0.53852267685,1.95841950883,-1.66531925993,-1.0507740677,-1.6211685005,-5.10519629948,0.0477285182686,-1.59069810381,2.17976729695,-0.830843547188,0.84284167127,-1.35518787253,-2.27086078886,2.92763022217,-3.65616092874,-3.54896168268,-2.44811927415,-0.704450288462,-1.88947243543,-1.19767818751,-0.281375840155,2.28258380657,-2.37828661347,-0.944605058559,-0.590821152782,-0.52963103478,-2.10235807156,1.05313381554,0.208604102531,-0.496396476722,1.2254759115,0.711185734822,-0.386049127644,0.228960930339,-1.09971701448,-0.150068904131,-1.94067795912,-1.37727395666,0.391613367598,1.91190865148,-0.20893712508,0.726726007708,0.756216949283,-0.956345077706,-0.119460042073
1,-0.0854316580022,-0.118099603715,-0.282457058538,-0.283195204009,0.00974675418775,-0.537126851058,-0.321657270308,-0.297874530589,-0.234271533686,-0.241137074661,-0.390254504678,0.0306111685235,-0.0394719247142,-0.338629248764,0.560098287077,0.512043006178,0.525731709591,0.0528199731748,-0.169909272013,-0.361140556657,-0.235399867508,-0.152595956305,0.128179709834,0.362835328615,0.087251788677,0.2017749123,0.287573380283,-0.171740279017,0.201160137889,-0.141482009273,-0.581515332539,-0.681788784183,-0.109972614208,0.226434718487,-0.592649612531,0.130611239004,-0.500065672547,-0.853910349678,0.594637569939,0.0235057086507,-0.171280519878,-0.476700956411,0.252189646159,0.353860609812,-0.156672704106,0.937392242957,-0.320620074727,-0.322364567625,-0.41124125452,-0.675280003235,-0.449706739758,-0.309238920607,-0.716860510251,-0.384735124905,0.287227315592,-0.0243413468631,1.57121215668,-0.0632285850804,-1.3849502072,0.487306200052,1.50861090592,-3.60086696543,-0.202408838118,1.55703865511,-0.177492867953,-0.879903709232,-0.826932492569,-3.68119239649,2.1419319458,2.91944725636,-3.05730866886,-2.39072687733,3.00130801819,1.58632853351,-1.18857322966,-1.06994843837,0.870039501977,-1.19266510765,-0.879199796042,1.07764884148,-4.44132227751,0.844467181307,-1.49866279639,1.64579910103,-1.49794691687,0.621009792333,-3.32445143195,-3.24314319515,2.51439221517,-3.01115923833,-3.13338104105,-0.581801993765,0.323893471649,-1.84089307471,0.402053768197,-0.751614123437,2.83704586204,-2.16348342543,-1.72606513667,-1.72895965763,0.294059215422,-1.01747076489,0.627157230423,-0.0458270806995,0.039734242793,0.220382561666,0.403165156108,-0.0634413596373,0.486752682381,-0.637711071913,0.305889695555,-2.12993767524,-1.21145241199,0.442691741025,1.77923150749,-0.020082754011,0.463402317054,0.596608449228,-0.882595201304,-0.10266629649
2,0.406404285161,-0.215541940167,-0.145581781527,-0.0903115231967,-0.446727725101,-0.221629618193,-0.505168823102,-0.513534267755,-0.146709926813,-0.0950567219319,-0.393719175092,-0.326611625337,0.0922675508572,-0.139078312401,0.353599502127,0.428129632192,0.456844239784,0.0168087107529,-0.224123961403,-0.0821105297685,-0.485347008741,-0.107303980247,0.0436909989533,0.408532737954,-0.0416385820414,0.217301774707,-0.0262137243465,-0.412739173039,0.376530107975,-0.346942046359,-0.79534271813,-0.662635407664,-0.00929764661333,0.0682735122491,-0.467309996572,0.025655933414,-0.228361721074,-1.01276505539,0.41756689879,-0.183298022186,-0.104849607808,-0.514096717297,0.284882200103,0.338914891983,-0.124887446534,0.906457385048,-0.298657043318,-0.312131735834,-0.352271295292,-0.713429759641,-0.398657397829,-0.527812472407,-0.829181409358,-0.338408105487,0.456515246029,-0.0156493496926,1.60383233129,-0.0121576557754,-1.46915379706,0.477968498551,4.1773668505,-0.370471804231,2.05028757672,-0.486887970902,-3.98183055735,3.29137979054,-1.50161008942,0.0554660725194,-0.921353275114,-0.347034028252,2.677261722,-3.49308568751,-0.99081205188,2.33515111637,-2.79618705015,-0.731254262121,-2.23012643201,0.4219806556,0.0890413885483,4.20511323385,-0.370003550163,-0.12401834498,-0.0843509555227,-0.91524068465,-0.917303032638,-0.416292203416,-2.52310157259,-1.13225301094,0.82224045839,-0.926787908197,-0.901255183486,0.842613520583,1.66755756632,-1.29583771095,2.05385500174,-1.32785402475,2.46035768543,-0.847861897974,-1.67310107723,-2.28676029032,0.982347054429,0.275034780787,0.0102614810788,-0.248814179746,0.58722285116,-0.831469172817,0.0359648251716,0.263832349978,0.680889046373,-0.119547815939,0.700868896909,-2.22356346685,-1.03388380051,0.481784572123,1.59937894226,0.197960361929,0.1875919164,0.42279936985,-0.800134512305,-0.0837519059362
3,0.266008572074,-0.325410955353,-0.260599502284,-0.398371635414,-0.291474293203,-0.37698674211,-0.398496805706,-0.362775324928,-0.36672245291,-0.24902630587,-0.101092269265,-0.44480933254,-0.216448947867,0.0586378996147,0.0531250526485,0.299054379891,0.151582974587,0.0884594698077,-0.0872792907563,0.363732010561,-0.35891715776,-0.179039607945,0.104345462097,0.189689190961,-0.0821619603477,0.112542803726,-0.164497106137,-0.349629367648,0.350400845096,-0.312695284369,-0.736841925517,-0.540779580862,0.205643283708,-0.0387798918648,-0.203201231505,-0.123039600049,-0.0277727710285,-0.999067988533,0.284663359225,-0.408130694411,0.0102160509495,-0.426322244451,0.254304916351,0.30398759374,-0.0430323625752,0.775622974711,-0.311534538706,-0.271403948905,-0.277549712989,-0.698796785142,-0.313109416192,-0.750044108369,-0.923572799941,-0.288805459186,0.605833174068,0.0158784245988,1.60858867101,0.0210032245547,-1.54473202211,0.470619183193,-4.51516853495,0.811922919927,-5.60119796513,-2.94674507433,4.27992189632,-4.63763252108,3.01573863475,2.07516315758,-2.57433316147,-2.0857865767,1.75674887887,1.50467976127,-4.24776335549,1.07279245774,-2.9013892461,-2.23238225587,-3.32639996606,0.701735357545,2.85394619451,4.01155220844,2.3114114526,-1.15867090685,1.13061957012,-3.18398154237,0.0807932182212,-1.61787484495,-0.190849455378,2.39079417549,-1.30931127921,1.57339074448,2.05882349008,1.46145024812,2.48753239578,-0.923245472277,3.07571702416,-1.55051349018,1.49728305171,1.18834098494,-0.892419770861,-2.08293997696,1.22749417238,1.43094965429,-0.605165762787,-0.454813670525,1.02138879824,-1.74847700738,-0.275013753727,0.537311272339,0.800740895214,0.410395697583,0.988878816034,-2.200274172,-0.854293636587,0.508054548209,1.38146485547,0.43480276356,-0.0924637449413,0.239153315301,-0.710323686054,-0.0629370680615
4,0.0499653846611,-0.190580169935,-0.575955886621,-0.459033525879,-0.33825581232,-0.479347415266,-0.226734252458,-0.238240556873,-0.482265817628,-0.410228401144,-0.165709231024,-0.15913431735,-0.494007586163,-0.00214142302998,-0.171104306074,-0.0482976700406,-0.11841104197,0.123230998273,0.325367906256,0.613801216092,-0.157852028773,-0.293678734477,0.219958259656,-0.14250909866,-0.0447148469711,-0.0767944270846,-0.0968822840652,0.0152090906597,0.143510292909,-0.0610101260882,-0.414264200101,-0.391407359476,0.454124922701,-0.136924719116,0.112671486795,-0.260781783313,0.0698279597366,-0.775002861315,0.248834289743,-0.577636409628,0.121172223452,-0.241946477652,0.170002108171,0.246272425547,0.0721931556705,0.566490960289,-0.348441152009,-0.208058219631,-0.194658612662,-0.632446206392,-0.205664381756,-0.963566468895,-1.00021474888,-0.237256213608,0.731882557166,0.0715586855921,1.58548389183,0.0354964334647,-1.61102204898,0.465436434671,0.904991888213,-0.947355804371,3.51572712459,0.419452829215,-5.41751265827,3.5223123618,-0.434494432517,0.0353766410903,0.681803951903,-0.903387104273,-2.64992408879,2.83883852123,-0.198941714223,-2.24029136081,-1.37938582517,-4.50289406997,-1.86470638034,0.0404011532638,4.93144523404,0.777067900247,1.13491513778,-0.907051820732,0.901475885347,-2.9659268271,0.534631567754,-1.95683145359,1.20800257309,4.45104881826,-2.59610628698,3.22448714569,4.11366708413,1.45711853573,2.30559346212,-1.1478698429,3.06119365819,-1.07557674174,0.493139206,3.22597102978,0.175997534354,-1.21951966138,0.895792173086,2.17056873817,-1.03835184695,-0.709958258041,1.24134192694,-2.37553900384,-0.430723829582,0.709831253493,0.844848014926,0.907615482203,1.13386891111,-2.0483326421,-0.679834669519,0.520550584594,1.13580209995,0.679053434178,-0.368188399464,0.0502114171766,-0.61461991911,-0.040462122239
5,0.352434851545,-0.236566939484,-0.071478739935,-0.421230000815,-0.681791580237,-0.204395143571,-0.337264480447,-0.344245279543,-0.304106201126,-0.424184866193,-0.438198226543,-0.0956748313895,-0.231111925524,-0.261491824271,-0.207578951198,-0.487679995275,-0.233242240216,0.139294330381,0.756003955678,0.553635182598,-0.187336236286,-0.333061868117,0.240095002483,-0.320398959009,0.00145001942593,-0.234411474144,-0.00234260882204,0.43190314276,-0.114998214611,0.27354186457,0.014364110032,-0.255579794153,0.636096999606,-0.285235159819,0.377666739637,-0.314571015893,0.0852491026901,-0.379446671116,0.310074616867,-0.640944833973,0.172673746014,-0.0108782376192,0.0565872197944,0.159955941495,0.19633060513,0.313532845306,-0.390415609571,-0.133709136009,-0.110841860737,-0.519711802808,-0.0918520066635,-1.15539882553,-1.05984705024,-0.185187922272,0.832436015305,0.151539497645,1.5353827486,0.0310223211057,-1.66751032742,0.462573544572,2.74997275546,1.84308433769,0.901328206523,1.19647529449,1.89832716808,-1.08641896843,-0.669892584671,-1.5771265178,1.91492366003,0.5450100564,-1.83110708564,-1.80833164807,4.47871036397,-1.89522185381,0.561080773548,-3.49883005558,-0.651991127237,0.533257780266,2.90254448547,-1.49987722561,-1.65930210784,0.138013439656,-0.610331969036,-0.338355185588,0.318806038884,-1.00714536573,0.312858677374,3.34549103533,-2.30920632367,3.1461639529,4.06560901436,1.25952056208,1.21945647038,-1.86221037523,2.12216998754,0.0928765473037,-0.0899649714233,4.50602170177,0.954941194038,-0.0264048154134,0.0692656400575,2.35588333686,-1.1763558623,-1.02458119045,1.19629874771,-2.6146140791,-0.37026642237,0.755087187617,0.821386639972,1.33196872772,1.11392286654,-1.76743561394,-0.514482678813,0.518270524514,0.873416943973,0.918815647292,-0.63096789965,-0.139428335693,-0.514546526109,-0.016583882744
6,0.135614821128,-0.242894706324,-0.378844712257,-0.209012320084,-0.12474104758,-0.550820906864,-0.392235796143,-0.407537371147,-0.260694192311,-0.332448177832,-0.454541947495,-0.371154905178,0.104329212321,-0.210889383188,-0.113944972606,-0.613873947079,-0.277506525172,0.244327214873,0.801900488425,0.423369280529,-0.422720713159,-0.283156255657,0.107491604293,-0.205980848953,0.0186429734274,-0.259042717321,-0.0786652880813,0.604772728105,-0.277513427054,0.509006352923,0.327338690065,-0.136702027507,0.685954215356,-0.506781777084,0.525361222248,-0.232065904009,0.0716013305597,0.0842678054361,0.414541199137,-0.585948027539,0.127167155934,0.211606418103,-0.0548409265399,0.0406249257652,0.302981420786,0.0573407938351,-0.414917120727,-0.0613196179013,-0.0320832085667,-0.369551554483,0.0114364726479,-1.31313874805,-1.10343925545,-0.134125265906,0.906383067704,0.254775508894,1.46000067051,0.00773879588045,-1.71383764861,0.462157459025,-4.9980596721,-2.21344436961,-2.75411099571,1.94263394894,5.13916522401,-2.13889351641,-1.33677297185,0.580240240092,-1.17898065639,1.02123485707,1.26824492683,-2.40521717054,0.966375634882,3.11758400454,0.891728133718,1.30812803048,-0.176569337891,1.37271585396,-2.07939848705,-0.674884927029,-2.55961642091,0.709291325685,-1.83311814854,2.41561954364,0.0864192512273,0.492956469573,-1.85943208118,-0.0804259451247,-0.824520031076,1.32515892039,1.91692751652,1.132137036,-0.22505233474,-2.49572495902,0.835745647233,1.55783586963,-0.0925767672597,4.54443919332,0.986843263637,1.0784855135,-0.990107606249,2.0172858166,-1.00479701296,-1.35960644741,0.899174810992,-2.44313295569,-0.0843101982789,0.672848450856,0.747063153691,1.65173056428,0.924055719668,-1.36947688113,-0.358867130124,0.500304141476,0.605534107757,1.14220478722,-0.872453356033,-0.325232992294,-0.411661811051,0.00842820779954
7,0.119058331151,-0.108578315135,-0.196291475063,-0.171793233162,-0.16189110794,-0.282237621296,-0.545959418144,-0.354918011557,-0.417364440527,-0.282633299448,-0.287537428007,-0.395880480862,-0.0709207807704,0.224947543485,-0.105222180212,-0.263603832115,-0.216333316582,0.332919952304,0.417397631671,0.443404364041,-0.609627618627,-0.220574475058,-0.0630139430228,0.0883110562409,0.0376827147696,-0.16422473801,-0.334577238444,0.426554809788,-0.277087632323,0.511127224254,0.368850783643,-0.0299547119398,0.601209353574,-0.759282632096,0.557376969254,-0.0136331374304,0.0798919699309,0.487026306665,0.477713033732,-0.439828635358,-0.0215068002741,0.380730330847,-0.136687416755,-0.109905050559,0.370168402839,-0.163181451505,-0.401195243793,-0.0025589572229,0.0376257517858,-0.193537665313,0.0877097851847,-1.42616785516,-1.13186673117,-0.0856707321178,0.953723943707,0.379055134195,1.36186224708,-0.0337511853918,-1.74980108585,0.464287712864,3.63525918284,3.98058902533,5.54496516811,-0.819639806687,-4.60937386315,5.35916625074,-0.0458232912601,-0.511252798679,-1.10237657286,-0.220711884954,1.57612075282,1.98666625514,-3.43968977772,4.24847966237,-0.88107549307,5.01774404174,1.73580918995,-0.0572709961039,-4.851617897,0.866229709747,-0.873134996791,0.436306944434,-1.21459684342,3.01991809051,0.393454921963,1.16422612962,-2.87648871686,-3.20035065282,0.752666640664,-1.30061441683,-1.08016669059,0.972941306145,-1.37407042481,-2.38898237341,-0.0837776412935,2.70713929058,0.291814790747,3.32657459294,0.14064061823,1.75283435561,-1.93539275998,1.32564888453,-0.604809282597,-1.63209135533,0.42355205923,-1.91643903925,0.382608026941,0.488702422212,0.644456032375,1.84677808832,0.577271459798,-0.878054989874,-0.210560570495,0.466045721454,0.343057560195,1.3378658632,-1.08485908594,-0.502854034937,-0.307527970627,0.034296029457
8,0.0738814681343,-0.0301728505752,0.136274856911,-0.159810961862,-0.394523145044,-0.125941461956,-0.234938625705,-0.496260137795,-0.429930722505,-0.351465439131,-0.187133685181,-0.1119225886,-0.279641067633,0.393554131519,-0.241241461523,0.209344170413,0.0937187718603,0.19067253822,-0.00413902724,0.511849887643,-0.577809598752,-0.204553318313,-0.0769254549041,0.320282122598,0.109837806446,-0.0801116344392,-0.562127322301,0.0512487990188,-0.155165323795,0.270668849487,0.142495537173,0.0464615026897,0.435802643036,-0.949068071782,0.53600063047,0.281097895804,0.129060428621,0.722387132496,0.421864306485,-0.25485502646,-0.245463465133,0.473071265134,-0.172944754204,-0.280248670353,0.38556961737,-0.31804780888,-0.33530780294,0.0345360504731,0.0966879907581,-0.00458793862245,0.122649299027,-1.48674512404,-1.14563755696,-0.0414614696997,0.975512363316,0.521078543398,1.24423065027,-0.0924237888584,-1.77535285834,0.46903576097,-4.6130617069,-0.835935834592,-2.02762080197,1.68486819194,2.04035855787,-3.03348497171,4.78292913562,-0.941098690913,0.437277053153,-0.752658117484,0.439019830029,2.68710367332,0.482471862898,-1.41715346121,-1.19688449864,3.5915208905,4.20803460755,-2.60727798462,-2.92490600912,0.015547392668,1.41741518238,-0.104281721947,1.08923414675,1.37361512336,1.05789424795,0.274833549627,-1.23164853974,-3.8033152856,1.51564897724,-3.28316343217,-3.16238634667,0.477341136146,-1.79665525023,-1.23836022687,-0.200667826424,3.02134271491,0.649794281216,1.30217293812,-1.31931024882,1.85099083552,-2.45174460535,0.523592756319,-0.119425508708,-1.73867507085,-0.115342746123,-1.15402457808,0.941276367908,0.248353723606,0.538168620504,1.91052424758,0.103718459782,-0.326728690175,-0.0647964791083,0.415453205127,0.0960735623692,1.49546844181,-1.26124409468,-0.668240617201,-0.203680776079,0.0607367650731
9,-0.191025060979,0.088904280347,-0.228154932414,-0.0396668059881,0.00938200680737,-0.366826273015,-0.093279029395,-0.309768827762,-0.398293145473,-0.361906999746,-0.175445017891,0.0251597601308,0.0361635686536,0.0386941028354,-0.196040947595,0.369558634041,0.493720995029,-0.0751834659485,-0.115596827166,0.38250138631,-0.365720972236,-0.233950387849,0.145462435228,0.35585913425,0.239334678527,-0.136533681852,-0.522596004847,-0.245028659454,-0.0045187493613,-0.0847043538354,-0.192187866126,0.0494728920885,0.268220681233,-0.981446089587,0.541180487482,0.557051336104,0.195524421225,0.744588264787,0.212048201438,-0.0862061847706,-0.491196104093,0.489548258639,-0.16289581223,-0.449065462411,0.349244345063,-0.391359148699,-0.21372100852,0.0471025278409,0.145885646775,0.184422076864,0.105702920766,-1.49086837927,-1.14470939542,-0.00309925534188,0.97375083472,0.676583120693,1.11101018205,-0.166869345429,-1.79059623212,0.476444705988,0.640545193287,0.706305382173,0.196937466799,-0.566727240148,2.97762738868,1.33995330551,-2.9370632508,4.26229654099,0.446638869417,0.653210079599,-0.0505762062162,0.129610430094,4.6829429542,-4.40816030008,2.61670234699,-0.264037793519,2.89963866238,-1.92684648548,0.537241758944,-2.65193220069,2.58768121049,-0.439679883401,3.11346072758,-0.489726374951,1.43739973248,-1.39532602387,2.09590209156,-1.80591841296,1.38552226685,-3.47869593492,-3.149500355,-0.483137042866,-1.44031467291,0.659842657885,0.383305935224,2.34382922899,0.58639137315,-0.809371390113,-2.83069420011,1.45777292935,-2.35446571806,-0.15838086799,0.297669237886,-1.58961931189,-0.590630738834,-0.312923124747,1.47644430436,0.00765932232093,0.450448942045,1.85033606507,-0.4520174691,0.2438407699,0.0844668988217,0.349320538368,-0.126597757347,1.60615772542,-1.39576637003,-0.817743179172,-0.101600747526,0.0874668355627
10,0.0714418269223,-0.0365389199525,0.170448227393,-0.0582919856868,-0.059434580829,0.0496880481689,-0.390278252906,-0.0235029300396,-0.222756674269,-0.23987485255,-0.167598225413,0.0124723537522,0.340643579304,-0.245418861915,0.257950737982,0.270426988671,0.5351113442,-0.0746482838556,0.0177267973045,0.0304775997494,-0.101091710077,-0.284635536689,0.470497704772,0.284446301716,0.376135036236,-0.326129945986,-0.17915212098,-0.285305085803,0.111007409659,-0.360546339559,-0.421217994085,-0.0556503066528,0.164709677637,-0.818399237476,0.616757012593,0.726128905906,0.22663850461,0.581095659068,-0.124520429508,0.0287773347317,-0.69552228456,0.450453893555,-0.119551300189,-0.588157046191,0.273138154155,-0.383416814705,-0.0447346046118,0.037867474504,0.187934287248,0.362007667143,0.0313245552243,-1.43880488934,-1.12842492048,0.0279457758253,0.951244565791,0.840511024196,0.966625162426,-0.255337140026,-1.79577864079,0.486529414371,3.3298501004,-0.335281515033,2.32505163435,2.10109534066,-2.63068373143,3.44931762373,0.405720823218,-0.221496379689,3.23538833952,1.68715277804,0.364046343289,0.116802375792,0.169715948464,-0.703743675393,5.64088950724,-0.946699005593,-2.26538259797,2.10116754659,1.60550990797,-3.91839295013,2.55007884609,-0.533374485777,2.95668431422,-0.568908383988,1.20622132395,-2.09849435249,4.36113999736,0.924446088735,0.923645939208,-1.78084316566,-1.19542041055,-1.59532627962,-0.579907697565,2.5157303053,1.08532735186,0.964821365658,-0.0564231747987,-2.31370938907,-3.75569673537,0.828510928997,-1.63792111194,-0.57272302661,0.533126133936,-1.14246437965,-0.896728833214,0.445617664684,1.87089672528,-0.179513200567,0.397107764528,1.68632762864,-1.03523778663,0.789596478506,0.243263385417,0.2695229922,-0.31777787264,1.6629424733,-1.48390025651,-0.948204287832,-0.0026864817989,0.114205719824
11,0.0752570280477,-0.0163224330253,-0.0334690227216,0.16252037951,-0.0187746525727,-0.0515022941674,0.0758292298912,-0.210526333722,0.0845967924236,-0.0206304290291,-0.0688804518128,0.0572687066113,0.0453526856778,-0.181825188871,0.696183404462,0.285178399437,0.143803337282,0.260255636008,0.128846219508,-0.297367918418,0.120421446656,-0.32856275481,0.665485546035,0.301854056092,0.470072526191,-0.486147424911,0.241234940352,-0.10630424559,0.18601291135,-0.412565454373,-0.412274218855,-0.252814561614,0.154762539518,-0.509484091816,0.737996695583,0.746275217018,0.170297304948,0.315968570033,-0.503861723869,0.0818514462018,-0.80344916435,0.384993678302,-0.0637195549066,-0.668438533909,0.177515498461,-0.309475918478,0.152562236108,0.014346650444,0.226679285078,0.519224010714,-0.100282572883,-1.33522366275,-1.0955800519,0.0504528041079,0.911422365185,1.00721168041,0.815879281122,-0.355788530362,-1.79128227164,0.499277005893,-3.68362952434,-1.36047656484,-2.77552627224,-0.441169680278,3.70424831444,-3.44060919596,5.75345629293,-0.846012849082,1.6556006244,2.68129154469,1.73928002965,0.361398564274,-5.10095561027,0.873949392944,2.0335381504,1.29473878348,-4.44006677705,3.69538766825,0.457564255828,-2.19473744845,1.77495224168,-0.256887514475,0.732029408126,1.07288398609,0.664869241231,-0.771449206655,3.47072812109,2.32644133723,0.614027240674,0.747353841367,1.31749385425,-2.20742867008,0.357645123193,3.44987287017,1.19105566892,-0.526433914684,-1.10858357142,-2.80922598053,-3.63649585271,0.267011819617,-0.465148337613,-0.691253498419,0.547910612568,-0.424189446766,-0.976448120999,0.988758234697,2.02988502679,-0.273048122266,0.384573525398,1.44860646182,-1.586644117,1.26727780526,0.416273869438,0.179192923792,-0.472211501221,1.66100331563,-1.52260854906,-1.05703397268,0.0917692765951,0.140679593544
12,-0.107885442092,0.0118243911199,-0.0570506300329,-0.0942943210452,0.174262687293,0.0124303138068,0.178415865575,0.110922755047,0.0686792444839,0.231815843004,0.163427485293,-0.00498840119413,-0.411081254853,-0.262449651452,0.589831093954,0.440802050175,-0.108133465091,0.473881858435,0.118053683037,-0.360644071468,0.231974428225,-0.31494456962,0.614348355906,0.490549746786,0.513921109936,-0.439850957478,0.423243817392,0.114509900497,0.237012319412,-0.236565939597,-0.196359988863,-0.461494044734,0.225551890022,-0.1762168273,0.821112098497,0.637110440481,0.00532610206384,0.0525282437097,-0.813457041913,0.0920483858099,-0.782405420766,0.319318317322,-0.0159938322728,-0.667207569648,0.0852868812212,-0.195569409792,0.351582057053,-0.0130084656163,0.266083385518,0.6504733463,-0.283009860801,-1.18890194836,-1.0446226611,0.0635804226418,0.858134751459,1.17067057794,0.663800289074,-0.465956729449,-1.77761241733,0.514647695465,1.6439333742,3.11498389692,1.30651768804,-1.8695768264,-2.00038887542,5.28013483743,-3.27185865214,6.01933790458,-0.723146527033,1.8122977652,2.49485624493,-1.7202070412,-2.97015752114,-2.7600668714,-3.63847386477,1.09062842352,0.280295830032,-0.0766950996122,-0.511803949389,0.933138195859,0.348452471589,0.626184394924,-1.57881250387,2.46721683766,0.248734803965,1.71858096989,-0.0889359655443,1.82582635697,0.38791590543,2.53065623316,2.70118002675,-1.77066164705,0.980302031002,2.97448593209,0.302591165164,-1.5398296866,-2.14663478894,-2.31950885203,-2.38057425025,-0.00424359058252,0.891166352303,-0.598708589444,0.384008300824,0.465847959261,-0.835055489687,1.23698800499,1.90085336477,-0.255477594136,0.408748458401,1.17325223578,-2.04846595084,1.63867013745,0.605590508994,0.0827864275528,-0.586738682275,1.59790861897,-1.51046265054,-1.14226734298,0.180600319463,0.166624727406
13,-0.0275627819991,0.0585191452602,0.107682593312,0.0137345132649,-0.100106802871,0.362667645995,0.0654207494956,0.454786687052,0.225533138326,0.289438553373,0.294981272807,-0.206492733572,-0.503452560263,-0.605649815054,0.197110082663,0.399120606977,0.20568666945,0.245041921175,0.0549853455494,-0.150538706061,0.176400400731,-0.196525376217,0.40801149229,0.724148394212,0.523427951576,-0.180245797109,0.225081824914,0.230895715657,0.253147651832,0.0330630320573,0.0599506214689,-0.571801320309,0.332445058504,0.0442723206271,0.771567109283,0.464868031115,-0.242371794825,-0.128237749356,-0.952268759488,0.0927758888996,-0.629142863769,0.267152853492,0.010492639267,-0.574638917105,0.0157514962656,-0.0724447845637,0.523094935849,-0.0333273552642,0.30920555287,0.753865313914,-0.505303534553,-1.01202249926,-0.973962439831,0.0669965953041,0.795440748919,1.32475464636,0.515475475089,-0.583411393722,-1.75538393858,0.532575960554,-1.24634254564,-2.59657669443,1.13128802284,2.79034929739,-0.0145226576077,-1.60646382005,3.45105272688,-0.667311189344,4.09248505417,-0.33909686875,-0.525447625798,-1.61876908603,0.611466032604,-2.8653263619,-2.92289460156,-1.95357798288,5.10495334189,-3.82678725575,-0.674371206865,2.92466311867,-1.45633918232,1.67879740643,-2.21429981319,1.80030156343,-0.0738989811017,3.09681579927,-3.60403421118,0.498057035866,-0.139016543609,2.54494428212,2.09505771554,-0.304397107081,1.05909282935,1.28703630166,-1.37455338447,-1.77098521941,-2.69073859866,-1.24510445641,-0.303633978451,0.0716314589504,2.1314840594,-0.449327589639,0.143057379836,1.37411425894,-0.537659115672,1.17635281505,1.4844810765,-0.136115356577,0.456000057905,0.897492615559,-2.37054514689,1.87446653679,0.809755256403,-0.0139903500267,-0.660348012457,1.47372925352,-1.44770610353,-1.20260286498,0.2627840129,0.19179059269
14,-0.0529645175441,0.0742952172432,0.0434778961522,0.191897465388,0.249812540435,-0.0338007458499,0.530689756287,0.265636957347,0.599815169227,0.285939837223,0.0441980308259,-0.248401322229,-0.416341710823,-0.636945164383,0.148593501472,0.16008958695,0.629791732885,-0.0888814628526,-0.0100131685673,0.147090304362,-0.0372921412079,-0.0154116231298,0.225055804566,0.7832842038,0.489030755971,0.0851436694639,-0.206504228383,0.235374636934,0.196578153198,0.220129558969,0.172830155699,-0.511081749952,0.41865039521,0.0679257398829,0.544943877102,0.305864968593,-0.505503063155,-0.196435469254,-0.867096765967,0.114181126178,-0.36836818876,0.225936416702,0.0140912328733,-0.397564009299,-0.0205810633876,0.0309925005165,0.64065800243,-0.0379697747689,0.357383828542,0.83107958637,-0.751203036125,-0.819121669406,-0.882357224311,0.0609934094539,0.727395412932,1.46346386713,0.375883735799,-0.705626028442,-1.72530621795,0.552972002671,0.785242584139,2.29967834963,-0.736445180578,0.369055562592,3.94958300075,-1.52023485748,1.82191584033,-0.257285676953,1.43517417179,0.582431010927,-3.74717899101,0.632881606641,0.790975240318,2.49352582303,1.82890479442,-1.91463413691,1.9502606731,-1.87571159578,-0.570662849022,2.66600098315,-2.60054571022,1.66226226946,-1.29401744516,-0.822371308522,-0.686026150089,1.73273957137,-4.47397481454,-0.232268555135,-1.02031159092,1.02910137309,0.0300677802443,1.48924749387,0.583481041373,-0.790136026134,-3.08319480389,-1.32456904748,-2.42610411968,-0.166223495874,1.98337613215,0.377953658247,3.00756079091,-0.403516039953,-0.0546390199278,2.12776153835,-0.190758155857,0.856053885594,0.834950703028,0.0504796134661,0.506197502089,0.654682715476,-2.51570609554,1.9573250109,1.02321243419,-0.104413338942,-0.694109152899,1.29104818046,-1.33625895429,-1.23742032364,0.337454399269,0.215942630669
15,-0.113771469422,0.0691545784771,0.20794019327,0.20204112806,0.274311698441,0.416506851397,0.241631779721,0.525843573215,0.42731514957,0.312422762926,-0.214414103333,-0.184567103323,-0.31883967282,-0.234608131655,0.401113102692,0.156337892145,0.461391662536,-0.0437866907182,-0.0298000988404,0.331086609465,-0.287358065987,0.0748263590083,0.151241617123,0.555415107974,0.374951635202,0.0973009559572,-0.56881097454,0.219004198831,0.056216990283,0.230936581429,0.0680095297664,-0.297022738037,0.437158563859,-0.0913298061775,0.185162172449,0.208751254927,-0.700089170606,-0.178458582081,-0.571630716745,0.168563346459,-0.0447500173939,0.17938230175,0.00417703263126,-0.159314039211,-0.0247270766252,0.0933100546306,0.685530942819,-0.0227441816432,0.40980391326,0.886744750449,-1.00185491793,-0.625786616484,-0.769329098937,0.0465705608462,0.65784992688,1.58117859124,0.249730189616,-0.830046158193,-1.68816700789,0.575723467516,-1.19016790939,-0.4303618664,2.10030339652,0.630575919297,-2.10937204949,7.11116175566,-4.19376841691,3.15394751396,-3.53698470753,-0.959849359471,-0.413186149705,0.168782716422,1.53428369901,4.34633162031,2.13080809269,1.96344410073,-4.9433659724,2.51037951876,0.404072432232,0.897194550148,-2.10599909049,-0.114345842477,-0.291642974235,-3.57295876319,-1.60811325627,-1.62494003542,-2.40523592108,0.0293861288448,-1.68027274224,-0.723636355436,-1.97750690944,2.60282678105,-0.246693341322,-2.20525664789,-3.89694311987,-0.616110870907,-1.34746268014,0.413321238429,3.79507704421,0.690173018257,3.37410278782,-0.566434018177,-0.116138973519,2.57662137438,0.0870225824678,0.37283962145,0.0496201671385,0.251440944321,0.537269330071,0.46976459435,-2.46380358034,1.88378088875,1.23627242428,-0.181132469128,-0.690990527136,1.05486549423,-1.17966264642,-1.24677817006,0.403911190528,0.238864651364
16,-0.157287779358,0.260271444905,0.218215416147,0.288967111423,0.342780733239,0.555904836676,0.370546971432,0.438577045257,0.181747624801,0.0425526444556,-0.0410488521897,-0.194973441159,-0.0851529610782,0.030411718107,0.432139908579,0.428411978723,-0.104038521214,0.254474814905,0.109286917629,0.336336176561,-0.41485366355,-0.0585167271301,0.134672628461,0.128740799315,0.179645698593,-0.213704272681,-0.658303043994,0.248341435399,-0.106507751717,0.113205510121,-0.172381285013,-0.0363866385176,0.368827131328,-0.325359073238,-0.184470655203,0.175414712092,-0.758083971061,-0.138188433475,-0.141610736614,0.244778025721,0.288471746668,0.105241988024,-0.00349949121659,0.104504845411,-0.00881584163031,0.104127598172,0.650118456865,0.0107839572132,0.463564245241,0.927414771008,-1.23734498898,-0.447228473617,-0.635556596421,0.0254723008706,0.590275135124,1.67289233418,0.141289203271,-0.954156214628,-1.64481558759,0.60069738539,-1.0742817728,1.18222183801,-0.11798886375,0.598067696347,3.79850798223,-4.56216526872,6.29503078218,-4.72016812264,-1.11147626515,-3.62091825205,2.8135358082,0.278854489207,2.82938801813,0.55958492536,-1.58986978328,2.32882915526,-4.65527034998,2.47177086189,2.4157223245,-0.587600548324,-0.353564028395,-2.45028909673,-0.196338165957,-4.5723127052,-2.15887653357,-4.20969926103,0.529984149376,0.500351638881,-1.37498147293,-1.37924647621,-2.51636429054,2.36944568329,-1.09092975107,-2.21229444839,-3.2367224386,-0.116979531908,0.231665620105,0.272921274879,4.61256047575,0.782781160031,3.20467819116,-0.948058493107,-0.011131208446,2.63061722091,0.197227555969,-0.153525326869,-0.749564832498,0.406547097385,0.530408338522,0.355861494676,-2.21397590566,1.66478869855,1.43562781616,-0.236706012079,-0.655575767794,0.772404178114,-0.982967382148,-1.23139063953,0.461624600124,0.260360836844
17,-0.286490959665,0.198256749543,0.332486501305,0.414436910098,0.537712250874,0.268459066088,0.697169869129,0.0737513652567,0.0406967326465,-0.161458478941,0.104550052318,-0.0101961757928,0.136628463345,-0.0542205670844,0.176141288092,0.420506877761,-0.220507639167,0.329092959323,0.406175941151,0.272822547826,-0.372785949848,-0.353489807811,0.0940415690352,-0.280379732855,-0.0182373956849,-0.634493240162,-0.515938874756,0.295198251663,-0.18220269861,0.00424882183406,-0.374180148865,0.135768774501,0.230353760676,-0.484636528876,-0.416715766453,0.169198485092,-0.654132462677,-0.14356635193,0.311220031437,0.313442108104,0.580791337645,-0.0145363828948,0.00607420031066,0.353299699122,0.00734936458959,0.0650439750274,0.539300293147,0.0551897869548,0.514249900681,0.960284617702,-1.43865354425,-0.296873967139,-0.483188290239,0.000165257741087,0.52761766876,1.73442056383,0.0542613970106,-1.07554316562,-1.59614564247,0.627742291499,0.560192323253,0.839685067187,1.10778198979,2.27546491593,-1.76211109293,2.0883409652,-3.16626239178,-0.391255316061,-2.36045190146,0.279150355647,-0.449564900943,3.42500619075,1.14132852568,-1.42550127457,-2.82874059387,-2.88629052184,2.62442717543,-0.962869525173,3.02492950749,-0.366701327665,0.969489104567,-2.98346379913,-0.620778619897,-3.2607325935,-1.58587956322,-3.58634733631,1.94171225178,0.292232945622,-0.00883999182995,-0.605585160104,-1.26894452975,0.930311565464,-1.59887849598,-0.771558040014,-1.23793974841,-0.0905866624041,1.79931214789,-0.448418778246,4.25319480329,0.530455051973,2.57563522221,-1.45630167092,0.215469341389,2.28216210055,0.0884606089703,-0.607698516509,-1.43898617775,0.460971480677,0.47486092383,0.312540718038,-1.78482585393,1.32481024052,1.60540044717,-0.264241272076,-0.593699323863,0.452826129619,-0.752566040513,-1.19258569013,0.510236079259,0.280257333995
18,-0.18513811729,0.337634257091,0.44222778906,0.492916675816,0.339621910294,0.616616608436,0.0337549783012,0.21156262521,-0.150212575462,0.00453597939294,-0.0151553106233,0.330548017468,0.140175432364,-0.10421754632,-0.0433086158546,-0.0452704488658,0.25922170222,0.183733828567,0.600270325115,0.305354673058,-0.281866312493,-0.557918417541,0.0239268013266,-0.472890561284,-0.103526670224,-0.825795302445,-0.341660144653,0.285169068698,-0.101410346926,0.0102818215753,-0.397658005459,0.138988955365,0.0672506332745,-0.454827351668,-0.415425730311,0.143588053379,-0.416103410414,-0.233315647754,0.675923859639,0.34016989767,0.7930343588,-0.184695912754,0.0401512101796,0.549989061541,0.00185153336382,-0.0120607141436,0.369446911344,0.0983439014284,0.556920571433,0.991830122503,-1.5895222259,-0.185118595321,-0.316028420971,-0.0262509972607,0.472195491907,1.76257714498,-0.00835031491626,-1.19195504655,-1.54307826779,0.656690484742,-0.860824925701,-0.803128610237,1.435761113,-1.71361300918,0.682964044858,0.268445477688,-5.33762612872,0.430655902858,-0.0136045542148,1.83007730302,-0.698374905769,2.16769778552,-0.64779389213,0.815486309566,-1.52038808815,-5.16383239337,5.37645169226,-1.02632582839,0.414052976822,1.05709788426,0.540514857088,-0.708422568054,-0.673012001059,-0.452823016181,-0.0316816290986,0.0950648165454,1.28126634293,-0.531015923872,1.54976984502,0.697293116933,0.815132130613,-0.822682376647,-1.57008114628,1.39974441855,1.24814725033,-0.466209681449,2.83667202435,-1.32999654947,2.91029599582,-0.0379055580897,1.6304900765,-1.92405554394,0.457935387309,1.60741809394,-0.228989692689,-0.902831302574,-1.91594140777,0.377241926653,0.371259087802,0.326067456582,-1.21248557666,0.89952005559,1.72863452882,-0.258089046469,-0.512027125088,0.106871766779,-0.495980717126,-1.13224543525,0.54955513677,0.298403431383
19,-0.320482822493,0.287015519855,0.329914904062,0.350443460926,0.53390174814,0.122839047479,0.0665580400496,-0.0486206178602,0.092715775824,0.0801215610365,0.106356808733,0.28374810574,0.106775448168,0.0955496501893,-0.177276183123,-0.349151894045,0.552832823793,0.252270305307,0.477739796828,0.451851522528,-0.303168608357,-0.462094116354,-0.0211287004964,-0.36863447273,-0.0300205172696,-0.604873392539,-0.277902300239,0.199546195265,0.0929943775307,0.115567027678,-0.232885359271,-0.00267886087633,-0.0675169786742,-0.218214168949,-0.190364919856,0.0735325934343,-0.11618865804,-0.397777168291,0.876151588499,0.300933747319,0.902039045112,-0.39160936476,0.0938430619119,0.668539629775,-0.0430952994518,-0.10874161943,0.165379335065,0.125620245658,0.58732384578,1.02657589064,-1.6780289614,-0.118369764099,-0.139556585692,-0.0502028519046,0.425636908402,1.75531159412,-0.0443412869382,-1.30135275053,-1.48654547468,0.687360383519,0.0200937365219,1.23941155476,-3.66030915552,0.370175383872,-0.327290664869,-6.4560575937,3.75335440635,-3.80685402893,3.45724542522,0.10989994092,2.77613754618,-2.82154699367,0.267355675898,2.7886072712,-1.44218073174,-0.0965382440347,-0.343797662217,2.44708723785,-2.47102030698,1.5516059846,-0.980532678957,2.50799383295,-0.169314763897,2.42805314734,1.3600957271,4.08443289633,0.0850237530642,-1.04735588236,2.09262143173,1.18240918588,2.26852781519,-1.81124942632,-1.0656044948,3.17093439127,3.04526182999,-0.91321898615,3.00231440476,-1.86272257027,1.05666660275,-0.751594461327,0.539537460941,-2.16091851537,0.586654093813,0.746313213327,-0.684342370481,-0.996186157033,-2.11651124479,0.143977601753,0.232690497705,0.371694160567,-0.546766752278,0.432349230299,1.78909463205,-0.214526986038,-0.417611816806,-0.253560442838,-0.221609673548,-1.05273130366,0.579552526779,0.314672324126
20,-0.212972121081,0.192408484226,0.247025675844,0.314216205439,0.050296142139,-0.0106936037381,0.133183754901,-0.0636570174698,0.214369638226,0.185186646382,0.325597031031,-0.0115607833308,0.180146235744,0.363860970231,-0.331884330623,-0.095264207614,0.239960011478,0.547587884635,0.244535134017,0.547766660232,-0.439249036473,-0.132160952883,-0.00815287016903,-0.0304848768493,0.124898698525,-0.102385374695,-0.279187543319,0.10953024907,0.265906187553,0.196839482349,0.00380830519759,-0.177572006082,-0.140022940485,0.133013320823,0.139565328783,-0.0288879741305,0.153236836257,-0.581490829454,0.88921776882,0.193119880272,0.901558918415,-0.603973532219,0.150084702412,0.698664500947,-0.135805377058,-0.204716007251,-0.0440797212002,0.122738429975,0.603084107618,1.06618431264,-1.69769919209,-0.0984795309586,0.0392400719315,-0.067866376891,0.388864028446,1.71180204774,-0.0523787984243,-1.40195368214,-1.42747454364,0.71955893791,1.86179536291,-3.07300159903,2.20863546236,-3.08377345303,-6.55859677157,3.17172512078,-3.1389682206,4.00925453738,-1.35645048539,2.24353640936,0.58636785127,-1.7389136795,0.916343688966,2.19403211816,-1.32446055552,4.1189497058,-4.72681938599,2.39085302158,-1.4411327727,0.1228058082,-1.37496652655,3.52674695875,0.400617148883,4.02903523239,1.48805915362,5.35479913594,0.189180998073,-0.592937898692,1.14577647031,0.217283667236,2.19827585045,-1.45968336853,-0.388412390328,3.57587272298,3.24732407418,-1.0621698996,2.24461299838,-1.6749398841,-0.74197261831,-1.36807486689,-0.533911496385,-2.01360557827,0.495728291262,-0.132848537091,-1.16277772345,-0.893482093518,-2.0254575908,-0.220381940576,0.0831173504793,0.41772447443,0.154175455725,-0.029783443644,1.77318432225,-0.13236062916,-0.317453467442,-0.615876021286,0.0615561090821,-0.956796637422,0.600350181199,0.328961479396
21,0.0257787051505,0.108782627747,0.107025952509,-0.137134303172,-0.165780285464,0.10296834687,-0.091755238693,0.334553912973,0.094199908765,0.377228515348,0.207574770721,0.0654189408753,0.255778659065,0.480669779358,-0.357671152836,0.20730972001,-0.111782841642,0.551165399462,0.272129686182,0.470457592179,-0.496268633775,0.129375737973,0.0530971233455,0.365424468197,0.225781428371,0.34696569831,-0.188509308359,0.0981962438653,0.297322695767,0.131327784896,0.164680431576,-0.258140903494,-0.152156436874,0.441003255822,0.400023536011,-0.12274224936,0.310022950919,-0.706067444927,0.745168579364,0.0379598499208,0.800365347466,-0.779228540873,0.184251244856,0.646617809429,-0.272020185963,-0.282447106275,-0.231075199965,0.0786910651037,0.604603862666,1.10901793735,-1.64803397582,-0.12262676983,0.21222392756,-0.0754440768751,0.362118635089,1.63250076794,-0.0320462686419,-1.4922661703,-1.36677352885,0.753084059272,1.11924044572,-0.299226331959,-6.14179219616,-3.66841073942,2.36838803064,-2.88879297465,1.12696801547,1.31000109619,0.707083513084,0.430176814588,-2.08827439954,2.95884036811,0.659320203288,-0.0188403206455,1.07518302815,0.878479362829,-1.28021717139,-2.64646842955,1.88650616208,-1.47589397353,0.570103381925,1.25910756413,0.816733232761,3.51183910652,0.402957747994,3.15390581202,1.76986143338,0.348465540311,-0.522244138671,-1.55028375237,0.897508431864,-0.0360589519512,0.0857059475603,2.33274111517,1.70805310207,-0.737104026675,0.813050279658,-0.698166028657,-2.02681666799,-1.66904072069,-1.45543287519,-1.41717664869,0.145774774786,-0.874206408182,-1.53278587198,-0.641909451164,-1.67664684677,-0.669642021821,-0.0467276649635,0.430804184995,0.830055793022,-0.441112346452,1.67177702096,-0.0133716198927,-0.218095632964,-0.967268357725,0.344236537852,-0.847489816129,0.612208342637,0.341192623001
22,0.00262003884766,-0.270458197989,-0.421198278196,-0.242812261468,-0.0148418183049,-0.219954821629,0.218572346508,0.160169155756,0.363214219586,0.216258725509,0.110201536774,0.393491730437,0.346609875609,0.355526569261,-0.145046404769,0.043177615514,0.00245718943444,0.114577117189,0.498979930333,0.314135119339,-0.305014107232,0.0845298632012,0.160229016217,0.605796996106,0.202838256805,0.478228286536,0.0686912766688,0.15312785521,0.184518187366,-0.0923614059435,0.181552693969,-0.178576116747,-0.137272826246,0.563360660037,0.446781141247,-0.164372117905,0.308898738056,-0.703678589767,0.508449554044,-0.126284358554,0.618749329438,-0.874001616569,0.17219938185,0.532105065421,-0.434805050774,-0.330558829292,-0.373268312838,-0.0118149409823,0.595453556759,1.15026097333,-1.53440257145,-0.18366187382,0.370633817335,-0.0694761766678,0.345025552756,1.51913100219,0.0161434456385,-1.57111385881,-1.30531816785,0.787727030645,1.96927043745,-4.11470140577,-1.90570343345,0.55345562176,-1.81441790359,-0.263851885703,2.11090963438,-2.61887136459,2.86932092757,-2.70664096562,0.694680744128,2.59395900772,1.22478038546,-2.31508053115,2.64604247016,-3.43993956511,2.73277370651,-4.95400293167,1.7332682909,-1.35540367482,3.06090016899,-2.02719554818,1.36959521423,1.05986987555,-0.766591121146,-0.522051576715,3.16350825968,0.528703159309,-1.52182549414,-2.70708482748,-0.458629908369,1.57374692021,0.138841453308,0.0245616271496,-0.844031510666,-0.061860812496,-0.824444497061,0.793595920566,-2.58331873389,-1.54289608714,-2.13004337235,-0.4223236874,-0.412426564981,-1.36942315675,-1.67750020595,-0.314335070906,-1.14444368359,-1.13735426187,-0.125319881486,0.381671728829,1.42483148448,-0.76155319506,1.48174862435,0.137449091186,-0.12528326564,-1.29520444639,0.617175303098,-0.728051262905,0.615510414786,0.351311374397
23,0.514852690964,-0.313356184069,-0.278518611218,-0.302043292454,-0.349937292366,0.0721333911314,0.0691879680031,0.150746689383,0.328167826224,0.0973059119527,0.306139654889,0.49299332399,0.451723655973,0.0968386758732,0.0454435500243,-0.250958423135,0.195277277194,-0.203836782616,0.467215547778,0.220885344864,0.0237836627943,-0.201030617764,0.32989455195,0.561555042099,0.104909272954,0.289899462995,0.376686050218,0.15488969653,0.0422105353718,-0.354546831239,0.109253878137,0.032266613906,-0.136082629238,0.449497124256,0.239707239463,-0.13493553215,0.156422819839,-0.547268796754,0.251028897909,-0.257328967489,0.384389920434,-0.855720155282,0.099317581813,0.38236936215,-0.597459206896,-0.34540665914,-0.457158230135,-0.146883750499,0.582112991395,1.18260227518,-1.36732081805,-0.270878637152,0.505742292929,-0.0471624492781,0.336686231679,1.37463598509,0.0907660438102,-1.6376496373,-1.24394039707,0.823274864452,3.38684881537,0.174879155952,2.92825776242,-1.8847429296,-1.84444302153,2.8613934419,-3.4951662692,2.01076781754,-3.68006821353,1.03835197223,2.5219303137,-0.426973341137,0.382881206864,-2.30032299813,0.700765641251,-1.3854547441,0.11462470588,-0.659060552148,-2.67932214227,-0.642145392473,2.89051412467,-3.16398220842,1.97103716969,-1.84389434865,-1.00490010981,-2.83755774977,2.59870939869,-0.704460904044,-1.09470662518,-2.24363542263,-0.759191173162,2.47302957394,-0.150369181701,-2.17671893568,-3.14472085826,0.618390461106,-2.12639296255,2.28645625876,-2.4708635321,-1.02239052817,-2.50499809534,0.809132021239,-1.04222866545,-1.57788461025,-1.52241360385,0.0109600917055,-0.528264190133,-1.54833659778,-0.127128190461,0.250488032305,1.89249330004,-0.960642755517,1.20702255439,0.31192975659,-0.043703421089,-1.58789319868,0.871450961988,-0.601807835426,0.610746090517,0.359286563111
24,0.235573537657,-0.360932814706,-0.34674243147,-0.345407109107,-0.171597215221,-0.0973912866619,-0.0520162462603,0.196064089919,-0.0463124315439,0.326355700902,0.488541029501,0.401166425752,0.347130571176,-0.00890118039689,-0.0132913464614,-0.164355362308,-0.0152785143315,-0.0363703900956,0.0259533469988,0.125848643018,0.162415065905,-0.453175504036,0.523644844556,0.291332084663,0.0316954918522,0.00138805856348,0.520439169825,-0.00683952284903,-0.00570318503342,-0.493586158128,0.0729919671302,0.279546045674,-0.168404124145,0.170759339954,-0.134022072159,-0.0526277963171,-0.0899390730945,-0.26489602202,0.0280922864889,-0.322840868634,0.128173905554,-0.712184940559,-0.0323074301794,0.225215458058,-0.728741451773,-0.330609336288,-0.479654917041,-0.317220020373,0.57304757939,1.19739398129,-1.16120797799,-0.371133051244,0.60958666955,-0.00666695898044,0.335793516272,1.20308272792,0.189534336483,-1.69135902779,-1.18341861642,0.859512577439,-5.60921900827,1.9747489778,-4.34601732171,1.80322963777,3.46310482304,-5.00329367823,1.33037875807,-2.42765399685,-1.7410996087,2.29347085121,0.794544765138,-0.996608706064,-2.4672187052,0.389850370862,-1.50730849099,2.63783786655,-3.64424751547,3.09262478613,-5.30961436356,-1.58714005962,-0.435531316013,-1.56042760506,1.65452388051,-3.15781230198,-0.378260070438,-2.51881610516,0.065717116493,-2.47314768732,0.163142288033,-0.393984740067,0.201411469481,2.30180496892,-0.47153739716,-3.11848236262,-4.02573321863,0.947880634068,-2.6431284148,3.23057515154,-1.94578355534,-0.26641252899,-2.56844408313,2.03964826499,-1.55381862212,-1.5274480077,-1.05310211903,0.269968155943,0.0663293949436,-1.83202815685,-0.0389093558106,0.0308853335518,2.20160377132,-1.02047615189,0.858980724557,0.499033146998,0.023177509404,-1.8347185852,1.09877530103,-0.472068130429,0.598493341667,0.36510926401
25,-0.039460924234,-0.0476045264569,-0.302043061846,-0.192794316712,-0.128100714095,-0.314147929189,-0.0269812894069,-0.18310684139,0.0861145437911,0.385069634878,0.452929154665,0.309784973058,0.0619477231255,0.131832927952,-0.152102267788,0.0833246454964,-0.308009197196,0.167984092676,-0.405403183843,-0.120643716963,-0.0483270496043,-0.497675088149,0.604170162938,0.0164783552727,0.0290269136178,-0.159016597191,0.386762634667,-0.295999441351,0.0549291837648,-0.430044246811,0.165021149896,0.466643489776,-0.221077162086,-0.114145402728,-0.50124102201,0.0374711078658,-0.338519585668,0.0681071226996,-0.134909097509,-0.310209261167,-0.119724566542,-0.45641012259,-0.201104066804,0.0829073006707,-0.799202047303,-0.294834996172,-0.447747922138,-0.507240936504,0.577234105962,1.1861207076,-0.932774784895,-0.470192413961,0.675705593524,0.0526231507396,0.340757602172,1.00952490875,0.309375567083,-1.73205329102,-1.12446978722,0.896225356778,-0.0186016676939,1.46123216853,7.74486470559,0.264758122073,-3.01022251174,2.1698693233,-2.51908006791,-3.06885189388,3.13583613736,-1.11816530238,-1.42983472797,-1.0348476936,-2.3926427648,1.85991302782,-0.836086500108,1.31229994695,-1.15760157561,-0.0615563541778,-2.59360953671,-3.14660700984,-3.30724168065,0.522552215973,-0.291969039503,-1.95947355235,0.253796842911,-0.589318737514,-2.55330838432,-2.9574007743,0.84423738254,1.55445203365,1.6136475727,1.3629517825,-0.522633734063,-2.29198558121,-3.0142470933,0.772558467234,-2.16024221002,3.26441011214,-1.32115335393,0.502176824841,-2.34567363005,3.01310298753,-1.75709897363,-1.29689078375,-0.319292264619,0.427519127592,0.546174563149,-1.9351662521,0.135776785259,-0.267967693849,2.33806539468,-0.93733586538,0.456154386752,0.685457921005,0.0731746249209,-2.02662212186,1.29176865153,-0.342022133798,0.579399858529,0.368791591932
26,0.00930359360716,0.131553603131,0.316736586621,-0.0485351491233,-0.350353430055,-0.0680821574442,-0.389777555616,-0.186296464373,0.242295136207,0.214406616371,0.226775513235,0.15519249112,-0.00309589213859,0.244324766997,-0.157963583109,0.0100338204337,-0.184806423772,-0.107260163722,-0.458515329607,-0.404332866286,-0.357492320372,-0.399892221311,0.444512723658,-0.0571924446626,0.0624289512553,-0.130618740725,0.0771082488639,-0.518097533628,0.113736321493,-0.223967231678,0.371146851162,0.548135324595,-0.261981022114,-0.242194844115,-0.688721477474,0.0892319959872,-0.491766129128,0.356579121446,-0.24072657865,-0.229026167651,-0.333268273029,-0.125271724483,-0.368930342165,-0.031511039506,-0.787213570309,-0.248522503157,-0.376486095499,-0.697322161381,0.602368471413,1.141956963,-0.699236577437,-0.554174451646,0.699807791056,0.129912238805,0.349833078713,0.799830587925,0.446534716978,-1.75985285041,-1.06774338978,0.933200595351,-0.815080924472,3.10021756329,-0.262445405916,3.56394803584,1.40668791004,-0.474690254566,-2.17168817169,2.45397823202,-0.95979658316,-1.7610123782,-2.89776385113,-2.04580099905,1.20154117898,0.0251720068707,0.507375724311,-2.49174576441,3.02945649599,-4.85637461987,1.13312036752,-1.87278399593,-2.12354889681,1.17885696635,-2.80850026395,0.494635615895,0.317819650722,0.951242580055,-3.21781435559,-1.10970664194,0.0987139981992,2.30151135839,2.3077831334,0.298356836919,-0.25681144133,-0.128081127257,-0.583383388191,0.224599507826,-0.781382837026,2.36859636802,-0.828483151231,1.07488205936,-1.89282753827,3.51869517948,-1.52003056197,-0.986391649532,0.574983378591,0.483664523995,0.845235604831,-1.83143419151,0.374860028418,-0.621709173328,2.30582215551,-0.721848803811,0.0231809399472,0.85649759714,0.105346652608,-2.15642201603,1.44420277693,-0.214648435489,0.554164511882,0.370365297931
27,-0.328872311726,0.166130452675,0.0466145842096,0.215876100695,0.15323628951,-0.369649820392,-0.225148644884,0.026830267523,-0.0276482448759,0.032751436692,-0.0669418989924,-0.0425111257635,0.194600233732,0.151373960714,-0.118631748149,-0.258622593672,0.0648034561152,-0.574901754112,-0.315796739914,-0.396822920064,-0.373538034237,-0.285026062112,0.101730145916,0.0752989792923,0.0815979464034,-0.0207683370842,-0.178937929507,-0.470119140538,0.0468474931389,-0.0216127816654,0.579668168483,0.539311446226,-0.270608502999,-0.133640084474,-0.609925922768,0.0808372441464,-0.478480064166,0.521944477539,-0.307574039077,-0.106232741619,-0.493193974402,0.22786516626,-0.489380852723,-0.114733222924,-0.683433217093,-0.200423915706,-0.285782648272,-0.866780935025,0.653068837804,1.06116550879,-0.476562306499,-0.610927734764,0.680302079816,0.222907325859,0.361237698368,0.580481586705,0.596700133555,-1.77516193816,-1.01381721098,0.970229778517,-2.92742443236,-1.95288004872,-0.764644691266,0.136666932888,5.26210749323,-1.70077758413,4.26069094693,0.686554977078,-3.23256894562,-2.26096670178,-2.63695579833,-1.48553884275,1.79693439399,-1.43028542363,-0.00405141275358,-1.98790073232,0.721419689634,-3.25165726972,1.05609698511,2.14741189697,1.90332132026,1.17916687227,-3.59792635799,1.79206972636,0.0622218887083,0.990739393364,-1.62019734586,2.11796799587,-1.44257230982,1.5339534662,1.62941066338,-0.391807752723,0.0595944836265,2.21566375371,2.08338931686,-0.370620422514,1.0800450434,0.884399381767,-0.539544807598,1.32126256756,-1.28738861926,3.44473283126,-0.815355227963,-0.685519394039,1.49219766624,0.470890485202,0.933074918496,-1.52633561441,0.639421433148,-0.99360029321,2.12545660978,-0.397668206795,-0.410910958184,0.997101829687,0.119870904689,-2.21905944415,1.55120321025,-0.0926319085977,0.523519376932,0.369880209828
28,-0.0913857054886,0.21583802208,0.235823082728,0.140001043513,0.151150449629,0.109932535005,0.106157396333,-0.0618938131365,-0.235215974269,-0.269549467482,-0.257613887513,-0.0950967590254,0.202552626631,0.0603139806348,-0.168389266899,-0.299556316005,-0.155725693826,-0.620729593948,-0.300012168798,-0.0499031977795,-0.0426298401437,-0.127001774557,-0.18321802331,0.220255598763,0.0823080539454,0.0316328390696,-0.22624417489,-0.128903519427,-0.14560372894,0.058946968098,0.660374650518,0.485468846153,-0.261255510945,0.164146600087,-0.307925589197,0.0240590991525,-0.28004435573,0.532923356486,-0.352873540674,0.0234292947806,-0.588549596618,0.544771714531,-0.519556441268,-0.17079467598,-0.4928450231,-0.15484424609,-0.196734273405,-0.997069348411,0.729414568577,0.94410233301,-0.277960691754,-0.631212430655,0.618627640816,0.327842306726,0.373255032445,0.358352154513,0.755147082516,-1.77863563794,-0.963194880656,1.00711020891,4.8191598806,1.21312681004,2.55221157827,-0.141868141324,-4.07735206205,9.40699471227,1.81026376432,-1.7149467563,-0.874556219933,-3.41867280642,-1.15702210064,0.30820256861,-1.8560899014,-0.0864125027871,-0.805601786316,0.968134375074,-4.77688217415,2.21734486701,-0.51388699473,3.9907116943,4.06367808576,2.19661492278,-1.74616695488,0.754429193985,0.00838007683071,-0.0207189528531,0.584991797004,4.33391437419,-2.12636294799,0.0624138518334,-0.124022111581,-0.622962055023,0.0480002831312,3.47652170718,3.6928446745,-0.704956667906,2.81266687279,-0.61578112986,-0.375357110739,1.21696319783,-0.615916093121,2.80792515767,0.258834531144,-0.448446496164,2.28794634267,0.443315051068,0.816061368163,-1.05647338347,0.878689271162,-1.33949132005,1.83090834807,0.0011627383735,-0.814953337704,1.09306145718,0.117849649793,-2.2117657402,1.60940443805,0.0217056622207,0.488212808508,0.367402558947
29,-0.0441134419555,0.0139707621676,0.201812304732,0.195344405646,0.120948467876,0.61096676167,0.272253334488,-0.142560972203,-0.296747479817,-0.507831980707,-0.323088990434,-0.0736175516504,-0.0844823651726,0.113412963198,-0.227907406398,-0.20148654,-0.666488481861,-0.291349736912,-0.312604469195,0.221382066081,0.302117166301,0.170482279762,-0.224767499362,0.188953037111,0.0909194185818,-0.0198075630783,-0.110714254264,0.299393846265,-0.309127060178,0.00677664535697,0.551791394243,0.421936203404,-0.277767474125,0.501907290331,0.0672084265371,-0.047927098246,0.0590833592485,0.417658041677,-0.381832091338,0.127749494301,-0.616953742625,0.775315149708,-0.432226387866,-0.206870883963,-0.23409855108,-0.110247104373,-0.128167313379,-1.07462093679,0.826126754322,0.795644510114,-0.112770163249,-0.609563424492,0.519340165211,0.439622922818,0.384315312617,0.140475007834,0.916894249646,-1.77114072313,-0.916305029998,1.04364655987,-2.44521301753,-2.26208635022,-4.0909791033,0.497557161962,5.54414612138,-1.97804547146,1.88163745524,0.718442984685,-0.756460459273,-0.709259785453,-0.313879284812,-0.464600353758,-2.985971414,0.701714668799,-0.197576842826,0.172337124399,-3.98849556772,3.24521230601,0.815895090491,0.719410349569,2.32053590837,3.61915031131,0.750172134189,-1.36272282471,0.164369629246,-0.899284902706,1.38372312222,3.71561583913,-0.795050157723,-0.955468788755,-1.97038245701,-0.63786886615,-0.450644557888,2.97881410165,3.49100532941,-0.682112938305,3.80380202664,-1.55808249595,-0.188215885105,0.832212268877,0.0387392196821,1.75011398901,1.49235624653,-0.283449369351,2.83742500171,0.46076511524,0.531824448664,-0.483461843459,1.0377180382,-1.61425931173,1.46477298523,0.43386725527,-1.15823279105,1.13222169016,0.101071757585,-2.13414754885,1.61705304139,0.12646001031,0.448993992405,0.363013232941
30,-0.0790404848543,0.0730679503279,-0.102432120195,0.204755552566,0.658597536698,0.180120872619,0.306542875367,0.0656628078072,-0.332327801311,-0.39912129818,-0.33846391431,-0.24252396189,-0.24957023588,0.108118625303,-0.210809030207,-0.345486419031,-0.753525538414,-0.133499031483,-0.10339036406,0.0531415494911,0.394471086317,0.525208996963,-0.111173374211,-0.0120800676737,0.10611540149,-0.119455817613,-0.0159678264899,0.531747288708,-0.25426515117,-0.0978341404438,0.296511535703,0.356092491738,-0.358955871543,0.709798368996,0.333721676112,-0.105956465324,0.442589008969,0.251595307871,-0.386005259394,0.18471886072,-0.583686710616,0.888448101438,-0.225000669357,-0.228861109985,0.0635674165458,-0.0595484504918,-0.0940056318041,-1.09286681251,0.932603546847,0.624939154568,0.0141359028475,-0.544753348637,0.38993128047,0.552090115252,0.39305131185,-0.0661970377382,1.07686781967,-1.75371186168,-0.873501906074,1.07965225206,1.29461081017,0.316847329332,1.87486505141,0.227769991023,0.148091287179,-2.24098251511,-2.12422300221,2.53467823814,0.856454450712,2.38458449318,-0.0163636178411,-2.67265617797,-0.112734672325,-1.03602713175,0.340188666048,-2.81404425316,2.42250848998,-0.27476602018,3.01000283973,-3.70990517733,-0.220959073038,2.97094336787,1.00932316495,-2.33405421261,0.0589714818046,-0.949559569551,0.25831761248,0.699076322903,1.99173275624,-0.979004474302,-2.93156954688,-0.698281585103,-1.16413489382,1.00607847195,1.62018820863,-0.472291085903,3.66472019993,-1.60505049398,0.1300715189,0.293165649364,0.607478876325,0.502979178396,2.6083906789,-0.159064250301,3.05649718502,0.571621127064,0.138750697613,0.116324033597,1.06657465397,-1.77877645544,1.07281255254,0.857206405645,-1.41318916268,1.10561883802,0.0717564206063,-1.98819007013,1.57405574697,0.220182434423,0.406599321574,0.356805991686
31,0.0117971993733,0.0415734554453,0.352676218517,0.307264355772,0.0601985400252,0.288559557424,0.0165024660639,0.139397920602,-0.0364367957813,-0.146647330663,-0.32690441343,-0.473350543009,-0.187130152056,-0.0583149175186,-0.204777118393,-0.606469398245,-0.321717130837,-0.252276528847,0.137768997314,-0.365950532528,0.35230053088,0.675153573614,-0.109662275955,-0.213853293975,0.0862202847748,-0.188889720091,-0.0790853632476,0.441490610231,0.0701297267907,-0.168565153296,0.00924047881768,0.279175093438,-0.497617525185,0.689686433459,0.366139009028,-0.146719037009,0.754036417695,0.125437635221,-0.351598369405,0.18583304625,-0.500026583459,0.878418473905,0.0762347055915,-0.23831961018,0.365083311605,0.00798036540713,-0.101829764254,-1.05309652981,1.03388729984,0.44447334085,0.102385355783,-0.439816965446,0.24038351352,0.658388859878,0.398328838053,-0.255025773645,1.23006755022,-1.72750487308,-0.835067246147,1.11495065119,0.180988273841,2.2512319101,2.46326818417,0.889675618559,-7.25722670505,0.959801035121,-1.65597561001,-1.4839863394,4.53317873607,2.34567065779,0.273264751517,-1.13892808451,0.625785652556,-1.79156307604,-0.329498163522,-1.37941822721,4.95453548793,-1.23503845766,0.933656521647,-3.76238945424,-0.122371949821,-0.215266322793,-1.20922181566,-1.46837813635,-0.514952129999,-0.388483811326,-1.45100318579,-2.24961006027,4.21098200471,-0.403548253884,-2.60409460598,-0.843915750298,-1.490116449,-1.36321538401,-0.994180749836,-0.389622003776,2.40081980086,-0.801214589955,0.570475252363,-0.263203888913,1.0397591279,-0.670091192851,3.33030767012,-0.0239859026437,2.91387573939,0.798410953978,-0.296865968836,0.664242234938,0.929521651343,-1.80634262658,0.698395136559,1.22990091782,-1.55796326649,1.00843641206,0.032306099556,-1.77818126434,1.48197124727,0.301900616553,0.361740860777,0.34888567942
32,-0.265872584481,0.300036106324,0.205603682438,0.109628743269,-0.01804313832,-0.0646117459205,0.0729066708769,-0.0347836166063,0.301060652341,0.066077832764,-0.256414925674,-0.389435393475,-0.21909458955,-0.151317055965,-0.250505080539,-0.485836799837,0.0155843587298,-0.243928968673,-0.0182317141135,-0.574479490451,0.422468436066,0.502219638851,-0.338212408657,-0.291931144935,0.00214288181529,-0.197404370664,-0.263745076376,0.168012946535,0.504675967663,-0.185844194389,-0.190038553677,0.190168840414,-0.625457626952,0.466667048725,0.150634240584,-0.196211903513,0.899383784822,0.106171013221,-0.272228991548,0.135361091471,-0.381382800222,0.764654956008,0.420930334682,-0.231777088371,0.635022472355,0.103645955869,-0.152719891402,-0.964051131991,1.11248326732,0.268571015145,0.155613680696,-0.301645598535,0.0824884943902,0.751419599526,0.399254034926,-0.419910980813,1.37172924017,-1.69374877756,-0.801213193516,1.14937608799,-5.44850440815,-0.230873334494,-2.89418658343,-4.26773704904,4.31354986519,-5.99792478474,1.05317780705,-0.313996652063,0.876593594266,1.92326291236,1.40317609253,2.6258392764,-1.18077231015,0.181856091054,-0.229867327678,3.83232770433,1.25196904483,1.57463482469,-3.95423951683,-0.260190459095,1.45602690843,-2.79946282861,-2.99768928077,-0.192640312002,-1.11284363245,0.178237901196,-1.93620144564,-2.69243338721,3.99840461534,-0.0312317388687,-1.26113068119,-0.903876200459,-0.888163025283,-2.86578355596,-3.14805887179,-0.667374070982,0.446028559512,0.44034360597,0.999193358618,-0.72233650461,1.3030765356,-1.53944515584,3.45261513994,0.166472398886,2.43324567204,1.12938199966,-0.713195281209,1.09186550212,0.612608383448,-1.68755351099,0.377572178644,1.51673213615,-1.57854483163,0.840686661618,-0.0149064614109,-1.51056220774,1.34394655065,0.371121974655,0.315097072755,0.339366461898
33,-0.391044371297,0.223655574017,0.0192513005829,-0.0637376097311,0.0667658489588,-0.208881572884,-0.0708849189535,0.149664117627,0.13275675041,0.19034376593,-0.00512515385125,-0.0711710321081,-0.3003934284,-0.0512111459141,-0.170198529239,0.0323705708396,-0.0230358973335,-0.0290446592889,-0.508764146789,-0.487197441117,0.573212059466,0.242276474905,-0.606160831503,-0.293446745747,-0.117094497852,-0.163374465418,-0.405651491006,-0.000780175670272,0.783651389768,-0.195676752542,-0.230708817566,0.107172071181,-0.642133266935,0.171270405203,-0.218167069289,-0.291500330714,0.844313043197,0.207761210577,-0.158611928685,0.0472662205792,-0.245641914555,0.585481758321,0.743987623873,-0.202655349666,0.842818257313,0.23580637993,-0.242207407539,-0.840360076712,1.150798308,0.111517039821,0.180535861629,-0.140205537887,-0.0710204281958,0.824340893939,0.395161951444,-0.555495442355,1.49747816036,-1.65369836999,-0.772086023934,1.18277470415,4.87390280864,-0.0420727968187,-0.285275545349,1.71726493507,-4.32244426681,3.84615409446,-3.14151995921,2.44639367751,-2.91253860346,0.20497970807,3.52908148454,3.05569021717,0.377293078977,1.35784815611,2.1135596335,5.45870860716,-1.18825151534,1.8363729639,-4.74058075171,1.3335149912,1.07269940924,-1.74749057213,-1.83881433819,-0.0750364512073,-1.15675494416,0.459243670326,-0.666013096444,-0.339785063857,1.2742431913,-0.257008796151,0.451397899399,-0.708104914461,0.683242921135,-2.75878812116,-3.96833474545,-1.27402975776,-1.4760602639,1.51198887925,1.22398092677,-1.00558834734,1.37988579168,-1.96428431527,2.89700323936,0.426515998999,1.68632919486,1.51790467318,-1.06232538433,1.35129190307,0.128278188758,-1.43277639293,0.135397738961,1.69189726004,-1.47030415737,0.607543026474,-0.0676970308927,-1.19371064677,1.16460046056,0.427819924759,0.26730588602,0.328370112472
34,0.157641710452,-0.0510642117911,0.164771989862,0.0731107537759,-0.253558773747,0.100415838618,-0.109019449245,0.0948493831521,-0.0123393286231,0.113823356885,0.334471104271,0.165506089926,-0.0580779718132,0.0249114440252,0.16120349938,0.416613393952,-0.0522514730711,-0.0287746644185,-0.770921183444,-0.430010894144,0.568781903447,0.233283874637,-0.642049558164,-0.338212123839,-0.210548939598,-0.109204070339,-0.377365238824,0.122192305632,0.738304994815,-0.246328969464,-0.108934342608,0.0564350123173,-0.476859881999,-0.0362372839159,-0.592567230764,-0.451581196931,0.630145076722,0.384652890531,-0.0392098346509,-0.0583799839676,-0.111774116753,0.3874781233,0.980057251419,-0.145082843665,0.966935988516,0.406691018709,-0.361956085071,-0.700128225693,1.13384921383,-0.0144246093111,0.185730719412,0.0325274801716,-0.207450895419,0.871085757204,0.385592532006,-0.65734531875,1.60346836189,-1.60858898453,-0.747770448279,1.2150051302,3.10415250632,-4.64914407592,0.546245941563,-0.632494465754,1.67720764481,-0.665647661346,3.35268682521,-3.72524245171,0.320256043722,-1.14304307462,2.38058592411,1.86431372455,4.24485303934,-0.112166938682,4.08513782826,1.74135345402,1.06582072543,-2.10125324907,-0.00141362639894,-0.498120941427,-1.20769639701,1.60129962469,1.14574896501,-0.843415637891,-0.662845120444,0.632918346707,1.17310437356,2.65408098986,-2.06792681726,-0.743820062074,1.89635561329,-0.283168015669,2.59822879903,-1.21383008261,-3.2992004365,-1.89328619586,-2.62919697239,1.87713431552,1.1003122788,-1.06844786781,1.26616287033,-1.9226775824,1.73794362643,0.726869332383,0.779419389103,1.889883825,-1.31522730916,1.42161191429,-0.483956729294,-1.07174326096,-0.0160898123498,1.74128711768,-1.23874546647,0.319276124873,-0.124161085316,-0.837666193716,0.949858501993,0.472404014381,0.218960092629,0.316024365923
35,0.199357683379,-0.177847795466,-0.26529580232,-0.0689977474148,0.200421686541,-0.105981305863,0.196648229457,-0.213420095447,0.0369455449486,0.0989669176632,0.361578821127,0.364615383982,0.38885712661,-0.0587853592138,0.512413664192,0.410151241629,0.150523531445,-0.360664685546,-0.548399561113,-0.5569391408,0.391986379578,0.492360199343,-0.433330019428,-0.43770326146,-0.251013196538,-0.0318233064492,-0.20966285227,0.457014407493,0.430924484127,-0.331224178046,0.125027506382,0.0506977872322,-0.145619428463,-0.0549111038304,-0.845955808354,-0.655983491707,0.359342831578,0.551739755941,0.0494339885813,-0.158522105404,0.00163986715235,0.213446367113,1.07851527297,-0.0582476082782,0.997503001293,0.610307492828,-0.50169166387,-0.562109585297,1.05182530766,-0.100803232374,0.180315235619,0.203798603544,-0.315166559831,0.88685100833,0.370261126752,-0.722100513811,1.68650328805,-1.55959499154,-0.728294262731,1.24593900264,-1.76926571907,0.761805475534,-5.98588495656,-1.31455248194,3.05592988906,0.156799985987,-0.202142006954,-0.15977385127,-0.25730614771,1.05340657075,-1.64710993024,2.2172573557,3.64049927807,-1.1858492179,2.21607443926,-1.24049969981,2.24632638701,-3.51936609037,3.65818547806,-1.50817155144,-1.77493007154,2.9499736858,2.52039507109,-0.91759640459,-0.201711163046,0.941404457275,1.89738266218,3.52311250669,-3.63698953437,-0.849747173106,2.64249779795,0.146058129028,3.82486012407,0.821707708262,-1.6794114219,-2.09243828368,-2.57373740768,1.31373485721,0.621926156491,-0.895217039852,0.974713410032,-1.50886787944,0.190182184347,0.997436481816,-0.163460208548,2.15772434122,-1.46178325673,1.31062917434,-1.16110280532,-0.650196426381,-0.0780406544435,1.66348251971,-0.899391264277,-0.0092215466922,-0.182692025242,-0.453806577053,0.706745165103,0.505675434503,0.170604976785,0.302461353773
36,0.0486180677532,-0.231468464406,-0.266049375597,-0.199919160922,-0.0203292507629,0.22710435977,-0.123719138197,0.0617757336212,-0.0245080766266,0.212757949793,0.183059197516,0.540447994884,0.520762612683,-0.123002490676,0.512627256667,0.297306739179,0.238804255512,-0.521513360298,-0.229185356646,-0.611564794632,0.319388728672,0.694864501266,-0.244217890221,-0.475432763546,-0.265650370292,0.0800463079576,-0.0544858737227,0.719540208209,0.104969518896,-0.394887389268,0.388975892497,0.0776407477858,0.235501940849,0.105692755358,-0.925456764233,-0.846115666027,0.154211826652,0.622829818542,0.0784704399155,-0.229997581964,0.0784504441887,0.0922481592818,1.01534283236,0.0503132186973,0.937211289274,0.831962780343,-0.650912082606,-0.442950394563,0.902091286484,-0.144305205822,0.172691820185,0.361336745684,-0.384546339174,0.868519225411,0.349030731461,-0.747590634522,1.74413377195,-1.50779339337,-0.713633131707,1.27546132914,0.885880219606,0.677540797956,4.82799615114,-1.08729272119,-5.32813912771,2.90054385901,-2.91286544828,3.45790089732,0.128710604646,0.351943953703,-0.847212205785,0.671814409662,-1.19174081511,0.23699250178,-2.26047653292,-0.677834855093,-0.936293911777,0.977719604212,1.98243978485,0.830155439263,0.623837832379,0.637935471202,0.85639396384,0.320002718885,-0.157942628692,1.26615230418,0.986585413649,1.27176028311,-2.46432803219,-0.339832435178,2.47767111528,0.342191945276,3.49850023065,2.20173670151,0.0367243731484,-1.58526747313,-1.37126182481,0.0254681412568,-0.0538610117592,-0.500530891236,0.542793399887,-0.899708997887,-1.43941301032,1.14543978605,-1.01782515614,2.23811325481,-1.50657321455,1.05182570795,-1.82417603663,-0.223971379799,-0.0631953318728,1.46941194324,-0.476787954283,-0.359301917536,-0.241929612319,-0.0544849762509,0.443140678901,0.528769902724,0.122737995006,0.287816129876
37,0.154710985143,0.0413902159894,0.0385783787575,-0.15135225268,-0.2724990874,-0.0903737240565,0.0451668756034,0.148412729408,0.165853487567,0.136435346485,0.263980039832,0.416396750449,0.228536627483,-0.000579372259933,0.135405421655,0.240932516138,0.000447036131019,-0.182333934089,-0.186833132006,-0.394391323567,0.495594107181,0.600968732366,-0.286874980693,-0.373194110521,-0.288512761968,0.207094442818,-0.0295021014971,0.660412381852,-0.00909216554897,-0.393088012616,0.590063072708,0.109538879546,0.496276753448,0.339951892602,-0.858698922972,-0.951035633284,0.105027388715,0.550942916934,0.0408456439784,-0.253019793332,0.107777504978,0.0331248197224,0.798876114774,0.163814760877,0.800566447949,1.04961024003,-0.800028410447,-0.354941762192,0.690285237726,-0.147389363385,0.169531698261,0.494519493387,-0.408802990549,0.81497666503,0.321892427008,-0.732913170062,1.77473028067,-1.45413366448,-0.703715310333,1.30347071098,-2.30991071744,1.04317981576,0.270624057602,2.12636014243,1.11072040477,-7.73904004242,4.75250627885,-1.25894671998,2.9331763726,-1.08238334934,1.86278095836,-3.07633148251,-3.86882695191,1.97492021831,-4.61647014703,-1.01021917576,-3.07721995244,4.97980612582,-0.716463741984,3.05981677062,2.39984351053,-2.22713281536,-1.5257431161,1.56129289328,-0.282819145918,1.16709963398,-0.419074560254,-2.46232750401,0.252637970929,0.344379793007,1.40768236218,0.259167462771,1.46978785138,2.24691479245,1.16779217811,-0.430625904907,0.419874117159,-1.43562623259,-0.664550870629,0.0607113976679,0.0393352314753,-0.300929231735,-2.82363146993,1.08388621607,-1.6742494412,2.07015054013,-1.46202657664,0.69740642897,-2.38859333599,0.148694120217,0.00716892125327,1.18076122073,-0.00270537593634,-0.709763884222,-0.300650093684,0.347361181061,0.167510630175,0.543090320051,0.0758102585239,0.272225290505
38,-0.227488024898,0.0134512978268,-0.0416862109648,0.0393659202441,-0.10378998174,-0.436529989731,0.142117157764,0.129466607913,0.315134516842,0.190004944639,0.347263179891,0.0382194140488,-0.0936371147328,0.192883341708,-0.280059778393,-0.00806383976939,-0.204690808088,0.246286451509,-0.229191740653,-0.129962905142,0.663351074349,0.354743103993,-0.468668007021,-0.218310093911,-0.311520894318,0.28945603574,-0.0980106661728,0.275056655413,0.128717906859,-0.343016836522,0.649936271315,0.12643023545,0.496781479076,0.514715355753,-0.71850516967,-0.924158956983,0.230161600619,0.352210051053,-0.0438069735757,-0.215733466305,0.0872517851002,0.0257345330887,0.467946880746,0.258338736805,0.61172815687,1.23687780354,-0.940776242954,-0.304604383513,0.43029326837,-0.118108935653,0.175115938295,0.595325376759,-0.384587230962,0.72729756347,0.288958972692,-0.678471562791,1.77752714197,-1.39941472489,-0.698426141148,1.32987943225,-1.0771166136,1.95293875762,-0.514117813537,0.401085045688,0.712736281277,3.66740877681,-4.36045160314,1.5556286713,-0.499078712307,2.41001120765,-0.984460141313,-3.68715188398,-1.98582434276,1.48623752207,-3.24385297856,-4.12132460279,-0.453023544853,2.55763570058,0.554611639817,1.63338565558,0.318914897078,-2.10870671034,-1.61038853715,1.22111236572,-0.105255724413,0.371188300665,-0.659814128849,-4.80093104966,2.19624627833,0.537502496505,-0.267473853317,0.0881138923314,-1.51911222304,1.10571498112,1.51728107114,0.961068984691,1.97349870671,-2.40811848154,-0.961008564529,0.684047428555,-0.435454414723,0.110562541184,-3.69199488691,0.761766889542,-2.05087600067,1.63027700572,-1.34104703387,0.308896450985,-2.77597046814,0.415540290826,0.107240646422,0.827357735183,0.486321426036,-1.03830664579,-0.357616603012,0.738619410087,-0.111382422501,0.550231925008,0.0302295108175,0.255825689142
39,-0.0654500245851,0.179407198371,0.149143422506,-0.0728009296666,-0.0474223731193,0.205151059047,-0.301111964362,0.200682187533,0.206122523291,0.432249471815,0.090601616185,-0.200495013425,-0.127181130878,0.253649165663,-0.488293350343,-0.495713333632,-0.106557131151,0.243504080647,-0.0293789654829,-0.110002540888,0.501055539976,0.256102219807,-0.530957152316,-0.175421907742,-0.298254021073,0.269320764187,-0.103921781894,-0.193335452876,0.351258167175,-0.30815572531,0.537345099135,0.1337407215,0.204079111878,0.549139130621,-0.572540365953,-0.769770118447,0.466917177894,0.10184117263,-0.136876275714,-0.11906257265,0.0255680963141,0.0454501392236,0.0828788838245,0.30765605566,0.401274465542,1.36729976091,-1.06595243008,-0.292261367595,0.143046566856,-0.0691118593213,0.191098511709,0.658986443303,-0.312321678435,0.608775046877,0.250474368497,-0.585971903318,1.7526374348,-1.34426965126,-0.697612192768,1.35461342516,1.16183047309,-1.75254251961,2.97283795651,-0.651636405966,1.70113907537,4.31952541925,-0.235343571546,-1.84524439602,-0.572794102749,0.883266364337,-3.24734490484,-0.835221866193,1.14204990475,-0.215543669395,-1.0649712607,-4.70785261719,1.70324720166,-2.32697656388,3.10888984608,-0.972538013148,-3.40865330025,0.197583985659,0.537908391007,-0.446922459291,0.39197785136,-0.764036055041,0.759284240625,-4.0401055955,1.84552954586,0.0830740218507,-1.91316557064,0.109670777916,-4.16272960639,-0.389205367175,1.35370599902,2.02961394808,2.55776673782,-2.41935609883,-0.830128854193,1.2212923761,-0.764120806853,0.231666771111,-3.89346635272,0.186527497736,-2.10238107614,0.940992011045,-1.15121882894,-0.0529103602902,-2.92557682191,0.53813160994,0.211003848176,0.44385257003,0.951898465959,-1.32312438982,-0.411413667377,1.10641872055,-0.384775640423,0.551902891553,-0.0136357503174,0.238753242723
40,-0.0451851717978,0.0109830564638,0.0482696927842,0.204226166966,0.238155424587,0.114216464056,0.215141087804,-0.122628440577,0.19986356665,0.205396696239,-0.121161327536,-0.140344588202,0.0539970402028,0.208344439735,-0.534890779045,-0.760861317348,-0.0471319125741,-0.0670604326933,0.246710367458,-0.204280704769,0.0895618492987,0.338948404243,-0.38049713592,-0.287259835047,-0.238504226772,0.155494109965,0.0678990391965,-0.454777297355,0.434009573194,-0.327694980224,0.294739810811,0.160110489134,-0.283218980565,0.458131131115,-0.450000789947,-0.543124860131,0.698574537579,-0.0970624075422,-0.198306783454,0.0202577463026,-0.0571038037695,0.0619915898028,-0.288386117292,0.289583506738,0.20225583544,1.41902327001,-1.16872215558,-0.31257398283,-0.145736986631,-0.0159330325335,0.216691654257,0.684289776537,-0.196232114497,0.464790655754,0.206839656712,-0.458378046922,1.70103820972,-1.28915842845,-0.701084944824,1.37761212026,0.616093801319,0.414514162497,-3.77477506622,4.5351327542,2.79485123482,-3.21335147946,6.82541055982,-1.87327510974,-0.701723697492,-4.96480702123,-0.594871362492,1.78899899324,2.01108677761,-0.278905490911,-0.00164430370391,-0.00841724807873,-1.2178735525,-2.99575896622,1.57312316102,-0.206378651934,-4.07078834397,0.943215567366,2.14811757752,-1.5254397991,0.732393847086,-1.33957331329,2.57567147561,-0.996145780405,-0.367044170477,-0.400241042294,-2.74486362932,0.474371684435,-5.25579601154,-1.26297183791,1.11626728127,2.36479302857,1.86789677693,-1.4085771529,-0.359480938175,1.51186189671,-0.840288634512,0.0534170623969,-3.42911502868,-0.56866405019,-1.82518654672,0.0714155498972,-0.892214751393,-0.336884785871,-2.80371802487,0.497987878023,0.296249875898,0.0660836423965,1.35687605003,-1.54451785429,-0.460292438669,1.43854285457,-0.644200951239,0.549843434802,-0.0554513849005,0.22114182349
41,0.0159055799897,-0.0114992487825,0.116983841108,0.277239561452,0.320455758651,0.215974021048,0.364953741808,0.150326521339,-0.0783821687121,-0.303684077461,-0.0839346805447,0.0918573472684,0.215197517018,0.255782803468,-0.485437816099,-0.520262271439,-0.356297960133,-0.251544317227,0.18697838409,-0.0674116159564,-0.187873226551,0.342259731897,-0.180425398223,-0.413971727185,-0.170016692956,0.0449827858666,0.359898641918,-0.400817864686,0.278111160935,-0.359579339272,0.0332839979384,0.236831857114,-0.778349349292,0.335380604218,-0.342623232966,-0.32294587168,0.806406322603,-0.158606180468,-0.205970202936,0.171012071458,-0.132002084422,0.0486620487179,-0.585570204509,0.192151970717,0.0459247200726,1.37913432406,-1.24186277687,-0.355853998599,-0.408584156518,0.0251993749406,0.24921203639,0.673515954508,-0.0440697585616,0.30252725652,0.158652547511,-0.299826018481,1.62452670037,-1.23436873692,-0.70862396209,1.39882818987,0.25196701079,-0.533160021974,4.5851212302,-3.02423440461,-1.1223521335,5.31375730991,-3.62953343825,5.86855564378,-4.14402249908,-3.85314925125,0.693855383705,2.46248112379,1.17059972931,1.26147552142,1.09660224008,4.03220883362,-4.27175583734,-0.70970563185,-2.71559018816,2.89173342203,-1.16748056046,-1.21758661293,1.5109061367,-0.69050865736,0.546558448796,-0.644199028589,2.89752408867,1.8190605046,-2.58100606783,-0.0483567625012,-2.25339939052,1.07827080674,-4.32131030769,-0.998757428515,1.065958191,1.92968974323,0.17130779478,0.229957856724,0.193355232677,1.43690202186,-0.604450773223,-0.347132865519,-2.44715700506,-1.37605474784,-1.25868191096,-0.870848197089,-0.557165066118,-0.507970592482,-2.40961007866,0.300038573042,0.347696240692,-0.272483946954,1.66838040181,-1.68639371003,-0.502053267417,1.7238294864,-0.881768551053,0.545746497574,-0.0949123477175,0.203122228759
42,-0.0514809021526,0.192821185536,0.20731498494,0.117876501988,0.216059174522,0.549615623703,0.151614471814,0.392875105362,-0.296492828939,-0.424911613571,-0.0674602822639,0.26798843317,0.317860978882,0.408033099102,-0.312756120424,-0.165051126961,-0.689522923508,-0.296218272421,-0.181807872215,0.265872163983,-0.167133647505,0.0924508038359,-0.10719329443,-0.386438620731,-0.141742574749,0.0609054772376,0.572248482709,-0.16886109411,-0.025842389634,-0.300877743087,-0.116661130536,0.373512181685,-1.09550035841,0.289096969002,-0.233131350816,-0.171455421372,0.723219269459,-0.0530558326983,-0.167333057954,0.29467912437,-0.168078473459,-0.01046964695,-0.769019762164,0.0178064125907,-0.0424404738402,1.2467698801,-1.2773351317,-0.409853988786,-0.619668710364,0.0397426270248,0.284875694034,0.632040812688,0.133455068003,0.130542788955,0.106755911246,-0.11549964814,1.52564916195,-1.1800244678,-0.719979539695,1.41822719197,-2.79362205226,2.26181454913,-3.06002830772,1.11551933248,0.233868965135,-1.55548797949,2.02295408865,-3.14307286413,0.972574644688,1.45724503043,-0.344880402742,0.704687942126,1.06396481237,1.32206701707,2.17419140218,2.15057560192,-1.39252450486,-0.765060486344,-3.78097620608,2.91240792145,1.1082185407,-3.46381621463,0.0448821683213,1.26952643452,-0.00508246071431,1.03908578003,1.03998929961,2.37485679872,-3.16181594595,1.35863449343,-0.609303020709,1.6135991628,-1.85198565595,0.16624887201,1.11738780796,1.07274327602,-1.80934543777,1.80910919363,0.518777540912,0.977845588321,-0.0741479998048,-0.838360323143,-1.20268812981,-2.08074416077,-0.48203128527,-1.75556213285,-0.137702140579,-0.550257980268,-1.77682385109,-0.0271936489715,0.358788484488,-0.543876402603,1.86051265583,-1.73752912336,-0.533989368198,1.95254460806,-1.09042931763,0.541182991496,-0.13173743633,0.184821219893
43,-0.335775284451,0.128959934869,0.109602116795,0.256963378815,0.321102510423,0.116962879271,0.452421274534,-0.159900959467,0.0010221766284,-0.084347868596,-0.0743627747385,0.216408783033,0.421071615643,0.440202246888,-0.127185399411,-0.156979747601,-0.559914633999,-0.459411889811,-0.421433752101,0.359864365802,-0.0802341882158,-0.249199075219,-0.116319674405,-0.187504217635,-0.167913091801,0.241616646471,0.538000458979,-0.00214625587876,-0.294438639645,-0.0799723282854,-0.0791125368948,0.545828544193,-1.13712697301,0.371525237965,-0.126449294475,-0.104870919852,0.4636831372,0.17815936673,-0.117001512688,0.357525236134,-0.140427093837,-0.117228697921,-0.82731283269,-0.215681408911,-0.0471510664134,1.0343539981,-1.26649320409,-0.461690812302,-0.758122677113,0.0170653820136,0.319697404319,0.567659988196,0.323482787706,-0.0417662020587,0.0522880614915,0.0885295410183,1.40760489674,-1.12610136956,-0.734874839073,1.43578712117,0.658662386099,-0.393404780415,2.20730675451,0.49899991367,0.249918961627,-3.32400825886,-0.167588872884,-3.9903645347,3.21009493162,4.70608817719,0.736573159776,-1.45002418598,0.685297696654,-0.850130888637,1.07139411152,-1.65650685794,3.5739728046,-2.2863053528,-0.666995589608,-1.45289431146,0.177382483047,-2.8238532358,0.140541130262,2.44734263309,-0.471060403723,2.38379315874,-1.67924740904,0.70651568784,-1.99990953567,2.98169063794,1.30994174822,1.74247780244,0.96373796113,1.41621746417,0.952120537725,0.316626990044,-3.22473974241,2.64729750315,0.40815239333,0.251388406862,0.645927648331,-1.27718033598,0.00663696970199,-2.53752688243,0.393905228503,-2.45102059223,0.368603169343,-0.466614142111,-0.970031710068,-0.434812257777,0.331970938271,-0.727995979216,1.91648552137,-1.69249581561,-0.552909787358,2.11672130712,-1.26420724146,0.537534362473,-0.165664416157,0.166360621693
44,-0.00262122945143,0.254698755889,0.368081444947,0.265715210095,0.141896853616,0.162680194943,-0.120079655413,-0.0305384016424,0.150965557924,0.341520950536,0.135762066635,0.0915860790277,0.370163442625,0.268186574533,-0.154977425755,-0.349384919696,-0.169727450164,-0.62930933522,-0.350096907003,0.00541040045035,-0.152804243346,-0.399572087156,-0.0204734868551,0.0448900594799,-0.223490968819,0.47920266028,0.28377139405,-0.0420380054604,-0.410424138069,0.256365034922,0.116963918322,0.701803110975,-0.933700395653,0.545577446936,-0.058663943026,-0.0915078610265,0.117403974724,0.438657507343,-0.100284684121,0.343935195401,-0.0382963783552,-0.260303043236,-0.77792294148,-0.478052279468,0.0353364561316,0.766593870033,-1.2010750856,-0.49958061924,-0.810802039221,-0.0478054828495,0.350340526456,0.489720183795,0.511992280165,-0.204772970898,-0.00327369659386,0.305494095715,1.2741288719,-1.07244896765,-0.753007569242,1.45149787213,1.4394799847,-0.667337374751,1.3002522461,0.133818107313,-2.39776409542,1.75008041499,-7.88185372064,4.88140179431,0.323519035938,2.91722567444,3.31838347866,-0.414153044769,-1.98223779993,-2.18658153144,-1.57417863527,-1.3959714797,3.07844991201,-0.346099637604,1.51564764851,-4.95046456647,-1.35218459096,-0.0929952411719,1.89970156028,1.94814097656,-0.572620191278,2.02090321099,-3.01803226788,-1.39770155891,-0.377965044778,3.45275010297,2.39515379393,1.27343843267,2.87142347174,1.8809010676,0.320397467031,0.0460768685828,-3.48435356994,2.36968582798,-0.131773750342,-0.503784340705,1.38314404459,-1.5498657709,0.912111891416,-2.6473585399,1.23966535439,-2.84704115372,0.9504271687,-0.275422786656,-0.0774740182778,-0.859811004901,0.277448851902,-0.814078946919,1.83001943242,-1.55216404222,-0.55525213419,2.21045222765,-1.39839391683,0.535934949024,-0.196445853632,0.147856474
45,-0.187887139741,0.0690246951013,0.141352403826,0.225462526231,0.125958730263,-0.0569809538004,-0.294282920785,0.225586193673,0.271003057653,0.433294591269,0.474444650368,0.193364114464,0.0656739106152,0.0883017013691,-0.356175023476,-0.356535162289,-0.0850186247768,-0.444453459374,-0.241987204821,-0.444846662068,-0.247637951869,-0.304936451548,0.24160682874,0.173575015421,-0.268987808316,0.583305719739,0.0213231787179,-0.234834827903,-0.401412051963,0.544381540203,0.349803116376,0.781788437853,-0.616933196962,0.707961602677,-0.0754449713647,-0.0783675488506,-0.191602553847,0.617700605407,-0.14988534653,0.26559645421,0.13027767901,-0.419680411373,-0.661124701649,-0.732605868696,0.195401143414,0.477253044759,-1.07489819148,-0.514145168718,-0.774125799952,-0.153184817658,0.374777220172,0.408154752996,0.684886219137,-0.34925627984,-0.0580853695961,0.528148889065,1.12935707232,-1.01881767014,-0.774051298817,1.46536062067,-1.5637610608,0.448188080284,-5.01994386092,-1.70610205897,1.36416254637,-5.40531815859,5.29997105872,-1.07780026447,2.32872599565,-0.596333897895,2.6610810025,2.24068542976,-3.36784140683,-1.11591440324,-1.76951514428,1.12396134671,-1.38005484867,3.88319368382,0.247796598161,-3.16834083414,0.0187582738313,1.60652797734,3.01938680098,0.609203457788,-0.269332979873,-0.156448435129,-1.83077232384,-2.15397842581,0.346542800107,1.98768305403,2.0096402979,0.250140840418,3.18749682676,1.1790996155,-0.689967750657,0.280964918712,-2.51493840605,1.07526823161,-0.862815140283,-0.995878365111,1.944001067,-1.59909704135,1.33483932858,-2.38351566736,1.92461004401,-2.87574250304,1.57680277303,-0.00547176376373,0.799824731551,-1.23357881605,0.210693018144,-0.801147738958,1.60588628226,-1.32373996325,-0.537286256486,2.23012528522,-1.4896983348,0.537226213462,-0.22384594021,0.129418228729
46,-0.0915797548812,0.0954526366181,-0.0411109412516,-0.0986672538055,-0.0221210179591,-0.219699481216,0.304861989496,0.0677450193149,0.431297358391,0.398462629182,0.562222934251,0.412254108201,-0.112136749049,0.0579175039927,-0.3903563998,-0.223107988917,-0.312373087211,-0.00203186684759,-0.294574078953,-0.531328564439,-0.0859579514719,-0.154979265466,0.498392366121,0.184209495995,-0.262751834141,0.436698822044,-0.0312203359627,-0.416986754149,-0.379286595696,0.607099815533,0.477892741147,0.742010402182,-0.343679601187,0.753184536683,-0.194111747805,-0.0298722210231,-0.359418451099,0.637247819409,-0.266783372792,0.161647873905,0.339416632312,-0.572838162188,-0.528961874819,-0.94402638656,0.41112607531,0.204123837589,-0.885959055555,-0.499166865778,-0.654734379553,-0.290645128789,0.392653900898,0.332523360934,0.82908628279,-0.467015965124,-0.10993316947,0.749009697576,0.97767933733,-0.964889787077,-0.797656509548,1.47738712643,2.06867956359,-2.65110463964,2.11662061727,-3.52923281184,-5.14194829449,4.3706061173,2.75702698458,0.482858200901,-0.223668484425,0.498564338044,-0.907920742037,1.35674529776,0.58205987104,0.386289241475,1.35553410209,0.972022028711,-2.13821575092,3.8724908991,-0.878334693024,1.4047626195,3.1505539295,1.12773232859,1.69022544627,-0.244144795873,0.472115585874,-2.65265379335,0.842966091608,-1.28904680104,-0.0290824457319,-0.841116767157,0.420420280508,-1.06316866102,2.10401684798,-0.351095289326,-1.61916738536,0.674126409784,-0.770741519415,-0.706130984597,-1.41322519486,-0.986772963194,2.17547507514,-1.43160897016,1.22176666752,-1.80014912094,2.33684513144,-2.52617340448,2.19521388182,0.309745861553,1.5606133894,-1.49150391289,0.149125300854,-0.69749201931,1.2595632777,-1.02032706557,-0.495400073794,2.17459278647,-1.53634665851,0.541924463684,-0.247638530623,0.111147987519
47,0.144826292888,-0.113105230137,-0.081603959732,-0.234729097428,-0.37578398523,0.326053384071,0.205113254661,0.387650776887,0.27555941028,0.475269327192,0.390493852602,0.387627216058,0.192745020176,0.134254500773,-0.131595593029,-0.209834463492,-0.353773615655,0.152411488587,-0.310874897673,-0.260108296863,0.291417024365,-0.0883641836905,0.521945933166,0.154701349578,-0.16035066281,0.10836911127,0.160773225706,-0.477640918547,-0.41094734461,0.386226950318,0.426752582712,0.572776015314,-0.213201197808,0.638153636559,-0.376775930301,0.0453466422956,-0.344876467212,0.484656401365,-0.415182053764,0.0878336037723,0.552298663564,-0.700750659843,-0.432186803157,-1.08605085454,0.651163027715,-0.0170204843254,-0.638465484649,-0.451795613983,-0.468874041454,-0.445893110562,0.405307237726,0.271146840085,0.933550536384,-0.551421893836,-0.156262365213,0.960604985682,0.823584881263,-0.910313055142,-0.82345152117,1.48759896142,2.15298799153,-0.237176554335,-4.53602669334,0.352738324394,1.80225910509,1.86595435134,-1.86390065726,3.83133262448,-1.3945677783,0.133594124855,-1.86183250798,-1.60736455777,4.74584339822,1.03684246829,3.13891646069,-0.48453695485,1.55484429687,-1.12814698504,0.950468246501,3.27568639733,3.67044696524,0.371191172459,-1.3116446988,-0.236479206457,1.62304798653,-3.52862500611,2.6716432271,0.025121865313,-0.512953043552,-3.3700212362,-1.38126312132,-2.26745738203,0.51399593351,-1.86979289778,-1.88233218593,0.7406509895,1.00214695553,-2.24616323787,-1.45045497242,-0.397429542759,2.01882479531,-1.10760681339,0.649710495816,-1.02059339085,2.40264195307,-1.84967162422,2.73498746688,0.637116349716,2.11604793401,-1.58235610318,0.10854245252,-0.519313317701,0.816034966414,-0.660040479329,-0.426449057149,2.04526508999,-1.53812830281,0.550203163186,-0.267606550682,0.0931397776589
48,0.177044994324,-0.312944703925,-0.403076835035,-0.206613510182,0.225754733504,0.0100825266689,0.278412992895,0.46346909682,0.359561260814,0.331368099301,0.258340706643,0.237785021135,0.593631375152,0.25816212491,0.0757098944497,-0.215152068368,-0.0820731487503,-0.148051026231,-0.104197021341,-0.00902411291122,0.507442304886,-0.0277619057576,0.259687403235,0.145134483969,0.0598471636115,-0.190735724838,0.420416371912,-0.439256729386,-0.447936044111,-0.00217243087635,0.229954471459,0.305876474742,-0.222068697712,0.407491382335,-0.536874484695,0.097000600217,-0.181133548704,0.21691859715,-0.535299953607,0.0971322586923,0.732127380194,-0.792179297247,-0.408386129755,-1.14704940274,0.879359395311,-0.158468947348,-0.344251520305,-0.372316461372,-0.240584402565,-0.600517940255,0.415434180972,0.230410895969,0.990132655822,-0.597854559425,-0.194243168319,1.1557329683,0.671505976816,-0.854735177094,-0.851043429208,1.4960266679,-0.156921479956,-2.88459335982,0.281029620686,0.841478964677,5.17101333653,-4.13763756773,2.18570588941,-2.2636020238,2.61715747681,-2.55314939177,-0.851071490793,-0.558481690218,2.1143782027,1.41154991813,0.364928969465,0.916972033048,3.03126091507,-3.87244137378,2.76434837753,1.35070117485,0.175853806766,1.09167667856,-3.64074769811,0.0200406053707,2.69265462895,-2.12832219852,2.09822625865,0.567068467865,-0.0183906572263,-4.00173271829,-2.35676296492,-2.95572758762,-0.527242095043,-2.55944159065,-1.15331430858,0.184249019737,2.1237212428,-2.93202998695,-0.850735080335,0.634227902115,1.5340613662,-0.718348602098,-0.201539053115,-0.208189568602,2.10161298926,-0.954284062974,3.11617039528,0.947495581789,2.40073316144,-1.47613057845,0.0998695156368,-0.28874302373,0.307851290265,-0.264739005092,-0.328142297251,1.84612142762,-1.49638644409,0.561890367131,-0.283542855944,0.0754788667775
49,0.327944172569,-0.202798513963,-0.144326624831,0.0443689140719,0.046907494609,0.138352264623,0.267313150458,0.234937681942,0.488318946654,0.164409366299,0.190187562499,0.33049564896,0.532352185515,0.392146392838,-0.0847553018618,-0.00330822124257,0.0973984605188,-0.397823523074,0.11619724798,0.00699578093523,0.317291680418,0.148066894299,-0.131450677006,0.145676282891,0.342033993199,-0.282752795622,0.516434865888,-0.391880020339,-0.379359512194,-0.336681745227,-0.00255500313463,0.00797923882993,-0.278713039153,0.164455798006,-0.58057646832,0.0648639494867,0.047154991238,-0.0646086088068,-0.569465886527,0.218446010573,0.85350330263,-0.845481165831,-0.474014427427,-1.13210729315,1.06053369776,-0.205512184623,-0.0230708958284,-0.26365146881,0.00107838105997,-0.734398776168,0.426476592592,0.214288883879,0.994216473926,-0.604003639105,-0.22087567604,1.32771538092,0.525665372378,-0.797837860603,-0.880019201709,1.50270884994,0.662968498195,3.48455040964,4.21380823452,2.58244518955,-6.13267168345,5.3088382088,-2.54203570235,-1.01697688154,-1.38967451645,-0.0361980347593,-0.435719701479,1.93487392981,-2.8550394719,1.04411057835,-3.12519998791,2.8713805873,0.177710710598,-0.286616903457,1.04786853752,-0.719924398142,-3.58044920107,2.3067345874,-3.79609544802,-0.0900305922966,2.68617369571,0.279374533567,-0.339812512126,0.321343497882,1.49051035789,-2.36441370496,-2.1010850938,-2.86310744911,-0.397414089184,-2.12842024059,0.363782829537,-0.87804127641,2.2803689176,-2.51939929836,0.216183305185,1.77570452866,0.882659677163,-0.360322929554,-1.09857675896,0.472971299963,1.47394770629,0.0115227392949,3.26279462104,1.21741435517,2.38076536216,-1.16922465426,0.126778692704,-0.0314870218451,-0.227392272221,0.141529545413,-0.19943158833,1.58363254444,-1.41395300086,0.576481242384,-0.295252545581,0.058241119742
50,-0.0858199518983,0.0466418755982,0.190011660795,0.0232222291078,-0.0715840105065,0.288081063387,0.103799606504,0.214818607744,0.132074325991,0.274445147829,0.237378107853,0.449658718637,0.22740856737,0.422389810176,-0.385585606453,0.192173139741,-0.00776346936507,-0.17519486238,0.058927045979,-0.0679927492379,-0.0703702229133,0.374511373634,-0.436082260125,0.114042897656,0.536146723938,-0.1704412139,0.35792610905,-0.365087511877,-0.153167241784,-0.435665717813,-0.162824093935,-0.240806293174,-0.266231238501,0.00617477780846,-0.460937254467,-0.0786717340927,0.247472243054,-0.256801484043,-0.490284124763,0.441796421601,0.910045619084,-0.867975050695,-0.621948072042,-1.06109237338,1.16646012758,-0.15930361128,0.298565045328,-0.130781421131,0.22543038742,-0.828462183183,0.441828443706,0.224107789901,0.945078194457,-0.570001624378,-0.233132324836,1.47063897875,0.389932912322,-0.739368874397,-0.909947077408,1.50769120298,-6.78399407495,3.54494462747,0.19230126347,-1.68743897974,4.94711498368,-4.04585558801,0.516383773933,-0.494620007458,-4.10981425847,1.21588648712,1.6293204454,-0.287886271966,-2.18943277854,-0.553992685011,-2.00396653882,0.159072902728,-1.64293450752,4.16938870339,-1.95768844079,-0.405731654576,-3.37330478176,1.83140079856,-2.07761601704,-0.580970566446,0.898859957939,1.66282291021,-2.630271978,0.364925899606,2.89409386239,0.430868040609,-1.03758052536,-2.00390542084,0.769310201701,-0.98178956621,1.97115454761,-1.93776480941,1.62456253141,-1.21350359797,1.33353520196,2.60506202825,0.27184209422,-0.113163662248,-1.81301703667,0.897321098659,0.617053483365,0.883594509359,3.11826359691,1.42904204768,2.05781192136,-0.68616457124,0.184573558334,0.225640141137,-0.749944225504,0.534250997762,-0.0408661684593,1.26659243257,-1.29503009308,0.593165050447,-0.302556659042,0.0414924042139
51,-0.509796818351,0.434956238121,0.117489381117,0.139898264355,0.333949468631,-0.116808069808,0.171548571282,0.0507201260585,-0.0461015487538,0.258562024464,0.443607582655,0.2781654657,0.182331681325,0.298402685153,-0.388400651461,-0.0426222042943,-0.102036603902,0.238739794523,-0.15441467684,-0.0434864239087,-0.234673947721,0.449295517491,-0.524951008983,0.0277727135519,0.480056188168,-0.0165092288252,0.0507333707792,-0.278568031187,0.15275449883,-0.271666837489,-0.211835828548,-0.378425902567,-0.115808347855,-0.0359664649401,-0.211584773696,-0.301317662738,0.361049917347,-0.295331975131,-0.317851920167,0.716929789564,0.915271126352,-0.873459495291,-0.824761736225,-0.963220331602,1.18094800525,-0.0369886431299,0.590068603025,0.01976501484,0.403738816126,-0.86742402745,0.464004107669,0.258556112171,0.845950779786,-0.49838226912,-0.228132513228,1.57957566758,0.267696530258,-0.679170729835,-0.940378396912,1.51102548672,-1.09281197516,0.560740921709,2.42677970299,4.18571280453,-0.51222318923,-0.135244291085,-1.08814821709,-2.234246651,0.866639534025,-1.44766749678,1.51406080293,-2.35473396003,0.989313751026,-1.66703989812,1.84045496988,-4.45463693887,0.104800252926,3.05696789534,-1.54637155983,0.802897919775,0.365752457632,-0.499021378887,0.309962687595,-1.12826286364,-2.09260639477,1.12906083206,-3.17602221797,1.56763970702,2.93552553825,2.61297906821,-0.0184386652711,-0.721356316523,2.20185936853,0.0469336065575,2.83348964214,-2.36505743263,0.639765026017,0.449065894197,2.0026896831,2.76585786161,-0.12027483406,-0.0250924542393,-2.17499879974,1.0070591385,-0.329106895957,1.51119554826,2.65980254355,1.5690014445,1.46881310901,-0.0775550295418,0.260542175198,0.45705052011,-1.22092451449,0.89020318335,0.145124826869,0.905859595858,-1.14502194414,0.610865415069,-0.305297109562,0.025288054112
52,-0.263627693159,0.321240330672,0.626616359387,0.516000435474,0.0672067240766,0.2246608758,-0.110626005047,-0.0882675073473,0.137009064087,0.129595879919,0.361253480603,0.15601962948,0.287248413613,0.147104828806,-0.144487468579,-0.488943617013,-0.0185535765089,0.309773450909,-0.142439982789,0.0427090224519,-0.0243112823667,0.288477312432,-0.388818978715,-0.105165711649,0.13882695592,0.0242985472678,-0.221985201365,-0.0269705122862,0.379830713447,0.0250877087505,-0.189749245432,-0.389728150681,0.151668228065,-0.0131089055145,0.0638063478569,-0.51728383059,0.382465090125,-0.175846467442,-0.117208446205,0.967540480799,0.896210564872,-0.878675764398,-1.04257399296,-0.86952183023,1.1029528867,0.131079418465,0.820718480531,0.180281175298,0.512556405423,-0.842142695745,0.49391537292,0.313910407335,0.703788548801,-0.393867067875,-0.203340371733,1.65077239077,0.161752294199,-0.617204740018,-0.97084998046,1.5127684478,4.88140148418,0.687001651904,3.17538889045,1.66406711777,-0.425387668206,3.23400406354,-2.46638830971,-0.230147013334,1.51373584204,-0.43730981233,-3.32197847741,0.309702213572,0.441543402475,-1.13816598709,2.14462992756,-3.14136973627,0.993553411303,-1.67222218115,1.90231086935,0.627278468839,3.34439254583,-2.43326137455,2.2637826255,-1.48494787435,-4.44984128141,-0.30793834421,-2.11097546913,3.46527922202,1.40221107009,2.9869892131,0.326651375999,0.423050721696,2.97476293992,0.236655175035,2.46089762528,-1.77817847127,-0.141930220777,1.85245729585,1.85857446746,2.113867601,-0.210105454138,-0.106197812085,-2.10937001695,0.823975531227,-1.20621076157,1.78524137842,1.90871457015,1.62688508268,0.681462654906,0.585572598941,0.33575493874,0.640393361453,-1.6052542617,1.1891147301,0.354057316241,0.51401190315,-0.970323062973,0.628292181962,-0.303342641321,0.00967240271821
53,-0.191897790291,0.307336003275,0.400081451623,0.448467315471,0.505846380616,0.154775995341,-0.01780391806,-0.00773797056728,0.128899014332,0.151167563524,-0.040059943862,0.249605973522,0.226815134849,0.0889907049039,-0.0837327838728,-0.492333434006,-0.0207387345543,0.00514431645639,0.148991942382,0.0455844943272,0.301419141852,0.0408789548036,-0.115593505868,-0.257000049987,-0.328353224276,-0.0475135243206,-0.365377780077,0.384587541782,0.416408857209,0.26729127193,-0.169783949513,-0.315988922147,0.43893902636,-0.0219023096336,0.244562609616,-0.6265705518,0.35012928324,0.0517136496616,0.0243300424921,1.11716869508,0.882101606019,-0.899423603631,-1.23331304675,-0.805138488106,0.946957481433,0.306672175403,0.964299243591,0.342125326195,0.536418909502,-0.751252700853,0.530390931117,0.384440907896,0.528753000279,-0.262996210956,-0.156773426591,1.68180249709,0.0742175112957,-0.553569400981,-1.00088714147,1.51298069977,-4.22571219365,-3.14252616427,-5.59405401956,-1.84135654527,5.68757797898,-2.50730806971,3.80601083202,1.6917207882,-1.41534651285,0.0569398110043,-3.18219969253,0.54503045351,-1.41297036387,-0.0346808900911,-1.00515129076,3.15025226264,-1.3367324059,-3.59252642346,3.15238766184,-0.582907399053,2.50546569921,-2.12346806265,2.92212657345,-1.47170241121,-4.4198759281,-0.870681909576,-0.849379445055,4.47587143347,-0.619948350779,1.64433524292,-0.00798410140461,0.914155883107,2.56693261282,-0.546698712921,1.0292887304,-0.297012945081,-0.411988407001,2.56438338601,0.840793868977,0.794924070153,-0.0380148684746,-0.327881590072,-1.64716445773,0.441014914846,-1.86711080936,1.66015846942,0.933674112783,1.59432906123,-0.213862704614,1.22035411164,0.388057089412,0.75810972854,-1.87426681286,1.41509664408,0.579353596979,0.104923023908,-0.778070262333,0.644002726103,-0.296595538713,-0.0053216008341
54,-0.311458135488,0.161602565589,0.0386269301632,0.286599246628,0.460892561361,0.302854777515,0.338971970997,0.210449723741,0.00331211106252,0.014443305071,-0.0893131708656,0.124300562797,0.0805525883243,0.129602259051,-0.243233629474,-0.0240554119279,-0.241250925024,-0.260476326271,0.323326819222,-0.0458245557761,0.387037584998,-0.0844003888759,0.133039484606,-0.379745707827,-0.658508156699,-0.0967886083277,-0.422930596558,0.793410647548,0.29006631628,0.333520533636,-0.197137172568,-0.235136120876,0.631267641202,-0.136722326104,0.260423028906,-0.566728481155,0.316217578259,0.310446557336,0.0312943485627,1.11771453966,0.892571851117,-0.946859371898,-1.36281478433,-0.783396134285,0.740373983072,0.450685429175,1.00364797156,0.495925885567,0.469601040197,-0.601834574509,0.570037117915,0.462946897384,0.333461550968,-0.113632421351,-0.087207440086,1.67167131659,0.00647006747416,-0.488512273318,-1.03000739553,1.51172556959,4.27252411484,1.33770955583,0.47657218053,-1.99829164981,-6.39115715618,5.45724591387,2.46427935048,2.28319872869,-0.39446574966,-2.63050451398,1.92488547215,-2.96292109888,-1.23807823889,0.753158195499,-1.3268133885,4.78967660333,-2.39654157523,-1.28745568708,-0.280892870176,-1.01777052349,-0.93809068793,-0.314794805535,1.73779447488,-0.872895602016,-1.85825620832,0.0881740577785,-0.46517782293,3.30038705601,-1.64698010383,-0.308848117315,-0.515173786426,0.574848503985,1.1662457118,-1.74560810882,-0.672614623529,1.47614747041,-0.206970099579,2.49011225108,-0.757813842805,-0.783819066657,0.251559361992,-0.626897854445,-0.911079434551,-0.00400814968525,-2.20480408978,1.1647027254,-0.154570272687,1.46525519296,-1.11466154981,1.74256960499,0.395814742434,0.798468099382,-2.00781001973,1.55773670969,0.812459907337,-0.306727501627,-0.575867560182,0.656470190349,-0.284998769337,-0.0196726765577
55,0.076099070832,0.0662642891449,0.305955652885,0.0327161966417,-0.0238870629863,0.612814627504,0.542637332698,0.369995698059,0.0794753473514,-0.178027312092,0.0920725812774,-0.17587360027,-0.0122623903644,0.20052640582,-0.219137292091,0.213397556575,-0.351464641425,-0.251865681079,0.0656663893468,-0.119869915361,0.149058744958,-0.0467433745543,0.184063652129,-0.411975870532,-0.670716658126,-0.0176714641757,-0.477522030424,0.978379418335,0.143039453433,0.226150727498,-0.259731820427,-0.21937450613,0.664543120851,-0.354396957721,0.134097124034,-0.348202655311,0.314528036869,0.530957400795,-0.128442937037,0.969684744793,0.930091938359,-1.02441580878,-1.41234248379,-0.803122418737,0.518345210914,0.530541040806,0.934233443859,0.631878817922,0.316745709852,-0.408997322781,0.60748753491,0.541369476102,0.13205779347,0.0456241701501,0.00563872117172,1.62087007617,-0.0408837897932,-0.42243480885,-1.05772489078,1.50906792111,0.548590174985,-3.08040115355,0.137521500412,-1.49763016817,0.00316885425765,-2.08806647181,1.87318564152,0.838641597147,1.56349556212,-0.0422075773919,0.276870052234,-1.97265260925,-0.71045320747,0.339529476671,1.93507004928,-0.642970002013,0.673816251383,1.10145497699,-4.48234428839,-0.374810163473,-3.38263898091,0.80804542427,-0.830149173007,0.292502453583,1.565457485,1.39057632316,-0.62104941388,0.191826424523,-1.04349110904,-1.66932957898,-0.643957675659,-0.303476163226,-0.460364068424,-2.45414540863,-1.66596855352,2.75139866683,0.170170641868,1.85816000417,-2.3911850359,-2.08625539499,0.472869301341,-0.913865091723,-0.0796628006482,-0.365545761889,-2.17446540763,0.398923043862,-1.21710283287,1.23746002421,-1.91805670247,2.07768120172,0.341844993303,0.756081353417,-1.99569329892,1.61277291354,1.0431286676,-0.705994558742,-0.371494203891,0.664155862774,-0.268543208704,-0.0333713842809
56,-0.0431535757491,-0.0201761186058,-0.203912131734,0.116151108704,0.315246904447,0.127687760703,0.524028608997,0.42662110389,0.244993951341,0.0605889943271,-0.0981423335287,-0.179466426243,-0.0680586059233,0.126157965193,0.0464332689665,-0.0787897064796,-0.124439113081,-0.136415813722,-0.420108470472,-0.128926881032,-0.17965602081,0.0228884991035,-0.0183731419731,-0.320971736603,-0.389188743223,0.132402023096,-0.524469993707,0.82533393657,0.112593396698,0.0374157901879,-0.306992613794,-0.293310548993,0.560971509606,-0.588122848375,-0.0280690929242,-0.052498667029,0.344017324323,0.676678989312,-0.428231288031,0.725754463828,0.979881236187,-1.12584333345,-1.38183795388,-0.849819607049,0.316919220152,0.526571248073,0.765980217701,0.740259619891,0.0923157394741,-0.194388230772,0.636029186858,0.611432047498,-0.060826029858,0.206065161837,0.120954546292,1.53137406934,-0.0680120862001,-0.355889855619,-1.08355554951,1.50507296794,-1.19118742156,0.107414374202,-4.88185160473,1.30086159362,3.2580473656,-3.70131838814,-3.42170634644,0.378245891235,1.67412160282,3.92728308793,-3.03756707434,1.51839954696,-0.34701158419,-2.04525044683,2.50846634256,-4.02793523912,3.21718912932,0.778242030746,-4.3018758039,0.0564491663538,-2.64760376653,0.386437308733,-2.94904816528,1.45620754359,3.72077767599,1.27627737147,-0.1227118879,-3.10474300248,0.47030925836,-1.92641059517,-0.220867888237,-1.10746712619,-1.44947871528,-2.00500689761,-1.34493270428,2.96376633389,0.366486434921,1.06245139683,-3.46977636199,-2.6382456574,0.479935279485,-1.08741469693,0.660393733288,-0.528557898174,-1.80322400626,-0.482951734299,-2.10759929022,0.915221493344,-2.53237337036,2.17101361361,0.216914339221,0.631955934893,-1.83838516894,1.58229468695,1.25986094794,-1.07823854572,-0.172606889808,0.665582731076,-0.247274575948,-0.0464201642738
57,0.0443651976318,-0.099665832817,0.0436142804126,0.0425277423561,0.186204974414,0.197378598133,0.0121738702097,0.352390645688,0.420235411195,0.343825093688,-0.202588231474,-0.0305437439672,-0.079669557463,-0.173405784894,0.146983052595,-0.331205340671,0.117858104555,-0.1378500452,-0.64515136208,-0.136789421051,-0.30163220827,0.0218430879171,-0.321732806132,-0.147586942282,-0.00258052793313,0.174254539166,-0.461204901315,0.41588390359,0.218814006632,-0.131783847991,-0.294258597025,-0.418748660239,0.410887337305,-0.717097123408,-0.094993934894,0.207129253089,0.375396251367,0.749849607176,-0.790150323134,0.475230483001,1.01744865307,-1.23498878911,-1.28829953752,-0.900295147042,0.165991955712,0.436085901215,0.522808017276,0.812215924655,-0.181050098271,0.0162161842924,0.648532614666,0.665265692988,-0.231137011952,0.359498761408,0.256740910853,1.40658310571,-0.0758301653083,-0.289571874317,-1.10702287317,1.49980508933,3.00153154049,0.886241111801,6.07818479285,-1.37592023871,-5.00961468098,2.82791627266,-4.16875137527,-2.42478344476,1.54466383526,0.858554372347,2.03046032052,0.822324146045,-0.032981319707,-3.32993804801,-0.653841618905,-0.107736432247,0.876282009237,-0.768755099258,0.178704611801,-0.29478431387,0.392558901262,-0.288906663725,-2.61788273592,1.83820251746,3.65689293246,-0.662167772107,1.54257767993,-4.69525797477,1.45322285301,-1.37352347029,0.485924857618,-1.26184728919,-1.37623971971,-0.433441342915,0.147829843704,2.07266037208,0.199613272189,0.451547457773,-3.59299560182,-2.20603965428,0.232573476823,-1.05477626053,1.16195485548,-0.437887426316,-1.18480920487,-1.30107361349,-2.69659745972,0.51214586552,-2.88727774163,1.99574480645,0.0222330422895,0.433155796871,-1.54692332605,1.47445720979,1.4504913451,-1.40970473774,0.01355232891,0.659407198608,-0.221299706759,-0.0588332330441
58,0.0600729078053,0.123710774869,0.16053382266,0.0822447438194,-0.137327959751,0.0841484186901,0.0187907586596,0.0269853639441,0.397307332722,0.277593682711,0.242765874216,-0.0084561483642,-0.123807463459,-0.380162480419,0.0088761310084,-0.0911234417843,0.00449021383488,-0.24723959991,-0.406078878284,-0.182284696856,-0.110922309945,0.00901485335826,-0.454137097085,0.0148112995822,0.290796026329,-0.0088186863273,-0.210075579822,-0.0342078258186,0.351672746479,-0.23071721154,-0.21501069403,-0.517208834847,0.312903772938,-0.662834178488,0.0126542536863,0.341578490695,0.37449214408,0.778313222037,-1.11277268177,0.314271789529,1.02073672644,-1.32789805465,-1.15988808561,-0.929453495026,0.083536894449,0.274217357509,0.239748365764,0.840813916863,-0.475077983726,0.195962384201,0.638562027921,0.695985600736,-0.366421741041,0.498822543836,0.409777491001,1.25120462787,-0.0659452874381,-0.224300198536,-1.12766432651,1.49332666432,-4.93184752759,0.179659097656,-3.05654526278,1.06516169072,0.551700658341,-5.45434869314,3.17437029143,-2.62911639072,-2.7694257127,-1.1835227314,5.31856933613,0.210316524759,-0.986205129847,-0.164181622342,-1.25426841673,4.11042824443,-2.7704113361,-1.112198141,4.05520591775,-0.489480943173,3.16404925626,0.278243623711,0.251734649608,1.30180094803,2.07702901793,-2.84053087717,3.35598381346,-3.95819726484,0.934066875482,-0.612836135422,1.04339269543,-0.579969457186,-0.505509049443,1.48645153208,1.96650805155,0.57710342778,-0.243627724079,0.172061277066,-2.70718234429,-0.892879761447,-0.18121358339,-0.757079533201,1.35337808412,-0.11115746658,-0.459545265673,-1.88483197734,-2.89490683522,0.0532154552897,-2.94142559968,1.5576277734,-0.229498613024,0.172175107212,-1.14205569769,1.30273152441,1.60288468188,-1.68808636351,0.180430982467,0.644486011754,-0.190791802629,-0.0706363212644
59,-0.341410030389,0.100837779994,-0.0460199086465,-0.00217476817716,0.062819248511,-0.294304683728,0.106761077235,0.0150773246128,-0.0577806777779,0.235892206894,0.537597677297,0.109639433022,-0.222247669157,-0.197507774633,0.0283981032162,0.260065043861,-0.281494144551,-0.304032415597,0.0124379849258,-0.204925714683,0.253593445526,0.108088449465,-0.266390146423,0.109001101543,0.411008821706,-0.326971454168,0.155883675845,-0.32891878584,0.362472951621,-0.259361288635,-0.0996035874134,-0.516855930975,0.310943855252,-0.444448119549,0.27240678696,0.327880951304,0.326925824723,0.792546449297,-1.30806982901,0.31237311738,0.981748457825,-1.37747031708,-1.02741888218,-0.917396417815,0.0724154886231,0.0712437580425,-0.0420438578337,0.822205843205,-0.759007802966,0.320250168081,0.601506396052,0.698193885708,-0.456724875368,0.618500308663,0.575663741326,1.07108239708,-0.0405750523279,-0.160995958083,-1.14503818135,1.48569694037,1.2313971911,2.13828895894,0.349796308295,-2.21442555273,0.507406933603,1.0396294291,-2.96115176818,1.69476144998,-4.6092170233,0.128364071638,-0.265697695778,2.12127132733,-0.297546503446,3.19848757297,1.77512066819,1.87649169869,-2.06503888077,0.177956269423,3.52715521751,0.140902804078,3.67530728879,1.70342853635,3.25389590293,0.656154813982,0.421081944908,-3.06937577145,3.58421906882,-1.83726538155,-0.844746225266,0.0135309680565,1.19112928835,0.628128736883,0.400517401001,2.67981287137,3.02147681313,-0.764193965139,-0.678950279519,0.136152855424,-1.12414175615,0.885868504447,-0.578047250069,-0.193848978007,1.25372376797,0.368070613171,0.216331886094,-2.10722998403,-2.67156587727,-0.424991956087,-2.68687454282,0.895755062518,-0.514739564916,-0.133893623457,-0.652683624301,1.0847489419,1.70570283024,-1.9030458914,0.322413007462,0.61993563131,-0.155994323959,-0.0818662433439
60,0.0121579352372,0.129165645794,0.178793705795,-0.0614526130456,-0.14752563606,0.109074487439,-0.25849700821,0.00424317563119,-0.177898765984,0.159983170855,0.253639022399,0.297453907188,-0.0514718957085,0.0771168304633,0.260777657398,0.207413035127,-0.295716826784,-0.195775497378,0.19201401558,-0.157474930171,0.541717545981,0.313961289073,0.104562106252,0.172975677857,0.403970230855,-0.532775713993,0.428149598505,-0.408015797317,0.180815583955,-0.230137834552,0.010505938861,-0.394171631208,0.368644834831,-0.175928320992,0.566759779243,0.214487302616,0.248930511726,0.806003028754,-1.33269775091,0.487339479855,0.912503764342,-1.36016870623,-0.915560069798,-0.854912884616,0.120517355204,-0.133203848162,-0.281634919229,0.756695932605,-1.00300324228,0.369930802633,0.535559431473,0.668391835287,-0.495301855229,0.714906719201,0.74893799679,0.872976193189,-0.00244296714139,-0.100653547464,-1.15873066969,1.47697095383,2.00946261093,-3.77551188158,1.78601422184,1.76248625928,-2.1668823582,2.92828308389,-1.32703080737,-3.05461183404,2.55261281274,-2.11307516001,-4.30335669537,0.857220286276,3.89569988753,1.53255890695,1.93057321051,-2.56273182361,1.85475958524,1.93448583666,-0.10603131693,0.658346891482,1.77236732482,2.08705884822,3.58775347263,0.775399340899,-0.404887926789,-0.689009101682,1.52784954711,0.117913704998,-2.68099351878,0.580418678819,0.963027442296,1.76170886562,0.594207708992,2.43138987808,2.59918758625,-1.35004727237,-0.813894236153,0.114668477991,0.605263107263,2.54252633217,-0.756075324214,0.561936467496,0.963246945542,0.874899897598,0.705302876241,-1.91170593572,-2.06246606828,-0.876634951793,-2.14986244769,0.0791575100356,-0.801461405286,-0.464330477778,-0.113724350344,0.840829525631,1.74919146342,-2.04666935964,0.435027455053,0.585181575624,-0.117223237594,-0.0925702914353
61,0.0702265575203,-0.0956805545879,-0.0748806765302,0.129651367878,0.0359237014049,-0.0941112873487,-0.053754972052,-0.342898086486,0.121538258493,-0.1079795318,-0.114755189883,0.219381742457,0.420377826557,0.089938099337,0.253275554983,-0.0847389300634,0.0109992206131,0.0466909114507,0.0347882965675,-0.118330075667,0.57663519441,0.451097604444,0.348109549777,0.28282602256,0.354191727677,-0.432994129669,0.426193648068,-0.34278098274,-0.134137537619,-0.138464195756,0.0868530811902,-0.184744541765,0.39741103737,-0.00315707363485,0.744916588866,0.0878634737361,0.178211070793,0.808681279007,-1.20147800089,0.798014502201,0.842305273964,-1.26338683047,-0.836152892035,-0.745886203512,0.204227132177,-0.297984942653,-0.444947553646,0.64943569784,-1.18145498148,0.333967252743,0.442388010091,0.605289793465,-0.479095129218,0.786513677446,0.923273953944,0.664300417616,0.0453445859556,-0.0443077498565,-1.1683632692,1.46719851988,0.542188024118,0.820696954938,-4.71932370311,-0.0195982235444,4.67770718106,-4.60962758526,2.90392794006,-1.12322359004,0.935414945005,-2.3130936535,-2.46459729317,-2.07465582061,4.14512813899,-0.667553759216,-2.40765870993,-2.33508445506,3.59443767622,2.62352420519,-2.5175506373,-0.0984353714029,-1.05706915425,0.326748891959,0.944820738164,1.41396608838,-0.52576069382,2.6067969163,-1.54603627267,0.98999833377,-3.36030552938,1.28123991286,0.547771535064,2.30156786921,-0.159087306676,0.862838774479,0.784561223265,-1.054495627,-0.536026832803,-0.105399622272,1.90764142083,3.52102000226,-0.585789306728,1.36706493458,0.631366556816,1.2786985615,0.919125829516,-1.32551823014,-1.16732484318,-1.25166233357,-1.38791404487,-0.800460008977,-1.05296634103,-0.795860547456,0.436452912789,0.592309003328,1.72593145252,-2.11383029382,0.515110500376,0.539995659718,-0.0748673852642,-0.102805450575
62,0.0742918541942,-0.130661513908,-0.116289387238,-0.101330194872,0.139453938166,-0.128570968572,-0.0921206581105,-0.0297604662579,-0.151417635913,-0.209429678749,-0.212953004994,0.0194051315236,0.518082567733,0.11222090379,-0.1543578481,-0.150421121391,0.294590313581,0.26086710698,-0.191277741781,-0.195783765662,0.365385113926,0.345518289551,0.283173158143,0.428642974876,0.299306157255,-0.0723278918906,0.163629354665,-0.241587041009,-0.438621052066,0.028454326473,0.118318640679,0.0406272050271,0.319342626271,-0.0163009124932,0.705421457723,0.0203242945812,0.15097137336,0.775977578039,-0.978423000329,1.15748798747,0.806800470799,-1.09134613173,-0.78553985769,-0.605994115411,0.294428620102,-0.388806800228,-0.510494301264,0.510496172896,-1.27582231323,0.211205723234,0.327364066972,0.51000527326,-0.408940119436,0.83390470208,1.09174816709,0.45283168992,0.0994349577061,0.00700218906931,-1.17359992443,1.45642330995,-0.180938445402,-1.13807345509,2.89230997761,-2.41328518065,-4.34753262512,4.36498156907,-2.79363472048,5.27800763365,-4.79435281292,-0.0623564156264,0.33261788043,-1.3319696557,-2.72989012054,1.69497324132,-4.89270173554,0.995838237169,1.65501566041,1.33503502415,-1.48874562587,-1.35351601021,-2.87058993475,-2.4007977295,-1.99745498294,1.25432096658,-0.622078045971,4.12605992722,-3.31444190205,0.933099700954,-2.49596756106,2.03890769961,0.0751154990307,2.08931453654,-1.42304026333,-1.08317392327,-1.56691454424,-0.266029415247,0.0130706830518,-0.586976284915,2.40372434198,3.48941097561,-0.0772116818927,2.03453666989,0.410348278571,1.4798767095,0.837946729301,-0.456345517976,-0.134841095565,-1.5030772038,-0.483580780665,-1.63906080772,-1.23270640485,-1.10381703703,0.958836498363,0.359794485374,1.63149849139,-2.10244285113,0.560913984827,0.484519537705,-0.0293868062087,-0.112637436072
63,0.0928861232214,0.00174458127692,-0.0602499445789,-0.137255170902,-0.345439848159,0.132579909626,-0.0820236413125,0.107957767707,-0.370147638076,-0.239564155031,-0.111777494543,-0.0335172727736,0.0133092931705,0.392816997883,-0.537463649009,0.0121069186702,0.319488936555,0.273495882342,-0.213738969404,-0.330569323091,0.0696097949971,0.0196110058873,0.0405330738433,0.475995174004,0.215072318026,0.285832217159,-0.144782798435,-0.164401156754,-0.600754263245,0.257036175833,0.100063590663,0.214951114822,0.123318438283,-0.190579508422,0.452514683412,0.0293697565819,0.179404147641,0.686739784815,-0.749801235333,1.4619392305,0.832814582544,-0.867256747011,-0.746725511973,-0.458106654768,0.363629532476,-0.385389670345,-0.47311641057,0.354149497395,-1.27670484842,0.0110069550707,0.199290280162,0.386139955107,-0.289486092865,0.8596170139,1.24716667248,0.246397355012,0.156373818456,0.052270110882,-1.17415399374,1.44468203401,-0.896531309809,1.59152331241,-1.44743647333,0.267492179104,-1.26922682732,-2.26178610529,4.08016767041,-3.62207014589,1.5466019424,-0.684932161527,1.23661931375,-0.149446256833,-5.67611369768,3.00067310899,-2.04099589053,1.49593362649,-1.01875462956,-1.10266297093,0.974506634532,-0.91608176941,-2.73599396131,-3.7157616102,-2.29274608805,-0.566394138284,-1.1354818248,2.55164168302,-2.40793992941,0.616201034675,-0.669756227482,2.42635449611,-0.452182150973,1.33691707794,-2.37721905318,-2.16840195033,-3.30146004961,0.368860079675,0.520084358478,-1.20039941588,2.0389447449,2.45025252079,0.606245952686,2.38068855298,0.40728487753,1.4375526759,0.513080258456,0.527840405484,0.861802228894,-1.59524477181,0.464571338986,-2.33251566008,-1.30947344063,-1.36340252688,1.41663132172,0.161485664626,1.46497762508,-2.01358823436,0.572155873548,0.419273506412,0.0186910778206,-0.122139559011
64,-0.0935066023347,-0.0743637964082,-0.11947504037,-0.198856737451,-0.0686089761991,-0.29828401821,0.201973560309,-0.320007091745,-0.0646054740478,-0.234189693438,-0.0596159753832,-0.102709472932,-0.284386844059,0.497143096556,-0.507786193444,0.0318846005295,0.134623270479,0.0757458664232,-0.0570500430583,-0.299505971181,-0.142205196375,-0.309700658195,-0.0812816071993,0.290277693966,0.0644232059518,0.376592236092,-0.254849508469,-0.113909899097,-0.575135815795,0.485456219974,0.0258665629353,0.302036371464,-0.122967175556,-0.393558663418,0.0934139198881,0.071558222524,0.243428803862,0.540094283341,-0.590633214357,1.62460402376,0.924957028173,-0.630165897204,-0.695841789016,-0.325720039314,0.392487404233,-0.285920552204,-0.34495846959,0.197334207902,-1.184911018,-0.247381798993,0.0696179540195,0.239725138945,-0.128836980284,0.86782458915,1.38243385086,0.0525581449379,0.212751783478,0.090560616405,-1.16979470715,1.43200374444,-0.1633161918,-0.311595271591,-0.165274351513,-0.0761379941932,3.19552156114,-2.05462462076,-2.17927146883,-1.59083896912,2.37852444384,1.485667947,-0.472310770535,-1.38019164231,0.585015456883,-1.6152307752,2.45568089146,-1.30050115689,-2.48143240661,-2.52358047778,1.73632967282,1.78374241319,-1.44670452363,-2.48487630985,0.119173647169,-3.089845918,-1.86625785754,-0.805728440517,0.335886027318,0.411714640066,1.08885897426,1.97996476715,-1.0339389822,0.400784056908,-2.35885963024,-1.5946962628,-3.61603697674,0.343531340413,0.687311730629,-1.68807047701,1.08093205449,0.7299094563,1.19656931055,2.2817975701,0.648246802476,1.18017569326,0.0524448777624,1.43199138587,1.65488994443,-1.51161647931,1.3528483746,-2.78929594813,-1.26224349829,-1.55106005623,1.77796798109,0.0116942345443,1.22928662632,-1.85150396457,0.550010410316,0.345150124312,0.06877742678,-0.131391430702
65,0.103037880753,-0.00843236377928,-0.0722309695046,-0.0218852392106,-0.104077032305,-0.0598194317329,-0.464475366744,-0.10073785453,-0.0600698581604,0.0211583392743,-0.170688645126,-0.237199896638,0.0326527128181,0.102931253864,-0.140607659671,-0.195996551068,-0.151514541694,-0.161335259487,0.0653861006479,0.0193488920032,-0.237563569631,-0.433759722318,0.0565118315449,-0.0904566897043,-0.143885353144,0.162846366219,-0.0947964159122,-0.0832466297606,-0.412481094037,0.622230397219,-0.103490513265,0.297441262121,-0.313007710912,-0.458059899883,-0.222335274802,0.0734104410107,0.301838667443,0.361918208474,-0.537946597763,1.6027298876,1.05968202537,-0.426388769884,-0.611095992921,-0.226340650151,0.374132074427,-0.107796639408,-0.153401192717,0.0574511139757,-1.01138857913,-0.536682612865,-0.0487725236089,0.0790245375222,0.0620631897949,0.863888097232,1.4909425577,-0.121701035211,0.265347041578,0.121045344949,-1.16035292282,1.41840927701,1.39606921304,-1.21885058974,2.14299488063,2.13587397046,-2.11074258443,3.37478184731,-6.50392107382,3.31467760426,-1.28378786322,2.49299388983,-1.15223944078,-0.615547321224,4.15858567074,-5.2934710255,4.26288518322,-2.64922403371,-3.14385687681,-1.94541984589,0.556129018546,4.25985199835,-0.655189659677,0.0141168651404,2.30313848644,-4.10228134241,-2.1721950803,-3.05157855037,2.58564104947,0.169335351531,1.98442059443,0.630375846993,-1.51262483741,-0.47254996723,-1.30019639379,0.490319317105,-2.50797561722,-0.404694633027,0.413110262269,-1.79668171984,-0.0070115766022,-1.14586330328,1.41687109414,1.72263087403,1.06596100505,0.795823903868,-0.408047419886,2.07368492361,2.112088879,-1.26011034645,2.08410812327,-2.94208181163,-1.08396932426,-1.64595313438,2.01827080218,-0.0803197099587,0.931273245005,-1.62343203388,0.497038299041,0.263392817061,0.120230025152,-0.140477521816
66,0.0759826629527,-0.0909306522916,0.048026633099,0.0132348661643,-0.0684552476676,-0.217476442194,-0.370419115321,-0.138048853525,-0.078038144203,0.0532160948005,-0.172402757473,-0.128004272347,0.216489412613,-0.324103029133,0.222623691117,-0.36899350827,-0.459065737724,-0.292055850908,0.0677559499904,0.444549162645,-0.314700498331,-0.344006673329,0.277025196848,-0.434522511255,-0.337538624774,-0.127009627576,0.184672618109,-0.089014530186,-0.214091127653,0.597681972324,-0.262857452382,0.211683190604,-0.367074480378,-0.279891291845,-0.386517704656,-0.0199512937696,0.316521189168,0.197601777425,-0.580619868321,1.40832937164,1.1898471344,-0.297266933263,-0.481521652168,-0.166775874556,0.315204254736,0.115584048655,0.0637544204515,-0.0501971761042,-0.775997649379,-0.824487906857,-0.143092263702,-0.0858153072682,0.270257356975,0.853808430941,1.56696174171,-0.27025817635,0.311258113779,0.143036393593,-1.14572598132,1.40391084218,-0.766077738198,2.28935105264,-1.61538192754,-0.918324808866,2.15894717544,-5.21386303303,7.36141437949,-3.6884573875,0.973149225419,-2.00864288961,1.35212698017,2.74365303128,-1.3991728113,-2.36643278743,2.4871205443,-0.350365176683,-2.70411667393,-0.724958492285,-0.272023598849,3.62545282592,-1.03773070781,1.45240582766,1.54529101469,-2.33946453911,-1.5266341538,-2.19552009067,2.58634371307,-0.325017771831,1.82372041024,-1.12267126372,-1.57924754905,-1.22306938228,0.226817684913,3.03147588151,-0.761260156395,-1.46212925687,-0.140583735769,-1.40692419524,-0.758680737531,-2.64066892116,1.08871510306,0.818581162759,1.51630374095,0.40466610897,-0.74016037185,2.32105288691,2.16059225606,-0.874651225137,2.57902183545,-2.75683207901,-0.783722878451,-1.63152528087,2.12211344328,-0.111098632901,0.581565584923,-1.33932895308,0.417059821099,0.175560253452,0.172363251771,-0.149485596743
67,-0.100378199495,0.0511499911875,-0.0905299042864,-0.0912173120337,-0.11271111048,-0.314142235784,0.132217802128,-0.31593676903,-0.0842829204029,-0.199520865861,0.0400936558143,0.168588898484,-0.169223381387,-0.344953682156,0.296150598612,-0.252249469565,-0.612888171533,-0.330430189556,0.0605505690217,0.648188238027,-0.448273805566,-0.213185390114,0.284250934288,-0.50448246423,-0.420210964315,-0.193083343309,0.357135841897,-0.149969047245,-0.0715832698876,0.412038767538,-0.397159240535,0.057089904104,-0.280360752952,0.11663523523,-0.390348343349,-0.20797898451,0.275789670769,0.0947218453627,-0.668493090643,1.09979709052,1.25883428706,-0.266587938618,-0.312727174926,-0.141763358999,0.233348277663,0.341390993548,0.265021541796,-0.11488961228,-0.505230553069,-1.07689039861,-0.202278437466,-0.243271824876,0.481756407751,0.843628623086,1.60599650606,-0.388105728726,0.348021285688,0.156015517192,-1.12588147578,1.38851177837,-2.39500811527,-1.39988898468,0.893150185806,-1.20027089736,-3.48783585976,5.15192245511,-0.601269221947,2.18531225635,-1.99346825045,-1.7577760696,2.2313494934,2.07404227093,-4.84300095469,1.38858233835,-1.03493073208,2.35423288598,0.020992495381,-0.130367307638,0.277027560041,0.21967248628,-1.49826028516,0.881347928535,-1.54272961619,0.981121388966,-0.0383843804479,1.07556928477,0.689944867308,-0.857953977232,0.955606870671,-2.4513400651,-0.992396727876,-1.84027103269,1.38200285489,4.64056703173,0.524746185376,-2.19451762032,-0.632514588695,-0.597439928945,-0.884199820034,-3.38916772955,0.209467923862,-0.200887215234,1.82063104592,0.121390407905,-0.857014936668,2.12077933497,1.80067969538,-0.412015565045,2.78567119739,-2.23812477374,-0.386785486649,-1.49706950391,2.08442112102,-0.0832609279511,0.194171315034,-1.01144787861,0.314976290872,0.0834778575141,0.224459748641,-0.158505048044
68,-0.0437893206156,0.0545517461997,-0.00285172922051,-0.197515745627,-0.277875130033,0.212773609246,-0.195552022577,0.0732349291345,-0.328336384786,-0.185329382078,0.147951989275,0.123142550748,-0.441564522407,-0.191668406613,0.0784793797926,-0.00837986007706,-0.416227033583,-0.307770372744,0.11624418741,0.506497729337,-0.564721372048,-0.191250633831,0.00631558094343,-0.278680680161,-0.345113629649,0.0737338243101,0.327463303929,-0.243926634978,-0.0267349706337,0.144300436048,-0.442143537749,-0.147125077572,-0.122971868426,0.584653815148,-0.32322634733,-0.431973076918,0.203420832427,0.0839048223262,-0.735748562976,0.758535304541,1.21951313596,-0.331673261756,-0.127555802097,-0.136402376187,0.151811917176,0.525960527004,0.412658744034,-0.132417802627,-0.229104520182,-1.26242618174,-0.21852811736,-0.381106082611,0.682603316356,0.838833663882,1.60509601131,-0.471554667567,0.373707913903,0.159657913228,-1.10085978233,1.37220647546,2.9530487213,1.57554828325,-0.584598772236,-0.304790136086,2.66335095791,0.788569728798,-1.78920359588,2.44738470757,-1.00114398987,1.68550523417,-0.46448939217,-3.07537795455,0.283971570814,1.1940443711,-2.72624329074,1.95561232082,3.79874380872,0.782026468515,0.639805912672,-2.68862683611,-0.531486538,-0.36984161224,-3.53002630876,3.1328709686,1.44355711461,3.92581294467,-1.0741314184,-0.901794714494,-0.0281925526471,-2.69400251631,0.15554338371,-2.17345185088,1.59007820447,4.37756538578,0.589334112673,-2.1369017711,-0.729166184435,0.383425325938,-0.367329243922,-3.30620981172,-1.03184745467,-1.04797173237,1.82277987571,0.0187063071392,-0.73593619533,1.50992963231,1.10581675549,0.0559660963055,2.68631309191,-1.42999052885,0.0674564361792,-1.23919347407,1.91091861616,-0.00526795815156,-0.214161024705,-0.653809934323,0.196547537946,-0.0108216511315,0.275783491951,-0.167625159753
69,0.0479717315933,-0.122808440482,-0.093352097911,-0.0149211278974,0.177911469132,-0.176353720658,0.0316414898529,-0.0849822626887,-0.0988043369945,-0.00357815003834,-0.0602051990401,-0.29203549777,-0.170032587343,-0.101002183786,-0.122491774454,0.079637386143,0.0580649276717,-0.126512018223,0.143192392216,0.206125130796,-0.507042959529,-0.241636737904,-0.296571304957,0.0263872482186,-0.168227409359,0.489887112224,0.206589627071,-0.305842847301,-0.0633369292916,-0.0868805911554,-0.36356697509,-0.357591229943,0.00636353003701,0.929980042913,-0.31309013993,-0.608283657327,0.14819134851,0.166502640777,-0.728437631487,0.45993357006,1.05123398222,-0.461498111751,0.0390032451485,-0.131702016768,0.0925820409221,0.633634020429,0.479414867399,-0.106044956719,0.022439408879,-1.35586278623,-0.188517010044,-0.487157464402,0.859941964949,0.843798661571,1.56308682145,-0.518381101315,0.38699767704,0.153849607995,-1.07077522784,1.3549804743,-0.441789759095,-3.50571331048,-0.667767465106,3.87313232277,2.71895482459,-4.13874510308,3.61961528648,-3.80770475246,4.66386309609,1.38580754983,-3.36859931431,-3.91499953998,3.90842189074,1.01156600981,-0.83443833093,-0.116253741786,5.00718922488,2.99412870351,-0.239371276731,-2.86081180703,1.7952864114,-0.32201924109,-1.91037277346,2.51492815996,1.84781432199,3.80438507551,-0.984252856151,-0.238569876935,-0.605678146661,-1.76271690812,1.37210469117,-1.90775948037,0.878503514627,2.28362525543,-0.536561569986,-1.28405615589,-0.28835227499,1.21917610494,0.550212333822,-2.58813091128,-2.30902120486,-1.45815025952,1.44401849377,0.103223906036,-0.424158685502,0.608757700806,0.209013808785,0.453800537581,2.30035640802,-0.411983428386,0.529659451387,-0.863026164585,1.61777146752,0.109304786458,-0.624787958068,-0.281588111417,0.0681350696157,-0.105166348455,0.325593910177,-0.176933331411
70,0.172126858414,-0.0681152950365,-0.0318095034441,0.201990212404,0.0203988749507,-0.0121788901249,-0.0125980907009,-0.159828597398,0.227435847689,0.0426473089789,-0.390798516729,-0.451292313543,0.0832060761961,0.064951670567,-0.0772044518123,0.0471838477526,0.454066720948,0.27011082934,0.082385470606,-0.0091427148517,-0.218866816867,-0.200715321607,-0.297544662633,0.165228235939,-0.0258470463992,0.731624078116,0.186282934122,-0.284191924421,-0.126297804758,-0.186758778254,-0.187231995448,-0.499726015254,0.0405217508482,1.01320188351,-0.443678769015,-0.677717464612,0.159639388611,0.314068589447,-0.625241939749,0.249505753875,0.768500444404,-0.603291194199,0.149552651525,-0.11156291379,0.0699097846622,0.643961643378,0.453314259446,-0.0462228690593,0.223218711569,-1.34136704262,-0.114118325679,-0.550238642591,1.00300957754,0.861332764934,1.48071317717,-0.527908071642,0.38722488842,0.138697713016,-1.03581581017,1.33681074426,1.1011430819,2.75871479487,2.85486165737,-1.74595846009,-3.37607692057,5.78493029992,-3.99957492773,3.24172986933,0.477865402155,-0.567831030153,-2.33815474708,1.04728634026,0.45279494073,2.17212829536,1.39127638839,0.00441475123869,2.47087410686,4.53374811507,-0.695529240966,-1.37757024362,3.73514573962,1.29259738644,1.9526727876,0.178137635197,0.78918877641,0.689721059689,0.710758811151,0.634169646035,-0.550024311321,-0.197726596461,2.01306357766,-0.786908428286,-0.195261853981,-0.641413015635,-2.04595319188,-0.106561057444,0.561888984369,1.65004500117,1.48228055705,-1.61292294767,-3.26557161323,-1.27358175848,0.718367229274,0.311832556002,-0.025423162459,-0.404225411357,-0.722103206575,0.715403419995,1.68294503841,0.709192664198,0.946277164765,-0.382986027542,1.23042209772,0.242942599184,-1.01817761198,0.089567666845,-0.06357788891,-0.197319138229,0.373160648657,-0.186513297
71,-0.0987166741515,0.0602260689971,0.152045587236,-0.137499495978,-0.016108161471,0.206468185217,-0.146593038854,0.229120785513,0.0394006376665,-0.125610821309,-0.387353384157,-0.182603238136,-0.0325682110728,0.220487353587,0.0557290478109,0.151928399736,0.540610073639,0.658995020047,0.0764891233714,-0.0895198988626,0.173337059527,0.00880453782833,0.0326688003462,0.088239146302,-0.0316994387279,0.612907361324,0.336492900744,-0.200763413057,-0.157659633646,-0.133688590837,0.00688827028816,-0.489967381579,-0.0218810494977,0.821167658505,-0.697800530503,-0.641509484459,0.26314956512,0.479171224867,-0.444032998163,0.132350121505,0.417871048803,-0.696406395389,0.176003061337,-0.068972678108,0.086022432146,0.555730424266,0.339575217948,0.0309814208543,0.35412258636,-1.21464771916,-0.00249346644933,-0.561077765593,1.10397474685,0.892359418721,1.36067103623,-0.501018255461,0.374396163636,0.114533102506,-0.996241427362,1.31766613777,-4.77502740381,1.65276522461,-2.21614971289,-1.42405262268,2.24804850922,-3.18401556157,3.59971887271,2.01936455744,-2.94540796489,-2.56973545048,2.53966254014,3.35064817984,-1.84176823886,0.218575173946,0.879542071308,2.10437488583,-0.425758497178,2.5992450426,0.873645803813,-0.413497519941,3.73964041938,2.66742655178,4.03637183868,-1.42049095404,-0.880795008873,-2.86027642986,2.04696845839,0.87344563138,-0.0356446662105,1.15622603535,1.7101271422,1.06515680663,-0.957271054596,-2.99519644137,-2.83395490224,0.720522579875,1.48824142207,1.56692287548,2.05831465822,-0.783193907305,-3.63585141007,-0.500767820131,-0.204661282578,0.530851374355,0.329422306811,-1.32967383043,-1.51675871441,0.796406249037,0.919015256656,1.81162567672,1.26623983351,0.177072131575,0.781680325933,0.375726095659,-1.37501691744,0.444231944265,-0.191877239275,-0.285054797549,0.41777854931,-0.196443374392
72,-0.320207828332,0.21141794068,-0.0915469996134,0.0667041581669,0.0647565631455,-0.155684121218,0.38220340342,0.119383890044,-0.171607691871,-0.327880111204,-0.0137089410422,0.066161858603,-0.113047347777,0.042622292706,0.0996471365554,0.39814319483,0.466157157481,0.710808994357,0.26309636571,-0.11827776109,0.465705959239,0.264344898716,0.363276645401,-0.0505588337193,-0.169544449197,0.24398551892,0.523636828173,-0.142550336847,-0.134646403917,0.0149140796146,0.129680789323,-0.283440806077,-0.128717804503,0.469126025323,-0.960824566159,-0.561809856516,0.447267322855,0.612506480255,-0.232820359667,0.0785820142477,0.0639082112901,-0.689729256037,0.109731321986,-0.00931441786782,0.130272908147,0.386956137957,0.159307416522,0.1065462271,0.405619983822,-0.983780286165,0.134496782033,-0.513237533987,1.15855188039,0.935763268928,1.2075292282,-0.440096635739,0.349178988758,0.0819053622024,-0.9523806168,1.29750801681,1.00180344894,-1.25465971695,2.19140750568,2.84286041663,-1.57249976602,-0.179756732549,2.96801855704,-2.83594332385,-1.09847483077,-0.489666860113,3.74447068905,1.36410139037,0.572790641263,-3.48687478569,0.39589743881,2.25492617543,-0.606252914144,-1.56558817174,2.56159982489,-0.185841352321,1.88189691667,2.07641190645,1.89015095593,-1.06112489425,-1.60197767263,-3.96185919917,1.29796412917,0.158841933867,0.441316054624,1.64273971152,0.672059538095,3.00389006436,-1.07178064144,-3.73156216184,-2.16224150678,0.719296403776,2.11881959298,1.04021729459,2.06505088297,-0.374432495412,-3.33599989003,0.6790096978,-1.09366175849,0.633275941017,0.520215707347,-1.98920312455,-2.03291083991,0.683202234045,0.113255131755,2.77235317584,1.44771568604,0.784488675955,0.309185434995,0.487107891807,-1.67734996759,0.7678971357,-0.31030702401,-0.36623699415,0.458782399313,-0.206794781231
73,0.0372901666285,0.0796937730709,0.364889733718,0.152683089271,-0.0394961907598,0.237499009903,0.108125803885,-0.0739695072204,-0.200630887654,-0.128613248886,0.176215654171,0.124502960488,0.0145035344025,-0.319613302736,0.232098397512,0.515178659139,0.456507477167,0.429219162962,0.480698348118,-0.11077863965,0.526347113618,0.372643365162,0.327302795762,-0.0955362229574,-0.289930209513,-0.0731400707436,0.533841541735,-0.179140975668,-0.0879114744433,0.161683054476,0.140320475381,0.0823551211551,-0.220360924008,0.135310279589,-1.08372759428,-0.525349508588,0.668884511852,0.67938734041,-0.0497397369433,0.0412336154674,-0.230973429866,-0.557388870682,-0.0331730064284,0.0505277490511,0.182065971842,0.170860762342,-0.0547366987927,0.161809856853,0.379098373851,-0.668574203176,0.281523633479,-0.403927693728,1.16633734609,0.988421062588,1.02753831105,-0.348905680334,0.312862005782,0.0415701643952,-0.904625849564,1.27629104304,3.9852520739,1.09780822934,1.38524749013,0.0484469015806,1.78083536016,4.60812540289,-6.395160095,-0.93074886044,0.612418037706,4.0320124032,-0.131664247619,0.120430385632,1.22096630116,-2.8272069922,2.52593632374,-0.0292810452335,0.277908789165,-3.35647602387,1.16699570928,0.46184188049,-0.685626551945,0.00716578516777,-2.66368014875,0.122178690141,-0.523691821033,-1.97792514285,-1.24785388781,-0.842115443436,0.377478639714,1.15411555903,-0.393457715722,4.09709609417,-0.72136382002,-2.68598624426,-0.124374910836,-0.0947893680928,2.21644445701,0.280570769341,1.51744364719,-0.445072521792,-2.49107023385,1.95376367433,-1.69781176427,0.52343593331,0.47342937999,-2.26237209833,-2.18330710138,0.396710521389,-0.623025523911,3.48205634595,1.46405210058,1.39930981965,-0.147589307552,0.557791012897,-1.90967306329,1.04762426931,-0.412944007779,-0.438892248426,0.495561004386,-0.217630052591
74,-0.0800711006778,0.0539122875253,0.0256690777377,0.244948796625,0.42857615741,0.208216331759,-0.258313284955,-0.179952411728,-0.0145710088623,0.251941652035,0.081343721358,0.111982346792,0.012519816702,-0.42349221246,0.557816236398,0.446818234729,0.457187948028,0.174574627679,0.414583501158,-0.01409583714,0.341351321303,0.288881575617,-0.104223128194,-0.0644277874415,-0.242523864576,-0.119038781644,0.285935013071,-0.282263391786,-0.0809073708778,0.228072150483,0.0757836446522,0.483967396458,-0.274149841235,-0.0324755384464,-0.970419223789,-0.590716525422,0.872100911919,0.669787317199,0.0594569939499,-0.021320023645,-0.425639379267,-0.307706403094,-0.213663955555,0.0873259121493,0.216854315141,-0.0512577520401,-0.264505114998,0.181847647464,0.286796838861,-0.29851956585,0.421539174583,-0.234621399498,1.13083204506,1.04541911863,0.828335198993,-0.232398963846,0.267289061727,-0.00553047933672,-0.853427469106,1.2539641197,-5.10550009355,-2.66976913079,-4.18048988084,1.15547585746,4.70086997397,-4.51954886915,0.55154017541,-1.21875141889,2.89154848653,2.38868758805,-0.803613692497,-0.497324427586,-1.40532311229,0.607857087784,3.27465039211,-0.816589130528,-0.589235773287,-1.32187726242,-2.52540314101,1.40687972807,-2.87680029698,-1.40822983393,-5.33333595391,0.218541777479,1.46268915896,0.956091379247,-3.44269566562,-1.00615020438,-0.316421163773,0.143435540373,-0.732827713574,3.65635428131,-0.401583779039,-0.587255772642,2.35943033801,-1.19932155949,1.7670769546,-0.445455057851,0.637197363941,-0.837839702171,-1.38814521054,2.9687595288,-1.82096855236,0.175228846779,0.186078073677,-2.11068748736,-1.95063306215,-0.0102235644083,-1.1865874869,3.85847713865,1.30805539608,1.97669406782,-0.550573406508,0.571555923251,-2.05991215194,1.27261814289,-0.494645929337,-0.501277954707,0.527570160611,-0.229001594019
75,-0.147103070826,0.108764634419,0.0660702635487,0.224015145313,0.299662895773,-0.070879754654,-0.0101793055262,-0.13002082694,0.222505024767,0.267139379537,0.114439517738,0.000917107764501,-0.202111368318,-0.322197572344,0.725846081694,0.433920677045,0.323773004521,0.159587920259,0.0550602647806,0.131946142981,-0.00574763578202,0.154080000475,-0.590888204024,-0.101662954226,-0.0359129698705,0.0524588700918,-0.0736848957242,-0.335553420847,-0.155135822073,0.195728935468,0.0275367372337,0.763305453808,-0.315066577927,0.0143304000817,-0.639658282049,-0.749815665786,1.00986764277,0.599140679285,0.0776244348835,-0.127486491083,-0.511592116396,0.0178042698509,-0.378561163605,0.0796141606433,0.213599745632,-0.238673138937,-0.43382881268,0.158271472236,0.150269723055,0.0904713896486,0.537841466934,-0.0113893374307,1.05913851711,1.10044448146,0.618558829891,-0.0964822931072,0.214770198549,-0.0582943597937,-0.799286404334,1.23047147006,3.96106992374,3.72687428237,4.82049116375,-1.68270382137,-7.41816654053,0.86261456786,2.46924967002,3.14224340087,1.01164140189,-1.61511640385,1.20084921065,-1.65213758732,-2.31739260729,0.66566932113,-0.45021644331,0.639226149918,-1.83847316596,0.594067409109,-3.93640917144,1.24789737149,-3.76342585972,-1.02304503045,-3.70498898041,-1.10325267681,2.32283309393,1.99865692454,-3.28595830662,0.126632665634,-1.11617273307,-0.715655082454,-0.0851733832667,1.73618335484,-0.497597694245,1.41414760667,4.02067969366,-1.84903962262,0.947112325995,-0.910041348967,-0.246249001281,-1.2652281165,-0.372678930099,3.43222445877,-1.38509467706,-0.348992438648,-0.269736712393,-1.58339914565,-1.38890082485,-0.461646139497,-1.49662404283,3.85683663681,0.993945360495,2.47012658541,-0.866328382315,0.516882009162,-2.12021386811,1.43469761176,-0.551262794178,-0.551941838469,0.554344132741,-0.240950400956
76,-0.0798235942078,0.182217634068,0.405527977185,0.0297637236174,-0.354215635023,0.100521789127,0.161188548489,0.342800552921,0.181926325795,0.090300228893,0.169730109179,-0.160083999957,-0.36416453866,-0.362984572153,0.485606239843,0.508650815156,0.174372049609,0.181867221049,-0.221774527816,0.193585648026,-0.336603921828,0.106613467808,-0.75509748616,-0.277792243224,0.141203963919,0.187497813722,-0.293339769315,-0.239631580013,-0.279253899002,0.104750004907,0.076666593064,0.811148658522,-0.386500159234,0.215584737071,-0.225713252703,-0.926643716361,1.0575069082,0.500507185154,0.0203871512951,-0.265805995005,-0.512662782326,0.355498791459,-0.474298749012,0.0163565743681,0.161601875325,-0.35948458003,-0.535041583896,0.0908908029675,-0.00248490514778,0.460154236827,0.616201338213,0.255120088638,0.961346497637,1.14632191029,0.407398528566,0.0522659298447,0.157973739583,-0.115490633667,-0.742745824093,1.20575383451,-3.78433135448,-1.55698683055,-2.16919795661,-1.46744588466,-1.40418322628,-0.125403338026,1.7935542714,4.49513273349,-0.980446706145,-1.27230585003,-0.845005053274,-1.22380721615,-0.771383941534,-1.29414882102,-3.65612584387,0.261383290566,-0.744047630434,-0.587043045635,-1.05128481144,-0.0887859336802,-2.44491709155,0.0101779192197,0.552397239281,-2.20621779595,0.843730597266,0.352195576454,-0.869313555503,1.75399094981,-1.18201164503,-0.999790194726,1.08354782927,-0.77128904263,-0.963487804025,2.39689642688,3.92929884072,-1.50112300261,0.00455688034755,-0.997796738132,-0.829205891958,-1.44010912733,0.273703694983,3.20526012119,-0.462467491025,-0.906781082821,-0.763902965882,-0.804029804644,-0.611044492548,-0.872111268933,-1.50676954917,3.47584891079,0.556597115981,2.83524078082,-1.0690051719,0.388220560336,-2.08749201503,1.52863709312,-0.579802344506,-0.589770596418,0.575505295359,-0.253504971922
77,-0.32458348053,0.176006660938,-0.205884577401,-0.0935080139104,0.0736346363055,-0.0706463784483,0.35197245372,0.481253829283,0.196531863901,0.0435176684649,-0.075603149231,-0.223863345868,-0.374956272112,-0.467784034289,0.175790282302,0.39370184234,0.193672689411,0.0328781114429,-0.132421247491,0.134808879674,-0.426325406095,0.118046672706,-0.518078650518,-0.478140848388,0.0882703997347,0.0995278315977,-0.243625557181,-0.0169949432407,-0.350209490978,0.0119928362588,0.231003122814,0.632654160744,-0.505035564501,0.450841583568,0.0841706478156,-1.01565824187,1.01331370182,0.411282044314,-0.0725273742667,-0.401368176584,-0.473443357025,0.637578822958,-0.461781867446,-0.0966202257299,0.0646687886689,-0.396684170952,-0.553774996859,-0.012128348405,-0.140900885468,0.774383727238,0.646774368801,0.550100684393,0.849647219413,1.1756556253,0.204101814882,0.206901311684,0.0998044085957,-0.175795633429,-0.684381931457,1.17974976563,1.09370392855,-0.780465158224,-3.97642916306,-1.33639688152,6.0395701157,-0.334087889218,0.858164777759,-1.83592551346,1.42256579417,0.0979474767559,-3.43329865089,-0.265794816205,0.35148021274,-0.166867073691,-1.81513176912,-2.64401833669,0.827984245694,-2.01447796401,2.49931608114,-0.846284812709,0.84031220397,-0.023631779629,3.74734865647,-1.44142156393,-1.91295576905,-1.96545308558,1.66473991945,2.44111710791,-0.0409780581376,-0.811856898657,1.8620035435,-2.58338690181,-1.34536625685,2.11844331252,2.00954122562,-0.142035951236,-0.866064995367,-0.739087226582,-0.948180545778,-1.1973121374,0.429068779872,2.34615604155,0.735394680635,-1.31121203735,-1.1432768183,0.0589718584459,0.234498794301,-1.16262967498,-1.21289184275,2.75843811494,0.0480264971372,3.03393981395,-1.14277011651,0.186799489733,-1.9636864931,1.55236217675,-0.578543022188,-0.614025927833,0.590771653982,-0.266680438542
78,0.134533864423,-0.158309849898,0.0141638828845,-0.0314392968335,0.187730440369,0.327172890875,0.215767822923,0.178177757419,0.316612388927,0.0490440398085,-0.330393313628,-0.277755708603,-0.322606216654,-0.342780969387,0.149953270299,0.0599981965061,0.229486476548,-0.102516317282,0.156143294471,0.0734373898621,-0.1819666968,0.0684631507382,-0.112179818423,-0.511135161942,-0.196396009935,-0.132247177702,-0.0306111452122,0.191930779256,-0.260516908249,-0.0585187205962,0.411515533626,0.34938448499,-0.635374234522,0.612038415771,0.142772639894,-0.939560233252,0.889557025386,0.358897428338,-0.154548459004,-0.491869579913,-0.440978449109,0.811487847207,-0.327948353684,-0.23479522348,-0.0587481467381,-0.350777726454,-0.491061510007,-0.135689598982,-0.236227036687,1.00333916043,0.625535583789,0.855419484024,0.737241548405,1.18152437061,0.0174717919461,0.360431917868,0.0432729639167,-0.237831595054,-0.624794121077,1.15239699867,6.68551489552,-2.49801381215,3.86634166514,3.69036109463,-3.03074372296,5.94766117961,-2.52364608104,-2.9510304511,-0.144422405212,-0.208815061694,-0.899753340948,-0.984565768445,0.645232331942,2.44726365659,0.824441983471,-3.29533862535,-0.669293987938,-0.14197962284,2.60111516635,-0.230297419348,3.69788997375,-0.99638295485,3.86028417245,0.908810878869,-3.35430126956,-2.16347486243,2.17043320376,1.48544938053,1.88002578811,-0.648476668558,1.54192411985,-2.78205151302,-1.13461977582,1.0343539969,-0.895127353127,1.67117815048,-1.58165148756,-0.296826431684,-0.631848407141,-0.558549320776,0.165969595063,1.09343407756,1.91124488261,-1.38520768978,-1.27558381337,0.830419253883,0.993246264364,-1.27589473729,-0.655268923075,1.78692091744,-0.468557085314,3.0384263449,-1.08346697405,-0.079126039722,-1.75571043489,1.50699008782,-0.547090221649,-0.624366696728,0.5999620339,-0.28047793042
79,0.363759607777,-0.165782630643,0.0108381778657,0.302429364847,0.173532542866,0.407197965786,0.151119170845,0.0229946776465,0.07140106893,-0.0212742838071,-0.236251040725,-0.376274003311,-0.247545020155,-0.0871195731486,0.193149650991,-0.137558591128,0.0240494055296,0.0370051112124,0.299465142191,0.0829714736024,0.20056000759,-0.0548688919918,0.182242403306,-0.308048654812,-0.480287335131,-0.237048250522,0.117456929559,0.251251181839,0.0125982420356,-0.133411992574,0.503978196682,0.130219580173,-0.706891749588,0.657211538323,-0.0826058822403,-0.694921622212,0.702267325075,0.350020671792,-0.190734979609,-0.506244216585,-0.446632127324,0.854641999453,-0.0904026358735,-0.358876210627,-0.179759950019,-0.238516910022,-0.362442372716,-0.260550491057,-0.265815519791,1.12700819811,0.555024337935,1.15082793785,0.637128010878,1.15817183458,-0.144614366505,0.506132941959,-0.00863688151405,-0.300206877538,-0.564594740183,1.12363387323,-4.44901419953,0.0834972014971,-2.07152589328,0.049100384449,4.44541378573,-5.08372049031,1.42200177472,-0.14766620143,-4.24236792333,-1.24534073448,2.19394044428,-0.429336650768,0.845808798028,2.06184797233,-0.599458714812,-0.392566836936,-3.1012202661,2.60412066197,0.156280932957,0.225900465257,3.28711680194,-1.21926507028,1.86091190371,2.92599867049,-1.82914188779,0.40802417216,0.564880610317,-0.303085699564,3.40799470036,-0.937859761135,0.189799196837,-1.39553539398,-0.191689495999,-0.0712127362494,-3.43829290967,3.08458847251,-2.13847365447,0.088732343825,-0.0730970741394,0.282178958874,-0.286495966504,-0.208043008342,2.76379437686,-1.01943381836,-1.09023478043,1.36642272425,1.5340772682,-1.18774806901,0.0855223850373,0.673132039279,-0.926462902632,2.83470143701,-0.899331792901,-0.394620434857,-1.47508238532,1.3967141897,-0.486374286669,-0.620856541325,0.602998802247,-0.294884187414
80,-0.218194032439,0.0505479190535,-0.0402138963825,0.05224693783,0.444899736748,-0.026249978994,0.202946743616,0.0582837197527,-0.293728536338,-0.191205856837,-0.0618177953812,-0.266694559728,-0.155450624551,0.00975937910022,0.00246539221503,-0.0704989218726,-0.243889949482,0.281878143932,0.224178065232,0.0703526622805,0.36616046263,-0.124965789895,0.26227021262,0.0102339076123,-0.496337806861,-0.0355524166456,0.0783271448114,0.159620668288,0.370871807312,-0.259404690163,0.444499586433,0.0910911556188,-0.662411358717,0.618153041062,-0.492644229926,-0.360138975934,0.467331927392,0.366853855677,-0.169934229612,-0.438134842726,-0.494843548384,0.779837285661,0.206556976853,-0.423955149475,-0.2666704944,-0.0882080903334,-0.194386796211,-0.366961412667,-0.216690200075,1.13747618838,0.444267961253,1.41547805122,0.560871751446,1.10163250187,-0.275635090102,0.637842313643,-0.0530984638434,-0.361556209618,-0.50439870328,1.09340078103,-3.17469523498,5.63458724308,1.5605591625,-2.10365058065,-3.32225323982,0.0470954803365,-1.79750551138,0.0602907422872,-1.84437784881,-1.94387754385,0.601907863725,2.70794456165,1.02467361913,-0.0123048469485,-2.80541157735,1.08765063704,-1.40775662076,1.50800906003,-1.31781782415,-0.652607155099,-0.263439904281,-0.0178984422284,-0.115725280161,3.09708893055,1.6021987609,3.40052908455,-1.16286634659,-1.2695422886,3.46535450813,-1.60714787433,-1.30204812912,0.603751152883,1.0782615491,-0.583995486514,-4.44029889943,3.39163506795,-2.52859462624,0.18389368599,0.464353219414,1.04289758039,-0.637838951786,-1.21446853953,3.07372923306,-0.216185532877,-0.604233520613,1.58349276737,1.77270532374,-0.912491146622,0.898777544395,-0.455345892401,-1.26405786605,2.42509459904,-0.610647272102,-0.739007282033,-1.13726228843,1.22854023422,-0.398591402041,-0.603956843832,0.599908070491,-0.309871425996
81,-0.329162695486,0.37335530013,0.364539833561,0.0903982939547,-0.262910351587,0.201996904631,-0.0826243975851,-0.0923617420543,-0.236562188145,-0.328739444441,-0.135031652027,0.0643882935013,-0.0249222279755,-0.00754748576457,-0.233858975808,-0.0395112751508,-0.164900060237,0.244368277528,0.0905256169553,-0.0436595821118,0.16431417616,-0.0605055371019,0.197722731842,0.257034681094,-0.194342727186,0.348830862913,-0.0513262483174,0.0576111303318,0.651805064068,-0.447867491934,0.277677382687,0.22767765201,-0.504897187581,0.564720949597,-0.903456312862,-0.060299665514,0.204550907045,0.37238552822,-0.105946046354,-0.308922512066,-0.562787891192,0.629679625196,0.503622877203,-0.391709937059,-0.294084267245,0.0671598350233,-0.0188543320868,-0.438470742701,-0.0878399088966,1.03971341396,0.307855549465,1.62962677726,0.517462614896,1.01023597168,-0.370774455083,0.750223145106,-0.0875635518449,-0.420579520037,-0.444813211672,1.06164161433,-0.716503902011,-0.941924769275,4.66680736003,1.63751060285,-5.0583578969,0.0347185214108,-2.10964453816,-2.98230046766,2.17466948739,-0.324594237183,-1.539537422,2.99026988912,1.68474847992,0.171896864901,-1.30875424687,-0.721180297407,2.82918953698,-2.23171241228,-1.25605766647,-1.39878296937,-3.33773546984,1.11511656339,-0.982209231533,1.67904835276,4.03306766651,3.65456271371,-1.05869783081,-0.492141489981,1.94772235736,-2.06508925155,-1.79187486541,1.92349944803,1.94372663647,-0.384810434916,-3.45856411296,2.40987912545,-2.67644373076,-0.147647417937,0.764285338535,1.47039195728,-0.651931003676,-1.68904115534,2.76779740563,0.895532454808,0.0751204569163,1.47227383839,1.684778293,-0.500808469151,1.65872520007,-1.47113125194,-1.43303592586,1.82944265997,-0.24830913215,-1.08734721889,-0.760731203512,1.01189013894,-0.287091130447,-0.574505563058,0.590817406981,-0.325397460464
82,-0.285415144818,0.328722225218,0.32358760539,0.201815273603,0.00618995563179,-0.305494308672,-0.169707794172,-0.333782896215,-0.10898900122,-0.216881621915,-0.213918154239,0.180134978011,0.17517942757,0.103394748693,-0.222754617463,-0.162939232795,0.169429949378,-0.0633233732929,-0.0410352483384,-0.142202514463,-0.175736976738,0.0382783445375,0.0966207405651,0.339329839191,0.206812326148,0.572937139106,-0.076177615279,0.094697538172,0.740844432989,-0.643554654946,0.139062350289,0.426565171725,-0.307215678537,0.552989259355,-1.1334750932,0.0933716794066,-0.0555063747482,0.32388868648,-0.0277207117481,-0.159504405976,-0.610806250598,0.461973718447,0.742581437122,-0.242330580304,-0.251001546618,0.197267496438,0.1328361148,-0.465155517243,0.10915843355,0.850743642202,0.164245008915,1.77637879449,0.512368561932,0.884940648814,-0.427169762883,0.838980859419,-0.109870062396,-0.476077986162,-0.386427821975,1.02830518964,1.54028969362,0.0902746483137,-4.82210786255,0.58634009629,7.35282456888,-6.54241582718,-1.24802484807,-0.65364614422,-0.443990252433,2.27042771497,0.598471704185,-0.863975379835,2.0842141583,2.01578516545,1.22610246686,-1.11040407643,2.75774652917,-3.14078037638,-1.51401351636,-0.256250310119,-2.80853725424,0.544707477212,-0.927095840663,0.0400551921867,3.46550015578,0.361828131983,0.683520700419,1.25133597791,-0.145561527574,-1.67764608364,-0.733379694381,1.80399751235,1.8227392294,0.161748940477,-0.973167517856,0.58878801258,-2.45187859459,-0.875883073822,0.750795571274,1.44045721642,-0.239644449017,-1.57173072559,1.94059338945,2.08099277526,0.772976171063,1.09335246394,1.30652238337,-0.0305155422993,2.24247828736,-2.26310980376,-1.40530451975,1.0846449278,0.148627397683,-1.41235186911,-0.365873468113,0.758096194381,-0.156216715686,-0.533682989246,0.575951169213,-0.341406073864
83,-0.128376839233,0.011410424862,0.0515509049952,0.204334301203,0.239505575149,-0.29993555716,-0.476808771391,-0.246777949012,-0.25369373711,-0.0083213296812,-0.0068513414939,0.00413234520037,0.31718441415,0.327589487012,-0.101193479191,-0.149576824365,0.215898083771,-0.257316836953,-0.215904276436,-0.0723453634967,-0.309269898281,0.00946980382443,0.0297985033219,0.290398829309,0.422423811987,0.385640463916,0.0646830452302,0.279250006259,0.648072383322,-0.752036555998,0.165317538273,0.548672891238,-0.174808459988,0.589966743714,-1.08556138256,0.0582734729999,-0.270140655928,0.190951530617,0.0366797638607,-0.0346388127028,-0.59943636956,0.330964334097,0.882093252458,0.0173748774508,-0.145537347513,0.280562447702,0.235593849997,-0.445631714224,0.351350740328,0.597289606688,0.0334923856864,1.84329800652,0.546878939243,0.729460070225,-0.444040476819,0.901025434623,-0.118331776661,-0.526986067276,-0.329805093042,0.993346622235,2.84066395615,-4.21362857516,0.108496000962,-0.901372144956,-4.20109019935,6.51340654126,-3.09867516499,0.913890965182,-1.2534477367,1.22166164932,2.94404306104,-1.59255672567,0.402865513972,1.94177471695,0.65972342755,1.54132635367,-2.09661594697,-0.491686566579,-1.79945138449,1.50000234292,0.260390827673,-1.13239228201,-0.335613937772,-0.87617443522,0.678571575134,-3.95733060834,1.81413542121,2.16370956527,-1.50521742639,-0.377919749012,1.3242660413,0.520361471953,0.689948153291,0.501806953689,1.88538140226,-1.20839010428,-1.7620525615,-1.7872330396,0.515397099571,1.00126977094,0.505924395747,-0.990197538697,0.826303151125,3.05375878523,1.29035396189,0.557028456844,0.723555450509,0.408212268631,2.54830672759,-2.75048297127,-1.17750785943,0.242477937625,0.536255788541,-1.68659031092,0.0262650304023,0.479814333216,-0.0111062981559,-0.482965980803,0.555623640021,-0.357827627841
84,0.256255065429,-0.0637365686379,-0.0132150565658,-0.0777605964295,-0.225019406327,0.157546830806,-0.295843555739,-0.340306432963,-0.216648484536,-0.00243968218685,0.205198228378,0.0292753110247,0.244625766598,0.399362027384,-0.129578429483,0.0599783997644,-0.156237499609,-0.207209574264,-0.331475032036,0.084076910191,-0.165413337861,-0.15201742787,0.0413915084628,0.188133800573,0.358163179922,-0.130564817624,0.197215887371,0.462435541291,0.48463523586,-0.711653820778,0.39135054027,0.528447073058,-0.183815503426,0.633493690668,-0.784984568142,-0.118723580251,-0.394124577668,-0.0282150016798,0.0748695356946,0.0334246029148,-0.506476831456,0.270635593758,0.908407866425,0.352414972659,-0.00469541714898,0.307759646463,0.274553579681,-0.387424436067,0.607344630331,0.312196098025,-0.06532204606,1.82371560014,0.617811035401,0.55016113879,-0.422690245345,0.934572275096,-0.111806623473,-0.572398466743,-0.275472018879,0.956728628519,1.48487020522,-0.0595194803332,-2.30748824329,-4.56612546423,-1.47716465281,-1.04422266849,6.89086018566,-1.86500884319,1.63431977466,-0.673659004447,0.644597411056,2.25239916004,-1.52510801298,-0.748919860326,-1.00741631135,1.77179619404,-4.32864162144,0.930008866918,-0.131606566766,1.16695574935,2.16221719014,-1.7759877879,0.598161594813,-1.07848729316,-1.66960390242,-5.72366376064,0.357725599465,1.19751408574,-1.56101274447,1.13481487015,3.00824310885,-0.82789139585,-0.871031526873,0.260520819914,3.9035223102,-2.13334855764,-0.665812359676,-2.53774624646,0.265609792221,0.344283253677,1.34381552263,-0.209070222208,-0.271786191689,3.54957952641,1.45743782258,-0.00717785856392,0.0509488353722,0.730336018001,2.51146989191,-2.89288129781,-0.772479665263,-0.634259913886,0.869726619794,-1.88481342135,0.395258956833,0.190389071794,0.142535229544,-0.424072665805,0.530230218291,-0.374579895415
85,0.0431579149086,-0.266379942842,-0.385840514297,-0.40706251139,-0.153475962547,-0.250566125803,0.26723684703,-0.206853904715,-0.0937826738607,-0.0382659987262,0.125910831368,0.319229450895,0.121958668513,0.198866843841,-0.213744106034,0.0415580061893,-0.44887627709,-0.175496259158,-0.209047086905,0.0960902580501,0.0248817661651,-0.279650524393,0.143483541961,0.0893016075914,0.169424020487,-0.626365293203,0.065906227186,0.482801679483,0.362352450846,-0.55181341266,0.710944801271,0.419487675151,-0.334736515158,0.623069093942,-0.358187015973,-0.324689171488,-0.398431960803,-0.299217995129,0.0966147553561,0.035289507037,-0.33762393688,0.285488553745,0.837763557044,0.705616165876,0.131095865334,0.282113185813,0.246834537779,-0.305592572488,0.841602346835,0.0301004157676,-0.116644081368,1.71757941372,0.717624118996,0.35573201005,-0.366382338622,0.939178599334,-0.0897411270911,-0.611591182796,-0.223912427197,0.918422734662,-1.78251671858,-0.930756764947,-4.30555698152,-0.685574431028,-0.227871869366,-2.84725391775,0.637676693429,5.61980737578,0.517792018128,0.17554350572,-1.56563060623,2.36688365025,-0.431917649426,-2.81744946003,-0.25008772422,-2.50756235989,-0.92558995719,-0.529299181596,2.41137103198,-0.992611868542,1.2590000528,-0.530573032369,1.33722619582,-0.827434213136,-1.68130423989,-3.63714578396,-3.11805160361,-0.801366425108,-0.838442234751,1.86403411906,3.04954135769,-1.11358860979,-2.01267263206,-0.537827997083,4.34894272206,-1.769136758,0.571224136301,-2.7714581139,0.21636487064,-0.282276526932,1.97500754124,0.464390368919,-1.07270609007,3.40020406976,1.18260333895,-0.483167990639,-0.590724908827,0.872788314065,2.11508801814,-2.69512041496,-0.237299801195,-1.47700600945,1.10742961879,-1.98620373296,0.722538602354,-0.0967952814321,0.298682930668,-0.35889992069,0.500236970642,-0.391569095994
86,0.237670489987,-0.221040179294,-0.399091839584,-0.384636959068,-0.419174216092,-0.144770998824,-0.131094773935,0.420035536233,0.034388031004,0.00856589722222,0.0425828888978,0.330615983496,0.170979407734,-0.0408391168105,-0.159976558221,-0.365418522259,-0.36106705669,-0.274789476709,0.0518131314867,-0.067413788965,0.057630140808,-0.244008291885,0.273139816836,0.0392561871115,0.0855464831306,-0.798575999838,-0.395676556088,0.336747683377,0.310166760144,-0.382185860928,0.937640719024,0.353180951113,-0.551688238089,0.520191809022,0.0328398880125,-0.435900320178,-0.288940492017,-0.557648821803,0.128532280156,-0.0152037817923,-0.126743649871,0.351608699962,0.709772485035,1.01010541718,0.217554598164,0.216668465999,0.160923905857,-0.219842821532,1.01949156726,-0.217071833715,-0.110634750692,1.53172557422,0.834949942317,0.156636852715,-0.280097492666,0.915715704401,-0.0521897265663,-0.644036051099,-0.175560490308,0.87841037272,3.16572864086,-1.02400883139,4.8617701869,-0.227313416915,-2.75634447241,2.28748127057,-4.69004338952,3.35672545684,3.01611937347,0.665629397668,0.271758938211,-2.23220339007,0.973780022554,-1.37297376397,1.03151827862,-4.59847521576,1.97725629461,-0.945061868349,2.12787828084,-1.82077668238,-0.497220898173,1.12897364723,1.03305204302,-0.0811318996139,0.160861984363,0.184020424178,-5.68181611245,-1.79157748929,-0.296341960525,1.32929462809,1.22963395212,-0.0150160206583,-2.13566833221,-1.50381334161,3.25884227782,-0.32312033583,1.53694746263,-2.26822194394,0.472444754855,-0.678466830328,2.15308542739,0.785661221203,-1.40183146043,2.58588136428,0.483496974978,-0.794725618966,-1.09809853108,0.807343723832,1.39419336136,-2.205886576,0.36192722534,-2.21764144051,1.21507659117,-1.97635640218,0.99249306494,-0.368942674737,0.45124578604,-0.289456162744,0.466168894003,-0.408691108011
87,0.311739356693,-0.273199757458,-0.150735659228,-0.313760521203,-0.348408436158,-0.263287476028,-0.113764339556,0.171311962408,0.430423410314,0.153642386116,0.133129243437,0.015413849859,0.188059344191,-0.0141633911092,-0.10898551819,-0.647082703962,-0.22036743388,-0.269611857215,0.109576852331,-0.177445280956,-0.0222404626582,-0.101167894501,0.31086114364,0.0880901711754,0.196575697455,-0.647806040481,-0.948352563414,0.202640368579,0.283682019883,-0.312328358184,0.930071015136,0.438101058823,-0.726884438543,0.334159848922,0.265590024903,-0.376782455473,-0.113396382423,-0.729118403814,0.198935213779,-0.0900953734619,0.0742237697518,0.427308942235,0.573905734867,1.20526325655,0.217908107451,0.129456938611,0.0340484821719,-0.15066608389,1.11235951909,-0.404177336691,-0.0446952090381,1.27950629032,0.955510451068,-0.0356064481286,-0.170191248039,0.866280822138,0.000191192947381,-0.669408442456,-0.130795458497,0.836683847737,-1.76875220239,2.139601548,-2.75801106549,2.62791453312,3.51549968846,-3.66368113998,3.96972110594,-6.2885104466,3.03232955922,2.66282741812,0.974106532339,-2.95181328812,-1.10753818899,1.80077059804,-0.486720291765,-0.21769478803,0.261730410723,1.23212458696,-1.16179792815,-0.0917526151609,-0.791018209737,1.4455383436,-0.393976346022,1.0887301147,1.87964066382,2.33199313638,-4.69199222799,-0.518264760172,-0.299823335466,0.0263947110009,-1.37216792705,1.71086262521,-1.2285617841,-2.11994901112,1.33795685932,1.49395068281,1.83955497873,-1.06263116073,0.957553509627,-0.770445800596,1.77428490494,0.653529623932,-1.2410965413,1.25027186452,-0.50925437802,-0.919397448698,-1.40188867738,0.546967393911,0.432096251369,-1.51047031649,0.948007046687,-2.79505084899,1.16929900482,-1.84881151463,1.19336557833,-0.614420334129,0.594316649654,-0.217792105311,0.428597268809,-0.425832831381
88,-0.0241815778312,-0.126758591457,-0.311985165197,-0.113646866797,-0.0821471643105,-0.282721915798,0.0269529494244,-0.170677298734,0.335510802969,0.482657096743,0.185038907575,-0.106053181029,-0.0265195336428,0.22339637047,-0.277220094391,-0.405868321629,-0.30215454847,-0.0834426144179,-0.125941693312,-0.089211879798,-0.0584876706735,0.00242472308138,0.199215644302,0.247407284428,0.410882524759,-0.44098157861,-1.22150642508,0.280442140181,0.250990466676,-0.365224037361,0.693813210412,0.671311566202,-0.780607168257,0.120196445648,0.305218285381,-0.153451890739,0.0506581269612,-0.75721299573,0.319649080577,-0.16137086964,0.211901776649,0.469410102616,0.473374533024,1.2519774814,0.113125602776,0.038067820763,-0.111719581185,-0.11522526597,1.10186740723,-0.51593798924,0.0758991431799,0.979772451403,1.06335566166,-0.209273012021,-0.0439747743333,0.794055320946,0.0661736158436,-0.6875880448,-0.0899376870878,0.793247162349,-2.95105296877,0.0227267831446,3.25539847722,-0.13639383135,0.712428230475,4.66225161085,-2.79727361285,1.12969103447,-4.65877493635,2.63816406713,0.287441188456,0.644276423321,-2.45218554368,2.27085288252,-2.50458169064,4.24272950138,-1.29377531199,1.84922329275,-2.89911311504,1.54463675349,0.124393166572,0.532617131261,-1.66520243908,1.96189199732,2.14579371533,1.33295631123,-0.435715135183,2.11881096613,-0.270535583921,-0.938562426304,-3.07674047859,2.72831856919,0.176411492035,-2.0284370267,-0.447458712973,2.83047541148,1.30466583484,0.524804398272,1.4284434117,-0.628097906549,0.914362682074,0.139135439944,-0.729406963269,-0.328485792755,-1.57808257171,-0.886945418329,-1.47502366049,0.144345368364,-0.650621917078,-0.7185039017,1.44234993607,-3.1613487354,0.960397148789,-1.60598880896,1.31787976069,-0.823252561462,0.722407530295,-0.145932124029,0.388126498006,-0.442873669705
89,0.00839693196608,0.115774357163,0.142728330007,-0.109281237277,-0.0795842571778,0.201960824833,-0.25450402564,0.0939283980302,-0.0947253565353,0.399750569667,0.252527919246,0.0668234969729,-0.119657718322,0.335557815135,-0.471579496326,-0.0320623115576,-0.329021727937,-0.0257720886547,-0.328684160247,0.042581119744,-0.013760650561,0.0126370386031,0.034003598488,0.440017569601,0.587963613013,-0.433620912579,-1.03387690032,0.591424524856,0.25833814547,-0.46216337656,0.382929496625,0.926257814251,-0.698818141554,-0.0470779779902,0.206033186442,0.153351279232,0.12474363263,-0.628719329623,0.473757130369,-0.213406618313,0.248556364094,0.449403357511,0.431542502293,1.14301293155,-0.0917392514177,-0.0448932718368,-0.253692582184,-0.123778169568,0.982912766036,-0.548615122621,0.238371568738,0.655279500923,1.14232107189,-0.353336734375,0.0907516468484,0.703118553839,0.144010601113,-0.698652918887,-0.0532459887934,0.7481166885,1.23977643918,3.56939058511,2.55590203568,2.35733075051,0.876921977451,1.3645891127,0.66232444972,1.29155800122,-1.76847659776,-4.73485279233,0.987308654855,2.26190251437,1.24717907505,-0.196222608268,-0.640443470634,2.17434612728,1.2643866699,-1.0174080685,-0.642393190456,0.674353355813,0.605868694516,-0.197042462347,-1.31148718268,1.65794215835,1.30670229921,-1.19332789302,3.86226043047,3.73234144005,0.588961090067,-0.807235979678,-2.78532110613,2.05948699465,1.37441538208,-1.2156566979,-1.35419556124,3.1068330161,0.0968370908769,1.97483451208,1.57616270734,-0.416650754095,-0.19930075332,-0.545097387379,-0.11296981511,-1.80449456181,-2.4686788167,-0.763724214176,-1.33129750902,-0.317181888209,-1.71300630822,0.0516208020319,1.77519714796,-3.28707469062,0.593938049712,-1.25942107027,1.36355507098,-0.987510803257,0.830660613221,-0.0758087730245,0.34538082799,-0.459687100751
90,-0.212637197758,0.104770593816,0.181322247803,0.309589365833,0.191080852512,-0.05053567101,0.202459788802,-0.0408198157016,0.00154162825561,-0.203127559955,0.256015759221,0.279098381847,0.214230783509,0.233718390156,-0.333876275176,-0.044048631848,-0.0732068093657,-0.240520368922,-0.240048361457,0.00782387782457,0.0348374929177,-0.00876461269611,-0.0102741958272,0.541040014404,0.673541180773,-0.633812566193,-0.564409937211,0.933787248629,0.395485016183,-0.499577986649,0.19543158933,1.02895591849,-0.528167975912,-0.109823673039,0.0709618268454,0.430245913776,0.0631820139867,-0.384765847457,0.61635496337,-0.248166860499,0.173594277838,0.363928480535,0.445210777761,0.905496749092,-0.366942202606,-0.114279307488,-0.372241913139,-0.177321905133,0.764666479184,-0.510048751381,0.423810104931,0.330651991378,1.17757812917,-0.458362092708,0.226180258575,0.598228568104,0.231508532295,-0.70286726127,-0.0209163038163,0.701321679013,-3.20082508262,-1.28707919204,-0.390678224651,3.77781006059,3.43588076368,-2.78292808939,5.05184407848,-1.98916165321,1.79907304802,-4.92186345257,-1.66713059003,1.85652549974,4.68201882235,-1.30684441241,3.18608744758,-1.96098702349,3.1143174416,-2.54824279645,2.03686094337,-1.27570807558,0.30550843541,-0.135899069651,0.561097257959,0.262211121933,0.478457880627,-2.4078654196,4.80569432976,2.64132050579,2.20532321011,0.104511908708,-0.776382926166,-0.198349976096,1.91573197618,-0.0161775917051,-1.1833122098,2.27103971345,-1.31197708169,2.75634351289,1.17556504343,-0.306177729418,-1.26738572232,-1.12445783065,0.33872285695,-2.85149576948,-2.95205475516,-0.628070019107,-1.01601936781,-0.738593838213,-2.6140656498,0.689481421309,1.89503396944,-3.1647301072,0.0909932473583,-0.829238604706,1.33269262171,-1.10158436318,0.91502693065,-0.00920278076683,0.300991334565,-0.476142303304
91,-0.171275502491,0.301668500405,0.300259751965,0.356870502184,0.353243043277,0.219971150539,0.21287640498,0.048004465426,-0.0479297840364,-0.286455977201,-0.0680712975365,0.403969579363,0.606317924204,0.171860612349,0.0225712519883,-0.23335581835,0.107911879232,-0.367857106018,-0.0423013370758,-0.150514882924,0.0539961466672,-0.0136064040838,0.137422136586,0.498510601788,0.699868406237,-0.827942579271,-0.207333996968,1.05042887608,0.684169961471,-0.454455151492,0.236540903048,0.871984456982,-0.337707632158,-0.0549876891553,-0.0064835491116,0.585431613926,-0.124445567154,-0.110977172741,0.689965507222,-0.28100761181,0.00577236317791,0.236091718197,0.486927897423,0.594602526449,-0.66358425935,-0.172268494767,-0.45326321909,-0.266916292451,0.469529973445,-0.41806518054,0.609380122766,0.0300981197481,1.15713622501,-0.5173073136,0.354959695288,0.484582079112,0.326115347059,-0.700663527023,0.00691835691157,0.652904614991,1.75396362008,2.08472883595,3.18285330074,-2.09977003223,-0.259730868001,7.14804620364,-3.92504948252,3.26426116281,-2.5451593436,2.88166369805,-3.69354947282,0.320821862859,2.18717365942,0.30847534032,2.97153549711,-0.817395646838,-0.184859136772,0.596859455108,1.32719814376,-1.48502856141,0.171051857455,-0.0410945249657,2.17821001259,-0.953933477478,0.0999174124216,-1.10424075982,1.83418289913,-0.456693601241,3.35745154199,0.628252580755,1.49525608903,-2.88222730899,1.80792006974,1.04463109412,-0.298489557198,0.779864115054,-2.32951154541,2.54464085053,0.21708323954,-0.382053749167,-2.01853348841,-1.36057901379,0.4243798252,-3.24735742567,-2.88259366765,-0.544056731909,-0.591792118412,-1.02326030653,-3.2334972639,1.1081364029,1.77590658699,-2.81017844049,-0.513072184532,-0.342919860957,1.23203695195,-1.16232371579,0.972406400268,0.0523094405835,0.25558353098,-0.492105808875
92,-0.259432613625,0.22779926375,0.406046936118,0.308980738931,0.367286347469,0.617001560693,0.0889576714342,0.1941059865,-0.171085472318,0.0348155292146,-0.195808908775,0.289277682748,0.556360474361,0.269797536891,0.115082653223,-0.122807389351,-0.105822366911,-0.124305325213,-0.0286329578205,-0.228411791957,0.083302645279,-0.0394961648157,0.362765521196,0.397728221897,0.692445731176,-0.816513355342,-0.23809753741,0.861887323495,1.0042467252,-0.41965865765,0.449818499435,0.488979288686,-0.176803749897,0.0781320810654,0.0128502027347,0.587847296301,-0.374253404233,0.091882118816,0.649435650282,-0.329418399505,-0.21402698857,0.107373802867,0.515577792185,0.279926921652,-0.924103407326,-0.225845404892,-0.489138191055,-0.374829220353,0.130133608223,-0.297488260693,0.77111887603,-0.224896984235,1.07315254419,-0.526168937592,0.470609967724,0.367566526119,0.425020652603,-0.692619750236,0.0301867738938,0.602921388053,-1.79863405571,-0.484905465378,-3.17070775145,2.12883951409,1.55122007051,-1.86005208247,3.5730151757,-1.62404285915,1.54460091642,1.89741003805,1.95295032402,-2.55779911989,-3.07979676319,1.22313074227,-1.33163704896,2.66800605358,-3.30845035849,3.62465865771,-0.920554789164,0.0386977374623,0.41447345348,-0.572435909349,1.99131442531,-0.802984900746,-0.306175811784,1.30848680708,-2.32375075171,-2.98698648555,2.67523347607,-0.173328744131,2.46432737382,-4.49412605069,1.39400931771,1.48519076624,0.637204017854,-0.666808891038,-2.50540882839,1.37778476052,-1.04454545711,-0.599275100406,-2.29225135563,-1.13543557756,0.0803614028001,-2.93221471172,-2.23686084523,-0.541195585386,-0.12332845383,-1.09473604856,-3.48962577412,1.256201219,1.42159971104,-2.26164692199,-1.17121197013,0.166612913866,1.07214349671,-1.16905614295,1.00074496664,0.10739910452,0.209765917584,-0.507443148035
93,-0.246154667786,0.254861325948,0.176010737637,0.457004329624,0.529282477969,0.205668088879,0.537830590073,0.00618614073663,0.176599003569,0.0721266521456,0.201470655485,0.0029364600225,0.105696981883,0.318490416402,-0.162735005905,0.114900208101,-0.328646040131,0.167783706447,-0.141875926161,-0.16157678835,0.117402758921,-0.132070748696,0.485585678994,0.375243438873,0.624158217624,-0.610185098999,-0.591059679262,0.546717153585,1.15340599746,-0.524135865175,0.666048591203,0.039907962023,-0.0565793208682,0.213389174157,0.102989088861,0.473399857962,-0.59375571425,0.146389516025,0.48593568877,-0.400470056189,-0.436213185019,0.0231027438286,0.491814682347,0.0281025906933,-1.09522037064,-0.282799812013,-0.478286197233,-0.477309225793,-0.215200349189,-0.176190206759,0.886961722476,-0.41765697118,0.922917808524,-0.484408734381,0.567861548325,0.252516680036,0.525263311543,-0.679433046581,0.0488772948476,0.551441319403,1.45929775602,-1.46396249116,2.15785788848,-0.917257854297,-0.200772106543,-2.14055513266,1.43646207783,0.619016267821,3.61982413706,0.115299115635,4.27825380174,-2.32686069969,-5.05387647572,-0.626644710013,-3.36681244721,1.01733577311,-0.161550429329,1.35128679611,-0.826460698509,1.06637984495,0.0972121671797,-1.20828836381,0.354899749804,0.417890075195,-1.10994782784,2.45908005456,-4.13692243969,-2.79675357598,0.084508565435,-1.9787446631,1.58207187502,-4.1442286487,1.04116727512,1.07846168836,1.04779762471,-1.48733031994,-1.74240252631,-0.32652765943,-2.15873754767,-0.803644178756,-2.07655160594,-0.492403200347,-0.594607980288,-2.02372366972,-1.1227071684,-0.605793277538,0.335027706275,-0.911008330616,-3.3517648765,1.12474458274,0.866022462225,-1.57632740272,-1.82852621186,0.663414796318,0.86650336748,-1.12348082818,0.999086685252,0.155017927838,0.164119745467,-0.522020463144
94,-0.0665785909293,0.170092506864,0.418963271309,0.297225941038,0.235528748755,0.414040914337,0.214823765733,0.43186146253,0.352461776301,0.270123811004,0.370158516643,-0.0690428004135,-0.276792140137,0.127459908662,-0.384286032309,-0.0241536377875,-0.0939518950772,0.0861505046245,-0.131350868935,-0.0588702484591,0.0699247617115,-0.253686472068,0.444411309352,0.463969987669,0.474347857832,-0.400470584416,-0.94152911682,0.387602323801,1.01262879267,-0.797059967724,0.730374468694,-0.281295741264,0.0383190041316,0.269663251328,0.198139708861,0.318310301639,-0.701396316629,0.0304283825082,0.238709865662,-0.483517147197,-0.616937572536,0.0165821340499,0.393303736346,-0.113715822517,-1.14015657044,-0.347557060551,-0.423715877819,-0.548494928871,-0.527866141911,-0.0807574801036,0.93960846858,-0.537950241722,0.709411081344,-0.395120307131,0.642897633615,0.144487222001,0.623841971564,-0.661890385007,0.0630346568625,0.498547020386,1.22874997686,1.5412370596,-1.37926020676,-0.845962252115,-3.60016977582,3.18796647119,-4.57758471324,5.52415976626,0.51731882283,3.74729698223,-1.22592806625,0.813185465907,-1.90638463538,-2.94867282626,-0.475879499685,-3.50417101555,4.1612098353,-2.59318674225,1.02878345485,0.868743075959,-1.14430932203,-1.06070734807,-0.986934508859,1.13624311843,-1.78115310463,1.41912840504,-2.34929393351,-0.137036552102,-2.73981875161,-3.23207759772,-0.352229567431,-2.06968401141,0.88535781213,-0.0418798711555,0.746533681518,-1.48516748534,-0.34865641652,-1.91599976962,-2.64840215608,-0.811620846128,-1.49132980436,0.378454560149,-1.36806351585,-0.784677899367,0.244139324363,-0.68627690996,0.746526870892,-0.472649730438,-2.84504645332,0.747993818398,0.169642313167,-0.824848424647,-2.4269908972,1.11126865454,0.630494905916,-1.0294571185,0.967580668017,0.194419774875,0.119190211902,-0.535706061893
95,-0.230954214108,0.150555338202,0.0738376873135,0.175123246323,0.218216225348,0.267899081373,0.269540001189,0.599124133194,0.51782060278,0.592435816863,0.144014828106,0.0509664705532,-0.231887312385,-0.170621690768,-0.241138571233,-0.386133143767,0.249360603408,-0.180065140906,0.00614279827868,0.0170487467144,-0.105980981329,-0.32041218366,0.337608221591,0.54674001666,0.303462871694,-0.358667645393,-1.00256043696,0.519917119935,0.673518312667,-1.09817159054,0.609584441875,-0.35458902586,0.122945662957,0.196224723828,0.23722861697,0.196342798362,-0.661633856775,-0.211666792668,-0.0126095387149,-0.552372133513,-0.728607313664,0.0972875793568,0.224712012781,-0.129050875756,-1.04708989238,-0.418184839378,-0.331161547181,-0.564772454454,-0.774450504553,-0.0324045482361,0.918848714011,-0.582987740743,0.441353492377,-0.264913326857,0.693486274243,0.0480510628876,0.717824102874,-0.640837772852,0.0727560065405,0.444334101587,-2.85934216227,-2.61417060931,-2.44979883518,-2.35561363634,2.47201366385,-5.14835536598,5.38350722651,-2.44482780216,3.12258485852,1.43340982848,-1.78939718448,0.922762818963,2.46332480723,-2.3783537824,2.95546825235,-2.42757541453,1.3726730922,-1.77384066016,1.30253729162,0.782012854982,-2.21841100747,-0.235789190679,-0.914076322587,0.252056173496,-1.4186304992,-0.564076891728,1.14566785912,2.54200493362,-3.57328840071,-2.3673847481,-1.88541463571,0.582697105813,0.800029563253,-1.42073133551,0.00270176828205,-0.892276950287,1.10064427659,-2.76111794209,-2.21554329493,-0.512080339121,-0.729876081791,1.20440583581,-1.94742368451,0.44842660815,1.59029285434,-0.710791533037,1.09309187565,0.17648830387,-2.0469155031,0.197729871737,-0.587664018124,-0.0841468784023,-2.9106740676,1.47654318134,0.380243815416,-0.892704979904,0.907444756871,0.225170726259,0.0754792457278,-0.548371889262
96,-0.0865033992179,0.10357252427,0.0312367852031,0.023820768213,0.184041371404,0.103419083527,0.61861853166,0.384810884235,0.749875106002,0.511494119428,0.179623028491,0.081054257069,0.0650313278947,-0.247822678369,0.0869107903669,-0.335313005299,0.0609380955962,-0.166979911595,0.0735707483899,0.123848839504,-0.327165527329,-0.312715344301,0.289539300989,0.483333313646,0.228423893573,-0.477629494814,-0.760472603942,0.813102536358,0.394300915946,-1.19421492502,0.400312456023,-0.18993912443,0.193326834174,-0.00296844051943,0.201860142322,0.143600173914,-0.498950890004,-0.485049020171,-0.174385961916,-0.576687794133,-0.763557684767,0.247028773036,0.0189901288752,-0.0349897049792,-0.831757473706,-0.485568463733,-0.20739114014,-0.508824696077,-0.93145636114,-0.043733995955,0.823027246497,-0.5576578174,0.132735860795,-0.103516471963,0.718997591586,-0.0328689302923,0.804449382613,-0.617149010126,0.0781862824268,0.388910739623,4.65585260879,0.861148526742,1.05716516055,0.300443105673,-4.08863241027,3.7401867433,-1.20119382329,0.518406045689,-0.0724707291169,-2.22852686154,2.27295893591,0.0851121235275,2.59727840373,1.02480640759,2.99646401181,3.50805093568,-4.70137958647,1.88719267855,0.0312602358694,1.41156857579,-1.95259186371,0.251403538079,-0.0309331550502,-1.5182093952,0.0307862400457,-1.5261567484,3.25984818627,2.81702896719,-1.60513894263,0.71742099658,-2.05090111902,2.50061275195,0.569466616719,-2.45776747025,-0.648107359752,-0.185087784532,2.02866822546,-2.51921685921,-0.894866126439,0.0593784561467,0.0143106914304,1.72056360474,-2.07588490345,1.35625474268,2.64899427005,-0.611882489569,1.37107696515,0.956009918875,-1.07577722553,-0.427828555243,-1.31648003323,0.570526547403,-3.23095856968,1.73092090741,0.13147947992,-0.720440421914,0.820889517103,0.247147681173,0.033439978534,-0.559894899056
97,0.0905216830214,-0.0843199790919,0.119074131833,0.0920990071357,-0.0451550516593,0.491185631662,0.263709461895,0.629035167829,0.460533138149,0.339175527473,0.418824162045,0.179622760918,0.189444665657,-0.0173346404572,0.276717770762,0.154976169766,-0.427136744756,0.0586484955653,0.0603626950347,0.286198991036,-0.45936002849,-0.301533821906,0.312354642132,0.27736795922,0.307537615908,-0.603721045221,-0.449482059629,0.993114078747,0.395417680339,-0.938881453452,0.239640833982,0.0952778978151,0.228678164963,-0.267094342989,0.126788081198,0.148576797827,-0.284258437799,-0.682061702214,-0.174879154626,-0.537658830855,-0.730934542099,0.425211245271,-0.170803708578,0.1239427901,-0.533606536312,-0.535111286199,-0.0591175834048,-0.372687584921,-0.98856519889,-0.116819524572,0.659437400323,-0.473953953577,-0.198155433001,0.0768761576571,0.720310058398,-0.0951295274552,0.881223698782,-0.591695136332,0.0795131304964,0.332397112441,-1.07770507229,-2.21245186844,-1.24943533374,0.0355119557987,2.66231407338,-0.0617109058978,-2.3352382527,1.72509988141,-4.33110497048,-0.745626539687,1.57829030869,2.15557580444,-0.0016808552909,2.93596799081,0.636191194601,4.93832225685,-3.34685462454,1.71172332433,0.0710552788744,1.66519958674,-0.612430388458,-0.154535145754,0.319795649868,-2.29244167024,1.4115610777,-0.748997058798,2.50742902761,0.47299618643,1.60201658579,4.24951427122,-1.04086761952,2.94115822688,0.101834830649,-2.65931749816,-0.736097677214,0.209945255225,2.11976058291,-1.2881801442,0.918586210144,0.712926880757,0.605667504089,1.75614192244,-1.62054783411,1.72176801702,3.22205157492,-0.351046295562,1.58388032591,1.7617758074,-0.0734965778586,-1.01904135948,-1.92918739974,1.07360598458,-3.35127209861,1.85376340201,-0.101526149859,-0.520970663012,0.711007573581,0.260526026778,-0.00652706497923,-0.570158310004
98,-0.00052100010211,0.0153758747202,-0.150337278522,0.0644122627682,0.44738786188,0.121947835842,0.387003668973,0.391790698118,0.192080842249,0.328951022763,0.436285189281,0.443995698469,0.180552743033,0.196141296417,0.22044465193,0.415000005158,-0.371752209886,0.0666158426806,0.135650773533,0.418477737189,-0.457996672243,-0.351451265048,0.322062532258,0.0951804906411,0.463771342288,-0.602969606313,-0.316734147044,0.890375321524,0.659749327495,-0.413343338088,0.196087253678,0.35168914195,0.209584811693,-0.501099220466,0.077805247061,0.170078533703,-0.100748580867,-0.726392782749,0.00469080420218,-0.440558343215,-0.64940843368,0.581305384503,-0.286904217664,0.289130913043,-0.206536869211,-0.550576817804,0.107310366137,-0.159318952027,-0.949949348336,-0.24289591728,0.44356840903,-0.349639787932,-0.53014114967,0.262468213549,0.699618106422,-0.136455276301,0.94600060604,-0.565315620265,0.0769615237537,0.274924715256,-0.941081926059,1.16497668213,-0.574694727467,0.2412704315,2.4807605479,-3.15007141832,2.50495344749,-5.64789504669,-0.496410859343,0.0855042559472,-0.870348871168,2.34289664133,0.522380908663,0.846094963132,-1.59810880405,-0.30427284571,4.62505521476,-1.44884661433,1.42246203697,0.829877798527,0.498869427687,-0.780047792946,-0.219570556669,-1.03427422,1.43082229187,0.74464588095,0.0679653102052,-2.37972290936,3.20022195256,5.75523531528,0.0917130476011,2.00399322925,-0.484543690722,-1.86374945834,-0.144710437651,0.151616709155,1.44985429298,0.424628952811,2.59263069251,1.17397772848,0.989805796825,1.28844058586,-0.624780700369,1.48607742174,3.223744954,0.0640816141066,1.73421989595,2.48239341063,0.815603476902,-1.47157193398,-2.35129248228,1.37631988846,-3.25085562209,1.83390645223,-0.306858892894,-0.303274007464,0.581634402549,0.265757291222,-0.0440760844395,-0.579052735315
99,-0.0622292235309,0.00553675412985,0.180578853356,0.195036248177,0.104557272057,0.307335687238,0.270179624228,-0.0430289623702,0.222072185744,0.305980562989,0.353193900285,0.520526278379,0.342973019346,0.161150649414,0.00170072305041,0.156549424754,0.302919644039,-0.0829011613066,0.291889492099,0.441679583389,-0.395187609563,-0.428477311206,0.271555171713,0.10655171038,0.545079420277,-0.482629552246,-0.409850042174,0.583185973921,0.920134701165,0.100421557001,0.229105181236,0.472939692234,0.135992941134,-0.614978987628,0.110163736997,0.169981048386,-0.00635554506431,-0.604757901497,0.317547209283,-0.317414086649,-0.539494916607,0.670361710224,-0.284905861752,0.404651844817,0.0933661341997,-0.519050341917,0.285540088561,0.117545744401,-0.833440410512,-0.403704752816,0.197284060666,-0.206282375884,-0.840863954029,0.438868283999,0.660160471271,-0.155484854518,0.997047716259,-0.538792234671,0.0707882514538,0.21663557018,0.709300985931,1.95272084152,4.00596853211,1.56989519736,-5.88155942171,4.31719903636,-4.76041068295,-1.31021732488,-0.0136311383465,-0.532648558657,-0.438754021393,-0.937581928005,2.33967539258,-0.973169260886,-2.5203672298,-3.84233719315,7.09823997954,-0.461999992423,1.31129119205,-0.320183432593,0.590393146403,-0.573633254367,-0.666067861268,1.26389649469,0.0449269241092,1.44377334616,-1.63212549968,-3.32469254779,1.44056964211,3.99516878584,0.390861537143,0.37512349519,-0.945792341602,-0.333696807082,0.806660866258,-0.167960674211,0.421497254926,1.91231089322,3.49235126101,1.20389505296,1.17925508392,0.448411646443,0.692452547515,0.759749508845,2.69589627701,0.575143174328,1.81869317569,3.01648997443,1.46606945138,-1.70236459706,-2.53123018546,1.45209174522,-2.92718006752,1.67072263201,-0.475638114622,-0.0765878990479,0.43718741554,0.263538025018,-0.0789165121536,-0.586477178492
100,-0.139976569846,0.282201235903,0.292902091056,0.181907956882,0.0811741233471,0.20821563143,-0.10390951359,0.0690434150856,0.122438770009,0.237857488089,0.337094493884,0.346269161255,0.4965131259,0.148516579056,-0.231634629457,-0.127615984844,0.717431061078,0.12689106927,0.348042568925,0.374959887381,-0.359337619051,-0.43596936769,0.226015341165,0.312363059716,0.470970501083,-0.358156668945,-0.570548764696,0.308280752844,0.866856803577,0.312017756072,0.242775096482,0.430017057183,0.0315747885583,-0.562885033667,0.231533967666,0.140177662266,-0.011334172981,-0.372039975357,0.664082426508,-0.217167744411,-0.418639968292,0.66660433294,-0.148987589186,0.432794425673,0.3199992937,-0.435637245692,0.468493705518,0.435182479975,-0.667683568681,-0.574300768769,-0.0538459411636,-0.0668587204675,-1.10866544295,0.59216215187,0.60589412564,-0.151777505219,1.03309621131,-0.512826419375,0.0612764325853,0.157681343109,-4.03940135093,0.0978075991434,-1.00794008717,-1.33723617526,5.21545733182,-6.85469779086,-0.794650164636,1.90947342989,-1.44210335982,-0.805038322106,-0.23086392981,-1.81859879973,0.0293976370766,1.24711212603,-1.90952602933,-1.0568808062,0.268007020624,4.72593647729,-0.155011670865,-0.889580839566,0.119800458516,0.491434275951,-0.0509468036136,2.53251961563,-1.39151072615,0.874096682774,-1.23200411169,-1.87018366252,-2.66931477433,0.0860018330411,-0.223527220686,-1.16479335643,-1.07830649383,1.34249913533,1.5321147938,-0.379826709717,-0.459105109862,2.56932779742,3.23425135281,0.719777360024,1.21583241707,-0.521902217733,1.99152864371,-0.213092527189,1.79101909696,1.08287676947,1.82633088007,3.28788477731,1.78976117127,-1.66251346989,-2.44730797315,1.29958523973,-2.39674193258,1.37434873147,-0.602423624409,0.149974369803,0.282490530473,0.254771420303,-0.110812045527,-0.592339891932
101,-0.394581225093,0.231672379093,0.136608535453,0.228177561573,0.308036698413,-0.301147296087,-0.00249601012792,0.112669327507,0.0602795773012,0.145560314095,0.250120650808,0.244134896123,0.333414462225,0.394476964627,-0.347527434329,-0.0445565247694,0.405963043392,0.705860411288,0.326865760359,0.287517353364,-0.355829235312,-0.340909663133,0.285135671961,0.540505173555,0.314488606116,-0.322830983312,-0.608428902898,0.230118848828,0.413347228425,0.138728825662,0.178943646024,0.260547188701,-0.0669638869712,-0.36378624352,0.391204849046,0.107455350424,-0.0812736347911,-0.127284179158,0.926492594538,-0.186301772634,-0.300288804079,0.57095830684,0.100495732436,0.364021494204,0.446318427845,-0.3065330901,0.647723112288,0.764978474799,-0.487709351417,-0.726907074173,-0.283723402051,0.0468068734884,-1.31445608755,0.709964388648,0.541141962247,-0.12578327636,1.05337238847,-0.488020775198,0.0487301927453,0.0982223816351,2.03704406814,1.08456786053,-0.717860732839,2.07331590794,-3.73148156218,0.701315922756,0.951321202708,-1.07994400287,0.361936733655,-0.978262847791,-1.54163902873,-0.296697108772,-2.6584977679,2.97302578789,-0.344742701912,2.07544053738,-5.21908785296,5.4536616705,0.220759250686,-0.743352964957,0.0823416992686,1.24078949615,1.23664502821,1.70129005024,-1.4483257753,-0.137944513114,0.564916399023,0.195858078165,-5.98011824497,-3.20511464219,-0.999682660918,-2.09963657581,-0.835315729628,2.50745922491,1.50929385874,-0.198913845179,-0.844069227325,2.1507340747,1.85377491558,-0.143006062835,1.13256551264,-1.34453740173,2.9061660708,-1.12722529508,0.728889707568,1.46919041847,1.74151326825,3.2563055588,1.7486626512,-1.34510395543,-2.11081300455,0.943001819344,-1.69412005669,0.965045866604,-0.685332213315,0.367761955414,0.122591440112,0.240523372606,-0.139578379165,-0.596559098289
102,-0.029994282191,0.161935547862,0.34626780563,0.183523609063,-0.191985785053,0.178915461056,-0.0093758739114,-0.0277722244071,0.108870962395,0.0666561209239,0.0769535522161,0.202543897032,0.146734168902,0.559872508207,-0.308490183213,0.109177015933,-0.0119967579893,0.952663732968,0.457566517843,0.251856554949,-0.319235215413,-0.233677928356,0.447692623591,0.612784440924,0.231448649366,-0.363564665352,-0.470072074468,0.290314162653,-0.206777692168,-0.227502892069,0.0653463071356,0.0364864063993,-0.126639419257,-0.0932730546821,0.502872298007,0.113712100659,-0.16237609899,0.02904537209,1.01245540962,-0.24767467824,-0.195897631786,0.410440907069,0.409677519481,0.218699414853,0.468230367085,-0.149493191353,0.813237771833,1.07631573817,-0.329588577995,-0.835249858952,-0.468995724753,0.116492959034,-1.44340527444,0.782364044313,0.470243326002,-0.078782178617,1.05761085792,-0.464865153733,0.0334696242153,0.03842668756,2.26442261423,-3.10295312022,2.10147985803,-3.55652516179,-1.429638126,4.41201581018,0.000967490364993,-1.03393243326,-0.0424256744592,-0.515483679401,-1.55116900482,-0.962943874821,-0.391761426397,-0.382608582051,1.00657939227,0.270192722323,-1.90079060328,-1.26725999529,2.36469327825,0.167188057411,0.702115693597,0.67175879463,1.77764232052,-0.288990279839,-0.0548526469318,-0.518116617419,2.01647510094,0.613792810598,-5.71993776726,-3.53320283038,-1.12776097101,-2.25019164838,-0.329533349875,2.73062417655,0.588131072624,0.370212281725,-0.706567665836,0.872788493349,-0.189150675509,-1.0604100092,0.935503449915,-1.78872765624,3.14942829867,-1.70448263873,-0.261277760984,1.62596296677,1.55023870086,2.92219078854,1.36018475962,-0.786834274294,-1.56480550541,0.429546571239,-0.869343294061,0.471734485708,-0.725866614995,0.568868318328,-0.0374214998786,0.221974812821,-0.165079845947,-0.599063577688
103,-0.00694257958819,0.0152993873343,-0.0942743024412,-0.0738987919303,0.188347938945,0.130825865771,0.120467349709,-0.0119396789679,0.00491570007166,0.0266814774933,-0.0138300303751,0.0512255034768,0.240080541036,0.3045260473,-0.175239906562,-0.0159621624667,0.0788839263765,0.500151445798,0.707520579247,0.340470506126,-0.229482362162,-0.236233731003,0.586415040519,0.50877603101,0.30681754595,-0.396834566435,-0.251846547581,0.278018533582,-0.606663719924,-0.462583573663,-0.0209658259663,-0.165108398844,-0.130586123116,0.149940664168,0.4896989494,0.183996743274,-0.214158411201,0.0376304739393,0.890542267174,-0.386934928662,-0.117365382805,0.229918135414,0.703748826266,0.0402732328048,0.402630065516,0.00860786289908,0.95404457843,1.34061844704,-0.224968013464,-0.878728275389,-0.591995253513,0.129644835329,-1.48629200737,0.802687049723,0.397235022022,-0.0127982620021,1.04604967879,-0.443727622163,0.0158261268278,-0.0215311628316,-0.914942487121,-0.667303879217,-8.37266983735,-0.0739918697296,5.28479578892,-3.43814592234,1.80024663662,1.37817868122,-1.66273165587,-0.49872728187,-0.276214886911,-1.60850214021,1.43878563535,-4.11224567395,1.51935230529,-2.25307686477,2.95937098694,-6.62623847524,1.86793240436,1.6060829093,0.890379135619,-0.747822973508,0.753795430269,-1.53458534206,1.43488863702,-0.0430351059342,2.12334093423,-1.12852254446,-1.84749380311,-0.786363380096,-0.516359906184,-1.67412098012,0.245048618984,1.99590421431,-0.894989023054,1.00935316659,-0.320169603756,-0.691111204624,-2.17622940855,-1.6374442733,0.613542096765,-1.73665541614,2.60084296767,-1.77252881118,-0.997439119835,1.48315029508,1.24769910631,2.32518997152,0.694229915093,-0.0631294665861,-0.878695628094,-0.175696281509,0.0162147656363,-0.0701818183664,-0.728483284911,0.746350382472,-0.192596378663,0.200372188331,-0.187225200553,-0.599793126484
104,0.0714758102425,-0.261080767863,-0.283524784471,-0.0224908053193,0.177682790669,0.0653425337962,0.146226547637,0.150507429241,-0.084597805636,-0.0588158910885,-0.0180646193929,-0.0153561492729,0.237587812761,-0.0816506444926,-0.0252484233642,-0.174112519068,0.324934404336,-0.0733379565857,0.693565931319,0.539012685783,-0.198137909446,-0.361868445107,0.572048923815,0.364387235832,0.472141430951,-0.365356685456,-0.0750061717668,0.0503103338255,-0.550048533785,-0.354792746468,-0.036434574825,-0.281241238593,-0.0817876844271,0.286545963493,0.327596031408,0.302634900754,-0.231123668875,-0.0961484898002,0.602804598242,-0.553421990647,-0.0773369953303,0.0789558505616,0.906182453733,-0.118011994385,0.280467617868,0.136681040586,1.0594078001,1.53495848801,-0.196295375832,-0.845794187114,-0.642951084756,0.0808180407968,-1.44038606657,0.768012561418,0.325586709013,0.0695050186824,1.01940832378,-0.424850394691,-0.00386179692715,-0.0814711382694,4.21874036879,-2.00467720392,4.92505850424,-0.228735194266,-5.40408274501,2.53290628612,-1.19493213268,1.0088302891,0.422483689579,-1.08678169509,-0.0497986002094,0.477847471895,-2.09639221169,-2.81789513659,1.42276403406,-0.136584063253,0.74078517832,-3.54955250231,-2.47667939754,2.013689385,-0.556307332943,-1.55735678599,-1.02891701178,-1.09177137213,1.5846647896,0.638299521827,1.36520181706,-3.27703953783,2.78767258758,2.83930338852,0.135943467871,-0.59090634669,0.696619946474,0.687175203326,-2.26641803185,1.26517396059,-0.0702733863803,-1.87124157667,-3.40548805903,-1.57021269431,0.168711935645,-1.2136921638,1.34897126612,-1.31206770877,-1.3853491203,1.02885771338,0.844698209224,1.5370129649,-0.137474513941,0.722588023534,-0.139271619018,-0.796933170817,0.895049928022,-0.621527408543,-0.699946341545,0.894383797008,-0.338283174727,0.176977955022,-0.205962793095,-0.59869889542
105,0.420746953145,-0.107678291668,0.0589850841509,-0.104482886718,-0.264332745228,0.161873864335,0.0838560482683,0.0959748373252,0.0597864962278,-0.112949100272,-0.0400992731567,0.0681062166538,-0.131947784354,-0.209693751703,0.108142000413,0.0024680826722,0.138523777151,-0.117141124941,0.263888540127,0.654730087978,-0.372334641414,-0.502902695259,0.412237686615,0.320377906674,0.571985383115,-0.284166559407,0.0302463022668,-0.310386777028,-0.142921438291,0.0405398337727,-0.019848698259,-0.279175151121,-0.000186517618715,0.287719958895,0.0629933832028,0.413598707838,-0.241406506657,-0.307722855526,0.249002369706,-0.676727680894,-0.0862252748542,-0.00226249150102,0.959376639155,-0.208939668769,0.13699406575,0.205699166604,1.12059943057,1.64472246157,-0.253433171518,-0.736027199777,-0.6211727621,-0.0276652837609,-1.30977186326,0.679400615501,0.258008984146,0.16494189069,0.978849886763,-0.408350639531,-0.0252522441721,-0.14120890017,-2.15707786042,1.51699798397,-0.885126407624,-0.812200255802,-0.431906939039,-2.78981880607,0.439467364282,-1.6955323662,1.65799237161,0.44610097219,-0.275795306951,0.36505002852,-4.31749876723,-0.0781783393176,1.2877523136,3.23989140665,-3.94954090164,2.18218631753,-5.31694881303,-0.110226598826,-2.86370264563,-1.08532005409,-1.89416238742,0.222329037374,0.230858376889,0.898484954021,0.850190592596,-3.47838753556,4.68911645591,4.58165109402,0.0329027010022,0.610340655174,0.882926212931,-0.614206900442,-2.8527722882,0.831043243462,-0.205305849489,-2.19847611751,-3.46353936649,-0.78542539572,-0.352160686619,-0.376862512819,-0.323634555481,-0.459464631673,-1.43326405508,0.316065748606,0.370738454903,0.650110214149,-0.998128786491,1.45394743834,0.560664153676,-1.35608621959,1.69937253071,-1.14237710828,-0.648531527246,1.00835760412,-0.470282727923,0.153022861356,-0.22127538483,-0.595743616589
106,-0.205477620589,-0.0971201325243,-0.276947869249,-0.157541270716,-0.0207696539164,-0.265718976834,0.0410469458505,-0.00951672573584,0.100332739183,0.042035912972,-0.0391760869345,-0.0683708837036,-0.416825448232,-0.216371699974,0.244215407629,0.305389199377,-0.231311823037,0.142452857625,-0.172150519806,0.482631452112,-0.702817251522,-0.565219744512,0.25511967553,0.384862499224,0.506334589859,-0.197258305491,0.117761288092,-0.554960435526,0.248367258815,0.456643609163,-0.0587836841384,-0.172849932622,0.0836489172085,0.18099652373,-0.205315044655,0.447399592627,-0.283519364642,-0.504529619104,-0.051466635818,-0.693405146614,-0.146891274441,0.00601485499192,0.840978212709,-0.205116039671,0.00197417738424,0.194882901946,1.1327335368,1.66501996878,-0.392149835412,-0.560577133822,-0.53503935675,-0.185926274719,-1.10507879736,0.541812366617,0.196345491473,0.269928063391,0.925929382827,-0.394225898656,-0.0480030879054,-0.200556967877,-4.0992058039,2.02257033193,-2.67341948599,-0.46318016354,2.05911476952,-2.54165197181,-2.57073775496,0.0721175737602,-0.937373064821,2.17623220259,0.351426377771,-3.10276383665,-0.797846919805,-0.582811092593,1.46782092864,1.92483584026,-2.13092942497,1.77045210646,-2.55958728807,-3.1661322369,-3.16728297991,-0.208719476197,-0.963656325488,0.852457252775,-1.47892485193,0.828536470176,0.975222106201,-1.05870362586,2.52702264687,3.26639041154,-0.904646397799,1.4028722198,0.738471456277,-1.40715333785,-2.32819669603,-0.232503475147,-0.669975142836,-1.60046812419,-2.38324257518,0.504499277054,-0.845322941065,0.532353275449,-2.00989399932,0.535479464259,-1.23814566223,-0.545895175687,-0.127501066525,-0.235827503405,-1.74618078615,2.0188325556,1.13455595755,-1.7815281078,2.36703859002,-1.59513898181,-0.583154755977,1.08491523411,-0.584975342918,0.129661668857,-0.233174852511,-0.590901729663
107,-0.0310655886623,0.123059704074,0.0208608873096,-0.176954752457,-0.195092083065,-0.145415656283,-0.319608440598,-0.0145711425924,-0.0073025223936,0.171442523143,-0.010580677705,-0.402537669692,-0.340048229541,-0.352321011383,0.38974309863,0.305217664008,-0.14790706016,0.101859604181,-0.186858752408,0.120718110298,-0.877119203176,-0.567826963308,0.255366475988,0.44488769892,0.307757772908,-0.110834634818,0.224326592983,-0.492127930023,0.28778995554,0.631758170462,-0.20195909807,-0.0279849385759,0.137871728165,0.0306666971275,-0.371581050037,0.36088420814,-0.37502023351,-0.607772792873,-0.204670725739,-0.573542469103,-0.249648335321,0.0979500738019,0.571254560382,-0.106773601849,-0.107486626195,0.0963381650461,1.09621097259,1.6007218724,-0.594696927349,-0.340882116294,-0.400785782711,-0.377586794001,-0.842637543146,0.363729760747,0.14155266889,0.38060632933,0.862530334218,-0.382363702013,-0.0717746278908,-0.259325891942,3.81821059915,-1.07251591173,6.99252107965,0.953888476881,-4.03608317489,2.64702302418,-2.43884402459,-1.29232464724,-0.516855644368,-0.21269753561,-0.18085567227,-2.41194113881,1.44899404578,-1.8601004615,1.26960379892,-1.67568271478,3.59031874003,-2.43600633058,1.94857823947,-3.36750146525,0.221642725228,0.031836361184,1.00761056957,0.15985088251,-2.2811563172,0.972192462844,1.06578124049,2.22568271584,-1.81565876876,0.136618211543,-1.86926150923,1.32733747863,0.309856062297,-1.48072274975,-0.886744660779,-1.47581479556,-1.11973361699,-0.40900572136,-0.621764791665,1.86047990293,-1.16951090374,1.25561042457,-3.28363508723,1.38412247562,-0.948651396626,-1.41315492993,-0.592332412438,-1.02742194294,-2.25620920372,2.32624131975,1.51361638103,-2.01613576843,2.84700897956,-1.94744088395,-0.512503873915,1.12195124241,-0.679426050704,0.107933768317,-0.24169701362,-0.584159418307
108,0.0869692975743,-0.0249865926618,0.157747573441,0.0950377970433,-0.263077843282,-0.212676788262,-0.220117337526,-0.2703833224,-0.0222771856514,-0.0134853920361,-0.131102521164,-0.400990343679,-0.293704039779,-0.502158119634,0.45318803016,0.122663228922,0.289626275037,-0.175033811402,0.0705618021369,-0.0679031946694,-0.618597847238,-0.568057693134,0.433395997633,0.400187724047,0.0900786161273,0.0105373835835,0.301420310685,-0.172588323692,-0.0685747856203,0.508971161324,-0.398648393482,0.060666397307,0.142246906849,-0.0952055399871,-0.372664493718,0.167510767033,-0.492149152174,-0.585176317233,-0.176184030077,-0.336230011746,-0.370707826734,0.243942299548,0.209287790836,0.0586262184754,-0.189713138361,-0.0829425068142,1.01736072806,1.46522251564,-0.832375030012,-0.105821801696,-0.240239652522,-0.581559266468,-0.54313579256,0.156506457054,0.0937629712119,0.492970068383,0.790792087516,-0.372554822835,-0.0962317389689,-0.317325427015,-1.17444929229,0.658879713061,-5.49449071212,2.66313517991,3.96794961836,-3.55474217582,3.1031292941,-2.43666328943,-0.646754432848,-3.04112261193,-2.15572675241,2.32061619002,-0.845944400485,-0.774034480976,-0.176923983388,-1.04583889021,3.81737625787,-1.92434899224,2.34463651559,-0.085666992342,4.71237259249,0.0299220522384,2.29669012137,-1.01511191085,-1.92059832347,1.48663075135,0.309949406719,3.68107837307,-4.81815977774,-2.27358132483,-1.84134924952,0.313945756314,-0.216065115335,-0.964008352892,0.85050089573,-2.26609755574,-1.11624713245,0.818888419099,1.13041284387,2.77311631937,-1.19340032681,1.58659897675,-3.81252298516,1.84433859516,-0.71636429061,-2.13712443497,-0.964666720741,-1.64928633895,-2.43732821638,2.32033386611,1.65605259952,-2.02374308348,3.10382170031,-2.17458168479,-0.444249417319,1.11857444837,-0.751464444762,0.0887299267215,-0.246896782291,-0.575514567672
109,-0.0963350183798,-0.0397578457027,-0.185833401008,-0.0320676433706,0.175656692025,-0.274899833423,-0.139929288904,-0.260653109946,-0.256847654173,-0.334983871216,-0.349560486356,-0.134937830073,-0.434222594642,-0.485192281481,0.360360712289,0.200393712939,0.429485380105,-0.118745049127,0.177587216742,0.0748235763073,-0.0632707329179,-0.529251573696,0.646111687664,0.270020761395,-0.0612793273554,0.179043691882,0.263076495984,0.138389909642,-0.550727267565,0.261109660481,-0.526344596381,0.0198108420812,0.101111284679,-0.154434908868,-0.216605126894,-0.0606577751557,-0.574091818577,-0.460061740007,-0.000751143027049,-0.0468373871827,-0.476050476017,0.398663761592,-0.161208092423,0.244833876,-0.256359716901,-0.322165656809,0.908034353427,1.2781911641,-1.06970354802,0.112304356854,-0.077804699807,-0.774369928445,-0.229894133785,-0.0664960416323,0.0524202458597,0.602981833031,0.713030474065,-0.364509509771,-0.121045559151,-0.374365696965,-0.669439898505,-1.51444176929,1.58223367432,-4.11097986508,1.10819903816,4.36539637732,-2.0930250231,2.29082923828,-3.69901481129,-3.06832584909,-1.61853116303,1.64645082442,-1.15822344229,0.991609493495,-1.39831696128,2.47317397736,-1.16382997727,3.17657432907,-0.21586867546,2.36778186133,5.48380692191,0.951687650956,1.57761108829,-1.38550075298,-1.10544283407,1.77041064181,-1.10238582679,2.0613233849,-4.17769311822,-2.24118029165,-0.538086671156,-1.13523050461,-0.549283511165,-0.217583832525,2.14253420302,-2.12133832404,-0.400796232445,1.57481277522,2.22800694781,2.85796540947,-0.852678076986,1.42381006698,-3.44783604999,1.79205773948,-0.64953315097,-2.59515982232,-1.19494235486,-2.05236629178,-2.24647599416,1.98958544364,1.55273219704,-1.79325333016,3.12065721731,-2.26134666262,-0.38440077682,1.0750481324,-0.7997378358,0.0727661451846,-0.248843836371,-0.564976653336
110,0.115011956807,0.00612137262325,0.00907513889857,-0.15369237317,-0.150843172871,0.245545921037,-0.243058017149,-0.154185127382,-0.548201744206,-0.590532599243,-0.414568846828,-0.226259278331,-0.411274320703,-0.344311907272,0.257944647184,0.476359507726,0.194821682248,0.333690883256,0.116403105783,0.258664670506,0.30757814819,-0.350656494911,0.682127306107,0.159813346471,-0.139787738318,0.330472021376,0.100396975661,0.179504369528,-0.802594720966,0.130303542347,-0.490555155912,-0.151532623551,0.0476003088643,-0.144644611415,0.0237361628626,-0.223384774184,-0.552094180493,-0.29390324238,0.235419595721,0.203972952592,-0.53042084307,0.513044750966,-0.452824652006,0.400823504659,-0.326367863422,-0.590626666374,0.784145002956,1.06269438414,-1.26958195929,0.282407687431,0.0629087657073,-0.932755419726,0.0730818104833,-0.290915720261,0.0164700037852,0.706685210346,0.631654513053,-0.357875947121,-0.145894776199,-0.430258345875,2.35137652833,1.08013463357,0.0383985531253,2.31360372273,-4.16313916421,1.60949186927,2.34107169178,-1.56521311907,-1.20483252821,-1.79711413554,-0.0557029334075,-3.26312873723,1.60866023061,1.63059333875,-0.26601337575,2.08142994717,-2.32518028926,4.74231903268,-0.334446635612,0.671076642139,1.36549960365,2.6172567164,-1.09159773576,-0.707843697956,-0.524179406868,1.05948137826,-1.93570250984,-1.31030609406,-0.574959217727,-0.182303697705,1.21707421966,-2.14463539188,-0.433712879111,0.355877065368,2.48791955475,-0.99328482518,0.907535855288,1.63294107939,2.32006424043,2.01280086108,-0.191169967093,0.795384765718,-2.26660460926,1.25838328374,-0.78235994783,-2.71488046447,-1.25289490943,-2.21809370079,-1.69472491652,1.36964751285,1.22848939102,-1.33994120488,2.90071390733,-2.20304270636,-0.336859211837,0.992716813856,-0.823737217441,0.0605653323135,-0.247618941162,-0.552566571162
111,0.0229322358797,-0.137814151585,-0.0706464285165,0.0140676866985,-0.0860428220243,-0.16569099267,0.137924130152,-0.421384666876,-0.516705755792,-0.631468330072,-0.488342719312,-0.586464238336,-0.229061026263,-0.194569468244,0.321883280449,0.491894938244,0.163652468918,0.628774030548,0.203899744746,0.166759817061,0.197497805714,-0.041910267423,0.413676055178,0.125539927583,-0.173179782436,0.357487247769,-0.0668313863088,-0.0889521198247,-0.665497680873,0.223362484715,-0.313115965352,-0.370126454851,0.0310437033933,-0.098340620542,0.247762269396,-0.241374010596,-0.389254435693,-0.152413456803,0.431386046049,0.33225120124,-0.508704786316,0.547137243395,-0.596673545035,0.486293291479,-0.417998491674,-0.853477780655,0.663382114039,0.842123051299,-1.39869370503,0.379187310109,0.162354301904,-1.03624159847,0.343096649324,-0.502458424852,-0.0154168875146,0.800309012729,0.549081873437,-0.352260138423,-0.170466584018,-0.484817669416,-1.89968476499,-1.08256787107,-1.06776256372,-0.417309000108,4.29506078793,-6.11763844266,1.49020895857,-1.52353499809,1.0215887484,1.08189873643,-1.83267162175,-2.70408689915,1.20614165447,1.15641485081,1.23089192083,-1.7652924798,2.06678309161,0.659798485297,2.12244185364,-2.20295892886,-3.10798424427,3.22932451023,-4.16033775925,-0.12314496956,-0.140421760594,-0.614966693247,-1.10469434023,-3.67492067825,3.04367614065,1.84535807398,2.08821735211,-2.00965956086,0.170982645394,0.48470656842,1.85283653616,0.661979552022,2.30973424251,1.13203999778,1.46827136447,0.472699479533,0.635205099019,-0.148231852236,-0.554336211482,0.421473028759,-1.06802337473,-2.48674609432,-1.13395941699,-2.15816119765,-0.845778203615,0.539411484807,0.738851490992,-0.703799846945,2.46677562551,-2.00567741767,-0.303200032035,0.87392708633,-0.82379620127,0.0524472089359,-0.243311036301,-0.53831641627
112,0.0437970257729,0.0337162799441,-0.0977172136983,-0.0884785211678,0.0331145160684,-0.235761952278,-0.321425736779,-0.283585181956,-0.426112319228,-0.464275501251,-0.716568322359,-0.645086047572,-0.267954437009,-0.163940562751,0.396768957308,0.250676811605,0.515647985794,0.509796874037,0.454619684246,-0.0442215154378,-0.156533686123,0.223508563275,-0.0900243561624,0.0884733790577,-0.160754196059,0.211143898095,-0.0740271625046,-0.457567534696,-0.286945262159,0.433743766901,-0.128713100227,-0.514327718091,0.0894134415425,-0.0643893484196,0.375400523568,-0.0989767078023,-0.109371178822,-0.0728601337076,0.511396820713,0.291925247677,-0.40548212164,0.480734840387,-0.56000489667,0.484121921719,-0.541433141226,-1.07805562758,0.562517346608,0.637346062157,-1.43237654393,0.386988985325,0.207777374185,-1.069416178,0.560628528483,-0.687940963896,-0.044610730023,0.880363467856,0.467655764975,-0.347246381643,-0.194457388773,-0.53786172185,0.387419881421,0.960563699321,1.64467611074,-0.488928365467,-3.32637567388,4.22821076236,-8.19051060048,2.71457762984,1.08564465321,1.4189320336,-1.77479827044,1.27938446673,-1.91426750167,-0.769184551361,-0.226644695595,-2.07845548102,3.89379901493,-2.24414449455,2.16901231349,-1.18926646752,-3.08798677337,1.79207942231,-5.46599431673,-0.882094591399,0.434897327574,-2.17006370715,1.06872029241,-3.19193497577,3.95770838374,1.96985102448,1.33256836431,-0.72957500517,0.996699206786,0.120545097309,0.658308204616,2.07980968551,3.14093772697,0.471160601753,0.0916933432715,-1.26183749984,1.39849137572,-1.17075913811,1.26763329352,-0.444781009144,-1.3966009706,-1.96257762301,-0.860894873977,-1.91032629646,0.193055798509,-0.389261243461,0.162580130705,0.0548687291544,1.85902903469,-1.68528056635,-0.282694752367,0.721947328823,-0.801063670246,0.0485265674702,-0.236015150596,-0.522269217848
113,-0.040182531155,-0.038137141238,0.0574916283025,-0.0727267213485,-0.304706023192,-0.111920654298,-0.63040939125,-0.30016140729,-0.263440266512,-0.441958080659,-0.675924184182,-0.483806524588,-0.510197001555,-0.349267656452,0.265698672912,0.220226852633,0.729676175982,0.352454547183,0.5201469396,0.0367207251612,-0.295404598,0.297566663349,-0.579388212554,-0.0886754955316,-0.0843073564604,-0.0275678304672,0.134389274113,-0.649123273871,0.0209352135113,0.548086266086,-0.0840764106179,-0.503928631024,0.222034891807,-0.085107961576,0.382241269207,0.142869227853,0.20277877189,-0.0490013957895,0.451670731297,0.0932786267365,-0.238784189496,0.319242713507,-0.35452394189,0.40608803906,-0.694187715773,-1.23939384271,0.494804600809,0.464446731498,-1.35826675646,0.302374122486,0.195026252797,-1.02364294318,0.710895412441,-0.836226176482,-0.0723033605807,0.943728414612,0.389565826813,-0.34241750642,-0.217573348992,-0.589213394537,-0.386175954984,0.953480659792,-0.797236891107,0.135470372681,-0.614890506443,-4.47085380756,3.93106649574,-3.38895121365,1.53099376062,-0.667477734728,2.75178901578,1.17118583447,-2.27507434868,-2.63296245758,-1.89947119514,1.61052694104,-0.227008370697,-0.342497446111,-1.04871985547,2.84310018662,0.506511921172,-0.184547379451,-3.85020141001,-2.71051069621,1.0369859438,-2.29099424033,2.86643524852,-0.428305347591,1.8081905743,0.0831761237613,-0.51285946648,0.902759109554,1.57468221131,-0.565093154239,-0.455728305238,2.56118287371,2.90325885666,0.0782850811581,-1.22960572133,-2.59862893738,1.8711586434,-2.00674278403,2.75137273191,-1.05091558531,-1.63186522891,-1.24121743461,-0.480324056087,-1.53113329362,1.28605491774,-1.28676948528,-0.409010622391,0.862102404774,1.13135637513,-1.26643976009,-0.272562094106,0.540888185249,-0.75745142904,0.0487197201442,-0.225831167005,-0.504478634852
114,-0.0475881880493,0.0608974361391,-0.0978494231493,-0.153133316023,-0.198431172086,-0.638712972226,-0.117544327145,-0.555056655979,-0.331701238135,-0.443858519771,-0.305899849782,-0.457701958711,-0.641236177174,-0.585861676114,0.180771960773,0.472650624712,0.499817607769,0.434403671673,0.313772216569,0.418893316096,-0.109312633916,0.244374676487,-0.796294427772,-0.425096975824,0.0176295029117,-0.184937435741,0.428389513789,-0.545861021587,0.0410412893912,0.438889946356,-0.2185722459,-0.358924915673,0.382802628019,-0.177759754349,0.304996634716,0.372373479893,0.433406848014,-0.0405276207951,0.28411611102,-0.198434300478,-0.0460367978158,0.0933901957957,-0.0331259209488,0.290058318637,-0.860691058853,-1.32382430125,0.467950771198,0.333291756195,-1.17820538184,0.135002742598,0.129190726651,-0.898030531119,0.784989279859,-0.938977769824,-0.0993238226467,0.987733557063,0.316775429575,-0.337374074428,-0.239530834008,-0.638701462198,-0.781734868504,-1.91737148504,-0.192341286375,-1.39824314102,-0.0722533540313,-1.1249116579,1.56406354479,0.604948248615,-3.22365921648,1.16898403054,3.46470714493,-0.320444598034,-0.272887453072,-1.56452440541,0.981141003055,2.54775340042,-3.56035676198,1.41289767741,-2.32442033812,3.86785492837,2.59855960675,-0.523275279904,-0.382159033952,-3.68963473964,0.777706390085,-0.598635880067,2.59814892086,2.26880911941,-1.33196685233,-2.13753159156,-1.98510221435,1.7976386667,1.51929104775,-1.26074455999,-0.960511035288,1.83684625309,1.54791540768,0.174095633791,-2.00141604671,-3.06436304142,1.90484895415,-2.42573475514,3.539532758,-1.17819096106,-1.65561230405,-0.445535738409,-0.0549962914886,-1.08675818327,2.28822653545,-2.02386773886,-0.884553848896,1.63839306841,0.346472480739,-0.780187952605,-0.268416306562,0.335622870055,-0.695558616743,0.0527586921767,-0.212863417887,-0.485008615961
115,0.0310914702483,-0.0900084033809,-0.120308180516,-0.237259192989,-0.417215582013,-0.191338501444,-0.466563940507,-0.270463264969,-0.63897044879,-0.276890261531,-0.154527867458,-0.451021688001,-0.59056034519,-0.621469908033,0.500475618852,0.589427941263,0.213343486671,0.494693026489,0.204346811488,0.628026464497,0.0940503816744,0.244259035575,-0.682817860927,-0.739604111772,0.0210261948644,-0.118594363103,0.580677752756,-0.267906117748,-0.189408743789,0.176868278859,-0.42602897022,-0.190666389591,0.503549009319,-0.326573507061,0.216372580066,0.480252127066,0.490601498857,-0.00107469742531,0.0773562768274,-0.483952473424,0.126907382462,-0.147261805684,0.324179159206,0.189280566019,-1.01611628161,-1.33009156555,0.483007325402,0.247053516426,-0.908145716488,-0.0933320314067,0.0239687858974,-0.699555184481,0.780485616403,-0.991179238454,-0.126006770675,1.01023060904,0.250957607151,-0.331751801484,-0.260056881114,-0.686161593457,2.96921973863,0.77928023272,-1.50179105339,-0.556756054944,-1.6050308165,5.71077163965,-4.74486499993,2.21891038632,-0.708535810466,1.21171239705,-0.623110804657,0.747312072341,1.10972533384,0.617466303365,4.84429157122,-0.403727294643,-1.41552881072,-0.700193915853,0.558698213047,-0.271654447773,1.00182619584,0.591869854255,2.3082438278,-2.14775498679,-0.933859639732,1.93119267877,0.200687528511,2.86359731923,-2.85123151588,-2.72185508371,-1.85162555466,1.33914626829,0.80904794158,-1.63996355681,-0.693210558455,0.229086875374,-0.448171097689,0.653708219414,-2.00586718396,-2.47300492612,1.48511521532,-2.28986530475,3.45943697836,-0.746276687704,-1.40621064013,0.303256431205,0.346565475634,-0.643324414897,3.06565698907,-2.49010134665,-1.18528333209,2.3073290045,-0.429621352121,-0.261432686651,-0.264864204996,0.111703949531,-0.618575109659,0.0602124558499,-0.197221050687,-0.463933025468
116,0.173472779754,-0.20421695643,-0.251457529167,-0.322496731497,-0.185745096217,-0.21898103546,-0.421443219127,-0.433169032957,-0.333858492427,-0.305955707771,-0.344624859174,-0.333794521374,-0.445211248064,-0.563135621624,0.929375018324,0.473712955635,0.251415413091,0.302492555194,0.392111455862,0.36643556947,0.074289259153,0.333120613506,-0.422060835069,-0.790598872593,-0.191322331174,0.174512732364,0.4582669558,-0.0476468012281,-0.439024062675,-0.0297107874938,-0.534667567717,-0.125997339876,0.536012771011,-0.488033986589,0.183765452348,0.414601707946,0.349667698113,0.0907545530912,-0.0950873908454,-0.662992515561,0.240027421624,-0.345680040197,0.631499067931,0.156702036985,-1.13328449642,-1.26802100139,0.534342064538,0.202671689841,-0.576086313368,-0.351420853753,-0.100168430841,-0.442334110282,0.701486012434,-0.991382046858,-0.15212551254,1.00965673503,0.19344158891,-0.32523654245,-0.278889723937,-0.731437322294,-0.612261218227,-3.32519226143,-0.886053364034,-0.128138186802,4.21490121094,-5.18627089955,4.89599803544,-3.95016467207,5.16309102742,-1.42079340106,-2.42529395132,1.14990023794,1.65683461256,0.0617520406599,2.52522028887,-1.12794195706,1.78446166211,-2.57626859665,2.47869995791,-4.36544867705,-1.09660550729,0.869847918811,2.47805570754,1.23024534863,-3.26547150057,3.67795108639,-2.48587101259,1.28955169433,-1.7479437972,-1.10249725661,-0.139225757725,-0.139243459309,-0.152350025147,-1.49514789981,0.0872711515809,-1.48340980217,-2.26843312763,1.14748174841,-1.35980984664,-0.990416975509,0.740086916229,-1.59161154583,2.56879273013,0.157500852968,-0.89994436665,0.907912153564,0.660962814605,-0.258010459152,3.51418120455,-2.60997775831,-1.2561403036,2.80377776791,-1.1333395545,0.253848705995,-0.256190004993,-0.124728451153,-0.530166594102,0.070514265634,-0.179019067817,-0.441335235221
117,0.227727100847,-0.240681004653,-0.342845717045,-0.156916181576,-0.179485603954,-0.447195311678,-0.164709007535,-0.470677339711,-0.0972558635961,-0.397533162032,-0.506582025257,-0.303236513956,-0.31380677367,-0.625378504146,0.879112961169,0.485623564083,0.445923310288,0.131820239019,0.519301362843,-0.0672908107957,-0.0253061925724,0.352723930709,-0.24354736022,-0.528654942128,-0.586214375147,0.553592099018,0.153139540582,-0.0251293851666,-0.491505531488,-0.0127322370541,-0.445076608758,-0.216675059045,0.484535236246,-0.608168138285,0.2336171457,0.209143407181,0.0693873325422,0.214461198155,-0.184995675937,-0.667431372225,0.271677303002,-0.451076296257,0.819845273839,0.228725233668,-1.19055405165,-1.15532780556,0.610643767331,0.192115845278,-0.218332255073,-0.602760344998,-0.218780742212,-0.146142470959,0.558104866572,-0.941671543084,-0.176895124513,0.985088140391,0.145171612608,-0.317576284515,-0.295779453292,-0.774380976937,1.39805834296,1.95803476449,0.708458114705,1.62989366238,-4.23356738528,2.69705087566,-1.83154725955,4.54340977445,-1.66205308027,0.102885989953,-0.401047739058,-0.694746795666,0.571257644791,-0.909758554234,-3.32216813913,1.48876393271,1.5611025601,-0.211986771412,-0.675067425869,-3.42725982687,-0.392511988796,-0.699076993923,1.01349908027,3.57510697029,-4.24350056691,3.56784382148,-3.13816522027,-0.7374783128,0.744936816868,1.41592950425,1.82668629623,-1.5635618785,-0.77787381241,-0.835379929232,0.862586883691,-2.4410448621,-3.1290065371,1.22913245562,-0.427626486948,0.925756527067,-0.101591450271,-0.461976226396,1.14020064397,1.29662026488,-0.22888859639,1.30944041043,0.839382405668,0.0279091516828,3.57375361999,-2.35455755583,-1.07382330741,3.08068874225,-1.70884279133,0.731410007827,-0.237060467007,-0.367052855338,-0.434344438713,0.0829939493473,-0.158379912873,-0.417307681413
118,0.1405116241,-0.165431777205,-0.05623472176,-0.29667936278,-0.450477659061,-0.128279639505,-0.410059024101,0.049330617963,-0.417954958492,-0.343285855815,-0.419299612274,-0.434899004444,-0.391820518506,-0.626565201263,0.448335277447,0.679609706187,0.528710492691,0.282107921014,0.225259505064,-0.223346211178,0.0447131531232,0.19403976762,-0.195238649067,-0.19005146706,-0.947672673685,0.830375160934,-0.0710936020668,-0.149384803736,-0.318455713456,0.213519088234,-0.215520651567,-0.401275340641,0.404497411394,-0.645760129109,0.339498759147,-0.0307728777216,-0.231092577329,0.314563568061,-0.185546135379,-0.483153551014,0.224934049947,-0.431767698445,0.855376759614,0.413082077702,-1.17832177297,-1.01349799945,0.696736519879,0.204210913563,0.125379480782,-0.810531166013,-0.306866592228,0.165648828003,0.365461795798,-0.847362662286,-0.19904425406,0.936282082353,0.10667936296,-0.308589717714,-0.31048885768,-0.814854562583,-2.74239216775,1.29753003931,1.59532949156,-2.91586919286,1.16098161808,0.192800092333,0.415155480096,2.1602210619,-2.19338030326,0.289629176831,1.75504772354,-1.51591935422,-2.119581432,1.32222346468,-4.06228235069,1.56504839488,0.28717917962,2.75228046632,-4.69341478382,0.253226072375,1.69325853265,-2.23534025832,0.211714237688,2.60764344011,-2.53300166849,1.76191621128,-0.928885502587,-1.45119707485,2.42108918432,2.77162159116,2.44380689305,-1.89435337513,-0.699640676534,0.100095684814,1.14489450156,-2.13552714047,-2.65986074767,0.662460618711,0.361016571195,2.68479860326,-0.788697284133,0.854901636508,-0.412273076697,2.34747133344,0.464018075112,1.49125757066,0.85414053835,0.193254360886,3.23653293421,-1.74676300316,-0.650665500796,3.11376999655,-2.11252086269,1.14130272297,-0.203182493009,-0.608292675065,-0.335323941734,0.0969138414904,-0.135435449714,-0.391951383914
119,-0.12158528909,0.0734662086451,-0.244767468467,-0.281563873945,-0.167437974681,-0.369248250953,-0.0341128457827,-0.243665323892,-0.314829969346,-0.371216230876,-0.287592540005,-0.533364314817,-0.639145697011,-0.384834553954,0.237662377919,0.666960012851,0.562588334314,0.522551217668,-0.226515419425,-0.114690513944,0.236186453515,-0.0184384936971,-0.150419867799,-0.0900921186715,-1.02917557636,0.887670934039,0.0138315834127,-0.262834155755,-0.0791842971331,0.464024712119,-0.0229858457669,-0.550179725806,0.364303254486,-0.591432432104,0.439289020898,-0.178907432145,-0.425702535017,0.32858826463,-0.128029914226,-0.153549750917,0.125517949934,-0.283935977968,0.748133416358,0.684455877806,-1.10217438437,-0.863744055395,0.775868691103,0.226723378385,0.417199441779,-0.942753603872,-0.342423554469,0.468475322842,0.142284414722,-0.716459302299,-0.216947676466,0.863705064894,0.0780710015307,-0.298171089618,-0.322794474208,-0.852730594069,-2.20518500735,0.140297637619,-1.50514002932,3.19981103297,1.80409238121,-1.57436016786,3.73371924273,-5.51486778584,3.11464298946,-0.294391623737,0.236252103361,-0.310543902598,-1.96771215411,2.82659035748,0.0252853720661,-1.99415643934,0.550006084963,1.23334431679,-3.25258559498,1.21413496616,1.60880170412,-1.60928486774,0.834131552466,-0.749265947522,1.02187680988,-0.588376534757,2.62757145119,-0.648779156985,2.00880262819,1.86892816674,1.11677414242,-0.900321219622,-0.0461733490532,0.938557122963,0.742142560899,-0.678966247794,-1.10248253751,-0.443707416125,0.700959971707,3.75936408083,-1.13270048347,2.05709601917,-1.64562821107,2.98860288971,1.02534729467,1.47387441209,0.701574985813,0.237928147072,2.54759777939,-0.859558875843,-0.033770190654,2.90355531591,-2.31624942693,1.46000542848,-0.151851021166,-0.841266873443,-0.237374959428,0.111506917651,-0.110329162153,-0.36537542511
120,-0.0374696386217,-0.0548301231824,0.0413232170988,0.00459299463669,-0.17765664847,-0.0987763169673,-0.18294776688,-0.446295534294,-0.168844934226,-0.298093797899,-0.398295814452,-0.518991603016,-0.637807112914,-0.22772565026,0.35850832987,0.365896254073,0.602620648836,0.445257395315,-0.286905945284,-0.0850363959639,0.285822725178,-0.0761154379169,-0.0376176890377,-0.302219229473,-0.767120941523,0.738901972466,0.405824257967,-0.274635344978,0.0310533715795,0.535863865378,-0.0271309931827,-0.561860476417,0.395951535139,-0.472476036869,0.471632176631,-0.151062610943,-0.440396050942,0.222074245122,-0.0627895835248,0.235543637069,0.0121339676292,-0.0338049739178,0.548774510475,0.989378929964,-0.98171507006,-0.723847808086,0.832106735803,0.248385138761,0.626182348791,-0.97690637869,-0.309685015542,0.739048930139,-0.0907423345829,-0.558929463247,-0.228805970873,0.768544641072,0.05902933285,-0.286291199759,-0.332487862902,-0.887892874242,4.45861874355,0.970190552817,4.46426564532,1.52096069849,0.0457020995596,4.9107345258,-5.6871116601,2.31198178365,-1.07532478108,1.5879326998,-1.93564293062,0.373237570429,2.2280069157,-0.236674677506,1.57011201028,-3.19166207443,-0.223066627768,-2.64812803665,2.1039994118,-0.75774050997,-0.754947631522,0.495015636646,1.18081844741,-3.0139248023,3.8823603341,-2.17567136091,4.76067379566,0.286345826445,0.0687420327704,-0.532460106862,-1.22833672115,0.662744684429,0.626509080267,1.35182745969,-0.139366509333,1.23392218968,0.784867420752,-1.6577190378,0.526122674305,3.84916009689,-1.06936129717,2.8586477135,-2.20979839196,2.9925570973,1.33511753695,1.30310119104,0.401311307684,0.180723542272,1.59825956528,0.192857770946,0.70053825875,2.47469145994,-2.30917323118,1.67195707152,-0.0823361871512,-1.05876731211,-0.144669316921,0.126015607876,-0.0832183908261,-0.337696384845
121,0.121065297932,0.0580555402472,0.154020720196,0.108713321619,0.113004169034,0.0016007602653,-0.475268423392,-0.154739566572,-0.357093057122,-0.226856752009,-0.515506847427,-0.472354677513,-0.298383741868,-0.402611207044,0.429373547209,0.175231843168,0.42643719245,0.108545246912,0.0760946111213,-0.203939870547,0.121677061477,0.0446955305203,0.0180980232506,-0.570075238662,-0.345209236797,0.501626971444,0.854785672486,-0.251384622923,-0.0607549009917,0.373761730289,-0.24317128081,-0.438348214277,0.470013641917,-0.339316607434,0.411772840194,0.0514347124723,-0.288781121483,0.0122642189995,-0.0344219611386,0.583286581422,-0.077201121718,0.267754528265,0.334048841458,1.25935018156,-0.845363258453,-0.606333847923,0.852498535629,0.26055699023,0.73230298344,-0.903357269947,-0.201593626728,0.957622882613,-0.312726813126,-0.385861388266,-0.232854319109,0.652702156506,0.0488311943289,-0.272994543476,-0.339377098776,-0.920237213497,-3.97409375328,-1.50915871916,-2.03343949812,1.33877035396,4.50073965471,-3.39730587057,2.33101674721,1.05052204735,-1.12658558583,-1.01507730625,0.180321289924,0.729415867094,3.45730475724,-2.45044648633,-0.312422194595,-0.31221254621,-3.48029163066,-3.30065782833,4.1255973301,-0.993722831731,-2.09991450417,1.59482824567,-0.390851853051,-1.73846056181,4.05538384217,-2.32412542108,3.6498157891,-0.0962482373967,-1.74912432598,-2.46143548085,-2.82805616074,1.621827649,0.72614869454,1.22744224655,-1.00976821355,2.66138817834,2.08057483106,-2.42024158755,0.00735796043419,2.95861813109,-0.675133146419,3.06396652065,-1.94584602195,2.29440226492,1.34135230755,1.03596123384,-0.0074728536999,0.0544237569478,0.512984435704,1.26975110875,1.45626802786,1.87260375135,-2.09791883929,1.77039168488,0.00392585789144,-1.25376222635,-0.0611297329374,0.139729735979,-0.0542764206421,-0.309037728071
122,-0.23874550453,0.0640228397074,-0.0404688877753,0.20533419792,0.214256641233,-0.212556898208,0.0271073465589,-0.276511166536,-0.312933286297,-0.46576082001,-0.37912721788,-0.328320774005,-0.145437264381,-0.527390267561,0.347936162324,0.247163770282,-0.0284710749591,-0.0989135075964,0.342259903908,-0.166904460362,-0.0437156768206,0.180273463596,-0.144202193318,-0.572007606776,-0.0372361789374,0.31377610099,1.04721377708,-0.338086089617,-0.273145717751,0.114252399444,-0.524675922665,-0.281983234602,0.515161905774,-0.239693065187,0.287034293464,0.340403134686,-0.0659902386807,-0.232758324424,-0.0626436196133,0.803825103236,-0.117957525229,0.557255507301,0.184816817701,1.42876665047,-0.722613693075,-0.517993217065,0.828751837981,0.25830160129,0.728921096718,-0.727107960031,-0.0211679986308,1.10981018241,-0.504265782017,-0.208573083793,-0.227579765515,0.518763983061,0.0463796718754,-0.258392769565,-0.343288457567,-0.949672085593,0.377796303892,3.47851652983,0.634425727176,-0.775405821755,-3.51034461338,2.12814736634,4.21630938229,-1.56831148659,1.06219737531,-2.55891771438,1.89787984704,2.16883724987,-0.783301859258,0.577338043646,-0.880972515593,1.02335249428,-4.83313719128,-0.666630017112,0.584650302091,2.02958175859,-0.890637612012,0.918104897844,-2.73976058419,1.7803994338,1.86042596529,-1.30654804284,-0.0430557282318,-1.74451824043,-2.24971120486,-2.32950730448,-2.44061071793,1.28359638905,0.0659573239136,0.728105430096,-1.36931289162,2.88538230489,2.14627205823,-2.31910135643,-0.551809733312,1.37048840637,-0.134186086493,2.62290181548,-0.933067764001,1.01697825597,1.07503800761,0.728367703798,-0.471841948657,-0.10093593076,-0.568168783034,2.22248980863,2.13010124038,1.15799982854,-1.70529284988,1.75743482405,0.10335582967,-1.41962203319,0.00971477902962,0.152022053557,-0.023694237179,-0.279529142264
123,-0.101812280843,0.210400963659,0.328286440664,-0.0472286448771,-0.185501697815,0.253215842746,0.0594858791432,-0.180401706363,-0.324179287823,-0.504624983425,-0.253809683886,-0.122086181477,-0.351966118577,-0.310190581287,0.294652264193,0.236882791245,-0.36096580308,-0.0729744313421,0.192305985542,0.163045920523,-0.0477137523948,0.225522740531,-0.454442211516,-0.265274358143,0.0192954699578,0.246940776691,0.850009502551,-0.587937748494,-0.471108658335,-0.0221944116899,-0.671884758971,-0.214998663986,0.470220339293,-0.194966550052,0.162857406981,0.583408468677,0.0975880164175,-0.42071165537,-0.136358261597,0.849128444508,-0.106642845193,0.774439973027,0.162576833062,1.45280923913,-0.635996356722,-0.460429290224,0.758271628115,0.240737593992,0.623369456046,-0.467579677553,0.218438722959,1.18777268673,-0.648941231174,-0.0377483743051,-0.211925508481,0.369949338466,0.0502502408096,-0.242654765885,-0.344068253455,-0.976119214592,-0.222977882344,-1.62382439284,2.53884343771,-1.95605168808,-1.24905516677,3.23797368311,-2.14355942206,3.07705957074,-1.11207728089,2.1135082839,0.461116291371,1.2270607981,-2.18396325771,2.99760491343,-0.339525661695,-1.61477931059,-1.13333471653,0.675061857634,-3.02161422964,3.91725849997,0.589663684396,0.133681821126,-2.9014968806,3.82249115111,-0.576732506262,-0.0907814602963,-3.62454638625,-3.01964458218,-1.596195863,-0.154813200544,-0.31947378087,-0.027242083128,-0.972157071526,0.189232180553,-0.995299621901,1.77981366818,0.947837175054,-1.30720938439,-0.863035418375,-0.464775286873,0.329980016465,1.64974842629,0.529160244585,-0.555483624257,0.640976210431,0.427305673247,-0.931976026579,-0.245503634111,-1.5090696271,2.91464119736,2.62492795807,0.399910549925,-1.16766134445,1.64348551487,0.210465837114,-1.55036034739,0.064861975334,0.162379913497,0.00831821655812,-0.249305822474
124,-0.179320172458,0.129166780438,-0.0374706974923,0.0927184530044,0.134073313258,0.030475930894,-0.0187678321105,0.0277942887241,-0.309249139223,-0.181105765842,-0.22814755617,-0.179205113185,-0.384130267457,-0.0979209533761,0.202954415292,-0.042619941801,-0.233868137473,-0.0521026381079,-0.10032405274,0.449816355909,0.00757144316487,0.244396419314,-0.613319044045,0.0674821166227,-0.0987839040247,0.268938076708,0.414984888862,-0.871266200536,-0.589914617899,0.100487377035,-0.583233213878,-0.28311365717,0.33162660523,-0.193008371125,0.106323995785,0.669549856241,0.101082772251,-0.475774324119,-0.221682251593,0.718412695193,-0.0608005404183,0.877838098252,0.291004410991,1.32029721894,-0.595078994263,-0.43111962093,0.644491032117,0.210666977721,0.435607636658,-0.156430441985,0.495219878664,1.19067611724,-0.734501688366,0.11733271969,-0.185461954371,0.210033657678,0.0587494281138,-0.225993826547,-0.341584771218,-0.999514087654,0.0109365995808,-0.6480220668,-5.69111736467,3.02842390903,5.32258890852,-5.58009577137,0.835784823333,-0.0166215289905,2.44409585425,3.24082210778,0.448760509071,-2.2160302451,1.82961789177,0.77463313544,-1.86247088218,-3.33739951218,3.14997011453,-0.436348623253,-2.06704991337,1.0692812439,0.220879704151,0.367957081814,0.126690908012,2.26257308593,-1.47000224712,0.351467820868,-4.50669979484,-2.23550623081,-0.855537754385,2.52601003649,1.95649672396,-1.21128705841,-1.68991544348,-0.0926367255593,-0.0823803723297,-0.116136402374,-0.912910196574,0.248115279201,-0.773493446682,-2.07782848944,0.532381103283,0.39812747002,2.00139132231,-2.04943805832,0.187089122826,0.168283510796,-1.32831082567,-0.346503945094,-2.19621652226,3.24079167343,2.8628079716,-0.331884212139,-0.531319008968,1.44596596739,0.318284643034,-1.64087999729,0.1019529301,0.170431757525,0.0415314309857,-0.21850770304
125,0.0312189312291,-0.101526745214,0.0418956802935,0.159754428498,0.252747570452,-0.130236071141,-0.0206577275052,-0.0859098448219,0.103316256109,0.0319610194361,-0.150934293998,-0.3935882372,-0.105161890843,-0.111044024635,-0.0807489570506,-0.283255898337,0.0876720527363,-0.126727682446,-0.146420544288,0.311964210908,-0.0188921144095,0.290188823269,-0.411202240224,0.122057652472,-0.222461745479,0.282678835663,0.0549111817524,-0.964295115295,-0.665533518497,0.437846043754,-0.334290903788,-0.417900119623,0.160832522855,-0.202210886781,0.147117072321,0.565162919503,-0.0750861619197,-0.374067129766,-0.278407800503,0.452979018327,-0.0119236448192,0.855726490933,0.547786584048,1.05779345357,-0.594265746771,-0.424512091307,0.496499829491,0.17358871187,0.195158230412,0.166337047505,0.780792081184,1.12439409331,-0.753645716949,0.249412244422,-0.148507213768,0.0432476341838,0.0699841057797,-0.208652478189,-0.335730221754,-1.01980638834,4.28614536226,-1.15186554602,5.03277006778,-1.27443615497,-4.05918586677,3.70260498605,-1.63257561131,-0.839071928206,4.29868798127,1.19896006438,0.850637364267,-0.894626991352,2.63801436409,-0.276729312821,-3.40318963591,-0.93803386432,2.31342517873,-0.642064127534,1.03854041197,-3.62228276239,-0.569257000665,0.32810739524,3.65776898944,-1.18199869113,-0.841866309307,-0.206578368423,-2.2928428864,0.597234966315,-0.773331714836,3.89081963776,2.6630569219,-1.24740070608,-1.57026660053,-0.0452546698089,0.851248878487,-1.86543354194,-2.48026219019,1.71460439477,-0.309257336668,-3.11520115125,0.386233300943,-0.804148664854,3.02533249591,-3.10092322017,-0.13890364849,-0.0231397499367,-1.60836742051,-0.383452286866,-2.55398126695,3.14151524881,2.79565791183,-0.974154815177,0.151768138222,1.18756984981,0.418936069836,-1.68721132223,0.119367358739,0.175967273914,0.0756964888405,-0.187278636561
126,0.191901885259,0.0362342964539,0.126477066441,0.0431946308523,-0.176614816489,0.225235403207,-0.115547246104,0.0103885089683,0.280415852448,0.133051920116,-0.0851732412291,-0.228051227604,-0.00419586434085,-0.014189860408,-0.351462056589,-0.218220348612,0.117202833509,-0.106021444617,0.0128631809323,-0.146093965525,-0.0378087829494,0.251214462862,0.0130861486263,-0.109767377637,-0.258928246325,0.218737625379,-0.00831606586282,-0.74869652381,-0.756627481525,0.806969903972,-0.124293581349,-0.488876095695,0.0446586971154,-0.197001241396,0.258461190902,0.330530847276,-0.356397003388,-0.15671241946,-0.276463929959,0.12000825029,0.0058394557818,0.729208790407,0.869305277581,0.723582546354,-0.615036507634,-0.43286537546,0.328022629667,0.13631129919,-0.0632174050743,0.457482289557,1.04376625292,1.00053085332,-0.704365705628,0.353679129795,-0.102184169977,-0.125846587785,0.0819390770493,-0.190885646156,-0.32642263955,-1.03696034528,-4.05012602556,0.481183293598,-3.62251916778,-1.45233663599,-0.838283264944,-0.368981649308,1.49610809628,2.45040500215,-1.06217862808,0.908143232087,0.683322579621,3.95395549604,-0.531157445606,2.43548859968,-1.42026300511,1.82143726032,-1.6915771836,1.19321182535,1.50611924688,-4.65578850315,0.551195708136,-1.35711868524,4.15950283154,-2.93002029548,0.0509465945808,-1.01774807848,0.955216834904,3.50897821827,-1.02827267396,3.15813086768,1.21677762852,-0.0103948274131,-0.657664196349,0.150244226041,1.25179539611,-2.61124284521,-2.90914649228,2.4756504934,0.365572779325,-3.42067257495,-0.0746381311647,-1.6439053735,3.25356339887,-3.45443375249,-0.23272934487,-0.128236976772,-1.73287043337,-0.350854818574,-2.55428176113,2.61241212277,2.41224767551,-1.47642252694,0.828429782089,0.89417480726,0.504319827218,-1.68672837604,0.116293502853,0.178950310431,0.110546079158,-0.15576552238
127,-0.292003694106,-0.00477580283515,-0.219848253412,-0.185267885625,0.0681291430293,-0.152084362876,0.227980158583,0.250571608599,0.0672702954688,0.157084709207,0.0701443322131,0.204664220898,-0.0386272752748,0.289043635813,-0.322288913725,-0.0469196929489,-0.138005592117,0.0665440640726,0.05711618671,-0.467846983389,0.121350308682,0.0122115795261,0.30396205466,-0.349792869973,-0.233741697428,0.1076423282,0.188130563212,-0.339965034569,-0.850071335501,1.02077534765,-0.130821304353,-0.407800541931,0.0364919845067,-0.176710756453,0.370384403104,0.0882655592801,-0.607714954289,0.086297313606,-0.205330364916,-0.208364475471,-0.0328953459858,0.546236981314,1.16720195152,0.392926000902,-0.631963720966,-0.446813296754,0.155835602348,0.105439161254,-0.304474043002,0.676183544603,1.25359212903,0.8349072203,-0.589851533376,0.427976130103,-0.0484067917284,-0.292499112412,0.0925602299973,-0.17294291972,-0.313607633781,-1.05095499132,-0.36834860388,1.58111509413,-1.22104009632,-1.87579460175,1.91470067217,-3.15927818083,3.12322977179,1.67123723137,-1.78692603083,-0.680899667112,2.65507645655,3.58354634667,0.977928950807,2.76869850132,1.75793407755,1.00030388625,-2.5528116213,1.72902135966,-0.80811973445,-1.3526054026,2.47366885966,-3.17457433413,1.29269550536,-1.38488971849,0.344049329839,-1.00153370409,2.53201242062,4.15995750603,-0.668627498759,0.991080158542,-1.39523609005,1.57725946593,0.466459207248,0.214123006417,0.856156370681,-2.02135662117,-1.88673671081,2.20911102605,1.04099812365,-3.04791189376,-0.715115154896,-1.91050261518,2.55168630796,-3.03429580115,-0.0639358785677,-0.133118289684,-1.68079430901,-0.258012654323,-2.21938567485,1.70592537963,1.74056325221,-1.80540203589,1.44856216278,0.592603911754,0.566835470095,-1.63832806797,0.0927690810828,0.179523897718,0.145796415304,-0.124117388865
128,0.068415363251,0.04890600165,0.0444202754824,-0.105104595452,-0.182443517016,0.0507285117499,0.211098572963,0.268116199361,0.0817185791799,0.0649187653083,0.370520401805,0.397983467729,0.291166550115,0.406274858566,-0.111590276255,-0.0694559360061,-0.254835655205,0.126705220906,-0.118313606845,-0.421522989012,0.366832444364,-0.285400406648,0.262821506487,-0.336376859756,-0.202229113612,0.0581223976826,0.405570266185,-0.016057152956,-0.853432462213,1.00490093278,-0.380378604349,-0.206415706506,0.121280968209,-0.163791216838,0.409414724243,-0.0409221750862,-0.697716487953,0.254288756038,-0.0738402292281,-0.474090415359,-0.136963979326,0.36798644293,1.35250167555,0.138452514102,-0.620719986778,-0.455868551889,-0.00224966285036,0.0860193987289,-0.498157504139,0.789497119566,1.38439029608,0.645708911402,-0.417992091731,0.472783186014,0.0102054941632,-0.45193144777,0.0998402284053,-0.155050725008,-0.297259901903,-1.06178432881,3.4356482923,-2.99893676052,4.61587519044,3.08420749705,-4.24653883337,5.13308781154,-2.73414720365,-1.4209409499,1.86582631502,-0.271007026287,2.49527207251,0.665619423529,5.14206581415,-0.54345592312,1.7978839073,-1.28411062887,0.484487119791,-0.910256923637,-2.301672069,1.86398261372,1.81621963699,-2.15798393726,-1.85186597206,1.62818327485,0.286419424512,0.157101081084,1.42620786008,1.91913303321,0.754353752725,-1.19855890413,-3.33521122849,2.19654675913,1.10493583514,-0.000645749707377,-0.134542253123,-0.465064319242,0.197746613464,1.03124791794,1.55248730228,-2.21329719446,-1.34942436593,-1.55686068351,1.04351861199,-1.96813060704,0.315706453335,-0.0296986242115,-1.45288775917,-0.126079295842,-1.61754406413,0.52560943194,0.845190540842,-1.94726446795,1.96884666473,0.308423186173,0.600086786835,-1.54255786525,0.0496907460333,0.178007041092,0.181150064773,-0.0924844357206
129,0.139551789505,-0.101596420903,0.039703426061,0.13222525814,-0.0165811559835,0.176586994832,0.0233401583853,0.0447652413029,0.265984851504,0.238913309019,0.450418396773,0.48628495084,0.752299525784,0.281432124872,-0.0535766904707,-0.211906676418,-0.0965256053844,-0.11309362482,-0.318696467054,-0.208099069025,0.38258834591,-0.319096066992,0.0222917818565,-0.0782710392194,-0.167254337319,0.145938479207,0.431595494651,0.00457876010477,-0.686821461056,0.816893296489,-0.727697952789,-0.0264417633295,0.230479078818,-0.182397899624,0.342602030204,-0.00183257454775,-0.563360441927,0.278529114223,0.0972302712318,-0.645535452129,-0.296684899621,0.251320746475,1.36073724299,0.0109722609019,-0.565685054334,-0.449187602612,-0.129654734109,0.0805947063754,-0.622510643017,0.776890623301,1.41828343245,0.451524597282,-0.200544427947,0.490989682579,0.0704803354223,-0.599505325092,0.10190350883,-0.137395232435,-0.277384415968,-1.06945739757,-1.31143040363,1.95210397432,-4.59890110467,0.316806275599,7.78556726866,-3.35821830761,-0.276582070702,-2.10795664357,0.931485426507,3.62482432511,-0.729843446103,1.63642915526,2.76385320975,-1.0907208676,-0.775992343129,-1.02273654878,1.98143881136,-3.46666140558,-1.39898747035,1.88323386038,-1.7179578829,1.70698411748,-2.462518201,3.09214084488,0.477932678417,1.50227930959,-0.895819735302,-1.46420361838,2.52357671849,-2.34885981857,-3.22090244454,1.12070155455,0.955863467439,-0.375166567018,-1.14978288953,1.17697053605,2.42277180036,-0.561978250723,1.8288262413,-1.21367035657,-1.80306252403,-0.714377710134,-0.914888956472,-0.554932677861,0.788449387812,0.180167352467,-1.07309175609,0.0169736897415,-0.852181990454,-0.786462683703,-0.17998190111,-1.90758017864,2.35564090392,0.0639491424378,0.59950581,-1.4016794821,-0.0112093846991,0.174883263762,0.216299655685,-0.0610170446332
130,-0.111664646832,-0.0175423518622,-0.114136082721,0.0488099664217,0.488538546195,-0.0357313283252,0.00981382333483,0.0125200314524,0.245370002395,0.580758366032,0.40798955835,0.692304618189,0.728004471685,0.314465700563,-0.233405042931,-0.215454562565,-0.00661567165641,-0.439615755542,-0.379694061402,-0.0986077602356,0.067435297308,0.018694080482,-0.15562424784,0.189056623668,-0.0990774750723,0.315491212784,0.269472091378,-0.255035261856,-0.383512236392,0.574264200381,-0.954787657305,-0.0243733083143,0.29612712606,-0.233890464788,0.19950118541,0.165883983743,-0.243042447181,0.149704605555,0.284487938034,-0.721043231849,-0.487732157736,0.232389803574,1.17105915255,0.0259883333016,-0.464860553554,-0.416847914564,-0.213312696862,0.0888222265452,-0.667241236994,0.633237640582,1.34779911831,0.269500761429,0.0479371268741,0.487484239681,0.1289010818,-0.730894269496,0.0970872725107,-0.120106810385,-0.254017197509,-1.07399824258,-1.99436543036,-0.53052983588,3.23048898499,-0.0450421221026,-2.1934866029,2.00705010971,-0.651019309419,1.53266839807,-0.657993149966,1.84159645901,0.960328419478,1.74627922088,-2.83732064598,1.85280895291,-2.44516137146,0.852998097329,-0.682962578616,-2.42478559653,0.0782066559274,0.329846742758,-3.95632125398,4.47272091948,-0.927319356619,1.86214589918,0.873204327555,1.59189281725,-1.97861482828,-3.28164932717,3.27086379969,-2.35064066372,-1.06136913743,-1.18325141436,0.330446259822,-0.603788684245,-1.57547682667,1.97732459006,3.7647760463,-1.92591389031,1.8833019161,-0.337838649954,-1.96442926262,0.344368738747,-2.82697296159,0.814405130295,1.20681990098,0.478969375005,-0.587216838157,0.142446484105,-0.0462833176885,-2.06754238131,-1.22283842531,-1.70908705802,2.58686784794,-0.123386369178,0.562842528729,-1.21965890988,-0.0874202752705,0.170781219717,0.250932382255,-0.0298647684811
131,-0.0445857546164,0.193280113172,0.271920021804,0.196315506454,-0.15108629038,0.299411772929,0.0609839739747,0.209680042138,0.278806698613,0.509897152462,0.679484111829,0.708743303999,0.40311019268,0.55967643042,-0.462284891552,-0.135292156623,-0.235570674975,-0.526844920459,-0.337651572698,-0.0983280343458,-0.246993548147,0.420498981182,-0.172822733929,0.249828647494,-0.00691748456694,0.405814302522,0.115531255453,-0.550943417072,-0.0940849938211,0.365028389374,-0.915856057078,-0.256639507335,0.303451629875,-0.289839612343,0.0572294183865,0.348855132587,0.137935154724,-0.0818416173116,0.468224339017,-0.724340808312,-0.678970618752,0.316231251685,0.813826395935,0.159691433004,-0.330586103926,-0.351659410781,-0.24565604208,0.107703711611,-0.634581936471,0.369860031565,1.17703249496,0.113812631811,0.311307439297,0.468603628269,0.181855831934,-0.842250232471,0.0840152139171,-0.103246788364,-0.22722560671,-1.0754457802,0.840469799894,3.1267586527,2.63971782522,1.03436405841,-4.53815302778,0.719219571117,2.90571402389,1.69247477799,1.47251227788,-2.46224273309,3.47654957304,-1.5102150688,-2.4167334595,2.27406184924,-1.80997673223,0.0789144762481,-3.43511615128,0.656380299153,0.611390205216,-0.0413372481563,-1.57152130348,2.78886981159,0.370720303655,-0.674833681821,0.852366002778,-0.00901025796805,-0.763186815553,-2.16719986278,2.22760022446,-1.8035478137,1.8084286736,-3.2924983553,-0.0947287187801,-0.443817168096,-1.12829086783,1.45979883649,3.58097700547,-2.55797665976,1.76732599801,0.205010508279,-1.81065836429,1.28552162595,-4.18900885814,1.76287717577,1.43919452344,0.82910749702,-0.0584046070656,0.226843036011,0.675731505116,-3.15497949066,-2.16650018697,-1.38768630674,2.65283682007,-0.242203550123,0.49047756119,-1.00207702681,-0.17574037006,0.166448026775,0.284735190856,0.000824688932361
132,-0.305229133564,0.213102376201,0.268731662211,0.104611159756,0.113181906335,-0.0191254726686,0.439744965643,0.374840468618,0.438615751738,0.372328656457,0.808107181951,0.496736018622,0.378210347794,0.65223779318,-0.566363857277,-0.299858215268,-0.559575217572,-0.378129570854,-0.267820136843,-0.0755864937535,-0.167566272954,0.480412931708,-0.131314557498,0.0819255689482,0.0465477765002,0.298587711373,0.149444678077,-0.625950755148,0.0224361936557,0.211040767202,-0.627420417445,-0.626928558944,0.301345547801,-0.31119802196,-0.00463686818774,0.421252275462,0.422828964718,-0.332089941707,0.633710558372,-0.694217955021,-0.84132980112,0.475573582775,0.364271961063,0.355654765523,-0.185799240258,-0.251223662213,-0.225985544998,0.132352259988,-0.53852146712,0.0134588082818,0.921413087385,-0.00540009922748,0.573066913796,0.441491326917,0.225907650116,-0.930357244801,0.0616609208709,-0.0867972118422,-0.197108085262,-1.0738535623,-3.50055796237,-0.530676213049,-3.23088900035,-1.00195919066,6.53481215127,-3.26393180164,2.19608446492,2.17670928122,1.14090796263,0.755033511684,-1.92042664756,-1.91584647104,1.79613670679,-0.561270441667,-0.325884711519,-3.47366909047,-2.42272138615,1.79008081854,0.821529418116,0.455511742168,3.0678762344,-1.64485214684,0.259960302973,-2.42347063479,0.116982997668,-2.03587041819,1.38977171735,0.770027488554,0.0338704168446,-1.31332202652,3.67588010455,-3.75788952295,0.182951420091,0.047828325196,-0.0500746826516,-0.133944870283,1.91055872188,-2.30976503387,1.52299742672,0.326953819317,-1.40268671976,1.81342469165,-4.62866155523,2.03052438275,1.41103041935,1.17284351336,0.440671754158,0.256497368086,1.20601463014,-3.90720928267,-2.90348090414,-0.987262429434,2.55603389846,-0.287807028008,0.385529496094,-0.755959607719,-0.272395207672,0.162716285585,0.317400491331,0.0309064891812
133,-0.25629338354,0.235803261484,0.0420481811195,0.219739131632,0.348993765407,0.271094630718,0.309630309285,0.596269997954,0.525711653632,0.599205013363,0.376689455589,0.417139385579,0.618704958538,0.51855805968,-0.571871912347,-0.745639244708,-0.665653888021,-0.257833714696,-0.166347748513,-0.0495761209755,0.25480907782,0.170587182871,-0.135459292867,-0.175528294985,0.00836678543855,0.050883810179,0.342025058698,-0.421720536141,-0.0712710778255,0.0956632553438,-0.248071368501,-0.935401512523,0.360795115224,-0.281820045318,0.0467484274326,0.314268448654,0.49333908816,-0.522267656517,0.769063835906,-0.671714870183,-0.954850124049,0.659331901185,-0.0763139545728,0.540496864069,-0.0569304649614,-0.119683224002,-0.160918765469,0.15711909306,-0.402348507092,-0.396948797297,0.606096000025,-0.0825500379948,0.817530277522,0.413420687077,0.258064687125,-0.992764177089,0.0293982139242,-0.0706541598905,-0.163793309511,-1.06928943965,3.5598087462,-1.73112892971,2.06162982421,2.05022019417,-1.98096371707,7.73132416054,-2.78762568733,1.08541381647,1.20083378011,2.35197445179,-5.0112378679,0.219989338143,2.06114841397,-1.4465443218,-0.108868892649,-4.5969733372,0.160917603166,0.384767779158,1.16694456098,-0.223924483696,4.50480702883,-3.81297817533,-0.287953154675,-2.44224241046,-0.852759569334,-2.54046135299,2.05109958152,2.99563347043,-1.69150922849,-1.00965348027,3.56761235384,-2.0863649524,1.06149421913,0.489928352857,1.01334939735,-1.95551107983,-0.549752193229,-1.42430220376,1.16554062642,0.0695919547052,-0.855355686396,1.75994342099,-4.01003336306,1.54633017725,1.12912836264,1.43875811318,0.83824923762,0.230040316938,1.46862612369,-4.22219948587,-3.34875144294,-0.554035188522,2.31000764215,-0.262261441176,0.253745095096,-0.489530517673,-0.373180245057,0.160466034906,0.348632206613,0.0602396570213
134,0.0873000279092,0.0147200601664,0.365582071533,0.323658445502,0.311986275904,0.700479619718,0.41680307825,0.483799908511,0.690812413047,0.605091970655,0.153600117395,0.453632325145,0.661440639706,0.476990103957,-0.643504586901,-1.04177476818,-0.608382475452,-0.295506999151,-0.0695769687118,-0.157522874105,0.563697491373,-0.122176871807,-0.164869933887,-0.362771331159,-0.107086342146,-0.131719463257,0.472101833505,-0.109895005499,-0.256171376252,0.0115295801562,0.0290524113829,-0.999492021277,0.510708524659,-0.230488327753,0.174915945368,0.0569722983882,0.320765361361,-0.611998193368,0.863284048971,-0.68804456645,-1.01201961975,0.808351936608,-0.406917640526,0.64427272941,0.034426907934,0.0315155400591,-0.0637165340006,0.176840391792,-0.254887415616,-0.814706776111,0.263170708931,-0.116560998342,1.03084647218,0.391137629667,0.276028616898,-1.02788932426,-0.0129638428946,-0.0546250592157,-0.127438730454,-1.06183512702,2.07333473783,0.534439887269,-0.245430694668,0.668850191044,3.24736333673,-1.50154506267,5.31138613537,-2.22828998483,1.19913564463,-2.32293971907,1.35183975171,0.104117501196,-1.32299492072,0.862060508467,-1.44189486272,-0.705442394298,0.520998456099,-0.921027899262,0.478263971965,-1.92281048054,1.0842244095,-1.39303409359,-0.180330178952,-1.16474191089,-1.33610560826,-0.791167346886,0.18245232027,2.81369494429,-1.67812578313,-0.636125509611,1.78141453566,0.897014632244,1.84744820851,0.424174211586,1.39779988217,-2.98514375494,-2.77884298826,-0.390039227088,0.70313645472,-0.418023682237,-0.295637498337,1.13622218785,-2.4751957941,0.448563739924,0.681136158085,1.55484698238,1.07518419433,0.158311428139,1.43005750443,-4.05093538459,-3.45007357315,-0.13116758241,1.93754142675,-0.173932360212,0.103177716988,-0.211896864957,-0.473623634175,0.160583133953,0.378151948951,0.0886880444886
135,-0.114693016884,0.106227256887,0.0727774618995,0.411981346053,0.677417797417,0.42410456027,0.84601385143,0.517727562832,0.564564683781,0.340013033775,0.513166471908,0.433520457619,0.440387949156,0.654275314416,-0.830961619112,-0.87908061868,-0.608736112545,-0.396247676542,-0.12848946718,-0.385873156945,0.450411974442,-0.0553017816852,-0.16410798908,-0.398186988981,-0.235340697176,-0.0768712391689,0.3434336544,0.0773263226489,-0.351724315524,-0.0222430846498,0.0935175684631,-0.767280321324,0.699619546703,-0.219966136517,0.294428082448,-0.233546819511,-0.0250709768253,-0.611754482222,0.907439402411,-0.755967481549,-1.01697316803,0.873701380023,-0.553500087175,0.619999015808,0.078504950008,0.184416121269,0.0475430665153,0.187950749016,-0.125984956756,-1.1912210224,-0.0719714346101,-0.110328027384,1.20180957697,0.380273580772,0.278401173423,-1.03509064521,-0.0651629471413,-0.0384302694116,-0.0882284992589,-1.05158567424,-5.10378736086,-0.744637484589,-1.30168294404,0.312055532633,0.98181941332,0.00941031283954,0.341904681407,3.56973638483,-3.69435910795,-1.62026873394,4.15430805997,-0.187541680109,-2.28851488029,2.16959623226,-1.90489770062,3.39624069689,-0.451501253085,-0.959979940823,-1.83817357859,-2.23771417124,-2.95465071824,2.55349970067,0.127091686403,0.425006015833,-1.13585532493,1.8356014593,-2.69152538425,0.77933353668,-0.0560134586414,0.00254762111781,-0.443728671444,3.54939554777,1.73130043308,-0.31208030506,0.847660902531,-2.5633984295,-3.90609378256,0.308030020849,0.175192902468,-0.924993157916,0.175958041916,0.130386523563,-0.409590773236,-0.952552948994,0.209781610793,1.46598108147,1.11592117366,0.0618431942902,1.10352298853,-3.40417252939,-3.19431650221,0.245722760009,1.46834159258,-0.0365536567725,-0.056324161095,0.0673204519987,-0.569162632402,0.163915747166,0.405705094363,0.116121245897
136,-0.278004625113,0.277351481137,0.327751490035,0.330860223137,0.423373266515,0.764732829645,0.576082152131,0.8402175758,0.261902832823,0.388071412599,0.700363975937,0.476303513072,0.360737017356,0.802112748909,-0.924425790427,-0.538621660886,-0.639962702981,-0.49101468691,-0.427040995301,-0.527167250244,0.118040961519,0.283971197382,-0.168114494571,-0.298881547045,-0.323776541704,0.185230516932,-0.00609043940974,0.0554723196707,-0.259813912705,0.0152677319712,-0.029793392252,-0.34991053834,0.8155379025,-0.303737670186,0.324519322173,-0.408113919341,-0.411801910482,-0.570506107619,0.899246896776,-0.86651485293,-0.981510733006,0.831946735947,-0.488702518859,0.456912856317,0.0807772335706,0.317135665651,0.152755095877,0.189247021394,-0.0419051168809,-1.48195761282,-0.364665929629,-0.0697950346606,1.32242432539,0.384871597521,0.264831511537,-1.01469703832,-0.126483591565,-0.0217090401569,-0.0463708002569,-1.03864884886,2.07437404937,4.61283722842,4.32766007967,-1.0579898509,-3.51798288919,3.1786449418,-2.55275069423,0.0581873172379,-0.320495925425,2.12756082707,-0.864578156063,1.0934390668,1.17180270659,0.423256010918,0.459212436265,2.53865803594,0.159526077498,-1.06182466225,-3.82347250838,-0.350133670984,-2.84238350413,3.52182062065,-0.369937005082,1.38937383902,-0.619248385102,3.00285788438,-3.81438726097,-0.989940171433,1.79082253167,0.727977053392,-1.79824406931,4.4315258169,0.401497794417,-1.35867654113,-0.284665572487,-0.73815827203,-3.59673785301,0.414162010183,-0.323500015172,-1.23809961926,0.508903252356,-0.949023806537,1.6600239922,-2.25991527804,-0.131049015333,1.15140533076,0.956432421191,-0.0334823984529,0.546500007257,-2.35156961316,-2.6089856354,0.551657364053,0.936480433904,0.132086071349,-0.213781823935,0.33839338656,-0.655326524688,0.171230725728,0.431066519285,0.142415448674
137,-0.332301784376,0.388691870645,0.549072279807,0.424697179942,0.40786441847,0.549269343304,0.63863752003,0.440403151007,0.578088171826,0.608164504077,0.473391740738,0.605559252411,0.653032742295,0.735822634133,-0.718948030499,-0.45753226292,-0.556383224732,-0.629335408411,-0.794691145849,-0.464189412616,0.0114388448035,0.526430207661,-0.255541720231,-0.163641371466,-0.360886946213,0.434930058607,-0.312468830187,-0.0558765124553,-0.0358445887666,0.111313317597,-0.216258313736,0.0462972630311,0.755322105695,-0.476796341421,0.244295766025,-0.358544209785,-0.706582774036,-0.546658133441,0.848229333994,-0.991849909689,-0.919773850396,0.692685440607,-0.239069417374,0.183769637539,0.0605946887635,0.407980492644,0.233132675827,0.182164118337,-0.0212930988574,-1.65197369754,-0.584908018313,-0.00280541031227,1.38821309885,0.407058176096,0.236091378452,-0.96799793482,-0.195775399494,-0.00402975873595,-0.00209463694131,-1.02314443747,-3.51748126581,-2.2267188655,-1.13440510882,3.19272491134,2.92701936085,-6.07095846495,1.8696473018,-5.38585652443,4.92094066802,1.70169392294,-2.34245180718,1.15978977741,3.97379046501,-1.44272355142,3.34646836199,-0.769989820238,1.29574746473,-1.69942985382,-2.96837280904,1.28570278774,0.99336230241,0.973099860213,-1.34449917869,1.07752373081,-0.138796159052,1.5943761091,-1.83425273079,-0.891326715099,2.41005596694,1.09682959111,-1.6907474689,3.17641751672,-1.64549070367,-1.95996222048,-1.21412853143,1.75496844186,-2.16834705273,-0.00291698708466,-0.657919447813,-1.20268926734,0.705689290528,-1.76742888545,3.20727558165,-3.09896516005,-0.225552992327,0.636992232632,0.627077281076,-0.101681335823,-0.148044991375,-1.01330991793,-1.75880337972,0.77371623113,0.377817569522,0.31172306011,-0.35785639956,0.591910149705,-0.727918445292,0.1831717262,0.454045765283,0.167454205856
138,-0.406504501182,0.397930316426,0.349131705937,0.659248427705,0.626320196942,0.253143249054,0.419124226808,0.345886641048,0.809768906131,0.699302882303,0.447055359061,0.684529972308,0.958470017643,0.596971057633,-0.379746713822,-0.576112562676,-0.468547466301,-0.798997867491,-0.935647899946,-0.365894287717,0.285793428494,0.482234795548,-0.404616252664,-0.124852930921,-0.353060753184,0.456852581505,-0.316647152487,-0.0718525454352,0.167696623528,0.211600672066,-0.330457527753,0.242543426015,0.498111916768,-0.657210173701,0.113959036198,-0.0701860661366,-0.833981840665,-0.577896818472,0.777229748187,-1.09366485961,-0.843591089697,0.495903540043,0.122264629194,-0.138762377595,0.0452547556696,0.440322451437,0.274527084246,0.170524172865,-0.0722811506791,-1.68027638672,-0.71071314753,0.0821028132982,1.39827200685,0.446881031602,0.194070335828,-0.897190635378,-0.271489264064,0.0150957768922,0.0443538605598,-1.00520347427,2.56998693724,1.31071983011,0.606001858211,-0.616151620678,-0.0585969738633,1.97214238288,-6.2347083226,3.90744366123,-1.24352209045,0.197480454865,2.17606214734,0.586972225296,1.22422562593,-0.992665415804,2.68222775718,-0.865731980423,-0.00834071228495,-1.41954104327,0.322748430309,0.191314044775,3.97384733636,-1.49528204338,-1.38852557329,-0.437764180225,0.297815529101,-1.18518879206,1.77390864685,0.678242226249,1.44037094503,0.790169668101,-0.478720505239,0.65926754364,-3.34530039828,-1.42657717003,-1.19454169322,3.86339010485,-0.397447980775,-0.622134887623,-0.708244437162,-0.769924756564,0.806291319788,-2.06801224014,3.84825769538,-3.22112074359,-0.0356802265548,-0.00244103004061,0.189131474932,-0.121782140298,-0.865437265581,0.454704038537,-0.7378070611,0.910740558765,-0.17241202821,0.481336500335,-0.477667950629,0.819193155625,-0.783188349108,0.200220875941,0.47449140941,0.191129117435
139,-0.213682652335,0.29105341278,0.596246674438,0.411801189732,0.437331437282,0.550729347597,0.0741304954378,0.702056155928,0.52760849983,0.666214464844,0.809076140257,0.775745050643,0.832444974677,0.554050901417,-0.28950959657,-0.546621928941,-0.595223643079,-0.861363136265,-0.761038992753,-0.48170485044,0.675866304056,0.333961346971,-0.487774570301,-0.253455378849,-0.300943335298,0.234853853581,-0.00763307522861,0.0644285697707,0.228288927112,0.249709541346,-0.306186846794,0.187095427151,0.131224980598,-0.720077236509,0.0450265179852,0.37226885921,-0.80315057178,-0.66490415203,0.717366943243,-1.13500535398,-0.759998772507,0.299817595362,0.495433673323,-0.434519742229,0.0611269683272,0.407091969069,0.270078257765,0.159820622453,-0.191142370051,-1.5624566171,-0.730503746722,0.176793219302,1.35510017575,0.502320183342,0.141689117387,-0.805287071328,-0.351730026978,0.0361945004515,0.0927155168389,-0.984967406535,0.49484615337,-1.32162923458,-0.425305646677,-1.71866630525,-2.42930697097,0.631849083087,2.86163508717,0.107486198365,-2.53204589401,-0.669381067085,3.96458293829,1.36026382737,-3.32649313296,-0.0387984798738,-1.003129182,1.36117009055,-2.3034404357,0.323105252345,2.71810500601,-2.47971261836,3.22884924883,-0.926354376737,-0.1460376206,-2.00232785562,0.732918523875,-2.89380284632,3.92778435123,1.80346231049,-0.234808771758,-0.0919870055169,0.911583536979,-1.60072284242,-3.72243077996,0.338397823275,-0.0121620018621,4.73698472805,0.872678075654,-1.0611000311,-0.439476562361,-0.0159670760418,0.86184159679,-1.75317081494,3.44434214294,-2.57237079972,0.381345855171,-0.653291199815,-0.275015314163,-0.0818773635726,-1.48610047133,1.88016972612,0.342011538608,0.971507574778,-0.681702798343,0.620875098407,-0.563603585545,1.01268884399,-0.817989617496,0.222665686818,0.492294439072,0.213340409699
140,-0.260950340766,0.263835839803,0.136510277904,0.360082358705,0.325450115045,0.325729455123,0.784250544486,0.378181309567,0.462778986256,0.640554661456,1.03131080029,0.90828294969,0.486223910894,0.539146245702,-0.511266346639,-0.415914656563,-0.816735937444,-0.741354368987,-0.510357134127,-0.793614609474,0.864644285798,0.365418562974,-0.442572671581,-0.473501648327,-0.214927495011,-0.0353597893481,0.353529485317,0.221753636757,0.139670240073,0.189784704571,-0.170788678527,-0.027214250721,-0.192993427831,-0.571902831991,0.133466014658,0.826762595501,-0.694058697689,-0.775851702391,0.696987438238,-1.09220327187,-0.671492242548,0.162801476228,0.780748397656,-0.632522933144,0.124434721241,0.313645698122,0.221622366603,0.156178729179,-0.36267857252,-1.31126742551,-0.644246036874,0.274383630654,1.26423781491,0.569466909532,0.0827352142628,-0.695983901038,-0.434323708274,0.0598112377266,0.142722473004,-0.962587207593,-1.00926362034,-1.83292129131,-3.97284942289,-1.62693406183,0.0475357107803,-2.1386103191,6.26842912323,-3.48386432893,0.691445964678,0.527616584236,-0.0793698474965,0.739761322601,-2.47316984591,-0.413494386863,-2.74741039866,0.482260408377,-1.42734722331,1.86547137221,1.71268099797,-3.19557583005,0.532797376855,1.61545599914,0.832652026837,-2.05524249679,0.910120340174,-2.09122772723,2.73131309711,0.989260508933,-1.36805143363,-1.07459006455,1.64363689781,-2.38460638856,-2.53116849171,2.61268127872,1.81048410221,4.12057451369,1.12314131485,-1.08129152436,0.0548133140791,0.875750256335,0.908176868981,-0.918109654613,2.13697883527,-1.30786613348,0.884085996087,-1.18510442229,-0.676559942865,0.0185342440263,-1.90302123175,3.0957315925,1.36407810176,0.971760010769,-1.12198787198,0.712868200246,-0.608055160499,1.16630769598,-0.829912390806,0.25057273621,0.50739046043,0.233997404014
141,-0.105113241384,0.0484792548029,0.129001569708,0.041094281729,0.278915522433,0.521004670694,0.649411944787,0.480172279502,0.540978461116,0.753280222578,0.82857190824,0.826594680157,0.464884457149,0.491926056747,-0.707803553129,-0.545252443034,-0.790828631009,-0.548520744773,-0.490493905478,-1.0094416734,0.832045677449,0.613912616979,-0.384167850681,-0.599181305396,-0.139317037491,-0.125510374248,0.460060322937,0.210404852052,-0.00707355563801,0.0497475933243,-0.00876329365417,-0.231513471739,-0.344466303231,-0.222563856298,0.394460331939,1.15987904599,-0.612690485345,-0.867580676401,0.728954170765,-0.963214535126,-0.578499888021,0.124890250102,0.90519266672,-0.686176364064,0.234530462869,0.178012306198,0.139492966144,0.165180117076,-0.562285721505,-0.955079870087,-0.463218655735,0.369765509475,1.13375493481,0.642853383632,0.0216305176836,-0.573501913258,-0.516896652917,0.0864856274718,0.194102705278,-0.93822244869,4.60082473564,0.0661245327493,0.717242413657,-2.20449898186,-1.2696196882,4.39126713819,-7.46930304659,4.87953663338,1.01476440802,1.10661277952,-3.23659700496,-2.48603087448,1.92368191215,-0.196644987414,-0.811859297879,-2.98810706721,1.94747962037,1.67872290865,-1.35698651773,-0.73259513902,-0.787204503719,2.94429792558,0.0127034305931,-0.225066802769,0.492784991907,0.395090174592,-0.74519201477,-1.32146438069,-1.39012642745,-1.61767988569,1.4590181986,-1.45515775228,-0.441920877705,4.14154079362,3.25582441637,2.42284467074,0.365039745901,-0.702111272702,0.566402000493,1.66732423898,0.949268264587,0.174718237926,0.304914601859,0.251529817299,1.2846710285,-1.48011936844,-0.937179174513,0.168181729631,-2.03744371676,3.95962403076,2.22093939059,0.930605067077,-1.47091400012,0.74381145483,-0.606031930602,1.27569512393,-0.817387677477,0.283769384025,0.519760607512,0.253018869277
142,0.120456632852,-0.0424753151322,0.00617197582276,0.147632957856,0.250170267001,0.506619365928,0.191299576105,0.803016352277,0.764697679008,0.743795359411,0.532616780493,0.502306973491,0.714868324788,0.566709071757,-0.69380133737,-0.879176200971,-0.523100604473,-0.452116549829,-0.722742363276,-0.928061009365,0.777382116716,0.868850960941,-0.478330737309,-0.508797402288,-0.132975583104,0.0241830273153,0.233606371808,-0.0245449090742,-0.114181486189,-0.108968912622,0.10229764586,-0.286282621157,-0.290957751742,0.194146348083,0.740019271026,1.30217658126,-0.638847169735,-0.911118686616,0.802530428774,-0.769476875352,-0.482740606132,0.194596147344,0.841192819246,-0.58567110391,0.37190170682,0.028082274212,0.0406662042259,0.190746293933,-0.759408337204,-0.534420461578,-0.208465504927,0.459755474574,0.973634353782,0.71590575056,-0.0368540877482,-0.442402470184,-0.596963425995,0.116727657259,0.246584565675,-0.912040341592,-1.67017723293,-3.40939972445,-1.75518943526,2.70956695572,1.33960540968,-6.02198332449,1.40985989042,-0.530033171231,3.27568630377,-1.35206319933,-2.25242906599,-3.12870864849,2.01521442815,1.82240635282,0.586978298481,-2.66872598374,2.61416925636,0.123993261025,-2.73435380257,2.07810539846,-0.105037732794,1.82498376477,-1.88965000832,1.86986023643,-0.402099645164,2.32322992427,-3.3758521635,-3.1038483315,-0.700396607238,-1.43046267388,0.722104516882,0.41825906271,1.36856806943,3.83349836251,3.3862297866,0.448789622974,-0.920054043008,-0.171002996721,0.848252744262,2.13980352345,0.956698552237,1.17369744338,-1.54376278232,1.70844404748,1.40341644037,-1.46355039218,-1.0046526156,0.345521219929,-1.85063230004,4.37298896814,2.82660285869,0.866853172172,-1.71268391893,0.705236812274,-0.555602106933,1.33841752957,-0.779757555478,0.321834486326,0.529431063857,0.270333255266
143,0.0199932746337,-0.0542749633537,-0.0244994004491,0.209976361462,0.289280169391,-0.0555775349446,0.593785619048,0.543390419675,0.928437522531,0.592580656932,0.393613385968,0.350343357804,0.736475614454,0.807305293845,-0.702593065148,-0.920431367836,-0.407740625096,-0.527561290825,-0.918365012159,-0.693753532044,0.810282912053,0.952732389359,-0.717715862889,-0.293806207718,-0.214440083307,0.265880519126,-0.103768877081,-0.33317869611,-0.149933178195,-0.214350892745,0.138447463023,-0.15672808717,-0.112283635468,0.47430443078,1.01758248456,1.266446103,-0.791350601624,-0.907684219226,0.884862409125,-0.550366849111,-0.389792770036,0.345258648384,0.612562214984,-0.360191316253,0.501852683041,-0.103936341113,-0.0544464359687,0.234249514493,-0.921903433817,-0.0970363012147,0.0918534799213,0.542900679591,0.795090927452,0.781485554327,-0.0879182475517,-0.307390068343,-0.672019893713,0.150992747394,0.299901203635,-0.884214763772,0.81803954822,4.11115331867,1.63392999103,-1.90818009956,-2.47005136337,-0.623429994677,2.32728189462,-2.08336028903,-1.54964575807,-1.02774876293,-0.585221040783,0.357017455303,-1.53930432285,2.4192459692,-1.08774902634,2.04867110602,-0.65358214077,-1.55828357754,-0.712747115168,2.0433072756,0.589613545649,-0.0762251735777,-2.50926684066,1.97372121833,-1.14166039793,2.13057200927,-2.77384903206,-2.6438902564,-0.077901492022,-0.593605547519,0.0608368754987,2.0379732528,1.96309213283,1.47142483658,1.92473056198,-1.03522687725,-2.04931877135,0.186919658759,0.723475464488,2.16340797953,0.885462814466,1.74576074146,-2.91388222079,2.69878307638,1.12491815309,-1.12668431085,-0.863758301517,0.521699365987,-1.35008832723,4.29169518283,3.1260164167,0.79584086363,-1.83849616031,0.594400683194,-0.458129037423,1.35405247952,-0.717308295089,0.364098713046,0.536471158043,0.285878807367
144,-0.124385677127,0.151533769082,0.233499949835,-0.0250345183777,-0.101257435841,0.406909192766,0.371297181888,0.559082276615,0.463247029533,0.534913674416,0.424685445226,0.505737827978,0.541008679212,0.931850256876,-0.876291829884,-0.582590305378,-0.620973496962,-0.732084174027,-0.83793838206,-0.598271289777,0.850916288784,0.892581732545,-0.897021389466,-0.199461921128,-0.33763907614,0.393797589082,-0.226712518127,-0.484289980892,-0.145345845578,-0.218488633532,0.131406734496,0.0828851343761,0.0564839535605,0.450017923441,1.09165244755,1.12445758963,-1.0245940743,-0.886972592881,0.93296114007,-0.351858835745,-0.309491406114,0.522307127054,0.286181921062,-0.0693998419543,0.58317366441,-0.188715824713,-0.125944125453,0.293970421331,-1.02070946394,0.307882883071,0.405868315252,0.619009755309,0.609865092283,0.832479123933,-0.127064105762,-0.173110935099,-0.739637693503,0.189657357802,0.353794726264,-0.854925277929,-3.9837921723,-0.292230452543,0.944384402754,-1.16326782516,-2.06259256844,5.25423799638,-4.22607465121,0.725114823539,-5.93274087637,-0.778245486231,1.27244022679,2.04258778081,-1.4365297473,-0.291824245377,-1.74835554467,3.55726604222,-3.02551917813,-2.29123286532,2.07987392599,-0.249900427284,0.0439868972399,-0.891773392761,-0.744235950195,-0.385249373388,-1.19808478075,0.298469147171,0.571125465721,-0.180426303061,0.100621781794,0.51496950793,-0.10968386581,2.53276115148,1.23371523341,-2.01588717227,-0.514380462212,-1.65687156892,-2.46771519902,0.156038730649,0.177427533699,1.73954428751,0.700152577131,1.68119443233,-3.45925959209,2.99118797562,0.439117348609,-0.535910064544,-0.539826999353,0.664428815701,-0.589359926652,3.7312112314,3.10057918201,0.727181320339,-1.84662692504,0.414550620305,-0.318281820439,1.32417735534,-0.631264916467,0.409654694235,0.540990046932,0.299603566462
145,-0.312880532323,0.256582231739,0.0249406437836,0.0806843437707,0.224213083204,0.305606705313,0.272344875904,0.319654016194,0.116634162642,0.348393635292,0.597957903458,0.652030075909,0.561128685244,0.765559069948,-0.907568377922,-0.43320570358,-0.879837252362,-0.925695364786,-0.608251935727,-0.707100928899,0.809277067429,0.806963112335,-0.842536095702,-0.383314384688,-0.43620273747,0.337133372708,0.00449200644715,-0.370436494092,-0.136945268392,-0.119263471386,0.131266072952,0.308054150398,0.115298439259,0.0898155084684,0.922865007343,0.960295543769,-1.25411290627,-0.889073311249,0.911999604184,-0.21312551604,-0.253614151533,0.659479553182,-0.0479745091031,0.213307873374,0.579600889182,-0.207029696081,-0.158318493933,0.364965276731,-1.03417213885,0.635595992073,0.701730665896,0.688517814609,0.429524147007,0.862391932343,-0.150417793187,-0.0439578533989,-0.797556235962,0.232996095461,0.408019958865,-0.82435615697,1.02568687557,0.622135932839,-1.56070669211,2.58383487702,6.44942420158,-5.88729742206,1.86577200224,-5.41404234776,-0.484355536568,-2.63720401086,1.5343731754,0.757332025605,1.76947237888,-2.54552878498,1.57553286444,-1.20197745637,-1.66551006003,-1.26639173071,1.85301066021,-1.52590182194,-0.790048575137,-0.770007629408,1.70582361887,-3.09410330024,-0.738702454942,-1.2015196695,3.74439844775,2.24829881566,0.0702291231253,1.38842156609,0.149064946325,1.79812001703,-0.0585473439646,-4.94691856004,-2.71056421079,-1.53248315765,-1.97647742574,-0.24441697234,-0.614364467513,0.998482143326,0.401025251528,0.963106031854,-3.0741310934,2.54827180948,-0.545573408142,0.176151546176,-0.0938781242033,0.74221756833,0.338557629377,2.76398821811,2.7690948434,0.663727028796,-1.74220091844,0.174758356719,-0.143815623662,1.25225666405,-0.523747464624,0.457376823125,0.543132053868,0.311465260999
146,-0.0584329219438,0.0469006450836,0.29901377751,0.405182059931,0.452229142782,0.0560757426414,0.219430364922,-0.116058416074,0.156505872751,0.182211891346,0.596190575974,0.692864231248,0.773927302624,0.542570180801,-0.59907792829,-0.775682154462,-0.935563717659,-0.943163738504,-0.56794116677,-0.82101857584,0.724517954707,0.72852251465,-0.62256446065,-0.736904373089,-0.491078697528,0.219870269419,0.422314341135,-0.105638853421,-0.125046027474,0.0363374472095,0.161223409803,0.4199433427,0.0629272105962,-0.468026191705,0.597289452892,0.828747473093,-1.39577002401,-0.939832131837,0.812176678419,-0.155657959099,-0.231457419705,0.699224423966,-0.302594457389,0.420996501297,0.470928427033,-0.155194255618,-0.14345413674,0.439354191204,-0.951421994633,0.851079188057,0.951210429545,0.751812975588,0.26480028599,0.865905087821,-0.155017829887,0.0761089065208,-0.84376849818,0.281161263102,0.462347676795,-0.792695424771,3.61701964902,-1.40046632928,4.04813127827,3.55854929382,-3.06379284711,2.96423410539,-4.45724434904,-1.3393503527,-0.158586748031,0.0143159186094,-1.79957726539,0.254525336207,1.66207483505,-1.44740514315,3.76003610348,-4.61533008962,0.280991074424,0.936075871861,-1.22787247258,-0.470040138179,-0.745308871864,-0.90189131053,2.23942425306,-3.44591197197,-0.439827386223,-0.779245631097,4.01926400777,2.61438674262,0.211366488986,1.58523310131,0.408343623089,0.392033165272,-0.821571125128,-5.77386862313,-3.4999520797,-1.08373111721,-0.770370416921,-0.76018579158,-1.34310444714,0.152839136275,0.0383216190878,-0.220827089166,-1.914621677,1.53272806186,-1.62249952896,0.83687951859,0.389845842439,0.728495044943,1.31337814958,1.50977370352,2.18416500818,0.601835814253,-1.53669129342,-0.110665918282,0.0548672039888,1.14343407986,-0.397691045343,0.505950152434,0.543070781213,0.321431101433
147,0.0294172568663,0.190981843457,0.356616508358,0.471554146477,0.18878093829,0.37052721021,-0.222619684653,-0.00354438868823,0.0408442506014,0.294785044156,0.344898521237,0.682290902968,0.784512124296,0.502576173799,-0.369130775756,-1.10178910639,-0.898764297133,-0.786812976195,-0.807399448818,-0.794521820985,0.675240520425,0.613779624673,-0.476503925295,-0.974000841749,-0.544064551415,0.238948975084,0.70411306082,0.0737969902839,-0.0892050484589,0.169087291982,0.198515932083,0.388755115542,-0.00799696941379,-0.975607402207,0.285609470243,0.740386915097,-1.39927065076,-1.03267327964,0.656245039686,-0.178580708052,-0.244944856149,0.611094523138,-0.417129181979,0.511120252164,0.260554062212,-0.0472153973746,-0.0821050538465,0.507003094108,-0.774322480194,0.933024185022,1.13272524933,0.808650942884,0.124990928587,0.839353895225,-0.139049711869,0.18371555952,-0.876597156513,0.334165714731,0.516567194118,-0.760133921838,-4.15888956769,1.16871457687,-1.96928619973,-3.65840641201,0.962306974474,-0.669150505616,-0.912887866044,1.7041682106,-1.18403432728,1.14798405297,-2.20615182005,-0.825344912084,-1.53905038935,0.47468216915,-0.0231498223423,-0.901335269362,0.189494722438,1.72279927067,-2.98497950949,0.793130746677,-0.271411603573,-1.36868002809,0.421144189274,-0.949767664876,-0.709287868689,1.31256082328,1.26639433286,0.693891729265,0.500244247868,0.936445296721,0.248274154707,-0.957216264439,-0.386065492686,-3.96933664262,-2.44303075592,-0.720392125915,0.70236327411,-1.02537029322,-1.69034243621,-0.575697933782,-0.293614734285,-1.52949544502,-0.345314707116,0.257169277217,-2.53642011612,1.27211222617,0.821332636412,0.605319519634,2.20363862366,0.120178353791,1.42459410259,0.532832080198,-1.24717762687,-0.423137714066,0.265348998653,1.0042408595,-0.256733325572,0.553907450174,0.541002165443,0.329477489994
148,-0.463880018086,0.253390426272,0.103661367234,0.0219337387409,0.348677528329,-0.0281606919997,0.140370314566,0.0371795945442,0.0773587026505,0.251671789426,0.282636481717,0.480118844689,0.527368126346,0.583315951991,-0.62827538392,-0.918026668042,-0.893055777867,-0.699866083903,-1.03295591915,-0.724623948359,0.649911235593,0.481186622849,-0.54270094848,-0.908228997288,-0.641399615127,0.475592102909,0.658535130115,0.0139089642101,-0.0346748211553,0.203914998239,0.194313519863,0.244814745533,0.0194081155667,-1.20138064607,0.152288861694,0.676328021252,-1.2625938552,-1.12651968759,0.493365948599,-0.261473454327,-0.285428998087,0.402396981967,-0.373426184305,0.476184998934,-0.022919432947,0.087168913449,0.0164659662078,0.556546783462,-0.517696417147,0.87608855147,1.23345359211,0.857764210493,0.0174445559465,0.781093626228,-0.102009267044,0.276196109513,-0.894758052746,0.39186977324,0.570488213552,-0.726864403599,-1.28420483112,1.95556076629,-2.39375102844,-2.10718876932,-1.96340226907,-3.34036265694,5.26102895931,-0.0666908558224,1.75203599694,-1.88673283633,0.770771570903,-3.0843526064,-3.0825100558,0.915697950449,-4.44636605161,3.88918075869,0.19664675928,-0.346341171643,-0.999651873343,0.321738970552,-0.349838936577,-1.07192556559,-1.52835114236,2.08750974654,-1.21845691202,3.20245592685,-1.98506761693,-1.79096398448,0.503403759162,-0.288421336269,-0.393669980309,-1.8336795016,1.03346389547,-0.383897250854,-0.103474918945,-0.596930303764,1.96187116797,-0.746963784888,-1.4676558273,-1.02819420158,-0.483833857935,-2.56824053185,1.17229939067,-0.90740232564,-3.0500840427,1.34811895285,1.12338551554,0.366464187998,2.8846287524,-1.24046348712,0.584866374739,0.445377760454,-0.895380140077,-0.74107763837,0.473981904391,0.842237178165,-0.105074672648,0.599673149111,0.537136686583,0.335589661239
149,-0.181347527893,0.216987028434,0.185501337022,0.0740315119057,-0.243619116899,0.0911189397482,0.295701090183,0.20942805794,0.234138490119,0.097181890498,0.327654732739,0.167741255013,0.265526105855,0.663335917606,-1.01827927843,-0.554600076891,-0.805867318508,-0.854805645554,-0.976613810239,-0.749264947825,0.597265241899,0.440285725275,-0.708922065351,-0.634074917706,-0.771903861287,0.809873512688,0.389528188427,-0.232377239188,-0.00893960848012,0.115020347246,0.115056549246,0.0369215404111,0.199821636908,-1.05357263114,0.265059820685,0.617191680236,-1.02506469054,-1.16146712831,0.3807760531,-0.373121188117,-0.334051617379,0.117608558906,-0.19864801654,0.344267362918,-0.330853516861,0.208391491361,0.136586716353,0.576682622541,-0.207769006938,0.691149423657,1.25030663361,0.896736884614,-0.0528462094069,0.691724957091,-0.0447819106959,0.351675272827,-0.897408567687,0.453972824251,0.623941865286,-0.693080677379,4.35465542318,-4.16727176045,3.40306472087,0.752177775198,-5.1947379176,3.48742450325,-2.1421591099,3.45334291805,0.811540190819,-0.248997037184,-0.795045800419,-2.52697594018,-1.78762245316,0.622399503009,-2.12866129644,2.24171226266,1.60812174713,-2.3319838545,1.86743029145,-0.685746652025,-0.635386975752,0.38577991982,-1.38083034759,2.88502979255,-1.2669197853,3.06787202477,-2.84647221881,-2.7715233617,-0.0830076739533,-1.40041887291,-1.17300909008,-2.27028784636,2.48364660267,3.16614979371,2.23999801866,-0.583960578325,2.68462584971,0.139541103751,-0.711106738929,-1.15136352172,-0.446516507923,-3.00783865379,2.21605161216,-1.6378895409,-3.00988880454,1.00683193794,1.2471376582,0.019714166522,3.25572141912,-2.41545090891,-0.236902066027,0.328336644817,-0.50648261237,-1.04142348452,0.666775555874,0.665606859938,0.0526826889595,0.641612644547,0.531690980207,0.339761270754
150,0.15034268264,-0.0489282706155,0.0705918021183,0.000684673093771,-0.0126442629915,0.0969366178614,0.107723002282,0.446723285916,0.283019229926,0.221709917456,0.0963880213936,0.0415059669499,0.209387819204,0.680893470372,-0.934389666065,-0.568780665869,-0.628199824319,-1.03139996946,-0.763435580434,-0.806545835891,0.554376081815,0.556547193111,-0.757702928556,-0.425849666445,-0.867897470301,1.01464946679,0.194954511824,-0.468612373111,-0.061728194809,-0.0455856736939,-0.029158844608,-0.202636046756,0.481785039526,-0.63080357642,0.556588634045,0.563849113899,-0.746715274725,-1.08533502196,0.360255685815,-0.482405439639,-0.36639646062,-0.173545323725,0.044988422639,0.169447919887,-0.605488227682,0.275750262796,0.259520361053,0.557645759615,0.1209922671,0.403569680706,1.18968388605,0.922170563644,-0.0835238312351,0.57416058128,0.0303695832782,0.409109502031,-0.884179160854,0.520010034529,0.676780888542,-0.658976782322,1.28961994191,-0.328872054291,-6.63911965557,-1.17232808628,7.97303124313,-3.18231491964,-0.0729594943526,-0.147958503517,0.750388646535,1.96334735579,-3.04554586631,-0.0741885472111,0.665661421186,-0.493052979692,3.56867507908,-2.2097182565,1.39880641046,-0.504973348503,1.81852004656,-0.15362150067,-0.0282298868487,1.78026417263,0.52087256936,0.942693605854,-0.535228278652,0.766783663574,-0.639663217616,-1.66935162941,-0.966460459941,-1.60912428798,-1.6288105123,-2.50228286999,2.92620419243,4.87196515392,3.29776876979,-0.446666335516,2.78291473692,1.41704377608,0.313958847707,-0.996475136035,-0.162222597047,-2.68619681611,2.52382860983,-1.7495618924,-2.39231301348,0.285134364812,1.18096460511,-0.411844283457,3.25472840576,-3.27468366901,-0.950978677964,0.173648837788,-0.107758761646,-1.30127736995,0.830328887053,0.482728671378,0.211709249793,0.678085180243,0.524879128126,0.341993950801
151,0.0568016972083,-0.261060208711,-0.366904280055,-0.0264723346666,0.374917087228,0.0382165226339,0.192747466882,0.206975146509,0.383334979609,0.312695275354,-0.061559138751,0.0977787345038,0.348574663005,0.529444871114,-0.482358944299,-0.818953519682,-0.620963467808,-0.888191883399,-0.679189423609,-0.749085200024,0.616785375644,0.743909589263,-0.628211385843,-0.467023370067,-0.865111693513,0.947555853989,0.295412313974,-0.539758429063,-0.188089703627,-0.163108839293,-0.193339179345,-0.459603528907,0.736904661068,-0.169522517801,0.86122240558,0.535585307559,-0.485600638027,-0.879149140469,0.439079731648,-0.566965107057,-0.360512347997,-0.395937924767,0.280261423396,0.0151048686583,-0.793938450936,0.256976473499,0.3672808962,0.492750017949,0.430238049638,0.0497380874205,1.06609248419,0.930118041445,-0.074998927516,0.433524814344,0.119910104202,0.448284984778,-0.855187088563,0.589354459545,0.728878938352,-0.624746214585,-0.42718503674,-2.46937320912,0.973404334929,0.263534851482,-3.14117543204,3.891404843,0.535812463899,-3.12689292336,0.502738484244,-0.55033606567,0.655216821164,0.979962979255,1.62275519401,-2.52684529144,4.31569366376,-1.73224224076,-1.39862947302,3.18820759688,-0.101104651471,1.23263309315,1.2755058773,1.6646333386,1.74933276316,-1.63293007239,0.600092311367,-1.98917809532,2.55010001026,0.207525682451,-1.43642408858,-0.534649473549,-1.58019924978,-2.60482880124,1.95769539191,3.918287456,2.49063315712,-0.0872992009123,2.37107607207,2.66036688719,1.20494463714,-0.67808950566,0.298726250315,-1.66081449402,2.06381083634,-1.24492998058,-1.31747433534,-0.687506620991,0.950820399698,-0.889861178671,2.86725884969,-3.72985347205,-1.48648916758,-0.0212626601331,0.272971473122,-1.49958026271,0.952743663495,0.301748633616,0.36712876126,0.707498420971,0.516903922101,0.342296852431
152,0.273492781766,-0.0729832978547,0.0103331465017,-0.0716897596825,-0.168012675942,0.430368987354,0.201789337282,0.08406827315,0.23939227428,0.17216046689,0.203675577304,0.23905390494,0.422375234842,0.235938069118,-0.231432012932,-0.78828440669,-0.833043068607,-0.525445332023,-0.713428623408,-0.614331446218,0.77871609911,0.842142961005,-0.488768354024,-0.689499472847,-0.758063267117,0.674118709308,0.637617836141,-0.464558027568,-0.320501549495,-0.121899579277,-0.336897776178,-0.712079364584,0.843135337749,0.0833323753381,1.00678179703,0.54846135045,-0.282184579128,-0.570107101815,0.58373744432,-0.616543745242,-0.305790009793,-0.4908707132,0.43859577142,-0.0649732084192,-0.86165029094,0.136436194054,0.446048437526,0.379842294706,0.68272235944,-0.32764065892,0.899850249782,0.916717016644,-0.0304222998978,0.276889039402,0.219225059004,0.469773939824,-0.811032096886,0.661224610846,0.780129029945,-0.590581198177,0.915299305388,3.58215516303,3.74753068095,-1.15277601033,-2.90305456251,-0.113805745915,0.462261584511,0.910735934131,-3.35133395988,-1.55767993779,3.75079250037,1.96282118685,-0.540845644957,-2.80926068408,0.515846385699,2.33391236089,-2.0342134967,3.15305554536,-0.080688260217,1.08899264836,1.68799326107,0.186665253106,0.653352740899,-2.39849329912,1.43989432948,-3.07825413094,3.78555186269,1.00722710335,-1.08249145263,1.43525537697,-1.29065885598,-2.35868004601,0.105199126579,0.916659060113,0.272956044535,0.327519869243,1.66881210722,3.40345672886,1.57670213007,-0.313560238677,0.784084684933,-0.19470198598,1.03469706631,-0.307530573235,-0.0247821407169,-1.71363172457,0.612095624539,-1.36248342581,2.12969108761,-3.74400327441,-1.79908542206,-0.251955920369,0.609009192311,-1.61870195156,1.0244574461,0.130177598114,0.514196894521,0.728362747646,0.50794840261,0.340686193711
153,-0.177209395331,0.0258858457426,0.0250885145528,-0.0463214061894,0.0387846446135,-0.077518801781,0.258644949473,0.232212696782,-0.0811707342783,0.101493720434,0.484578606034,0.46748202049,0.254147611394,0.0688666031197,-0.299162732399,-0.464167531525,-0.86044181283,-0.396383782838,-0.628798930234,-0.58637338945,0.895487432182,0.790597035515,-0.542915403905,-0.86958519937,-0.602649830366,0.413851199739,0.945015727113,-0.397531192629,-0.39046264857,0.120025810097,-0.459582026921,-0.909830480061,0.766174864441,0.00116536507368,0.909559448408,0.591318558189,-0.153815163631,-0.226051817865,0.729739795706,-0.630520366692,-0.209310518127,-0.433213022194,0.480211653816,-0.0421375774272,-0.80170337236,-0.0800537980508,0.488429257589,0.222478834683,0.84723899438,-0.684881166735,0.714200395814,0.878921992819,0.044513044248,0.112856988427,0.322890047973,0.474852883938,-0.752774660686,0.734697357697,0.830441163252,-0.556671999883,-6.12982599669,1.07957329731,-3.09793226347,2.39286870253,4.01875327399,-6.21468970337,-0.689329632293,0.857370595977,-1.58688093728,0.258315050247,1.19286603921,2.12464191247,-2.25492081359,-0.249162498722,-1.13798102026,3.33623521683,2.00850399044,-0.765652205499,1.76832817498,-0.596017836687,0.414228432419,-1.02534489626,-1.74459205083,-0.930183648963,1.53129700319,-1.78351465387,1.8987435356,0.0958758825546,-0.326348839639,3.28788899927,-1.23552809248,-1.4792369852,-1.50537489075,-2.46034248446,-2.12973001787,0.451431281451,0.905510225681,3.32849143007,1.21729374307,0.0280647482164,1.10184283092,1.32099943607,-0.202475844544,0.756800710714,1.18409021249,-2.56966031755,0.23516844331,-1.76820766622,1.12521022644,-3.33436458529,-1.87493988575,-0.506573608226,0.876495106156,-1.64583656074,1.03893794872,-0.0254633708198,0.648470442533,0.739343328827,0.49816797167,0.337184833064
154,-0.282157515467,0.264722388989,0.0727202355035,0.165787917115,0.0901569648904,-0.135819027857,-0.0738111745733,0.1058273499,0.0584452418894,0.198790330317,0.432367573547,0.533353927154,0.124250400891,0.170684916351,-0.340685282144,-0.23441205966,-0.456035990134,-0.590174460174,-0.43490558063,-0.695823941688,0.845049352737,0.690234440568,-0.793810640332,-0.857625494261,-0.476714750518,0.35514728257,0.964644905637,-0.46648141287,-0.405329063675,0.497708244725,-0.6001266955,-0.987820879459,0.583991470366,-0.360601221419,0.61879557714,0.619374079915,-0.0969518296782,0.0667637202866,0.804346966122,-0.611827973677,-0.0966345128731,-0.238541936365,0.404881258555,0.0793797569849,-0.637342383569,-0.365082259893,0.49410612608,0.0306030749294,0.902827627015,-0.982588356774,0.532227968518,0.815214042706,0.141940272582,-0.0489755364815,0.425000926009,0.465388654037,-0.681898066685,0.808725846992,0.879739199372,-0.523206284839,2.83569894375,0.582811566446,6.36866310077,0.40341718669,-2.67041042947,4.60370079039,-4.73977189966,-3.32702941389,3.74651280104,1.51628604364,-1.78740554111,-1.28590166553,0.251105733405,1.9047383322,0.53384513536,1.14301176776,5.32015618492,-2.18176710482,1.50389690407,-1.21440723931,-1.33508287921,-0.710270819189,-2.874057724,1.07038370021,0.88588007851,0.612094179001,-1.52218922788,-1.42747857112,-0.143450295408,4.02748562404,-1.64429313413,-0.0163171470921,-1.88638488362,-4.42402587253,-3.41697577186,0.00523671171744,0.263946950748,2.39936995356,0.181384634432,0.344388883563,1.0864397756,2.48434327534,-1.23891367566,1.61337671194,2.02061898653,-3.05562362326,-0.111637893148,-2.04199852716,-0.0266890707689,-2.56828091381,-1.73069987269,-0.766682827256,1.05608043147,-1.574102465,0.993188963027,-0.159930356663,0.765960159921,0.739308118204,0.48768336493,0.331821885486
155,-0.074837616645,0.202076748057,0.500515799191,0.209792736984,-0.0157148676899,0.163112882733,-0.268349944643,-0.228576305771,0.353535725962,0.367571235783,0.23962239481,0.240440868281,0.301653001615,0.358698831864,-0.228287627541,-0.176367829423,-0.00125456608144,-0.647190999114,-0.424146673969,-0.753886052327,0.672767298905,0.684441060162,-1.02750469641,-0.702736921366,-0.439138726553,0.501098871355,0.686765515879,-0.646739859153,-0.459500125415,0.877997817515,-0.794285308408,-0.912668806453,0.437731931701,-0.803919769056,0.2860995133,0.573982048864,-0.0929434471394,0.234159287399,0.753732144165,-0.561064207856,-0.00564216778514,0.0419530437172,0.250358012344,0.264671964683,-0.416857216493,-0.674382555717,0.468835061053,-0.179494997608,0.841655178542,-1.19020142485,0.373978084872,0.726167725311,0.252346826287,-0.198652504451,0.519543390204,0.443699708188,-0.600256281823,0.882161948248,0.927957088221,-0.490368507679,0.0578367061629,0.624955140389,-2.82109939983,1.84518701955,2.37849198487,-1.26805095109,1.8616159614,-1.70562732175,0.573946050479,1.50242384315,-1.61504657581,-3.74412137169,2.6348446475,1.48296386507,1.2816182036,0.502396851089,2.86720366248,1.60045602433,-1.41269441635,0.29013447674,-1.81339068357,0.635570181419,-1.39710966299,1.71619926589,-0.165421884786,1.99249191448,-3.60475276894,-1.90511194883,-1.12981400438,3.37456648127,-2.21502352252,1.44838979499,-0.835215071446,-4.04275691473,-2.94175659112,-0.978803693397,-0.137333192038,0.887934663693,-1.21784353077,0.677916703307,0.667239247673,3.00333808492,-1.74352654427,1.99910546744,2.28359234649,-3.04110737532,-0.377372389014,-2.12346543218,-1.18590716978,-1.55293471436,-1.40956866889,-1.00926213941,1.13442866366,-1.40326100284,0.888029747435,-0.269461537867,0.863261330219,0.727370095704,0.476574744351,0.324632397465
156,-0.278289254847,0.150942613463,-0.00213788161175,0.304406365087,0.361523798092,-0.113322656526,0.0601655808845,-0.0346645403075,0.127854420315,0.375451717046,0.148084122048,-0.000911476378674,0.468892475764,0.429650133772,-0.157804881961,-0.077627947257,0.0510533103704,-0.297207206584,-0.642075375774,-0.641579269126,0.536996489233,0.794097647655,-1.02748127268,-0.571066738345,-0.507672059261,0.682252670324,0.345642916366,-0.792929223604,-0.654471560803,1.14653508014,-1.02660444523,-0.727228206489,0.441637800484,-1.10233627099,0.0784117478462,0.419153372178,-0.114621199073,0.241235633027,0.564128727456,-0.474345044694,0.0254793756964,0.337194333967,0.0793243543205,0.459512739395,-0.20194530904,-0.955506988348,0.422160518898,-0.3861122957,0.670151447461,-1.28926098733,0.254133963232,0.614772228251,0.365238663975,-0.326539551115,0.600778131762,0.412401490003,-0.510010077996,0.95378257331,0.975034571141,-0.458339332688,-1.8488153735,-2.67178506144,-1.59633402881,-1.76131633532,2.08001504223,-0.484939695995,2.69544064767,5.04108866073,-3.74684889289,-1.9795930244,-0.282154593117,-0.256259563852,-0.00898478997864,-0.100620784153,-0.0102089394606,1.39115729331,-1.47969998051,4.60048190573,-2.16038607617,1.69675503388,-0.708864458988,1.30792081068,1.4058726944,0.719386636204,-1.15089515605,1.30500863264,-2.72415714576,-0.809318095128,-2.77942186401,1.95308848172,-2.29731962964,2.05088926318,0.940946027548,-1.69275965748,-1.05490280192,-2.08923429118,-0.247156713912,-0.715266480563,-2.51717037653,1.06646849921,-0.0871923057086,2.78193364337,-1.56116478488,1.80043794056,1.91230649011,-2.496384941,-0.538232740275,-1.96637480111,-2.21054686978,-0.420393080194,-0.974175748594,-1.209573535,1.10541394991,-1.13999038847,0.728124329763,-0.351889789603,0.937657413023,0.702922300786,0.464877139571,0.31565709388
157,-0.0155535493103,0.112774707194,0.186760365903,0.0354002632208,0.104151156941,0.297051258684,0.215946429973,0.395465004843,-0.0482834708984,-0.0185920016836,0.133133935073,0.192095091161,0.291704225156,0.341799235092,-0.202134684247,0.0245697724661,-0.143506038239,0.0622486570874,-0.692111118358,-0.484651612481,0.54423712481,0.885649083272,-0.787758521471,-0.571812706702,-0.649809383332,0.722376967085,0.211941080996,-0.793958989766,-0.992177623779,1.27702727497,-1.22207562791,-0.550886250509,0.611580856337,-1.1228218677,0.0849500876389,0.17250346244,-0.13336297914,0.106173547595,0.268674724035,-0.346434070271,-0.0274686108372,0.577581112442,-0.0408471721904,0.607388917851,-0.0524382096084,-1.15853644581,0.364534909916,-0.564033373075,0.408216420935,-1.27503234324,0.180525764108,0.486437220455,0.469903582971,-0.424009398844,0.663616047828,0.374245346496,-0.413554277504,1.02231908898,1.02091250306,-0.427295075226,4.8599990332,1.62939236531,1.77589242812,-1.43551246826,-5.20692837496,5.86602636497,1.87523014718,1.594493311,1.10125101858,-4.85631692507,-0.34397197608,3.26115826941,-2.8793088192,-1.61861720741,-0.547853044174,0.1709353492,-1.56209697094,1.68294851354,1.70440739103,1.14012279166,0.787719138287,0.240237178122,3.01663224119,-0.665432178979,-1.55570004834,-0.534964907985,0.200384251823,0.704434738428,-3.7426406229,0.767251485564,-1.45521280135,1.23048654953,2.29816188716,1.24086615688,1.12296891577,-2.71325207858,-0.0894560182312,-1.87131695869,-3.27148715942,1.49229023464,-0.970290649103,1.94372050316,-0.754557863278,1.08615574883,1.00436155497,-1.5011256693,-0.599480216596,-1.54823135434,-2.97621304216,0.689932772592,-0.49729167894,-1.34452133562,0.970883066533,-0.797678857983,0.521753664123,-0.406658831229,0.987193578451,0.665664488552,0.452577424888,0.304942207184
158,-0.00368872676605,-0.0414447042198,0.0443592435494,0.0622665299702,0.00444115867908,0.419158519209,0.547181019434,0.277628855989,0.190297439436,-0.278003607842,0.047421449529,0.401867885336,0.0697542457166,0.128204020685,-0.207301619964,-0.0862948385908,-0.173959869638,-0.0156049270935,-0.312149895969,-0.432037706373,0.659007978233,0.809384202992,-0.507471616991,-0.671445109892,-0.787285820709,0.603251375046,0.371501832159,-0.696702017988,-1.34299102853,1.3275017808,-1.29495414423,-0.521369243423,0.858463398972,-0.88754050451,0.270887531574,-0.0908805673568,-0.127072833362,-0.104556400882,-0.0629033048536,-0.177801557901,-0.163159140259,0.715198040613,-0.0591538263491,0.667101464634,-0.0112792489922,-1.24642021674,0.304657976969,-0.687323604618,0.0865882803158,-1.15634422533,0.153622194322,0.348658204563,0.556224010719,-0.484082243114,0.703958168824,0.331960598184,-0.313439225326,1.0864889396,1.06552795516,-0.397407155816,-3.34590589372,-3.09797141869,-4.02422110593,0.666253142905,4.41036403611,-3.53360142649,3.09736364482,-2.07222380302,1.92007054637,0.932762170815,-1.21127561441,-0.152257945206,-0.922273263409,-2.40743105939,0.5909705926,-2.18802140815,0.818195395252,-2.78075406594,5.21356846771,0.0572176201359,1.24392229471,-1.76564880532,2.2162857839,-1.11211274581,-1.03328583113,-1.56684534156,2.72744870176,0.921961112052,-2.95390630903,0.374393349274,0.0431540069904,-0.767708709225,2.40112823374,3.19795171811,2.35835642923,-2.37428574771,0.229022562403,-2.18306935313,-3.21748522387,1.85855994457,-1.69103874148,0.785778219821,0.421338209691,0.0857299457999,-0.207127672365,-0.228413621744,-0.589280287451,-0.878241771015,-3.39304876285,1.64903390808,-0.051685137235,-1.39602054798,0.740866137758,-0.395732985738,0.280340954971,-0.434744858134,1.01071849647,0.615620558688,0.439612971092,0.292539395658
159,-0.0191825621385,0.00129080389198,-0.177246179232,0.0549626050971,0.440235225527,0.18038123567,0.415337259621,0.284798576987,0.178979909909,0.131983928557,-0.0195828428076,0.116333918756,0.0928095406141,-0.0648927874638,-0.0995256317132,-0.303322694972,-0.0919705608382,-0.306801284894,0.14513486566,-0.415895227715,0.733028136901,0.567131032519,-0.389388313301,-0.754399014494,-0.830907046107,0.475820044573,0.68491933719,-0.673500957303,-1.53100510211,1.36863786015,-1.22230722089,-0.708955773311,1.04880033311,-0.546243426546,0.502568608743,-0.268390858915,-0.0879819451827,-0.298199752175,-0.34807197963,0.0181324781808,-0.350737389101,0.736464358801,0.043603360484,0.625695945536,-0.0936217207583,-1.20261350295,0.247762275447,-0.732761142613,-0.257272817898,-0.953740998919,0.167022403932,0.210365094034,0.615479806249,-0.501973842683,0.718976850287,0.288108869384,-0.212289678536,1.14502852851,1.10880927027,-0.368841557813,2.62202536843,1.59173102133,2.3338747295,-0.135781660131,0.517935898967,1.23258195884,-5.75406955015,1.83278006412,-1.27135933995,5.63424073229,0.360206416086,-4.77643690978,0.644217514996,-1.06260191908,1.30251425301,-1.47262081033,0.139336458393,-2.00621942216,2.89267316273,0.566559205431,-0.05867366247,-2.7690931477,0.104455342436,-0.399707193943,0.23125640625,-0.665522427121,3.15878266654,-0.710439893233,-0.653248241515,0.465088618555,1.27474151583,-2.89335842929,1.24233562982,3.30348070025,2.00547763946,-1.03492640842,0.534306537465,-1.5391215402,-2.37036790722,2.01051783844,-1.96744919557,-0.322049338384,1.60293299015,-0.880038476639,-1.41136784305,1.0922303031,-0.546428964932,-0.0018282008829,-3.41800991162,2.35392000413,0.299517779026,-1.35388510427,0.433156700167,0.0415686240139,0.0177575582741,-0.438491475576,1.00789432366,0.553146248756,0.425872059013,0.278505753789
160,0.0714773539422,-0.0305967007872,0.264374243886,0.204882111889,0.0982769663002,0.373590248436,-0.0539855027041,0.293346850853,0.227102778909,0.484513494493,0.130742339242,-0.280499723431,0.0326585411286,-0.0536689779416,-0.00688390071462,-0.297533374951,-0.20886577271,-0.302771152937,0.153100423389,-0.291858585286,0.604216175632,0.324326537738,-0.459962192495,-0.738010652807,-0.743959558314,0.51070759626,0.945124921415,-0.859611896834,-1.47278981847,1.40968276577,-1.08079128872,-1.06122725447,1.09064150273,-0.282565256729,0.627756947801,-0.280230789534,-0.0268821143123,-0.387634494957,-0.519903871099,0.212053059134,-0.535985189062,0.663325119976,0.249559852709,0.502884805682,-0.282875000354,-1.03431581952,0.195285454709,-0.683479237747,-0.584209485736,-0.696264211574,0.208834186613,0.0810244060182,0.641076097256,-0.475508796911,0.707318318006,0.24495873248,-0.112724232947,1.19672637393,1.15067124931,-0.341758279452,-1.1342665148,0.860311650213,2.07657793901,2.73709807223,-3.79302028846,-0.981993190365,-0.622127494604,-2.7852902225,2.76967889762,0.497955242502,2.13338797838,-1.81639178856,-2.24992387698,1.07107175722,0.326220006545,1.5584843432,-2.23389306167,1.97158472359,-2.63919290634,1.82082983931,-2.59837589789,-1.79461170429,-1.25136291795,0.713334190254,1.40154216218,1.41111659295,1.89752997492,-2.9398599887,1.66971266492,0.244740248058,1.31104350227,-3.87561858491,-0.396502791697,1.76713646152,0.35218950278,0.822289670148,0.642059364646,-0.162048696849,-1.01669888946,1.79784136214,-1.63045690482,-1.0590037944,2.43228751658,-1.49551067959,-2.29794149374,2.22407225022,-0.505587031022,0.999901066924,-3.06052334545,2.73913234274,0.510730999807,-1.21780336082,0.0722324610682,0.486611771713,-0.250547496072,-0.421371077665,0.979176330478,0.478926931706,0.411196086371,0.262903913875
161,-0.212764406886,0.2573950074,0.157815871052,0.247769630158,0.13325655805,-0.104527523739,0.200828571143,-0.0131872959185,0.483376000947,0.332736079796,0.259733245424,-0.152045014772,-0.268102621792,0.0437515983493,-0.0392127721138,-0.0845283949469,-0.399217535822,-0.0554886077343,-0.242765234335,-0.106561682234,0.237252807382,0.235005227467,-0.578800354447,-0.626863911059,-0.587104939714,0.734306629942,1.06811228055,-1.21397988938,-1.25009849672,1.39224621787,-1.00608790853,-1.42197884086,0.988213404329,-0.212723498649,0.563811270934,-0.11327109144,0.0300866475012,-0.322398279839,-0.549520685966,0.363161651631,-0.656831977656,0.542902302359,0.509995777748,0.34563318137,-0.534735163587,-0.77065457263,0.145963451888,-0.532260724457,-0.858584559635,-0.417347334092,0.263713187354,-0.0303967256474,0.629131324054,-0.405364560659,0.669211637541,0.204387175681,-0.0172781939568,1.24045555601,1.19101064725,-0.316310771357,-4.445874426,1.49004843532,-0.730531581887,-2.69010860033,2.84461191839,-4.90466113046,2.28179857514,-0.721157062567,0.326685135922,-2.23704590332,-0.0459021439843,3.76542195505,-2.61609928781,0.265250619766,-0.777338444127,2.00147611519,-0.721969550249,1.96719814813,-4.21632756951,1.53932379277,-4.40557307593,-0.0520659675691,-0.84383426786,1.39305470256,1.5031899942,2.80313479166,0.724366995204,-3.78481365689,2.44662864883,-0.700721692518,0.00638350461089,-3.03320421637,-1.48946718614,-0.361375545229,-1.57210278764,2.40219704207,0.444802315432,1.45766617897,0.393896974177,1.15396619311,-0.700721753043,-1.25569875785,2.66603435491,-1.54550665727,-2.63490967151,2.97300869252,-0.48434571633,2.0166600653,-2.38062247315,2.78280483464,0.559101202747,-0.998086274964,-0.312450372526,0.910277042803,-0.508538279825,-0.387690235215,0.925764955248,0.393965697531,0.395383543364,0.245802233906
162,-0.401508283362,0.288357533526,0.243511831669,0.0422512965259,0.0831036766456,-0.005423730752,0.030357480873,0.270407038629,0.188375013018,0.181578010665,0.155845136002,0.216354187013,-0.272715942267,-0.0513912956007,-0.0961100932192,-0.000546162734195,-0.261173085875,-0.0515037758832,-0.50394321914,-0.029392982081,-0.176738030244,0.267711354947,-0.590559346989,-0.484703283502,-0.488380905625,1.00818082025,1.13565192633,-1.53793163149,-1.04866651886,1.26184119701,-1.09460375213,-1.6187593831,0.831917885453,-0.333810807278,0.343880954337,0.16668694269,0.0531783056252,-0.10800419629,-0.454239532434,0.43087564931,-0.663796273658,0.429384376452,0.760732600241,0.214456147497,-0.788174394395,-0.456344797841,0.0979597453307,-0.283880647916,-1.05294007672,-0.150403671734,0.315260760534,-0.116472911878,0.578867236724,-0.295122738403,0.606475292986,0.16781247534,0.0716675379847,1.27520450563,1.22970215201,-0.292645351307,2.42795748861,1.15393925001,0.521382686999,0.552747926445,-3.99048510867,5.66121416491,-3.81429436061,4.03655178122,-4.69116569033,-1.01940407051,-1.35154819845,2.32003846583,2.95091362044,-1.86792101166,-0.015580470448,-0.424741635838,3.30129583347,-1.9978258588,-0.491862759174,-0.0159561511677,-3.2944893307,0.369503723538,0.688740990142,1.33016421006,0.294440703737,2.36766717786,0.853631217798,-2.34240950308,1.32241929293,-1.85426324899,-1.73233262287,-0.748143785757,-1.43542104122,-1.87857356986,-2.59866728831,2.99248800853,-0.0137524370806,2.72373399385,1.41691876979,0.156299629729,0.593716511725,-0.942581427257,2.24546088588,-0.981652194311,-2.3268273994,3.22642683012,-0.475984374761,2.92140661279,-1.47977382734,2.50671779234,0.446431181815,-0.715036576431,-0.688690466935,1.28394160001,-0.740637518288,-0.342259878284,0.849534187099,0.299562216996,0.3781956772,0.227275062842
163,-0.0966162275142,0.16741644053,0.227269893209,0.179334314918,-0.0421373633184,0.257376209448,0.0545447658667,0.246637790208,-0.065901230962,0.026499466984,0.0903634260147,0.226053690407,0.194912292488,-0.180622881581,-0.0121197628472,-0.0943306843657,0.102057095622,-0.341102785283,-0.354756126198,-0.0719498181632,-0.326604259164,0.248160533867,-0.445989291133,-0.380202390333,-0.543893211116,1.16637894181,1.26567881224,-1.63886690918,-1.0121600312,1.05186008505,-1.31971955614,-1.56441651763,0.734250921975,-0.544836320077,0.096664171494,0.442928022054,0.0253174505467,0.193733699172,-0.288548996983,0.390179793068,-0.538562247777,0.364526290923,0.941668293,0.165379513212,-0.980578046179,-0.142393321579,0.0513284169163,0.0440419813924,-1.15142469231,0.0752994018118,0.348444261101,-0.172231457812,0.492755650795,-0.151117451969,0.522419404202,0.136160872394,0.151949431314,1.3001052503,1.26659500888,-0.270900589119,1.60626248616,-4.49945258756,-0.650843708714,0.438553472489,3.76870384122,-2.31991456756,4.88437354038,-4.91377888013,0.282719368294,-2.12894894516,-0.00222564982833,-1.56738419787,4.94929886597,0.135900158969,1.55461808321,-0.768320935836,2.85122324978,-2.76526830757,2.91634576433,-0.522717625484,0.541591468083,-0.939418727095,2.0938855259,0.692628773185,-1.36757521532,0.727028424206,1.74805152879,0.370042131802,-0.580925396447,-2.10896026926,-2.50559099273,1.7501816813,-0.409443402458,-2.11773608779,-2.07851510936,2.33491941595,-0.530017949625,3.14109538555,1.77680532011,-0.965223658722,1.87263466877,-0.328534299687,1.30727607124,0.0593704341369,-1.43790327663,2.97237357858,-0.450254936368,3.58743181633,-0.485728075477,1.97063465851,0.197726004759,-0.396972690662,-1.02414120959,1.58151136977,-0.932756332369,-0.290052868547,0.752941013667,0.197283169423,0.359363713354,0.207403070622
164,0.0646048621016,-0.0542154340935,-0.0345382820022,0.166753808042,0.41614409441,0.049912630409,0.391879845406,-0.202251132286,0.0208669893536,-0.120606148676,0.0642956725579,0.0956300667437,0.448680998154,0.045260466288,0.131484092919,-0.0458102299466,0.149613880017,-0.419457215738,-0.061611511691,-0.0840321161292,-0.0897070891532,0.0854588004237,-0.203108675723,-0.352405293069,-0.732874044797,1.1691755193,1.45690954883,-1.49030564202,-1.13666815751,0.894068023049,-1.53367705073,-1.30584267579,0.756478910328,-0.7196713968,-0.026665796983,0.602832944179,-0.0453195233508,0.484430032558,-0.121617347495,0.244563916726,-0.303782649389,0.363549833205,1.01428178838,0.232759390391,-1.06317909237,0.123950606016,0.00998199288217,0.42204041602,-1.15149898996,0.237955593736,0.351715706849,-0.195806756312,0.376395576796,0.0179148057971,0.421648721918,0.109867166142,0.221674502885,1.31445832267,1.30151043768,-0.251206655944,1.88277252913,0.566069186191,-3.3506620247,0.0132308201281,1.49238220403,1.89423403173,-1.6159003976,-0.978833371024,-0.19006766564,-0.127099878123,-0.91252555665,-0.316069818012,-0.461727928439,3.97371545007,0.760192601053,1.85134221033,-2.02514974046,1.65482627922,2.36059666752,0.36140155394,3.73727388441,-2.08062171315,2.57852576196,-0.128886105776,-2.18528401714,-0.473380627647,1.82025670942,2.32044425044,-1.67284863778,-0.789106013705,-1.46439769094,3.16166067127,0.808028730443,-1.24816405177,-0.22936917858,0.767361063744,-0.823492161745,2.49777835061,1.4634683374,-1.88512989375,2.71970664834,0.282399256162,0.133691097863,1.2907995272,-0.174742049249,2.29531952366,-0.362325187183,3.90775692999,0.466331909052,1.26198711525,-0.143293036579,-0.0771239292628,-1.2890645717,1.78133408491,-1.07323739008,-0.235871833805,0.638921186608,0.0889252571198,0.338597453255,0.186273626778
165,0.0758531097535,-0.124848846109,-0.0151045728473,0.0925270777158,0.166943665359,0.472654563663,-0.102814230655,0.063537663247,-0.131080576856,-0.0239165718289,-0.0543031398341,0.148707389399,0.202121687949,0.412512684181,0.06221580856,0.181693469206,-0.168463258881,-0.0610757392772,0.0728385262486,-0.0257789636186,0.285300814797,-0.0977264956957,0.030276045005,-0.396512378041,-0.931406487022,1.1196575187,1.57192303299,-1.24433936977,-1.29499514872,0.928812815272,-1.56536256065,-0.988369107962,0.873582318424,-0.783623895993,0.063911327864,0.591562466675,-0.124735301384,0.662901319787,-0.010224207726,0.0304220210124,-0.0196490331665,0.411300773187,0.971780950624,0.417896935953,-1.01291135423,0.30771417354,-0.0175610933369,0.811722046466,-1.06368872725,0.325338117242,0.318559417012,-0.188742725436,0.238117406162,0.201364509036,0.309778418233,0.0889071021166,0.279262616679,1.31775364981,1.33423996929,-0.233684634065,-1.07611405237,-0.603524056835,2.64758162757,-1.78825277255,-3.60182225585,1.83282149607,-3.85156579188,3.49665682369,-1.42777375547,1.18494668067,-0.79760965131,0.654054686217,-3.21268645083,2.19245792735,-2.17810951199,1.79326731107,-3.10972796447,4.65486763599,0.474385611179,0.526800603058,3.02682111711,-1.21395329213,1.8856124588,-0.670566646418,-1.56160991855,-0.297979785761,0.225329637201,2.25095676737,-1.2651637456,1.53453006866,0.953722514354,2.92156165047,1.37464599404,-0.0551592091084,2.00660470634,-0.94395853621,-0.684978953265,0.954243189994,0.724199651479,-2.29165729151,2.82355298438,0.606578823562,-0.940496384817,2.35386410902,1.16635145131,1.35060144896,-0.167706444482,3.81368339886,1.25347449491,0.482568981369,-0.520973792545,0.210231151289,-1.45899368015,1.86784648452,-1.1536455158,-0.184048867831,0.51077674478,-0.0235279805887,0.315595025826,0.163981208516
166,-0.0250365510157,0.123331855727,0.0398824734399,-0.0264068728714,0.033489375915,-0.0260053314804,0.0888687061723,0.0824217733856,-0.0380477198807,-0.00994741802607,-0.00863928628839,0.101560395226,0.0217763783376,0.36117295254,-0.224799558277,0.148151817457,-0.25255770933,0.312812849998,0.096830075216,-0.0266419534178,0.409276298531,-0.109981503758,0.134810931281,-0.466346212735,-1.01619664866,1.13299534141,1.47565551555,-1.09138110407,-1.36256576704,1.18031418913,-1.3479518945,-0.762106346329,0.99672324115,-0.748761737523,0.349137138554,0.436554245981,-0.167666990554,0.66141063379,0.0222218184067,-0.190576217081,0.232867923361,0.469873349327,0.83905689631,0.68672371377,-0.837776656874,0.391381066891,-0.0190606767905,1.17036031739,-0.909454682511,0.335520427346,0.248287293385,-0.155890912647,0.0883360360622,0.387424272618,0.193080841534,0.0728573951865,0.323477345105,1.30968686959,1.36454480452,-0.218445785305,-2.26042635481,2.42889292938,-0.899204743894,0.143799684533,-0.28308108655,-8.74371506357,5.34360546976,-2.49273322694,2.96646416266,-0.692428323773,1.50928805296,-1.6448723804,-0.0387013107786,-2.97570215927,-2.86544832262,-2.81170021536,1.92898408056,2.06753082051,0.302794456426,-0.622131502747,-0.739948415616,1.00493553025,0.0350974893757,-0.625850493538,-0.0877114156446,0.548242219784,-2.12270280938,0.685384702479,-0.0653281813652,3.24252166311,3.21956323642,1.4862506057,0.924912258527,0.612968403673,3.49181015814,-1.99269255869,-0.116149157942,-0.999739823409,-0.0457776069554,-2.01020867255,2.09492869073,0.487455395571,-1.63317115716,2.91672540208,2.2734811618,0.324742064202,0.16080586833,3.28908870876,1.78251372779,-0.265766922849,-0.875812066778,0.433904119454,-1.51704968027,1.83282366226,-1.16934944391,-0.138195976373,0.372060599834,-0.137954204251,0.290053534934,0.140627816569
167,-0.277047407687,0.0950144141977,0.0889233651632,0.0350764270811,-0.197591309712,-0.354018581862,0.151348196498,-0.0100576679326,0.186359367167,-0.000655873511245,0.109208260256,-0.0632941857029,0.0966739532592,0.00605465248458,-0.38535434293,-0.290388821248,0.13134043426,0.318815527308,0.148351282044,-0.116855631632,0.179001752675,0.0678663071745,0.0173074485351,-0.508489633016,-0.958940324358,1.19951267224,1.18562083987,-1.10136741463,-1.32577079225,1.50573103951,-0.980045184289,-0.694983036044,1.03437418197,-0.692139021546,0.712149275005,0.230650356116,-0.14205420468,0.471020421502,-0.0076646189389,-0.350102346484,0.37737567926,0.494808924152,0.662907321817,0.977271170915,-0.574522696889,0.375822365691,0.01896477104,1.45657505257,-0.717536943872,0.276201904514,0.146008596706,-0.104902598117,-0.0613003882685,0.563864515693,0.0780863747864,0.0609775304929,0.353445347642,1.2901706603,1.3921562706,-0.205590778441,0.187817422151,0.347315482135,1.26890282434,-0.0381813003475,-3.58780980854,3.53441138077,-5.56140371344,1.73150075539,0.418133817747,1.50237407152,0.197985291141,-0.84685741345,0.604004159824,-2.92617989528,-0.0330186498175,-4.79244019733,4.52436944647,-1.53260028308,0.563426159985,-0.813596727009,-3.32271759337,2.21650014732,-2.38096138651,-0.205543332091,1.10717541087,0.533718328292,-3.35616282038,-0.721811438665,0.630983718349,2.85379100326,3.76829298252,-0.07102677739,-0.235083287833,0.371478524206,3.5005384784,-1.93251748775,0.624019981289,-2.714406769,-0.470461887075,-1.09145124224,0.715339877448,-0.045027729149,-1.79901802828,2.76655546042,2.89546402552,-0.608002760856,0.618944952158,2.3774682773,2.00263158869,-0.89438218053,-1.15269210582,0.569689828661,-1.45567588588,1.67612455684,-1.11985226818,-0.101021170219,0.226463060753,-0.25214373088,0.261680317202,0.116323375241
168,-0.0530317621843,0.192849105606,0.129458473927,-0.109639396094,-0.214366001313,0.033964930412,-0.417256784803,0.142925080737,0.104980432808,0.220810051367,0.0407561717102,-0.00648338425633,0.0306656615271,-0.0792570878053,-0.259585877802,-0.545904552192,0.379906848153,0.139176358733,0.15907726227,-0.112731117138,-0.124107818737,0.262773656668,-0.312458341578,-0.51871250204,-0.825539189901,1.18683076555,0.877332558911,-1.18901341479,-1.27367736048,1.67629956676,-0.668108546253,-0.74883269615,0.950777308478,-0.696212918633,1.0005572286,0.0837384434851,-0.0513422638867,0.145868999795,-0.0534016738256,-0.397016044539,0.367747319767,0.453858952233,0.496030297346,1.21492111855,-0.279397693008,0.277148833491,0.10766173031,1.63626732775,-0.519364160119,0.162833001677,0.0218139577161,-0.0453650268061,-0.19889771048,0.718855382837,-0.0288350544762,0.0523062356686,0.368664677324,1.25934081442,1.41677742139,-0.195208878429,1.01590876894,-2.01840525556,-0.728194114123,-1.58866428427,4.12232828701,0.278541763503,-1.40760876733,-0.987693655278,-0.911133631257,1.82674637379,-0.851616575346,1.59937315764,-1.76870448865,1.18797777466,2.06336560964,0.641757388212,-0.497527092873,-1.47140743697,-0.530569821483,1.13729364819,-2.15040669743,1.41353549424,-3.92751661861,-0.114934076456,1.41222095535,-1.00367223052,-2.4732038741,-0.782281130831,0.257034232163,0.282427004214,2.15722348496,-0.830745463204,-1.36478490872,-0.506855983957,2.07322571881,-0.878116651488,1.11092039244,-3.61921403462,-0.350092129043,0.177340693279,-0.906404387149,-0.784289453085,-1.46687002471,1.86947432223,2.90104953085,-1.3220790585,1.16385544634,1.17977728686,1.91122302932,-1.33833177642,-1.30818876891,0.603512716818,-1.27759592662,1.40586329847,-1.00884530698,-0.0742201535579,0.0777044998678,-0.363852950019,0.230204505357,0.0911860917817
169,-0.0323279247377,-0.119159925618,-0.146968190384,0.0167893484383,0.167069561912,-0.216893025053,-0.0332821335711,-0.210425034657,0.0804625314555,0.207018371026,0.0717040434849,0.115995989901,-0.112812095454,0.111783117646,-0.067994345061,-0.157606142792,0.0374089858405,0.0577441731809,0.0529409171067,0.0982475056571,-0.188487389984,0.333918408029,-0.691660417283,-0.558668090816,-0.697780169866,0.98134591368,0.733742246405,-1.22041372764,-1.2866255994,1.54063578513,-0.586377573467,-0.827298553203,0.786173240297,-0.791056018655,1.10315475847,0.0690035749663,0.0584500972299,-0.216286744956,-0.0611832974941,-0.317744031531,0.205068243129,0.341301312103,0.380108204988,1.33133106514,-0.014466527975,0.120640003368,0.252028717288,1.68785441995,-0.344255961001,0.0158872683678,-0.110684413142,0.0123219383358,-0.313354410616,0.84177575869,-0.121883687886,0.0457647979427,0.36900280417,1.21755693315,1.43808579611,-0.18737710279,2.02829743028,-0.844567554815,-3.48060075204,3.30579050336,0.542672981728,-1.46310327243,5.49693616092,-3.55954421118,-0.303705030738,-2.03310374842,1.54445979302,0.315301067074,-0.264143656771,1.71963543041,1.5270102718,6.14388071783,-5.33717147644,-0.441201261696,-1.30282787976,2.70583132273,0.843456291128,0.120777958455,-3.23964878877,-0.799873391045,1.08905268627,-3.03362813198,-0.347664805948,0.244334171632,-0.463642162917,-2.91478772162,-0.558797078036,-0.601874891978,-1.76813224929,-1.31293106434,-0.0539074621907,0.59086400274,0.95624315782,-3.44213465557,0.257278458306,1.35256648636,-2.26134370187,-1.42357715027,-0.820467625544,0.382537206704,2.30670943197,-1.76156634057,1.71674617698,-0.157332594688,1.55215419306,-1.56278967584,-1.31600914969,0.53341370731,-0.995869259064,1.0379789908,-0.843979377095,-0.0584479855528,-0.0705624954088,-0.470858258403,0.195388581587,0.0653427496905
170,0.233523684484,-0.150010663157,-0.046075073718,0.0342832277893,-0.0717105733783,0.095536624856,0.085693540303,-0.149146020308,-0.0927928734905,-0.0383003639883,0.217147633532,0.0721336404164,0.0355934639028,0.148344287974,0.0625502276559,0.380650208013,-0.39443676122,-0.0398781931789,-0.0306387248565,0.318394074902,-0.0129387939566,0.333444937603,-0.893289034784,-0.685481336876,-0.609403199924,0.625763735787,0.783504814099,-1.1444144312,-1.33453354884,1.14478643562,-0.755043978305,-0.853866592768,0.630166070773,-0.933363789434,1.00031760444,0.191557306808,0.113592108037,-0.510620009307,0.00485751049274,-0.14477519059,-0.0607668253476,0.182314585444,0.333360410951,1.28200674242,0.166995615161,-0.0664517858927,0.447880516521,1.60589701713,-0.21516642745,-0.142278684673,-0.236235971328,0.0581978815992,-0.395358494318,0.923949786584,-0.19620314758,0.0402592512799,0.35468543116,1.16539775925,1.45573731957,-0.182159353022,0.870983789843,-1.02249010418,4.43396611036,-3.58066529403,-2.58917475322,5.40821332449,-2.66215417464,4.40920474624,-2.81637280868,-2.05953706618,0.379321207584,-0.601831463966,2.80429293027,-1.03463606092,1.353670633,3.15010645494,-1.96251887989,-1.83346700181,-0.122932801999,1.13750496292,2.23194186679,0.13451958792,-0.610789020983,-1.65960437254,0.699729191456,-3.72874234879,1.07788509894,1.16030916174,-0.257685606163,-4.60595907295,-2.54925232404,0.0798179109716,-1.20099459744,-1.37255253186,-1.87408472687,1.75776094284,0.0251320243037,-2.31936107849,1.06530535842,1.98522542033,-2.91144750082,-1.67222188193,-0.131187738683,-1.38448773668,1.26713016866,-1.94149355223,2.17560894165,-1.46153618129,1.0068554933,-1.56482458358,-1.16994388816,0.370106368241,-0.633000822461,0.595223160993,-0.636367448473,-0.0533693045715,-0.214839111902,-0.571009133836,0.157039603218,0.038928910725
171,0.0512650700694,-0.0169817348871,-0.0725432111818,-0.199071464153,-0.0288451197805,0.199249642168,-0.0260253085181,0.193690680005,-0.227863799623,-0.147293645114,0.0549311923062,0.097606371011,0.278314499071,-0.0188299169387,0.225182293462,0.342655925996,-0.258723432301,-0.280515628838,0.0185158906687,0.259164442482,0.183158399317,0.393710880869,-0.820134835693,-0.852201442825,-0.553237206289,0.312218759625,0.88424770219,-1.01896006762,-1.28941961174,0.708900203306,-1.02675470011,-0.821691844685,0.568196756457,-1.03290168275,0.764332192309,0.393938118366,0.0450452293361,-0.664899057259,0.145662269397,0.0513845563516,-0.34633702412,0.0254563581738,0.346288987035,1.05796685187,0.232414246279,-0.261274109828,0.680501753931,1.40242883033,-0.145614917828,-0.290512236905,-0.33999293279,0.0839732155193,-0.438249691988,0.959255571181,-0.248191789129,0.0347738826771,0.326277365266,1.10365129959,1.46937129562,-0.179605531389,-3.88633703307,2.89029530522,-4.95508271856,0.877063819157,2.58165228249,-4.11482575388,2.14467225829,0.315803202209,1.21255489784,-0.289770958741,-3.23825791139,1.13588675182,1.19666057329,-1.75896815624,1.68319323818,-3.49925477643,4.12754954887,-2.35414686831,0.754032959209,-2.33651885747,1.48787596855,1.07884071529,1.83450295,-1.39566302836,0.433873495384,-2.19346344951,0.620243703399,1.20536037745,1.35649816849,-3.68261819987,-2.5080016255,0.465251384394,0.0205978002875,-0.473673592244,-2.63567491091,2.14233908781,-1.44796502069,-0.744353302933,1.68959864606,1.79027458393,-2.64574142228,-1.36980233014,0.333766593355,-3.04616343293,0.03222052954,-1.93068049778,2.43570083031,-2.56015546587,0.379829839001,-1.37064150308,-0.88405994216,0.136006795462,-0.21915341878,0.105630686667,-0.399851855573,-0.0577801133655,-0.351853075651,-0.662279064779,0.115019789241,0.0120890012978
172,-0.226124644793,-0.00932284649502,-0.143651182962,-0.0016672230322,0.0516455361434,-0.190447712314,0.219633904322,-0.00857410805829,0.0727286652275,-0.129056343866,-0.229225836317,0.186255289717,0.201742729336,-0.131059725263,0.30090585799,-0.0797072624502,0.183275284847,-0.354019417976,0.0266668910111,-0.0913611816612,0.289440053294,0.519603740227,-0.599650463216,-0.907637598206,-0.524429218174,0.231790895272,0.864760806731,-0.917740849882,-1.04715541447,0.47109177294,-1.19173662874,-0.783603481837,0.633919131863,-1.00861772689,0.514383481283,0.592604567115,-0.176063083001,-0.666299269017,0.326199687477,0.185379779445,-0.56238112431,-0.0743722820104,0.386573173444,0.68862442836,0.176331760628,-0.449337055493,0.925558434568,1.10565739881,-0.138245152756,-0.411478825799,-0.409435766582,0.0840903112213,-0.438663473976,0.944559500518,-0.275731030492,0.0284494631265,0.284656793497,1.03330001079,1.47861641479,-0.179750655813,1.1453756893,-0.800309734184,5.19698249032,1.40951750718,-2.04182439355,-0.428664752993,-0.11892147643,-2.14985760451,3.16763404851,0.68096956444,-1.33613645138,-0.198764472051,-2.52861975382,-0.404515281759,-0.695744957375,-3.48155197651,3.30824190301,1.46608572207,-0.968912889671,-4.18620357393,0.844864226267,1.19011404386,2.17041583842,0.509490769937,0.120451810094,0.643585742489,-1.07913588338,0.84234106483,3.42598494858,-0.922228688354,-0.566631217161,0.189979058609,1.23225325525,0.995987669001,-2.18205797281,1.71890648857,-2.91985455847,0.630153442943,1.82442733112,0.769032639585,-1.56394940618,-0.556054832995,0.397453581413,-4.2359357669,-1.11723479695,-1.82199664995,2.41334971948,-3.30667041314,-0.218955933214,-1.02905542039,-0.490244382197,-0.13717051585,0.21039804118,-0.399417514521,-0.150086211582,-0.0697891302955,-0.47861779701,-0.742813174245,0.0692561701861,-0.0150237394151
173,0.125823600083,0.16334811191,0.31688969671,0.0880725302727,-0.168065137671,0.0645845274882,-0.129568621601,0.00983945679773,0.151714461111,0.000359700799781,-0.123701626863,-0.0242212348419,-0.122498047695,-0.120849425011,0.0603280809669,-0.173822569257,0.246387495631,0.000531680153707,-0.182445845164,-0.481537611254,0.40195248531,0.587004462792,-0.446935409397,-0.736136385474,-0.532083711053,0.416741627561,0.686515025576,-0.827364984516,-0.64530490109,0.515963481115,-1.12400545992,-0.797563546485,0.792554734793,-0.840418386494,0.354351011824,0.72349608136,-0.517753333955,-0.564099317646,0.491216782951,0.187733125047,-0.644636601552,-0.0765122787722,0.411123011645,0.235381095117,0.0200206833702,-0.625238114832,1.15232567145,0.756143355885,-0.185179424487,-0.493485971778,-0.435938187587,0.0564830345833,-0.39689141001,0.879942260606,-0.278315211855,0.0206410194726,0.230984309123,0.955501431063,1.48309766855,-0.182613987721,0.845187877758,1.17334292989,0.83319751292,0.979394196879,0.316451237023,2.3010475897,-4.28687257362,1.72009760542,-1.59830737333,1.78046060163,2.99212534356,-3.68400512638,-3.35954835807,0.446940300154,-3.67731737428,1.59199178306,-1.92136130552,4.84194690977,-2.85904240401,-3.2566973883,1.58988282681,0.0412933605259,0.749080940613,2.80610019706,-0.266464479075,2.77610708266,-2.25980870357,1.14496118268,4.29162019447,1.59372286261,1.84904665656,-0.488030464051,1.79332511974,2.26611069331,-0.945115969614,0.874073532257,-3.76370488306,1.25933098321,1.38891687565,-0.76851791733,-0.0529791955856,0.53066115418,0.0265639050624,-4.69323298195,-1.93828475944,-1.69896630215,2.06751967557,-3.60389387388,-0.69186324824,-0.602456711623,-0.0335507079415,-0.411982495514,0.618351741612,-0.887397171043,0.0965044007841,-0.0870426725055,-0.592478363922,-0.810971516386,0.0197490250831,-0.0422474700172
174,-0.249134051678,0.0368354055838,0.0218613711429,0.164478748745,0.213295988344,-0.0623865505566,-0.166474558274,0.0281738658431,-0.0430950592534,0.153877776878,0.15472036974,-0.364228783319,-0.381909375502,-0.0641279879452,-0.261189138483,0.0755925677909,-0.0264842013052,0.375414651208,-0.42930937007,-0.709738149166,0.610187180524,0.538632611664,-0.43683514815,-0.404227290005,-0.569450461812,0.713213718151,0.469929316509,-0.653891525465,-0.26035781666,0.71951226041,-0.862351338976,-0.873626391444,0.960389627862,-0.586501363976,0.327666216841,0.77155797897,-0.8933539499,-0.446849613885,0.591157879386,0.0318620005212,-0.576908615534,0.028792751422,0.381137144251,-0.222181970559,-0.195260404062,-0.790265990371,1.32873218454,0.401003807667,-0.270038965874,-0.531341668347,-0.415785817386,0.0029376625198,-0.316917452512,0.768698178997,-0.257074381952,0.0109517180984,0.166667949896,0.871564735631,1.48244403596,-0.188198189626,-3.35899600872,-0.0210498796258,-4.2946301476,-0.00710129415229,4.60536307259,-2.95044715656,3.40003219083,-1.95096059251,-1.17410376338,0.848041908473,1.39052669615,-2.02594676557,-1.54479933739,0.602191256896,-1.78533851672,2.19878781349,-2.35447428374,1.46843159856,-1.50080903551,-1.31377667193,2.40520608687,-0.797181502333,-0.317768798346,3.41706050836,-0.406896243798,2.75465908389,-1.79130304908,2.43998085652,3.07337168839,2.05918647745,3.08700984902,-0.943809747307,1.40476888372,2.61931745982,0.366157740927,0.147403064836,-3.55872192267,0.930538112526,0.575610605737,-2.29948962781,1.34111227311,1.52833247099,-0.663104968683,-4.32141735515,-2.28158526142,-1.60823941155,1.41377739632,-3.41971057418,-0.968659346998,-0.156797090117,0.433938840544,-0.649582167321,0.968725220915,-1.3269423917,0.323812557093,-0.106974236575,-0.691145551817,-0.865367173819,-0.0334211431101,-0.0694121334954
175,-0.091756864741,0.167399257087,0.0697725716652,0.0711966668438,0.183148725382,0.0312773085702,0.126491596011,-0.170513468209,-0.0347903056724,0.117004146765,0.046635593627,-0.326117881138,-0.389905763779,-0.0275407606881,-0.194135667792,0.106174212204,-0.0784233865325,0.182891899948,-0.433960953957,-0.760399770198,0.825649694421,0.482571439552,-0.455021023042,-0.137699326158,-0.595785371793,0.899817861964,0.3653474757,-0.340988297073,-0.0754206497121,0.850850091941,-0.570890638723,-0.962056548695,1.04682863146,-0.356508914561,0.410462052121,0.76986513202,-1.19395766191,-0.403531193621,0.606714793265,-0.253406543017,-0.397695235576,0.213976362742,0.27528328195,-0.603868016213,-0.419364771542,-0.947874636321,1.42725229074,0.0870405385611,-0.371234077234,-0.526227404982,-0.350542614897,-0.0709956876418,-0.206119459336,0.617106787998,-0.214688869427,-0.000758604248811,0.0933253665692,0.782923773026,1.47629678585,-0.196488530757,3.61550654102,-0.914089224958,5.36804663599,-1.01101911428,-5.09573002983,5.02615043913,0.729227797971,-0.383261371749,0.786714237394,-1.61785610152,-3.19792191031,2.48755395858,1.51586197045,-0.0576421773614,2.9591436984,-1.62919443471,1.26361758295,-5.01560622015,1.20116937185,0.211076344443,1.5811433693,-0.0767631449266,0.184074890903,1.56561148335,-0.0361655659355,0.744827968776,-0.251227563981,3.66522979709,0.552075318762,0.277349421654,2.44670574798,-0.689604530933,0.228303989144,1.79550427549,1.17870095239,-0.0854550001243,-2.30315728914,-0.153269256375,-0.22548629037,-3.27398006743,2.10433044074,2.07512465131,-1.44815525738,-3.20371886479,-2.12103706861,-1.54551112598,0.526822292772,-2.79249743144,-1.01650546827,0.24785757436,0.859869807585,-0.814295366388,1.23015123736,-1.69007005644,0.517111005797,-0.127058572633,-0.772719514214,-0.904898436401,-0.0900883090089,-0.0963400337688
176,0.0426953189152,0.0224083869261,0.242004009461,0.119010021513,-0.130768995425,0.332681147342,0.0807175231895,0.0381627076697,0.00166006292054,-0.134703753243,-0.288017202577,-0.0400717419525,-0.09919368463,-0.0970128251699,0.17910625597,-0.111548259091,0.0704047258888,-0.421230948037,-0.302120342779,-0.679776152535,0.878851522785,0.543045486647,-0.386102334525,-0.124659777251,-0.566586586843,0.844766701241,0.399052240854,0.0226344757499,-0.130600347679,0.748672249288,-0.413945164818,-0.987453695245,0.997011887141,-0.255531505277,0.540909499668,0.771928838911,-1.33342570135,-0.485352548289,0.560494577503,-0.591748977027,-0.187273136634,0.420807452426,0.0969885379694,-0.845818198526,-0.605729072408,-1.09859508259,1.43041154487,-0.146104050838,-0.465933195379,-0.48471153188,-0.246748145273,-0.15653962299,-0.0746567984503,0.433993036296,-0.155202034038,-0.0143897013975,0.0127440583666,0.691107203742,1.46431821733,-0.207452160281,-0.807565760099,0.707387910092,-4.62691187015,1.20459716696,2.15139148411,-1.96351429443,-0.0138060214112,3.56403562494,-0.227201514653,-3.03413597729,-2.37847559303,2.26485138944,3.83353618565,-1.23437549241,3.47054396342,-1.66594282109,0.590454871539,-5.67733854206,0.728613109673,1.34611993692,-0.614277728369,1.1947788673,1.07263995384,-1.26006185101,0.624826460972,-1.78607951623,0.692352127889,3.23598972857,-1.40694973048,-2.27698671299,0.607094515424,0.270861797894,-1.215539829,0.142959206334,1.33104481439,0.193858232869,-0.44002493852,-1.46959195941,-0.599494010526,-3.32447062207,1.94217436866,1.93916716258,-2.07027028414,-1.57586074044,-1.55132218596,-1.4585831238,-0.469752198553,-1.82513451498,-0.843395061964,0.564881436103,1.19809742453,-0.877915732369,1.37880943834,-1.95415494454,0.664014712057,-0.145050194057,-0.835705085368,-0.928774492363,-0.149997480723,-0.122846612056
177,-0.140742024779,0.0139403785684,-0.157221096853,0.0486916527401,0.356823537692,-0.0940890476609,0.180406759149,0.273889586606,-0.0456234021902,-0.371250911422,-0.319818496903,0.0366738002284,0.216563817366,-0.204081599747,0.34855806593,-0.088738575449,-0.103786200327,-0.742282451871,-0.379784766491,-0.513869642571,0.715968310475,0.669859680029,-0.294757220987,-0.342506127954,-0.479424778232,0.577779951481,0.445979671497,0.233294234576,-0.290084158258,0.435810263003,-0.439862967804,-0.899572573361,0.81604264142,-0.329664861569,0.662795918106,0.815541423829,-1.28527205637,-0.684735417528,0.509537194728,-0.88595601183,-0.0391667798619,0.578368093971,-0.126084313973,-0.912928176429,-0.722059463374,-1.23608496812,1.33468390633,-0.271652360719,-0.534029911826,-0.417142212471,-0.115014507201,-0.242620274737,0.0654049427615,0.230108942855,-0.0837446453082,-0.0296394732588,-0.0731595847956,0.597706412463,1.44620064616,-0.22103746839,-1.14046563786,-2.00935050295,0.568145213186,-2.0449209845,2.59550456587,-2.1705022367,0.827092243508,0.264790597753,-0.479511053617,-0.992818188016,1.5467458128,-0.540893760068,1.57883965916,-0.420361519372,-0.31337120244,2.08410713406,-4.01512863071,-0.388069502551,-2.29832002738,1.77076990133,-2.43766298382,0.985525339374,0.412436498134,-2.72605459489,1.03832710492,-3.29791998129,-0.0350162367116,0.691948398716,-1.42632837987,-3.65775816686,-0.955797110874,1.47694508788,-2.29564002591,-1.56131293455,1.07297034655,0.676567361276,1.32543432702,-2.41095034239,-0.302390032993,-2.41722211884,0.894272318829,1.10809213454,-2.31540491606,0.234917613885,-0.755730298858,-1.26647614602,-1.42488800796,-0.66854437009,-0.494720181932,0.765830460697,1.41409081041,-0.823216817108,1.40070916955,-2.1035025308,0.75527610687,-0.159187898032,-0.879020660997,-0.936534206614,-0.212803246059,-0.148741428523
178,0.079681870758,0.0290160652401,0.10634249658,0.0460380007775,-0.0312148708394,0.21040616535,0.118552117903,0.0782094295507,-0.0799196732866,-0.246724173074,-0.10280762617,-0.0466472982458,0.122172453841,-0.123627872945,0.173937976796,0.148012137961,-0.559898884135,-0.587405697702,-0.67111129904,-0.377965009055,0.446957356637,0.678474672313,-0.355636461646,-0.592538041339,-0.376762585371,0.2397526297,0.355709961742,0.138499298316,-0.359172328818,0.0897888612301,-0.555475149812,-0.703262139837,0.56585676421,-0.542460780133,0.755903680764,0.899979958819,-1.09396404816,-0.940493160769,0.520836209038,-1.05394667276,-0.0258405206193,0.626507572946,-0.349743752268,-0.804186650513,-0.756694899792,-1.34567758459,1.15185286091,-0.279337801321,-0.561453475885,-0.335725917818,0.031336677481,-0.317092562621,0.201155336239,0.0173833037446,-0.00619038495494,-0.0460606148862,-0.162381882627,0.504341900704,1.42167543301,-0.237173555871,3.25694589702,1.92852484093,2.02142685087,1.76111431846,-6.71252448222,5.02238490729,-1.33035378093,-3.54575317691,-0.255226110778,3.35571894269,2.16326400646,-0.668031843543,-3.22731303748,1.91877460373,-2.59494549197,1.45785362966,-3.78710745248,2.48608579363,-2.76888810996,0.69337045881,-2.64292515078,-0.979472153329,-1.71586110704,-1.95227757742,0.93749383955,-3.21147699936,-1.80899977545,-2.49081593738,0.203252445745,-2.91728699725,-1.07008781122,2.35658858946,-2.5494256249,-2.51952832097,0.821361234778,0.947336107341,2.3338422217,-2.55366388774,0.608713614804,-0.881285882284,-0.669151749384,-0.194612404374,-2.07453870084,1.88720130247,0.046027212866,-0.889086377389,-2.18847232331,0.502429257084,-0.0438046361664,0.841967763783,1.4886447967,-0.646271175014,1.29309683581,-2.13039815102,0.785359636724,-0.168349852936,-0.902002440073,-0.92805769648,-0.278070400401,-0.173829349944
179,-0.0342706414532,-0.00852867357919,0.0987641193742,0.0491769307595,-0.0604092363665,0.161129514615,0.0587334946553,-0.220652360897,-0.0933559323335,0.144454213612,0.0641411299872,-0.0780040563614,-0.245840045221,0.0763521284665,-0.0752516925026,0.0299143104177,-0.661304985602,-0.433786158621,-0.798785192723,-0.398459555874,0.238774007984,0.485907378792,-0.6062452435,-0.69786492475,-0.300408384701,-0.0269782094689,0.109091776294,-0.203686921796,-0.250632679083,-0.0975692824585,-0.601907422476,-0.450259061273,0.337302561264,-0.794481955347,0.836630947331,0.989164861206,-0.855159835727,-1.16647667995,0.639979745504,-1.06051354772,-0.170997157394,0.536833175731,-0.525367368904,-0.550285214625,-0.719332872754,-1.40607945894,0.907426048855,-0.176425686383,-0.54230344822,-0.252610911467,0.177907651207,-0.368125691093,0.31999101916,-0.191903838266,0.0712334294872,-0.0631298101086,-0.252873717898,0.412628889311,1.39052184274,-0.255769832595,-3.98726677084,-0.931756006532,-2.44141405976,-1.85254964716,6.18651328621,-5.96170753207,-0.43264667127,-1.2649548531,0.151132779541,3.32002112369,1.27328838305,-0.151084102398,-2.89818242944,1.3838124144,-2.19101806275,-3.95339387646,1.99188493955,0.0876881252226,0.557034102362,-1.017458766,-1.33572420737,-2.5866731284,-2.90948800619,-0.141710995997,0.587825188717,-2.01187133117,-2.85580564712,-3.87819222819,1.80124107256,-0.709237912908,0.33635827836,2.58981072467,-1.88330421317,-2.32592412643,0.844490155339,0.754301890022,2.25880002537,-1.83994378163,1.77502212944,0.704497789151,-2.17254284152,-1.57405778971,-1.36886467248,3.09943926039,0.655840032651,-0.278964823549,-2.64078953466,1.51663754755,0.421777536841,0.802702157713,1.41953873388,-0.35730375026,1.0648426046,-2.03555329093,0.752758052258,-0.172147897402,-0.904405442327,-0.903570541769,-0.345276701324,-0.197911939227
180,-0.1576779308,0.124096984736,-0.123105346069,-0.00191851512424,0.279558345748,-0.253669283578,-0.17755211631,-0.10563548949,-0.0020317595818,0.256692769959,0.165020784596,-0.0993832830443,-0.290755510063,0.0764230149833,-0.274831211892,-0.498857723981,-0.302841096879,-0.533177091592,-0.589325859442,-0.524318918643,0.197456518214,0.245709700261,-0.837540364253,-0.643593000906,-0.25308415251,-0.155138302857,-0.147966621358,-0.530117370928,-0.0539851032801,-0.0574603321604,-0.470179625371,-0.205248370565,0.209538120081,-0.974739573084,0.932134092284,1.03732109436,-0.674223738441,-1.29040867172,0.866871911703,-0.931964833946,-0.438922869244,0.323974291045,-0.612499859736,-0.204716760646,-0.636288158024,-1.39396915117,0.636319111868,0.0140047450779,-0.479506182778,-0.178258048275,0.310916652382,-0.385595550751,0.410752786917,-0.385959725476,0.142352979856,-0.0803230240276,-0.342582370613,0.324142870575,1.35257552184,-0.276715764683,1.34909202166,0.624278095513,1.16688465279,1.48891487521,-3.25188235303,0.566801996173,-4.00454597265,2.68465636731,1.7854839636,-1.13256551959,0.572022881568,-0.118556466674,2.0874971947,-1.20328112623,-1.94026824872,-5.3249107413,3.80501484426,-1.3454790197,3.07156618076,-1.09037651538,0.495240067389,-1.7578572847,-1.22121876343,1.04262394509,0.407277388648,-0.574114307053,-1.94457123872,-2.1455124495,1.80411432756,1.3485805917,2.27274732075,2.23242378486,-0.616601986429,-1.16149156142,1.07756893719,0.165489775908,1.23633479211,-0.591777118731,2.67427655827,1.73003851306,-3.04047610101,-2.58843063623,-0.33502109725,3.70378116034,0.946184913872,0.553882988174,-2.71667031799,2.23299613622,0.815644612281,0.671534851597,1.22106265192,0.0200263455482,0.735757840192,-1.82791850383,0.660031870098,-0.170954572988,-0.886402209306,-0.863640584637,-0.413817747601,-0.220789037621
181,0.0148290055221,-0.000403306953282,0.254573157527,0.10636786252,-0.320059278937,-0.0397690917559,-0.328962891399,0.0467521307427,0.192306837237,0.0571407576257,0.118794916911,-0.0349541868727,0.0463813000242,-0.0226871916603,-0.46045578391,-0.800694679285,-0.153474887876,-0.549343263362,-0.315901750927,-0.54633515894,0.315850087208,0.200636659199,-0.78806242511,-0.521797551333,-0.210589577591,-0.152703205959,-0.230826851228,-0.563989854793,0.0535677022693,0.121711059594,-0.173784403531,-0.0140703892164,0.214208634088,-1.01572841751,1.04783995839,1.020364651,-0.622534706314,-1.28518251037,1.15020114918,-0.746917962398,-0.745414303826,0.0430977899679,-0.588289394752,0.169037947144,-0.541819197536,-1.29040582174,0.376619154861,0.257164626762,-0.383949682267,-0.120303963639,0.418742900949,-0.36232892621,0.464742775335,-0.554267693007,0.20144517004,-0.0971900635527,-0.429493122342,0.240385848479,1.30773638354,-0.299880788961,1.75348988821,0.401487300291,1.87656773485,-0.685671458148,-3.50064965359,0.0190644175169,2.7822034859,-0.285867183903,1.26535345156,-1.8375791789,-1.60771904756,1.64072863321,3.68036204256,0.150902466354,-1.55440401529,-0.113222066543,-1.45115324356,1.44821830068,1.89115735064,0.822371357742,1.68241274494,0.971867773582,2.25412993408,1.30219996314,0.464416312324,0.555303357536,0.385845086838,1.58580609964,0.166785435012,1.93652532196,3.43703065909,1.56468978775,0.656813375656,0.331346255554,1.18072805083,-0.47825797212,-0.22113448851,0.64704408256,2.84396948933,1.79643874665,-2.91030748161,-2.89140952626,0.821012586535,3.66944478572,0.888232977809,1.53158005483,-2.4190193594,2.56117385643,1.06716477444,0.480436971709,0.921600213036,0.450845340566,0.334896800339,-1.52388370832,0.513573613015,-0.165861701724,-0.84857950897,-0.809167387411,-0.483013932734,-0.242260525472
182,-0.0667347659631,0.112477800952,-0.0415797243831,-0.126932349911,-0.0984699636507,-0.293624150348,0.146555193606,-0.0118989476489,0.110959578841,-0.00665030339071,-0.0708557406894,0.189054315954,0.312894023703,0.213747542658,-0.531237459428,-0.572186243563,-0.519174162954,-0.286193001073,-0.236495002315,-0.378961665924,0.487935945525,0.409068369004,-0.438069233919,-0.382097039517,-0.161230188251,-0.0564766723604,-0.0867114129825,-0.242557338508,-0.0249091429259,0.274462369874,0.165524520299,0.106018755289,0.321001418978,-0.922349418949,1.15166630292,0.953293765282,-0.711534081615,-1.17868192633,1.40456322175,-0.60571231025,-0.987008456701,-0.22567384794,-0.451456872768,0.511021530375,-0.467968309861,-1.08738452847,0.162666533755,0.512300001905,-0.27230832831,-0.0830204381979,0.493149158767,-0.29505988826,0.47652694222,-0.68826810214,0.243598324259,-0.113421722856,-0.51167042172,0.162753993331,1.2559756978,-0.32511441165,-3.8476471205,-1.65571998609,-4.8131001491,-2.63275237783,4.64400080911,-1.48825708111,3.40385154566,0.397706696152,-2.83565522467,0.296469633654,-1.31213249068,2.24496533435,1.56165260023,4.42066956916,0.281779890453,3.72284923098,-4.63187284447,3.03696102733,-0.0574576683687,2.18811965707,1.52528423089,2.7972425886,4.24054800932,1.57338496337,0.495713835463,1.31595808182,2.25255857304,4.44828627774,-1.59110106133,0.901496385366,3.08481319124,0.840513963936,1.34353629399,1.41904632122,0.794985958408,-0.78033356076,-1.47705108236,1.36463667626,2.09375296659,0.885902485352,-1.77367053423,-2.34399712414,1.88382659818,3.0936766919,0.553030325965,2.51611628511,-1.81864119968,2.47328442002,1.13274884599,0.263729542695,0.559681256526,0.892549786117,-0.102006397165,-1.14593592508,0.323118218284,-0.158574619328,-0.791932757725,-0.741364525895,-0.552119376235,-0.26212824258
183,-0.120536434876,-0.0856337093845,-0.243630134815,-0.186927307871,-0.0265259145627,0.0914907159638,0.0578688607417,0.12220852601,-0.165698458497,-0.0152505636472,-0.00987343938871,0.308110091891,0.432509234918,0.695335464561,-0.438859730084,-0.277177769232,-0.797165706199,-0.118856540825,-0.248363049976,-0.194129325636,0.584118498324,0.655741852393,-0.0579430435917,-0.189760452782,-0.117738082479,0.0998770013675,0.151589496575,0.215924735658,-0.209395200995,0.278007479708,0.398801283783,0.155325228578,0.45283615094,-0.760079933405,1.18695091608,0.882732084742,-0.895103750553,-1.03839039417,1.54414069792,-0.589682454806,-1.07836855098,-0.40083967675,-0.220415017808,0.776001006318,-0.435620217865,-0.792726111717,0.0188576029844,0.739080220984,-0.163976875238,-0.0673669591229,0.530056184301,-0.184989465525,0.444447471553,-0.781882478532,0.265012803994,-0.128903492129,-0.587298344852,0.0925074138061,1.19734219489,-0.352246506107,5.12021547857,0.336771956282,1.1886856379,1.22829106802,-2.62665523415,6.89842914035,-3.29317699236,0.823353637131,-1.29405559622,-0.881295567465,2.51296098199,0.040080090286,1.32190999282,4.03353093558,1.09510327058,1.35551463604,0.102471484861,-0.287636407579,0.150034564862,1.12708831675,0.291326009767,1.6085084132,2.82470790244,2.30730897802,0.351838516914,1.74642161791,2.14308171647,4.110760127,-1.74164850067,-0.845844046203,1.42619489895,0.151149852867,1.14398022344,1.6805167762,-0.173316361697,-0.541281286614,-2.06016622472,1.31089986568,0.61046521324,-0.613643084528,0.00766029045951,-1.05801106605,2.68258565001,2.16608621762,0.0866838606477,3.33437761119,-1.04023215051,2.00496190522,1.00215625317,0.0524994190455,0.179069988025,1.29918462155,-0.535731415727,-0.720887623939,0.101038886042,-0.151251087108,-0.717857313068,-0.661735004561,-0.620332690512,-0.280198044587
184,0.327584041344,-0.161818265021,0.0332891909823,-0.0431251150023,-0.0444970364343,0.280179101137,0.0132952165282,-0.0407540043755,-0.0673069145629,-0.0990369537349,0.270854847829,0.291743770727,0.605861173929,0.849089947271,-0.414494631324,-0.333066244248,-0.482227807015,-0.328900490215,-0.199149652213,-0.188845225632,0.542707581324,0.658219552501,0.0658940965047,0.062796566894,-0.0908669063854,0.274057092067,0.282861925912,0.475508512049,-0.305033769595,0.120734101078,0.437602823108,0.136839349772,0.525001740574,-0.611010403508,1.10712310845,0.858970622781,-1.09671875406,-0.938823739861,1.51901903701,-0.72625617205,-0.984367438087,-0.423339078658,0.07305425482,0.94021928062,-0.449058078582,-0.431806382322,-0.0445680360022,0.903568306043,-0.0776609066246,-0.0715390539972,0.529804240917,-0.0378820119273,0.370796381097,-0.831845008744,0.263222677388,-0.143750926074,-0.654719975717,0.0307427153002,1.13196700814,-0.381087821867,0.0556752885794,-2.7234603612,1.63960048834,1.75205751192,3.53311407077,-4.42946343041,2.75832681337,-3.24657463336,2.33400509172,0.209994553923,1.9877303,0.387673462226,1.84133527141,-1.14723696369,-0.919753780393,-1.98836962993,5.3001006702,-3.17053139541,0.56077946881,-0.954650484109,-1.05911345778,-1.67491222822,-0.351496334151,2.53340687177,0.20815582679,1.60822758287,0.319761425218,0.74073610871,0.0890019103337,-2.15074969886,-0.624921119644,-0.518647830285,0.214211568147,1.21382442453,-1.42848358586,0.10619166258,-1.85019848807,0.597690768077,-1.09765801509,-2.0471325983,1.82094425307,0.642447147687,3.12400763276,1.11744304247,-0.333108231023,3.815117289,-0.237401817737,1.24613721541,0.699009494072,-0.129617319559,-0.176474639303,1.62624837745,-0.927101248097,-0.277822082215,-0.13851772917,-0.146298068176,-0.628135333169,-0.572040190991,-0.686809398029,-0.296281967647
185,0.0502732759845,-0.101760038559,-0.162739923981,0.171115493062,0.262464597245,-0.173378314548,0.140251762025,-0.14330225939,0.0638627140866,0.130680167348,0.299688894107,0.458321442571,0.700919052923,0.576995839246,-0.598061770891,-0.522644453843,-0.0150751137908,-0.551132450842,-0.214734513898,-0.335050055768,0.392648087044,0.353896007569,-0.070338569052,0.258370579849,-0.0696488263199,0.390248123868,0.218179232682,0.349239426913,-0.170502239859,-0.11601944998,0.294557239652,0.0530888933335,0.489206023862,-0.524625498279,0.910345438867,0.904309435331,-1.24621472049,-0.927522097477,1.33825198887,-0.974349176449,-0.735004113935,-0.272927409989,0.392072797825,1.00279615144,-0.495323609801,-0.0453397395522,-0.0329048654543,0.982835692841,-0.0282011771532,-0.0918469766204,0.496900502259,0.136319179731,0.261632947668,-0.837821331129,0.237225520372,-0.158323252561,-0.712475184699,-0.0216310319749,1.06006730171,-0.411430714262,-3.4181589006,3.90855556617,-2.01049657901,0.975900274973,-0.143432952765,-0.613001083827,-2.44236792461,2.28569408693,-0.0256826894463,3.85260431702,-0.838898147629,2.62481510002,-0.328591782293,-3.25308217461,-2.20464960993,-1.11114359185,2.6918821823,-0.416394661054,-1.17423094194,-1.63089429395,-1.82553325717,-4.00554788879,-1.86935559711,1.06812859796,0.243814493466,0.549798725244,-1.43117349324,-3.06155185186,2.52925428358,-2.39858684017,-2.07066939118,-1.13861555593,-0.906271639706,0.529998970538,-2.41255031653,0.762417742752,-1.07877707178,-0.372569822058,-2.4014108735,-2.74683344688,3.01620126669,2.32660588155,3.19822974586,0.166043861805,-0.547514284226,3.82929931517,0.438041525382,0.323631043619,0.275716747236,-0.268770309155,-0.468142516368,1.83541783251,-1.2405207757,0.154077280679,-0.380592769785,-0.14614266684,-0.524916596186,-0.474262781645,-0.75067577338,-0.310200469834
186,-0.212796803939,0.152413855311,0.196978892523,-0.0219502071672,-0.0592143794238,0.123247336162,-0.232486962358,0.177413704477,0.106563559212,0.427264595028,0.31873372191,0.656652833694,0.54699389182,0.382294656083,-0.718195534141,-0.504811056704,-0.0685168413571,-0.372884420798,-0.426045187911,-0.458458047495,0.199057817888,-0.0410509940013,-0.201872076009,0.234592812178,-0.0414808410856,0.357562414854,0.0546852223582,-0.0505443824503,0.153348798441,-0.327073532654,0.062416809005,-0.0839797692821,0.358851669231,-0.492759139535,0.651008846556,0.996873371464,-1.30772400971,-1.00537465335,1.06885844766,-1.23709031677,-0.417321541499,0.0278542127974,0.702288847178,0.982152680773,-0.548428060265,0.316633110355,0.0347320222506,0.967566630488,-0.0241421616148,-0.123726216246,0.439309844902,0.324323889997,0.126260561384,-0.802311689427,0.187514158072,-0.173213535394,-0.759336115255,-0.0639123488314,0.981948453549,-0.443050100588,-1.27417448993,1.92124397481,5.94324157983,-2.76354357232,-3.87654135525,2.68368182171,-1.43784059451,1.80943548225,2.01187135562,1.09156169995,2.00350178177,0.541810590049,-2.29646371837,-0.20740251714,0.342987487432,1.2313397828,-3.45760194265,3.40750000954,-2.63033879381,-0.669196685369,-1.94953139388,-3.39698303266,-0.34051691735,-1.58295827098,0.291834445971,-1.26873960857,-1.50580683248,-4.35096553343,3.58390766369,-1.70125165081,-2.37060350497,-1.54900159996,-1.58285222866,0.202268736069,-2.61757630356,0.988996802833,-0.162983321041,-1.1090315833,-2.81388148708,-2.30597320633,3.13806266791,3.59199155214,2.96126511396,-0.526445496788,-0.46102418428,3.32407714344,0.866088569295,-0.620997110996,-0.196083967267,-0.361203269095,-0.666181638136,1.89869725778,-1.44719660382,0.547640364416,-0.610403373293,-0.152995378431,-0.410691557846,-0.370564430244,-0.811043848649,-0.321784714569
187,-0.285000131375,0.373152518884,0.2538361858,0.0659532894276,-0.12866872646,-0.0806182304215,0.11520012553,0.115045702466,0.425648862624,0.400947440497,0.634408019451,0.537044122398,0.36004133989,0.487164068859,-0.515952542554,-0.376702365972,-0.505216337819,-0.0820161262771,-0.616015323507,-0.458811211004,0.0222845926904,-0.259075301513,-0.106500148791,-0.0224402969158,-0.0214548639229,0.14528478122,-0.0294027109688,-0.40299123385,0.465855044176,-0.440640460112,-0.14402965937,-0.24228490779,0.200478992956,-0.463179705249,0.418238972697,1.08003761383,-1.28658122501,-1.12958756311,0.810074700726,-1.39824929938,-0.146805523012,0.422725695707,0.977002959454,0.908859115745,-0.57722903979,0.603469724902,0.12981903425,0.862378940004,-0.0664076668856,-0.162684943386,0.36739371647,0.51069480528,-0.0235898733517,-0.73035254105,0.116011147116,-0.18921555493,-0.794339519504,-0.0956229298217,0.898004691905,-0.475704645169,-1.51883407694,-0.484543172016,-3.32415736022,3.72911520615,2.6071354993,-4.80904983075,5.86359292804,-1.19915621936,2.85589823842,-0.329630077956,3.01677792892,-2.33987548921,-0.963315420317,1.54060879338,3.24593827707,0.82229465773,-3.98262183325,1.270177848,-0.575720520027,0.637647447291,-1.48068539103,-0.854190355361,2.10920542062,-3.17769587194,0.0508970717449,-2.80981139026,-0.034227579302,-2.20068942988,2.29296323968,-0.530802962941,-1.62039826266,-1.53037230185,-1.4411812685,0.486656165843,-1.89742942415,0.566040138006,0.52767949961,-1.26356786808,-2.20310087196,-0.762269718359,2.09126223804,4.18219843681,2.50472638652,-0.881356882454,-0.0687606422537,2.34185154616,0.981552966229,-1.45428384663,-0.637773590589,-0.411745945224,-0.75277459699,1.80156157159,-1.52774080546,0.879601800617,-0.81428836073,-0.16862426438,-0.28825502064,-0.263238792969,-0.867027288865,-0.330878858739
188,-0.258960073586,0.0916188041626,0.141634654147,0.253696336546,0.187081187417,-0.0944432547074,0.286351233628,0.298068045932,0.464080382721,0.540608449068,0.692462595812,0.361805445479,0.379325999919,0.532796870284,-0.219116107478,-0.381351923692,-0.685367769823,-0.236200594321,-0.495208372533,-0.336842403201,-0.076811901842,-0.23424724092,0.144008711253,-0.304366590374,-0.0377494611729,-0.149091742465,0.0411808766057,-0.433202851004,0.560875952893,-0.430895317165,-0.24506721645,-0.371799834281,0.0949432723173,-0.382373983792,0.291648673218,1.0925404568,-1.21494849964,-1.23645869927,0.65305389109,-1.36902717583,-0.028266328947,0.839952224543,1.19916421331,0.816903239454,-0.554879269703,0.773571742962,0.220584528535,0.683992124489,-0.148248156088,-0.205029479953,0.292633211983,0.679297343844,-0.17479584233,-0.629046199492,0.0259135253856,-0.207269396978,-0.816814934501,-0.116518337401,0.808718113878,-0.509138171837,4.43386958622,-1.12837249673,1.08307645353,-0.77437609423,2.21576469198,6.1018130123,-2.93752401166,4.53171700066,-1.57966262826,2.78765846991,-2.08441156872,-0.517980935576,1.10335130369,-1.08180729903,1.9351260158,-0.754313906544,0.581125687476,-4.13437555569,2.74719329172,1.7859472836,-0.428367347947,1.07479146643,2.38240730543,-1.97380473397,-0.363708769799,-2.72565740701,1.24191843915,1.63171000776,-0.49002446996,0.717375678045,-0.376191037442,-0.972730352457,-0.584717771603,1.15031384974,-0.58492737044,-0.372934879141,0.844462959335,-0.779458438104,-0.858622958366,1.38671259007,0.178708995379,4.04892815313,1.92550907859,-0.908074780847,0.540037891188,1.01911130996,0.785420816983,-2.07048360467,-0.976576720275,-0.430983025405,-0.723455053521,1.54476988463,-1.47391959613,1.13212755014,-0.980547183927,-0.19415774433,-0.160659094218,-0.154660868989,-0.917757818104,-0.337342306356
189,0.160102362433,0.0610096137395,0.180836636378,0.158431103541,0.314553208517,0.612520769509,0.138693273667,0.575964068058,0.425756310188,0.698544250596,0.392971730889,0.43572675261,0.489116460183,0.302873862802,-0.200974718891,-0.452829098443,-0.489990604107,-0.717884157051,-0.190460313493,-0.109374136476,-0.0639585482999,-0.106177988753,0.277408454137,-0.349424056376,-0.0800613331187,-0.330800994696,0.156346128557,-0.1193985488,0.383460891388,-0.301577350029,-0.225667034715,-0.422949242351,0.0900440066525,-0.239629637641,0.299244241037,1.00218127675,-1.12692142929,-1.27182683774,0.642961734559,-1.12707641197,-0.120114265501,1.21322464846,1.36076032628,0.735482819468,-0.467374806821,0.802853451485,0.278618853394,0.457725304665,-0.256411725391,-0.248267833819,0.226286252946,0.814855986896,-0.314004259428,-0.506960770545,-0.0785386787884,-0.228389408796,-0.826407582451,-0.126593486108,0.714656047976,-0.543081298389,-0.133614820275,-2.66530615518,-1.18898253257,0.285149163881,1.40915948319,3.85768444688,3.419117104,-0.741556395116,1.90783164784,-0.826741496358,-2.5140713799,1.45212456347,0.59502922928,-2.80866586744,-1.41263197247,-0.292133619812,2.38674999515,-4.13851597435,2.5754146106,2.64850025388,0.584459095502,1.22899386245,-0.00158202624142,1.18601664538,-0.362437557959,-0.636032962021,0.707692214561,4.22613693822,-2.82256530326,1.83289960214,0.682729340127,-0.00684589035707,0.463035546957,1.62000545777,0.668529528665,-1.40799705408,0.889095524621,0.108963677418,0.622146263446,3.35046283526,-2.0023952553,3.34124771497,1.30515343709,-0.689083264176,1.2031166234,-0.435658874391,0.342380886448,-2.40494790234,-1.15688624449,-0.431764861992,-0.587015538444,1.14466362964,-1.28938852252,1.29386753528,-1.10011776145,-0.229931478489,-0.031154628617,-0.0472336369338,-0.962401856755,-0.341051887501
190,-0.0615257670387,-0.0786781271261,-0.0692573230942,0.277889755458,0.5084017754,0.533214045224,0.834583154527,0.387583904589,0.679690749438,0.41261805815,0.345037626261,0.525613432037,0.441244051284,0.137680075782,-0.391190048227,-0.413130990445,-0.367288443435,-0.844671448651,-0.0855534936436,0.14337968733,0.00259831948167,-0.0133969043015,0.142097184534,-0.0978480020533,-0.0837024040045,-0.254287416659,0.127000740582,0.309715471226,0.0624345471081,-0.0755213912882,-0.131596357387,-0.371445322215,0.172492435719,-0.0830185907058,0.402419899011,0.82385269154,-1.03817352822,-1.21409851735,0.759917396301,-0.7318676589,-0.414743633982,1.49812090945,1.46080792218,0.683087876781,-0.318959919628,0.690107481902,0.28456895438,0.213045363578,-0.37329950487,-0.291161021135,0.178125204169,0.904462650669,-0.428812284282,-0.373451510698,-0.192351902156,-0.25357957033,-0.823094828407,-0.126082701208,0.616466757025,-0.577253283501,-0.779906063353,2.6278220472,-1.62136523713,0.660224260315,1.31556333131,-2.37183669444,6.20050349988,0.124779279817,1.12977511539,-3.42589734671,1.34445743368,-0.0619852155259,-1.51232521091,0.0949443894134,-1.69816135786,0.911439986801,-0.259223181961,2.0506467868,-0.561581398219,2.03860536974,0.517555644066,0.63979204941,-2.43368407844,3.45560802225,0.399669934942,2.07509614283,-1.43083692383,3.83894531105,-3.22991161354,2.60662261819,1.06227938745,1.00814686404,1.06882394124,1.36548373321,1.2474954467,-2.06298548683,0.900898676882,1.01628947302,1.58369700617,4.33671093694,-3.76865258102,2.33166419013,0.702530164078,-0.350257513829,1.72565086054,-1.78088373188,-0.234629173156,-2.4395920206,-1.14839060621,-0.425767113909,-0.364022524896,0.631916874036,-0.989350596078,1.36046718161,-1.16705242788,-0.275391489177,0.0968790322356,0.0566668974199,-1.00017701713,-0.34190392203
191,-0.0682401601141,0.149905884126,0.254825429401,0.213770678423,0.399569757528,0.625905831536,0.825597826949,0.826521171951,0.499021145388,0.286096430575,0.494172794502,0.42054199419,0.261359352712,0.31865485597,-0.454586511394,-0.34137612433,-0.48323138578,-0.388011567344,-0.223381902669,0.224042086804,0.00637278695128,0.0402385979428,-0.119473501287,0.240175400451,0.00732603631727,0.0248618341875,-0.117411618511,0.56774202879,-0.198739961089,0.197267271369,-0.040441708623,-0.234203481878,0.276499798262,0.00512565092895,0.517814887665,0.611745578789,-0.940955285666,-1.07934607088,0.927485375694,-0.309161824953,-0.841859512943,1.67926353318,1.50318902834,0.664973670629,-0.132918807423,0.457963825304,0.231777866625,-0.0210247331028,-0.479726223405,-0.333459510407,0.15538266306,0.938887129893,-0.508861206533,-0.237959139177,-0.310104905137,-0.283742341306,-0.807195052153,-0.115454252978,0.514873513551,-0.611364072594,-1.27055713078,0.331283128068,5.85342604086,-0.27629820574,-2.74470278673,3.27342868943,-4.96732552081,6.2411996705,-3.30095002142,1.25166863476,0.76142674459,-1.74581794817,-1.50247289045,2.90339618303,0.435471198827,0.171636834706,-1.30430996349,5.99426715978,-1.47552008871,-0.67658447972,-0.473940975037,0.539570749937,-2.28328424232,2.78727753825,1.36453720591,3.04344365566,-3.19945439272,1.08868670919,-1.77123395069,2.70707093855,0.63906705645,1.6414324626,0.873227909824,0.280734434063,0.916797711197,-2.0653968242,1.08005873302,1.60777233516,1.5932085264,3.85767695928,-4.58672358274,1.31043930383,0.15721340186,-0.0241796523758,1.93013630043,-2.78953126664,-0.809282603931,-2.20033326987,-0.949931728139,-0.420725504562,-0.0841886608165,0.0488598171005,-0.599173819242,1.33451735634,-1.17876737257,-0.329061508662,0.220015345612,0.154747025837,-1.03036809872,-0.339816128099
192,-0.285157642912,0.34440793462,0.383401294864,0.437966566842,0.358811115966,0.631782518424,0.540302337624,0.936027991126,0.454871755392,0.522190140547,0.439131067161,0.253294897663,0.234691893191,0.547465541695,-0.377401961109,-0.399239946131,-0.478642699928,0.109169717952,-0.25095731562,0.014834425033,-0.0618470431331,0.101853547892,-0.234258054645,0.384957788378,0.159850734298,0.250235557002,-0.434999223092,0.521557636324,-0.274726115752,0.433958112054,-0.0214057841605,-0.0660181813734,0.324586510942,-0.0399351140589,0.564190733675,0.430483128164,-0.815416902193,-0.90754709497,1.04568171159,-0.00913125587506,-1.29321200948,1.76701328495,1.49509520167,0.674289337339,0.0525876788529,0.149073208058,0.12719164728,-0.219889831434,-0.557836368955,-0.375416491808,0.162003154441,0.913558849189,-0.546745189123,-0.109340319883,-0.426287873362,-0.319587612562,-0.779367896081,-0.0953993936799,0.410667115539,-0.645116525172,-2.5967975578,2.98651562921,-2.24226630261,3.27463636292,3.12909139646,-4.16861849746,1.02268895591,-5.36128225596,3.31790321844,2.4221209467,-1.52804678705,-1.23219524546,1.10802838783,0.961410242814,0.577830331177,-1.11256115428,1.80989043734,3.00644762113,1.24496642325,-3.14523836507,-0.581603946872,0.634534074427,0.184639024494,-0.0480776419643,1.47594628599,0.983837564032,-2.70572343949,-1.85260143445,0.197719909455,1.8641735817,-0.302792417232,1.59884427896,0.0163680388778,-1.183642083,-0.0493345783434,-1.48672815781,1.45485702658,1.75791488138,0.631435322268,1.93287584914,-4.25183519587,0.488683453868,-0.302949382935,0.184861809602,1.7035234147,-3.2952196725,-1.25064263018,-1.74781923673,-0.58876830105,-0.418793646807,0.217055064463,-0.554365042766,-0.152100283861,1.22496924586,-1.13605830845,-0.388577864183,0.334871437655,0.244849737441,-1.05234222647,-0.334729337001
193,-0.472382459857,0.375107044726,0.470285700217,0.559178964437,0.697733734676,0.310311057451,0.632942728703,0.262710281057,0.850576976505,0.670850909346,0.31288629268,0.228373978924,0.420783908391,0.480717366607,-0.403293594581,-0.477136679064,-0.154457718999,0.161069642104,-0.0113028137689,-0.285842978392,-0.0429362012011,0.142084003062,-0.0947837316683,0.249181473396,0.261577690586,0.162390361231,-0.583484275244,0.254197535682,-0.191646666173,0.542778621884,-0.0994013986963,0.0622882472085,0.276487788266,-0.2178446267,0.507343925931,0.321890042558,-0.64862698992,-0.738620826937,1.03479532002,0.0469855440413,-1.65947648293,1.78639663563,1.44615423234,0.696286239773,0.192766784367,-0.181815376512,-0.0105500456098,-0.366199407244,-0.593731175511,-0.417202955989,0.19826141978,0.829120922898,-0.538654152525,0.00471934165607,-0.535631742433,-0.361548479042,-0.740605040931,-0.0668160569386,0.304696945714,-0.678208802444,0.575837908834,-0.474211857386,3.63029378031,-0.0489271385816,0.685470370778,1.05210310334,-2.27236240542,-3.93386779846,1.80509093143,0.590545843273,-0.373778959056,0.87669720605,1.97450264865,-1.84480519632,-1.04195009573,0.0338837683369,3.99020455026,-1.52921835698,2.92620387742,-2.19959835422,1.19747439581,0.0314457603873,2.31155594429,-2.35662773003,0.411768919214,-2.78073123664,-0.0367057015669,-3.14461715576,1.23085622295,0.221812240199,-1.19609716497,0.868290748867,-0.935777556146,-2.23934807739,-1.03454326553,-0.685875525807,1.8674561217,1.58759485966,-0.890445409774,-0.892697636997,-2.94491330975,-0.0556651153823,-0.656668352122,0.226295723812,1.02997625097,-3.22667790224,-1.45969943097,-1.16381191904,-0.115652886824,-0.416235615235,0.502396641971,-1.12444380564,0.313738425896,1.04608411968,-1.04289229301,-0.450790373169,0.438206223904,0.325006842858,-1.0655627855,-0.326608978081
194,-0.261146888246,0.48249182825,0.625670995936,0.643474288883,0.485194400831,0.686530450043,0.171786331577,0.408421254716,0.587639200369,0.641530341108,0.427599664082,0.420071767509,0.517133540361,0.32464948928,-0.504077054611,-0.341846129725,0.152810301426,-0.0338245670516,0.188057235975,-0.334929768029,0.174073530172,0.0959655595845,0.145202113425,-0.00228014077926,0.236680544366,-0.254825633197,-0.440325632966,-0.0424123338989,-0.0760209802161,0.47436630835,-0.239432870929,0.093958451073,0.156491139627,-0.451252335041,0.376761127107,0.286125279403,-0.448707540191,-0.591683401712,0.871419742158,-0.187983325479,-1.86581279045,1.76350969111,1.36779282097,0.714341853571,0.246629905422,-0.47830506116,-0.155330293574,-0.451204263578,-0.579434143484,-0.458358180878,0.260768369192,0.691498565314,-0.484694846938,0.098168314523,-0.633406519582,-0.409710163839,-0.692210932959,-0.0307875156129,0.197860711294,-0.71033689054,0.464076105677,-0.260409045902,-0.835014761728,0.858615798739,-1.86634241929,2.22337749401,-3.12190160774,4.44423673814,-5.71275137992,-1.39504045261,2.55091925028,2.70702998697,-0.247429481629,-0.62685338822,-0.392209454276,2.58723600516,1.49072339482,-1.52749849334,0.498166665045,1.29596538833,2.82612251393,-0.895688721974,2.05182393202,-2.23467436559,-0.801907151154,-5.04186028492,2.68874246182,-2.53578432969,0.881607421622,-1.53059759624,-1.46478653623,-0.266472355496,-1.32721374891,-2.21791553749,-1.44893188884,-0.0943422653171,2.07928176174,1.36665920496,-2.29816568311,-3.72631168403,-1.15050083331,-0.373701945694,-0.889852420495,0.113468896785,0.000953319624707,-2.62286890592,-1.38818077032,-0.536086971901,0.403266213208,-0.404415349674,0.736494853932,-1.60988538939,0.75872293119,0.816024006946,-0.906001291722,-0.511923075875,0.527022684621,0.393487452187,-1.06960182457,-0.315446300603
195,-0.404055436642,0.292051007037,0.417167649793,0.52078791297,0.613997572801,0.390161468176,0.463307527643,0.557193238602,0.171907678255,0.388666951978,0.704746420294,0.688058206408,0.435726091946,0.386249507846,-0.402445992488,-0.0396542400179,0.111200304144,-0.0588790443549,0.0676144302643,-0.0964641496766,0.414877962409,-0.00233839067589,0.250941546308,-0.131714225735,0.144645071395,-0.712807145378,-0.12023269543,-0.224816557079,-0.0390322214631,0.26370722031,-0.362420801333,0.0109513191404,0.0418502400537,-0.620680565619,0.244241950831,0.286982337215,-0.245137593338,-0.458636239066,0.601139804245,-0.667191345292,-1.89347600657,1.7149949388,1.27227545469,0.716132661985,0.187152612332,-0.693180352439,-0.279104326804,-0.47464569364,-0.513945317528,-0.497393996405,0.342847632079,0.511470161055,-0.388863838683,0.166898688729,-0.715670611275,-0.463757593598,-0.635773229811,0.0114435693546,0.0910930326175,-0.741197231531,-0.11394575964,-0.199076439808,-3.1891398921,-2.6951952536,2.09184890352,-5.14724973959,6.99344584042,-2.30216032415,-1.11101409376,-3.07606585212,2.07232863855,2.17388913091,-0.683959288208,1.4659122789,2.45373501287,2.87481332799,-1.94574740411,0.918640748258,-2.51963026623,2.80149389262,1.37301147703,-0.829709108498,-0.0873334112482,-0.18725130342,-0.760899862534,-3.42617949297,3.25418608351,-1.08309456222,-0.166255627464,-2.48516068314,-0.854001547977,-1.34302555625,-0.813803505982,-0.99830815405,-1.08074902775,0.0267453089316,1.92670676637,1.33877025522,-2.93695198981,-5.63735953748,0.53060733211,-0.591448249007,-1.00088532874,-0.0836221466319,-1.20039011932,-1.62526707979,-1.04599668665,0.0553941950151,0.896319252535,-0.371824129644,0.889483470221,-1.96589489621,1.14525255624,0.555215125659,-0.734316072333,-0.567784507611,0.598670544489,0.448841456152,-1.06415062732,-0.301259303335
196,-0.204612238803,0.282818263725,0.252312549947,0.304280498681,0.380689612782,0.418701483488,0.767613934483,0.293382349546,0.293462520686,0.231218631554,0.697516017239,0.777839049214,0.495722859514,0.488558592752,-0.0893867227537,0.134894924025,-0.0998464561587,0.0497796224981,-0.182983807356,0.0881761203604,0.362646477606,-0.030699510473,0.137269457587,-0.0438615318762,0.132262895274,-0.834338780166,0.128105256756,-0.269606273069,-0.0968435855528,0.0223442260703,-0.389359689573,-0.157566706054,0.0178783716805,-0.62906108685,0.177442181218,0.276767190839,-0.075033913465,-0.31519775326,0.322061971952,-1.26274081501,-1.78033648568,1.64435208431,1.17117296779,0.698263810001,0.00869442422101,-0.797362995371,-0.357569102823,-0.443418498439,-0.403283399264,-0.531636742108,0.43523230666,0.303776379453,-0.258677944422,0.208886739319,-0.779457528981,-0.522945921808,-0.573123132786,0.0585051443536,-0.0146469224869,-0.770489431744,1.98104595516,-2.97000553162,0.802685033966,-1.57138537606,-5.89858345451,5.68603598585,-3.02855568023,-0.753268818686,2.14541384885,0.738099222056,-2.33336263538,-0.570975214295,1.99237704498,0.0140758232858,3.14892160468,0.372740205066,-1.56360203278,0.617038188399,-1.80496774766,0.424462027685,-2.5064264284,0.342178799567,-1.96483344754,1.75916813071,0.645978721057,1.25591732757,1.42949366873,0.0843041910683,-0.861170528564,-2.11810437739,0.367366933229,-1.91438736639,0.407700226096,0.862072908412,-0.219037727122,-0.284687675455,1.43060076204,1.56437581678,-2.45066939137,-5.98470442739,1.60196375124,-0.83280560413,-1.00580460506,-0.261289175501,-2.33740166352,-0.448778841986,-0.496251857527,0.548893394379,1.29643005282,-0.306728116596,0.939827170259,-2.15866617923,1.44103773682,0.284629500382,-0.538288453176,-0.61401388731,0.650945132919,0.489936723498,-1.0490281855,-0.284093347177
197,-0.0322013695877,0.0463318638374,0.171117448027,0.145953052697,0.145058162738,0.684402998627,0.259822469657,0.439831141475,0.450811330843,0.489701750799,0.376970803392,0.591862676925,0.722057784793,0.366861564778,0.102811989528,0.0531205648475,-0.127684874913,-0.0101487160491,-0.221001722979,-0.0158102243445,-0.018201993071,0.0482283235811,-0.0782696671377,0.164862445835,0.265860653759,-0.479715988268,0.150371378318,-0.228987980681,-0.180560459495,-0.123932586212,-0.291832715763,-0.346736854913,0.125334225661,-0.45933368341,0.196602938199,0.224955824113,0.0361946473586,-0.143005277775,0.145653839008,-1.80710345137,-1.60115175114,1.54566945012,1.07355049739,0.668040728881,-0.270194799588,-0.785132688768,-0.374770598602,-0.369418646712,-0.259564877501,-0.557344403432,0.527005335579,0.0858462203694,-0.104498635947,0.224163676457,-0.822891448727,-0.586096809403,-0.506286210126,0.108929114455,-0.118388537274,-0.79791901465,1.92240453882,0.364514659035,-3.97489390758,-1.54928323828,3.13147705573,-4.14482117327,-3.39100676741,2.0756105448,1.23067429579,3.22545584631,-2.86605598269,-2.77419070444,1.48147150625,-2.0689893251,0.305555306893,-1.64238271685,0.916159032296,-1.7639530441,0.966563240185,-2.07137286982,-4.40502248675,0.996277953226,-1.99146680459,2.10785278947,1.80549847917,5.40437247898,-0.844779289857,0.644289157082,-0.664469458576,-0.695162512085,1.50058768865,-1.74119613942,1.68387838966,2.39455456655,0.53003243122,-0.747182811083,0.793277996095,1.86705153125,-0.93982317712,-4.64022647302,1.84295059435,-1.15371889397,-0.937952473318,-0.315123944372,-3.17220951593,0.662519420585,0.160527845883,0.906680058758,1.55004254222,-0.199939714331,0.876308686902,-2.16869012438,1.62188221347,0.0241307627767,-0.329155233666,-0.646347283988,0.682177948319,0.515988837694,-1.02418735105,-0.264021431403
198,0.000868155451915,-0.0698768523956,-0.118388595022,0.0850145800522,0.437767335204,-0.0597225323734,0.280389032051,0.480792367743,0.607174503851,0.643617977088,0.302329028052,0.328800438028,0.608663383539,0.190162556608,-0.0305119799496,-0.108162738093,-0.00754622716925,-0.215347051704,-0.0760567902726,-0.19163133186,-0.35629834814,0.110357137288,-0.199884711019,0.32583034457,0.42356486149,0.113746264284,0.0195133773084,-0.150536143086,-0.208174645917,-0.111835515454,-0.117165367482,-0.483288015965,0.330980847232,-0.19007654624,0.261167152523,0.133441251781,0.0880085039056,0.0496857233528,0.150928862264,-2.1480480498,-1.43586693948,1.412181112,0.984603753121,0.641791351471,-0.609405866181,-0.674549256357,-0.325749636395,-0.267054843408,-0.0992985645913,-0.570086456815,0.606689311894,-0.123745137242,0.0613857247505,0.214629844399,-0.845228517491,-0.651621609607,-0.437424766098,0.161187252112,-0.219163336324,-0.823200183978,-0.662423024293,-3.08773420743,0.250014378334,0.678021672157,-1.95539756791,-5.31452995563,1.65745001367,-1.00209482076,1.65346981632,-0.529647063367,1.46750888953,-1.97843711641,-4.05943494067,-0.999896089143,-2.62784827745,-1.25951632513,0.87603089342,-1.70723781,1.34577200491,-0.775746968283,-1.66969664775,-0.00347103142113,-0.226475610974,0.935466419773,0.942050004825,5.69156833694,-1.37992323258,0.904619770881,0.164626131128,0.87218321771,1.81184069605,-0.902774865646,2.2615648007,2.75115938073,0.625511322952,-1.03229547004,0.284331892167,1.91459615285,1.06825542723,-2.0271620765,1.36962010413,-1.51481026247,-0.839235202411,-0.174439988733,-3.52003007114,1.48533610558,0.809058564097,1.1160236341,1.62373090037,-0.0472237465546,0.699016012969,-1.99276781524,1.67370854196,-0.208981985752,-0.118198107582,-0.660886646499,0.69131444433,0.526582352705,-0.989718493101,-0.241144119786
199,0.129499321066,-0.0245285021074,0.0508476984135,0.0827817352297,-0.241211908858,0.0546616343174,0.229484223529,0.40239237681,0.633672511295,0.498511167015,0.524056224166,0.236909614436,0.0371995411921,0.174746943574,-0.315061159764,-0.185354560848,-0.0357853434082,-0.259869517156,-0.0310615840219,-0.106147107675,-0.296245499408,0.0287781406657,-0.106831602015,0.337444435602,0.387674470539,0.523944518255,-0.0549493019234,-0.0510214192837,-0.149241884557,0.023080468557,0.032641217674,-0.517376594919,0.53958941518,0.0431011351692,0.295094311628,0.0302381028968,0.103538189099,0.220832190975,0.350837513031,-2.1973588986,-1.33833087908,1.24514432478,0.905535859618,0.640069519391,-0.954896149406,-0.503041420726,-0.216791256794,-0.15087261264,0.0588338051564,-0.565328663478,0.663382939434,-0.306946539134,0.225834739935,0.183737939357,-0.846826102691,-0.717570882917,-0.368773248271,0.213728772324,-0.316018811551,-0.846058561572,1.58332164546,3.20799488744,1.76781059319,-2.58044318666,-6.56423701683,4.54871700274,-2.22185543301,-0.281397070102,-1.69237685976,-1.3913471409,1.83904046773,-0.0590702179318,-5.95225516552,0.314802888877,-2.47363088324,-0.470741273198,-1.50582589523,0.912823396724,-0.491432082534,2.33906180247,2.65604863333,-1.53347004158,2.02988568883,-0.678753986167,-1.83696065688,2.06481128371,0.1246655629,1.05762375956,0.952227538583,1.63854114769,1.01096130373,0.228584259991,1.71849821502,1.70184379218,-0.0588819419883,-0.97433628756,0.0825746353729,1.39696419144,2.82491601274,1.0377698786,0.566714350942,-1.80218799098,-0.744761706017,0.171337276468,-3.2927315339,1.86212205627,1.34365034222,1.18613662736,1.50778973426,0.149067019424,0.41928877582,-1.64453760344,1.59365213024,-0.401121675362,0.0839493412287,-0.654354586178,0.677974809198,0.52168274886,-0.945850541091,-0.215589109025
200,-0.112892688716,0.0284180743102,0.000428358271861,-0.313468692335,-0.180833517489,0.103199351919,0.138902237879,0.324501329694,0.326405806972,0.447325757444,0.52110642919,0.225286347204,-0.291563256413,0.160068596277,-0.435542445596,-0.258162214589,-0.249846435739,-0.0954953446747,-0.111872914532,0.164841803232,0.0498372155593,-0.147894522919,0.16725932552,0.20880103014,0.0672777167687,0.505594302152,0.0523929654099,0.0490594532333,-0.0368932287455,0.176519313052,0.0605657465636,-0.444561304677,0.642303188011,0.12134004172,0.235957152748,-0.0526953121235,0.114296491723,0.306506439862,0.684679409417,-1.95629333058,-1.31715412346,1.05861089209,0.835056364667,0.680970927979,-1.24968168601,-0.31915683306,-0.0633784063559,-0.0336317310926,0.196393243916,-0.53913113989,0.687841584263,-0.447876584046,0.375989610472,0.136080331565,-0.829046974817,-0.781708005018,-0.302568585069,0.265018613229,-0.408032219097,-0.866233864146,-4.38247253533,-0.987976842879,-4.00141716593,-2.00242338696,5.95431765871,-3.86435934749,0.829397611832,-1.82090091945,-3.47192476657,-0.0500411140029,-1.97912118891,-0.624098929927,0.249129076659,-0.865028598261,0.278954415249,-1.19223991538,-2.26020805867,1.78585652813,-0.605151059327,2.30594266174,3.41037400742,-1.68748735535,3.13848836218,-1.75511078801,-4.27692988368,-2.18352765438,1.86008332097,0.851929269916,1.18093297389,1.25279091629,-0.505733391219,1.15423971266,0.222850913696,-0.1978388266,-1.13571496835,-0.660568318994,0.167045692738,0.213037946537,3.65644530677,3.63619917468,-0.0784397759507,-1.88533418892,-0.667059516885,0.662402985224,-2.5211911992,1.73152038055,1.68894022372,1.14242096813,1.21656829887,0.379392380642,0.0586675513135,-1.15346109432,1.39013589253,-0.543173612589,0.267903340862,-0.624318941067,0.642494015226,0.501638511421,-0.892949354897,-0.187510438295
