order,R0,R1,R2,R3,R4,R5,R6,R7,R8,R9,R10,R11,R12,R13,R14,R15,R16,R17,R18,R19,R20,R21,R22,R23,R24,R25,R26,R27,R28,R29,R30,R31,R32,R33,R34,R35,R36,R37,R38,R39,R40,R41,R42,R43,R44,R45,R46,R47,R48,R49,R50,R51,R52,R53,R54,R55,R56,R57,R58,R59,V0,V1,V2,V3,V4,V5,V6,V7,V8,V9,V10,V11,V12,V13,V14,V15,V16,V17,V18,V19,V20,V21,V22,V23,V24,V25,V26,V27,V28,V29,V30,V31,V32,V33,V34,V35,V36,V37,V38,V39,V40,V41,V42,V43,V44,V45,V46,V47,V48,V49,V50,V51,V52,V53,V54,V55,V56,V57,V58,V59
0,0.179328601839,-0.217368942048,-0.478848620901,-0.46005196107,-0.580685337249,-0.398036036049,-0.0341663633071,-0.239073411201,0.47066034639,0.405226102103,0.51905986237,0.397097548681,0.156289554699,0.0593459517688,-0.334193707713,-0.157670689646,-0.0462031610115,0.305474407113,0.5545887856,0.740769648732,-0.484692315727,-0.0866901083432,0.446174658774,0.353954309634,0.580009269501,-0.594262642461,-0.499592848599,0.419350061792,-0.0633899217595,0.582505286501,0.222950887933,-0.0869360064453,0.258441633079,-0.271343341191,-0.129402574525,-0.202523439773,0.340107127348,0.624223059468,-1.23675143124,1.07264155411,0.636443135245,-0.422575786204,-0.634336961222,-0.474513331343,0.164543954162,-0.656066871172,0.484847878027,1.36007482007,-0.393120209262,0.196026641572,-0.4700627221,-0.676027009717,0.135912388903,0.866589823834,1.19692001606,0.151495380577,0.0531603013245,-1.05229443348,-0.255448068403,-2.16511216065,-0.364500834974,-4.24229148508,-1.31029088999,2.51846939062,3.44237362639,0.411064382793,-0.765643675294,-1.84679184793,-2.68330883418,-0.407472260904,-2.23579991788,3.85763278161,-0.000603059455114,0.267828783876,1.81508304569,-4.11095489677,-0.918122666597,3.80963381526,0.622220296437,-0.130297410776,1.86647306869,0.316030753966,2.96417287685,-1.46724758677,-2.14806442822,-1.84018650522,1.37070899124,-3.15188184984,0.153090158265,-0.283975467267,1.40296606585,2.48782560069,0.999403484011,-0.360439243941,-0.980843506784,0.302458752558,0.308524560401,0.553579629748,0.412466248555,-3.16877842575,1.77501137623,-0.0961511048204,-0.716444537875,-0.441534682266,0.799798757086,-1.97727617482,0.63986704112,0.592166354821,1.23111721562,0.754953793502,1.02742952229,-1.55765849363,0.942304927212,0.134206369149,-0.78845024091,0.0205525132585,0.345588584653,0.124262274295,-0.254072492807,-0.798716269939
1,0.426389324892,-0.41563847003,-0.374137426621,-0.336104216412,-0.144485036459,-0.23801299629,-0.366171889572,-0.0321260214224,-0.0786945734818,0.343772351298,0.3053127823,0.615047074432,0.262305443248,0.179177970228,-0.102304137333,-0.491350465616,-0.0690895334546,0.590200069009,0.612163584547,0.624981045382,-0.298432644783,-0.206079928101,0.62041724939,0.278332784227,0.35596648613,-0.726297661174,-0.371107891592,0.076917854317,-0.0594251606287,0.405183531893,0.246862005836,0.16056676794,0.329665341107,-0.271812320846,-0.193828968196,-0.180833785606,0.379135239444,0.695026763296,-1.14651161048,0.755880149815,0.815268540712,-0.454690402865,-0.689626026166,-0.514552475736,0.226139524069,-0.81878626326,0.576939410089,1.37395685017,-0.281731355288,0.26379775358,-0.367907632779,-0.816139409928,0.226253847926,0.875154756529,1.10863944575,0.159983829519,0.0916928395188,-1.03459464031,-0.279995418047,-2.24209775985,4.70385027327,2.31408707282,1.3764084503,1.2227076557,3.27721017439,2.31393615565,-3.21479200651,3.01383457993,-5.7152247338,-2.06934076152,-1.07114397079,-0.347430205886,2.31740851894,1.67040945313,1.75206429357,-1.60044640406,0.429105969273,1.38941335363,0.591453760776,-2.09942926294,1.58559491957,-2.5214252295,0.329962948007,0.0234220418877,-2.05357649407,-0.475857653782,1.16794531729,-3.44507488416,-0.155080192308,-3.13368505713,-0.786694770757,2.27820545115,0.298580385055,0.347584662221,-0.26680001443,0.0940371042824,0.464464369785,0.822324625628,1.4022419613,-3.03742840631,1.69196542317,-0.572975243168,-0.383933668256,-0.363868863618,0.405402292623,-1.24618710469,1.2020886306,-0.317346372529,0.984225726871,0.593504744514,0.993678496541,-1.22271134426,0.85187445571,0.0372019123174,-0.972200889557,0.147541029642,0.423878753744,0.228745308454,-0.236198719038,-0.740603410075
2,0.392875399794,-0.361251425519,-0.239960138773,-0.105280927844,-0.0876161248914,-0.103925114726,-0.242787527494,-0.134185204451,-0.278887002957,-0.0763796807113,0.292741120466,0.371251725425,0.536201555958,0.33574101599,-0.121720941416,-0.376001136062,0.020266877521,0.551843853623,0.644996169692,0.370303609535,-0.214868617503,-0.509298599479,0.53429554717,0.340605263603,0.217364413861,-0.648121314651,-0.261397908132,-0.221471847599,-0.0963361803765,0.00992532419711,0.114414807334,0.33199162025,0.298275416403,-0.205937312288,-0.181363776459,-0.188190152695,0.431882557842,0.778137161228,-0.959274847805,0.487333296181,0.955272517226,-0.540049274153,-0.711626877906,-0.547427226073,0.242022143504,-0.901707097874,0.722753927564,1.29818734697,-0.197807567321,0.313416138301,-0.275359433165,-0.916622514506,0.303969032052,0.87402430669,1.00356112587,0.180593191779,0.137686173916,-1.00677056807,-0.302549231906,-2.31315741341,-5.48702202739,-0.953369225692,1.33603910215,2.30243303536,-1.21252878523,0.0895887788637,5.18137501646,-4.71632709254,1.46937385176,-5.2003657443,-0.274614534928,-3.40014136051,2.25401488216,1.46117444802,-2.15338321647,3.73195086629,1.26274815811,-1.9676713045,-0.240054710397,-2.62447079059,-0.060578566018,-3.00404850136,-1.69623972692,1.01063350187,-0.568262270233,2.08831084249,1.09962926702,-2.32009804395,-0.520790222288,-4.39444839118,-1.55337446652,0.996129021854,-0.983340611712,0.937088137468,0.488753101831,-0.246897888901,0.586426096404,0.777434192932,2.30234344184,-2.24719649291,1.02841724055,-1.13382132305,-0.0666976672384,-0.29016839765,-0.0963424787128,-0.4076974498,1.689100317,-1.17961327754,0.691361041135,0.392885555342,0.839368307867,-0.769747616321,0.692097602644,-0.060009763067,-1.12354855586,0.262238324141,0.49467359722,0.326476817538,-0.214169205615,-0.6802279206
3,-0.00359967514541,0.0279736310772,-0.131884087075,-0.111207586928,-0.140505737782,-0.086794901728,0.113654084858,-0.431301557689,-0.16805388827,-0.36556461327,0.0440399842775,0.148209268826,0.560365928513,0.494666509669,-0.4044837809,0.0919466268191,0.170756184902,0.28053947327,0.502780204011,0.174131426562,-0.31102333434,-0.709637953163,0.369685662575,0.4327194576,0.243650616725,-0.333603787428,-0.131342997055,-0.360905490824,-0.14075053678,-0.392281491136,-0.00373431986672,0.342872434415,0.133422133987,-0.0918794025827,-0.10762662453,-0.228140819503,0.495545371091,0.837297993566,-0.698687427427,0.317448398479,1.01011174594,-0.678037487429,-0.7065828569,-0.571107393481,0.207109658511,-0.90209046213,0.907437735847,1.14364678957,-0.143131201719,0.341352976639,-0.203053829407,-0.967261062418,0.36291474592,0.863072590378,0.885161667736,0.211886357014,0.190352299743,-0.969576022308,-0.322685247925,-2.3780742624,-2.01866890658,6.24209335959,2.3165554222,-2.16806507762,0.505930755601,1.00790140187,-0.571951803781,1.25825142225,-0.932109579751,0.271187309119,-4.7500613311,-0.745152269894,-1.95046801889,1.70582908864,-2.50290047816,4.45396961418,1.67811955484,-2.93903740133,-2.77042211954,-1.02759307758,-1.71303001483,-0.6836927242,-1.19039588366,0.632665795977,0.947828470767,3.92434500417,1.60027394523,-0.42287185316,-0.22587637796,-3.26948831671,-0.565686682292,-0.774171628754,-2.24799641461,1.30651936638,0.903157505478,-0.527952022018,0.680310718917,0.340863489274,2.82643752826,-1.12878751524,0.0426029568375,-1.59204558455,0.143020075353,-0.17262514249,-0.591179382084,0.378499401803,1.95762843243,-1.87442229301,0.408010646616,0.161801597344,0.594769336863,-0.232230976016,0.479708772777,-0.15964102021,-1.23798115973,0.360606697073,0.557211042228,0.415910977729,-0.187821261263,-0.617780247841
4,-0.263880525624,0.166900472349,0.206841802989,-0.105681452768,-0.0747358256691,0.00590507170578,-0.233584163653,-0.0164652458095,-0.366444990999,-0.192437669874,-0.411984763274,0.0969728374709,0.254644285125,0.60659095147,-0.467108676319,0.324246508224,0.323664557112,0.0485544935023,0.117463908785,0.17670937362,-0.504048532792,-0.636085022918,0.340879961188,0.448975155052,0.354014654814,0.0649846790385,0.0695665761954,-0.314859174735,-0.116456976757,-0.588888684633,0.0276436974614,0.19788746725,-0.12659762462,0.0487243345332,-0.0201340735651,-0.287312638536,0.565615019568,0.835095304563,-0.413037596859,0.259364397591,0.964579493151,-0.848667345278,-0.688760279801,-0.579363922109,0.127623771102,-0.832494346016,1.10331944517,0.932024105428,-0.114335291566,0.345235699087,-0.15810005841,-0.961648782547,0.398862438248,0.841928893783,0.757300999693,0.252061365744,0.248828963559,-0.923910830865,-0.339966375751,-2.43665119937,-1.59028020856,-0.849316126775,1.47318127175,4.16940041486,0.646421994692,-0.493724985851,-3.29584658928,3.8470470722,-0.946544957841,1.34367901128,-2.61836383191,-1.31438934525,-3.23172604899,-0.0820612123461,1.5167568615,-0.21778363614,1.09594241575,-1.47081746898,-4.48073078366,0.904417079037,-1.81065626703,1.93210735862,0.610769660591,-0.279061991294,0.928251312465,3.67202736156,2.40288801755,1.21816514598,0.792482505059,-0.529695048965,1.19347699161,-1.93019834784,-2.78295857109,1.47776568101,0.743876110198,-0.619588521323,0.702511382282,-0.427268156075,2.78509561043,-0.0740082824003,-0.920935024391,-1.75886069255,0.182601149063,0.021460302818,-0.972003305144,0.971735148464,1.89933934343,-2.30906489426,0.180190636412,-0.0853322293172,0.299501697275,0.34773173387,0.235947662801,-0.264281828897,-1.31237937321,0.439408711746,0.610765873709,0.49567698679,-0.157062172431,-0.553464941574
5,-0.112674546628,0.224563801519,0.16886646214,0.370195088353,0.0917706283624,-0.210108904829,-0.17846841832,-0.0727191389111,-0.147853738198,-0.269640934884,-0.337800566824,-0.187799140234,0.0297777299649,0.379115542643,-0.162375447139,0.104559042416,0.321230518047,-0.0162858350164,-0.262277112888,0.286521210229,-0.609754826401,-0.403706136513,0.451228579596,0.398950176652,0.369824715603,0.341661553605,0.328477315471,-0.153274183497,0.0188895262378,-0.504892603172,0.209317795589,0.00764587166766,-0.385808277457,0.199008073796,0.0220088440326,-0.345583775858,0.630629791873,0.747348761735,-0.161197071097,0.289814397398,0.837085336968,-1.01593389481,-0.675970756182,-0.564198164107,0.0190510062857,-0.717314888988,1.27469333786,0.692191497482,-0.104249474906,0.324397747668,-0.143353360075,-0.897857317539,0.409846836005,0.809969278612,0.624073488542,0.2990373345,0.312182765979,-0.870802240629,-0.353950020782,-2.48871226569,2.3689733668,-1.03728789347,1.1665791578,1.75927192737,2.71146811079,-1.90443020403,3.33970880038,-4.08221734319,4.15010631043,-2.03435742418,3.25853534146,-3.72344040492,-1.36334258104,-4.5650748778,3.89015028344,-3.35754113669,-1.43459471589,-0.0495130347737,-2.42561619172,0.88121973999,-0.0647204302435,2.24185706994,1.26452640926,-0.580638317376,-0.809669627661,1.69487964564,2.58705515548,1.8045452606,1.83681791044,2.01856026905,2.20665039204,-1.59499820543,-2.22015070644,1.50709539473,0.0183527587252,-0.521116807292,0.562127701161,-1.32744778849,2.16444956458,0.601917000061,-1.55449377436,-1.51345739806,0.0473087442311,0.29275634655,-1.16421223055,1.28010394636,1.46510802556,-2.4347304127,0.0369756539736,-0.329016608187,-0.0017578375041,0.923411320481,-0.0155343630517,-0.376303868023,-1.34519936082,0.496318457307,0.654639224186,0.564600633032,-0.121875504306,-0.487500364884
6,-0.0116426926272,0.0349464861345,0.304306202717,0.217249695076,0.23029423413,0.0179129589306,-0.0132544001112,-0.310767349722,0.0212114789522,-0.282111170597,-0.082685312718,-0.415588915309,-0.140226746816,-0.216367286859,0.181172331619,-0.167285333994,0.0283554854696,-0.0231539029897,-0.280476122198,0.29173978535,-0.497867528736,-0.261401740433,0.529509474474,0.350823541622,0.185803843364,0.402816901859,0.539290902877,0.00691677025852,0.220534252334,-0.245571368045,0.41310225846,-0.0716054345617,-0.542500709828,0.345814174366,-0.027584417323,-0.388996140316,0.669584046985,0.574531733907,0.00623972313644,0.362228224737,0.670514071847,-1.13737228906,-0.683062471715,-0.51943575839,-0.0979960568898,-0.586869973769,1.38449721246,0.455316650461,-0.103821800299,0.280304977667,-0.157152437194,-0.778676245228,0.396292186225,0.766369145491,0.489643865369,0.350549415562,0.379411575387,-0.811384296679,-0.364195968799,-2.53410401036,0.519437466707,0.894979829909,-2.23423371022,-2.22667087464,-0.808721665546,6.08138050304,-0.851396238787,1.16642644334,-2.01876342765,2.63131666433,0.606344296355,0.0298794517298,-2.70149636869,-6.48118307696,2.60204379263,-1.4153127284,-4.1322497778,-0.374244812235,2.09450877843,-0.886901054185,2.23484499116,0.434625968562,0.0747115988434,-0.381592640797,-2.7251806088,-0.328147266307,1.37864346399,1.24332406396,1.98962682336,2.80308363033,1.59195119883,0.188204715334,-0.832955033708,1.40481030628,-1.03609663559,-0.347720203358,0.170662387106,-2.08054905773,1.13997649809,0.759293620074,-1.68949937974,-0.85288478716,-0.198968016227,0.60434351798,-1.14146927243,1.27896752688,0.677947264151,-2.25495238386,-0.0133782308292,-0.546506007902,-0.264203631199,1.44794117018,-0.250990893287,-0.497249448602,-1.33659121726,0.529990264253,0.68815545379,0.621723043022,-0.0823259903544,-0.420118209121
7,-0.0979380974272,0.0841136239907,-0.0731738858393,0.0506644604552,0.137886320184,0.418512011194,-0.0253416005141,0.00784201851434,-0.308897459583,0.0603756132811,-0.184085169536,-0.234162791125,-0.525386375982,-0.74374354595,0.356581725569,-0.144276652705,-0.386844165735,-0.116056537121,0.0697240772654,0.134712689775,-0.206745187462,-0.299542479898,0.453630422141,0.302914305449,-0.118906790072,0.322578334989,0.565010574186,0.0779780630006,0.373427961305,-0.0133105112167,0.486713310085,0.0585792351425,-0.551761575419,0.474528962995,-0.183704009039,-0.417738384126,0.655850148543,0.344868754217,0.0635397026278,0.426323576051,0.515404187344,-1.17674526078,-0.715506499025,-0.44417578592,-0.202847689139,-0.470371852237,1.40158555129,0.249603087344,-0.10421885437,0.216742904135,-0.193560329966,-0.611400086055,0.360905342124,0.710214588092,0.358075158886,0.404248356789,0.449447027291,-0.746875496762,-0.370274684086,-2.57269679007,-2.10902921991,-2.86842013841,-1.48182958658,-2.05564835204,0.343827331711,-0.779812917357,2.61879684363,2.96196533254,-1.86805720452,2.11893981641,-1.37848379611,2.32142118094,-4.37208899485,-3.4619434567,1.17149937623,1.58191638297,-3.41028800875,-1.39832135734,4.09470555749,-1.93437467105,3.24974344609,-0.883209900497,-1.49590758079,-0.745306744936,-3.01054848893,-1.01334228411,-0.964264776736,0.168713100609,0.874730801992,1.568494117,-0.216426712251,2.35607081471,0.571517835251,1.14080737542,-2.04532720222,-0.25033999307,-0.483520057506,-2.42899845173,0.0185676962501,0.461521686643,-1.34364259876,0.0973904784916,-0.436770148496,0.890228836376,-0.928229952576,1.01428518271,-0.368263044509,-1.82447403012,0.0169150009778,-0.714706342791,-0.4479506826,1.87881569829,-0.448887578662,-0.627278996871,-1.28843817678,0.540081629155,0.710667038031,0.666316390078,-0.0385628953439,-0.35156280472
8,0.0348208447982,-0.0411591220372,-0.0326879140298,-0.0594125899869,0.141933780597,0.0376257686532,0.378130685076,0.106249802306,-0.0735787523531,-0.0669772505942,-0.174934293943,-0.206778511408,-0.83217353533,-0.875168832189,0.469875050048,0.0518871113392,-0.524635320271,-0.248986316688,0.357701724126,-0.0235700648313,0.0775102365037,-0.354488570683,0.26696787251,0.169708560497,-0.350984258732,0.241279897629,0.353574384875,0.0533809231825,0.370819433082,0.0391667258626,0.377430745104,0.363680315217,-0.456642820824,0.56893658628,-0.422488389495,-0.444632296171,0.567998034888,0.106920975302,0.017854669586,0.446577383951,0.411814472231,-1.11554036589,-0.765435535149,-0.344751839874,-0.279422709311,-0.389361159618,1.3071534174,0.095622949692,-0.0986843763654,0.139677027792,-0.243093132113,-0.407183839771,0.308348314529,0.640663119699,0.233157143849,0.457800012407,0.521157916791,-0.678555036515,-0.371775863629,-2.60438598992,4.61571552202,1.74904151752,0.375311229028,1.1131866179,-2.03517961353,-3.42480732382,2.52927573952,0.104857221897,5.56190706183,-3.72674724092,1.34867063552,-2.28587343336,-1.04869973992,0.617501014367,1.21120233565,1.89985703977,1.0039873024,-0.887917401712,0.917783173415,-0.956620958147,2.09560407437,0.191295577496,-2.04014337527,-2.01184267655,-1.40374145388,-0.508820288072,-3.08840796973,-0.539489404627,-0.957326293393,-0.517176556543,-1.80069866369,3.46771649962,1.14120484737,0.730165533582,-2.63428656913,-0.315428994085,-1.27958648312,-2.23801324002,-0.868978781062,-0.0730566683738,-0.699932180203,1.11733836916,-0.526013443958,1.07584492378,-0.58907479804,0.59027794254,-1.52424011099,-1.23872186058,0.0995514466778,-0.813730281942,-0.522648600093,2.18194771356,-0.591968557884,-0.764747051357,-1.20430571101,0.52722933755,0.721567498867,0.697896330701,0.00917823908527,-0.282090222378
9,0.16584162188,-0.137641021946,0.0206919394859,0.0780527832444,-0.154330491893,0.0410471297337,0.168008922805,0.266176221119,0.347902606825,-0.268388289948,-0.138914217099,-0.570047159386,-0.725312555267,-0.698457492252,0.574430588824,0.203368454131,-0.201621985981,-0.232209045577,0.196395209118,-0.044503643255,0.170999086207,-0.213555806965,0.0684557265128,-0.0924475941324,-0.386464924204,0.216345620243,0.00450003801639,-0.00126042800916,0.197122037832,-0.0888840199772,0.178671201902,0.687584176973,-0.363400415117,0.62012183083,-0.688234818942,-0.48499181778,0.403436529096,-0.0860505149579,-0.0942858964551,0.412992652885,0.376289567191,-0.959251848509,-0.811880280188,-0.234297572049,-0.319285378549,-0.353045241491,1.09901379374,0.00309608663358,-0.0837962476915,0.056748913269,-0.293865640727,-0.180032279682,0.244724971758,0.5571378712,0.118244632947,0.508980173757,0.593355265601,-0.607737984821,-0.36831708218,-2.62909314377,-2.40638548702,-2.81720182932,0.18543072253,-0.409673202238,-1.26447234954,1.87276922944,-5.24150036809,2.77914309457,1.12231145014,1.32945026028,-1.7060419734,-3.66298808845,2.59494513793,2.49058621443,0.586761964147,1.26313360916,4.9843233702,1.35998264861,-3.87003644155,0.363994678841,-0.248877364213,2.63208308905,-1.93246570749,-3.06016052519,0.593896553548,-0.122701886534,-3.53965456019,-0.415303171545,-2.34147396676,-1.7954201894,-1.86448733585,2.68796597278,0.54212393658,0.30995698082,-2.56120489478,-0.501324527031,-1.96867411791,-1.55225223837,-1.28334169626,-0.571214758122,-0.029536406831,1.95980908702,-0.352759694905,1.10411468403,-0.208453280384,0.144445341753,-2.61206512738,-0.615871055741,0.197568932565,-0.830516776158,-0.471121685019,2.33487334161,-0.668875923602,-0.90596525766,-1.08929520974,0.492980176204,0.720311823552,0.716230924071,0.0605755314457,-0.211967163028
10,0.0253782558983,0.011983130632,-0.163212127897,-0.160719826242,0.048177864899,0.0133643448512,-0.104990172034,0.33116788983,0.190457890459,0.106839528153,-0.47404336012,-0.731398949868,-0.469263782439,-0.446067303167,0.537468524378,0.355508304342,0.338407953353,0.00120505561314,-0.266559738779,-0.0151308579797,0.0654114564041,0.125394095555,-0.139792415763,-0.389855053897,-0.275975094096,0.180623468029,-0.286489094482,-0.0104927349716,-0.0491352001201,-0.261683251152,0.0613968613948,0.850337342248,-0.373456731758,0.638314189941,-0.911835513292,-0.543662946749,0.187851039701,-0.193917501582,-0.220543436157,0.340953262149,0.398109640039,-0.736162045028,-0.825650337606,-0.129791132866,-0.322443895143,-0.356534697538,0.792842436193,-0.030304276504,-0.0598915031047,-0.0235644422418,-0.333032939102,0.0544746430806,0.176935058914,0.459534367264,0.0161151427844,0.555760350155,0.664799760857,-0.535749753466,-0.359552357791,-2.64676693294,-0.517853836336,3.0724373513,-1.94565285083,-2.51903560571,2.93217610692,-2.34142533543,1.25575974477,-2.8083360854,-2.72690117422,3.90155807421,-3.47984418172,0.745018944908,1.92677868474,2.3098844804,-1.38010886898,1.97759986656,5.12523492954,2.98044443833,-4.35958189036,-0.129598715592,-1.48642008173,3.73882657248,-2.37957904055,-2.59421837065,1.33707294861,-0.763373460476,-2.01010884106,0.267833005314,-2.30870836071,-1.37833551224,-0.2708852727,0.417548599237,-0.796051057013,0.109501748659,-1.8097202612,-0.648946103413,-2.25275487894,-0.581002554148,-1.15601531967,-0.815531093142,0.410552336539,2.42866190621,0.127374311708,0.958290964411,0.13310139474,-0.184288047337,-3.45805846958,-0.0749015697605,0.27425886078,-0.761830648865,-0.291582686475,2.32878009773,-0.675161934495,-1.0451927434,-0.94980365347,0.439680059895,0.706443250284,0.721345784771,0.11522241789,-0.141469639125
11,-0.0652817650935,-0.0935788108596,-0.0574099303431,-0.103376004302,-0.059022161016,-0.0827632001967,0.143790650727,-0.140616646013,0.000448387783109,0.103169183037,-0.522282245113,-0.494011684323,-0.365562231846,-0.2683824466,0.347010688693,0.588545015333,0.723074345329,0.282893795615,-0.491849908576,-0.110195279943,-0.0333753293338,0.448802107004,-0.424665952405,-0.566580929458,-0.16738460879,0.0468953922519,-0.369944284437,0.0466101408931,-0.214436757934,-0.32418590079,0.140849694038,0.768901284649,-0.516224777975,0.65528369918,-1.03491966701,-0.607012443992,-0.026094147419,-0.202508932944,-0.311183921673,0.261277282845,0.445440287288,-0.488902623733,-0.777736994342,-0.0473325548259,-0.295877020394,-0.382311523434,0.420096374458,-0.0179231337572,-0.0306030646921,-0.0930327331855,-0.348368595473,0.280591353245,0.111961730133,0.348416065982,-0.0711450392495,0.596380629874,0.734212124961,-0.463900250091,-0.345180465067,-2.65738404307,0.763352400988,-1.53890578218,2.2672479968,3.35460061246,-4.46963280325,1.36280744472,1.02401030589,-4.27964544281,-1.35515580285,-4.40580981666,3.05427014825,3.35563902171,0.44539121798,1.16494950323,-1.93920394519,2.36563925898,2.32073957302,2.29912701879,0.413562822999,-1.73142944546,-0.0360815594557,2.39928319446,-3.27943295202,-0.841705847503,0.682991630894,-1.87316460743,0.327456887171,0.788512809775,-0.806814631894,0.215040357347,1.79670748219,-1.91556914923,-1.94701981876,0.298556835395,-0.606388483809,-0.566475079665,-1.91316022373,0.383621013427,-0.604130071919,-0.723525347148,0.467033125437,2.44075342677,0.864447591925,0.67327616029,0.379549036692,-0.287125732393,-3.92532121968,0.286198213883,0.301707201935,-0.615995184159,0.0018842442494,2.1691558535,-0.613596056795,-1.17487128923,-0.793197992101,0.370327710234,0.679624794318,0.7135252251,0.172631039363,-0.0708814538914
12,0.161747239607,0.04283489208,0.0516060451674,0.0554984597222,-0.201911071754,0.0305404108541,-0.0924659514735,-0.237194676396,-0.249103966309,-0.473648271156,-0.0669886113318,-0.148111494649,-0.292356254746,-0.213326419443,0.251346992454,0.743165292287,0.799575756458,0.430262055443,-0.185068798139,-0.304099545631,0.114824048666,0.583882729233,-0.75562131223,-0.569560060933,-0.144686159858,-0.160861641574,-0.251520893943,0.124350540205,-0.192558229217,-0.228549071097,0.381176903776,0.516536464377,-0.729019951944,0.709188252102,-1.03121883605,-0.645559368556,-0.173108608988,-0.126264254124,-0.335529801569,0.205165523518,0.478441677569,-0.261555093968,-0.648809387802,0.0029084374108,-0.250402176821,-0.404543946302,0.0229646587861,0.0189033676118,-0.00163572385625,-0.144843403884,-0.329799178562,0.483809114175,0.0561650147317,0.22517437126,-0.142218597672,0.629406469564,0.800286791502,-0.393458126846,-0.324952823955,-2.66094985907,0.130217164736,0.303278070932,0.737233340227,-1.62542864345,3.61480039494,-0.919832059941,-4.42624781539,1.6727874539,-3.96930464501,-4.71008520477,4.08255023248,3.37105462136,1.38500075418,0.00829902292376,0.358771031963,0.36244962983,-0.639245752619,0.725881885961,5.16318298948,-1.69401138289,3.02837627924,0.444340229759,-3.00374649577,0.59091101258,-0.141434545835,-2.01642114682,1.78320869293,0.648880527036,1.22075289209,1.52138567874,2.7071982898,-2.80410180204,-2.10710416927,0.812146215904,0.653062757789,-0.148274399039,-0.93220877383,1.08058943045,0.121690565587,-0.367927052511,0.13605107234,2.05053926648,1.71809235927,0.330467582729,0.511213627593,-0.109734066057,-3.93956033311,0.407970832112,0.267201376516,-0.412878645523,0.380680299946,1.87500114124,-0.493741260779,-1.28609718418,-0.627420194682,0.288401056678,0.639673475127,0.693309163917,0.232237337847,-0.000492489361692
13,-0.0846956011842,-0.0622062162056,-0.0457501561002,-0.0587180947386,0.201745568332,-0.209033461579,-0.375414670421,-0.209871058003,-0.626196879571,-0.557732562193,0.0235034004777,0.137808664652,-0.0706673567379,-0.241126931429,0.409283587607,0.643011813848,0.639202505033,0.473698040094,0.364887495875,-0.365225019271,0.517656586902,0.602294651615,-0.952899365048,-0.497123199071,-0.167089558231,-0.298759936736,-0.0708629169168,0.159700116564,0.00372604271473,-0.0714763639032,0.614788924668,0.276066140621,-0.899284406524,0.817083244359,-0.916412476015,-0.627641162891,-0.198753236619,4.01515045655e-05,-0.290725818896,0.1903102175,0.464124890148,-0.0865692585826,-0.436803255311,0.0203923121928,-0.196920256388,-0.395249315063,-0.352709086922,0.0552745617229,0.0209340659213,-0.174674245552,-0.270714831899,0.652111190957,0.0146524435714,0.0921309240337,-0.19659288272,0.653767161807,0.861709042629,-0.325625557759,-0.298680795456,-2.65749898001,-1.49312491022,1.24819888529,-3.23816622837,1.50876084419,0.450541868814,-1.91234897797,-0.406755247155,-2.75421295282,-2.1353172876,2.74648385156,-2.25395825005,1.95594013134,2.81740930926,-0.397643702633,2.35515561495,-2.13814224615,-2.31640961708,0.404275480563,4.87841158965,0.716681328321,4.49059485026,0.323527260481,-0.651334165704,0.632997631445,-0.162628143801,-0.49280918298,1.5671964454,0.0269301397573,2.48984444187,1.32627505937,1.64787803023,-1.70216652038,-1.14389269977,1.30212814119,1.55476063544,0.534141186983,0.455317443104,1.37625007105,0.73338923734,0.0652151834771,-0.4480186854,1.42905751174,2.49108551578,0.0363825671919,0.545199243319,0.335771253084,-3.50315843179,0.279503952557,0.176178919643,-0.181931939338,0.804776805865,1.47669893325,-0.330848794517,-1.36929617337,-0.46054544776,0.197666133343,0.586594912009,0.661485616698,0.293407810491,0.0694031818792
14,-0.00436991324668,0.0399504331372,-0.0248079685832,0.0599576656223,-0.18535222802,-0.1884753472,-0.310335418983,-0.676229945025,-0.549991310403,-0.21270252026,-0.271264621567,0.156191490518,0.171062171992,-0.25860577529,0.589617265646,0.401211923895,0.391088011196,0.534572029707,0.652736528083,-0.171820430802,0.882994975436,0.705944072597,-0.868200966542,-0.466321271927,-0.162476133583,-0.233521209853,0.0279360378213,0.1359065983,0.255306459757,-0.0140930218945,0.666965854027,0.216572939244,-0.94081929235,0.952955135,-0.741100883018,-0.538349303686,-0.0827886207302,0.136486911348,-0.200258392258,0.213534775492,0.38749582865,0.0241875682283,-0.160000255754,0.015178285951,-0.143177884658,-0.330930209199,-0.665199356972,0.0676947713086,0.0324511586268,-0.181476533099,-0.168897837094,0.776957166941,-0.00921040920703,-0.0474354900651,-0.234550214743,0.668774765249,0.917175521104,-0.261513993709,-0.266242222332,-2.64709553711,1.28054655151,-1.77636964634,4.9623190594,-1.62847847733,-4.97051972884,1.12566341136,0.312743168394,-4.14519882958,3.0121953593,2.53948506662,-2.03152547892,-1.77276065295,1.36119996952,0.190863865898,0.581410454088,-2.23043435347,-2.34816857515,0.719292116295,0.603423670443,2.79781423042,2.19747668406,1.81442014406,2.18686827032,0.00245945699559,0.232124805918,1.77696999045,0.357296786645,-0.416787777452,2.29478739759,-0.347096792241,-0.686072026811,0.585027314523,0.317451092436,1.29855335595,1.84100075666,1.22474892847,1.81901765299,1.30141722072,1.00762124388,0.360296183713,-1.07256845398,0.804834216514,2.98375617211,-0.109249619114,0.525018453508,0.973454928377,-2.69478973814,-0.060881293199,0.0510987767069,0.0415860786374,1.22719896293,1.01277798928,-0.144190111397,-1.41504511991,-0.300321100245,0.101979291151,0.520615803228,0.619078637717,0.35544783938,0.138509342417
15,0.0786845108655,0.0229614765498,0.10194963045,-0.199215403935,-0.31990845501,-0.286819033522,-0.44707527615,-0.635706914793,-0.276405025559,-0.177447522364,-0.241468204413,-0.142336898555,0.0974133032551,-0.193592830149,0.452810498304,0.251429735549,0.226117973299,0.563661553095,0.517359133438,0.0909566548909,0.881185619562,0.919789077623,-0.590465613707,-0.470047578357,-0.142917739132,0.0227406538349,0.0140323956555,0.0990423069941,0.424870592443,-0.148387346093,0.493805748563,0.378925753694,-0.850757336289,1.0502077965,-0.568543996429,-0.393990231317,0.148387254919,0.253238607262,-0.103538036449,0.252482133292,0.255267809077,0.0813848464439,0.145719408986,0.0055646194355,-0.0919602884266,-0.198244417582,-0.883904546341,0.0386377266104,0.0311633283437,-0.167808702695,-0.0269536259514,0.853902564087,-0.0141015568903,-0.189348505412,-0.257112395124,0.674123389108,0.965417780549,-0.202121353176,-0.227587062638,-2.62983330022,-0.197914848332,2.03722519706,-5.25729727354,-1.21799289337,1.84516018661,-3.30891201581,-2.5263469827,5.03821499003,1.51318648977,-1.36703665743,2.10302155109,-3.35681606491,-2.98389851505,1.017840149,-3.24684167024,-0.769665271565,-0.746825592342,-0.475275935418,-2.82903768703,1.92485962315,-2.2803035896,1.97803984247,2.86163650854,0.115231755198,-0.00593195203996,3.06204332919,-0.473762062811,-0.20529927283,0.991970830116,-2.23621978112,-2.54139391604,2.45988561513,1.34309918274,0.512769749538,1.52654692335,1.57898331567,2.68809234525,1.01536971629,0.857092334791,0.363084132161,-1.53021984363,0.387207799345,3.05304195091,-0.0463676252801,0.503179124302,1.67982928566,-1.6547341499,-0.534264926753,-0.0735516198415,0.221717112784,1.59939492645,0.525922123763,0.0449985091045,-1.41496631671,-0.153717122729,0.00509393833886,0.442211805291,0.567331660396,0.417611483601,0.206529810617
16,-0.0789167837163,-0.156213792107,-0.358554384414,-0.228036768261,-0.218743132896,-0.581383517343,-0.563030319155,-0.0717615049541,-0.22878634104,-0.29948047868,-0.0878714136547,-0.362476366759,-0.336424110416,-0.10120649275,0.0396086480812,0.200372649458,0.243400068781,0.398804636596,0.196458921166,0.146023867652,0.48852399789,0.986091145177,-0.386571253092,-0.414333378229,-0.192303074272,0.314247160514,-0.0276991053643,0.110512266314,0.453058806391,-0.417233816824,0.226931759555,0.651094633445,-0.706714271505,1.03365857344,-0.446744189105,-0.242917561015,0.427418556302,0.339219997579,-0.0408956844126,0.275249359317,0.091401261081,0.112726949829,0.434986235199,0.0128362584683,-0.0411474219424,0.00248238188519,-0.994280884673,-0.0401507965422,0.019049488163,-0.139623219107,0.147813108035,0.882799387193,-0.000828137040122,-0.328683297704,-0.265942158123,0.669869835573,1.0052282957,-0.148311107862,-0.182741976808,-2.60583556055,0.147412291652,-4.34333262153,-0.34467825001,-0.94775111311,-1.50826805597,-0.876308809485,1.35194239821,3.52391360121,0.242405192161,-0.280298188787,-0.101740697237,-0.767939341228,-4.70037731384,0.525765502832,-4.22758144775,-0.590576351471,0.851109179872,-2.78838510752,-3.14044531418,-0.873321798937,-4.98273201358,-1.16593693152,0.940877898839,1.03233270289,-1.05349829385,2.46872099411,-0.177558211526,0.456650463913,-0.336406824916,-2.83804920079,-2.40099262001,2.65533457047,1.36143132459,-0.912823408444,0.887538231169,1.33057953614,2.74525954488,0.717006507932,0.348976626411,0.0435361785941,-1.693526011,0.298231477011,2.65771890137,0.222107167959,0.52233414752,2.30989184452,-0.558821213933,-1.03729632396,-0.159105026297,0.327486708382,1.87685193872,0.0586550456651,0.215744751043,-1.36260971624,-0.0265196659545,-0.0895172882337,0.352128487545,0.507686274858,0.479112589804,0.273170730123
17,0.411223033622,-0.208562292691,-0.221954184847,-0.415802659849,-0.556260685781,-0.393502515754,-0.197774066391,-0.12738201852,-0.138027734465,-0.207098438442,-0.287768518129,-0.369350336781,-0.624163560638,-0.128237612944,-0.237467436709,0.0885618228875,0.304762124498,0.0632528343635,-0.0672861096665,-0.0364141529115,0.0186320164467,0.64058810268,-0.397856092443,-0.287443882532,-0.344933841033,0.476534413594,0.00112106958475,0.181256694879,0.388382678415,-0.65372045862,0.0853968499357,0.850769033181,-0.606164712482,0.865348651548,-0.388774629359,-0.149225667426,0.669416986695,0.401075195214,-0.0395038555688,0.253871020706,-0.0732137442228,0.152053350477,0.664236291186,0.0545175800693,0.0145166344057,0.256600091387,-0.999807793634,-0.16621442182,0.00178554723632,-0.10549449609,0.344067751932,0.867568072178,0.0278100291066,-0.459999679844,-0.263207391112,0.656397648802,1.03548813625,-0.100793713028,-0.131813744855,-2.57525478022,5.13963799708,0.615624955312,0.566143103191,-1.87811908483,-3.08563814914,3.47323506885,4.49590901035,-3.30048550751,1.25131443134,1.6170370279,-3.07678595929,-0.0947302405051,-0.303434966634,-1.04354759683,-0.763484925113,-1.65141872508,-0.186203176421,-3.47461353485,-2.13906002821,-2.33698836834,-3.8237497463,-5.59764342953,-0.840788366056,1.25507978125,-1.84168447025,0.705511231244,0.774236635578,0.851726201982,-0.773866797587,-1.62427152423,-0.164539105616,1.11845176023,0.571322758337,-2.4017993795,0.312705367596,0.452392619052,1.97314173747,0.547545201478,-0.330348452781,-0.49228194088,-1.55393350076,0.535849506464,1.87501953596,0.624689565015,0.600741926977,2.72715669031,0.413907495715,-1.46268410899,-0.171810042909,0.338240515453,2.02427630142,-0.350840114939,0.349512650032,-1.25423591775,0.0770024353377,-0.178815035129,0.251393346487,0.441756590117,0.539137048136,0.338142939201
18,0.314449902051,-0.483504894975,-0.473724837794,-0.496420554821,-0.468406508027,-0.156945816195,-0.00102358047144,-0.295645251001,-0.110148717592,-0.124575028204,-0.491943580738,-0.459867721498,-0.410542262326,-0.254155489036,-0.0919781212366,-0.0858727949005,0.123670242473,-0.218733456891,-0.252304041233,-0.231562975106,-0.210938316861,-0.0290115555877,-0.451725562997,-0.219556069778,-0.515861382988,0.466818493008,0.112393061682,0.253096732471,0.33012725248,-0.710695308192,0.215398267886,0.855449204747,-0.592390519714,0.575571254676,-0.372241615986,-0.164421292829,0.804427050073,0.45397351135,-0.104811919537,0.1762493493,-0.212600910439,0.226859638598,0.80293535963,0.138107805024,0.0806009905475,0.537414702262,-0.92066268347,-0.327047348746,-0.0121829670949,-0.0753696842791,0.547584257241,0.815576568771,0.0673619603046,-0.57764511334,-0.251416742268,0.634367529313,1.05519532743,-0.0601108117574,-0.0749914089541,-2.53827200216,-3.54001751485,-2.00483536379,-5.35621615768,0.100864666106,4.71856065407,0.727444929036,-1.32908680049,1.22662082937,-1.01683177263,-0.565065634642,-0.335008142624,-1.45647303052,3.68908243592,-1.04749853065,3.29452305384,-1.48304484066,-3.53110011824,-1.98112102618,-1.66034702178,-1.23074416927,-0.759860598193,-6.99481118256,0.327217150308,-0.115967634647,-1.33921658679,-0.739523275012,1.30307320019,0.441291365473,-0.286842078966,0.504113368216,2.69271833064,-0.986231248497,-0.217295558207,-3.23235530726,0.0872424198183,-0.777279343835,0.679704061648,0.531471253466,-0.946156285414,-1.04383137474,-1.21285232839,0.979849901681,0.882453554889,1.03656098806,0.72623806985,2.83133359099,1.1136073364,-1.72000906072,-0.0912803391917,0.24770386832,2.01969806236,-0.672329195208,0.432096818872,-1.08941895865,0.154332634818,-0.260312213753,0.141317307456,0.371299448731,0.596855992972,0.401164388235
19,0.333711679299,-0.335997984039,-0.648791735815,-0.472547265631,-0.0623844204443,-0.165108475492,-0.278584605837,-0.043880250627,-0.257331971576,-0.324895092473,-0.385753825656,-0.510545390992,-0.120363335978,-0.278724035138,0.274623591038,-0.15200195579,-0.3339800481,-0.353328985644,-0.398089983906,-0.259280847322,-0.185609984397,-0.592736682241,-0.256753451553,-0.31687462603,-0.578582526869,0.368758928686,0.227168295164,0.248162654146,0.335470731922,-0.57758825863,0.575885319887,0.685631893207,-0.622138749388,0.25632555447,-0.358669596303,-0.299694561788,0.805153190451,0.509640995403,-0.219702464258,0.0518961587264,-0.314445321823,0.348474252583,0.841393089777,0.257271519587,0.160062709499,0.810881700631,-0.789409293784,-0.502684014646,-0.0133043960516,-0.0590105880352,0.742718366964,0.736702895285,0.112234420161,-0.676106135381,-0.233237482952,0.60465778674,1.06349279009,-0.0266226091901,-0.0125470580087,-2.49509601731,2.13731104673,0.660567220015,5.07464122128,0.830810070696,0.714027291632,-0.310224697569,-2.22684408526,1.66733925172,-1.15956691011,-2.81911877117,1.66861509832,1.1991091899,1.20655830648,0.555890433749,3.14273090064,0.240638259479,-4.90783067829,-1.03745812153,-1.14432644136,0.576582656458,0.841427291155,-3.61013245938,3.63956405361,-1.62994906131,0.151402693044,-1.02678770858,0.832772343129,-0.587437823295,0.332081425927,1.91305721196,4.14147110856,-2.15606408352,-0.204734750425,-2.95960003839,0.231868774982,-1.85681671932,-0.620232227601,0.581829194282,-1.29413882874,-1.39397507392,-0.831203788153,1.43722808008,-0.0905583820409,1.3123867162,0.86020213121,2.5781154243,1.4460070426,-1.75285504379,0.0835054221399,0.0659921910281,1.85699116524,-0.886196094057,0.4550477218,-0.871402321967,0.204824083061,-0.332153462786,0.0234846932806,0.298180889234,0.651439723036,0.46196257159
20,0.366719639141,-0.318816026217,-0.0406192888276,-0.133417722988,-0.344849665288,-0.236704295949,-0.23006902475,-0.197437858343,-0.299509365794,-0.505464662168,-0.296040477178,-0.213976898653,-0.186685895229,-0.20412600236,0.397287841847,-0.0755998717027,-0.694574918807,-0.49139360202,-0.455775899684,-0.160865194896,-0.120871496549,-0.691714905796,0.214015982281,-0.464909047029,-0.49528105871,0.288316634312,0.259084481779,0.141091292534,0.371931096118,-0.388940283604,0.957381103477,0.481209029012,-0.600365207855,0.0171260390194,-0.321604537426,-0.513451136466,0.697215426752,0.567983327794,-0.350803953211,-0.0906982244081,-0.38257786901,0.508089230149,0.792789961941,0.391841313123,0.251164964142,1.04172243815,-0.644559035192,-0.669677788628,0.00699702285277,-0.0643581475691,0.914039767403,0.642188998954,0.156313800877,-0.75038105404,-0.211307991826,0.568298973823,1.05969468189,-0.000498766810199,0.0551648055511,-2.44596228936,-1.59660128706,3.64999258326,2.04657338547,5.05286505553,-3.41697879383,-1.52262868109,2.39604918759,-4.00161340737,-0.209390176045,-0.0574939757301,-0.0118565357287,3.88554722635,-1.81368943432,0.500530679278,-0.979292751891,0.884350566685,-1.63579993712,-1.87227294907,0.0516260076977,1.13539936294,0.210136527135,1.49724328512,5.14032956818,-0.808291668165,1.37658298941,-0.52776785985,-0.215483280505,-1.45550852065,0.241139562002,1.5501240973,3.06401293694,-1.66427889304,0.767423200873,-1.70093274544,0.500867401984,-2.27476004054,-1.42329303204,0.562771908336,-1.26109254592,-1.39307177949,-0.559087304328,1.7102829741,-0.827105377905,1.32791815444,0.949964453952,1.98744564995,1.38792743951,-1.54901853129,0.332003675653,-0.180897719057,1.54649964985,-0.984915556205,0.416487608963,-0.607162788209,0.229688765941,-0.393151736474,-0.100268733102,0.2243393809,0.702072093995,0.520276938483
21,-0.106594605201,0.0973101190155,-0.0381243951109,-0.0245162077783,-0.236461164181,-0.378152285706,-0.187927971765,-0.493203959919,-0.407955912443,-0.341662469853,-0.293877342284,0.0269270002242,-0.294871453953,-0.217155992733,0.125898013764,-0.0581360684761,-0.61891247107,-0.691041157383,-0.402864255322,-0.0686670812607,-0.146969709609,-0.391437140248,0.620941418702,-0.387435784612,-0.334496226629,0.258125775055,0.195636027529,-0.014076380259,0.356233169248,-0.314471430849,1.12333787121,0.390100787859,-0.45786631384,-0.0717471315793,-0.265921575267,-0.723171576103,0.546462659813,0.616406641984,-0.459251362611,-0.214082242935,-0.432609104195,0.679750412283,0.688757608647,0.511928154318,0.346898136657,1.19973422018,-0.523244676094,-0.805670164084,0.0542385507509,-0.0960784377744,1.04792834168,0.543412766663,0.193635670945,-0.796343499558,-0.188057830913,0.526407038035,1.04330995495,0.0182868919237,0.127709350902,-2.39113164091,-6.99858834485,1.55831278386,1.41604765723,-3.48670538434,4.8003636933,0.0119925788738,-2.90440826703,-0.700770428255,-1.84858749598,2.53133954949,0.731713617299,0.0438673518238,0.281390871704,-0.542426683089,-3.7785646155,-0.800703412421,2.82383578248,-1.62870421097,0.811298100336,0.628611320186,-0.544909566206,3.79831571488,2.31682745336,2.61537272252,1.71855515192,-0.164479457785,-0.933057853093,-1.48357224251,-0.641125931484,-0.17676959817,0.0728174297228,-0.0836493490368,2.04967085818,-0.0837633113412,0.55236574119,-1.76273238525,-1.45977131349,0.373428033174,-0.851628870518,-1.01788715491,-0.473779374578,1.66356417787,-1.18395929605,1.0184820648,0.945646336997,1.13916230101,0.989284561953,-1.14193690621,0.614327303128,-0.454184609206,1.11370383387,-0.973209603885,0.321241015722,-0.307162824355,0.231857144775,-0.442781523764,-0.227889380517,0.151746480162,0.74796511911,0.575861246537
22,-0.369891279558,0.298256800724,0.119164619242,-0.151711057846,0.00561274918015,-0.165476702941,-0.599194518536,-0.440372515355,-0.504038679958,-0.184671608032,-0.122867735522,-0.179666347129,-0.150557945439,-0.20492196371,-0.206607951439,-0.227322064211,-0.273992397873,-0.703020185424,-0.33368086469,-0.0357993999432,-0.175366993753,-0.0652347263093,0.606000782517,0.0433256675758,-0.15754240372,0.232454995774,0.100949327397,-0.127102329567,0.243311380343,-0.41707371132,0.971437868806,0.453248023922,-0.214395219765,-0.0135471271008,-0.225224940763,-0.839163283998,0.428335916454,0.636663935136,-0.512248061758,-0.285528613029,-0.482823840214,0.829013377941,0.569792582046,0.585234754272,0.436091774333,1.26508457344,-0.454382540223,-0.893650442202,0.129232941722,-0.15453437214,1.13394583187,0.450709678059,0.219032597453,-0.811065901286,-0.165548013811,0.480119231871,1.01406200575,0.0299576440425,0.204574962922,-2.33088870876,2.6265558455,2.59357122419,0.599866534748,3.69562668298,-1.43594843631,2.63557906195,-2.49346549213,0.269408164953,0.757547313313,0.151727124634,2.06683454055,-3.06838681633,1.9086862124,1.36301646595,-2.30107692001,-2.2318340431,3.19616510591,1.81164728028,0.466386499741,0.0581679178981,0.230654433529,2.26394391348,-2.54654435276,5.57592213594,1.88759966037,-0.465541723608,-0.827574719591,-0.679370301707,-1.5293488279,-1.69019566979,-2.9373578089,1.16915223697,2.62668469615,1.12735599808,0.192132333605,-0.459197927158,-0.815030095385,0.00744427986883,-0.178036286682,-0.383738711813,-0.550069159292,1.26701029863,-1.13105578166,0.40286158329,0.816260439638,0.157474466462,0.361530348495,-0.603195557754,0.877641759943,-0.707624460073,0.59611385541,-0.866915010411,0.180274965073,0.01519938433,0.215716920104,-0.48113108851,-0.357150164201,0.0823656721285,0.788373500818,0.62848582142
23,-0.0827102805985,0.0916097963315,0.284007635939,0.317552535555,-0.119287819904,-0.207817967432,-0.390621434324,-0.511923085708,-0.294571052922,-0.245996200478,-0.0634172248756,-0.332777461098,-0.0410371695223,0.0829814821676,-0.310187191296,-0.406137054049,-0.104407756851,-0.329439711531,-0.293501788237,-0.0550065174963,-0.0781649502147,0.0359983793748,0.208985683207,0.593292689199,0.0671237586929,0.146658973699,0.046844261413,-0.143316759051,0.0822377517674,-0.594249306554,0.596783574979,0.572681712912,0.02175410959,0.124666970079,-0.23778701543,-0.805792420235,0.393014094591,0.615025104215,-0.492067675943,-0.289330519983,-0.544250318013,0.92410019902,0.473338937001,0.585684877376,0.505895334503,1.23163500059,-0.453574254157,-0.925079542106,0.227248671978,-0.235370820857,1.16582471451,0.37236569854,0.228693934031,-0.793074286269,-0.145342726979,0.43053664625,0.971903417508,0.0349309584529,0.285178224145,-2.26554017938,2.20031207802,-4.61040545065,1.82372079362,2.11525807876,1.47631539608,-3.11006791095,5.29907661365,-0.395619850134,2.29083959886,-0.629618751398,-1.43993597624,0.722098770888,0.137654997034,3.93797684607,-0.0874732739025,-0.896173200958,0.032041110964,5.16878297411,0.588477157742,-0.455840684704,1.65493901899,-0.0392802699785,-4.60297272548,4.64239451349,2.72328283774,-1.30879078029,-0.237361810221,0.323919368521,-1.48968956896,-1.50441132138,-4.17035933184,0.926874513836,1.86461637943,1.48689478046,-0.467205218388,1.11516439007,0.112091668669,-0.442991080166,0.578817795457,0.294587719572,-0.673845011765,0.601596915526,-0.757454369263,-0.415068277502,0.560305659537,-0.812206906319,-0.344973554032,-0.0276987438303,1.06565069094,-0.894304146618,0.0388060749325,-0.690729739283,0.00951460118584,0.344405132194,0.186748939208,-0.508818824122,-0.485704017155,0.0181102579895,0.822608808682,0.677939686315
24,0.116754957202,0.0583072891833,0.0822858693916,0.143998260412,0.156686188248,-0.258027931081,-0.0648672882686,-0.248582495596,-0.214560477344,-0.244954721338,-0.3270795594,-0.101895114217,-0.0280845842974,0.415902680417,-0.318099160104,-0.373488394056,-0.198029968325,0.167525480535,-0.16049727666,-0.125797339829,0.117138057029,0.00426264713846,-0.150822516314,0.844488148407,0.391624231609,-0.033861847426,0.042485977341,-0.0777299303906,-0.0167501255748,-0.654019450242,0.21269022504,0.587049430249,0.121575407896,0.258630510355,-0.316097419027,-0.629963177726,0.44261483007,0.549918135165,-0.400259152932,-0.233138164989,-0.614069352934,0.945675920595,0.423062754984,0.50101571771,0.544909034618,1.10776009679,-0.520643456917,-0.901283988724,0.338202969396,-0.329810548848,1.14196677222,0.313880093901,0.220581062288,-0.742510791044,-0.128421542152,0.378676602019,0.917024977123,0.0338113671031,0.3688702849,-2.19541281942,-0.116877255935,1.11236153892,-4.59844596172,-4.02994123456,1.27974163419,4.23741777052,0.0196128789138,5.4512547011,-0.444751854839,0.319041647138,-2.58790069164,2.78525125725,0.878482505183,1.89580934607,-0.425357526055,1.37036755912,-1.19894262406,3.87538155416,2.23387328669,-0.891055515713,1.990819062,-0.166202987218,-1.94846714426,0.0417147246315,3.64886869569,-2.29076192862,0.0323921867208,0.88607598799,-0.352212276349,0.543483169591,-3.20156887604,-0.818754340428,0.0224669290811,1.10542584349,-1.04822165544,2.28023599982,0.799514754337,-0.838945868532,1.22382309389,0.779291050991,-0.692936636886,-0.172790333343,-0.242207487921,-1.26837486621,0.207880983552,-1.62935728591,-0.970157395227,0.485511656212,1.12943914661,-0.973877620416,-0.510811492824,-0.475123670635,-0.171837446568,0.663833566747,0.151086413008,-0.526881140618,-0.611144502372,-0.0391987758977,0.850053017509,0.724032526037
25,-0.0937910752736,-0.140528564199,-0.192690938657,-0.199174992854,-0.0191493884379,0.328765065669,-0.0422135248587,0.195130797039,-0.177613718073,-0.270206987099,-0.36004808121,0.0405958069349,0.197348984545,0.408448131546,-0.391843286726,-0.213226768697,-0.211324432014,0.331763543787,0.130084581582,-0.20024066658,0.275453890974,0.0566638132354,-0.13129885813,0.617897812591,0.743161432333,-0.30273573215,0.0229566823643,0.0157077488238,0.0202873851258,-0.468048498016,-0.00800616293067,0.39805773183,0.0248139189612,0.338616830213,-0.430916099652,-0.381082481372,0.531399630801,0.452773685859,-0.256279735445,-0.145880592257,-0.675163129846,0.892010706185,0.422454928659,0.337179493409,0.546074253314,0.914618804649,-0.640190441225,-0.832870759126,0.447921643043,-0.425648303915,1.06540767586,0.277563911384,0.194656956516,-0.661187509777,-0.115138213088,0.325437298742,0.849858378165,0.0273791630113,0.454944543496,-2.12085131952,-0.104573472873,-1.35747861058,-1.16326359552,-2.00294989093,-2.95164878224,3.52774475,3.08611152853,1.50395576776,1.95786090782,-0.740831674421,2.21623988126,-0.0876948678565,3.20425307718,-1.6320268597,-0.680676140598,1.3876289137,1.28694876993,-0.647502443571,3.16320670067,-0.358933567207,1.03721880661,1.24162724125,2.13538574342,-4.08288250217,3.00069247463,-3.0072447917,-0.583666598987,0.922968891983,1.02678700171,3.09826062724,-1.18868808169,-2.8784411469,-1.85872759543,0.509848901641,-1.14278574626,2.52020470811,0.852599054759,-1.07194017182,1.60234336798,0.896214214136,-0.484819811306,-0.87450338287,0.200782943891,-1.96744750777,-0.186075530018,-2.18242258829,-1.37443351925,0.852995704064,1.03761615677,-0.919102926107,-1.00832920868,-0.252780144534,-0.343301476754,0.956901749908,0.115029796159,-0.536641078242,-0.73107103815,-0.0878739234067,0.870171123958,0.766596452381
26,0.227550511604,-0.0785419665802,-0.195357815423,-0.228248682395,-0.0979112837649,0.138062934466,0.491275227499,0.121751865635,0.0874756276597,-0.229366904371,-0.0208406609587,0.0133235298599,0.426895677985,0.244025799032,-0.368394543352,-0.138149277705,0.0284671357209,0.13137133609,0.358275689572,-0.155493681128,0.315617175172,0.209336834011,0.163854747706,0.176144043548,0.915706281617,-0.611036269436,-0.100362805865,0.104616730437,0.155807196906,-0.0802007900246,-0.0497074647142,0.0524968153775,-0.212440840787,0.371571934779,-0.522798778227,-0.160298333909,0.589000809469,0.341730746023,-0.09119529643,-0.0678178284267,-0.70215462393,0.778032685815,0.454568688202,0.118217485604,0.508525781448,0.682297037122,-0.784978715435,-0.737303070558,0.540293658917,-0.508818445189,0.94327203625,0.262500992666,0.152908220536,-0.55252412219,-0.105228707545,0.271576139573,0.771072284819,0.0165750717647,0.542645530649,-2.04221597276,2.56085763636,-1.7019172477,1.72682810589,1.32849128083,1.13094518515,-4.9571126721,4.11414834204,-0.726738889578,2.14590821595,2.53434875591,3.4559802223,0.50978743056,0.481776407886,-0.956288106507,1.38448662783,0.230192586507,2.90929157678,-2.54873177764,0.86118235682,1.3446500307,-0.215093927238,1.42794956171,3.00459155145,-3.93334370622,0.16440680462,-2.99383189391,-1.96028414505,0.89240435012,1.44871475137,4.31290526052,0.114094371191,-3.73319943508,-2.63220188203,0.229066611602,-0.595929304695,1.74602330299,0.194099125817,-1.12230582581,1.64219029816,0.600654557492,-0.0142178740513,-1.36138508881,0.387132351002,-2.34809744365,-0.555240782508,-2.40671242025,-1.46426430737,1.02334684813,0.783760486849,-0.720614700086,-1.41708975747,-0.0549715560276,-0.485235273527,1.20823283217,0.0845533708914,-0.539567940474,-0.843155980121,-0.126400357122,0.882522570805,0.805487539694
27,0.22142649576,-0.291011676137,-0.124289371276,0.0208412454622,-0.018008444102,-0.0390522362214,0.264831123937,0.299876024646,0.17866809425,0.241930908216,0.226941756003,0.21726155348,0.264790682187,0.241787180536,-0.146329092485,-0.098198471274,0.229466888442,-0.0301193220284,0.256638700989,0.0436638024108,0.237177614971,0.26694770934,0.335590084481,-0.0443136955677,0.761455721658,-0.862044380377,-0.369085419681,0.207895296614,0.261122140468,0.317892898454,-0.0425097356887,-0.282786870354,-0.447538858212,0.400114795754,-0.536402694869,-0.0528376866881,0.555427844339,0.231945062617,0.0617441685185,-0.0361182827344,-0.671689651613,0.628964881965,0.487848196446,-0.118523158654,0.437926053536,0.444592778931,-0.921449051197,-0.635136166195,0.599968088215,-0.565316417316,0.78580648309,0.26485819433,0.0991588711526,-0.421371355787,-0.0978674543477,0.217702098089,0.681561714173,0.00248114276774,0.631178866052,-1.95988021228,-0.487241400681,1.9082013869,-1.5323564643,2.32296905495,0.320821298264,2.03978686356,-7.5503774839,3.11289446824,0.626640219442,5.77170301959,1.84137767477,3.09906435739,-2.98023617935,0.421091821152,2.57887279947,0.948751786685,0.5903628534,-0.278527608146,-2.69958843561,2.29638046116,-1.34991644835,-0.52837933831,0.030619041736,-0.192883600388,-3.06962775909,-1.81631275636,-3.32848745653,1.25294111224,0.450019466029,3.28886707574,-0.246791056263,-2.66324508792,-1.81900815173,0.401234618926,0.351575787904,0.353562109523,-0.900568682838,-1.06530937523,1.37276677935,-0.00190933512299,0.642703212642,-1.57462544646,0.216339578587,-2.31444695514,-0.838057586892,-2.29333892816,-1.20850964008,0.98711879597,0.389618877973,-0.389123446425,-1.71178995087,0.0917381983162,-0.580849613419,1.40475515887,0.0648404271755,-0.537138581994,-0.945210694234,-0.153472173452,0.886771225159,0.840587102754
28,0.0725109966394,-0.0225589896926,-0.081265775463,-0.0476652669938,0.0885405121191,0.124462064236,-0.2535099808,0.304732384074,0.424670284854,0.660226864697,0.478239455308,0.46018839453,0.0532656836821,0.194284960936,0.0541197757463,0.0747618912662,0.138120589897,0.0539031075807,-0.0672892052181,0.215705806367,0.0449318533568,0.0987165620594,0.173211554657,0.109929312549,0.382939206845,-0.939180325007,-0.732371716406,0.3664499299,0.223945524535,0.526487389499,-0.136929526397,-0.435786276893,-0.539699580058,0.45579321993,-0.456641122498,-0.0870491730155,0.410734801038,0.128196171731,0.177032682003,-0.0710646864464,-0.572952248215,0.471097124078,0.48620857546,-0.330703180719,0.345240684735,0.233404118455,-1.01628264422,-0.545672093402,0.615121490153,-0.583192431105,0.605127887897,0.278494592111,0.0386959287824,-0.273731868,-0.0917671757459,0.164281444716,0.582430979415,-0.0137017969682,0.719722130765,-1.874228035,-3.50872317433,0.307052897549,3.51725208222,-2.59243897218,1.38216791812,-0.840060870177,0.298516602298,-3.80917240336,4.14670690909,1.98413793533,3.47900695559,1.10725393264,-0.373862486952,-1.78489294672,1.21320791534,2.26636287387,-1.96948478014,1.41782486158,-2.99979935148,0.74487607629,-2.46711075945,-2.63062692404,-2.85708874538,2.76718457503,-3.94339334335,0.377114081707,-3.69802351765,1.92968676167,-1.17837563275,0.769919925743,-1.70630439086,-0.295299632876,0.0673984056832,0.685310918899,1.17541663328,-0.964468151365,-1.9407427413,-1.02134875733,0.915439172318,-0.689024920172,1.31828908077,-1.55067955923,-0.299609697901,-1.86501696324,-0.992024348585,-1.88820531904,-0.642782166488,0.778328934688,-0.0967427502932,0.0453699601861,-1.88052608817,0.168126006309,-0.617925709288,1.53664031379,0.0598818569215,-0.530710553457,-1.03524781011,-0.168024745957,0.882693680248,0.871802692736
29,-0.154094250481,0.142908692764,0.0942640812726,0.0185840030235,1.69894878866e-05,-0.0894414547147,0.154290341147,-0.0525654157879,0.685232569459,0.73032890057,0.819412319126,0.462199369911,0.197467418014,-0.0702326674721,0.125510988171,0.258487955786,-0.0305515921271,0.127624250739,-0.216572244746,0.162128800604,-0.231363939448,-0.189931373521,-0.104053904162,0.372937498172,0.0814361148052,-0.789992263191,-1.05325860662,0.583243624076,0.0546407772679,0.481435741686,-0.367431662017,-0.349867399358,-0.436856417908,0.522657842423,-0.322210886658,-0.221307644884,0.1848782509,0.0241887928468,0.244408174864,-0.167932621077,-0.414161664264,0.32312996138,0.42032812791,-0.480755643176,0.244341755089,0.0736907954631,-1.04276978327,-0.482904247075,0.579789137738,-0.55431788446,0.413853471573,0.29578985039,-0.0222547641409,-0.116398725439,-0.0853144139524,0.111655182903,0.474970708154,-0.0306796935993,0.807436477428,-1.78565134068,-0.123946305106,3.4945221824,-0.542525269065,3.87346729989,-3.05271361907,-1.29490896503,4.26808982469,-0.122899617267,-0.673076757371,0.293429767548,2.32678761998,-0.309099431092,2.49853613107,-2.72353927303,0.588146717515,0.909122944877,-0.799703167004,-0.381336351194,0.293291609856,-1.64249416128,-2.81627814194,-2.75362940603,-1.96951598147,1.82435879398,-1.67510734517,2.45317411997,-2.43453108015,2.28655829801,-1.95061883986,-1.47749288565,-2.68657758508,1.83924455462,1.87514462931,0.542885063912,1.38549548284,-1.56286451156,-2.4617822008,-1.07869759983,0.445246911058,-1.19829152011,1.81139382692,-1.39854885504,-1.04104564067,-1.09498870332,-1.00234920585,-1.2818092293,0.138681858418,0.467256599384,-0.607714010779,0.537283255794,-1.92510040712,0.164028071908,-0.590069386272,1.5980015547,0.0721681358464,-0.521416133409,-1.1115370581,-0.169262328493,0.870185679422,0.899068791262
30,-0.180919441536,0.144377845196,0.244932188325,0.176750406331,-0.0995658338228,0.0266241345196,0.20850082533,0.409894034175,0.351094650558,0.744494597245,0.81796750938,0.528824640912,0.370477419889,-0.189164765021,0.218151506501,0.220487039704,0.0170704501868,-0.0185941547727,-0.0473057779851,-0.0210095305101,-0.453908029987,-0.393989577326,-0.118898978281,0.393758970596,0.0780450451525,-0.503504984992,-1.17104267906,0.789538289369,-0.104574852214,0.287134782874,-0.613868012463,-0.121626725592,-0.201964685442,0.539939698934,-0.204782111018,-0.365845325246,-0.0567509446594,-0.0909172705884,0.271398559731,-0.297715453147,-0.222197198371,0.191162266785,0.276851892908,-0.544632783444,0.149118115663,-0.0201732352233,-0.985808029334,-0.45256545175,0.495312370562,-0.475655038826,0.223785839,0.308592612257,-0.077149914583,0.0434614578563,-0.0767302067688,0.0600657280937,0.360629692995,-0.047093308298,0.893478781869,-1.69454721732,-0.0207746856017,-2.11697069855,2.64601953519,-1.6972765164,2.73116064027,2.70207912807,-1.96255415369,6.66446821334,-3.61495502071,-0.742076880681,-2.21056689972,1.69335691073,0.42174309484,0.76400246176,1.15333684416,-1.43121454199,1.47142657935,-2.06985104146,2.51208472619,-1.41088151421,-1.30653737928,-1.19631159633,1.8415420135,-1.44429036204,1.46679728666,2.91911140997,0.241379091454,1.63765355877,-0.928089650277,-2.09527004745,-1.90568809176,2.40473476389,2.59297032491,-0.312938599607,0.855888986449,-1.16554877703,-2.24887046239,-1.23374202916,0.132253355986,-1.32191405498,1.96241673385,-1.25213424078,-1.81634172285,-0.174063287691,-0.883015609433,-0.592088129614,1.00182384587,0.145938311927,-1.06679905204,1.03155423472,-1.85964496589,0.0790093549419,-0.497386119985,1.5872945079,0.102497446077,-0.51008446337,-1.1726524501,-0.156680159246,0.849266495268,0.922347187239
31,-0.0409331046907,0.181497347587,0.11196166727,0.106329772968,0.331016558942,0.271151758992,0.241236453933,0.638699375154,0.375306279705,0.475347687817,0.516081009867,0.668831227293,0.314891101309,0.0372396035692,0.266570388978,0.0736046973484,0.152839714402,-0.154569426559,0.155367873914,-0.024321936153,-0.454309184163,-0.437088400354,0.218815637162,0.152887080208,0.299675794651,-0.275997301901,-0.996556379365,0.87264195551,-0.0866653535398,0.114375589397,-0.690883668122,0.0707319352929,0.0370609958437,0.444054331659,-0.164020058724,-0.428147472021,-0.244452736081,-0.222479155164,0.279658685027,-0.416770989638,-0.0350437596447,0.0689475782092,0.0629242527598,-0.517341278782,0.0708549480325,-0.0461145367432,-0.844635629695,-0.45087906116,0.370598050069,-0.349833932192,0.044809009889,0.309182315002,-0.119786079324,0.198749087506,-0.0642435301752,0.00968975313448,0.24098253266,-0.0615481683459,0.977014124862,-1.60131520526,0.923965761026,-0.195700940369,-3.83076201276,1.86712737318,3.44034230503,2.24981269125,3.66338573991,-2.99799235952,3.98349121211,-4.15765207336,-3.07624315249,0.119119924961,-0.861459762455,3.04797118703,-0.748642082963,-0.985237229715,0.681904428001,-0.0796627424612,1.06455045895,1.52114046317,1.27345096047,0.164931050431,4.35255448372,-2.74017521026,2.45094030747,1.35997583979,3.15495939544,-0.125587936251,1.37908894824,-1.20123794067,0.556326387614,1.2049813406,2.00193068634,-1.63336249603,-0.0523412681567,0.00706309147743,-1.43207123627,-1.38474621096,0.0794341865582,-0.984914043569,1.71706611603,-1.21593478119,-2.41712253349,0.694173733465,-0.670568890078,0.056496541786,1.79851059805,-0.0908261839761,-1.40136944843,1.47121615777,-1.70784033264,-0.0780295475454,-0.346520388844,1.5073874312,0.149913688432,-0.49719668849,-1.21750903806,-0.130080451619,0.820081135491,0.9416270263
32,-0.0243635198272,-0.122920287752,0.0431764272487,0.322465106342,0.427228195628,0.560957569852,0.661928219503,0.269564099635,0.679835127513,0.187014359096,0.267011298703,0.446721545149,0.305313365788,0.28383978814,0.019111581348,0.0567950873609,0.110197166038,-0.00367434225984,0.153394898646,0.236840636613,-0.254374807767,-0.401410343748,0.614240196822,-0.017339422531,0.474245613624,-0.252731228779,-0.584832538331,0.750160463923,0.156919385959,0.0502833107285,-0.493714105638,0.0947987265997,0.175947064936,0.220485558965,-0.205654472683,-0.357961194418,-0.33621712678,-0.362807071979,0.29583820343,-0.482188865691,0.11048868773,-0.056935021974,-0.195090400885,-0.413919753515,0.0165083250964,-0.0139447222851,-0.632845013776,-0.465282112883,0.221089974203,-0.184945786343,-0.115885350202,0.291142391723,-0.144929124281,0.342862350359,-0.0462642479015,-0.0393262366795,0.117694171149,-0.0726457918521,1.05722838204,-1.50635457282,2.18414694895,-1.03256806688,1.96615156176,0.73282633655,-0.401616784799,3.33915090597,2.47040834505,-1.00896477432,-0.517491923194,-0.374953053996,-1.95759940405,-4.30033885633,0.703694585977,1.55340605799,-3.94360200184,0.360404643863,-1.31682644067,2.77169764201,-0.743399496053,3.12454368951,2.25094507308,0.377909646744,2.91345636597,-0.108182929794,0.73163231636,-0.805907734214,4.74845800129,-2.30021052487,3.25917162046,-0.205439926268,3.2752125801,-0.715735603504,0.748561327077,-2.73727223436,-0.675984878334,1.37239022339,-0.408998917993,-1.38537437375,0.279166406355,-0.27739164483,1.15376307017,-1.32415153072,-2.6763695159,1.32075289909,-0.4129485455,0.55404723528,2.3943134638,-0.16526901077,-1.55528514641,1.80528905313,-1.49917866549,-0.2902056569,-0.150065770264,1.36529646508,0.211778085344,-0.482876373827,-1.24538804287,-0.0895818131838,0.782900289503,0.956924528058
33,0.193235307205,0.094021383948,0.204645071231,0.257702571352,0.476911040409,0.732249065764,0.632634547002,0.584026689973,0.265081796125,0.347305240645,0.113549719797,-0.00460182615247,0.356699899262,0.371293912007,-0.386929295689,0.0334332949196,-0.0134285131916,0.275026849896,0.117966420754,0.468363681607,-0.104379932767,-0.378322997771,0.725415145885,0.174692950754,0.437385386165,-0.383805854366,-0.122163128232,0.437446311049,0.49510046144,0.0280883374892,-0.0849168201799,-0.0458987407893,0.19782464207,-0.0731367859845,-0.270282020049,-0.168425291743,-0.334934900409,-0.490889247038,0.339882444636,-0.467409155779,0.191386972496,-0.199138303467,-0.458139034083,-0.265689828291,-0.0118003427256,0.0570279894837,-0.375734282484,-0.477005906639,0.0665800231294,0.00641782167013,-0.254172949094,0.250058110672,-0.148855775486,0.470085622357,-0.0215424530716,-0.0868311254088,-0.0075174668654,-0.0790155129891,1.13334069361,-1.41006163685,-2.09218876052,0.515812618167,0.922150782348,-0.575102142933,1.33333684073,-0.85727603456,-1.62614060253,4.86975722187,-5.08361841006,1.90792531096,-1.03088020709,-3.53858140119,-0.366353792495,0.552886411713,-3.3567610973,-1.37175131927,-0.655360714076,2.1298417316,0.544242951883,0.985712130834,0.361546194436,0.0876305429543,-0.727852610923,3.76522095306,-1.24266115514,-1.42331143838,4.13536477533,-3.73997525786,3.08965311323,-0.516475081406,4.55888935529,-1.86413149465,-0.188094124743,-2.95067533504,-0.448292680302,2.30520992282,0.359279705881,-1.12995502632,0.607974638511,0.5733536454,0.462462697701,-1.5278099219,-2.51287553635,1.57532340319,-0.156887830412,0.82307434886,2.69313348005,-0.0333888044189,-1.49912087713,1.99577794596,-1.26482145369,-0.53476771471,0.0745875630243,1.17160950928,0.283967805114,-0.466914718098,-1.25594975232,-0.0356218035065,0.738117974675,0.968282371945
34,-0.25067332088,0.0942461913456,0.153737102682,0.377173987947,0.508223944342,0.466700689421,0.589137821995,0.687945914598,0.193443046258,0.283953543213,0.0718876792381,-0.112934234168,0.180184688593,0.428280491283,-0.552428300973,-0.240267544931,0.0118605292359,0.348496024748,0.292761246027,0.409035251912,-0.20442748888,-0.373770939254,0.527573451617,0.629849574175,0.305482950688,-0.458343983458,0.185401504279,0.0559151773596,0.698254056205,-0.101218231752,0.345542523593,-0.221993884104,0.169157664794,-0.332845551907,-0.262996633424,0.0767604256988,-0.283272685462,-0.580272665843,0.415123100646,-0.372266518301,0.206672766562,-0.361937686252,-0.684257835545,-0.11279512862,-0.0161111592009,0.141890775041,-0.105546862412,-0.465035308824,-0.0718023902133,0.20873558829,-0.368961219993,0.183975905314,-0.12975653627,0.575906658826,0.0106977645744,-0.132638549424,-0.132919516911,-0.0793462145505,1.20461558368,-1.31282716112,-2.12944146327,3.38051251319,-1.07665331747,1.86813358891,-1.31203054447,-2.92847949539,0.487227599464,-3.50627119416,4.04815764162,-3.15920288841,0.0562125501102,1.3742042679,-2.7590160801,0.407218892039,0.049388989815,-3.6709669779,0.894197322038,-0.611197805568,2.66556251605,-1.8529444373,-2.16343977172,0.0596535488137,-2.68995903071,4.58729008346,-0.938506307084,0.239330173368,1.85847599127,-3.60013865656,0.6862370947,-2.21626950629,3.72103606722,-1.37537808814,-0.22905798267,-2.08379035916,0.728177271883,2.46403552984,0.57035549387,-0.623175191155,0.867508206678,1.28330821844,-0.119360721862,-1.71397652905,-1.95038101738,1.41489017631,0.0625105590746,0.830340011977,2.65416398954,0.304677371814,-1.23611019444,2.02271547947,-1.03362027816,-0.785703806081,0.306849623394,0.939648175658,0.36118537736,-0.448827431931,-1.24923420038,0.0310474809077,0.68624688768,0.975768758128
35,-0.212391237968,0.351616842552,0.426289887191,0.339858198252,0.299620914565,0.358428875128,0.468990483408,0.258494383839,0.612988570092,0.0173189548495,0.0739424383898,0.133678572494,-0.0239167308937,0.377416076431,-0.454739747152,-0.544243821193,0.0588948996622,0.227326678295,0.532214256414,0.220668386109,-0.451820614298,-0.363767320283,0.303770043342,0.948477978266,0.315154615851,-0.314155666172,0.249214406469,-0.231050291903,0.608858020644,-0.413362787742,0.613813853842,-0.27652510405,0.175345199008,-0.469046882561,-0.108643560887,0.301395428546,-0.240287165026,-0.611354833202,0.504435426946,-0.223452675703,0.177970658563,-0.536873827106,-0.83880615754,0.00507877703261,-0.00113529419616,0.214825345187,0.144468183533,-0.410692766987,-0.174928931343,0.40550091325,-0.461785422299,0.093589759225,-0.0879631262513,0.657239754252,0.0506600409159,-0.176503311168,-0.256801695085,-0.0724172724113,1.27037450199,-1.21503386421,0.194394421665,-1.23439990439,5.28507050543,-1.82525329502,-1.95648460771,0.412886727524,-3.64444139682,-2.49150530441,1.18212353863,-0.35994515325,-0.107865116122,2.52452293981,-0.462364790233,-1.69960165481,1.38746278626,-1.58821171221,-0.489460016063,-1.31994307905,1.44040710496,-1.21733305149,-2.26052678178,0.0984303404056,-1.30422725382,1.26658162509,1.22995349116,2.52090738273,-0.435621929834,-1.94803206248,-2.39714458532,-3.84682443782,1.54753090739,0.414819870969,0.408725536376,-0.605644887603,2.37248187726,1.9454185237,0.207948688339,0.00613926084988,0.861592959122,1.61692558568,-0.391357901022,-1.7494318931,-1.1076669609,0.890844341425,0.227380376023,0.590966773205,2.29816816027,0.802759570393,-0.802643080138,1.88650518531,-0.828806258915,-1.0165415657,0.524814876563,0.684438448819,0.437354389219,-0.427937784955,-1.22565022278,0.109370727642,0.627911513372,0.979476155604
36,-0.225615748171,0.298529213163,0.381254004302,0.371464133275,0.255545472653,0.28594239907,0.0661598800672,0.277448486102,0.256718001026,0.263239213384,0.111109054262,0.248203392492,0.130263558753,0.128020245147,-0.327294057364,-0.479023089747,-0.117566695919,0.141633272014,0.49783915418,0.252927624393,-0.576830272797,-0.369958232777,0.312044739493,0.852556356796,0.513718396644,-0.0201203782096,0.147122387273,-0.315953986016,0.2711710283,-0.805243055882,0.663498300418,-0.136380506697,0.246866635667,-0.462408011072,0.199584539291,0.457823289257,-0.252738933158,-0.581664214533,0.574810152966,-0.0648417939945,0.141859586792,-0.703328043177,-0.902421580206,0.0575486351587,0.0275063477446,0.253805018514,0.346038304302,-0.301959049668,-0.22877508422,0.581250907432,-0.536123468308,-0.0178494982915,-0.0259805300777,0.712539920274,0.0979200812998,-0.218107104445,-0.377512187174,-0.0571280319029,1.33000656833,-1.11705406765,0.169566230818,0.920392863304,-5.92232220484,1.81209070835,1.31423231734,-2.72574589151,-2.47586399755,1.00229554346,-6.31676794027,3.74087419876,1.35651067135,-0.296807548549,2.95281186639,-2.60484779373,1.24985865858,2.70800405144,-2.70180788318,-0.43854453878,-2.11819503055,1.87998145129,-0.0828751032069,-0.31011870355,1.4015548275,-2.94699156874,2.30137917494,2.89120293959,-1.31718140873,0.226664037463,-3.9475427452,-3.56219961229,-0.390366887913,2.28600806155,0.927950526408,0.62516484905,3.66333085258,1.1882988858,-0.482290300871,0.557614168927,0.48180550461,1.47797452732,-0.26470484483,-1.53251236946,-0.164291009284,0.133595502097,0.336894373006,0.164313057448,1.70206580139,1.37575793011,-0.263099014604,1.60725862472,-0.665724310011,-1.20304181676,0.707255016593,0.421575476792,0.506070698166,-0.403478428712,-1.1859539998,0.198007395047,0.563839089909,0.979519755098
37,-0.172484620657,0.0717362840049,0.122160277405,0.269262342396,0.364503621737,0.0146130769763,0.0879045150961,0.105106767437,-0.107280373645,0.397922023751,0.358046692137,0.194802312098,0.364064252466,0.0076691972284,-0.155022044041,-0.128913768151,-0.344225095143,0.0779280488476,0.194239865222,0.511673937434,-0.495710789571,-0.435822941242,0.521185388108,0.465323994945,0.66715351851,0.172299084558,0.0352583027008,-0.21052050079,-0.0877225050936,-1.03926868678,0.58173617538,0.142627903409,0.331879173624,-0.376299920997,0.588061348253,0.548096558333,-0.335664008927,-0.508515747105,0.589422004305,0.0590059693144,0.1365125966,-0.833897284477,-0.874773377507,0.0299044863911,0.0647619794572,0.244495521416,0.480763916897,-0.136676401424,-0.22675156799,0.72338410475,-0.59654565855,-0.144877664217,0.0516779799666,0.741802101871,0.151416471627,-0.257055002331,-0.493490928761,-0.0325251683736,1.38297831206,-1.01924751256,2.35596493663,-3.75395481909,1.4372884485,-3.75123941703,-1.14876209348,-0.654052951322,1.61506675151,-4.39639661653,0.390235302036,-1.80757349973,2.92254941348,0.129065149102,0.83211151823,0.61190000623,2.34599706968,3.49187853881,-1.06936896863,-1.21802393249,-3.26748616714,2.56184377347,1.33371129548,-0.998144085786,2.31151788242,-4.10912302581,0.262221093223,0.614179494196,-0.763380400381,1.68094968974,-2.78400446951,-0.754789171433,-0.995896015185,3.04643311734,0.599677663996,0.909946781685,3.89376533803,0.693952601895,-1.14285846238,0.852322187954,-0.234009692595,0.950227440584,0.201920367448,-1.03427795397,0.686992727986,-0.680315920214,0.402086587052,-0.357591167861,0.983003819277,1.91455799554,0.30020295645,1.22130078239,-0.550815227339,-1.32552034019,0.835536647407,0.166075180877,0.561074639279,-0.374703304486,-1.13121861779,0.295355961989,0.494848573399,0.976035649641
38,0.223266767118,0.00937520809641,0.0534582891583,0.00232117388993,-0.0482020398371,0.19526723013,0.086978394786,-0.231398720291,0.126801407105,0.0913150250942,0.491267102483,0.358592447471,0.275074750997,0.191586529278,0.0987913721041,0.110638196225,-0.25134274959,-0.127694163437,-0.0360866402764,0.623858106285,-0.394268836245,-0.554652689294,0.683989235944,0.1522105247,0.51123078242,0.0813407684852,-0.000208307912325,-0.0249021719715,-0.22118164289,-0.916696099876,0.503874577156,0.422695782006,0.335385024491,-0.315207815768,0.935920307033,0.614715322435,-0.470651440889,-0.422344092814,0.522936367528,0.120033017651,0.187351403302,-0.90271174047,-0.773461795151,-0.0743262462731,0.106950158822,0.18270528052,0.543019396914,0.0760238236291,-0.170852579003,0.823511301825,-0.647826408134,-0.280365328351,0.13883661116,0.746448752001,0.209488276383,-0.292883253128,-0.603299467924,0.00217266807728,1.42884221564,-0.921959370697,1.93923142575,-0.645469071907,-3.49722725179,-1.32602184947,-4.68933585956,1.89426161958,-1.9254717393,-0.29544830631,1.99816103874,-2.49788735283,-0.986174840524,2.74009736519,-1.87662174536,2.16477062298,2.17769120073,1.17185646384,2.79147449103,-2.63291896869,-1.03320395628,-0.769627646094,0.369368680757,-1.25031755734,0.618359083235,-1.76533307628,-3.33983346835,-2.27163259426,-0.0460861981585,1.82059710613,0.259421500507,3.19478151543,-0.451397273822,2.33524254565,-0.643206278587,0.175994207059,2.87401861258,0.729095203156,-1.49068749229,0.817572955857,-1.09884043933,0.269571725635,0.819529735163,-0.314439767482,1.28746351137,-1.36979087758,0.437930535327,-0.867075005531,0.275033274233,2.30607604478,0.800282017977,0.77546260619,-0.481860558984,-1.3705915435,0.895292748986,-0.068695325078,0.596708698934,-0.341000332288,-1.06279648355,0.399583892038,0.421837787074,0.969178770616
39,0.0930493014948,-0.301167805741,-0.302933405142,-0.237325522389,-0.141039647955,-0.0367254160361,-0.101194951274,0.0639268514365,0.076180727932,0.0807639894243,0.217242610014,0.533796436662,0.185778283978,0.261861280792,0.172747363288,0.149336714974,0.0922027863051,-0.330023718289,-0.0316633623914,0.359271707811,-0.437284639784,-0.655964574688,0.624352761106,0.123963476509,0.073417599429,-0.204275604754,-0.00990759794399,0.124749581802,-0.0496424920625,-0.44748420585,0.490574195079,0.579863063667,0.195620798555,-0.354830981362,1.13530654182,0.708193707969,-0.620245972028,-0.353919651564,0.37390393647,0.117850936993,0.296966775519,-0.893819627488,-0.628735400107,-0.234976056066,0.151750832627,0.0749764944311,0.540335468436,0.316403279377,-0.0714069006994,0.878163729616,-0.694137609872,-0.416205705022,0.228151521257,0.729117925495,0.269956256544,-0.325077998647,-0.705646795273,0.0475534623747,1.46724389138,-0.825518472805,-0.414205619244,-1.22888664134,-3.26556972389,-3.45498607787,1.84373307145,-5.99428688029,-0.78651100307,4.30095404763,-2.1591128875,1.72251034404,-3.31768587196,-0.339226284905,0.697613813611,-1.15291524834,-0.920621446163,-0.0325086082877,3.232790877,-0.696815060899,0.705841401757,-4.05926767695,-1.03288434775,-0.627688827684,-1.68188060722,0.93935168086,-4.78502172118,-2.907479294,-0.355200384973,1.11669316239,2.89954760919,5.75469354797,0.0714006885409,0.74295738145,-2.10342511998,-0.959056196163,1.04092564728,1.18206637834,-1.4388320256,0.518815974258,-1.83662155052,-0.265059662271,1.33449222497,0.493171318101,1.54712708342,-1.78913377548,0.455538565181,-1.26044564438,-0.297119219615,2.45474346532,1.15975681861,0.320113748645,-0.449331182631,-1.33220299791,0.877704315675,-0.271924910126,0.608326900808,-0.301995680561,-0.982276598809,0.50866263774,0.345768978061,0.959120611463
40,0.325753527471,-0.224956703956,-0.417035333791,-0.436797008905,-0.274495340364,-0.454359671659,-0.0847262534838,0.219160381413,0.0119302184101,0.188712556054,0.0450847893872,0.242025026017,0.345680240849,0.0452466132617,-0.0233703846426,0.146020017941,0.267437784424,-0.180241811198,0.0142351398798,-0.0449361043327,-0.524534427834,-0.656068293067,0.40554872083,0.249431920501,-0.306347804888,-0.398705967337,-0.10137258918,0.20594776013,0.277029742149,0.124705945814,0.481190256133,0.574704260555,-0.0586557979933,-0.489529829724,1.14423483286,0.851557816797,-0.748653626637,-0.321851960016,0.168711226311,0.0801923795193,0.443132143377,-0.806789692821,-0.475703412419,-0.420359804523,0.197533325524,-0.0627757943086,0.4912228363,0.556851063057,0.0545442428182,0.888788085542,-0.738420206634,-0.544068055799,0.311709425189,0.693371705302,0.330241362501,-0.353103643262,-0.79941072992,0.103994164665,1.49792774492,-0.73023577374,1.76052410955,-1.75145858274,2.06587238104,0.0623095032788,-5.73253252302,-0.270945209643,0.249301700521,-1.97709396014,1.69090559396,-0.387651718361,0.166094769968,-4.65439505342,1.33849047271,-2.16459044826,-2.27679523616,-0.0702981770945,0.0648735883604,3.62929707476,-0.0730153381355,-3.27084734171,-0.267562302576,0.708415446523,-2.33113974907,1.05829295534,-2.20349951445,-0.616275704771,-1.52239762362,0.621237910009,3.15810338731,5.10767177779,-0.473231657213,-0.76119647361,-2.77813432941,-1.58036364922,-0.791210184218,1.64639614047,-1.09723197615,0.122447056159,-2.18556986889,-0.410008272389,1.51972716425,1.21994571445,1.45937019192,-1.85729924525,0.457062964651,-1.45683583106,-0.642166224213,2.30141107437,1.32364881675,-0.0979414949943,-0.438545378644,-1.21191118551,0.780287764191,-0.4360347669,0.592626505247,-0.257641211189,-0.891438742048,0.620406908022,0.267653038237,0.946046775163
41,0.331122775783,-0.391565661747,-0.302138138608,-0.404679185297,-0.741806208053,-0.296057697926,-0.164084910078,-0.133309397204,0.232724514881,0.0702480332944,0.117876273449,-0.127712596603,0.236077626872,-0.00466163391251,-0.147560406736,0.0990310032263,0.16097498571,0.273431697871,-0.0350404046296,-0.195584177695,-0.428573306167,-0.506840603458,0.217076148216,0.261759634631,-0.303733742839,-0.307895426988,-0.297610319668,0.27717890774,0.497103218464,0.476335432538,0.361236330455,0.451316755477,-0.312156579379,-0.632603783133,1.00217150842,1.02257461807,-0.836829385621,-0.326528693903,-0.045311097237,0.0519424267008,0.585846856892,-0.657702557461,-0.346167036057,-0.594526335805,0.242379096619,-0.208331015783,0.420886510237,0.76622594843,0.185982714298,0.861070886132,-0.781996647969,-0.656141631201,0.381677622407,0.643350630706,0.387511527954,-0.376438827485,-0.883654651361,0.171647125053,1.52074100568,-0.636403070005,-0.03777352469,2.32659703847,-2.12539247544,-0.918602800132,0.264289887597,0.757237392434,-1.82027825526,-3.19141311354,0.825879093666,-0.96034636165,0.238003864189,-1.66087185982,-3.84072558361,1.30637397016,0.0921896588749,-1.02671016753,-1.58582316206,4.45369215506,-0.542207006197,0.380833621121,2.26793717527,2.26477501852,-1.28690662966,-0.942595802061,2.21068525249,2.23647525651,-2.19793538345,0.92931319581,0.943893409967,1.60313524177,-2.01649523184,-1.58077496523,-2.04685726085,-1.0788972092,-1.88699873602,1.67172058299,-0.66798657657,-0.189432539477,-2.0039020465,-0.0791975811033,1.2583725393,1.71259000793,1.09421141928,-1.57060836434,0.434829942798,-1.4129654758,-0.719643014728,1.83607364102,1.26851989182,-0.441601311654,-0.432262857186,-1.01842689657,0.607130449168,-0.557075954132,0.547879157648,-0.208278104394,-0.79220651874,0.732517343967,0.188532673951,0.93015438485
42,0.186087768357,-0.243718765686,-0.493326740354,-0.591445740563,-0.275396403262,-0.437404054551,-0.3871269855,-0.231117668247,-0.00811266944086,0.0757381740857,0.00886560594559,-0.089774985986,-0.251496308494,0.162543538555,-0.0527628308108,-0.0452528221915,0.0628428593227,0.526555551158,-0.00331798404167,-0.0180877997897,-0.108376245239,-0.216017097004,0.140646443911,0.0901102034918,0.0569550705901,-0.0381042346832,-0.488118750658,0.402398517802,0.445998418813,0.428473003345,0.0843033190237,0.278342426669,-0.426844980727,-0.671068137698,0.800923479958,1.16321909267,-0.884707600964,-0.353088355446,-0.215551826591,0.0765259877109,0.68103789696,-0.475310627833,-0.262036717517,-0.7248760278,0.283239132028,-0.337385607539,0.355685062307,0.915051726572,0.301310041889,0.803736337924,-0.824448192759,-0.745801372812,0.43094944369,0.583403418713,0.438845900932,-0.39461735188,-0.957639554397,0.250430928687,1.53563603444,-0.544291981344,-2.94272941906,-2.10379849597,0.496569282065,-0.38357180099,4.67473662018,-1.81096011791,-2.16760304085,0.611486254915,-4.85305323493,0.386823305239,-1.96575049383,1.40991329103,-4.27498722668,0.83604518029,1.20313112495,-1.54164365971,-0.0865910487713,0.0711471375847,1.50253282387,2.6609236463,3.73035753179,3.43162835391,-0.446689901345,-2.11821642968,4.34991281928,2.58307905746,-1.34759903215,1.5294106693,-1.84785849726,-2.39599204584,-3.3621902208,-1.8212412014,-0.105612909557,0.424685026718,-1.98041831643,1.02899240658,-0.307596835502,-0.305856112819,-1.33276122752,0.610901466147,0.588966226745,1.87689913863,0.574425770927,-0.997485808854,0.374786765348,-1.13111308454,-0.54721144151,1.1019107489,1.00636094764,-0.687733403831,-0.413324444417,-0.766525722569,0.368566343429,-0.634824074231,0.474046768001,-0.154671570883,-0.686601044097,0.842625695644,0.10946483182,0.911649399465
43,0.216537568446,-0.247739465827,-0.324831084684,-0.231298338563,-0.344740355267,-0.395598324771,-0.472166937468,-0.284340078118,-0.403226689582,-0.0670249642814,-0.13390662783,-0.0657161575398,-0.369137277043,0.0102395831128,0.000728344136128,-0.129499349579,0.121791312685,0.307655565121,0.25752310804,0.228558557187,0.222838281473,0.145014933507,0.0725829746695,-0.0742295305109,0.426465322804,0.101901577242,-0.53197218409,0.553262901469,0.188130887969,0.0715194245831,-0.259153126052,0.0892298890169,-0.322948255899,-0.541280833315,0.629853390927,1.20976170997,-0.90158459703,-0.381162279236,-0.302602191841,0.17664769522,0.696058058224,-0.293743479739,-0.231671438171,-0.788455094319,0.315601762285,-0.428161383593,0.317432500391,0.980636447132,0.381837954719,0.727036040205,-0.863743644218,-0.808138838634,0.453730762997,0.517722416876,0.481404625364,-0.407270997798,-1.0208315669,0.340025834664,1.5426708498,-0.4541532037,3.34445303422,2.96533514188,2.78530922852,5.09856929572,-4.03507812769,1.88722317222,0.920286280319,-2.50752011577,-1.83271683753,-3.74687555904,-0.613653815968,-1.39714140683,2.0827813978,-3.72051431187,-0.169226313622,0.162537049502,0.842268730514,-3.74982608475,3.27463552826,1.84053005253,2.47042265667,3.57413510174,-1.1731736668,-0.794915209879,2.45262821864,-0.153526560941,0.513551155416,1.25749897024,-2.8777322656,-4.2247444477,-3.18533644437,-1.98879943639,2.1401141181,2.11174347437,-1.37249974697,-0.162358143752,-0.0398284704225,-0.22937992072,-0.387035696742,1.37437291562,-0.305068187617,1.70131373162,0.0424650785242,-0.258037394605,0.2629471805,-0.658711986047,-0.196444276953,0.189715521998,0.582554179195,-0.829011892849,-0.36698918267,-0.475469556706,0.0803321531058,-0.672572255505,0.372776480365,-0.098013798006,-0.576696736396,0.948341564604,0.0315027041106,0.890743878178
44,0.208365781218,-0.152192149817,0.057293928828,-0.126736293145,-0.375083261371,-0.333114848833,-0.306680733211,-0.58530752116,-0.443552336395,-0.527907784053,-0.217338057257,-0.273379898264,-0.0478299478321,-0.370750628338,-0.0018077357032,-0.00649416301496,0.142810464857,-0.0321036075539,0.517231253523,0.307832160813,0.338242104187,0.453146759124,-0.118442803444,-0.0390003159324,0.488655288245,-0.0855359493509,-0.407387997429,0.604526696595,-0.0407404543988,-0.307896232593,-0.491424278682,-0.127689636228,-0.0246470767915,-0.277820119246,0.528732342437,1.12552493563,-0.89248499042,-0.395633155468,-0.294108766858,0.341993803935,0.62139262202,-0.144158420612,-0.249612139912,-0.775689973571,0.333863564707,-0.465543440572,0.318675195074,0.951181607608,0.414789131053,0.641184041429,-0.896575366562,-0.840318129135,0.446019441805,0.450013871227,0.512592187507,-0.414171025378,-1.07290520112,0.439873928234,1.54200784799,-0.366216036427,-4.10593739685,0.196935193268,1.74556748765,-2.10880353658,4.16773647807,-0.628048663948,0.97644927626,-1.80890783605,-0.380380594443,-3.99254186303,-1.9354090515,-1.76952577657,2.6373412285,-2.48807058625,0.740983387853,2.0482673402,-0.667914419696,-2.16011752782,1.23110500293,-0.250015879142,-0.172172911561,2.37352841737,-2.58559465205,1.37407283836,-1.15483964782,-3.36929707078,1.7367485589,-0.439794454391,-1.32698848806,-2.88207075474,-1.22115768697,-2.38322009053,3.62766556179,2.940185409,-0.691966795486,-1.50849863646,0.234736981571,-0.0536456205999,0.525118873396,1.85792604514,-1.15843073571,1.25425094466,-0.372915332771,0.505550794729,0.0925925387171,-0.0794589898626,0.222150044614,-0.77645017558,0.0682584233823,-0.873187269128,-0.282708538369,-0.167116175046,-0.237713186914,-0.676648058113,0.247278359984,-0.0398946746053,-0.464580351908,1.04729977148,-0.0443223529053,0.86765323831
45,-0.178126876031,0.132852439065,-0.196237843699,-0.151063737572,-0.0108255179616,-0.276409523027,-0.423908541642,-0.506699958973,-0.628917098645,-0.697846735459,-0.565138564992,-0.32424525159,-0.0647318962839,-0.338803162114,0.205997636389,0.204753647345,0.0135004021952,-0.043237017022,0.427532991916,0.204766583786,0.227532064625,0.587879883737,-0.39590226511,0.128024544139,0.26736278878,-0.477991781192,-0.244005529981,0.447463586101,-0.0376663693063,-0.442339410112,-0.481876946518,-0.386708455314,0.356160601436,-0.00406922504544,0.47538485378,0.918109613803,-0.849935739422,-0.392435644781,-0.208246521939,0.52915156093,0.474319464384,-0.0478641552126,-0.299344336394,-0.69101106259,0.332354834685,-0.443959457535,0.359893524183,0.828115297986,0.395308880391,0.554982748362,-0.91883800149,-0.84173503848,0.405939645757,0.383228416499,0.530203148138,-0.41526520335,-1.11374270354,0.549184002372,1.53391072414,-0.280688182164,-2.54246961722,2.03116972379,-2.15365877305,1.87537591215,0.744721023253,2.29269678984,-2.38843211526,2.33225133224,-2.71723256469,0.233266462998,-4.2424819855,0.325796454665,-2.94866017496,2.76982924571,3.13015504285,1.82009966518,-1.44897542615,1.74966361999,-2.96630279401,-1.63402453072,-1.70064994197,0.241031587381,-2.59018831512,1.46042605323,-2.7090805296,-3.86495940255,1.24577838354,-2.63579865972,1.37213421422,0.293672983179,1.36493518106,-2.74313658505,3.74895576044,2.27265009936,-0.478376568074,-2.55939404586,0.647527840785,0.107841016525,1.12194497519,1.77536260255,-1.71682467067,0.658603806061,-0.582833777845,1.16036595342,-0.1302228739,0.502594591239,0.582021092348,-1.6599028746,-0.451467929151,-0.840081194306,-0.155192062345,0.136094386971,-0.563188829598,-0.655701600623,0.10209815438,0.0177577888908,-0.352314014281,1.1372074235,-0.117018650815,0.842593551693
46,-0.126732284581,0.018622210526,0.143971588112,0.00569934627404,-0.139493052069,-0.113327781199,-0.43938089883,-0.44266591077,-0.743773456481,-0.684316590231,-0.826259870127,-0.397657460754,-0.437588112409,-0.0677307880473,0.475905300595,0.320915449619,-0.0329777275411,0.189025649661,0.01984325162,0.0091538723127,0.0719440983165,0.504785321064,-0.560785785349,0.162523309944,0.0573342424571,-0.743585522227,-0.194013624801,0.123591608107,0.187650186756,-0.273453426446,-0.258239444207,-0.654591536111,0.683222906145,0.131618790562,0.413046909179,0.633142483254,-0.756432455081,-0.376529567085,-0.0853383769347,0.674495738719,0.293178162333,-0.0127070141203,-0.358114626538,-0.550552406944,0.306747201698,-0.368431900895,0.429209678882,0.626194864055,0.327159091448,0.474837137182,-0.926176769293,-0.813976361651,0.333905890346,0.319371561956,0.532540705655,-0.410707527619,-1.14342992451,0.666941093739,1.5187396369,-0.197755813301,4.348657719,-0.110714519513,5.02008719468,1.17649588018,-1.33267356911,-0.485252875968,2.79712596941,-1.64516517051,1.06344205089,-0.701070280745,-0.194601953042,-2.54539263597,-3.20781724211,1.12907904372,1.42629401253,0.511603120325,0.961705694614,2.0501662684,-4.43836456714,-2.18734241946,-1.09009834197,-1.78993043796,-0.416311725475,-1.03981467853,-1.08970006634,-1.029497628,-0.276507677053,-3.47183230624,2.73111407853,2.77215019979,2.78426393639,-2.46021092433,2.63223324876,0.279022327912,-0.848002734191,-3.03527541492,1.25177950092,0.198811597385,1.25671327303,1.02385301275,-1.82599087768,0.0541828484591,-0.552704714381,1.60884580546,-0.384773668349,0.983102563184,0.76698047532,-2.33462224419,-0.89176008984,-0.75695840898,0.0152614537294,0.413093953384,-0.872972608186,-0.619829424631,-0.0571949954012,0.0727632602108,-0.241902612774,1.21588978978,-0.185651417445,0.815778923778
47,0.116418470239,0.10568251869,0.160179541266,0.140472802961,-0.0786024058753,-0.280388380942,-0.155564401141,-0.594325236486,-0.55095927329,-0.777091600039,-0.678267409212,-0.783935479174,-0.591335335978,-0.264534714801,0.42286303678,0.332266017108,0.213842558632,0.244320136393,-0.320897605804,-0.217756827344,0.0479515802721,0.267566368056,-0.459233543359,-0.0723716241433,0.0714913826982,-0.654679671468,-0.273531110062,-0.162368220325,0.415014218624,0.0299355957927,-0.000468921564233,-0.844526224813,0.864043447479,0.0378154784337,0.298006492373,0.330602108129,-0.595879424116,-0.353826719486,0.0288271505245,0.715837697181,0.124312383571,-0.0332482163694,-0.402537314998,-0.377731236293,0.255431542984,-0.253572470027,0.504697262786,0.371323736505,0.221992281763,0.404276600088,-0.914535071186,-0.76059364404,0.232606248166,0.25940686773,0.518500827331,-0.400878288094,-1.16224914847,0.791920511145,1.49694469088,-0.1175838946,-2.93981653985,-2.0709778281,-3.34654581432,0.671548518068,2.08411322103,-0.872284410077,0.557554052224,0.44104835413,1.4744911108,-0.156489844289,1.87427301547,-3.99233931686,-0.277493818654,-4.69747082934,-2.11176678983,-0.113065811519,3.54909815487,-1.11286194445,-1.93086772474,-2.25567662883,0.649226079747,-2.71301756426,2.32822677703,-3.3034475338,1.17036030812,2.66494021466,-1.05522371962,-1.84874011912,1.37255059778,2.86398833822,1.99870692624,-1.17658353132,0.961368110185,-2.1226839124,-1.44305955962,-2.93229691466,1.9630461153,0.257724207691,0.968928463168,-0.263127514814,-1.48463755405,-0.438339602554,-0.303672206838,1.80447235242,-0.63818042665,1.2778453754,0.69596360815,-2.70698027387,-1.18184043179,-0.653160704273,0.223088724274,0.645918489235,-1.1450120413,-0.579610115875,-0.224380259184,0.122795211143,-0.135265593714,1.2813341398,-0.249359137358,0.787418998378
48,-0.185814027769,-0.0389572332842,-0.13160771393,-0.0241842696341,0.0556318124984,-0.105054525599,-0.377414402165,-0.32233812816,-0.530452543321,-0.61711994222,-0.656738265508,-0.957378447872,-0.672354259429,-0.767686161806,0.236107119293,0.32842009882,0.527510857086,0.0317129285114,-0.355361170588,-0.41309758676,0.180125849206,0.0132035349527,-0.155572974552,-0.384856208504,0.205512599344,-0.283826950574,-0.344741701627,-0.194407298272,0.403146315993,0.231630467529,0.0850284329561,-0.867451413304,0.883300555262,-0.266551806376,0.136363198136,0.0590033429277,-0.366762239536,-0.322437500922,0.10087995692,0.615156546609,0.00638851032446,-0.0939864691858,-0.41375083839,-0.197884876262,0.180439743819,-0.120684677317,0.55887650058,0.0964408074717,0.0973459073439,0.344010354982,-0.880642975326,-0.686720423144,0.106809125563,0.203256597677,0.487617448549,-0.386392803336,-1.17066931277,0.922706113015,1.46905784342,-0.0403167473538,1.24521798514,2.59853289533,-1.35512236913,-3.47115414843,-0.330953990464,3.15912296401,-2.70058627911,3.24116352527,-0.225967400953,2.84198764267,-1.50948356948,0.969413886008,-2.05346494691,-3.9592250757,-0.572426050269,0.15702804707,1.88634749764,-2.46773526984,0.943141398083,-1.46942691525,1.76609942689,-2.1323191267,3.32740719843,-2.30004253167,0.972998689887,4.25337327918,-0.0955688095762,1.26682252235,-1.69700701965,0.983028085706,-0.436556716058,0.758287888536,-0.487486134722,-3.74598568345,-1.68662788485,-2.46108705148,2.58550987032,0.392947802953,0.456333786036,-1.74817228479,-0.842438795424,-0.740871373922,0.0973842277012,1.75480868985,-0.851820824654,1.33949984222,0.341232811564,-2.73196297493,-1.27635410749,-0.554957522518,0.458289892703,0.821087019404,-1.36001817476,-0.545132727418,-0.392987004106,0.16550015067,-0.0342128727107,1.33173075959,-0.307368675452,0.757716628683
49,0.0573306114244,0.0263225947974,0.00750639746918,-0.228540445012,-0.156429049166,-0.0371239410935,-0.26244543155,-0.258678032498,-0.404989658256,-0.417421744378,-0.798876158344,-0.725322700634,-0.970130019919,-0.915035033465,0.418391872506,0.381970396926,0.485446486741,-0.121078571697,-0.221770827374,-0.479551935828,0.3444023039,-0.120888413139,0.125904636369,-0.432743753543,0.179219195653,0.101888190214,-0.262081447515,0.0554029836369,0.105763668269,0.227748097883,-0.0837437179362,-0.702965700553,0.789525546365,-0.656740685876,-0.0137422361509,-0.157973860162,-0.0889486523379,-0.269130071964,0.121385457801,0.374113307125,-0.0423111870805,-0.174061019527,-0.381138591234,-0.033217472281,0.0875972423103,0.00647997681229,0.564539467837,-0.163807167408,-0.026287436507,0.292450491566,-0.822405556035,-0.598573338305,-0.0369878392712,0.149896557824,0.440067244701,-0.368097907337,-1.16933400363,1.05771251516,1.43568337196,0.0339211634478,0.49037463224,-3.71672785787,2.22517767007,0.945814880711,-3.06254179493,-2.55246462135,4.77094808344,-1.7122018102,2.75652728891,0.406575570176,-0.131901832089,2.30096666044,-2.92800051159,0.757472520239,4.02911840402,0.961000734304,-2.73916854911,-0.224222973635,1.30561435036,0.231391461718,1.23105138733,-0.434622754232,1.99914559341,1.5621977715,-1.7084873079,3.11374507314,1.74514194576,3.33297343727,-3.88666699673,-0.870525000705,-2.7548708891,2.39066303133,-1.26351182179,-3.75750940422,-1.1797623886,-1.87624780884,2.90592349659,0.708319502395,-0.0194629358316,-2.99756006754,-0.144557513562,-0.82388476768,0.555914782807,1.51262562015,-0.989945948994,1.16731150598,-0.263702832564,-2.42090592596,-1.16225941643,-0.481468781259,0.707571282268,0.930532955864,-1.50290881388,-0.525097397027,-0.556696402736,0.198621987414,0.0595756294385,1.36551042781,-0.359008895613,0.726865752219
50,0.0802294395283,-0.107512344491,-0.147356681504,-0.00805298097313,-0.300860774416,-0.346084679166,0.0528131183761,-0.301935805291,-0.188113817818,-0.483158462733,-0.606110131125,-0.684612550998,-1.05283871366,-0.794153155374,0.880675447634,0.511310707812,0.093796461736,-0.030411349269,-0.136731305188,-0.371317299936,0.382897960888,-0.0713576548891,0.21872189896,-0.103416599485,-0.11461026332,0.31038173339,-0.0272170204689,0.367181677638,-0.277964830872,0.119767162206,-0.405234372994,-0.431343455158,0.653075014279,-0.961439419816,-0.0763980950132,-0.317277819861,0.199974870278,-0.174066611849,0.105272869907,0.0365573089758,-0.0291806215629,-0.251754756254,-0.304011223945,0.100899044052,-0.0141988668071,0.106481744269,0.50076926539,-0.378674725942,-0.128807251059,0.246562290483,-0.739169045261,-0.502884904036,-0.191036001016,0.0975342399639,0.376635487678,-0.347056083444,-1.15904756078,1.19521084198,1.39748706576,0.105024241085,0.878929069364,1.98930572994,-3.41495855718,0.314132172285,1.03506337832,-1.41406875208,-1.06366625463,2.32247901979,0.45236716141,-0.712595332181,3.29103937069,-1.42175435411,1.72844450883,0.670626422475,4.1332018888,1.46078784283,-4.08988338044,1.56189344637,0.424843428614,1.80050810295,-0.566085086443,1.32370114748,-0.0881162618288,4.51442918341,-3.7585155283,1.11912337347,2.67967610827,2.33914185593,-3.28021995508,-0.922895377021,-3.3010594898,2.78759953477,-1.37570310622,-2.09824525006,0.00567123837071,-1.31633441517,2.79792645875,1.2202520358,-0.251819955653,-3.62566878758,0.356405147871,-0.697382340365,0.971692432427,1.15840382669,-1.028136717,0.807522261232,-1.02823798694,-1.83929571957,-0.86018313831,-0.442272537105,0.955617552222,0.972033921155,-1.56389204818,-0.526059554115,-0.709713468327,0.220123387618,0.144567464592,1.38137770785,-0.403722512563,0.695049503739
51,0.040748688535,-0.132187780681,-0.134376738831,-0.311558855112,-0.113851376918,-0.19053596589,-0.362137639053,0.0159787853537,-0.288751776673,-0.413175617748,-0.373198420235,-0.81465080135,-0.724341406127,-0.859212371772,1.08632545941,0.624510183119,-0.131730741604,0.0789232540892,-0.10070910206,-0.157753292585,0.238805111627,0.10214876753,0.14511424475,0.32717528012,-0.456912545333,0.365316929043,0.215404461574,0.432392090737,-0.471743008315,0.105531323169,-0.672476114712,-0.195529893276,0.526171147238,-1.04437830707,-0.00809267736312,-0.42135923013,0.456728418665,-0.0222292622779,0.081362501641,-0.323082318859,0.0165240236062,-0.307653178109,-0.191069248057,0.197641952765,-0.114438992767,0.164510370198,0.357953094287,-0.52621765603,-0.193702289083,0.20285653655,-0.631859801836,-0.406319097501,-0.34690094725,0.0438528844954,0.298647276267,-0.324517936691,-1.14075955485,1.33335757382,1.35518433067,0.172904593515,-1.00751333253,-1.4109655173,1.71218697623,-2.99813406664,0.747256620222,3.06799528273,-3.89076630243,1.33261124162,-1.20790995413,2.06086385084,0.505225840762,0.0705523826853,3.65081552729,-1.61423764996,-0.284927684899,0.552627672042,0.254816606983,0.231395810447,0.512472856038,2.27076768169,-2.14152445894,1.85356123922,-1.13470345291,3.33245981055,-2.47983142534,0.233506006803,1.93164303259,-1.29434236775,-0.395720786912,0.831338729543,-1.75846384805,1.71491828871,-1.13472919532,0.507352679726,1.31969458479,-0.757222529267,2.2769038302,1.81384393498,-0.179871276089,-3.42407485539,0.48877379131,-0.394588568935,1.26053499084,0.779069426203,-0.959236016347,0.34421044473,-1.82035539296,-1.09499750093,-0.420129630011,-0.436972506077,1.18634204146,0.949126731712,-1.53911322797,-0.551875605259,-0.847083611472,0.228296431675,0.219392837771,1.37833948974,-0.441075945915,0.662438595711
52,0.068176440908,-0.0304777922818,-0.222519450744,-0.16767751143,-0.235120372466,-0.116143967726,-0.267551768098,-0.287157162963,-0.257757360215,-0.212206211849,-0.47308354801,-0.574769899423,-0.527641441185,-0.960867098087,0.876053509124,0.601056659543,0.149514668112,0.0216530431737,-0.0123329402358,0.0531667984651,0.00589333703933,0.236531868048,0.0344886892497,0.448416552616,-0.525740196686,0.394998915268,0.337511046387,0.110279156667,-0.368141978992,0.28920414876,-0.726666898644,-0.115543660989,0.426464762427,-0.866137616161,0.166922105757,-0.465385332386,0.646071972409,0.184028843319,0.0759810828204,-0.621560254668,0.0550023417258,-0.326194031097,-0.0578689605339,0.258359339929,-0.202852478236,0.17536711597,0.14075855138,-0.596618473034,-0.210568855096,0.158329463954,-0.503003672774,-0.314920283403,-0.496068800657,-0.0137008533623,0.207870770598,-0.301884420974,-1.11554783396,1.47022599035,1.30952741656,0.237490722256,0.188883597634,0.538758354184,-0.882714321522,3.66312177711,-1.50049366432,-2.15111317246,4.76826664562,-5.73144461675,1.4308269337,1.11387507661,-1.43573538925,4.12573932442,-0.0473853915782,0.359404908788,-3.32837140689,-0.91524648996,4.72715929154,-0.917594628532,1.22364152682,1.86615349064,-2.23599978153,0.554828482006,-0.950017099536,-1.16297299998,1.2361438614,0.428226722463,0.558847756918,-4.86673388065,2.16303793606,2.67500968448,0.672399571201,-0.156030568732,-0.877369807293,2.93344746858,2.02334828521,-0.100873768343,1.47881587744,2.26635756721,0.088545581306,-2.42943710541,0.21899427701,0.0425315715369,1.37192290423,0.448186426775,-0.795066313967,-0.117836895896,-2.49104115446,-0.319020144763,0.0875847360704,-0.456632819444,1.38401706147,0.870532984723,-1.43082592192,-0.603390219544,-0.964933084889,0.221855846393,0.282858144873,1.35572829674,-0.470766980407,0.629189991188
53,0.0277509526008,-0.137391311709,-0.00267543600453,-0.0854352842014,-0.184905686026,-0.321794661206,-0.0514886860681,-0.524916225424,-0.234066569315,-0.25850128604,-0.445998951661,-0.234270230925,-0.625969211313,-0.731730864211,0.534805159607,0.496619834974,0.611956990197,0.0245892817779,0.121814498842,0.20934614613,-0.166013198023,0.181209224357,-0.0412499520025,0.122872385174,-0.252647473282,0.43625634048,0.363190193541,-0.444577203999,-0.134529407813,0.579341280043,-0.567453543833,-0.214729663473,0.345333477832,-0.49683645859,0.358733360663,-0.437460613799,0.749294656017,0.41805794544,0.0982362362052,-0.791239450044,0.0505150494592,-0.296143133219,0.0771317708069,0.290473387109,-0.271192431171,0.144468786878,-0.131583102718,-0.593356131202,-0.176551289464,0.11118231496,-0.356640268325,-0.233641649278,-0.630545649485,-0.077610953574,0.106400799608,-0.280660842121,-1.0846002754,1.60383966578,1.26129199523,0.298726094018,0.631120884143,1.38745561441,2.29340567486,-1.31883590457,1.73476043005,0.0378201655802,-2.73245425856,2.65877735782,-1.67799945072,-1.77515273978,2.35467680471,1.55016656699,-0.844922069495,3.92134441858,-3.10570067999,-0.845833049478,3.48976346844,1.54280121687,1.35615686951,1.25311943108,-1.106891963,-1.65847219384,-0.635828123893,-4.84318719644,3.70610405453,0.215456983198,0.21445712551,-5.6344150984,1.94761813559,2.74122959607,2.24867125985,-1.67677557381,-0.774150127333,4.20605430869,1.61110105366,0.67101082006,0.583374244672,2.3323079086,0.331686098914,-0.907608092427,-0.341543134548,0.569623303574,1.29932112043,0.212008648818,-0.56340294304,-0.474885581677,-2.90286222455,0.357700794012,0.584489103478,-0.486657350126,1.53424285739,0.749156145847,-1.24708678534,-0.678384855731,-1.06061936201,0.200009507673,0.333958411692,1.31321995365,-0.492630074813,0.595445888478
54,-0.0105069158659,0.100592460626,-0.0370397998333,-0.0873671093246,-0.104063977479,-0.140825856556,-0.510083673968,-0.0906889683485,-0.455894947272,-0.440512877581,-0.143470654038,-0.302664357671,-0.529706542423,-0.301697471966,0.288522308024,0.465344516921,0.732441503642,0.358521152391,0.261209411435,0.303555453334,-0.224276309603,-0.0585994434055,-0.111400454588,-0.378828983926,0.083562003704,0.400375638124,0.427159989363,-0.905724007635,-0.0771831811522,0.765787937718,-0.339223545636,-0.408986535193,0.266984280195,-0.0770006311495,0.452670736354,-0.332608420687,0.764348137096,0.632119915692,0.133771343191,-0.798966798098,-0.015944936012,-0.210904078438,0.197097632605,0.304401142369,-0.314508637582,0.0866258296392,-0.427832355115,-0.532029280163,-0.0965018532839,0.0612074657516,-0.198148315513,-0.165991648397,-0.743404101773,-0.149994008699,-0.00346776530774,-0.262405103683,-1.04919533189,1.73220743535,1.21126333001,0.356567626983,-3.33373307105,-0.931083518323,-0.776839007983,1.31984651116,-0.0330594565526,1.45104468637,-2.4932511142,2.42968011709,-1.2491155426,-1.11633599432,2.26582453954,-2.08651160539,2.97014479735,4.01955609501,-1.80934015013,0.136893182597,-1.02749724691,4.75780872316,1.57050075577,0.638385768737,-0.21820235155,-2.80099224647,-0.831353140269,-4.43427593417,2.36659390377,-1.04905036832,1.20356681722,-3.17392558335,-1.12919583762,0.728964332653,2.00822363491,-1.96923006906,-0.807444164764,3.94150875641,0.124993449978,1.39462850719,-0.266716779592,1.85306359793,0.322205387328,0.737486812964,-0.980425944438,1.1372558904,1.08099176696,0.0840378673866,-0.301001070078,-0.646228031051,-2.95722774824,0.827292766127,0.997028267677,-0.510456752918,1.62476101347,0.600741884529,-1.00101255525,-0.77178570262,-1.1327850083,0.162502644545,0.371889007608,1.25084529825,-0.506639203373,0.561333031319
55,-0.178801314812,0.0279451030327,0.00530058973665,-0.00140430210523,-0.0838719238347,-0.236223140102,-0.224592303849,-0.331630144988,-0.361648027475,-0.389045607509,-0.198008504472,-0.416814582659,-0.129104662542,-0.00440592005458,0.164549153349,0.465508487573,0.524793296559,0.825276377694,0.470603149058,0.347212301596,-0.249074718805,-0.299217251153,-0.203536068425,-0.647814558344,0.133742183774,0.235895061584,0.599547060009,-1.04446622898,-0.373834820809,0.708893618474,-0.212496911698,-0.564101275552,0.182913414525,0.250597702909,0.368036959122,-0.170525373475,0.699853518264,0.77068841799,0.150094387141,-0.653466069348,-0.140230293994,-0.0693781113319,0.290907033573,0.310382241283,-0.331602577417,0.0228066465788,-0.709731408388,-0.437067634658,0.0181164328894,0.00979996481209,-0.0339961302076,-0.113826469941,-0.82923653503,-0.232334107966,-0.119367220443,-0.248672924465,-1.01068143511,1.85335922504,1.16022228779,0.410984124718,2.50195699386,2.76904105318,0.879406118982,0.0168408721714,0.285066418649,-1.91519341531,5.86395316028,-5.23750555184,2.31054827547,2.06020182264,-3.28106491273,0.642038700442,4.16354863121,1.86388798081,-0.737392649225,-0.494680866659,-2.25410203348,3.69568262512,2.71603757499,0.354779841713,-0.448392205716,-1.63371449987,-0.899057874537,-0.651160165895,-1.48631684721,-2.00927574849,2.05754853731,0.312439803532,-4.59023011586,-1.74912519087,0.400383158593,-0.955000834904,-0.869604067561,2.46793031671,-1.82190176023,1.75908085491,-1.00148263665,0.840977994155,-0.0585154193316,2.09492263564,-1.46110448883,1.683708283,0.79054862493,0.0484729933801,-0.0446023903068,-0.59175114618,-2.61499843424,1.02354652114,1.26826765755,-0.513146511456,1.64614512216,0.442318366693,-0.709671558317,-0.876108491112,-1.18131633247,0.109634087061,0.396056796072,1.1689957028,-0.512908157237,0.526962352227
56,-0.00282112163862,0.0923937594591,0.144586709778,-0.0142794051569,-0.124600296749,-0.146101684835,-0.031268738245,-0.499855543744,-0.23924402122,-0.180346275532,-0.540162635606,-0.187281418574,0.159434212726,0.0962151908794,0.118998277471,0.331513257447,0.415811415996,0.97920018163,0.782051871451,0.412232754149,-0.328447054119,-0.338381131011,-0.257419064001,-0.519816619472,-0.169793046449,0.0722987070546,0.779956088561,-0.903963155967,-0.9055027978,0.474723850362,-0.258954084666,-0.579083358396,0.0951428666043,0.403399669885,0.102970366755,-0.00262690891537,0.568610245916,0.789169561214,0.111498718009,-0.399609799467,-0.296779590754,0.122536194557,0.355827927778,0.316027019405,-0.324586968059,-0.0244690160993,-0.938542260186,-0.336947358928,0.151344926135,-0.0403721377751,0.128572369644,-0.0773039356107,-0.884483288253,-0.325272411007,-0.238975674615,-0.240962825338,-0.970455314145,1.96538211746,1.1089314492,0.461954691179,-1.33022032965,-3.29830310263,0.880571895165,0.3400269166,-0.61605612077,3.61257453948,-3.15465532679,3.36718634551,-0.316500526207,0.985735379493,-1.6990938951,3.11945909951,1.28767499859,0.330249271284,-0.337854586287,-2.06171485543,0.29980505929,-0.727334976923,3.16930019284,1.16309546286,-1.09791049422,0.884567898448,-0.00125232233875,2.84453891236,-4.07844906959,-0.83338467309,1.22299798826,2.04936159352,-5.43440424522,-2.51356284201,-1.2106531241,0.677552347682,-0.8718540495,0.600499196086,-3.33430645445,1.47662378598,-1.59907396028,-0.500752701723,-0.750264120931,2.87011187551,-1.60415105985,2.13067996004,0.518487888901,0.0706939562809,0.177543783535,-0.321261195816,-1.90629577481,0.932782143331,1.36626545504,-0.484566003497,1.59240414094,0.290550854248,-0.392709529418,-0.982099318948,-1.20721543304,0.0422448359476,0.406090654838,1.06842226003,-0.511688278504,0.492428950492
57,-0.0669690407243,0.0273389614674,-0.074396450205,0.0331843595835,0.00626432837115,0.0488367963089,-0.366893342999,-0.00016671103661,-0.279250033452,-0.295285950848,-0.338628017095,0.0377451661568,0.146411847268,0.0865303295196,0.0637678972945,0.130172864408,0.526267479039,0.758195591726,1.01180884164,0.607101908027,-0.44434184815,-0.1601389821,-0.182637075603,-0.18636607824,-0.557699100945,0.137123541835,0.797063868758,-0.724933829207,-1.33729077206,0.294202324538,-0.415446812222,-0.439902911769,0.0113513690418,0.387020558239,-0.259475128148,0.101022328731,0.385600231854,0.670831206927,-0.00266118390403,-0.102554136107,-0.447487039447,0.350448845694,0.398031595952,0.325121583009,-0.297727014323,-0.0361567047722,-1.08192704671,-0.258793292109,0.285456912356,-0.0859422229538,0.281908397565,-0.0550002691142,-0.907615031539,-0.428468345511,-0.36011916954,-0.240663562872,-0.929939304648,2.06645601694,1.05812157327,0.509467160069,1.2352464735,2.1045096679,-3.0798805881,-0.393338992932,3.23316570276,-1.42623395575,-0.0565339722791,3.43178816576,0.560077539671,-2.61430612057,5.22176853271,1.0088003735,-1.20041842319,-0.455761600897,-0.856379715072,-1.47316370357,1.25886945353,-2.96577975751,0.991115018492,2.70743657736,-1.06778640672,2.30059243872,1.4902343821,3.24327952688,-3.08415350652,2.2837152546,-0.951315474305,1.16986913017,-2.68242352226,-0.717158048141,-1.68553028661,1.98299954473,-0.791644150304,-0.790052128717,-3.68535646638,0.493274842801,-2.02787078183,-1.83268303292,-1.51988431152,2.95864852226,-1.34445291203,2.38851428358,0.348180133698,0.111230103238,0.35120873383,0.106636857094,-0.927382232466,0.595070660124,1.28779810797,-0.421086388546,1.46151395301,0.160153700078,-0.070828094739,-1.07951610492,-1.21240062103,-0.0383189552524,0.401851074595,0.950228578048,-0.503363645456,0.457812400075
58,0.00759024836858,-0.0752219061683,0.00699005412017,-0.047432829689,0.123462127224,-0.174236013844,0.0381079206606,-0.0465841495453,-0.123528373011,-0.383229643827,0.172553675798,0.0625824444862,-0.00395165436696,0.0183949933467,-0.0343820673276,0.0980591125177,0.546654017225,0.521849909717,0.943575131877,0.902148416928,-0.521129042203,0.0293975241127,0.0135665680418,0.0391520722154,-0.709581789063,0.505315183851,0.61912685363,-0.704068344408,-1.38370507629,0.374536598839,-0.554124690395,-0.214790425705,-0.0614034543814,0.279043455819,-0.588444574105,0.0822043318699,0.171348086531,0.435331014669,-0.184235125313,0.172060006939,-0.554274098686,0.591100663364,0.430649172466,0.337825572778,-0.255949211751,-0.00106859205289,-1.1198735177,-0.223354242323,0.403803045502,-0.123527550587,0.418377957597,-0.0441768677709,-0.899160888865,-0.540543297124,-0.480851075006,-0.249006397658,-0.89055776393,2.15488827563,1.00847866837,0.553516571044,0.576073479725,-2.30676569406,2.58416690444,0.421493375952,-2.81873372959,-0.170049964824,5.30941962213,-2.78636545016,1.60749112783,2.3900987801,3.18797469418,0.0184446655464,-1.4592831694,-0.815089851865,-0.831484581763,0.811576292299,-1.15444492312,-1.36529575428,-2.20474004383,2.72554048926,-0.445411180381,1.04129015493,2.19389745805,1.0315318545,0.147183472114,4.68770482925,-2.25710921403,-0.706756432511,1.76952891036,2.33281580051,-0.937085974123,2.34072313641,-0.658420508181,-1.19067741789,-2.68923265877,-0.894738458092,-2.20589622512,-2.78679405195,-2.04342676992,2.44993035013,-0.74631915081,2.37319589001,0.331758523519,0.138931755231,0.477132432628,0.596136873789,0.175047786876,0.0956847698328,1.05699699116,-0.325944510885,1.25585781058,0.0625011446603,0.235757406754,-1.1579856101,-1.19945513543,-0.130264935464,0.383438346895,0.815857220846,-0.48844377364,0.423177376418
59,0.111166959784,0.0279369538294,-0.0107384615618,0.0528452035116,-0.246530891042,0.106881689152,0.179772887268,-0.12663046289,-0.0623768830447,0.169197387921,0.190124579613,0.0888606165575,-0.0897466068959,-0.0560940439097,-0.035901887706,0.224852341211,0.326716203524,0.4782225025,0.657930879284,1.045503778,-0.545191992944,-0.0119693869825,0.202800625339,0.0222729796817,-0.566466865355,0.959688689864,0.437133297043,-0.820610780727,-1.03544266298,0.718694789352,-0.590566269246,-0.00481655596652,-0.120077449742,0.180987219835,-0.766973333091,-0.0722775556168,-0.0433190523429,0.13551234618,-0.393381184703,0.374919525677,-0.590920695051,0.814145802408,0.469676771252,0.351981977867,-0.203503421878,0.081344755919,-1.04852679565,-0.241258972804,0.493282456664,-0.150371928678,0.530818732226,-0.041170627241,-0.861586523771,-0.659110896297,-0.599504723985,-0.267024156837,-0.853712764017,2.22914665109,0.960631912982,0.594103723876,-0.585873247781,1.25987381741,-1.25917241036,-0.918318855482,-0.689045433652,3.30308125221,-2.57408422778,1.98811215505,0.268453714637,6.79190732288,-1.87420048966,0.315587166487,-0.0806825681816,-0.597255153007,1.04251876687,1.21548236231,-2.70951705467,0.0988850186478,-2.9322946631,-0.309301151948,-0.142648124455,-1.95556260907,1.36253265714,-1.14477648998,2.29542779934,3.75305386711,-0.918029150501,-1.27679946539,4.70788977028,4.1501069503,0.177526742281,1.72254099863,-0.517001252275,-0.644540141856,-0.796948713498,-2.11202592923,-2.01736424192,-3.0858651991,-2.03349220796,1.5670879471,0.025319093813,2.03147086812,0.472258744144,0.139494555678,0.567084029097,1.03408046736,1.2293866408,-0.451549317664,0.71937902851,-0.208145675375,0.982517930959,0.00456508964373,0.508756548647,-1.20786675727,-1.17134723715,-0.231430597972,0.351198699716,0.667069926513,-0.467553942955,0.388574585184
60,-0.106187864194,-0.0569691907011,-0.0589259533305,-0.199638957286,0.128158496038,0.0838187746997,-0.0900314453218,0.153849248513,0.164826155885,0.533781980299,0.0922445543455,0.0689694402015,-0.0246956718021,-0.0984488702132,0.165307311811,0.266678826084,0.124060406783,0.447470657899,0.444409686454,0.808760138625,-0.566143734207,-0.329683043198,0.264603572437,-0.124301267957,-0.348102767336,1.15085898289,0.49793008062,-0.891600521457,-0.560211195983,1.10466322958,-0.538923793783,0.111238066917,-0.165568443869,0.164972411835,-0.746528373475,-0.314010397512,-0.21724843004,-0.156504519025,-0.568618163135,0.481814094937,-0.550343428343,0.986509067595,0.528650169518,0.36494082421,-0.143219914642,0.200446037892,-0.881169099265,-0.311215507806,0.546037639347,-0.164819622157,0.613015131252,-0.0418697105701,-0.799038258232,-0.780891105007,-0.714717638809,-0.295518522953,-0.820759304178,2.28788998366,0.915142656102,0.631233839645,-0.624232200532,0.480357920036,-1.3452804153,-0.687683608771,4.53060593994,-3.14023887491,-0.855905640906,2.16561553122,4.70178765357,-0.573156809698,0.845998820546,-0.724709213695,1.12118004808,-0.302345840312,2.61316800682,-0.454002598918,-0.923540761096,-1.04588987095,-1.19421940312,-4.21007521765,-0.292013189963,-4.01608759444,-0.085065164014,-1.44403767557,1.63637033452,-0.218701725078,2.20694689242,0.103380092946,4.20466960955,3.05030647103,0.710509353342,0.553274949295,-0.397321020445,0.341479191869,1.13568449201,-2.55333715969,-1.38703325494,-2.63199084478,-1.36200094907,0.572479221062,0.763839825338,1.3655336179,0.717653564827,0.11699204712,0.636216198057,1.31398150479,2.06973226233,-0.925850373637,0.332562090902,-0.0802598460296,0.653331028011,-0.0117170791628,0.73302755203,-1.2210524095,-1.13114598389,-0.339370788739,0.305727645566,0.50592183289,-0.441423304996,0.354041970152
61,0.0497923201023,0.0146355485072,-0.0839800860779,0.11560397485,0.0625044083911,-0.0997064776349,0.0577561215977,0.26422682843,0.626102615307,0.251349886036,0.287890319529,0.0273179492725,0.0568467913281,-0.132486400236,0.37587442922,0.184417557155,0.150328711986,0.267835605339,0.377675900765,0.313635600154,-0.589055668434,-0.713544797932,0.220523838568,-0.216665034852,-0.287162191361,0.924805079345,0.834187674253,-0.786815529097,-0.2850062075,1.24539643349,-0.476245507358,0.105633965268,-0.200137710147,0.241706636048,-0.566491824851,-0.545704181694,-0.307622448901,-0.369314080264,-0.646832812786,0.492868560273,-0.445419160209,1.07876011289,0.613462606398,0.375170524743,-0.0766192429908,0.33626327345,-0.646120431121,-0.420451689835,0.560130248713,-0.16653501316,0.660163022017,-0.0422280669416,-0.716979395702,-0.901898818515,-0.82542810805,-0.335036400224,-0.792980359788,2.32999601016,0.872494709971,0.664915355539,1.39188971525,-2.22520587599,3.43281929919,3.90465819771,-4.7446215897,0.705929685949,2.78824163828,0.942020464543,2.3238779652,-2.79388845385,1.83243663639,0.461244088097,0.175516891672,-0.442707014064,1.05347548342,-0.743882296762,1.13244552807,-2.24277580319,-0.603405337633,-4.93682663837,-0.0249754365178,-3.11780255182,-0.538800382594,-0.286252490398,-0.415724825816,-3.9280818375,4.02634480048,1.85890396226,1.05539946336,-0.483239316669,0.440903693352,-0.627779500151,-0.293883366274,1.10744027726,2.28432465162,-1.89456347142,-0.369709832366,-1.53701173368,-0.129515808794,-0.322173598998,1.28695735712,0.447054656942,0.969907261835,0.0882703689842,0.694131821407,1.3591306082,2.56586365643,-1.22200259814,-0.0444984788229,0.04436005092,0.284610747478,0.0104223309589,0.89749682956,-1.19164853236,-1.08175623005,-0.451450758506,0.247869781726,0.334730040129,-0.41087096694,0.319606172123
62,0.116820329028,-0.0327184375512,0.222036750118,0.103704933678,-0.139540680764,0.0971770758829,0.301020722427,0.440734917004,0.437572316289,0.260279401316,0.298277908842,0.183967203663,0.00436668351457,-0.184252600026,0.328254590561,0.185790695141,0.259655157951,0.0808543900151,0.235252033585,-0.0429668808803,-0.54232988746,-0.865676348218,0.204256659394,-0.184302281511,-0.386977393433,0.484253755116,1.17584383631,-0.577947795067,-0.347560564707,1.00386745192,-0.457559285095,-0.00120204288206,-0.223204403253,0.363265616975,-0.329295207051,-0.661158852,-0.285718373587,-0.45206834889,-0.586207841535,0.424461896417,-0.303835070653,1.07201467582,0.718825584378,0.383032548243,-0.00485420712416,0.463393546588,-0.381913374642,-0.547279352699,0.539151248276,-0.156440926277,0.6692865467,-0.0387674946598,-0.621752441725,-1.01769212374,-0.930847112497,-0.385855621332,-0.771562158725,2.35458576816,0.833086125879,0.695158876733,-0.0499681487817,3.89650059845,-1.17101957078,-3.28748872719,2.62407006037,2.08129253658,1.84920068691,1.95980367473,-4.93811287831,2.57637299152,-1.38330556013,2.13807834174,-0.920397534438,-0.475640981342,-1.83084107903,0.830420917933,0.655729508117,-1.1685541612,-2.46802835191,-1.77834710089,1.05646720896,0.329564656528,0.358119735409,0.823764867147,-1.20821003227,-4.19294692416,2.15026738166,1.93777607373,-2.06168802575,-4.13813912366,-0.0265396571969,-1.42229761235,-0.154999659874,1.19208171415,2.26563099769,-0.299297883891,0.807257674177,-0.0901684858372,1.34817682262,-1.00793842645,1.48682003488,-0.587181391352,1.10829389155,0.0723464838365,0.737685736362,1.13975284315,2.64690501475,-1.26964734089,-0.361726317949,0.154319353617,-0.103543639476,0.0629652160865,0.995714163472,-1.11648102935,-1.02569379553,-0.564938997756,0.178714327633,0.156036939912,-0.376790287443,0.285284205806
63,-0.207564961869,0.0964420562,-0.104189628932,-0.0857058168042,0.278343261353,0.305308922989,0.427229067021,0.437252756565,0.0950681579508,0.439286944365,0.201777316273,0.2928331552,-0.0441426147824,-0.188065790604,0.111266693852,0.295277021418,0.251141306396,0.0450472230035,-0.0835148705417,-0.041560816205,-0.377079948917,-0.646387198982,0.288423096071,-0.0785736553855,-0.452918738809,0.200577422573,1.16873940111,-0.467487925692,-0.616660517332,0.495969175109,-0.461163220395,-0.159028667117,-0.227184391419,0.455145933387,-0.145259532804,-0.595043163655,-0.152593336514,-0.388502209416,-0.383585981027,0.298520357415,-0.159383080085,0.963373752436,0.827583021582,0.390401798527,0.0698336320398,0.556157432976,-0.130611593925,-0.665275867939,0.490914937848,-0.136409508693,0.639563321052,-0.0290163090596,-0.520105281864,-1.12366110475,-1.0304104963,-0.447979707832,-0.757570142872,2.36104409309,0.797222618643,0.721976305311,-4.4943907786,-2.99930692156,-1.88393655287,1.04242074859,2.81932138335,2.60967654643,0.584953861003,-2.47339859525,-0.181266449681,-0.496933007421,0.278871958772,-0.521871621186,0.238068009703,0.611518541781,-1.8710263842,0.865965315885,-0.723082536896,0.221395702215,-3.38695262644,1.40941749106,2.15810754335,3.81501215828,1.13577984168,1.17762768968,0.179732390776,-1.15052896666,-2.48256069461,0.0541455936255,-2.83537057006,-5.50761745729,0.0953695026923,-1.62735395845,0.10167292354,0.540738558396,1.30623150524,1.60439898361,1.79164104012,1.32226339274,2.63502475829,-1.47852124181,1.34962022836,-1.55986297733,1.02199233455,0.0786525615097,0.748281987336,0.680373677022,2.31418889921,-1.04584704882,-0.585759115381,0.242302373942,-0.488389661161,0.133982780231,1.02601684283,-0.995395419806,-0.964917580946,-0.677094680526,0.0995857975254,-0.0274311595059,-0.340131655681,0.251085317317
64,-0.0258465401119,0.0623027751568,0.0545293763029,0.222568259175,0.29942993467,0.531353548863,0.395116005033,0.140361594333,0.322638447409,0.187377347642,0.312116017377,0.11862439301,0.0436939513006,-0.0464700442833,0.0340214243026,0.276935285195,0.15734831147,0.0534800396238,-0.313368947635,0.117111833251,-0.138909562657,-0.186861052466,0.370765113254,0.0389581565871,-0.330132081655,0.251506782601,0.714086570466,-0.568845941304,-0.82590043185,0.00641925553069,-0.41143055995,-0.304912095608,-0.197023664018,0.457440441718,-0.076730319968,-0.357825042118,0.0544869759913,-0.201550019012,-0.0794630703891,0.134184653365,-0.0429412056796,0.768085605409,0.913413263558,0.39923853375,0.14268629784,0.593916237798,0.0695063269757,-0.748287208387,0.42554595401,-0.108790689239,0.572513661954,-0.011838990343,-0.418720303161,-1.2153354435,-1.12371769785,-0.521140924331,-0.751926124364,2.34903576838,0.765112776534,0.745380162285,6.63924605074,2.28674906859,4.67541462876,3.36750193493,-0.602148204342,0.536588529626,-1.17016471627,-1.70171263987,2.66231402962,-2.95991080767,0.824969178137,-2.12411413594,1.20594309343,2.07685833668,0.314005617129,-1.37802691563,-0.972766497976,-0.368670122484,-0.670145991754,1.13338069476,2.45819116832,4.85551816195,0.168925236493,1.15702326697,2.17746188706,1.81798015887,-6.09302923773,-1.86695848878,-1.01708116242,-3.8309256218,0.99824572054,-1.18379010215,0.529828507371,-0.524543224643,0.0887948865767,2.98819900252,2.23799448724,2.32026884824,3.31989010635,-1.7860988862,0.943081790649,-2.29266856712,0.643696460445,0.0985300596359,0.695290619234,0.0556176463685,1.64088405204,-0.57871762868,-0.704093827539,0.306147071945,-0.846107967014,0.208923845074,0.991310845532,-0.831331584365,-0.900730062615,-0.785245484023,0.0120293786745,-0.212809487009,-0.301884056047,0.217012981298
65,0.119189003991,0.0128065627839,0.435219113595,0.448903613292,0.41244866201,0.311181579937,0.249310723138,0.256046069767,0.315167269345,0.116562493834,0.193633135194,0.023014227342,0.136412036484,0.155073829434,0.0909737912252,0.0592249150046,0.060342228523,-0.0434800393282,-0.187065742735,0.106649301964,0.0947494479035,0.229588488135,0.272190129463,0.150593035931,-0.068089867541,0.449538233434,0.0955620393784,-0.763433389366,-0.788802120119,-0.211666948928,-0.256075621366,-0.376644278722,-0.117279941038,0.352424787605,-0.110595374594,-0.0366868049593,0.270717449032,0.0524053606576,0.251984069736,-0.0549514286882,0.0240801433017,0.517450803675,0.946548353023,0.409628063957,0.205651694039,0.565411102076,0.190557105326,-0.775318687268,0.353362893954,-0.0758944607058,0.472015934158,0.0123787051298,-0.323782967434,-1.28868817487,-1.21046419946,-0.604810501549,-0.755387178528,2.31851695577,0.736865161836,0.765383114472,-4.53730731453,-0.891820514819,-0.587602377016,1.67131829909,2.18526495857,-3.71332461713,-1.34258616667,3.13206615997,-2.65532247026,1.57564315568,-3.08248718003,0.444702917085,0.526070120029,1.49396488687,0.196718773119,-2.53772016864,-1.09843122926,-1.3683004582,2.88405395176,-1.39897204128,2.17671392133,3.13116170586,-2.22359304291,1.03490769298,2.72489802331,1.47802198565,-5.48030540532,-1.53871208121,1.72980218473,-0.433819740782,2.05270776063,-0.173282549875,1.07053010977,-1.52852928023,-0.633430635788,3.21133585519,1.96496818731,2.63000544204,3.16156232688,-1.97935694758,0.382147955977,-2.64976258844,-0.0251740118141,0.103546155982,0.545441141071,-0.624815343543,0.758481718987,0.0583868582288,-0.724985448382,0.348684667,-1.15369028905,0.272193556926,0.898509948018,-0.630173564695,-0.833751545831,-0.886852750425,-0.0822091963711,-0.397143624921,-0.263055747567,0.183066993714
66,-0.347424025509,0.330922872024,0.127595970792,0.426634321566,0.445724654673,0.158238812192,0.200714314798,0.410619089031,0.0987224635759,0.254830874018,-0.0851336326635,0.123208237217,0.163661147134,0.196368635431,-0.0147495990975,-0.151353654367,-0.090036032896,-0.149581484389,0.130161972794,-0.110935660535,0.296351675802,0.414548292151,-0.0469040477133,0.225506758537,0.154206120232,0.439412445742,-0.254298685312,-0.787899194193,-0.516290533172,-0.101695911401,-0.0276760446421,-0.330282459822,0.0138518503318,0.166127790715,-0.172292598463,0.240647056714,0.425993131171,0.298152142926,0.525156349184,-0.257869068886,0.0324599299914,0.252721680238,0.901253592143,0.418067042152,0.247764613281,0.471181577841,0.219753302258,-0.734416637437,0.282976367506,-0.0395487288955,0.344123990189,0.0417105951611,-0.240620812454,-1.34041381589,-1.29037507907,-0.698214666571,-0.768526824492,2.26974160875,0.712487373213,0.781997713537,-3.23885471061,3.51978824417,-0.00294257151827,-3.45678533718,-2.26967666046,1.51873376127,0.578953454355,-1.33242434616,-0.172866159911,-0.244261657063,-1.15465983351,0.842636104302,0.151072816299,-0.610873938594,-2.35204069527,-1.49464192351,-1.9342577917,-0.412483414985,2.63692326697,-2.49276701673,1.85870263569,0.671645456243,-3.82290783146,0.303371770829,1.52078890144,-1.96870511525,-1.16783104155,1.35747719966,3.43264459497,2.34757914244,2.32194440316,1.10706271964,1.51108791242,-2.11037856654,-0.441219919424,2.14162029382,1.05604324837,2.1579759913,2.18170283514,-2.05587233765,-0.210429397986,-2.57232599118,-0.905515689764,0.0521416989649,0.276104257364,-1.23883593721,-0.167263524491,0.76089569395,-0.673372398192,0.376424054679,-1.39097551344,0.308865700679,0.75770146777,-0.400391406299,-0.763967292653,-0.979562303146,-0.181209247673,-0.577440889335,-0.224654408157,0.149245614332
67,-0.410958876046,0.366985762312,0.494872380411,0.068061951029,0.0837844826116,0.396275107449,0.322673280901,0.100701547827,0.242343016896,0.0446184692816,0.0403535073312,0.122415324822,0.166525438775,0.112867079675,-0.300591598677,-0.261908630257,-0.291384104618,-0.105024009827,0.213399405649,-0.306369684,0.458866124622,0.417841418221,-0.405634687157,0.177361068304,0.226446519132,0.0681474328548,-0.147500002947,-0.476831374864,-0.164096187562,0.179247554075,0.166475029534,-0.163904531847,0.171707693326,-0.0521463889849,-0.171920484086,0.363558472098,0.471646304441,0.461669475576,0.670402023343,-0.460174236644,-0.0156383556042,0.0164544271934,0.763209222609,0.416791677081,0.256902421388,0.323532669117,0.161355319861,-0.624846698857,0.21995325262,-0.000833754458191,0.196682880151,0.0728415597764,-0.173435898062,-1.36816155593,-1.36314665623,-0.800355018801,-0.791719027899,2.20326265582,0.691887105238,0.795236349792,2.52531276512,0.161527963766,1.60109766226,-0.262146461762,-3.18258463313,1.05946495434,1.16445207073,-2.8509236208,1.36015537051,-2.67330566941,2.86889793041,-0.642094298132,-0.223084671885,-0.490658383507,-2.71441311778,-1.01639942019,-1.75907763579,1.10226590457,-1.23676458233,-1.15953767857,1.30255038513,-0.251701229157,-2.91937376584,-1.39257294497,0.0187383067547,-5.0523061765,2.8646989659,4.68530163893,3.33471167237,2.83198472221,1.37010482359,2.12449234481,1.55820592472,-2.17530239491,0.542562167518,0.243587915234,-0.157372015357,1.02250476303,0.670417430611,-1.95283536271,-0.733111704254,-2.09365051058,-1.8516629629,-0.0966169312531,-0.111196990209,-1.67739636873,-0.966360708865,1.41251187113,-0.583849786771,0.397407316473,-1.54260756678,0.306353327298,0.581127697725,-0.152506937171,-0.690840671301,-1.0612406037,-0.282905921775,-0.750723404599,-0.187667108903,0.115547711575
68,-0.17336986008,0.243483375714,0.186167712494,0.342972035797,0.154719520642,0.185742221218,0.27804450933,0.120557250829,0.122834845329,-0.0103368342884,0.24483992564,0.0904080505504,0.109122479339,0.170496636422,-0.456843330189,-0.398197452135,-0.381031269972,-0.0157548797109,-0.0796307097598,-0.34466745607,0.535188963296,0.423607403549,-0.573924804936,-0.0538414578799,0.192229738771,-0.445330926791,0.176997525665,0.0710917847766,0.113482062367,0.385992179546,0.221205599387,0.0659019360407,0.305813334911,-0.256161600289,-0.0563951290729,0.290511830059,0.399190207996,0.490680824365,0.657187929907,-0.639453928417,-0.109481716353,-0.156461663661,0.534819200937,0.394686000803,0.222722069377,0.144055126436,0.0355561812269,-0.457201377756,0.166268134902,0.0399479133239,0.0387630309711,0.101376654122,-0.125144168685,-1.37070799944,-1.42840227002,-0.910031824224,-0.825125518111,2.11992782999,0.674875203437,0.805111418619,0.653010612282,-5.19448810471,-3.62450421555,2.18617053924,4.5737659102,-3.95963241257,-2.37262769334,2.80331417916,-3.33485876195,1.90286397428,0.399112101818,0.34387214819,-0.742867244214,1.61135376743,-0.270498685975,-1.68666096528,0.0939203136342,0.166500215587,-4.06806437549,0.148992823274,0.141271490056,0.526765358285,-0.377301861443,-3.0801028611,-0.518420916966,-4.49540291695,2.78889595876,5.74282246987,2.13901201831,1.00644640605,-0.313271472654,2.29061384079,1.02558799376,-1.8591923955,1.74354783071,-1.61989132568,-1.23369074044,-0.468224820497,-0.901489905026,-1.58153467027,-1.11626431485,-1.33038493509,-2.68098953907,-0.366000360142,-0.581392730778,-1.86707155305,-1.49492580724,1.90647652436,-0.492238725838,0.418737141684,-1.5996668951,0.255862448578,0.382083260338,0.101572915169,-0.613480252611,-1.12999722185,-0.38512559721,-0.914081944667,-0.153040492269,0.0819748621186
69,0.0662284439954,-0.0851812846464,0.0591626998649,0.229872389687,0.470603232687,0.0540127175962,-0.0120981395121,0.272112653857,-0.0715310655558,0.231581199226,0.152552350795,0.170259159575,0.0969824397885,0.355213098831,-0.40807886166,-0.539393372419,-0.305334454736,-0.14036396415,-0.468546721211,-0.342812146757,0.489523540948,0.516793448744,-0.513635793828,-0.378678254623,0.145266839042,-0.711360691468,0.266188822297,0.566395244692,0.268374020013,0.350452757415,0.116476125284,0.255526984956,0.360929914117,-0.418120209238,0.160424813405,0.0700638390856,0.241584936653,0.370225519136,0.504816121228,-0.76569158703,-0.232782771369,-0.245803662524,0.236902614422,0.339835067371,0.140165372773,-0.040755428579,-0.125446760882,-0.251457756877,0.120594659126,0.0830615829502,-0.120042564358,0.122278124562,-0.0973250363345,-1.34805873582,-1.48566680372,-1.02586895463,-0.868686846356,2.02087011606,0.661170675642,0.811635692618,4.72696099033,1.43089946573,-0.495301109608,-2.73828411278,-1.2896526483,2.32851630918,-1.95640362589,-1.60389666799,1.06213391677,1.49640350356,-1.37428366013,0.834465968022,0.902627987801,1.53239688128,0.740809348365,-0.692061758258,1.00078078161,-2.70320220753,-3.15082193957,-0.404091720515,-0.922512568787,1.13231391478,1.23796915606,-3.01498306697,-0.413109062455,-0.475508407174,-1.46145358698,3.73819663418,1.06085235431,-1.71162672056,-1.62380800981,1.31734672575,0.0285603522122,-1.36352530266,2.46264375654,-2.58289898104,-1.81840246092,-1.89306513346,-2.03695626241,-0.889885969071,-1.31660135791,-0.452957362086,-3.21514942073,-0.746714107979,-1.06442648297,-1.78478042467,-1.66022664788,2.16466299471,-0.427511256594,0.444345267525,-1.56074358076,0.153473063728,0.173829834062,0.349303920203,-0.530844682364,-1.18419568765,-0.485625152874,-1.06472957291,-0.121661530071,0.048533358122
70,0.140112268694,-0.082995133116,0.00982842353517,0.0238596320266,-0.0186744336199,0.312221436972,0.0663421131789,-0.112094440925,0.253750169373,0.192082116684,0.109269959648,0.20495447972,0.298033024209,0.415549441083,-0.383652130518,-0.480668053745,-0.275196968251,-0.499468361277,-0.659123907891,-0.448714185294,0.396905602599,0.594947859985,-0.403909125123,-0.579641046799,0.0913426382657,-0.540616236352,-0.125714814075,0.776121723125,0.352474556503,0.0724452622967,-0.0595319298104,0.301105608977,0.311111227003,-0.526729777359,0.404621944274,-0.179788611001,0.055823148072,0.128251837735,0.27644259327,-0.808099334521,-0.365740046244,-0.249379833647,-0.0938989159257,0.243230436379,0.0126119828878,-0.204812718847,-0.283425334593,-0.0333820969069,0.0793175129418,0.128941574003,-0.270392861429,0.130386768416,-0.0902746885224,-1.30147335214,-1.53436280654,-1.14633944904,-0.922117524822,1.90749288521,0.650407583065,0.81482288795,-4.08223380538,-2.46308121505,-0.803202958106,-1.86532537159,-5.0601651322,-0.0281037225563,2.92981194403,-3.44681943379,3.2017330761,-1.5642867995,0.621514668632,-0.0197887881531,2.69483909454,-0.238913617207,-0.314329580569,1.8033565757,-0.745368437211,-3.95367537981,-0.745981564005,-1.62851023672,-0.653010770454,0.179504545174,0.635239451054,-0.723655503834,-0.817015597823,3.54174519235,-6.00660472761,0.488044792493,0.755857094076,-3.59621261652,-1.64514461724,-0.483162067247,-0.9755900273,-0.799099866219,2.25339446721,-2.17915529427,-1.80382389122,-2.83705102541,-2.3823043697,0.0774362023165,-1.30527148653,0.355655326161,-3.32265030812,-1.18956854855,-1.46390027927,-1.46138120896,-1.43593695627,2.15104601523,-0.405694519197,0.473520269456,-1.43227530462,0.000729227452037,-0.0313787432784,0.578278717131,-0.441966458843,-1.22245561614,-0.582134147265,-1.20005408933,-0.0943392321424,0.0152360764411
71,-0.0945865219781,0.0331948637682,-0.196287384895,-0.227900607919,-0.144116721737,-0.0639007661667,0.219354684066,0.0215283699937,0.216401831514,0.115284103151,0.207819397874,0.24387955632,0.504049649116,0.381964903555,-0.421436193156,-0.268829105073,-0.46232602942,-0.823171451969,-0.680578669903,-0.624555858906,0.401669317402,0.532598141931,-0.412233583544,-0.509302356131,-0.043076396155,-0.120788438912,-0.795559262908,0.714437142729,0.439576242641,-0.308702003198,-0.166729497549,0.160518049283,0.185609458489,-0.575341231685,0.580721485151,-0.324553367797,-0.104950526308,-0.171645105931,0.0578766444674,-0.746470635693,-0.486075773449,-0.182185805279,-0.411576919127,0.102663862601,-0.14632998392,-0.327514677413,-0.40101490165,0.170028025544,0.0380035129875,0.177698988431,-0.403966174613,0.12097472757,-0.103148105671,-1.23341396517,-1.57382910471,-1.26979099092,-0.984905484499,1.78144988592,0.642143697947,0.814688408889,0.584906054073,3.41616931696,-1.47844463376,-2.56434174299,1.21051370512,-5.23182937561,-1.37666054292,5.83850758082,-3.66763174407,0.403959288163,0.945599880459,1.14438645028,0.863579473744,-0.0210838226673,-0.064034294249,1.73693095888,-2.71365552922,-2.12103789262,-0.0844735407769,-1.62577622365,0.832908725674,-1.33147793759,-0.704170019575,1.96278851459,-1.90990476362,4.14820618992,-6.49425303389,-1.30996053031,1.04034382107,-3.72134401139,-0.324870753467,-2.22984613426,-1.39400279803,-0.156080581867,1.14844941066,-0.558061757151,-1.36882491825,-3.02305322182,-1.85245799685,1.15343400718,-1.06151941616,0.940868824917,-2.95183658195,-1.60944001138,-1.6753647754,-0.973395659039,-0.865071594862,1.877211597,-0.426929797989,0.500554154124,-1.22806103613,-0.195328652198,-0.2230848523,0.776973592783,-0.346174594751,-1.24364948613,-0.672398826061,-1.31766829147,-0.0717876647121,-0.0178958334785
72,-0.0259887759485,-0.0784039178118,-0.0448913763545,-0.227079023306,-0.229586469775,-0.288518846724,-0.102794216534,0.470367744697,-0.0504239107352,0.179938372251,0.281813324538,0.420101619829,0.457442755185,0.432353105018,-0.362612311762,-0.250424020723,-0.725708176423,-0.899462072001,-0.732086763017,-0.739597724206,0.546141382788,0.382099379464,-0.489972287729,-0.259960720285,-0.270191152471,0.165447976906,-1.25441006852,0.602085885482,0.562350266356,-0.621209974313,-0.107985047059,-0.108850870038,0.0642489622506,-0.554382093593,0.620221508795,-0.273661541443,-0.216004179073,-0.449524039502,-0.0718553691893,-0.582464752858,-0.570060676362,-0.0719383729404,-0.669659721993,-0.0743818201122,-0.313220040282,-0.397468976139,-0.448270608702,0.335213965506,-0.00701530309442,0.228656374037,-0.514138042367,0.0902730685577,-0.134168275495,-1.14742250927,-1.60336080082,-1.39447094287,-1.05631597729,1.64462035902,0.635870779611,0.811250250403,1.28327025068,-3.06598575225,1.96214033618,3.07939214153,-3.06572286398,0.842404574538,-2.91365174326,-0.268306016783,0.539197974225,0.235008699182,0.697786909244,1.89438609385,-1.34081054186,0.761959858275,1.0634858928,-1.61755610459,-2.08089628251,0.434462562068,-1.01894595501,-0.646625978498,1.82070565963,-1.31170553903,-0.49018090084,2.54185348646,-2.38828752402,1.16801776053,-2.0367351664,-0.563539031212,1.38878679708,-2.35578052125,1.48001633231,-2.91341664681,-0.873903809716,0.589185744494,-0.372505311755,1.58745584395,-0.875210287436,-2.41328422197,-0.664706839008,2.07726189351,-0.579336803998,1.20653889744,-2.14579464934,-1.90117636723,-1.61100278828,-0.424841547081,-0.0504717986178,1.39909732129,-0.476196105322,0.515632538446,-0.967968945932,-0.422696423708,-0.393175995824,0.935419047167,-0.243296567302,-1.24689758485,-0.754226805114,-1.41545707346,-0.0546106186795,-0.0508314831179
73,0.203270159747,-0.0596342928612,-0.102125271971,-0.00724494528036,-0.295387794818,-0.185934527642,-0.126255628703,-0.0932926401036,0.282622307262,0.184676287253,0.362467044084,0.513743979607,0.360072276418,0.452854875729,-0.298884884671,-0.547772667544,-0.825770345138,-0.802694270667,-0.856858601801,-0.774562979539,0.708465633121,0.332961131677,-0.454624202555,-0.0889716944844,-0.45486959373,0.094260331202,-1.14930141628,0.640813410912,0.708811043514,-0.765450289584,0.106055176587,-0.368411341568,0.0361625589071,-0.457310963145,0.514939110985,-0.0203247005917,-0.289888138551,-0.635229535555,-0.0679048284257,-0.345367589506,-0.594834585828,0.04757622392,-0.830523597241,-0.269921928701,-0.457745152782,-0.414077770377,-0.407733023472,0.445989537691,-0.0573072128662,0.28002888775,-0.596494548219,0.0359198509385,-0.180877119949,-1.04793650976,-1.62226768382,-1.5185509226,-1.1353999317,1.49907963998,0.63102628796,0.804530034802,0.677946373502,0.315018816288,-0.993217942076,-1.14388855821,3.43415028631,0.330376456266,1.45087819379,-7.78087309495,3.54292071909,0.660611872157,0.796764550188,-0.318356117001,-0.172527605553,-0.619939498102,-0.303225093782,-3.71839124803,0.0618745008318,1.11392355361,-1.20101908525,-0.228853999541,1.17443620849,0.491627515613,1.2934973834,0.585403208016,-0.958674084855,-2.36247300809,3.9816201352,1.31724356444,1.49250715605,-0.557358450661,2.60645686043,-2.01585454547,0.386180850387,1.33409964078,-1.63681012462,3.34183810426,-0.671278443263,-1.23837821395,0.735449029121,2.57360703419,0.114317499932,1.12810926541,-1.03544265962,-1.96451901879,-1.22515962919,0.076558522138,0.86495009259,0.805784475333,-0.527457584992,0.506829909113,-0.675967905973,-0.665450009187,-0.536168112941,1.04575358933,-0.133821864715,-1.23156440308,-0.825531267945,-1.49162042707,-0.0432882425109,-0.083529035865
74,0.030603688648,-0.177013386184,-0.149358559584,-0.225365114136,0.0931920389191,-0.0836992107273,-0.157505820622,-0.376735239758,0.209206884564,0.382854098063,0.412298758884,0.388977568591,0.411266517412,0.340304621841,-0.469010188416,-0.855828390004,-0.76407762849,-0.733665396429,-0.921120506171,-0.812264600136,0.758516119438,0.467280438275,-0.262079671342,-0.151239225703,-0.412236745712,-0.213916702445,-0.56515394603,0.820521897072,0.851695816514,-0.754470205428,0.367299725965,-0.470441577646,0.14135770093,-0.296333027836,0.319759945027,0.356895656527,-0.365108330184,-0.692720134884,0.0650402987423,-0.0883998420386,-0.542729964496,0.143594234613,-0.872978581451,-0.457362527679,-0.547999087029,-0.386692179057,-0.27716866948,0.496045307361,-0.111556019005,0.328845340392,-0.649124039771,-0.0427174280892,-0.240401422796,-0.940056609723,-1.6299464529,-1.64015120785,-1.22100665743,1.34706570294,0.627006323515,0.794554155079,-1.15840079315,0.933408493817,-1.65004629857,-0.011722408918,1.11386476531,2.35335459282,-2.36041806934,3.1466590082,-4.94542619732,2.53814614851,0.185874883783,-1.64759590334,0.716150991117,-1.06712755623,-2.91194072865,-1.90634786909,0.793705303259,0.143766018766,0.0572268013725,-0.557369981657,-0.120812373018,1.9139754313,2.17850129074,-1.6101362609,1.89593736516,-3.20457712542,6.89002773673,1.89933131739,1.319678756,0.610169047371,2.38629922576,0.102713684594,1.63594345376,1.8144135701,-2.10718127555,3.97950714797,-0.902654937605,0.0690503480349,1.83394409682,2.4562947689,0.939926369192,0.748706897637,0.1872945575,-1.73206432851,-0.534091745995,0.443220772799,1.72417537709,0.202595010509,-0.550305905696,0.462832267171,-0.37770817009,-0.905192007821,-0.649224741469,1.10263086539,-0.0190126198543,-1.19725921007,-0.884373568912,-1.54471146837,-0.0381659226247,-0.115934786728
75,0.0675630996167,-0.0270157814396,-0.150916847791,-0.0203592910458,-0.100160209109,0.0505955635072,-0.22938257729,0.0906585455863,-0.220315854718,0.406475263844,0.409897761725,0.291495715693,0.410281309954,0.36113828839,-0.776841326298,-0.89687466774,-0.728723815762,-0.765785427022,-0.852760220885,-0.867764212696,0.719475052702,0.639294756802,-0.112289651998,-0.32970630409,-0.101278943301,-0.437942592821,0.0546574474778,0.938680831251,0.961828171336,-0.680075955885,0.546124954585,-0.343383549743,0.331919983313,-0.113288302727,0.126039695277,0.730180154721,-0.480508418567,-0.633298632421,0.275405071983,0.124854239633,-0.40702341193,0.190403449653,-0.796443510051,-0.606028274838,-0.55718800005,-0.331615214277,-0.0696102401465,0.489609693543,-0.165507307361,0.371155610458,-0.672656339619,-0.144378050316,-0.309708488774,-0.82928151388,-1.62596090912,-1.75736549114,-1.31180068817,1.19094218431,0.623179556653,0.781354994752,0.0624713222566,-1.17351668847,3.92814661585,1.50543817203,-2.36514538739,-1.36379492496,2.87035116778,2.94845215601,-0.826961325194,-3.01696563281,-0.325312990138,-0.0137489936909,-0.853281029736,1.8114711306,-2.59539498802,0.861332484494,-0.228998018056,-0.629375879456,1.11576333215,-0.374529846785,-0.432514489951,1.15678032089,0.393842312858,-1.46783658831,3.99264076086,-0.896304346973,4.73264778572,0.11123283238,0.812263655869,0.706020166586,1.07577575934,2.35234954251,1.95706922563,1.73569426039,-1.61582171234,3.27532710888,-1.42896039109,1.02465544288,2.23738843742,1.71501007885,1.75881748928,0.162838331599,1.30942929788,-1.19272435543,0.376127924554,0.626033949841,2.38326157454,-0.308282153903,-0.517674552289,0.375842372829,-0.0979424589005,-1.12275059378,-0.731938866077,1.10346224187,0.0990490040083,-1.14384271215,-0.929003238393,-1.57366869314,-0.0394456564635,-0.147982556589
76,0.0610994364352,-0.00558422899475,0.142863239071,-0.0126076109108,-0.110753590237,-0.214419402317,0.235999209464,0.0684648997825,0.107750488586,-0.0690267402765,0.281135315535,0.356561273389,0.321765046876,0.656817026645,-0.901905625216,-0.771671420361,-0.797931376916,-0.824600659123,-0.748107994282,-0.854450056414,0.703490150277,0.659087530866,-0.222588523701,-0.364870492376,0.295014583058,-0.370876761826,0.284138037126,0.806027743906,0.996103444109,-0.638045310567,0.577999096613,-0.0357522534593,0.483919701906,0.0284617413531,0.0208665194803,0.978358957519,-0.648828609982,-0.511551869422,0.484833683463,0.240151063711,-0.197195410789,0.173403869981,-0.620867213613,-0.687509709293,-0.470362224313,-0.26773151481,0.189173676857,0.440198338903,-0.212671766286,0.402512411835,-0.67004923593,-0.265919554946,-0.385830034625,-0.721227183047,-1.61012347238,-1.86828664589,-1.4062824587,1.03315849904,0.618901886292,0.764972191701,-0.0812331033307,3.56647442692,-1.2300957161,0.0749510100682,1.27828580452,-1.08584554088,3.22359368226,-1.38296504539,5.05350712741,-4.33836135971,-2.56967633206,0.789173972831,-0.177854602134,3.38533200745,0.163932206103,1.160743393,-0.941269524038,-0.411835590547,0.755122875423,0.720267535243,0.140802528112,-0.725670919254,-2.4940669502,0.969908026838,3.43177949903,2.0674284058,-0.26898800957,-2.73691308798,-0.231057443705,0.0754076758273,-0.368419856354,3.55159493193,0.841971149059,0.999193422956,-0.405618885774,1.57657209766,-1.89199655795,1.27708017413,1.82131816313,0.545771801199,2.39082013624,-0.505534391198,2.14034066227,-0.403632926469,1.35736365713,0.622958053863,2.73480363304,-0.646063235583,-0.41299335347,0.244061833174,0.141897449515,-1.29995567594,-0.785925052601,1.04848929054,0.217482187763,-1.07144067833,-0.957894533826,-1.57784176069,-0.0471801205398,-0.179593420754
77,-0.168971634941,0.0688301642433,-0.0356110387209,0.011332196692,-0.000679189512827,0.0937490273794,0.0957075610516,0.168972396021,0.298688921209,-0.12773582219,-0.0530440442787,0.338229055771,0.472449666062,0.882277234709,-0.798152250883,-0.72530143556,-0.869148068398,-0.837442191031,-0.721618589244,-0.735527067822,0.724852416035,0.544379674719,-0.530821244408,-0.149455507357,0.502143038729,-0.101800195446,0.0487278028581,0.438627667706,0.896264429151,-0.661700790458,0.500816901978,0.312747824001,0.462007233394,0.0726410075522,0.0518260677337,1.03678926917,-0.843647138065,-0.404072248467,0.618495456086,0.23155552615,0.0589022167883,0.0909505835912,-0.382547288406,-0.682419683759,-0.289560248497,-0.211853179871,0.465198622309,0.367729965235,-0.245651390649,0.418656765409,-0.646152822093,-0.402503182812,-0.466038346453,-0.621347076594,-1.58257108443,-1.97103419829,-1.50281243521,0.876207727098,0.613531550351,0.745453911852,-2.9164256518,-2.60836944082,0.228923985389,-0.33661490706,1.32215661337,5.38373809384,-4.20927316035,2.98904359429,-1.88459066314,3.15768280799,-3.14867138726,-1.41941615508,3.06006971706,0.625132202451,1.44511919056,-0.287284416827,-0.305401110965,0.13203224145,-0.182110538405,1.47234833556,0.0772916309888,-1.18397699345,-3.05952271464,3.0065438111,0.457873950322,2.79956923096,-3.89854262587,-4.20898912872,-1.83374151941,-0.459645258937,-0.985773612083,3.16049823344,-1.39487667648,-0.143961164376,1.01065478664,-0.381879960395,-1.90364799585,0.75509482937,0.778487690761,-0.695407332466,2.65765463121,-1.12464818385,2.54888280777,0.514032542397,2.22313945373,0.476024371887,2.72373688228,-0.765284296745,-0.235264384302,0.0732029447613,0.325675731536,-1.42131284943,-0.814283761812,0.940692258141,0.332698004379,-0.980464292579,-0.969778856769,-1.55701021797,-0.0612695883239,-0.210675785054
78,-0.000729673318588,0.0961045391054,0.0554007490153,0.029173925516,0.218282561803,0.309893933374,0.0198783330403,0.274584077478,0.0241256941343,0.238947507358,-0.125855524944,0.14188703528,0.765314500366,0.79056777516,-0.692885063823,-0.796432238741,-0.85025575657,-0.810124941684,-0.755279811296,-0.606310245715,0.682057639473,0.489600723786,-0.712488387034,0.138789967499,0.381024450372,0.0928553301101,-0.360434932931,0.055566935022,0.628191865306,-0.701702615891,0.419114884463,0.557107781468,0.203138056878,0.00414966700291,0.211199521406,0.919684950103,-1.0073241398,-0.378202705612,0.634063393414,0.112179277124,0.318090357679,-0.0458158470313,-0.126883069298,-0.585885608564,-0.0359187202707,-0.174917209224,0.721880090579,0.294571925152,-0.257820722978,0.4162894363,-0.607108617401,-0.547934664143,-0.547965331795,-0.534669110417,-1.54382876988,-2.06378411809,-1.59963825947,0.722583000348,0.606444397391,0.722858097588,4.35240611314,1.71695445008,0.928906187862,1.83001446822,2.30902485624,-1.83899293865,3.9496232891,-2.1761226855,-1.53428436276,2.16806804012,2.2704652269,-1.60949213772,1.57789023609,-1.95917758432,0.450310857769,-0.842930616236,0.596125216678,0.351271946814,-0.300337081469,0.909231744786,-1.01091345831,0.258063071635,-0.12033965792,2.2261153235,-2.68202977368,0.747872172423,-3.60611920087,-3.02801619317,-3.4537958404,-0.168063980133,-0.486233728255,1.61642230908,-3.67837130139,-1.1519441779,2.0787954476,-1.81959740557,-1.25930710128,-0.288742192122,-0.455952472588,-1.6066278511,2.44092663397,-1.57330985699,2.48662039684,1.39588164348,2.78466569569,0.257698009276,2.35324067705,-0.662997860851,-0.000948679082582,-0.123348007339,0.443851236364,-1.47541128432,-0.821006540177,0.785550726361,0.440554546439,-0.87163586146,-0.963672545975,-1.51139470018,-0.0814618017504,-0.241125815835
79,0.0716166389057,-0.0976344349365,0.16498883787,0.334624900653,0.269943873569,0.124678366069,0.444701553463,-0.0279176656122,0.0973711259584,0.188222956501,0.294051095571,0.192971774642,0.635325057635,0.600827008321,-0.703497575804,-0.840925954092,-0.780207244473,-0.773703839273,-0.752818387345,-0.570630426144,0.541223036232,0.57699093449,-0.530067499526,0.215613510606,0.0389175244543,0.0261004569755,-0.571681273539,-0.11162255102,0.237904588417,-0.662565741805,0.422384666716,0.634564470575,-0.232069281878,-0.134340302595,0.442613408554,0.707078349283,-1.07691457653,-0.463007565292,0.537883929876,-0.0683887572371,0.530587521907,-0.214803119047,0.100326812361,-0.410267283355,0.252149770447,-0.159938988662,0.925726484488,0.241252753579,-0.245014033206,0.393784690249,-0.559658532025,-0.695126867062,-0.629661985219,-0.465562958158,-1.49485482004,-2.14480135136,-1.69492442771,0.574733159943,0.597049021112,0.697253655455,-1.66754940246,-1.97039982634,0.090906543186,2.54617172875,-1.09863854767,0.582738372679,1.08462319263,-1.27357455469,1.90114110463,-2.09718396561,4.72685528668,2.96660371518,-4.00795313084,-1.51576990249,-0.456761132706,0.108140608838,0.65311848844,0.380126971826,0.406616341697,-0.14077669122,-1.55908694392,1.14358807624,3.52253399556,-0.867726710941,-3.69555906297,-1.93397385343,-0.36919644252,-0.235868305586,-4.11157800912,1.07860169747,0.561880817677,0.0247250940891,-4.73345642987,-1.46917201174,2.40721026778,-2.24782477636,-0.067361437914,-1.36670357086,-1.37776411224,-1.88389607634,1.73380364179,-1.75599949762,1.99342510221,2.06799435044,2.89204450975,0.0501689593065,1.68050459404,-0.378175392673,0.257824080133,-0.32584612199,0.493969394519,-1.45593476535,-0.810389963236,0.590680657757,0.536567466815,-0.746017463872,-0.938899744237,-1.44166027786,-0.107354846255,-0.2708282231
80,-0.00222938720865,0.154676656409,0.0998367673487,0.20814125696,0.243166484979,0.380738947962,0.132445580624,0.203792761754,0.190827172215,0.128346386764,0.576899843987,0.605440794178,0.194637061058,0.478503600163,-0.728946620647,-0.77467017464,-0.734700649856,-0.72945251718,-0.681915960567,-0.603042997126,0.428532116018,0.626366845536,-0.116506679021,-0.0145421702838,-0.269554077322,-0.222186722996,-0.442492723296,-0.0179464622711,-0.138050669185,-0.474619454598,0.515971069999,0.594941955384,-0.677333669361,-0.258381743669,0.663674994103,0.504649366093,-1.01564740796,-0.634859656206,0.381518326407,-0.240269244584,0.652615354768,-0.386209218153,0.26126341034,-0.184161179316,0.524780588987,-0.162173089853,1.05116357564,0.22261553051,-0.206856195194,0.351703720674,-0.510446152665,-0.836639953854,-0.709602239224,-0.417548607507,-1.43706268067,-2.21247523172,-1.78678400382,0.435018480138,0.584801457179,0.66872154821,-1.5049967337,2.60586621605,0.635024858434,-4.57420576007,1.14035142293,2.05423575496,-4.43142988037,4.27311130631,-0.0129812965135,1.7804842752,0.556548553813,3.84706267792,-3.15098761507,-1.18776867161,0.226240909792,1.09023297906,0.278348973321,0.530619337747,0.90067592208,-0.308131858251,-0.462929137341,-0.586692344817,4.03605955805,-3.37909707345,-2.12772452814,-2.53840961825,2.6547836609,1.79713194905,-3.12480892777,2.65076096982,1.15546756425,-0.609762947966,-3.83884659428,-0.865324468965,1.87605548359,-1.65571269596,1.27487525031,-1.95052322135,-1.61951478979,-1.44032545517,0.663505600199,-1.61617453989,1.18578659617,2.38605533243,2.47150868719,-0.0771197287683,0.804002263272,0.0163378757304,0.498493341691,-0.510830650186,0.480330858899,-1.36219091514,-0.786518455794,0.365377516783,0.616162917789,-0.605039265319,-0.895110207677,-1.34891176036,-0.138403023593,-0.299657388813
81,-0.244030973975,0.117297747637,0.160750912186,0.0251907764256,0.259454212309,0.234626010461,0.124152936205,0.384675041137,0.273114621336,0.466057157817,0.516333803135,0.708465099279,0.218332733283,0.344812986902,-0.619773960782,-0.654051602981,-0.705535219761,-0.666024811732,-0.596686829512,-0.603225804532,0.456588964211,0.420560076935,0.148750387729,-0.360538851445,-0.352162404,-0.385104422312,-0.128498897383,0.167926170228,-0.342549663869,-0.156703733508,0.614102932034,0.552108003723,-0.944144697309,-0.285349195106,0.79416128786,0.39572040262,-0.834213000382,-0.824777781427,0.239539369677,-0.338024817801,0.659116728134,-0.527038214782,0.332578460991,0.0523975835306,0.72962133343,-0.171367921977,1.08378425674,0.245084285317,-0.147432707243,0.29299369595,-0.465388757917,-0.965248791798,-0.786640558933,-0.393153948878,-1.37231607963,-2.2653575459,-1.87331186049,0.305667266501,0.569219145225,0.637355757379,-0.338165249914,0.258381369862,-1.52924507382,2.89790015499,-2.15120973905,-4.07060499112,4.33564266724,-1.32140677002,2.38629368569,3.78194128454,-0.80623844179,-2.16794913927,3.5340928157,-1.24917645245,2.00391843771,1.21334386895,0.433285764186,0.724212121588,0.713882268179,0.352771741205,0.834945344517,-3.40361813752,0.847687523405,-3.0066723234,0.454600569811,-0.345421177547,3.14727170605,1.51277605258,-0.839976320566,3.50360959233,0.598650477485,-0.0944562291786,-1.30598903856,0.386415189895,0.641981820914,-0.477870240115,2.25320390722,-1.69627389227,-1.10604604024,-0.451154553736,-0.530263479419,-1.14834915792,0.231581830549,2.27068653917,1.54959770068,-0.0859592662539,-0.154691070118,0.427672145997,0.675846620713,-0.654682148338,0.412932870957,-1.19912613179,-0.75286282165,0.120098035641,0.674956973734,-0.450523605484,-0.832292067528,-1.234680909,-0.173925660218,-0.327478825195
82,-0.0262158990878,0.131029724816,0.132862841522,0.291135345688,-0.0137964476146,-0.00550504464883,0.468876791595,0.250600682573,0.591219348756,0.7033973531,0.515047785841,0.348214379135,0.654287540507,0.316894492745,-0.364024532134,-0.53110063081,-0.628134299114,-0.58951205621,-0.54492112663,-0.542492584657,0.523327186981,0.0338555247958,0.0396697156733,-0.53304323151,-0.21712685898,-0.259194024456,0.112514266437,0.223706670003,-0.307330913445,0.17541121036,0.601506921244,0.589227185229,-0.924271483733,-0.181337266699,0.78065357742,0.40649231439,-0.590512624255,-0.945743367223,0.177239905086,-0.325035959716,0.552076608936,-0.606689595994,0.308921646878,0.255700872335,0.822261161631,-0.17546412024,1.02166057273,0.305500290844,-0.0751123002171,0.222810051097,-0.429183989206,-1.0744867763,-0.859936496238,-0.393825877681,-1.30289562197,-2.30220262215,-1.95261894851,0.188734133912,0.549893867953,0.603264084377,2.23795418142,-2.7006431996,2.97571894531,-1.0583667677,-1.17448827131,0.733739584844,-0.213044852397,0.803814126719,2.83717793308,0.735771657133,0.603980606057,-3.31518741803,3.41505536658,1.0409612981,2.69219760359,1.35096986294,1.1600224399,0.784297798248,0.351963964072,0.753056683047,0.072204023986,-3.67148885575,-2.73570512503,-0.226158072508,1.92581102747,2.78015014637,1.4757915385,-0.54551322536,1.40338186423,2.86734653703,-0.954951283385,0.800849314416,1.64679756486,1.63041335738,-0.931318975165,0.625154874938,2.4775241782,-0.603571049584,-0.0927118399724,0.699428482783,-1.5599994258,-0.40688984099,-0.682913652184,1.73015549735,0.257439585283,0.0208773092633,-1.07084238854,0.759995748055,0.75092273105,-0.737488741788,0.305872476577,-0.976846420546,-0.712024352717,-0.134086419417,0.709043817072,-0.284700660758,-0.75077965657,-1.10090565629,-0.213118732798,-0.354150940835
83,0.0947480813611,-0.00800713794816,0.143195326241,-0.00228741474549,0.134034189972,0.262034373833,0.154748853064,0.574357935371,0.705171749126,0.665796107963,0.548837069309,0.310888129442,0.68388817444,0.52290366789,-0.188927877136,-0.363643627911,-0.475842270515,-0.509342786993,-0.513362106846,-0.469007120962,0.411749744963,-0.185805322336,-0.290461598835,-0.410925750022,-0.0384777999077,0.110895822968,0.16987925073,0.0661381215298,-0.111252185444,0.369701667133,0.42130854479,0.684959817679,-0.649364061041,0.0177047848003,0.612014809934,0.498320514321,-0.366642320524,-0.929356430739,0.221512237345,-0.208057811721,0.360933787336,-0.603074067362,0.203047964364,0.387499611238,0.775958853597,-0.164712720894,0.874724073064,0.391699062502,-0.00149225340062,0.147965442019,-0.404992882066,-1.15911965045,-0.928861483404,-0.419896169399,-1.23143689386,-2.32200838909,-2.02286710891,0.0860607529975,0.526503393818,0.566568760813,0.282250865599,1.51889353602,-5.41701003976,-1.65485760902,2.84431589354,2.65299784207,-2.92008807371,3.65749438127,-0.368371755972,-1.08022053851,-0.171204410747,2.77642225599,-2.68066443164,2.38109852487,0.333722930259,1.9973251325,1.83241352376,0.844737466185,0.35680383935,0.710351964149,-2.35521975882,-0.273660326821,-3.21586406346,2.41860571129,1.31746184862,4.16579045945,-0.120997196933,-2.40206770202,2.20338038419,0.85346133442,-2.55700040586,0.893996020589,3.58468102446,2.19713365191,-2.38204497382,1.06660892641,1.87689431319,0.965316367934,0.935095701005,1.55594970014,-2.17947109964,0.493176324882,-1.38738649478,0.86428501076,-1.18760639655,0.201183912396,-1.83470798807,0.931751292399,0.699371260765,-0.746530905691,0.175460429377,-0.709711034213,-0.665635848619,-0.386033726692,0.715274322927,-0.110211514937,-0.651256569365,-0.949901568755,-0.255069137452,-0.379527085688
84,-0.0248401047772,-0.13339540436,-0.26291229208,0.0206537497433,0.278091607801,0.308438969369,0.341124990932,0.620128892884,0.618359223469,0.546168914516,0.527450319827,0.696285934626,0.361112632007,0.624421030744,-0.318168638175,-0.169939208501,-0.276808085955,-0.411111269958,-0.459327658408,-0.382999279579,0.104024178339,-0.0060880014367,-0.494686994531,-0.126821827054,0.00218010604658,0.477567849254,0.150227282605,-0.196799556065,0.0713499357045,0.334873091949,0.125829315436,0.716806546642,-0.269400753763,0.225188188222,0.322924742055,0.588490993459,-0.232878784477,-0.756378476103,0.347441457153,-0.0357136892301,0.13413526869,-0.508182836338,0.0426690286422,0.423486236287,0.588477347863,-0.135074500964,0.662540273035,0.48469519382,0.0603967290151,0.0760769072234,-0.394314809015,-1.21551150275,-0.992903364678,-0.470600435943,-1.16084193712,-2.32405695159,-2.08230396035,-0.000760176898331,0.498821569817,0.527406841783,-0.503563800876,-3.71736315163,0.985578463305,0.464683204059,-0.656454398523,-1.00667295168,5.92538863126,-2.67711283959,-1.15908248346,-1.09601015762,0.233333378523,3.25856667082,-2.1799128665,-0.888567781197,-2.52794830474,1.51975389968,2.04984654202,1.17743455898,0.78777499328,1.15735007442,-3.27733262423,3.53464002322,-0.548746299469,2.81828818115,-0.582953719931,2.75175697245,0.0583282931335,-2.52700031046,1.19284046371,-1.48513299501,-3.11108164969,-0.509167636222,3.69981739317,1.79636590469,-3.27771647634,0.583171523761,0.752825264536,2.42388954199,1.4652268956,1.76488877878,-2.26613204484,1.38867667174,-1.75735372753,-0.15236979051,-2.52065222835,0.385846231384,-2.36514260471,0.890121093062,0.517653238571,-0.678734027888,0.0383127860723,-0.415101861825,-0.614412830898,-0.625044521144,0.691507183945,0.0699051497053,-0.534754135619,-0.784325927043,-0.298771376617,-0.403457839799
85,0.297254480476,-0.0774825524862,0.0402465865276,0.0233995103616,0.069032688669,0.334199912156,0.751018210353,0.387394621843,0.44546610923,0.483683069221,0.630659949464,0.749710521737,0.409860001032,0.390167882028,-0.54098473189,-0.128073637023,-0.093242577338,-0.265183587915,-0.342820304538,-0.215102319439,-0.124509003094,0.39390937699,-0.397136103207,0.0757124636201,-0.140392558508,0.613316673145,0.228400292795,-0.386659512414,0.0984735316985,0.108491181133,-0.150114264194,0.54599657522,0.0382353359472,0.352749631034,-0.0156208077141,0.589070916837,-0.215055430404,-0.467448307127,0.487080127831,0.119340063985,-0.0758525300234,-0.331606955624,-0.135257129209,0.359158949569,0.284310773629,-0.089939629118,0.411017223399,0.562073536887,0.0983428072662,0.0145407522573,-0.397044059802,-1.2418566564,-1.05158268006,-0.544145940904,-1.09416767194,-2.30795288499,-2.1292974108,-0.0704170140804,0.466726635995,0.485930359792,3.19887861205,3.0127524337,2.32231736484,0.246333288717,-2.07561152253,1.85721767839,-0.307493702084,-0.285918929999,-2.25568051581,-0.0724343767962,1.46819462963,-2.10770982158,2.77687500697,-2.85940959794,-1.06955200455,-0.838673328645,1.44130726568,1.75225969338,1.61083858175,2.20829812711,-0.791797810007,3.67971238053,2.2302296528,0.968163983126,-2.06391365801,-0.0613025702931,1.58729778501,-1.12268125361,-0.663547517952,-2.77039035475,-2.17926529828,-2.99033441442,2.27528774764,0.681968637049,-3.34508774053,-0.664871046871,-0.34018095108,3.2056822738,1.18315024699,1.21672379683,-1.86487182198,2.09682886137,-1.7348658995,-1.10519285962,-3.48119036761,0.499174593369,-2.61717253141,0.620366701572,0.225814919809,-0.54159864012,-0.0903370486441,-0.111993844553,-0.5583324951,-0.841322493077,0.636816292363,0.252245818039,-0.402645452054,-0.607134926615,-0.343146387976,-0.425793504836
86,-0.00596083700564,-0.0984615660519,0.0287447161415,0.0984417368754,0.160056182724,0.427482029512,0.350235792451,0.506351973146,0.302871256694,0.506743332671,0.685245686918,0.480823459155,0.676182925345,0.259167276026,-0.447292823323,-0.297433125295,-0.0254701454873,-0.0692407238774,-0.126508704349,0.0284203727904,-0.0166930847854,0.597470682874,-0.135941895399,0.0476023180736,-0.356072999241,0.502020480517,0.448125212048,-0.421101173982,-0.0389828291284,-0.156431623106,-0.279791181034,0.129291168729,0.172618109957,0.35857737707,-0.317749053929,0.446628715362,-0.280771346831,-0.148230582553,0.557688888228,0.188350613058,-0.229065900242,-0.100495302561,-0.291710259155,0.211609695012,-0.0885060626815,-0.0396375935709,0.148670168966,0.601994849807,0.103279773728,-0.0304984417222,-0.4116762664,-1.23826419889,-1.10439183232,-0.637822035543,-1.03449635499,-2.27365718848,-2.1623693538,-0.121906662509,0.43020756314,0.442306221276,-5.90491437577,-0.200752726559,-2.44027562213,0.927943285105,3.90921343545,-1.39427663795,-5.09098514575,0.81435176435,0.308433427395,0.268238995341,-0.950566393536,-1.97586878875,1.24101522676,0.818288051952,2.69626713948,-2.00718793706,-0.212149443172,2.06366565235,2.72341656419,2.36849025021,2.74760344008,0.0118011140542,2.50189185842,-1.45807216102,-1.96344837809,-1.81900001293,2.55162187564,0.299861014423,-1.8749995357,-2.21392591571,-0.365540585609,-5.15028636018,0.462957225627,-0.523932998546,-2.57214174869,-2.17539605249,-0.837533851921,3.01211406174,0.121989335859,0.0982732555857,-1.17322288318,2.45688349055,-1.33689788066,-1.78488550901,-3.86758174851,0.481773832582,-2.58338080634,0.148635436001,-0.133854324182,-0.352373231127,-0.197923346322,0.180540565933,-0.49690590073,-1.02636407436,0.551640603009,0.433096437241,-0.256635046999,-0.421534623796,-0.387062194581,-0.446386752497
87,-0.16256205504,0.211583903852,0.0066279518389,0.161045998009,0.433996098805,0.149120344249,0.114403338751,0.326289614095,0.50765930007,0.503384292798,0.452105642072,0.461113709302,0.567944200832,0.489496094101,-0.168148574688,-0.404682339203,-0.126568161267,0.117828054534,0.18309564984,0.19243022472,0.315793003421,0.400773879736,0.0254261734765,-0.175341077183,-0.48905861982,0.329090581077,0.672564668516,-0.369201114722,-0.22718041,-0.283587302933,-0.236926693553,-0.421838008739,0.160350669272,0.264954189881,-0.51099540487,0.166151100763,-0.351694094486,0.105717588801,0.498182924485,0.133902654314,-0.31012529429,0.144934992139,-0.392949385481,0.0166434986799,-0.46666959682,0.00121263045367,-0.0969802985804,0.587138831561,0.0712716022778,-0.0550098534881,-0.435618695435,-1.20669501444,-1.15076440415,-0.74814551926,-0.984794380828,-2.22151469231,-2.18022811232,-0.154556871953,0.389368249312,0.396715832512,1.33432385391,1.98864757997,4.82396248666,0.684077039395,-0.971748811678,-2.28688118116,0.317297835128,-3.711617592,2.57544743212,-0.326239472768,-2.98102963718,1.10291415524,-2.81474266115,2.70983088604,1.82400270947,0.307797546248,-1.54372143785,1.51094715631,3.24388203322,0.646505440357,3.13808833271,-3.54023601282,0.511406235886,-2.70979980591,-0.582987197944,-1.27253897685,1.60494743133,0.501152151351,-1.65412493213,-0.16873792069,1.04461441182,-5.47726889142,-0.489963431935,-1.23457902883,-1.23467642566,-3.32624266618,-0.422990869881,1.95401017025,-1.33074587285,-1.17030524284,-0.469611174144,2.37535122778,-0.650030483662,-2.03370276967,-3.58225279446,0.309867407385,-2.29009097544,-0.462050499401,-0.502259268475,-0.135540280399,-0.27533161701,0.444765720806,-0.429501422987,-1.17326574155,0.437865955339,0.608509074927,-0.0987441540513,-0.230926364298,-0.42935601502,-0.46509537963
88,-0.116006656528,0.16665926089,0.510513439001,0.364553338271,0.0262733337148,0.130707413568,0.180350642184,0.108939128233,0.521961169323,0.449766720626,0.271993034534,0.506768897857,0.326239081526,0.584230226799,-0.205212092604,-0.241430637862,-0.245816722736,0.208046888075,0.45254966869,0.144928366371,0.469174956044,0.0148536991515,-0.0347309641252,-0.432901276964,-0.476740057548,0.29384098617,0.723511618949,-0.357002267839,-0.337851722808,-0.182061659786,-0.121174694741,-0.884435925241,0.121932001494,0.13504872251,-0.56173681073,-0.190341171151,-0.337466118553,0.229778152482,0.298338933805,-0.0340769587723,-0.331229476722,0.360008901577,-0.416653971357,-0.178332126774,-0.783485995131,0.0178770854962,-0.302437347006,0.507935022364,0.00477652016779,-0.0576171376036,-0.465553165576,-1.15076313831,-1.190077525,-0.871032323906,-0.947766600366,-2.15227269842,-2.18179918522,-0.168042839686,0.344429448707,0.349354446904,-0.142040348113,1.33456863484,0.267476033623,2.62808408317,-3.71136307099,0.861114609291,0.111926326719,0.548115758553,-2.9262406091,-0.832920849718,-0.0400999816942,-0.972884121131,-1.15161555694,-1.33431279742,-2.41197220941,2.43607558999,-0.344094245216,0.251586820164,1.72375820277,-1.41671704938,-0.54076726552,-3.49144527013,-1.53737864758,-2.16318137772,0.684348048216,0.622837505009,-0.659601827344,-0.341048080685,-0.501920874308,2.11981825377,0.982724451239,-3.40520096689,-0.0616254217421,-1.26082596688,0.190739740344,-3.64071641069,0.815189678555,0.518238504474,-2.58083127551,-2.09399438659,-0.00903204696938,1.86066337744,0.187947256744,-1.78216486881,-2.65714178365,0.00571145202265,-1.79004191109,-1.1218060812,-0.812292347815,0.0810108409727,-0.317173795692,0.66554547333,-0.355674903307,-1.27694254669,0.298832122679,0.77440037309,0.0687085399432,-0.0388475335295,-0.468857437921,-0.481785116527
89,-0.283147617219,0.318897179706,0.210659282171,0.269329359844,0.197746585663,0.11487687758,0.159808837042,0.309633835497,0.103847678722,0.299588845777,0.393518595626,0.285548036611,0.341849290086,0.302662106962,-0.477370036387,-0.0615852366136,-0.136024112339,0.18174135809,0.457247285355,-0.0155953644917,0.1966003456,-0.195575860352,-0.2271699622,-0.568917031357,-0.39609436852,0.428796021624,0.56158315664,-0.430165235425,-0.338418266682,0.105581553159,-0.0922888019955,-1.05155191913,0.177373464451,0.0263807543875,-0.486393581783,-0.529196144828,-0.176726972312,0.218931631103,0.00756670950272,-0.260559016347,-0.324694264852,0.506538773167,-0.355683688539,-0.324241087876,-0.98201061507,0.000130066079119,-0.450427738699,0.364561157858,-0.0870821241636,-0.0397158238455,-0.497803925125,-1.07542312518,-1.22168579903,-1.00198652866,-0.925713800208,-2.06708876495,-2.16625383258,-0.162397691748,0.295728347405,0.300430231099,-3.18496652488,-1.78462609611,-2.2703250275,-4.6262253572,5.58532727157,-0.581661846115,0.0402223221007,1.59564946434,-3.59743511455,-2.2290432739,1.4598407106,-2.55411761947,0.709417789897,-3.21561848277,-1.84038320381,0.572698786191,2.48675343326,-0.618144818396,-1.79910418006,-1.32068133373,-4.53218476304,-0.494016780069,-2.00744176767,-0.467298815834,0.684994101052,1.80807830857,-2.31751667397,-0.978456519536,0.340440100502,3.39509937807,-0.595226524023,0.169319910064,1.22365627989,-0.887088739481,1.21695922442,-2.98490721775,2.4045039317,-0.634518288656,-3.07430439176,-2.29699348912,0.0746996791838,1.03317585375,1.01657787615,-1.06763843429,-1.25279973123,-0.364152546563,-1.15342842673,-1.72817546866,-0.999639973503,0.270503977459,-0.321630693185,0.831348100404,-0.275464053484,-1.33425629648,0.139262455862,0.926669754201,0.243130916246,0.151091440225,-0.504412237114,-0.496332432474
90,-0.226203098684,0.151206895281,0.0947993137292,0.0554368844781,0.370641952151,0.27476669988,0.228480451538,0.199347314916,0.0213933160097,0.070391308736,0.354793928919,0.172884974594,0.307625445417,0.132512056201,-0.420453602346,-0.137546778685,0.160841914603,0.118215358054,0.122403240966,-0.0446819604531,-0.300412266586,-0.105079630263,-0.386104045943,-0.531597750489,-0.377265761843,0.591509483219,0.32808850084,-0.513276564353,-0.309168586202,0.447631133324,-0.255168428719,-0.864747192999,0.355950863604,-0.0458966964391,-0.341428197073,-0.763175776557,0.132894698475,0.130912377737,-0.281851352446,-0.465607515169,-0.32771815314,0.563156180234,-0.218687912708,-0.381001886576,-1.02671115432,-0.0539287216176,-0.531192276843,0.16739299605,-0.189354977338,-0.00513566334876,-0.528673586648,-0.986572363421,-1.2449813418,-1.13629776279,-0.920401040686,-1.96752582257,-2.13303500671,-0.138016519013,0.243715744032,0.250163053069,5.27197144823,0.166717914092,-1.11349759323,2.31106159489,-3.63944317066,3.63505694239,1.14653286766,-3.31224522011,1.58931353298,-1.73892966759,-2.68960714504,0.539063010923,-1.69161897658,0.130478967051,2.96487251056,-1.55153218872,2.71540579718,-0.546401612466,-4.40736599852,0.893226262726,-4.58081760342,1.92503787424,-1.00568390822,1.08075338698,-0.396532605591,1.14681649272,-2.00238131539,-0.483800682299,0.0426012067279,3.22647260454,-2.60698351822,3.32323707832,2.19498764703,-0.612115948045,1.5624727629,-1.61395979157,3.68076907996,-0.958917445114,-2.54234880347,-1.67502437997,-0.178961207611,0.102297866661,1.68614597045,-0.0299181458023,0.369902770561,-0.703036559241,-0.45889410523,-2.18239679464,-1.01386874921,0.41172408124,-0.289996407834,0.934935116704,-0.189610888662,-1.34405582829,-0.0348823313986,1.06133387479,0.421686549115,0.335272818011,-0.534906382762,-0.508627281301
91,0.172405641035,-0.0912100749686,0.145793491281,0.278855392979,0.0615392950693,0.42943298993,0.314238986147,-0.0251950407518,0.163356872531,0.0230415064652,-0.0300767793083,0.256644902496,0.093377989209,0.227039998843,-0.0349800694732,-0.20789078895,0.273132147581,0.0665696767119,-0.279405967452,0.134552165164,-0.579995751441,0.0925903673835,-0.414140297049,-0.3933356365,-0.466903604756,0.62066315827,0.21303856283,-0.501140989958,-0.359357123458,0.720536368098,-0.578111931201,-0.461915654462,0.572628898044,-0.110102829186,-0.195209158268,-0.845472756944,0.529492302455,0.0612673778469,-0.47136424068,-0.574926154021,-0.365283487671,0.531755000587,-0.0274196849259,-0.326579835529,-0.911115713661,-0.13597892578,-0.542917553256,-0.0641660661501,-0.283151315541,0.0406053702482,-0.554725283664,-0.890601688002,-1.2594712992,-1.26923846327,-0.932944191372,-1.85553323045,-2.08188009943,-0.0956537480533,0.188950838563,0.198783001041,0.903855231757,-4.11733089018,1.15299485642,-0.656236502835,0.982427211345,-2.24615410983,0.0327447996941,0.353884717628,0.0980485648685,0.569281584319,-3.68003471524,-0.0515445399787,-1.73398942241,0.751620251712,3.63809577666,0.856692806542,-0.820399288694,-0.644714403871,-2.83420098366,2.28622198681,-0.592682986934,1.57148407512,0.433687994069,1.44862305461,-1.23068071073,-0.603369269048,-0.177616180828,0.748362500736,-1.11020330648,2.16087845608,-3.57586290985,4.2730653486,1.88765271496,-0.742526569891,1.27892578792,-0.048492436631,4.07083900339,-0.27601765837,-1.13765203204,-0.442182219605,-0.573899699504,-0.687051699096,2.08891516808,1.11612538929,1.90047448449,-0.907664178681,0.214525364848,-2.40512558391,-0.827949351728,0.49261202845,-0.22608538481,0.973703673111,-0.099685387827,-1.30713498216,-0.216620643117,1.17467246789,0.601329324794,0.51013893669,-0.559289790422,-0.518575729379
92,0.128465398662,-0.0373669593093,-0.0856910971114,0.0465761157502,0.358727937574,0.0554188082064,0.164741845438,0.244307057387,0.0565970560655,0.0544654911267,-0.167280024945,0.0334970688119,0.0508105347769,0.136964078598,0.160258553501,0.0550377014101,0.0314489235849,-0.0460622249056,-0.332689359281,0.311574165779,-0.413096698889,0.155056672319,-0.312429874682,-0.282845862317,-0.575921466785,0.493005344346,0.283925261122,-0.384200842466,-0.524083063058,0.881121724372,-0.907218381535,-0.102083710594,0.688355469276,-0.20366645633,-0.0954006798246,-0.784935842833,0.909207571735,0.100163793894,-0.497962871885,-0.548649965015,-0.438125872555,0.43757535345,0.188650674088,-0.162353611754,-0.659677309706,-0.228187262438,-0.491426297496,-0.304301282398,-0.348327563288,0.0913355416479,-0.573005072703,-0.793929365547,-1.26486210684,-1.39625313552,-0.963721254507,-1.73341292502,-2.01283993598,-0.0364137378725,0.132093678627,0.146528647868,-1.99731704559,2.91819284463,-3.98575957945,-1.98335557556,0.800237166176,-2.45698398534,-2.66914884346,3.23466577894,-1.13573472411,-0.513833016363,1.09289146611,-4.01875158858,0.558260236309,-2.61436836126,0.221984273123,3.79992361234,-3.36316284057,-1.68627274318,1.91052496778,0.796497830722,3.58895091701,-0.355090647893,1.49739568827,0.627891582257,-0.693055095169,-1.71999481035,1.40532775159,1.37794357386,-2.05847703378,1.11810637199,-2.69804864366,2.52354236528,0.263097811914,-1.13780279056,0.705466449259,1.16266440016,3.34067396056,1.12787371574,0.603327592828,0.950486631102,-0.83909201808,-1.12495129816,2.18071331763,2.12564757663,3.04174345077,-0.895588907399,0.794165724858,-2.34927027368,-0.444565913923,0.512345659155,-0.135652709633,0.949677894275,-0.00809513304265,-1.22611614839,-0.398227442038,1.26337955605,0.778843953107,0.672260111125,-0.576599344599,-0.526102409369
93,-0.141381189375,-0.0572810374706,-0.0587407076929,-0.0502587581838,-0.0741819909781,0.0786468501902,0.00441492015581,0.260562912807,0.0914265855932,-0.052208906125,0.0127018876073,-0.305711137611,0.0284324591764,-0.179808082256,0.123847824689,0.352102505071,-0.238845735697,-0.238511811655,0.0256351526116,0.248619998129,0.0230745799285,0.0585407657551,-0.140172734575,-0.271835455707,-0.56694877077,0.330328176499,0.440344747292,-0.278430332999,-0.735573304357,0.962212133392,-1.07114333277,-0.0101424250895,0.613097950306,-0.330016758062,-0.0496368967056,-0.636351419731,1.16677348339,0.289422448259,-0.363438813188,-0.396602904988,-0.520958833538,0.322280323227,0.399138155669,0.0865375397734,-0.323279551148,-0.306565411135,-0.389250835945,-0.524461753375,-0.366593883576,0.141377419989,-0.58121178649,-0.702552860256,-1.261138847,-1.51313263386,-1.01231397075,-1.60377046385,-1.92629340825,0.0382653902011,0.0738953589539,0.0936450810363,-0.331530990713,-0.0676033267132,3.45509571307,-0.695458308731,-6.74910534395,0.914094868293,0.430754829397,-3.30159012809,1.51952256855,-0.833516364555,1.17409038702,-1.47301163526,-1.87301781194,-2.88855188691,-0.131396666224,1.16888071682,-1.37791837494,-1.74706800628,4.41581536103,-1.99310119889,4.46568622552,-1.24139347111,1.79897796615,-0.308405064518,0.957386232988,-1.28831681032,1.43728726288,0.473818208953,-1.97827555303,0.589411163389,-0.458281126209,-0.780543565875,-1.71245705937,-1.30487826409,0.259988145963,1.68360133101,1.69710912008,2.60596922787,1.96608911124,1.99515645598,-0.745069506077,-1.10214207676,1.98692284019,2.77728272688,3.57176647811,-0.629613201631,1.21936129893,-2.00807849391,0.101980012585,0.48148556116,-0.0259360345112,0.869166403735,0.0820217722345,-1.10526877154,-0.571560132204,1.32471312887,0.950892718294,0.818401868487,-0.585980736208,-0.531152744975
94,0.053372800582,0.163097093428,0.102481848998,-0.14484379394,-0.325179758742,-0.108615164741,0.118958838093,-0.121794171612,0.137405174422,0.00506483548522,-0.0562489528962,-0.204433593622,-0.331701574817,-0.354379244303,0.221346133325,0.218208171676,-0.20141287437,-0.291203311384,0.353860807342,-0.0258283392098,0.367438407237,-0.0248446601333,0.0148157291383,-0.306412100956,-0.39482977362,0.264581108415,0.52875983429,-0.326363454231,-0.888725185228,1.00864825068,-1.00197030765,-0.240454267925,0.379281451616,-0.441381506052,-0.0307345775513,-0.471326769592,1.23660119086,0.599016592483,-0.137720617523,-0.17348414801,-0.572166436645,0.231675009373,0.579247710039,0.376123302827,0.0308266829752,-0.346343198165,-0.254185981082,-0.697555488766,-0.324565754761,0.186608111913,-0.577829308289,-0.621650140611,-1.24862841771,-1.61616746529,-1.07748381518,-1.46945148792,-1.82295711094,0.126634562127,0.0151861151736,0.0403817238098,0.164247641804,-0.217813746231,-0.652396572945,-0.638812740346,2.43949361234,-4.01671501572,-0.182530926968,-2.21532382146,-1.51619611576,1.75125970232,-2.05348615114,2.55430425045,-4.41465893761,-0.767410825014,1.90933419729,-3.40778597876,1.85501731145,1.12785510088,1.3059979197,-3.04862748958,2.06398652455,-0.167048486334,1.13579324629,-0.143858842664,2.30686409807,-0.00693842361165,0.234164000659,-1.49829551535,-0.99514938012,0.338724826576,1.69150707112,-3.56681747652,-2.70568837174,-0.790420129358,0.182954286794,1.52179764651,-0.303638477758,3.4219469289,2.35272246916,2.33425810365,-0.208640813156,-0.648099534453,1.59053047772,2.92319625823,3.39118879869,-0.132714038281,1.44628473155,-1.41732340804,0.748799591778,0.420085067219,0.0946364968561,0.742121120861,0.167010762539,-0.950273064346,-0.728417787425,1.35663582678,1.11406869615,0.945590299528,-0.586708664715,-0.53369489503
95,-0.0972819533397,-0.119892214016,-0.14079357178,-0.053229556081,-0.0135462077123,-0.301093888098,-0.237713166249,-0.0887741362797,-0.136825725267,0.0937113119312,-0.181341196713,-0.0780461739211,-0.60697709213,-0.430330991149,0.382863311377,-0.128553891356,0.0257107485645,-0.00196481429194,0.219057962655,-0.280863623674,0.418607427714,0.0432679164865,0.0600606155068,-0.259794394455,-0.155347116396,0.308416182437,0.495719363573,-0.562544062917,-0.933374984429,1.0207830484,-0.782858327038,-0.648604918844,0.131777637557,-0.464623813036,-0.00314544210037,-0.344608943454,1.1164168183,0.934453722225,0.0666781524437,0.0443772005864,-0.551475557968,0.201684590858,0.714274114238,0.652875795736,0.332628767682,-0.328160810971,-0.107387637167,-0.802051123007,-0.21627234993,0.225237695407,-0.562237101572,-0.555258035347,-1.22803678229,-1.70227516902,-1.15718488336,-1.33346488347,-1.70388933009,0.226662950427,-0.0431385028421,-0.0130100219964,1.02284393895,-0.653299214988,-3.33671978034,1.83320215562,1.43346550516,1.30713312896,-5.59432755689,1.25372556925,-2.58557289607,-1.06812102761,0.343229213878,-1.01566707838,-0.238938314762,-1.13584577648,0.633326583365,-2.35655577935,2.14782779674,4.22410868503,-3.72358866746,-1.79761684495,-0.869423098085,1.43997474789,-0.306774517357,1.18904686832,2.21678944449,0.689931816532,-0.728121976545,-3.01445718447,0.03049271981,-0.171894128134,2.38030233991,-4.15845119048,-1.94569859782,0.407652723158,0.393821112334,0.985284047654,-1.99953748417,3.07351512563,1.54372829377,1.90849280307,0.658388559046,0.0737317492913,1.10485606025,2.52413428864,2.54531740573,0.51100724638,1.45219759381,-0.65126794624,1.41214694261,0.354014568684,0.216599282071,0.581246770132,0.243000777373,-0.767939611447,-0.860916791223,1.35793900274,1.26495547404,1.05117429458,-0.578204975516,-0.533721369363
96,0.242798157049,-0.105519355116,-0.102752825455,-0.0777135649584,-0.0788087079853,-0.0969525497294,-0.479391228057,-0.229295076639,-0.217015642681,-0.21062529716,-0.0650309697052,-0.355533882947,-0.416956817799,-0.54917801442,0.301832680396,-0.109678160586,0.178857923554,0.388388793899,-0.233629117881,-0.374416487071,0.262090393055,0.219041966659,-0.0424636679609,-0.0755759817305,0.00775845727048,0.360179480928,0.429136552582,-0.870755483336,-0.906277824661,0.96014262307,-0.585858167877,-0.989523679642,0.0373733741858,-0.35555231318,0.0466081143146,-0.27269457655,0.863438760694,1.17318344272,0.139834051602,0.191264696871,-0.438592862965,0.247069885174,0.800905353839,0.86535350014,0.523647618085,-0.243589769743,0.0289175913073,-0.825383177547,-0.0446949241979,0.258153474726,-0.534808870432,-0.506049592599,-1.20045316134,-1.76909790266,-1.24861441554,-1.19889467867,-1.57048774256,0.336073189871,-0.10013315128,-0.0662792766313,2.11817924002,-2.34128171332,3.91216063694,-2.23087985369,-1.69278883384,0.684240103456,2.24264232322,-4.20044684846,0.411358655041,-3.84301769919,0.609622552329,-3.21735173329,2.94126906334,-0.576863596631,-1.89382777358,2.75626228807,1.01333775695,2.59763417555,-4.2766094422,-0.183070143056,-1.830373758,1.78722145379,-1.61526055315,2.30514631701,0.9418210563,0.168202217288,-0.365898331823,-2.82603538843,0.377101210612,-1.08043177496,1.31719416134,-2.32658499745,0.196623184782,1.72484305176,0.562018628706,0.491473684926,-2.9060762593,1.52668004463,-0.186815247731,0.981592021513,1.58009915137,0.814782074982,0.638489102474,1.6606825212,1.21547505243,1.17059983158,1.23890403984,0.187075238856,1.99886800866,0.310072120949,0.329552679219,0.400922430762,0.306259735491,-0.565895713459,-0.961864919219,1.32834277265,1.40019315075,1.13288343105,-0.560054331405,-0.53125027411
97,0.196562032215,-0.181232125582,-0.127057416419,-0.163019870434,-0.234293147065,-0.228310994078,-0.084910561105,-0.550340308188,-0.319155951893,-0.43047231862,-0.273827993449,-0.479485484913,-0.243316176496,-0.422406584891,0.144282905979,0.301120549377,0.281928439903,0.382175103124,-0.463708800712,-0.349308086244,0.130089078526,0.350427068297,-0.219057453185,0.140717131412,0.0358647429402,0.325869513414,0.455476626633,-1.07267001444,-0.878789569824,0.809051414148,-0.545738452504,-1.07567374283,0.173147084979,-0.143574846036,0.0965728216652,-0.234834140128,0.565814610968,1.21519241048,0.0210894272383,0.239780786127,-0.244971444109,0.35668705457,0.845068014986,0.975600957739,0.568856820904,-0.0985526692066,0.134001471603,-0.766148445622,0.177960997249,0.288747666241,-0.496998087437,-0.475225735594,-1.16731742444,-1.81506745506,-1.34829989273,-1.06880342031,-1.4244802227,0.452382113687,-0.154819641171,-0.119178287486,-1.80418495782,2.5268225398,-5.15103507035,0.561475058059,-1.14422318529,-1.89943409015,2.47409157531,0.00699076316267,-3.18929047709,-0.301958262985,-4.68250289344,1.03615691696,0.0410883889427,3.22613433654,-0.574280811091,4.50009642929,1.27182860424,-2.82226772996,0.0859889440461,0.555614746585,-0.539289827307,0.682448571744,-1.64155693456,1.66582233104,-0.265243576909,-0.8202039137,0.94524019498,-1.02935407475,0.122376416532,-1.84933494421,-0.517019086315,0.631389546365,2.39638698218,2.33451054355,0.359559968338,0.332239959127,-2.90758206713,-0.746741726507,-2.15907971368,0.0273856856666,2.21886279869,1.31980864065,0.263068998632,0.517010523883,-0.319082888754,1.69530184077,0.834720920896,0.980113027517,2.41996804021,0.310690020815,0.42234521072,0.21600681049,0.353568513622,-0.352249406638,-1.02511569618,1.26856531902,1.51655007098,1.18888029596,-0.532017053505,-0.526326150188
98,-0.00879470949949,-0.144763462429,-0.305722980087,-0.315038682641,-0.27302606775,-0.269530962555,-0.256039105234,-0.250502859052,-0.660114839411,-0.471012387006,-0.731979211868,-0.315077571188,-0.320699392045,-0.0351964071828,0.231228544204,0.626593459767,0.420716127571,-0.0567600233265,-0.254436837666,-0.272123447642,0.170545952376,0.350461514689,-0.320654592022,0.198661860117,-0.0142034112391,0.223643805681,0.602148105183,-1.06589277185,-0.878171407205,0.620925103606,-0.664630649694,-0.889697202874,0.469919582786,0.0689653664283,0.10396971947,-0.194176454045,0.303520393852,1.02612887666,-0.272390475684,0.211975408461,-0.0132585247092,0.497017630491,0.857141656041,0.967628621656,0.463627299486,0.086370319317,0.191284279779,-0.634740061876,0.431373947768,0.322233801742,-0.451395718987,-0.462528868755,-1.13035083404,-1.83943600506,-1.45221984706,-0.946130399609,-1.26790822546,0.572946394398,-0.2062050162,-0.171465096428,-0.604003854821,-1.80016765156,2.99645030118,-3.37556225185,-0.0477625248842,0.703382795531,-4.3710110811,3.46192449969,-1.6431470035,-1.85937948797,-2.75341946471,0.897059685202,-0.59982342819,3.32170728743,1.99826595011,1.55930027338,1.13740411571,-4.81956598627,3.40523048107,1.01161595447,1.22878685541,-0.583224152144,-0.222112766849,-0.670290716552,-0.58940921267,-1.01522934389,1.78975916634,1.08901214799,-0.0298785661893,-1.71946887985,-1.6354587129,2.82080394231,3.22457548904,1.69830356327,-0.265694474013,0.526121026532,-2.26852126508,-2.95145904216,-3.55017561726,-0.477206654923,2.31100624412,1.40898764248,-0.00556947191379,-0.660290406893,-1.74076245738,1.94858795595,0.293947612255,1.61239771897,2.60430388404,0.369157294708,0.483468108896,0.0406081512524,0.38257311835,-0.135242224809,-1.04588549593,1.18035576503,1.61099937744,1.21780606346,-0.494038811452,-0.51902037571
99,0.2314939448,-0.0842853228261,-0.156876251081,-0.344368621055,-0.359178922943,-0.316422760963,-0.483630426034,-0.303113606943,-0.50130612226,-0.807107373685,-0.704372605886,-0.428238866777,-0.246135340295,0.0419277218858,0.425266498733,0.607140525721,0.418743059994,-0.347351054287,0.0504894211457,-0.145092552935,0.319667353571,0.267145653468,-0.259141437083,0.0131936202428,-0.0669381746542,0.165450807278,0.761481634529,-0.88927903543,-0.862467061724,0.502677920749,-0.818810228274,-0.579359599411,0.751284294599,0.159601052526,0.0399190707175,-0.125474897245,0.117538756232,0.653957707649,-0.647962374189,0.16854299611,0.196235219899,0.622884875663,0.8462612238,0.85087531162,0.234162998954,0.279069178002,0.190763724585,-0.452274039815,0.689502499387,0.364548378271,-0.401733435845,-0.466377597594,-1.09145433842,-1.84227206386,-1.55595384065,-0.833588596648,-1.10310232678,0.695012358125,-0.253300430577,-0.222906224647,2.41108647643,0.715113897397,-1.21480777183,3.42607282016,-1.35541138073,-2.28286294705,0.724895324783,-4.47215232783,3.41118511547,-3.26740848761,2.42916998498,-2.65584131542,1.82451446053,-2.11325130778,1.31093255911,-1.68296529352,-1.48174151683,-0.17886695394,2.01174288009,1.46647475405,1.37390533865,-0.900779348394,1.31337257194,-2.80818764416,-0.482636691572,0.0218468314375,1.12815377139,2.21382665976,0.457583112189,-0.49909285251,-1.1794601942,3.02657629312,2.09431440232,-0.00705179827082,-0.988461611306,0.841488135871,-1.46481759919,-4.29614614902,-3.7276428124,-0.267693482619,1.78142240337,1.03515973098,-0.206144848901,-1.61947678501,-2.76177097318,1.84142590091,-0.307172968846,1.98765818388,2.51030281097,0.48623703496,0.50176330005,-0.11309267971,0.39207510832,0.0770979775723,-1.02101729178,1.06648634965,1.68079905786,1.2188182057,-0.446256894536,-0.509431110781
100,0.163981001706,-0.321335200644,-0.235487061259,-0.123046048818,-0.360619982487,-0.557712653447,-0.400699811698,-0.711736170241,-0.428048436048,-0.77756066877,-0.527197710873,-0.613792931757,-0.148652928134,-0.35325982484,0.448466791417,0.354165325991,0.145861796484,-0.0801067143697,0.102782302069,-0.0108012997289,0.374858923803,0.195396086734,-0.110947136753,-0.289935602714,-0.130680393898,0.243180978763,0.787793537404,-0.66736091784,-0.772226878204,0.533116275527,-0.860173876714,-0.344983831303,0.844375666108,0.0609258826895,-0.0788672894892,-0.0321090437129,0.00144751966936,0.211394821492,-0.9709751042,0.179987147245,0.327361517901,0.691741790317,0.815788406253,0.657680717772,-0.0686729084786,0.441978676442,0.130837912648,-0.247896406416,0.923974058316,0.421013761843,-0.352798557179,-0.484112602956,-1.05258242621,-1.82442218827,-1.65485556176,-0.733564556465,-0.9326496552,0.815769132905,-0.295140474079,-0.273279328506,-0.798801692355,-1.1068757005,-0.225861364412,-1.16002014839,1.42266658134,-0.888736188778,-1.18758022258,-1.46310617221,-3.09224005639,4.23117533566,0.274786716757,-0.0586077176402,-0.952759105727,-4.68165653015,-0.69599063481,-3.09758656195,-3.43501038571,4.80953827254,-0.699196862442,1.00223372043,-0.508144365108,-0.495035378246,1.31714910379,-2.83310480036,-0.940873114146,1.49903533886,-0.69310381686,2.05029568653,1.35622269954,1.06334954553,0.454057111952,1.45587394495,-0.338476908623,-1.90341055658,-1.27019978164,0.975441759942,-0.925047399425,-4.3242478561,-2.51565256684,0.576778205398,0.788383349074,0.295776437378,-0.410396093048,-2.16373465535,-3.18563424547,1.35670307752,-0.87856983538,2.04376676415,2.13381869168,0.648865345918,0.467479579305,-0.235872661811,0.382224537338,0.277292442092,-0.949177149235,0.930701353023,1.72357374684,1.19161929712,-0.389002854192,-0.497682771513
101,0.246022892609,-0.0984931377833,-0.271428035636,-0.413465121648,-0.303298412793,-0.414696400034,-0.714761158456,-0.625388242745,-0.845993560515,-0.29711776867,-0.557607866352,-0.451389857092,-0.494407693794,-0.693384664805,0.349715381513,0.0369665862661,-0.121285910284,0.38449564969,0.0212724824857,0.024852123328,0.21157532563,0.158599360698,-0.0535797725532,-0.485019380773,-0.280196815421,0.43889118221,0.631667112893,-0.497614769095,-0.604266155507,0.685346666822,-0.732105300714,-0.302272852954,0.689609921437,-0.190581067072,-0.185477700514,0.0582136608097,-0.0822386960891,-0.168654793768,-1.11650184014,0.291632475863,0.34985888473,0.676628866207,0.761682028782,0.435228428579,-0.380758155645,0.53987863628,0.0191197629864,-0.0547901003606,1.10800560273,0.494991989975,-0.310227834751,-0.512334350656,-1.01560375973,-1.78744024445,-1.74424173285,-0.648025568696,-0.759353143518,0.932404192763,-0.330802573592,-0.322375779043,-0.624783506719,0.468886148095,0.226500830787,-2.24626111351,-1.31588639852,2.23640435924,-2.84508059576,1.07490313728,-2.41961029743,2.73719334852,0.353093084587,2.25140941255,-5.22403330855,-1.60556757248,-0.990853241153,-2.96237551202,-1.25117450844,3.28730537912,-0.339162965282,-0.291222703624,-2.56855579664,-0.347517578004,-0.342068929374,-0.884316288004,-2.10299621135,2.21219992765,-2.25800773973,1.33891706766,1.87256454145,1.74380949493,1.96997861922,-0.533844227291,-2.59567901374,-2.90127812857,-0.708778724156,0.777406984442,-0.816967901632,-3.10217003648,-0.280069472728,1.64727170865,-0.324133312994,-0.604810357306,-0.688360948614,-2.19929135148,-2.94817365321,0.558494534068,-1.32827075638,1.76343919399,1.51073889421,0.831300116185,0.373622491158,-0.322257757105,0.354587658494,0.458723021293,-0.83097239778,0.777622169328,1.73739613634,1.13647598004,-0.322801373018,-0.483925028913
102,0.0735692098224,-0.264475816267,-0.301461038336,-0.365332196189,-0.517204072868,-0.466391507955,-0.641655266495,-0.734180300142,-0.648393370936,-0.448625099849,-0.354882111363,-0.389287232614,-0.928141706916,-0.693615043545,0.270508659628,-0.163605509359,-0.0584013223015,0.439826137156,0.0931253827943,-0.0287032970366,-0.0689334028277,0.10599666555,-0.176760693154,-0.473582032421,-0.538363120371,0.641932401486,0.386864807191,-0.387899132463,-0.42983541559,0.827004366106,-0.509608768927,-0.41560942692,0.376981171147,-0.467501045701,-0.193600825861,0.11623654528,-0.171562627671,-0.38546866932,-1.01846956713,0.497608836154,0.272119816726,0.573390822672,0.674494428863,0.233819300781,-0.63876510651,0.547721080471,-0.128081590695,0.0945993265382,1.22029193171,0.586776444577,-0.28015743471,-0.547304345893,-0.982162039175,-1.73348723543,-1.81958858518,-0.578438479534,-0.586182762182,1.04216027251,-0.359426089451,-0.370003117765,0.56882057844,0.713031735799,-1.61616559446,1.87793172634,-1.45944508382,-3.46265941341,3.52580147743,-2.13319229181,5.02276326335,-4.46346091707,2.86357135698,-1.50337860529,-2.16423004142,1.11201823314,-0.643831367202,-0.638862623479,2.22572194635,-2.15486124492,1.65481406227,-0.415654690513,-2.61941654155,-0.751978793215,-1.91986709928,0.871179379273,-2.87446381465,1.65269860364,-2.3482364074,0.949084708495,1.45769129157,0.821213630913,2.22180923578,-1.47308923464,-3.33649120691,-2.37623472601,0.644760606956,0.373037190659,-0.990562320694,-1.18128187333,2.20754905699,2.36534792005,-1.15245558397,-1.42875660717,-1.07290236254,-1.75897866656,-2.12855717481,-0.416830258256,-1.57682819459,1.17891977367,0.713688564396,0.99868942569,0.217447929176,-0.370989612733,0.312072963014,0.615907281372,-0.668983818714,0.612610014094,1.72086548085,1.05422729347,-0.248365285375,-0.468331337439
103,0.264029159596,-0.179283639843,-0.280377341958,-0.393032561936,-0.511437606867,-0.739497698091,-0.47554819728,-0.64205306434,-0.349604199658,-0.707428718042,-0.294839300505,-0.659035405603,-0.832508226989,-0.554873959511,0.215483964396,-0.0407883365701,0.197335749858,0.0881087839618,0.262601086935,0.013721686797,-0.244769078673,0.0167819630831,-0.372379913699,-0.382980489207,-0.801922330432,0.743374000564,0.212694738711,-0.291854474369,-0.334248012404,0.810084544127,-0.334369611543,-0.542026119764,0.0859539250778,-0.623015355789,-0.0486873299561,0.137186773567,-0.278314263829,-0.408084723778,-0.695982748106,0.735855998641,0.139302419811,0.399879878913,0.544376088829,0.0943352042601,-0.793685477294,0.4566918689,-0.287754600094,0.173459318303,1.24827432141,0.692944390038,-0.268725778143,-0.585373912793,-0.953551512006,-1.66520596528,-1.87672707639,-0.525704209249,-0.416219163856,1.14239255635,-0.380230721064,-0.415987342325,0.38964959343,-2.27662693773,2.45621230234,-2.07247583607,0.505576247294,0.100573199425,-1.61930113018,4.65337849921,-0.577651948768,0.93082600243,-2.76695109104,-2.83350368294,3.59999273219,1.51334391669,-0.360578890512,3.0412285668,2.16159235747,-3.82443149444,1.15638411451,1.47756686999,-0.732419284004,-0.903206320134,-1.62207875696,0.554338635836,-2.1025857571,0.325660141991,-0.959627655821,1.00922691098,0.421725615663,-1.25237004509,1.1155307859,-0.810758141837,-2.2103600108,-0.594561397566,2.22438578851,0.0992711678971,-1.10466481828,0.648060247301,4.07399640973,2.22866185497,-1.39049551386,-1.9863740793,-1.53712366118,-0.994323696793,-0.927881318025,-1.38646504574,-1.57194743114,0.369622859398,-0.156955450512,1.11261283983,0.00186723532203,-0.385100066421,0.258713090876,0.744724580162,-0.467708014902,0.441589884766,1.67318037983,0.946281729217,-0.166586748565,-0.451097007315
104,0.228090980302,-0.275476740682,-0.346146925886,-0.435039043128,-0.543776792717,-0.490226537824,-0.678482756955,-0.201241440671,-0.561258209137,-0.404279285334,-0.799435759614,-0.794737254564,-0.413993724613,-0.376216061254,0.238722801958,0.35720338477,0.287458650809,-0.141044087021,0.251315110557,0.249563426899,-0.227429468771,-0.0418868459999,-0.445245016554,-0.415910487313,-0.912196254399,0.712466305999,0.20707402574,-0.191465663129,-0.33415218883,0.58407244339,-0.298422671716,-0.545773924784,-0.0295598029109,-0.578896572044,0.231481022158,0.151491059559,-0.380341733253,-0.282291933074,-0.245873070821,0.907836346875,0.0167467470121,0.187878711377,0.36725671738,0.038062553459,-0.820769662372,0.277043576736,-0.433531704191,0.164909283755,1.19026795667,0.806329657938,-0.28145196135,-0.623399011916,-0.930621020544,-1.58557605903,-1.91202784813,-0.490111582252,-0.252590461522,1.230624989,-0.392533840017,-0.460174977561,0.125976815298,1.98552183835,-3.99945171232,1.1317881083,-0.239858247335,2.70513173048,0.413038588741,1.16404300811,-1.20624824584,2.69878683953,-5.33400791834,0.320287140447,3.66430352148,2.14730629186,1.00951152125,4.1822046193,-0.344346751266,-0.260677481883,-1.37248063206,2.83923915364,0.826476750939,-0.125687701511,0.278489305808,-1.2839223101,0.018863064815,-0.854026949844,0.789183760974,0.909479273636,-0.2830001905,-3.10325589028,-0.33816033641,0.78884733058,-0.039211947784,1.40688487119,3.21765455776,0.278080918824,-0.863250018765,1.69786017899,4.69147290552,1.04156649201,-0.956013049051,-2.19535773261,-1.99449883804,-0.137126922974,0.379675768715,-2.15870878919,-1.30040306956,-0.54737443799,-0.986653027938,1.13778192652,-0.26351837715,-0.371553657309,0.199315654139,0.842580903525,-0.23341024136,0.270841462588,1.59420280655,0.814602568881,-0.0785246403461,-0.432436843982
105,0.189153669682,-0.309081546453,-0.420963186769,-0.466402670961,-0.398007869427,-0.415130311151,-0.287742449809,-0.502508481908,-0.40514061245,-0.504160479512,-0.986199000665,-0.654000122136,-0.224743073076,-0.162920317836,0.408928995106,0.647428578128,0.211117690597,0.0206701853919,0.0681804468322,0.467025320745,-0.142458420957,0.00162309972071,-0.336649759009,-0.607394604996,-0.803768589959,0.596688082621,0.340035674259,-0.134452890536,-0.355083463427,0.240567180874,-0.369691033172,-0.39629073767,0.0656357742952,-0.374788005247,0.554723075212,0.210212099214,-0.43734463427,-0.105192970851,0.195503414958,0.916324433784,-0.0353846842089,-0.0287999057623,0.149757004857,0.061535213721,-0.723670074034,0.0369257598073,-0.539968461155,0.0650256399093,1.05607462364,0.916679523613,-0.32254127134,-0.659097457199,-0.913718389447,-1.49775603004,-1.92256716032,-0.471313411045,-0.0984031717315,1.30460452397,-0.395766380323,-0.502434890145,-0.264536373709,-2.22747782755,2.88236064805,-1.28679118794,2.24158718137,-0.0355611167096,4.83869513204,-4.51385879528,2.82419666353,-4.34580365807,2.25767364204,2.04474287227,0.097073801917,1.62090288634,2.06639705835,1.10818332904,-0.566448502546,2.94962189168,-1.64411478629,0.940135391518,0.607421342322,0.92418005345,1.60319435145,-2.18333261607,1.97886045078,-1.3323410176,1.65474119523,0.105889319482,0.0485367429035,-3.45991491414,-0.850622655544,2.04152303222,1.77071405992,2.43438121125,3.02852151096,0.965744329778,-0.224406878956,1.66412729756,3.92327683877,-0.967900687975,-0.033181677519,-2.0956450039,-2.32367138688,0.56038316473,1.51158125205,-2.57394477783,-0.794329666268,-1.43306217828,-1.66304783629,1.04883242505,-0.562039023657,-0.34045646497,0.139011642681,0.908501375454,0.0261077880889,0.106764543475,1.48451025317,0.661681271159,0.0146116633114,-0.41258238705
106,0.313298859752,-0.205726005269,-0.295913668172,-0.331132138155,-0.333589237312,-0.240863699395,-0.224134475098,-0.541425458731,-0.432211011095,-0.878068255374,-0.533304905612,-0.43466234555,-0.315161391854,-0.162037002772,0.55510876428,0.56626645548,0.264053970373,0.316220469369,0.0334270242558,0.378465455317,-0.123421272157,0.107915714367,-0.198864804983,-0.764174777389,-0.567930309288,0.468297247523,0.493821281662,-0.1857130962,-0.298025877316,-0.0502919692093,-0.418167894611,-0.180578575578,0.276232444122,-0.146309534683,0.797017236597,0.351343700675,-0.420720852744,0.01990110146,0.505407538654,0.706643204643,0.0135118619527,-0.225212742914,-0.0893426227897,0.137815487889,-0.531951423768,-0.222664330837,-0.587074513721,-0.115940624398,0.865919732168,1.01194695501,-0.394195666852,-0.69130696961,-0.902683363118,-1.40492009934,-1.90626570037,-0.468326932564,0.0433313329173,1.36235211248,-0.389486934819,-0.542659808775,0.465066815824,2.08369604198,-0.238749154928,3.66451583042,-0.316811406925,2.86968511856,-3.50136187886,4.01475700014,-4.09366824626,-1.02017340515,4.99107831451,2.28487907383,-1.34022814179,-1.91321136671,0.418428559553,-2.33613525622,1.72017108357,2.43344351332,1.20151803071,-2.61485820915,-0.108528580463,0.973603756177,0.803130501417,-0.538535744008,2.45103595928,-1.15212192945,1.23068471653,-1.13294224408,1.14142188344,-2.13264058721,0.104372233017,2.0383495605,2.1665156231,1.86760616115,1.65746834175,1.84559531732,0.5432045849,0.723893144387,2.16625075407,-3.19999625809,0.98966141837,-1.81550254962,-2.41056611323,0.891602006135,2.24218952127,-2.53972194511,-0.129702216711,-2.14651863621,-2.09271395221,0.836048209539,-0.87046579941,-0.30387544803,0.0827441771001,0.943141436613,0.301816418404,-0.0443717872325,1.34543289516,0.490498919571,0.111481898152,-0.39177878984
107,0.0735192088513,-0.228406427636,-0.151044312228,-0.12022206734,-0.163006301703,-0.200214999616,-0.485231113256,-0.223024521274,-0.863768473983,-0.621897679571,-0.239200523386,-0.222259083211,-0.412699071442,-0.495547202228,0.47205303703,0.310752208416,0.493598051073,0.471637499393,0.271523710269,0.0402407419242,-0.113155698573,0.161170208631,-0.212710165384,-0.667733285761,-0.359338480048,0.376194964004,0.562147716488,-0.342579195737,-0.138228726024,-0.16344369934,-0.321332919908,-0.0278923150204,0.448953649245,-0.0440345902629,0.867999946897,0.566990738249,-0.339234185061,0.0270876399124,0.620885435754,0.294483334667,0.150884276741,-0.39091741117,-0.322117915506,0.223959648933,-0.292706285408,-0.455791630016,-0.564261923863,-0.354450932185,0.647800837063,1.0800565688,-0.4960255183,-0.720109375178,-0.896892451679,-1.310098223,-1.86199323591,-0.479559707543,0.169773216034,1.40220925028,-0.373393733716,-0.580767516376,-2.46375486871,1.2729844378,2.16158711698,0.191945086793,3.51068218141,-2.52223183084,0.53221297508,-0.697048267146,-1.58128938566,4.860269146,0.728341157546,1.64942820936,-0.485244937563,-3.94413047968,-1.7679524133,-2.0795460883,2.29156481392,0.830036839565,3.00400244193,-3.41597093195,0.602338935294,0.032742119829,-1.03818746032,2.46440232241,1.59330992376,-0.672573524997,0.0975096648354,-1.82407094385,1.89646572082,-0.143768594182,1.85861814466,0.888412550543,1.09691548874,0.0447971654189,-0.248944256954,2.35757854707,0.997910342116,-0.588553161936,0.174496801461,-4.89155287409,1.66668188683,-1.50404801299,-2.193144372,0.750337352421,2.45300977014,-2.05172284843,0.583786275687,-2.56646817801,-2.21576013482,0.508951781102,-1.16053629146,-0.274361603864,0.0347511757852,0.948710855858,0.58383024882,-0.176685761147,1.17907285864,0.304476001847,0.210637600764,-0.370281388564
108,-0.0297565058609,0.149790046485,0.00721469384798,-0.0458608208637,-0.0413985923705,-0.369644145843,-0.26702640583,-0.661073450785,-0.524982227732,-0.219522228245,-0.257839361848,-0.178991113374,-0.434493398104,-0.749259094159,0.316411329031,0.24015598614,0.61769231465,0.537612653445,0.504121261644,-0.168797479636,0.027365762079,0.134467833164,-0.353809824809,-0.3213241998,-0.249955946396,0.331804854258,0.520771644017,-0.504270333435,0.0369966130243,-0.104695356711,-0.0654553611953,-0.00890933969149,0.476283194207,-0.142950665779,0.761503695307,0.793902661276,-0.243733283583,-0.0894484610624,0.559269400392,-0.231894778107,0.32410925329,-0.528357472331,-0.518408867763,0.272753080222,-0.0584092222843,-0.620654832637,-0.472885143654,-0.616664701108,0.433582345954,1.11088856562,-0.624664555744,-0.746797957179,-0.895353347651,-1.21602816164,-1.78963352425,-0.502861001377,0.278331492265,1.42287894073,-0.347334215894,-0.616701686006,-2.14318317856,1.49506959478,2.41984771037,1.82941449037,-2.23398597115,1.17587964857,1.11942296518,-4.79785807916,6.8001938353,2.36551166066,-0.268827682523,-0.983139350354,-0.169947889218,-0.322890710184,-0.748284699787,0.769661232889,-0.068802169249,0.700262413193,1.13040081796,-0.34440379202,2.14276915762,-0.332274952817,-1.36518728865,4.02115282375,0.698808188669,-0.248686571553,-0.830022352531,-1.16591748964,1.36379313357,1.10260048685,3.05530167712,-0.43972126382,-0.543232338114,-1.94298002284,-1.73526791965,2.01497185859,0.786294587353,-1.65763888365,-1.25833596304,-5.40295086587,1.67034051756,-1.25923749861,-1.69179415205,0.159376212789,2.1561781313,-1.19552315527,1.2204446409,-2.61113860756,-2.01594804005,0.0969739504129,-1.4014761462,-0.263316633217,-0.00189865086324,0.928809035687,0.861827843291,-0.284934027461,0.988303010531,0.107411070005,0.310547495324,-0.348352017548
109,-0.262999217662,0.140334664717,0.226073172256,0.0917414681432,-0.250177089593,-0.117716221666,-0.459339474131,-0.586700771343,-0.021056604534,-0.108332758745,-0.228914097869,-0.376684042192,-0.468386667798,-0.535858899136,0.37441457041,0.420384413855,0.507837126329,0.605180403369,0.467507304622,-0.031146955028,0.257240290579,0.146695082861,-0.403640459578,0.0382562214415,-0.189008672763,0.316033764378,0.419065653209,-0.537259456139,0.0948770575794,0.00820973331286,0.236113971505,-0.0863822990111,0.360719837829,-0.398118624035,0.559870801437,0.937998544747,-0.205583791924,-0.282319120874,0.405406650801,-0.737438615901,0.45971827492,-0.645148100339,-0.654472648533,0.245615186339,0.125986542378,-0.687825210598,-0.326739760815,-0.863188765175,0.254379775126,1.09816653385,-0.773679636074,-0.773680879437,-0.896840599839,-1.12502832158,-1.69010565915,-0.535597516784,0.366740107748,1.42346000157,-0.311311945091,-0.650432338189,0.142301957263,2.41793444044,-0.0546644625754,0.0208189724267,0.861238189657,1.12105470037,-3.08812883023,6.55315568018,1.62428570961,0.493966674814,0.613616067083,-2.38286123885,-0.416890458898,3.93676552836,1.71464420475,2.39703680177,-1.65263584215,0.382318489647,-1.62038985912,2.6661051964,2.01260652141,0.762479562824,0.651707787803,2.74120730159,0.67063448136,-0.134050868725,-1.09695183763,0.60993980435,-0.316746485528,0.927465898403,2.68405204321,-0.911369194613,-1.59067753854,-2.91765262627,-2.07719537969,0.731782863677,-0.119507844471,-2.07630828,-1.62218684947,-4.47143444123,0.927201485048,-1.08257562155,-1.01231004943,-0.735302300782,1.48591269333,-0.128462381706,1.6610837303,-2.25316487007,-1.52455341584,-0.353156925664,-1.56332824774,-0.279379333219,-0.02565751455,0.888175392384,1.12549989853,-0.364745660427,0.776743181682,-0.0965908819227,0.409625128379,-0.326255133178
110,-0.193554963228,0.244978059549,0.140496097623,0.0184780182618,0.0869020996377,-0.30179554715,-0.375569028603,0.14001890861,-0.0900102423289,-0.0772741457867,-0.21283573938,-0.524531501107,-0.468710820027,-0.182702788076,0.553978429696,0.628706537566,0.395620945654,0.550539978864,0.274377791256,0.234903040612,0.348340033149,0.284159380252,-0.217528508549,0.179798034109,-0.099033053595,0.290079719823,0.314903006346,-0.385834746748,-0.0230057245795,0.0500062862656,0.420971031786,-0.151534075038,0.1999737618,-0.672923352755,0.387396425096,0.923386360642,-0.278832724496,-0.481486278731,0.272110579591,-1.08532189046,0.491765947938,-0.744099595804,-0.720359629688,0.123218418551,0.233576058859,-0.64582611015,-0.150243284047,-1.05495195268,0.135912053676,1.04092447554,-0.933839758543,-0.803732374468,-0.900058650186,-1.03889942003,-1.56534005257,-0.574751197709,0.433130451099,1.40347374111,-0.265490671278,-0.681955903882,-0.588743466336,-3.5776067515,-0.249685252062,0.0199603863733,2.6524288982,-2.40832683869,5.58057199903,4.74968595676,-1.07571224329,-0.12039962968,-0.524857402833,-0.10941613724,0.671910834925,2.01063564408,1.25745643531,1.40994806582,-0.200938054601,-1.66161969361,-1.73329061189,1.99607738954,-0.434713700619,1.73836062715,2.82596317219,0.0890824153095,1.12379721547,-0.459016229717,-0.969481126715,2.27821785524,-1.89199244581,-0.146503261314,0.838408849277,-0.228300879094,-1.41648274975,-2.31875188523,-1.20413074109,-1.04449149446,-1.35262573283,-1.8102325023,-0.883856816335,-2.32893566813,-0.341790559004,-0.88112579508,-0.317700071,-1.70343115014,0.660629595818,0.954390719463,1.81609880021,-1.52680399073,-0.817081658361,-0.783148443828,-1.62073757032,-0.327027699895,-0.0366865268318,0.832364671552,1.36500472363,-0.412827738161,0.548712373015,-0.303199194431,0.506258240958,-0.30425381451
111,-0.0562495509607,0.0123995188963,0.0361446179415,0.157818556684,-0.0506794127706,-0.0672165933158,0.307385312404,0.180136809257,-0.00954145214704,-0.161764397609,-0.311797629412,-0.388782553733,-0.325940616778,-0.234066324265,0.559662168285,0.666679274862,0.472158142283,0.299226844421,0.178263483807,0.289126297434,0.17699742702,0.409334563142,0.0740692101171,0.0979180778575,0.0183803453313,0.212610800894,0.218766062468,-0.127819248841,-0.233019830802,-0.0105809468019,0.391473254745,-0.114690488503,0.109525872375,-0.820741869736,0.339030571471,0.739724728526,-0.466740008917,-0.631548707469,0.251314902336,-1.18460509442,0.388459283275,-0.815936699484,-0.723187560514,-0.0890338763596,0.261161525738,-0.502825685349,0.0255226011055,-1.15934025653,0.0945365513298,0.9442708573,-1.09376668648,-0.840123057632,-0.903813868269,-0.958861720472,-1.41820942877,-0.617035726649,0.476097852327,1.36288215686,-0.210195391211,-0.711294884323,4.07979700107,1.01869902108,-1.61141129833,0.558684609841,-3.16620047759,7.16926374189,5.34045715704,-2.2783928043,2.24733380442,-1.28228980446,-1.06353590613,2.46758933949,1.92051839741,-2.72432011923,-1.04893247401,-0.643889743078,1.37392545905,-2.91028982773,-0.206505431728,-0.943021799758,-2.68704256511,0.270092165067,2.49138339043,-1.3756647103,1.08550102017,-1.12174140991,-1.02099426826,2.60011916541,-1.99201437573,-0.919542297183,-1.37030079111,0.959464456165,-0.302089534603,-0.509515247025,0.256807759613,-2.50342154721,-2.30707355339,-1.16443771569,0.525889215002,0.365329446104,-1.69582279562,-0.517723456167,0.223451601114,-2.49195967712,-0.0743961924012,1.86241465888,1.64436948752,-0.525757421508,-0.0030224188963,-1.13131443505,-1.55671021555,-0.405589997394,-0.036843098909,0.767363473578,1.5714087666,-0.427131977148,0.309156265213,-0.507946059198,0.598839314727,-0.282605712449
112,0.11056757373,-0.0861339585293,0.0204523987806,-0.112991741472,0.0779265691811,0.589792528711,0.464745585606,0.113971070335,0.116908919753,-0.221664009677,-0.33447344334,-0.142201819698,-0.177283327349,-0.541869251057,0.429636266851,0.529391896897,0.560468629118,0.084569384895,0.181516669584,0.106646840152,-0.0996859994325,0.266853043633,0.203007900123,-0.0243662213771,0.0924432446639,0.0672675055519,0.096229142734,0.0822359783572,-0.36089611542,-0.0952510710332,0.179038018898,0.0205354669797,0.140309987988,-0.768515613116,0.426272216625,0.459316282435,-0.712715349263,-0.716617970331,0.376628812855,-1.02255033259,0.166492753064,-0.838688980058,-0.684771099275,-0.362118163624,0.228800770016,-0.284107834617,0.168266897029,-1.15562638977,0.13460727666,0.819259725484,-1.24093732242,-0.885678850079,-0.907174528464,-0.885532643402,-1.25241744475,-0.659027350242,0.49475960235,1.3020969646,-0.145910320769,-0.738497106321,-1.51692946536,-2.80082592841,-0.577441145165,-3.29047444496,5.92143181793,3.00020619115,-1.32821048197,1.87826854269,-0.500282573034,0.507470284353,0.96765127276,1.90773243797,0.587061309838,-2.29415738486,-1.0210568339,-1.86170858835,-0.137156037824,-0.89179241635,-0.0837846688907,-2.19443189206,-2.3939728322,-3.21096991696,-0.0618072279497,-0.799233368246,0.319399181273,-1.73543193206,-1.48344872133,1.41110457744,-0.329824216036,-0.572997402313,-2.64202578299,1.5671272964,0.837380715855,1.48882678531,1.35184643571,-2.88074956023,-2.4487188158,-0.581639912757,1.91744375907,2.75448528829,-2.63775561773,0.11062710859,0.494835465991,-2.89218904517,-0.509270479566,2.45003018813,1.16368172127,0.608677598666,0.79006586429,-1.34204277766,-1.3657958338,-0.508829566927,-0.0294517219704,0.699170441413,1.73708990668,-0.406973282401,0.0635502323833,-0.706321089842,0.685796686516,-0.261559022021
113,0.0287034240839,-0.0627310117347,-0.264190922387,0.0768002499598,0.539445370479,0.459851623335,0.338132787463,0.373026256018,-0.00470077787465,-0.0728544632261,-0.109701326694,-0.0675306104394,-0.23973888231,-0.555408950534,0.4079117407,0.344584753356,0.400766244602,0.145153417439,0.118600672824,-0.053293748449,-0.247588350768,-0.180059679005,0.0937496923547,-0.0402361233095,0.0845992738218,-0.117472892622,-0.0792721653561,0.140695741793,-0.27773083391,-0.0953093488548,-0.0852921140449,0.155385532106,0.248549242899,-0.551868999656,0.572694523752,0.209953963642,-0.92346217681,-0.761107155239,0.612291238886,-0.669292267992,-0.112947785766,-0.78495416369,-0.634033871965,-0.650713741899,0.173539364323,-0.0259605659173,0.250437085292,-1.03877968125,0.247617507873,0.681809369274,-1.36295269085,-0.942331965685,-0.90959730322,-0.818947038356,-1.0723497308,-0.697304844474,0.488802093159,1.22197894735,-0.073273753834,-0.763634579082,0.322265358789,1.34386514033,-0.84389574213,5.85987821257,0.499123623425,-3.71261557888,-0.316060040582,1.55131085837,-0.579829964192,2.07033716402,3.17177538783,-0.374425497628,-1.57728027557,1.99671383375,0.444472841179,-1.6276667232,-2.87129470224,1.78136479126,-1.14489703571,-0.688208229385,-0.543641564296,-5.14074826389,-1.69098572038,0.425234995418,-0.376078955391,-1.85068545672,-1.97665452069,-0.175816278498,1.9485319197,0.638938183001,-2.40280012409,0.908199711669,1.14764911186,2.64178736989,1.36965048629,-1.89101363028,-1.61726532101,-0.385221037632,2.64453288935,4.08899312349,-2.80502643874,0.999770394429,0.475502492447,-2.7939375368,-0.521119105179,2.64635141884,0.449867419628,1.70779683383,1.43588698362,-1.37512261822,-1.05615264294,-0.625213975438,-0.0188672710717,0.633367833698,1.85608240419,-0.353092963172,-0.182220983342,-0.893870012694,0.765625594839,-0.241348553415
114,0.0537882280824,-0.0430198232908,0.317876555595,0.408461963767,0.236538543138,0.200943823787,0.342465986861,0.280242702114,0.151212265508,0.140864417665,0.170147311613,-0.150739979,-0.380262220189,-0.27282701789,0.42806746937,0.222707853721,0.089059523932,0.314294407097,0.00496651059424,-0.0180239008518,-0.249754105872,-0.616113155857,-0.0273530951129,0.0293745896877,0.0481604475548,-0.281266289727,-0.27867358982,0.0836490943105,-0.0089030520342,0.0251561368422,-0.26618772922,0.167091277077,0.334991197908,-0.284117891544,0.662028121902,0.113962876823,-1.01447196535,-0.807847014564,0.871689023804,-0.253073490108,-0.365532651506,-0.634739969253,-0.596599386116,-0.904647294413,0.139051631778,0.232556494956,0.254483173458,-0.820953326399,0.413326701663,0.550759026467,-1.44893844206,-1.01063483529,-0.911001104958,-0.758619431604,-0.882894146103,-0.728592819174,0.458514844026,1.12382731796,0.00693015286571,-0.786801966222,0.167679445933,2.8530942621,7.72083812861,-0.252815872993,-4.10701332296,-0.955508086792,-0.559115487645,-2.62494625719,3.27080513916,2.23044036811,1.73930911017,-0.805742040352,-0.592024250984,2.72161652298,-0.575584513705,-0.848759275737,-2.70029659688,0.881275865116,-0.74635592484,1.23955008079,0.158470234724,-2.89371548516,-0.236146481971,0.783226672704,-0.181774988453,-1.33498543881,-1.87251583895,-0.700591989417,3.12565367135,1.63406356321,-1.12456034108,-0.774869489298,0.4403525825,2.50398628041,0.267053134896,0.0653239236734,-0.14752694964,-0.60368765331,2.37133945457,3.99102940709,-2.11397702454,2.00469014729,0.251061401043,-2.21190838517,-0.102621640795,2.46714438165,-0.375890569917,2.60116685128,1.82924319546,-1.21340804987,-0.650051527283,-0.73890317415,-0.00986690640952,0.574715862738,1.92434478996,-0.267661697968,-0.422004782972,-1.06629532905,0.836918504372,-0.222191977079
115,-0.275908186578,0.470473473355,0.437821280951,0.274110548037,0.102270266919,0.15623267245,0.137491696539,0.117004955077,0.422749462346,0.377335888444,0.187252920601,-0.152322503673,-0.287156044366,-0.131828812012,0.243438474588,0.146539639621,-0.0441203143721,0.235142250797,0.0233988356382,0.146464531033,-0.274459059106,-0.68036708664,0.0961443055578,0.095094000415,0.0740238447996,-0.373979085376,-0.42598893474,0.0547844766981,0.278868892567,0.191104569408,-0.311104780357,0.000279190171696,0.321591352588,-0.0835463421372,0.610068553548,0.224326697409,-0.954620240361,-0.886815536234,1.05600380345,0.0846133725377,-0.514713891978,-0.38879283123,-0.585186171405,-1.08126372396,0.163880781204,0.458031093349,0.176333213091,-0.53029255647,0.602765429299,0.445300574503,-1.49090576359,-1.08940688672,-0.911774015716,-0.703644335505,-0.689238747701,-0.749902201437,0.404809444373,1.00935901301,0.0937825638319,-0.808114694054,-8.17065261998,2.11508425218,-3.58798389046,-1.39940995427,1.67732328972,-0.666763578844,-3.01947859789,0.182370793963,1.17482707171,2.20417933311,-1.04943485589,0.933788188694,2.38019754794,0.091929947343,-2.94185348296,-0.857472923009,0.148528824501,-2.43078497451,1.15066126299,1.82122362556,-0.789814190401,1.59786381044,2.63072497228,0.544100693509,0.758144007046,-0.510982049895,-0.962780803181,0.346153972089,2.30502454642,1.4528726848,0.136163810516,-2.45910973444,-0.70624629362,1.40865294555,-1.30580399034,2.05824205221,1.27223080001,-0.966478803907,1.19423707891,2.57918088694,-0.80031595186,2.86504371733,-0.0135760194323,-1.27755368886,0.63895314295,2.0065823171,-1.16959523235,3.143797634,1.90324503686,-0.867453142757,-0.182554572646,-0.831401390018,-0.00693209605647,0.526802558604,1.93993554044,-0.154220012769,-0.649540260903,-1.21955662936,0.898394050697,-0.204286316208
116,-0.733650215222,0.421812728252,0.231270015647,0.199943152867,0.292848580146,0.0735159846349,-0.039645047244,0.240293591221,0.372103427479,0.45836782398,0.105235370408,0.0210201810668,0.00868883509638,-0.144944029477,-0.0600826589513,0.029068720541,0.0561979544888,-0.0700277570647,0.1881873892,0.319450886351,-0.391655098218,-0.380263367122,0.422893073228,0.163741990148,0.195440179565,-0.39016431896,-0.461710852365,0.1742349049,0.406784232583,0.275331775927,-0.267548033916,-0.287231065038,0.209457019016,-0.00740305276318,0.417282524114,0.492929981314,-0.785328808228,-0.992326571543,1.09565788113,0.237257493878,-0.520560418361,-0.0764388771352,-0.594407270042,-1.15535606772,0.271232371133,0.629359800192,0.0262930066031,-0.207138659817,0.782708541837,0.382140899611,-1.48488676374,-1.1755738915,-0.912706277003,-0.652827475126,-0.496657263252,-0.758661657955,0.3292218064,0.880678073875,0.186243947341,-0.827706724426,4.21247198531,0.712783059175,0.695386399797,0.302384397379,0.298670984721,-0.371540723106,0.442513887524,1.17749482649,-1.54049166945,-1.13502472001,0.0984992222163,2.30900477812,2.95082085381,0.447337750807,-2.53049132337,-1.47479033185,1.23757622901,-2.85845083048,1.72820972161,1.59461472077,-1.29369808072,3.68292019345,3.32093882094,1.02373146132,1.58143874964,0.120366329893,0.219061806362,2.00762562939,0.16288813375,0.0959875068527,0.568508971667,-3.04255645042,-1.39369953683,0.158959304237,-2.39574672096,3.08666769009,1.94575434337,-1.06856546308,-0.423951821038,0.409840581497,0.662170018819,3.28674233405,-0.132688205892,-0.199773254374,1.51101505019,1.41111469053,-1.79255095743,3.24029717643,1.64103963335,-0.376144455774,0.301655740614,-0.883724379902,-0.0135027950644,0.491780505841,1.90308600117,-0.01755694113,-0.85863170275,-1.34996812117,0.948923958897,-0.187804756452
117,0.0267067994671,0.242322250081,0.480085244204,0.350536088975,0.138351581719,0.146673162922,0.215927219897,0.233482069401,0.21893498197,0.180694207785,0.229860250277,0.262754512744,0.229831624,0.0573478332973,-0.198143556135,-0.120149662462,0.08430058731,-0.193563368458,0.294726781789,0.459895450992,-0.473636141118,-0.0958170504419,0.648335799891,0.330675882743,0.367413286604,-0.366493544593,-0.402970375988,0.421117913974,0.324607571217,0.203551395845,-0.226374640722,-0.555861479548,0.077801441142,-0.0327504652134,0.170723431603,0.790339966767,-0.602036077345,-1.08156005952,0.977183187264,0.167395775232,-0.395405702605,0.246499551067,-0.602213971048,-1.12408911452,0.462790331011,0.741161050772,-0.172909625539,0.101851015033,0.920955448839,0.372820452778,-1.43166947805,-1.2642404422,-0.914851212361,-0.60483785216,-0.310292645,-0.752833932444,0.233896573227,0.740235518298,0.283170622558,-0.845728027116,4.90833356221,-6.5285267729,1.377331088,2.11221176823,-1.55132802279,1.59778229888,3.56879125705,-0.980185266083,-1.4791313457,-3.48881177474,1.87768404839,2.3233397562,1.4809719662,3.54482889838,-0.323818953022,-1.30985893314,-1.00880287842,0.741641942786,0.223984613477,1.14479034223,-0.124961983099,1.40062269404,0.808037693663,2.35728476391,1.74890409828,0.265443509902,0.793914851764,2.64145540565,-1.59852211267,-1.45692068027,0.156797887828,-2.0889085251,-1.05943051229,-0.540279373672,-2.31559009873,2.60226224568,1.54228003097,-0.612020579832,-1.86686841332,-1.73728591384,1.73563397274,3.05277279323,0.0298095933464,0.793293130502,2.28497395896,0.842002141204,-2.1393424648,2.8617519921,1.07996078729,0.197066498585,0.753049270309,-0.878850175711,-0.0312981403316,0.470217294214,1.81616548449,0.136469476277,-1.04333108979,-1.45429087467,0.987557316095,-0.172893837587
118,0.126924751598,-0.121336095995,-0.00490150348361,0.338070076497,0.305725414916,0.33401667589,0.417264685443,0.186026827319,0.0501241617069,-0.0235093209051,0.341413749203,0.448352781176,0.369165778482,0.450565466006,-0.210826086862,-0.209218375101,-0.120707892704,0.0399633034626,0.254050326245,0.519878921708,-0.411199474561,-0.14829897859,0.57534780191,0.609773521977,0.530999188238,-0.353116421031,-0.338337255849,0.637031144697,0.145647563851,0.016917175513,-0.242004195273,-0.669903143497,0.0265839750732,-0.0908283545975,-0.0054937784145,0.96910394512,-0.505511884097,-1.09559735256,0.745470876035,-0.0851635622141,-0.200079667962,0.510629784783,-0.577939088552,-1.00587177274,0.717939134453,0.803251570826,-0.390620445369,0.350767407547,0.991601221171,0.421619727881,-1.3369957386,-1.34900964823,-0.919325567514,-0.55836823652,-0.134949491586,-0.731011587362,0.121553059148,0.590780355356,0.383333577314,-0.862341792941,-0.775329338959,1.2310185646,-8.36613704425,-3.95168499353,4.37762958806,2.1646236596,-0.171079235577,0.37065339602,-1.73113225136,0.0150355479054,-0.0771780130862,1.20903060118,1.71817547554,3.51665640876,-0.483120303492,-0.505728277234,-2.54580991608,3.25839565091,-0.703661802034,-0.12629119378,1.19500415821,-2.28126637004,-1.96280425936,2.93781947885,1.49551818193,-0.0668644885139,0.340360097892,1.37071869594,-1.65723744843,-2.04899386506,-0.42693780226,-0.103007918927,0.123029829158,-0.52122906879,-1.04922985457,0.813122296704,0.296462437493,0.40699605015,-2.62478108068,-3.14407967009,2.01976956549,2.12186873742,0.50302659227,1.51404382283,2.75266670239,0.435680509638,-2.15970738486,2.05212349253,0.307145632744,0.772048878357,1.12311357437,-0.804160427275,-0.0597995983871,0.461078939787,1.6835394922,0.301163275172,-1.19812396032,-1.52981729859,1.01354161998,-0.159671085375
119,0.00637150933025,-0.141955525675,-0.243254197598,-0.214747354023,0.460487082679,0.548373208393,0.298431256967,0.227835360909,-0.0041106538107,0.132617929016,0.248755386689,0.484760236347,0.597902609342,0.65525804205,-0.359379047207,-0.257499793085,-0.289204766901,0.295489980817,0.223653693199,0.413434924221,-0.294339554316,-0.455028384556,0.363939022143,0.846435214863,0.666663861693,-0.391012384338,-0.353868878006,0.655259515629,0.0467838550163,-0.159750063325,-0.291892603832,-0.578621560205,0.104564942721,-0.126150323517,-0.021143531066,0.938350817509,-0.547358859303,-0.991894622096,0.482403950966,-0.422595227229,-0.0218164633404,0.65343431114,-0.49446511231,-0.833899728173,0.998389381007,0.836452417123,-0.594424272859,0.501558133607,0.979453501893,0.524422810242,-1.21114720498,-1.42253315869,-0.927069920411,-0.512290245377,0.0250942822047,-0.692487434069,-0.0045673084192,0.435302642099,0.485439207538,-0.877721434204,-0.324118045024,-1.71746662895,3.23039922548,-3.01324475372,-3.79113165273,1.09943994798,-0.899616019624,-0.15838534272,1.274806288,2.26296009322,-1.13680375471,-0.412816342788,2.55144921265,0.546054302173,-2.44168383261,-0.701871387357,-0.285837270344,1.18643162268,0.29213163882,-1.95211624331,0.827036687193,-3.19925819297,-1.63593408941,1.45515562245,1.22526880865,-0.732428147141,-0.663549393579,-1.05935418842,-0.155750229555,-1.28530131822,-0.434163050917,1.82276943159,1.36786106478,-0.183988528644,0.746606421865,-1.40660048442,-1.08332674168,1.66757281675,-2.48983319204,-3.40100401232,1.40460386875,0.674419066894,1.18688026902,1.85970109537,2.77573969335,0.271481540666,-1.8693979075,0.922646377174,-0.552983171973,1.26303594003,1.37059192667,-0.653552006476,-0.095981900651,0.461855229025,1.51132824767,0.469263963045,-1.31811245212,-1.57444544063,1.02634008228,-0.148223133948
120,0.171721060822,-0.0255248496752,-0.0214686281667,0.0374346747325,-0.168722210259,0.260286519376,0.331212742518,0.181603951862,0.280288631581,0.30056632885,0.231898936336,0.421475065356,0.762178583904,0.641494104223,-0.626052240277,-0.374326241551,-0.161718289284,0.236332062044,0.292855659953,0.180750813026,-0.282543086337,-0.675457177248,0.342792749129,0.863450419297,0.772933033559,-0.503777378376,-0.456563428945,0.448182919168,0.118219586857,-0.216524967071,-0.301386552134,-0.340596764273,0.273207590562,-0.137394679293,0.129975436137,0.710318269147,-0.698542007343,-0.770813656798,0.272596868625,-0.727242061936,0.0581007813718,0.640571398749,-0.34034759937,-0.646562076907,1.25688369021,0.865864438426,-0.756722134806,0.529990013882,0.88285858969,0.66878141719,-1.06792382193,-1.47724290536,-0.938597306098,-0.46578987639,0.166247171474,-0.63729598219,-0.140771440808,0.276969713547,0.588151580724,-0.892047423657,0.880579662046,1.88627361568,1.10582773461,4.52142840886,-4.41201173548,-7.17140981677,0.503258565221,0.158940071094,3.48544781401,1.01401825819,1.03737274714,-0.451570197094,0.163551091201,-0.235937934041,-2.38102590004,-1.55080304447,2.40168544201,-2.0697979316,0.722667373115,-2.28009868849,-0.586787714618,-0.881441556406,1.39950324051,-1.08774892519,0.851944275236,-1.51533852462,-1.2489647898,-2.81417123175,1.45580197095,0.168833631419,0.357472793147,2.71636596168,1.82298890244,-0.129179228966,2.13650614035,-2.96257740449,-1.76497805612,2.66850297794,-1.61119722648,-2.52761896481,0.116112852987,-0.918231639485,1.87573656702,1.82947630265,2.31629968321,0.354296194921,-1.34733146972,-0.36521563257,-1.35762117869,1.59129957804,1.46725207239,-0.428912100549,-0.134354346336,0.468823639512,1.30707876091,0.633250640863,-1.39918904273,-1.58674086158,1.02564473739,-0.138604379921
121,-0.0769258068754,-0.0209227528407,0.1259505556,0.048054767363,-0.0846113050581,-0.417022503554,0.0929530021021,0.356906297431,0.505423595293,0.404590110527,0.421037231629,0.448533287311,0.610293622479,0.671265262585,-0.761673185691,-0.511909013179,0.0419916171946,0.000363869673496,0.280906635788,0.0421682501319,-0.376210380945,-0.632405751344,0.608927234149,0.678796689434,0.823162700588,-0.68393005283,-0.57045512318,0.164017053284,0.29025569963,-0.14220461492,-0.208404492391,-0.079940694111,0.430770098062,-0.172448122602,0.369564650713,0.393739879576,-0.859021055073,-0.481695443714,0.171298371119,-0.903754408049,-0.00505427566811,0.480291464323,-0.127427605101,-0.477646805041,1.44773813275,0.913336226544,-0.860333241507,0.429436634657,0.714433566769,0.835250308836,-0.923104517409,-1.5061877687,-0.953762873243,-0.418470355978,0.285727447022,-0.566223492156,-0.283001675784,0.119056931913,0.690115784898,-0.905504026798,-3.1841749019,1.70148562173,0.0308049342023,-3.21013565715,3.30778770148,-2.78161853938,-5.54606622397,2.4992079026,0.69681780297,1.45409684386,2.34157779138,0.988792913579,-2.70732138618,0.716512181193,-0.211894624175,-0.839816792354,0.89062075563,-2.02044601877,-1.27301562945,-0.204082878218,-1.00620167383,1.4335201652,3.43299493654,-2.18638880991,0.0850493643567,-1.98557618611,-0.874257376889,-2.48133281223,1.6831201352,1.15274935222,1.49800847702,2.30018355202,1.15314476909,-0.667973661065,2.45132174861,-3.10736624017,-1.22805099848,2.97449524558,-0.401005502797,-0.930439253694,-1.36339173159,-2.19774345663,2.32276691348,1.5117546162,1.44244719678,0.616029190475,-0.71922365079,-1.62562893013,-1.96800736373,1.69757397228,1.40233738277,-0.140706844107,-0.167341805917,0.477435245333,1.07936906989,0.785663469536,-1.43819444289,-1.56598406282,1.01138499072,-0.130836199247
122,-0.222305496447,0.250800623393,-0.0152059044219,-0.106383387907,-0.0941301767853,-0.139136159639,-0.357342759824,0.334469448427,0.48677637712,0.594291967326,0.634302091918,0.567085409458,0.390021241341,0.700074370283,-0.687732782241,-0.499884284192,-0.0649095177503,-0.105976520203,0.0439889930005,0.139832931564,-0.435363651951,-0.479565399433,0.905094838606,0.515262967858,0.785498504154,-0.870159025921,-0.612347068746,0.0163158232141,0.398723915157,-0.0269394119635,-0.0156002927338,0.0920312822117,0.479297627644,-0.283158066949,0.582467204614,0.137256333877,-0.905725955434,-0.204450535895,0.18709260566,-0.909755222315,-0.2020365072,0.224995047072,0.109238944327,-0.349094928207,1.53666247863,0.991005445145,-0.90190435504,0.211813513701,0.499526165984,0.999870517614,-0.792559841561,-1.50387789188,-0.971588340788,-0.370411476373,0.381644498697,-0.4807856168,-0.426937596409,-0.0351255115397,0.789981892754,-0.918275984884,-0.967613901408,-0.926632215294,0.0026842684019,0.532748670181,-3.05185688484,5.41349001216,-0.41390373221,-4.02771574797,-0.653072672204,1.98402668793,1.74878991416,1.03719005278,-0.878736110797,-0.603513228106,1.4928450233,1.02748247539,-2.90399485414,-0.227797641414,-3.06989793012,1.84967107205,-0.0539590266009,1.16798354768,1.90097457609,-0.722947682116,-0.791398045557,-1.54559718338,0.052718486541,-0.270996414139,0.281616801495,0.943551832703,2.23356314709,1.07466881341,-0.236113223959,-1.55677120312,1.6547262675,-1.82567848289,0.440292500971,2.43742556064,0.65443673212,0.775121019589,-2.47102879142,-2.76485942871,2.32491864377,1.04768000301,0.308904621684,0.935103140965,-0.130852379464,-2.67875453445,-2.27182505805,1.55227245079,1.18497198908,0.192470179015,-0.185994263575,0.482793115879,0.837367684941,0.919427937945,-1.43305330079,-1.51220174864,0.983731337143,-0.12490674684
123,-0.0988934093956,0.0115602466672,0.0998246938338,-0.0219743036598,-0.16519117898,0.0585123341816,0.0937405965511,-0.182546421977,0.350123263522,0.705905149797,0.752502743764,0.628653352078,0.487854816854,0.527699827196,-0.493288746101,-0.368746215487,-0.42117200248,-0.133119086039,-0.214981978048,0.313236358316,-0.39537248384,-0.452851367173,0.921011646328,0.563631287523,0.689636312129,-0.954061601453,-0.572902985894,0.116447976508,0.332756515743,0.0140475275551,0.207417653859,0.137219546744,0.388711059701,-0.473594076486,0.68228150913,0.0527278947799,-0.755957097872,-0.0152528460401,0.284572815835,-0.764916879336,-0.471978734501,-0.0419111347494,0.319794345303,-0.268045677884,1.50763961257,1.09749763316,-0.892349455911,-0.0945308376424,0.272589294877,1.13749046582,-0.690248081186,-1.46703010403,-0.990171748686,-0.322178121907,0.453034958801,-0.383173100637,-0.568110063649,-0.182308054676,0.88642904883,-0.930545207425,4.51672596477,0.230126449549,-0.356922220417,0.810638050573,3.0398023288,-1.56077687039,6.41295229307,-3.16792344602,-2.46767166089,-0.197405234896,0.521615458145,0.341743085749,2.4233214651,-2.5132019407,2.30839560239,1.1552673187,-3.3949129009,-0.848618990738,-1.53799069967,1.09198379433,0.676628591081,-0.651354992369,-1.59030943686,1.58571996043,-0.944002277007,0.0281271693648,0.607253437259,2.13472203114,-1.5180472263,-0.213946919628,2.06358993933,-0.0924618565262,-1.47468675824,-2.14072663133,0.319189212106,0.167525273632,2.54837753385,1.27858523452,1.19002153253,2.00337387901,-2.77017733351,-2.41853015452,1.79977800564,0.584282545889,-0.880960866181,1.16895763057,0.283539626869,-3.38035757657,-2.20192161296,1.16177722379,0.844029653264,0.54541736069,-0.180970554034,0.480182576144,0.590374243429,1.0281669463,-1.38288184754,-1.42618057326,0.943094085152,-0.120771347313
124,0.148072638432,-0.0703820842988,-0.0423280916651,0.078739781794,0.219120191711,0.0372155679879,0.271663400717,0.0597975788021,0.0616535503111,0.503772483327,0.711976816461,0.685183775902,0.712167342858,0.313126717894,-0.251134401979,-0.328269083735,-0.615659373479,-0.327335152274,-0.214653341609,0.294227937154,-0.341080754532,-0.565790451614,0.650747582465,0.768772192515,0.632779057087,-0.850506662168,-0.520241073166,0.388698782752,0.138858156921,-0.0698748720265,0.369025375882,0.0977095450655,0.215279796663,-0.680160241545,0.655225197166,0.158875969816,-0.414428422234,0.046869073768,0.403404111076,-0.5370128048,-0.72375873986,-0.230594926824,0.454091208234,-0.22844752282,1.36549803903,1.21769647943,-0.854165307174,-0.449625004983,0.0720027744417,1.22546700632,-0.626359543799,-1.39511210725,-1.00670549191,-0.274775179938,0.499853088229,-0.276167494433,-0.702024392933,-0.319337681219,0.978189176735,-0.942487533218,-1.52461092979,-3.91270703924,-0.874595657465,1.17224250468,2.31756143633,2.99990144401,-3.2502776843,6.73336535569,-2.00497304455,-3.75561226839,-1.45986135533,0.8917117287,1.24066141516,-1.23018956611,2.28408018854,-0.36333939389,-0.254275100116,-2.86404592574,1.35459313058,-1.48290413686,0.259761515924,-1.22793635228,-3.25956547964,2.06644281516,-0.064485342278,1.9935994096,0.317793045915,2.9524566497,-2.04143967193,-1.38003269822,1.06812930753,-0.55616861931,-1.80763155127,-1.80832161038,-0.758723035699,1.81175480062,4.11130517926,-0.0108472815387,1.08358312968,2.40544599707,-2.11183280567,-1.23812651681,0.826730092257,0.232503234173,-1.92138996363,1.19148483734,0.430981667312,-3.64539560076,-1.74819106542,0.569605233126,0.425305421818,0.888799795855,-0.14370146144,0.465604690751,0.347368670514,1.10648603986,-1.28806234972,-1.30946244949,0.890117034943,-0.118353473179
125,0.0567212001494,-0.0877148420123,-0.0845803069299,0.126113114176,0.235857880864,0.401010318224,0.0379654222223,0.519630282688,0.17131436343,0.0929903753188,0.45996888947,0.747924963721,0.667912792411,0.317199687024,-0.112927039472,-0.389117415717,-0.515413573916,-0.594199829987,-0.0532746078327,0.0755172239216,-0.345555189177,-0.624119194642,0.385572294495,0.892669882438,0.679510412497,-0.591697291974,-0.522186952836,0.636388677286,-0.00773198429221,-0.233437439228,0.412171110271,0.0517418668161,0.0631409960932,-0.80019846307,0.557227498281,0.374407106031,0.020553623923,-0.0038815878746,0.484035714933,-0.312043940707,-0.868613943336,-0.273280612032,0.477774342862,-0.216077231032,1.13392477273,1.3261249512,-0.816141896713,-0.808557406006,-0.0658580670359,1.24720441882,-0.605871130113,-1.29060128454,-1.01761444082,-0.229551120496,0.522917624856,-0.163030261071,-0.824289138617,-0.443252425662,1.06406980411,-0.954269617966,0.766149697597,4.42754527909,0.555815854425,-0.816237086084,-0.678019718157,1.48237288797,1.93487205383,0.0294824329025,3.977074677,-3.21092703929,-3.37317990111,-0.28537232593,-1.89746659204,1.06858472625,0.0793716128859,-0.455765755182,1.73071216568,-1.73101526508,1.16870632289,-2.39975290349,-0.214561256972,0.317420621239,-1.58372281213,0.123391406205,0.878969617157,2.88606696308,-0.340723851226,1.71275781753,-0.590033480743,-1.71820403864,-0.190695011947,-0.266466425106,-1.0867512237,-0.447325418752,-1.05677151423,2.25871968658,4.32198549157,-0.901474958758,0.46508212467,1.97169387296,-0.691064312995,0.423960893931,-0.364259539544,0.0426173514933,-2.64733995986,0.926331347698,0.28115519087,-3.46129777782,-0.960514725341,-0.148004940767,-0.0137937643215,1.19233016843,-0.0676051092654,0.436260633814,0.116595569814,1.15021821588,-1.15028021586,-1.16432097031,0.825666175318,-0.117546294751
126,-0.113228319548,0.09401960514,0.187201294505,0.0468159776741,0.18365079883,0.249252512363,0.57226824808,0.252664028539,0.507916233628,0.076275368492,0.132254951793,0.510349129936,0.434956739367,0.436818995105,-0.266456255923,-0.371187957474,-0.367812322136,-0.569691815546,-0.078977600708,-0.0962877971191,-0.340892678157,-0.493300510419,0.36974019071,0.781459813641,0.762274732504,-0.342324706199,-0.570159742484,0.699679828542,0.0576556103909,-0.381917551127,0.34414058643,0.0535304995232,0.0154178639574,-0.752596564457,0.468603292651,0.563061040918,0.396397521217,-0.109069883505,0.489066661924,-0.160765495631,-0.852107838457,-0.147252173892,0.384568877898,-0.214872784678,0.849737041696,1.39311014432,-0.806564665879,-1.12885904628,-0.112366367097,1.19498603819,-0.627732846218,-1.15890483237,-1.01881216526,-0.188057736835,0.523819858381,-0.0473699216323,-0.930746592982,-0.551352576311,1.14297551535,-0.966046004362,-3.96990056245,-0.345107418681,2.65366733999,1.04667742282,-0.924020550975,-2.24985704871,4.90220296282,-2.08699918372,0.752780183504,3.03693296172,-2.51208951628,-4.61814111087,-2.29889220424,0.900526302955,-2.9228203948,0.757433583055,0.970028432066,2.29736056434,-1.76167179796,-0.785283394695,0.529440535526,2.12978748508,1.12908625086,-2.17363685239,0.48214651059,1.77050827122,-0.474808496447,-0.452637745028,1.93121177455,-1.13507064108,-1.06286188533,0.292362100846,0.147358800721,1.41127180298,-0.631107294809,1.30467966181,2.95038251912,-1.07384198483,-0.373271858066,1.00092509625,1.02194358342,2.04217508243,-1.45562991489,0.00280948515543,-2.96489478638,0.368154257108,-0.125426561716,-2.88845693517,0.0579073655375,-0.891689664082,-0.411452043863,1.42829346215,0.0507914382673,0.390936014089,-0.0947918960275,1.15661653714,-0.972520796748,-0.99371900388,0.750813582853,-0.118214774039
127,-0.304862813214,0.33552702554,0.205985959684,0.305734052863,0.126693226516,0.286010605271,0.485911266741,0.438637295912,0.302994515662,0.464792765455,0.0597072190745,-0.0533217511006,0.227750889502,0.462269602598,-0.579305704488,-0.304429497643,-0.30656800364,-0.222664323692,-0.325910638853,-0.091561418393,-0.215438937424,-0.258790101015,0.533686182477,0.523942311608,0.725184942147,-0.281277667587,-0.588127855359,0.573576911792,0.352377559467,-0.450563248642,0.224797150607,0.0985041868224,0.0808002208584,-0.531433121628,0.436478224596,0.605593303524,0.573200890889,-0.195425373887,0.412769639206,-0.114193098193,-0.67381446446,0.115647218588,0.200386972162,-0.212320923735,0.554998087804,1.39225010449,-0.846359611322,-1.37727930872,-0.0512722975516,1.07163485551,-0.684832960426,-1.00792817135,-1.00605841524,-0.151878336257,0.50479992407,0.0670070502136,-1.01760087742,-0.64126671883,1.21392756641,-0.977956427182,-0.217819317976,2.6091601175,0.592372201249,1.69987131572,1.34261575812,2.28745663727,-5.60330644479,4.2795766296,-2.84258159175,2.78954070688,1.09560467354,-5.38248411048,-2.06775473313,-0.336060612353,-2.55945818255,0.137707571165,0.546589576349,3.83350887505,-2.4327310787,0.565919066522,1.95791268218,2.21382445781,1.61828068631,-2.5836743522,-1.36695965091,-0.603541482709,0.224187839124,-1.81634724024,3.68635318244,-0.259239971621,-1.19468630177,0.512217844379,1.03625544408,2.87110308796,-0.045411944213,-0.5267347622,0.47359125552,-0.560771115629,-1.1133625886,-0.0407505415568,2.45076475649,3.08076297778,-2.13851467502,0.0584437864501,-2.86345803098,-0.41309856973,-0.684539711067,-2.04777658522,1.16591193381,-1.55251789583,-0.709644596077,1.57498093376,0.210972545771,0.330241038014,-0.281008605676,1.12448523101,-0.759024283298,-0.801248051093,0.666816823569,-0.120198263447
128,-0.330098285301,0.27388299651,0.472213608943,0.328078971493,0.480282226132,0.378718120885,0.111763869932,0.539675587917,0.327237171737,0.416231775388,0.224966035618,-0.310495084344,-0.0111020272514,0.386267966449,-0.662031873403,-0.385760115701,-0.213976460856,0.0404446774508,-0.421598540691,-0.0615713037187,0.0184172932713,-0.101073455504,0.59754330932,0.326153807959,0.496365093164,-0.434691064602,-0.519377742318,0.396129148481,0.72250077352,-0.449474294948,0.127530682034,0.134957640991,0.190169385559,-0.21669569759,0.441811776663,0.460319291905,0.486893683754,-0.210016319915,0.277323011154,-0.156288082796,-0.387591526939,0.436838344112,-0.0226078910644,-0.202249773797,0.288869640767,1.30740501263,-0.943681042993,-1.53475325223,0.118543915208,0.890696969491,-0.764787899994,-0.847323441435,-0.975386863595,-0.122440525689,0.468600035699,0.176255089251,-1.08153941713,-0.711010848179,1.27608123161,-0.990123401441,0.776869250815,-0.371327638352,1.211069751,1.33953863719,3.64477043474,-0.879255328705,0.520274576255,-3.59255085875,3.3698004307,-3.24052774217,1.16641507694,0.935251258501,-2.53266300771,-1.20546866106,1.09532984907,-1.58857356811,1.29221150934,0.943693444888,0.947858574883,-0.27796924902,2.46078804038,0.847186247003,-0.65253774421,-1.22723489541,-2.9844742049,-2.14541800607,1.08989229593,-1.44104700324,3.32429194835,0.165178247835,-0.667224114289,0.121100827473,0.973400162785,3.20353490225,0.0215749140415,-2.28292653149,-2.12758296944,0.283784260068,-1.530944928,-0.710204020455,3.11986814512,3.16743625194,-2.21165782772,0.142742921888,-2.40912976676,-1.28577303615,-1.24951691318,-1.09751435124,2.20602310409,-2.02761836585,-0.862241284092,1.61958063392,0.407927974043,0.256674321018,-0.437820250077,1.05424290438,-0.515198587696,-0.591050486793,0.575094269517,-0.123313559345
129,-0.231400080429,0.344367302255,0.353576249374,0.645482653784,0.543996086806,0.348785777662,0.415077966014,0.0878315338328,0.555740437732,0.132885976601,0.167260524012,0.0509865726679,-0.16343775274,0.198379657285,-0.407948168822,-0.516113194526,-0.105701164871,-0.0298184831027,-0.155456522801,-0.158923212592,0.224101710361,-0.0709088531001,0.393332697772,0.266940120116,0.199096651494,-0.627659899013,-0.397610767396,0.328205924553,0.95040968108,-0.440634281157,0.100574158908,0.110746395419,0.244224831268,0.0672374763256,0.411820901543,0.181238214822,0.17888846412,-0.144073336086,0.119881929156,-0.235027526933,-0.0823684099165,0.714281808973,-0.220569739706,-0.184501421631,0.0809230963599,1.13755592723,-1.09116840457,-1.59868896159,0.382656770523,0.675053425744,-0.851489903516,-0.687493554557,-0.923560543636,-0.100832178238,0.418304476405,0.276651184684,-1.11984365609,-0.759038915055,1.32874049901,-1.00265013621,-0.621835904082,-1.54652836839,0.0161162506277,1.92181168057,-1.65249104015,1.51436957842,2.76837470822,-2.12728254248,-1.28773743461,-1.03418628884,-2.05443411539,4.89616612666,0.191470935944,-2.60216286282,3.46995728521,-0.334133699676,0.444902914545,-1.87005492777,3.77064279405,-1.44921118742,1.44440194422,0.000372390300297,-3.22284561744,-0.188485453605,-2.55518292016,-1.28824694982,1.16036735507,0.186707017416,1.00760101605,-0.0787088401567,0.13560825116,-0.616475723705,-0.00544133884897,2.30003222368,-0.759163107668,-3.09084171247,-3.80659008408,0.970094443954,-1.55432521646,-0.752889249574,2.82503184459,2.21970510169,-1.65011008017,0.206409610303,-1.72309065337,-2.0847227671,-1.66243776418,-0.203681983526,3.02891408016,-2.2355875923,-0.841872434181,1.56011404113,0.632117428333,0.174494299372,-0.562624752741,0.947914800632,-0.247491633664,-0.367726323457,0.477196847005,-0.12735835082
130,-0.273053955352,0.267113516354,0.483798090499,0.42765776647,0.462110375838,0.591466374011,0.428048882059,0.319265551591,0.0588080164877,0.180279770738,0.0197887266248,0.369099551624,0.0708461704176,-0.08180640306,-0.0632232240694,-0.364756962689,-0.174325815383,-0.205324169938,0.163962587368,-0.274306764961,0.287374283123,-0.0427339358417,0.0271913472473,0.228953254074,0.049100438765,-0.630534029286,-0.322117582832,0.428523609154,0.909813159484,-0.472722279982,0.149268503322,0.0208162088657,0.179551781077,0.221456930433,0.270080277592,-0.113789109071,-0.221240690887,-0.0342921518294,-0.0225948523175,-0.286237786328,0.149601106922,0.854092943284,-0.336838635092,-0.162173296254,-0.0529098690923,0.898371513851,-1.2665559577,-1.58219940373,0.713100695735,0.454100470951,-0.927235703586,-0.538463734089,-0.848505095856,-0.0876398423577,0.357176553825,0.364752205328,-1.13048508854,-0.784283361454,1.3713697872,-1.01561881025,1.10977667255,2.94908282609,-0.640678958115,-4.07984486918,0.488762624886,1.68493986636,-1.28344050028,4.62839947136,-6.02870307499,0.553154196114,0.202002097663,0.614024043841,3.94448067356,-2.40357547536,3.1393732155,3.35173835967,-1.6983591978,-1.09247519348,1.81182620246,-0.453159378025,-0.162683969046,0.81615183903,-3.66814236028,-0.843246838232,-0.295291283213,1.35405308958,0.226383209102,1.67474221593,-1.72769563679,-0.539622830717,0.78288112329,-1.08239444233,-1.26441698006,0.753588404827,-2.11989630607,-2.60086745101,-3.91351743172,1.1179532259,-1.25192471377,-0.185272563939,1.70591125695,0.480164863917,-0.61980071198,0.235133537549,-0.95167390184,-2.64765541451,-1.78880286894,0.490496010496,3.51667910868,-2.12933875844,-0.644530821247,1.40610928904,0.869952946659,0.0894010942349,-0.654432149922,0.80905448005,0.0367739830523,-0.136226622404,0.374776826655,-0.132114995389
131,-0.329032765746,0.322476414072,0.250761710214,0.2888868779,0.475146077609,0.508942349129,0.464894112957,0.461279475969,-0.102886998213,0.0500538717884,0.222167269117,0.238254703867,0.398933659141,-0.156479044937,0.200341607444,0.0569387862999,-0.340451463481,-0.21029799831,0.125893759254,-0.208121385363,0.213168484297,0.114168498583,-0.271887015688,0.0718953523921,0.122932448251,-0.378488668216,-0.358267549914,0.617994159221,0.650643417032,-0.532872210305,0.242707721936,-0.0783151031981,0.00898414392769,0.228317325264,-0.00691647568767,-0.305961133706,-0.551270918515,0.0583114943905,-0.12454821567,-0.260359752995,0.245602449403,0.800399279872,-0.339200449205,-0.13798308067,-0.111292035263,0.620072923378,-1.43661868431,-1.51047316939,1.07248045511,0.259859492115,-0.975169267839,-0.408756296206,-0.749668135078,-0.0828275801533,0.28850237777,0.43754100856,-1.11220305372,-0.786184434833,1.40360242169,-1.02908923847,-2.32738751104,-4.0845553376,-1.66178960552,1.33677780637,-1.09693703186,-2.69484815108,1.9554650567,-2.6845489626,3.49726124211,-2.64234802724,2.73088256766,-2.02276239391,1.41509520814,1.22436146448,2.0941408515,4.29259765353,-0.854419864792,0.801077329735,-2.4554079251,1.69747122516,-1.15019188709,2.2516205321,-2.13159327896,-2.25178448045,1.4605824447,3.36422583178,-0.876051117197,1.84577162814,-3.12825181575,-0.545087430082,1.00534716121,-0.743321385195,-2.00795925985,-0.489676878317,-3.32165281082,-1.13825703693,-2.4661605321,0.641294308772,-0.770984125697,0.729458418804,0.195196966667,-1.55334988631,0.568625131071,0.249236185627,-0.235605795738,-2.85141259188,-1.54837149528,0.890351708661,3.60107490264,-1.70436610884,-0.291154697964,1.17785079156,1.10478681102,0.00805145167002,-0.713750023733,0.642598723487,0.329599538226,0.0982638848668,0.269554345277,-0.137354546419
132,-0.155340235519,0.172520620022,0.228564629198,0.373860996794,0.291037046852,0.307391774563,0.481392771653,0.13495965795,0.380218863063,-0.0234328685507,0.301019419518,0.166810240125,0.267714074132,0.0926551593982,0.325288976928,0.354138859938,-0.224451386247,-0.121719698349,-0.212963504901,-0.00499019537201,0.0958931794336,0.360957029781,-0.40039476577,-0.180622368804,0.25252678839,-0.0465681026154,-0.465718635241,0.747476256044,0.354082142502,-0.556847714628,0.335011163264,-0.0987975034341,-0.190278338374,0.158798215289,-0.362319614345,-0.335518620454,-0.683901775181,0.0810647211574,-0.176025062457,-0.14198941496,0.194668025449,0.55369156109,-0.229972816383,-0.111532683546,-0.105591942426,0.342014288385,-1.56372581946,-1.41501474521,1.41952335393,0.122550777043,-0.98171494686,-0.304411612055,-0.628257414525,-0.0856710133462,0.215450270062,0.492554979635,-1.06456125074,-0.76470734587,1.42524568123,-1.04309795032,5.4192350676,1.95509879552,0.899189543876,-1.12789658312,-1.63329906515,-0.693884541796,-3.09559707413,-1.24351862911,3.34072191595,2.54540245742,-1.67463903264,0.741744730441,-3.44558039604,2.79862119137,0.138792803382,1.27448328459,3.34255487164,0.607981435826,-3.48794048936,1.84704015694,-1.00251731621,2.34299900137,-0.598560059681,-2.49685305844,0.657024958753,2.80081891083,-1.06100525708,0.547044431097,-2.48528174115,0.171113608043,0.775126765743,0.446131820786,-1.82262776798,-0.698043210327,-3.58078141353,0.500819387309,-0.112652368516,-0.215167507085,-0.265448574116,1.59578167516,-1.13701908442,-3.28180990202,1.55334273013,0.286879529189,0.315213073031,-2.6401496367,-0.935500043115,0.965933965694,3.27371066719,-1.00104111317,0.17417000214,0.904225100651,1.31833014682,-0.0625520946679,-0.742388209117,0.454662647834,0.622536169939,0.330452029639,0.163282413177,-0.142840951567
133,-0.0165378580902,0.0610268164395,0.275058362347,0.163835960802,0.219594203863,0.239768642538,0.0172354348113,0.301813726519,0.375781529167,0.458702707784,0.067753523126,0.232246374826,-0.051069218326,0.202029001377,0.194418964801,0.323967948478,0.240305506198,-0.106338268817,-0.424332129815,0.0694377650359,0.0462598965673,0.517117471327,-0.433712424692,-0.372241584952,0.185893691283,0.110401608233,-0.529283627707,0.706482536748,0.196976792389,-0.487779086964,0.388515427409,0.0216184723038,-0.332263995566,0.126673148311,-0.679100994944,-0.228170676642,-0.575913032652,0.0176737927489,-0.180581168764,0.0446320603758,0.0411920972648,0.17153824023,-0.0455454087147,-0.078767275251,-0.0559287293835,0.105117255892,-1.6137002797,-1.32688478607,1.71517149479,0.066261284428,-0.938664028745,-0.228286781497,-0.487320903657,-0.0947564467646,0.140952961199,0.527991489939,-0.987980565291,-0.72034664379,1.43628230232,-1.05765769316,-2.97561307484,-3.02688754855,-2.33522790798,-1.28394847798,-0.325440441392,-1.79076215942,-3.57431407108,2.64911517113,-2.06607420856,4.90192037298,-1.24936823162,-0.490288691862,-1.79997741526,-1.15855141657,-2.6297542039,-1.47075297003,5.00690345941,-0.0671765813853,-0.302584071148,-0.615749618204,0.137613476988,0.549328320411,-0.250494817264,-1.16323981436,-2.11263337287,0.177515867893,-0.0496213943745,-1.36829378573,-0.570384179222,1.19991717131,0.272160960599,1.94599460512,-0.956678574716,0.207702079521,-2.5447966123,1.48252800364,2.18164294533,-1.00028264685,0.153785246609,2.04292242349,-1.78802071755,-4.19381840149,2.03295085648,0.378655447926,0.637382357606,-2.03928899739,-0.0243897764517,0.7555324388,2.58651195237,-0.10043184957,0.689286921889,0.619370501656,1.49236970269,-0.115741541165,-0.74320190847,0.252284801971,0.906931420514,0.555066063327,0.0577112059146,-0.148335337937
134,-0.157357331297,0.110529949157,-0.134386536713,0.0906487091915,0.0987313263688,-0.0441460467958,0.0593062790124,0.296163576633,0.315859192431,0.57654612378,0.234627795545,0.0253656898903,-0.0432913882885,-0.0733601908044,-0.0930325221892,0.15621077042,0.569250041018,-0.0548622102617,-0.271944485361,-0.116680503701,0.1354306402,0.462038722703,-0.464856326749,-0.412711294391,-0.139823946563,0.00649840131171,-0.460661126522,0.492988970691,0.228752587762,-0.332495739499,0.390067452744,0.272653969069,-0.383474848751,0.217405493836,-0.838236544708,-0.0765016919895,-0.278496437008,-0.101795802954,-0.150007326492,0.245501360741,-0.131365565616,-0.248752360536,0.154648408257,-0.03394605036,0.0138103764755,-0.0562396585814,-1.5633704039,-1.27025644,1.92822567616,0.105338917116,-0.844611480912,-0.179734050283,-0.331647539035,-0.108048763848,0.0676176127345,0.542785855907,-0.883746536184,-0.654117517212,1.43686841138,-1.07275736481,0.857105054619,1.30044731982,-1.21248320867,-2.10889591578,-2.39823564614,-2.48424651653,3.39734918137,-2.74901875833,1.32079728272,-2.79179032542,3.91088712084,-2.739365468,1.251113459,-3.28039631209,-2.29925984752,-1.50645190471,0.787760935105,1.46248467977,2.97524498239,-2.75028949736,1.61871539267,-1.48990549346,-0.318702822264,0.191837632871,-4.00242028798,-1.93492418953,1.40250597119,-2.72588639429,1.02134609924,1.76964275826,-0.212551138676,2.92107284706,-0.145488903841,1.61429609857,-0.536902396843,1.36036539347,3.56445622912,-1.27742126674,0.432215910844,1.86558173374,-1.50373345802,-4.02763225382,1.86035790929,0.524668176055,0.718884457157,-1.1522786527,1.04228405948,0.355944365437,1.64242646429,0.885887819005,1.18175673709,0.358507741397,1.61060515407,-0.145867009621,-0.719796085228,0.0431342340209,1.17418853604,0.766986705489,-0.0454475349535,-0.153600297933
135,-0.0152613711826,-0.0297444105826,0.121263822579,-0.199529749033,-0.223977304307,-0.0350089801975,0.243779869009,0.0900282577476,0.400572831067,0.201495537455,0.494655714237,-0.0556161245095,0.0104523352727,-0.23725243342,-0.133649326181,0.0534173134009,0.367307212502,0.195380319015,0.0602033048834,-0.377867181652,0.343479616939,0.282863615906,-0.470774702729,-0.383853267087,-0.509322652681,-0.184984755134,-0.268325434736,0.204414915536,0.348616940103,-0.16674118703,0.3559683245,0.56703035027,-0.387282282499,0.435084471955,-0.782860445474,0.0112113977219,0.0928214749467,-0.213426348612,-0.0993093459321,0.397843230932,-0.23095771341,-0.600028165497,0.306340932741,0.0266579060905,0.0809395220647,-0.121162343895,-1.40621889672,-1.25753779054,2.03963321933,0.242051944525,-0.705517596527,-0.154716428731,-0.167486658642,-0.123024945132,-0.00233368778098,0.53665866292,-0.753990602776,-0.56753407792,1.42732793707,-1.08836237121,2.05070102532,-0.783686646784,0.973330435073,-1.14732261739,-3.0112646181,2.12546700584,-1.11599744396,0.219043269552,-1.17736311673,-2.69897072772,-0.372314454053,1.87608911605,-0.671581488163,0.542672147632,1.67113029197,-0.590496132749,-4.28824704757,3.18331793733,3.10440965317,-1.94079087983,2.30754336067,-1.6911118614,0.349438924995,0.129125007688,-2.85046145205,-1.39559815497,2.2949983328,-2.82154736953,1.07971456277,1.37848045951,-0.403408463257,2.75486037958,-0.0920013716797,2.59656859084,1.57578636207,0.274148717514,3.64268479901,-0.834475051893,0.555962969603,1.09890099232,-0.372437252199,-2.8531836925,1.08847291704,0.684255974712,0.594277924358,-0.140870226751,2.07946246376,-0.0985935007625,0.577994786778,1.83065056225,1.57838145815,0.15345713735,1.66040319027,-0.148914138473,-0.676215757576,-0.164806927484,1.41603011381,0.961375844253,-0.144555163042,-0.158404090004
136,0.059154841133,-0.0284251111986,-0.210622752574,-0.102697145328,-0.182345924088,0.0325739034707,-0.00522165413944,0.249999905362,0.0815701101903,0.155114876492,0.15223094753,0.277175428027,-0.0919736001385,-0.0352196148045,0.148431000014,0.0172248626196,-0.0903315647274,0.45151335521,0.270776478066,-0.432605944684,0.537590474055,0.193266925382,-0.382527439219,-0.415608623564,-0.634932480427,-0.194772172293,-0.0319275073628,-0.0339504611972,0.393226283222,-0.0828608113549,0.323725574223,0.785470569741,-0.433016025514,0.699394695005,-0.552529399177,-0.0335185115404,0.412085114574,-0.248154743937,-0.0439116711103,0.454191005454,-0.190869115323,-0.798126738429,0.360089978199,0.100910298706,0.128082179252,-0.0865464025459,-1.15488378688,-1.28700381514,2.04474658409,0.46587503219,-0.534281808716,-0.146363556485,-0.0021048393868,-0.136863252813,-0.0670927738384,0.510130719852,-0.601645132971,-0.462575039652,1.40814363728,-1.10441539635,-1.61537958007,-2.57774849098,-3.24049038895,0.710553224357,4.25629733026,-1.76784910671,-1.98369880393,0.936251234788,-3.62245742128,0.691379419832,-4.87291569014,3.06854710345,-0.319911865142,2.48978533378,3.02125638487,-0.215063854209,-3.74020128452,1.20796705451,0.934381876806,0.956682719394,1.26441461577,0.104434420186,1.34322293283,-0.744433866078,0.46649725066,1.398013264,2.30981222611,-1.82109015364,-0.364218010305,0.226864880943,-0.172414197443,1.4684577575,-0.94684180617,2.48268648542,2.81888502348,-1.16305591337,2.59713569442,0.214909211056,0.526717236809,0.00401007877934,1.20226752843,-1.0471516056,-0.0473240720295,0.783652734008,0.332771286183,0.806943798845,2.89552727323,-0.464694596042,-0.459214237506,2.60821875088,1.81521322388,0.0284135516226,1.63426209623,-0.122989831547,-0.616646445998,-0.363571020705,1.62475738056,1.13379935144,-0.238079037997,-0.162524670697
137,0.0793464566273,-0.197926004161,-0.1802040012,-0.133898741351,0.15725788472,-0.134883487075,-0.0274759151375,0.0266786604994,-0.053352731733,0.0672431722144,-0.123071238745,0.275420565962,0.0800022349372,0.0857359649535,0.290034585272,0.00835517976216,-0.228747996852,0.34902211748,0.248834645879,-0.217727235257,0.549279724774,0.301015715107,-0.244307743809,-0.496032987652,-0.447847618999,0.0844621098378,0.180165798698,-0.151914768725,0.264645174163,-0.120669627643,0.33215660824,0.846387064712,-0.588608571335,0.893818513656,-0.268264971783,-0.208071837639,0.594971555745,-0.163079126301,0.00100025876088,0.40077026113,0.00491027176778,-0.807067789863,0.296168003547,0.17859287832,0.145858576035,0.0321717055276,-0.839880481075,-1.34339143253,1.95322754811,0.75452903031,-0.349348178341,-0.145913436407,0.156781438008,-0.146672086034,-0.125265724412,0.464505354934,-0.430373105372,-0.341637553291,1.37994495517,-1.12083756367,3.48708389282,2.39124962313,1.9560118333,0.529807683578,-0.510940437988,0.486161191478,0.602357223032,-4.72269630503,0.820193163242,-2.87008737778,0.122280298083,-3.28876997878,3.45194872602,-0.322581363506,-0.676593729695,0.0752570634583,1.13876492789,-3.22347521596,-1.24638283271,2.96993485919,-1.13693918474,1.81687365717,1.11838640215,-0.569348635365,2.86568757758,3.89941300635,1.92298551813,-0.587349934984,-2.1345525598,-0.903829860912,0.370918675634,-0.237629917464,-2.14626853407,1.25829422541,2.61081053224,-2.20957632501,1.03707764527,1.48170192818,0.346481927753,-1.02749174512,2.64029803299,0.830548820238,-1.20442036994,0.739948978592,0.0222493224809,1.51470780276,3.33076692165,-0.619809397677,-1.33444769267,3.11190327537,1.8466859055,-0.00345658235431,1.53080320728,-0.0686221826255,-0.545146612963,-0.545528107209,1.79349639912,1.28034058229,-0.324622912029,-0.165753478517
138,0.15687349109,-0.0591195672322,0.0376628489707,0.0412819448301,-0.178237103005,0.0801540319076,-0.0740666701195,-0.321101745511,-0.0378478029456,-0.234550311916,0.0146444207581,-0.133708107911,0.352158337676,0.000499700808692,0.0467309933435,0.0353282776372,0.0432298462614,-0.0849926353182,0.0543860832199,0.0702240479443,0.323963501437,0.481090617531,-0.213319096722,-0.474476593039,-0.167200360513,0.497905401654,0.358778776318,-0.17615232669,0.00261510395754,-0.236209874914,0.397554983754,0.757110898224,-0.841836686191,0.935208873824,-0.0759897438579,-0.445618094711,0.626734197489,0.0389275080788,0.0204941965848,0.263679820557,0.313922263286,-0.648564360091,0.129994476377,0.242073932281,0.133894621205,0.204005744718,-0.504670841513,-1.40133166839,1.78667242744,1.07664583154,-0.172495780776,-0.143932781627,0.301642647541,-0.149737923412,-0.175848788388,0.401819178173,-0.244474175142,-0.207480293051,1.34349299268,-1.13752996035,-3.95404047739,-1.32157190681,2.00670321236,1.17132160627,-2.49800696444,1.30826043383,-1.51512655389,-0.737767850437,-1.92956250089,-1.76064223621,0.974857588467,-3.02435109078,0.514242674868,-0.489597587082,-3.48111534123,0.418003739943,3.36517063909,-4.56271728409,-2.46142746768,2.34390290796,-3.12806501352,1.35180576639,-0.64884967472,1.1603331578,2.21941565221,3.87416319646,1.69668724139,-0.0745648652351,-2.84714423268,-1.23350946322,0.901606943204,-1.38051398481,-2.74121398997,-0.431959561547,1.05606320002,-2.37867281973,-0.313510221048,2.47466511481,0.0201135499947,-1.61444901039,3.38796877159,2.21793320434,-2.04158681264,0.493218804919,-0.247886435663,1.85327320926,3.29069810347,-0.488032712136,-1.94685267132,3.26874297704,1.65258881377,0.0578849447807,1.35515202499,0.0111620820229,-0.465429734572,-0.703691181916,1.91642283754,1.39770134279,-0.402954076874,-0.16789889608
139,-0.196907433086,0.144985550494,0.00478394692022,-0.039307702758,0.00558303786226,-0.138294646897,-0.203579676232,-0.18143593338,-0.3915273435,-0.215783878971,-0.107546958107,-0.142127114057,0.080922746483,0.0884536917382,-0.244182491986,0.0676134833714,0.25215885498,-0.39255297129,-0.201195899463,0.187384669084,-0.0046497931952,0.503210785906,-0.360460127407,-0.274693605617,-0.0773876008021,0.776564310429,0.525219819938,-0.204225700123,-0.250188903921,-0.333295114161,0.499351578312,0.611624062285,-1.09227341981,0.822600665566,-0.0779502532214,-0.653818051585,0.556886036986,0.309737375328,0.000868797743442,0.100772807771,0.648081814934,-0.392998587303,-0.0935125111839,0.270113336907,0.1001554077,0.388578719477,-0.197952716302,-1.43093527707,1.5744174347,1.39569153311,-0.0260834986073,-0.131667638881,0.425777374385,-0.143769178433,-0.218185527301,0.324763750666,-0.0487696599967,-0.0631571950558,1.2996629584,-1.15437548887,-1.39323254153,4.86047704284,-1.40248577598,-1.57071213922,3.87773239483,-4.14660395189,-0.680412633776,1.81669531116,-3.35486558518,1.15057060806,-2.9745183598,2.28417075528,-5.08344167564,2.02015595271,-1.7336644901,0.0505980677011,0.134204547272,-1.04504686405,-2.39261386706,-0.144436248639,-3.03135786384,-1.07761395249,-1.99485650264,2.55551436625,-0.558095644021,1.44333309543,1.62425413167,-0.651046881708,-1.96718736632,-0.567041309754,1.04517879653,-1.31133143125,-2.02634025571,-1.6768366563,-1.11677625671,-1.66386530468,-0.9396568802,2.81353535098,-0.429781241637,-1.52263958485,3.11489915164,2.72995916428,-2.32579917046,0.0350314987416,-0.402721456311,1.76729226356,2.76733657235,-0.0566382950871,-2.24428084564,3.04958043804,1.24186608189,0.198881928751,1.11863733536,0.110997220087,-0.380708097873,-0.831990890032,1.9889575794,1.48328742145,-0.472026633994,-0.16878932467
140,-0.283512116098,0.164717191535,0.165146224107,0.026352197562,-0.0159939423261,-0.267942337215,-0.244156031066,-0.222909877392,-0.408756337029,-0.24452490706,-0.339518631246,0.0166832960231,-0.329008651928,0.242237386788,-0.26520783552,0.0109043651838,0.0465404669806,-0.294490368087,-0.366929209775,0.0520814499883,-0.210063311278,0.277604147247,-0.521624232254,-0.0494086569755,-0.254896957316,0.778623446465,0.673273203733,-0.325708645315,-0.360234832831,-0.333309227774,0.587154142903,0.531647752933,-1.20453960786,0.636730103894,-0.286926483877,-0.763371199676,0.467308249749,0.575750416682,-0.0678121101821,-0.0178764453521,0.902994423835,-0.135110942897,-0.314707602324,0.24385763338,0.0588150868534,0.544231540542,0.0353701433665,-1.40442054855,1.34828306154,1.67459754344,0.069899265971,-0.102352618293,0.523889186081,-0.127112544282,-0.25191169147,0.236581757383,0.151530289203,0.0880564794807,1.2494245052,-1.17124100438,0.503711116593,-2.75709039281,3.19522020201,3.07301357264,-4.35529620338,2.12922684093,-0.388498267421,-2.58581114999,2.94311982199,-2.06807348116,-0.680291022456,-0.565739748796,-1.53419590983,0.134497610062,1.10323969919,-1.30114549649,-3.79654234498,2.4752872956,-0.660311965974,-2.32545660454,-0.830291030495,-3.16100216999,-0.726349234305,1.47238328697,-2.66085323072,-1.23185956038,1.25012179862,-1.78669854317,-0.193888146097,0.578074621938,0.618126621213,-0.165292508758,-0.064340487695,-1.83769060227,-2.92492877207,-0.505107518503,-0.724101741452,2.38653465646,-0.949044782102,-0.74985210434,1.83672018477,2.27664623904,-2.00283823783,-0.577841551848,-0.394818079423,1.28703477548,1.84379975027,0.619975573804,-2.2294248952,2.47297428364,0.652638741962,0.393680994529,0.837814095574,0.223565393111,-0.293604086683,-0.925509150717,2.00792637902,1.53527618758,-0.53100034611,-0.168275814461
141,-0.0105371554648,0.189130777324,0.21400395934,0.194117569208,-0.21356017499,-0.0765967073763,-0.268650281323,-0.436436190638,-0.135571362342,-0.445121096373,-0.273701583814,-0.282061910762,-0.165551810465,0.0537981253433,-0.0972738456299,-0.188526728656,-0.353221790426,-0.0555353077485,-0.309466997757,-0.206178872513,-0.156431082008,-0.049641904189,-0.433513397478,-0.0490010084389,-0.525913948528,0.592757566994,0.756786685086,-0.543254245687,-0.305060608719,-0.229132003218,0.609022368284,0.585129221518,-1.09279801624,0.492162039719,-0.624656666539,-0.761247223508,0.431438478053,0.767723586521,-0.188401544464,-0.0341358788621,0.99388439531,0.0373632586893,-0.478233240788,0.153167909324,0.027044019461,0.636461460226,0.162773414905,-1.30245840626,1.13718063646,1.88044836548,0.100588956662,-0.0523052566836,0.592535239035,-0.0989205915413,-0.276894595331,0.140942230536,0.350973445748,0.242743858186,1.19382042211,-1.18797969077,1.8623984195,0.431859618454,-1.48658279684,-1.73295464396,3.06969684792,-0.160365777025,0.0420276135699,-0.182312902593,0.549481836531,-0.53950958406,0.928515915756,-4.14974385007,3.65950566237,-3.40807458346,1.87481450659,-2.49000988466,-3.37636077369,1.52564523435,1.7135124055,-2.42263617595,1.78771661954,-2.9512147513,2.59691235557,-1.56998229223,-2.35342240796,-2.10110940471,0.346527050055,-2.38186166329,1.11218025061,1.39203042787,-0.217545143389,1.16965818226,2.25531722053,-0.90713378088,-3.60426782261,0.466508464093,0.0656611347694,1.38732761827,-1.45160261908,0.46926596762,-0.0795450619096,1.08219598806,-1.20931962023,-1.2309933379,-0.212639481489,0.523025909929,0.680882579282,1.42981228709,-1.95643665668,1.60241535629,-0.0516474900965,0.607096757603,0.532896040282,0.34017720228,-0.206128235206,-0.980663331134,1.97167793476,1.55266424385,-0.579254638357,-0.16623420413
142,-0.130182615296,-0.0448494859552,-0.0204660414846,-0.0701921832799,0.215061062794,-0.168802677739,-0.239606231171,-0.228914234451,-0.354268814027,-0.28501350102,-0.318728377766,-0.49748287507,0.0581824410297,-0.250233602912,0.0501753499354,-0.413455039661,-0.525362859164,-0.0721184356729,-0.0915234521668,-0.359703035838,0.0925822290672,-0.244401615952,-0.0474880317822,-0.322680961585,-0.67137395265,0.427130381839,0.737644676208,-0.754817631378,-0.18603938429,-0.0826766278641,0.544491761709,0.7345393017,-0.783176312999,0.47204300628,-0.962404461779,-0.693099506219,0.483837610166,0.847681882382,-0.354195011572,0.0777334473112,0.885877617218,0.0716636897251,-0.550096804202,0.00112790933068,0.0212381278821,0.644987599702,0.170532279581,-1.11895338402,0.962505534717,1.98857172412,0.0584411213047,0.0183472049965,0.630394990408,-0.0592538293309,-0.293173379083,0.0418000831861,0.54402180894,0.397429876105,1.13394418209,-1.20443362473,-0.870879311613,-1.31998552361,-3.86717431204,-0.68076542428,1.20741363387,0.376063472608,0.612231075049,2.98382855452,-3.26729317559,2.64443978115,-1.74015747525,0.750361663168,-0.526298205519,-1.7787501266,0.853681847288,-1.53843967982,0.022137833181,-1.79380958206,2.12839421551,-0.41375760866,2.80263970178,-0.755346463097,4.58519874857,-3.41751274217,-0.463674191242,-0.969773052193,-0.694858256272,-1.59565231642,1.01419112987,1.39722903148,-1.02843285749,1.59188981566,3.69810728319,0.517550780563,-2.94335015359,0.760676087531,0.95899682997,0.223469048839,-1.836467443,1.74013785094,-2.03070603056,-0.399787681417,-0.223176214446,-1.78043031169,0.11691452309,-0.355620847277,-0.512161368265,2.22453320573,-1.51884770004,0.537317600158,-0.789518069654,0.798928627305,0.225757051557,0.451491316768,-0.119717327859,-0.995335104326,1.88015611897,1.53529367188,-0.616397439428,-0.162566735017
143,0.069313760233,-0.0252535328208,-0.164502938412,-0.0164576426508,-0.123092371768,0.0423412419707,-0.0806383168867,-0.124787245156,-0.409238092561,-0.208572086726,-0.44163479935,-0.224501244443,-0.269814898269,-0.251065139152,0.045891971029,-0.420462520451,-0.405622923242,-0.321694000452,0.014631517594,-0.284674148231,0.321513332575,-0.199862069184,0.343053012413,-0.608201827794,-0.634652563085,0.416813151103,0.635488455518,-0.82047600578,-0.142415238883,0.0289286043176,0.418259052323,0.852554749469,-0.411331463227,0.584264927622,-1.18112344067,-0.635887390032,0.61212187969,0.822048460491,-0.548802143815,0.301424822834,0.608159797702,-0.0345847644872,-0.527363166397,-0.194966062715,0.0533298453934,0.567993549055,0.0666456063882,-0.863273314901,0.83508161073,1.98547119318,-0.0554420885219,0.105419988703,0.638326295189,-0.00910671346136,-0.300905613371,-0.0567543295596,0.725212715596,0.548666210022,1.07091687167,-1.22043647397,2.44833246152,-1.75942174794,3.29056735433,-0.831459778298,-4.69239230275,1.91672297429,2.64008228619,-1.12116178676,2.76553817952,-1.73313690324,0.274237052216,3.20182600897,-4.72230594182,1.32268366916,-0.943330349434,1.53737548202,1.88087692155,-2.52136794137,-0.350769325612,1.7066888349,1.41069136843,1.48587891781,2.51166463954,-1.68152421396,0.993601891456,0.701228121273,-1.22253283489,0.409933485223,-0.253388627192,0.777207241244,-1.40397188844,0.520581679432,3.43004342789,1.60911728771,-1.32894757297,0.266187128538,1.52706684759,-0.656231280003,-2.01592631173,2.64101165691,-3.3754236362,-1.64524864732,0.630179438287,-2.09303701422,0.532773928831,-1.15507333596,-1.517188955,2.84839428804,-1.03111812495,-0.600823877014,-1.47130396849,0.929126315285,-0.06228300097,0.548303353036,-0.0353208765476,-0.968940706771,1.73492361345,1.48385600981,-0.642268683804,-0.15720311722
144,0.153476650152,-0.125760547493,0.0245048518384,-0.204075631033,-0.211238802474,-0.0462938440777,0.108187175838,-0.195933812565,-0.0581767280197,-0.438861009372,-0.246232440841,-0.12426642873,-0.558681865941,-0.125744146396,-0.0926637297465,-0.151242829768,-0.231729462719,-0.464879450242,-0.164820667975,-0.0942336245651,0.331322015417,0.00238496987595,0.357295238074,-0.582505649631,-0.517818044086,0.532409680785,0.518507968385,-0.671412561286,-0.235224116997,0.0730262621948,0.281069411845,0.800996932852,-0.151608282687,0.762841256548,-1.22145413974,-0.656341989015,0.771441036574,0.736641486057,-0.748893998214,0.58317439335,0.246889257084,-0.23536510004,-0.437528031762,-0.406758870018,0.127874212338,0.422639823201,-0.120401654938,-0.559430561221,0.754130675443,1.8702179212,-0.231043373936,0.200956023361,0.61919959545,0.0496454659701,-0.300324350578,-0.150649703581,0.889319830505,0.69311548483,1.00586403967,-1.23581627413,-0.524761594688,2.34319840045,-3.3520958696,-0.655401219069,2.44346561406,-2.89009597627,-0.272799103921,1.27366129286,2.20575909896,-0.99486632537,2.73331252049,-1.6057020668,0.0538943245207,0.649292907946,-1.35775764989,3.29202725016,1.39535928323,-0.0729576052209,-2.89951336884,1.64055839537,-1.23207744318,2.27672033853,-2.36598434123,2.24303561425,1.16341900909,1.36693981248,-1.01458949483,2.45060385512,-1.47661675729,0.160613408626,-1.27386112521,-1.65101504455,1.56213013973,1.78945412233,0.48814192022,-0.714168985415,1.57081408011,-0.938298197507,-1.94268493868,2.86670302558,-3.64877752879,-2.2386172896,1.08446640163,-2.08667120978,0.95085383714,-1.69626811047,-2.14945241344,3.16927172062,-0.607211998022,-1.68501905243,-2.01025555562,0.963174221432,-0.312639622113,0.622326211935,0.0464791404813,-0.902441843506,1.53913579651,1.39987373084,-0.656938431959,-0.150101037655
145,-0.089042228494,-0.0736621376903,-0.300019000641,-0.125367916948,-0.0320197760008,-0.201628251154,-0.16485505316,0.0913188512246,-0.0955388299745,-0.210249066378,-0.108387743074,-0.39474793472,-0.2809351823,-0.124575929597,-0.119687194752,0.110773905831,-0.120818111494,-0.353628595269,-0.450775499117,-0.030823668855,0.1172105015,0.208983264676,-0.0749704332532,-0.225219504982,-0.416482109965,0.64143674089,0.442545417067,-0.375993444401,-0.395052464997,0.0790149109642,0.16891300215,0.525740623373,-0.117949099045,0.910035187049,-1.10192175607,-0.776663278918,0.911370185049,0.656888426849,-0.929118662581,0.849207931053,-0.0811174690141,-0.454611865245,-0.328077109047,-0.601419724739,0.240550660457,0.24167220285,-0.346891178271,-0.24230990836,0.708372680665,1.65414820354,-0.4502772895,0.294032269816,0.577526180352,0.114374056638,-0.291708115637,-0.235986459442,1.03150905114,0.827632517282,0.939892999665,-1.25039822871,-2.51538545708,-2.46212304692,1.18819998949,0.62070724194,-0.209855142259,0.486498719347,-3.52800483722,2.41179543564,-1.71366875416,4.8968632282,-0.468914923461,-2.36262955155,4.33228493682,-0.212715199173,1.18136752116,1.46518506728,0.987662120058,1.93756414726,-2.17446118427,-0.546784443248,-2.63417764628,1.70653308788,-5.63620367742,4.26074737708,0.900493486582,0.607435617283,-0.514993706365,3.15493112471,-1.45684112784,0.0629737526888,-0.986670156696,-3.71743820857,-0.864793810156,1.02388927693,1.76409429673,-1.63412415339,1.17393104427,-0.55408038945,-1.62462108068,2.33441223751,-2.72099983621,-2.01142108488,1.01665918513,-1.75666780331,1.28088229243,-1.85216911996,-2.29425261057,3.10571606052,-0.340051009651,-2.59966046686,-2.33349426849,0.87701596962,-0.511360194435,0.666884536795,0.125332066648,-0.798298848003,1.29746535468,1.28565963393,-0.660699702591,-0.141246112837
146,0.0946051467026,0.0155210272171,0.0484109199478,-0.115058248316,-0.191751208497,-0.120143521968,-0.230190652093,-0.0465464435412,-0.0808966604832,0.189046596174,-0.239139511395,-0.381070314613,0.0421161872903,-0.0916743060378,0.124745435261,0.127164448753,-0.0110607088739,-0.158978631523,-0.508175196615,-0.183034489442,-0.0916854750355,0.333526366854,-0.606182979145,0.118957393187,-0.318299379203,0.626952698921,0.403014493083,-0.102310365729,-0.477718941372,0.102924502081,0.0721330219344,0.105026321784,-0.296578045209,0.951332014555,-0.9011018907,-0.96380973827,1.00081179386,0.642137467948,-1.06763593818,1.03025734909,-0.265396486519,-0.614369604275,-0.249952387784,-0.749788943883,0.378522102803,0.0667379115386,-0.562190744617,0.0483813172651,0.678983362197,1.35896129295,-0.688864224624,0.372008398139,0.518920622941,0.181886760161,-0.275364644128,-0.309181991048,1.14748448962,0.949340435312,0.874071104673,-1.26400747706,3.6420316059,3.51501963002,2.69177668136,0.588686949999,-1.62838856452,-0.0386115371315,2.46150939561,-4.69617513009,2.43698998885,1.43138876008,-0.991272648499,2.84656215586,1.30544923295,0.919154832511,3.1158809527,-0.780284502069,1.19187474811,1.64959295316,1.17144626032,-2.1392511805,-1.02592505663,0.818910801976,-4.16968905004,1.9318835346,1.16404586492,-0.953793801174,-0.37382089901,2.05214761869,-0.0156086753485,0.467141639589,-1.0364430386,-4.38539836258,-2.46885214975,-0.22425069794,2.08225765434,-1.98341655796,0.61545126181,0.313883303457,-1.12229559063,1.21498860741,-0.846315789576,-1.09439515237,0.481401342314,-1.17963000705,1.44613019994,-1.5751847139,-1.93054778292,2.64467863726,-0.285457964123,-3.2552569017,-2.3913742376,0.660877625111,-0.650510099255,0.677454907148,0.200982493263,-0.660369795472,1.01597969141,1.14425519025,-0.654056245552,-0.130651301728
147,-0.0688634953798,-0.0255131761185,0.0594166582896,0.0187244142043,-0.15297688696,-0.190176688787,-0.0232589823201,-0.355707970229,0.133115950399,0.0305717682348,-0.137101028652,0.0384641059137,0.0017582508758,-0.0129778241905,0.341987235543,0.065520154653,0.0911142107355,-0.041589471506,-0.257725062275,-0.364436040272,-0.0191456975967,0.389329194355,-0.796406313315,0.0827308084967,-0.178757572147,0.45369460647,0.347528869245,0.00232006432906,-0.384697966631,0.173108366327,-0.0564307268351,-0.285477094501,-0.552694842082,0.870660588588,-0.7163415732,-1.14633567182,1.03946390297,0.724273294002,-1.15064084032,1.08486430484,-0.237333372031,-0.662998896525,-0.240573092745,-0.833658306051,0.522745111884,-0.0602924155989,-0.718561510686,0.275309693841,0.64381416611,1.01353875521,-0.919008887413,0.422080307478,0.449457542523,0.248661408601,-0.251627595845,-0.367103344355,1.233619979,1.05569964609,0.809405483087,-1.27647177777,-4.77487433511,-1.94365434885,-2.3632581476,1.19340762257,2.41135407369,-0.230518198047,-0.363555210139,0.909538549092,-0.0285465481584,-3.41880449263,3.0808328456,4.38277516234,-1.27783938033,0.122274390334,0.549613457881,0.0362223617261,0.691301289378,0.807898354615,3.35858660384,-1.04468014755,2.55105206515,0.399394243107,0.550821010568,-2.65091477344,1.54380243363,-2.43405648755,-0.818686588943,0.0122782820819,1.8146476789,0.891766832157,-1.60633968089,-3.11936778412,-2.33812765969,-1.31554958365,1.48750159732,-1.53596453742,0.202409658201,1.3192334094,-0.532282058096,-0.122081649061,1.41547048255,0.133513864581,-0.314516821989,-0.492702339557,1.40194221949,-0.908874084303,-1.13653762363,1.84630614958,-0.453321077074,-3.59897770239,-2.16403404501,0.321468419124,-0.72887738777,0.651999929742,0.273149038055,-0.493761028459,0.70197472424,0.979349494514,-0.63770561267,-0.11835580598
148,-0.139068237068,0.15173708087,-0.0887679110642,-0.0270650340948,0.090289883887,-0.0550543720054,-0.244210842885,0.0517490154899,-0.151617697756,-0.202353511293,0.224618659036,0.31612183009,-0.0450118201723,-0.107561507199,0.21176609567,0.156253246001,0.118569362252,0.0395444433407,0.0555330279383,-0.347054143229,0.367084713432,0.430412253826,-0.544602595673,-0.32863714501,-0.045699796415,0.165381317685,0.230986466097,-0.0777311817921,-0.150809977173,0.265690164032,-0.253596054608,-0.474295775252,-0.70832476206,0.708596936964,-0.62000999694,-1.2494190295,1.05230179597,0.897987092343,-1.17483648133,1.01349051354,0.0076527987407,-0.593754684807,-0.312070459334,-0.849983643726,0.651879184752,-0.10625302832,-0.780543922611,0.410486433372,0.582070862469,0.649978791074,-1.11255625146,0.432957832563,0.37499627436,0.311101512,-0.220864155757,-0.407182800064,1.28707198089,1.14456781927,0.746824683308,-1.287624058,2.2814685084,1.75498287921,2.15528222374,-1.59812331448,1.08334527626,2.28804820211,-1.53858059548,4.22074486678,-4.07488153584,-0.331830909141,2.99895655675,0.85192856613,0.741497118529,-1.67908271139,-2.62929012193,1.46013245597,-0.0237910029877,0.972669817487,2.45592506185,1.32574392239,4.61655506175,0.473646750775,3.87451860941,-4.84502002251,0.882995983352,-3.16354197894,-1.50613642096,-1.38281484073,2.59183381022,0.865775341205,-2.29523147442,-0.54660727679,-0.56435801564,-1.81006491057,0.405703007224,-0.451580249935,0.112396209908,2.08826019587,0.0356993570144,-1.23226293888,3.37925304894,1.18089851334,-1.08766262291,0.145406187002,1.14843056124,0.0189368155858,-0.0757240106019,0.834669574793,-0.807356808469,-3.61965256729,-1.66429069608,-0.117772977567,-0.751901429654,0.591066730246,0.341429388129,-0.304635950659,0.363770050721,0.795181028626,-0.612518002313,-0.104423496152
149,-0.0296719825086,-0.00625039730565,0.21145413743,0.0489467614012,-0.00811374285334,0.0650834619132,0.0104734086387,0.0177955524962,-0.295205383581,-0.0448842573422,0.305531228232,0.2562165801,0.103763207842,-0.205365188588,-0.014769718704,0.252858183154,0.129143996169,0.159900229429,0.19003859928,-0.16529731038,0.763972369345,0.485348984891,-0.176301512068,-0.723541449616,-0.0397800409737,-0.138688719499,0.0560946105703,-0.215566369836,0.0738890391602,0.329986105201,-0.492872514,-0.39967536859,-0.644541772574,0.530262770765,-0.631970075883,-1.23070503416,1.07205072106,1.1247719175,-1.14765028166,0.85850926809,0.408652867737,-0.447423877765,-0.448515210811,-0.810786001916,0.747002702474,-0.0540118898165,-0.73205631031,0.440662643503,0.478587521211,0.299431709811,-1.24423661228,0.396464263433,0.300552064863,0.365789603974,-0.183490499664,-0.427512574345,1.30587033169,1.21424929791,0.687162621397,-1.29730478377,0.516515540375,-0.740377506759,-0.348968523539,3.66101727312,-1.75797925467,-0.20466084292,5.59686220499,-4.44625763583,2.00396850393,2.77044790262,-1.46518801013,-1.52279676141,1.59662855402,0.454907707777,-1.13642497781,0.0128273712934,0.43473959792,1.34003718715,0.265760118379,1.82053682629,2.62956133115,0.587335723164,2.73152088489,-2.34269353824,-0.838450114359,-2.69309120534,-1.90976066984,-1.06738523814,1.62473637223,0.368447801613,-2.31311450036,1.88245178011,1.82931542133,-1.66799183002,-0.582924161125,0.808479482329,0.319682296723,2.34889094895,0.480004133743,-1.74645049298,4.45700000874,1.61749652444,-1.57693229746,0.599305071771,0.733387955828,1.02080076354,1.03418895372,-0.22399094814,-1.27327506705,-3.3467458476,-0.936510564052,-0.618483736499,-0.730820755413,0.497645980298,0.405238774641,-0.0999899757186,0.0104716813545,0.59642494033,-0.579511459184,-0.0889409125335
150,-0.0402949484403,0.0957682171181,0.00674678093166,0.210599207876,0.0766626183722,0.0619654896306,0.285098116876,-0.267502798688,0.0712886035839,0.196477511191,0.0531123651632,0.0935675728825,0.172668581791,0.020063958969,0.0209321080177,0.144763102334,0.212121032537,0.275029096851,0.147499183026,-0.0680988027449,0.802801862374,0.533711068893,-0.0984180317033,-0.722107571747,-0.192989414718,-0.329207395683,-0.131727531062,-0.242383130571,0.136391520417,0.337928716734,-0.673741429226,-0.149534732593,-0.366702722127,0.386497069332,-0.717253870936,-1.10006224828,1.11973298192,1.34749990112,-1.08558973494,0.689964084529,0.859060737536,-0.298186903781,-0.612802309793,-0.738870430476,0.796039431608,0.0933776531765,-0.579756750506,0.370083795804,0.326929195964,-0.0116751921702,-1.29460110129,0.308858145451,0.229788239388,0.409715335272,-0.139991616076,-0.426915677322,1.28898393736,1.26353264156,0.631145163346,-1.30536411133,-1.77275960026,-0.67260129576,0.209669913967,-2.5556272952,3.51515976584,1.21448126856,-2.25655407446,1.50769254703,3.68068076997,1.4636298417,-2.5944764691,-1.55411277345,-0.33820592734,3.52983888999,1.36490758706,-1.8103716571,1.05664526037,0.791245994161,-0.857981716886,-0.099099723445,-1.95155687933,0.288861321506,-1.30562455887,2.32850398802,-1.94964674087,-0.929684357417,-1.74776238402,0.671410974623,-0.442802595607,-0.17217382735,-1.08562115472,2.79414040426,3.51285803492,-1.18380690516,-1.00140724089,1.7045537012,0.629928405013,2.00799203142,0.722837498351,-1.49663040137,4.34814921425,1.22621434995,-1.63205865165,0.793393500682,0.243492422979,1.88750727084,1.96371390648,-1.15148776051,-1.75364490689,-2.84373933382,-0.0516176613386,-1.13107971765,-0.681127821358,0.376813591563,0.463784410096,0.112599797683,-0.348290451933,0.388068956379,-0.539824100441,-0.0720148979979
151,-0.134661063531,0.0802505564376,0.113267286011,-0.0205945610553,0.291106845063,0.257073046454,-0.150831855827,0.258825019353,0.285204035624,0.198803327502,-0.0652916194917,-0.0434795234426,0.0889015363498,0.310148797713,0.09668119123,0.00279662258605,0.284076491222,0.29503313884,0.0572977520036,-0.167694541497,0.432733893875,0.525824655303,-0.383007537673,-0.345682612419,-0.354565002715,-0.303701758144,-0.275535459071,-0.0810051066568,-0.000590742370209,0.309062403972,-0.675047448157,0.0932559438007,0.00462844984908,0.291977409589,-0.806538402024,-0.914464254614,1.19306916291,1.50930810709,-1.01127622348,0.581907157543,1.24105753235,-0.227597736849,-0.760575075714,-0.660819965106,0.796749980999,0.312667751033,-0.351934028032,0.220031804956,0.13078894662,-0.264520456221,-1.25229038152,0.171705269528,0.164690695481,0.440458680527,-0.090941949298,-0.404990847253,1.23635928776,1.29171533476,0.579379602746,-1.31166378617,1.11895084221,2.5052483884,-0.72152610056,1.28347324557,-0.973219623955,1.00537139912,-2.40212472586,6.00646470569,0.915726224417,-1.23516662897,0.398113706477,-1.09135238482,-0.911894747665,1.32757312354,-0.550459159431,-0.555210981732,0.107907002404,-0.437480065746,-0.858875820718,-1.52032971341,-4.82745222298,-0.510878255444,-3.77717718244,4.47271497878,-0.893203458456,1.42974079877,-1.05219518046,2.41709545101,-2.0981644894,-0.325077496048,1.15828966146,1.77326342162,3.62750411521,-0.739439711861,-0.660359749275,1.87260423151,0.793811657202,1.15989366307,0.721303836238,-0.572892932263,3.13461042336,0.0817570425719,-1.26185379084,0.72844175103,-0.215153003549,2.43164452403,2.51708712145,-1.79067606868,-2.14659347486,-2.1971681438,0.901104416738,-1.59996617579,-0.620502551971,0.235200570559,0.516073965483,0.325241239288,-0.702642226887,0.175281375618,-0.494684110373,-0.0537699274759
152,-0.113757093827,0.098475463001,0.130223026837,0.276724255138,0.0614685133835,0.0713461279341,0.230258397563,0.45993805818,0.34381212707,0.0696077740615,0.0508304716049,-0.0809548693665,0.0376112820793,0.217986165548,-0.103530918433,0.0451853076042,0.211861990153,0.189574250124,-0.0250137722084,-0.273845673372,-0.0151044676826,0.427425362756,-0.705118523079,0.0193756896096,-0.320010966177,-0.0734180068863,-0.330233927448,0.191237232718,-0.226868842413,0.28523097623,-0.44454105948,0.166957456375,0.307663467225,0.229460362144,-0.828771183578,-0.750894893084,1.26757811598,1.57024738151,-0.949505140751,0.58744044813,1.46334880863,-0.295619488664,-0.856231031109,-0.599558644285,0.75740681455,0.564673620843,-0.0930708805564,0.0251924197391,-0.0965323183714,-0.449532039518,-1.11536591804,-0.0078222487244,0.105465422315,0.456314127616,-0.0370237160012,-0.362130380248,1.14893048902,1.29861505115,0.532347217669,-1.31607876268,-1.11267413426,-2.67872405445,2.5917820537,1.32042665222,-1.4910672595,-3.35671123138,8.05726278722,-1.80898162822,0.180408410559,-0.562563856242,1.24920990868,0.572393015514,-0.157006991575,-2.7561618825,-2.82172010383,1.00659963612,-1.46234816204,-1.61998952157,-0.831910952954,-0.152004044253,-3.45152368081,-1.42678900991,-1.95465653656,2.20637566236,1.63461347548,2.88996280317,-0.000616040952777,2.70687342156,-2.10648187512,-0.127320529641,3.31871272909,-0.367573158895,2.23636461855,-0.56053194405,0.288301090204,1.29238255491,0.63561269494,0.0367442182924,0.47616141849,0.70848797434,1.24904662545,-1.47082890671,-0.626539853133,0.473522853934,-0.542955316621,2.52783344504,2.57184103731,-2.03492385656,-2.36485151264,-1.50313776007,1.82436074801,-1.96967599332,-0.566461972123,0.080354533133,0.560952421534,0.530001118081,-1.04275379478,-0.0367251871266,-0.4453782966,-0.0343452041072
153,-0.0831932569941,0.195504428106,0.235576692327,0.12713779204,0.0987116949363,0.110554962497,0.650681585128,0.293924482109,0.256156517472,0.156513031048,0.11527950466,0.0663723082574,0.0217211684567,-0.0660546626502,-0.277515891228,0.0867398032704,0.032573881626,-0.0120368277544,-0.110260055552,-0.158502286092,-0.178799707647,0.255588213824,-0.683426899672,0.0410864094941,-0.0677548365102,0.200317372132,-0.272328646276,0.39606760607,-0.364453434076,0.277619888163,-0.0597844232089,0.0327995443664,0.429987568325,0.171558591928,-0.742280210848,-0.670121371092,1.30853227873,1.51717132985,-0.922518382832,0.72107097357,1.4896862924,-0.518648173175,-0.885434980934,-0.568839188285,0.694818493589,0.802019242888,0.144910532479,-0.172506519902,-0.334421936392,-0.56664401888,-0.891552830265,-0.217278134126,0.0506738349852,0.45634866461,0.0209595444308,-0.299510576187,1.0286003775,1.28456723728,0.490399009678,-1.31849852479,0.5241215832,3.40674635452,-1.68844590772,-2.39435303533,1.45112403116,5.25346515268,-2.10836480189,0.0835339808588,-1.79608241134,1.92854399682,0.220020365908,2.01189696578,-0.286977119971,-2.00996640479,0.150693613561,-0.6546985571,-1.91361460789,-2.29043682176,-0.810747381149,2.33043377399,0.206983238652,-1.90378213764,2.48830408939,-1.63689624014,2.9905631109,2.19048263432,1.14475290927,1.11609570693,-0.435783104268,-0.109123087947,4.04983555979,-2.12783390074,0.194958833147,-0.625244172342,1.43197360379,0.295073293284,0.132947408399,-1.07186450852,0.0385181592849,1.91500803018,-0.672262506057,-2.93036013872,0.0221987137778,0.136850549301,-0.672704080863,2.14093844897,2.10442724932,-1.84839354728,-2.35168699065,-0.853425121115,2.62403517378,-2.19123348039,-0.53400185335,-0.0799330898814,0.597159014946,0.719177378839,-1.35912801399,-0.242830517172,-0.393220029715,-0.0138915957391
154,-0.284516754261,0.0979111359605,0.0728735519173,0.088879038823,0.304999649951,0.646174015729,0.169166659598,0.360635867251,0.155027433855,0.297324549978,0.18232299752,0.21864042051,-0.00287777242103,-0.102754459032,-0.0519944045877,-0.0918858536661,-0.152916587399,-0.236335929209,-0.164469300789,0.109091196018,-0.0365110387316,0.0675488397225,-0.262086690346,-0.210962973192,0.176175516241,0.302515986696,-0.112032885101,0.381323493957,-0.296776539738,0.239355336955,0.295024980704,-0.204833558873,0.361036164737,0.102471446343,-0.552590764505,-0.688113344588,1.28689539045,1.36530346657,-0.944860157603,0.954438294899,1.34886339021,-0.862082802425,-0.859858814489,-0.571280132323,0.630073295826,0.978820285725,0.313029725957,-0.331451651072,-0.558568434495,-0.624228769008,-0.597379470236,-0.439890886206,-0.00240749305965,0.440393948123,0.0820757242099,-0.219055400676,0.878193157331,1.25040916009,0.453754645143,-1.31882809544,-1.60743164422,-2.83538367989,-0.838717720109,1.91960673646,2.93299903786,1.61284512053,-3.38170227549,-0.507434282058,0.631743642322,0.284902895163,1.39701666325,0.641028461549,0.0396536792228,1.05192581273,3.67409111608,-2.46714760585,-1.83310375821,-2.00839447859,-0.155484103552,2.43624142645,2.08311240783,-1.77645873798,5.36151204818,-2.6930553755,1.40955318245,-0.305984141653,1.96443617971,-1.44341607783,1.7409776417,-0.78953356564,2.71616624468,-2.3141042326,-1.43057192477,-0.748380747049,2.27341622291,-0.590894486727,-0.585171599445,-1.90058673711,-0.489519887941,2.64726023068,-2.00199656409,-3.80773260543,0.431995508034,-0.173854868488,-0.588159857383,1.33580290508,1.19652072423,-1.27319024057,-2.09092519398,-0.32320493057,3.21983843233,-2.22800426893,-0.533513012503,-0.23825831546,0.623394777137,0.885561142544,-1.64288010422,-0.438140178999,-0.339517394753,0.00743151286823
155,-0.0103864957093,0.15834205495,0.154853637711,0.377847035011,0.541246080975,0.29696269135,0.288685412906,0.137950195354,0.328926814813,0.252449220126,0.342984748142,0.199397802438,0.0643887518644,0.0263883522984,0.23725006388,-0.276897777358,-0.34425942122,-0.38019527071,-0.133738433554,0.2263449263,0.122952904608,-0.0924664957495,0.251000987742,-0.36054211604,0.159615923192,0.150107989556,0.093771518047,0.129431693695,-0.0500755977122,0.0990189126749,0.435709430002,-0.372536987673,0.180091893334,0.0262775964402,-0.310531503798,-0.76824387415,1.19126823569,1.15246945123,-1.01874425987,1.22675276721,1.12313487322,-1.250073721,-0.812609345085,-0.600308115169,0.583041575747,1.06028668278,0.375210035203,-0.417886844414,-0.745206296377,-0.636954868795,-0.256333440995,-0.65604288612,-0.0572433279185,0.408980336505,0.145263794281,-0.123374802553,0.701379866103,1.19745093816,0.422504536861,-1.31698873021,3.64011481565,0.76995110918,3.63672496582,2.76607992743,0.120034967984,-5.43805002405,3.58943007165,-2.2309025935,1.55143899297,-0.381909959376,1.16481662586,-0.611669429675,1.2658209836,0.932789650968,1.06494643286,-0.700596718752,-1.94879621047,-0.758957140027,0.688121366501,-0.377682269069,0.663394685236,-1.43212508897,4.25103892629,0.193425023099,-1.72790387417,-2.47007912419,1.99303454952,-3.35465898209,2.93087572374,-2.06213018295,-0.0122295854224,-0.816125457627,-1.99513655144,-0.743906394573,2.43658825666,-0.884687358309,-1.31096129154,-2.27098679236,-0.96681139534,2.67481734286,-2.32825586868,-3.79125461024,0.439667951636,-0.387474152604,-0.329549959512,0.265829369505,0.0204217707907,-0.421927348704,-1.60940395479,0.037928325958,3.55413583656,-2.06034289611,-0.56922842959,-0.38812564323,0.638391402052,1.02268028494,-1.8860000525,-0.618111863633,-0.285542366771,0.0294593770211
156,-0.0891901829244,0.0984086269292,0.47021809742,0.511572327253,0.255129786472,0.165205171373,0.337659168827,0.226450017911,0.293600890534,0.315540061579,0.32951065778,0.186695428176,0.197072767146,0.0487355770647,0.0828110918565,-0.220817666609,-0.497468806649,-0.385165086149,-0.0668846294094,0.0456827760635,0.0633688041744,-0.225159400213,0.505282939445,-0.145920995766,-0.105759770725,-0.106514784412,0.256088717019,-0.224698894664,0.230254604237,-0.164089624782,0.302478416063,-0.344857749641,-0.00409617208197,-0.0394621643675,-0.0914337647412,-0.837896964402,1.03082452444,0.928400480217,-1.1314542803,1.46608004047,0.919239126745,-1.58927917408,-0.786043717858,-0.644994612919,0.567104551111,1.03018396329,0.315827132055,-0.412027809796,-0.875212265852,-0.622959386091,0.10373045099,-0.845130265172,-0.117376131787,0.363226639158,0.209340074899,-0.0156799107569,0.502578795805,1.12743443606,0.39661492443,-1.31291829782,-3.58523877077,2.31748916415,-0.740710405263,-0.708660251246,-3.82728836305,2.75419054808,-2.98579536132,3.64823937276,-1.7993013057,1.31645136932,-1.30007788328,0.566950848932,1.02940775758,-0.172180665941,-3.75100263331,1.36357057468,-0.752575432504,0.580638661889,0.378428045049,-2.84381560958,-1.71981699149,-1.25228832642,0.730625022797,3.84327330233,-3.01631068144,-2.1666181199,1.13194251415,-3.36030466744,2.39073252768,-3.05734352984,-2.44507069533,1.36398992522,-1.56131102484,-0.53812746206,1.82643959695,-0.376915316504,-1.85640887706,-2.12695193602,-1.24212304491,2.01068936876,-1.58613868914,-2.85334011314,0.0290724807057,-0.489563427297,0.0165206967968,-0.85773165027,-1.19384861409,0.542951416046,-0.971633442474,0.210575617398,3.59794110397,-1.68848276229,-0.638400347108,-0.52430543303,0.640973758751,1.12501707896,-2.08158983917,-0.778671219623,-0.232501784693,0.052024985293
157,-0.471387849275,0.46707935735,0.224918006767,0.140915501651,0.204486555626,0.354516521611,0.130247929884,0.462897386346,0.229446314178,0.357553467761,0.202520791635,0.276989740018,0.23285137832,0.0981524025721,-0.331242816067,-0.14090637548,-0.435943333054,-0.29052191284,-0.102319592322,-0.22950312409,-0.151306519999,-0.342014209307,0.438398871749,0.298620553231,-0.317569502394,-0.200015004698,0.308681032601,-0.474443553916,0.385114829704,-0.467035897971,0.0124491566693,-0.124026523548,-0.118273977055,-0.0759524581896,0.0365112393614,-0.821977631426,0.829328571891,0.741877586644,-1.25640362487,1.61380362427,0.831943710894,-1.79874429306,-0.816294063451,-0.695788916438,0.585611075737,0.894501257126,0.143302325766,-0.311599355513,-0.93732210096,-0.600794079951,0.453611873457,-0.98760806622,-0.185721927785,0.304703739639,0.273010215818,0.100321952259,0.286833752113,1.04248123524,0.37593573724,-1.30657135739,-3.79876050612,0.190017102249,-0.62609795439,-5.16250621905,2.39465722204,-0.810110916697,1.029860913,-0.661860263473,1.39347654974,-0.99387931034,-0.597003398837,0.811873068555,-0.217821831474,1.59415651531,-3.52876411382,-0.34604597521,2.04136561678,1.16537943911,-1.17323296959,-2.08203537165,-2.12399468103,-1.03263007219,-1.62378124582,4.344697143,-0.670264229097,0.537578451968,-0.061020417819,-1.36491099805,0.590101770868,-2.71570554552,-2.94914287182,2.83638005079,-0.712015055507,-0.171803733908,0.677275328386,0.769694109367,-2.12531500318,-1.54278764961,-1.19709927714,0.898665083587,-0.0716818112562,-1.26273286656,-0.662855394228,-0.519751112349,0.340846894844,-1.80959520021,-2.20343867701,1.43921553302,-0.267852596909,0.205445505023,3.35344629252,-1.1333117072,-0.731325265034,-0.642995786549,0.63011098476,1.18819317396,-2.22406832757,-0.916313993318,-0.181510838647,0.074962019956
158,-0.413213294861,0.296765558963,0.251328302677,0.109271505256,0.243824747028,0.182325567747,0.422327890392,0.215610515543,0.434252519933,0.199993442502,0.238279234456,0.288061021914,0.219803786696,0.365858543643,-0.516340117283,-0.308219702351,-0.151351871102,-0.176195127325,-0.27562539217,-0.297126031759,-0.287201015538,-0.413395038657,0.281852704786,0.599990238842,-0.185044507838,-0.00401916430737,0.262058247899,-0.468583344896,0.34817885591,-0.649808749006,-0.207310571582,0.170152963697,-0.154330647433,-0.0712673827601,0.0417322386707,-0.678089072366,0.614749773391,0.628346721913,-1.35871668697,1.64357871549,0.912366245174,-1.83596888323,-0.919935760501,-0.748887055381,0.631156888138,0.680461920768,-0.111030895397,-0.132131656716,-0.929917168378,-0.586602237621,0.76585687446,-1.0670013144,-0.263912380213,0.235292185739,0.334885624151,0.220548876827,0.0596737030706,0.945031192806,0.360210956123,-1.29791894898,6.03857351173,-0.786567215738,-0.610971404442,5.18277593774,-2.61336268325,-0.638118770848,2.19711245773,-1.97081233735,1.00270609965,-1.10487628481,0.925196191106,-0.586137582626,0.365411697175,3.28710454598,-0.264331977082,-2.54626318513,3.01849840652,1.03156180186,-1.9504855064,0.797385409252,-0.392005776378,-0.287783887224,-1.06812359752,1.29881145454,3.2418212185,3.08210123596,-0.728854140696,1.48271318063,-1.21973013985,-0.696204117316,-1.11066972505,2.78023567564,-0.0849655558905,0.272112583132,-0.539337616138,2.08897294986,-2.12675682015,-0.705961039973,-0.790979376463,-0.280512520708,1.66442920633,0.50170944752,-1.39368484487,-0.548023993776,0.542989698959,-2.39806522807,-2.80072002488,2.09858256727,0.402163399398,0.0589499002044,2.85290402582,-0.434916220005,-0.832238437173,-0.741782444395,0.604954321402,1.20911613654,-2.30933765202,-1.028191706,-0.133569708037,0.0981076212994
159,0.1075874953,0.0146438409912,0.281154153682,0.460114141452,0.137766679597,0.274132586894,0.303966055026,0.309340231309,0.277597983901,0.251977554099,0.294229807031,0.223031476331,0.348044499584,0.625891825993,-0.487489831568,-0.505818299215,0.0307975482635,-0.0996834892668,-0.402175673017,-0.116084404867,-0.232776111447,-0.384849218621,0.269402803695,0.551196047414,0.245571286299,0.316062982137,0.191854077512,-0.207403238756,0.178331961523,-0.578812522311,-0.170541509532,0.388769583973,-0.153163333288,-0.0211280979665,-0.0565496014501,-0.417383540204,0.410467968878,0.600486078874,-1.40461201182,1.56822023816,1.15150078682,-1.71052102749,-1.08746563706,-0.807534433017,0.688018711449,0.431016117078,-0.39862351589,0.0960355240687,-0.861104982985,-0.591912187878,1.0175648883,-1.07166354758,-0.351766924832,0.157053177563,0.39350306129,0.34067850565,-0.173042072764,0.837773353479,0.349091130624,-1.28694811987,1.65745143079,-4.63037641452,0.859562295329,-1.348022307,2.92954058539,1.19387839826,-3.44424853032,2.77475375443,-3.18792078394,1.74377208769,-0.00168883143242,-0.246206601489,2.09766733299,1.38682884198,0.226790673004,-0.74986174533,0.126299139288,0.420232207818,-0.142241259604,2.38390794427,1.2779032735,0.867718559437,0.783986591411,-1.9704686683,4.68333650662,2.71430735081,-0.56685551802,3.4626698765,-1.94759131727,2.11656268579,1.86983464164,1.45571652691,0.0202816994469,0.728703082616,-1.31864039343,3.017539841,-1.93337722953,0.124573528203,-0.0887296526429,-1.14888291378,3.00553292303,1.9066823999,-1.90000219819,-0.639164170869,0.561436742835,-2.50606962385,-2.85494507504,2.39776757804,0.946495434044,-0.174517256252,2.15412665155,0.350970476171,-0.920999097847,-0.81941628713,0.564863166287,1.18608290383,-2.33490611528,-1.11217857643,-0.0895438929172,0.121304899648
160,0.0482189102191,0.0103560122036,-0.0130291451057,0.117859515673,0.532275122884,0.31252980674,0.139956010654,0.365109665165,0.132163753231,0.357208248747,0.276506218354,0.303868618966,0.564814898029,0.623852343899,-0.524508554919,-0.423753458879,-0.136893246511,-0.105731269369,-0.258360706335,0.0902491429616,-0.0883633770023,-0.25531293031,0.387499929438,0.308368195702,0.605227694565,0.433139682988,0.153686560372,0.152705574407,0.00243814104244,-0.257258291907,0.134791729899,0.454531237232,-0.164063960742,0.0731917363776,-0.196773349551,-0.101737687073,0.232077271947,0.644090339148,-1.3720492168,1.43244332328,1.48408793326,-1.48072341183,-1.2858819262,-0.879745059431,0.737161437975,0.195952347645,-0.662895223324,0.33347015711,-0.747133395798,-0.622311147022,1.19260252115,-0.996089895593,-0.446966151032,0.0721292100101,0.44734642724,0.456290219159,-0.405288794962,0.723571182087,0.34214765991,-1.2736612143,-2.35990035864,3.05462034799,-5.27062206837,-2.51797216984,1.05887010588,0.224287924967,1.22250226551,-2.64273216859,1.20791266412,-0.345737324147,0.0224927200972,1.9050305176,1.75292617517,-1.0854494871,-0.778613148347,1.99446983244,-3.06398239059,-0.565872981842,2.94032385989,1.42049520898,1.32937062722,1.56814134043,1.18446436817,-2.30760350902,1.89910160883,-0.710815037462,-0.269535869208,3.35346926647,-1.39509017983,4.01734930453,3.91372470023,-0.0730390849599,-0.281450935057,1.14554553644,-1.35340540604,3.14285139441,-1.61830710746,0.68228888475,0.743910887682,-1.46555874126,3.47526196183,2.53760093088,-1.98947761364,-0.819056440697,0.393525845555,-2.11644198808,-2.33914400878,2.280996008,1.29651049002,-0.432209154257,1.33326038687,1.15824617154,-0.975394711615,-0.875451686862,0.509423691832,1.11883680679,-2.29996393343,-1.16691794316,-0.0501486726066,0.144405147329
161,-0.224175195825,0.00457015986754,-0.0318335057044,0.0433984160998,0.119409140685,0.368445912176,0.378622967116,0.0458824365234,0.351135302495,0.236804905236,0.339697972235,0.54750815051,0.637469777666,0.511083989181,-0.554415738955,-0.252242530043,-0.445674884949,-0.197564976306,0.104361614829,0.150758200662,-0.00385564938297,-0.108444542493,0.432640283244,0.174995220751,0.568229269749,0.166317879501,0.10668199057,0.396118283964,-0.0811660135841,0.146500897648,0.527801393708,0.402888409194,-0.212565108379,0.203824285921,-0.303296979264,0.181122172601,0.0897615350469,0.721128003054,-1.25892594036,1.29452644551,1.81105864198,-1.23456629224,-1.46949920592,-0.973314783003,0.762436336883,0.0215284620078,-0.850127340901,0.539005338277,-0.609475353201,-0.677112011382,1.28299720099,-0.841638842736,-0.544976535456,-0.0173146709753,0.494870293002,0.563010617551,-0.631046107775,0.605384229433,0.338888407821,-1.25807495861,-0.150042846475,-0.523587711141,4.57019959943,-0.0663691459718,-6.57826803783,-0.0913923614568,1.71974069076,-1.22222186531,1.3320492301,-1.0729857639,1.20053179844,2.44482906555,-0.297252356833,-0.75039794293,0.590460526063,0.704087904098,-2.40392344604,-1.07543806454,3.65891353385,-0.0674589428555,0.296580623598,1.19571159346,-0.522464521451,-0.192547857917,-2.53036017647,-4.34972165912,-0.875686885433,1.27893368468,-0.265262524983,3.62415146235,3.48581695069,-0.768720317081,-0.68024133214,1.43565485279,-0.681852109859,2.37848306746,-1.21316424527,0.770310056919,1.48413736196,-1.20718772016,2.89212460295,2.23194773926,-1.60856611084,-1.05617290833,0.0985874115543,-1.31565461897,-1.33680588722,1.76977792349,1.41763863217,-0.652995029534,0.475784538089,1.91688195116,-0.973817727924,-0.909807303854,0.438466340306,1.00857630196,-2.20540960219,-1.1918470353,-0.0159380061225,0.16726971232
162,0.00402747254668,0.244729442567,0.263735629338,0.0393070427644,-0.135036098049,0.0963123575389,0.286802684984,0.30396295977,0.248977363303,0.278443481339,0.484963281163,0.689848179077,0.561049208579,0.490024394799,-0.403062000507,-0.341520181903,-0.535350262238,-0.267454097997,0.340242185846,0.127667760714,-0.0218660316309,-0.0365408294862,0.278251432186,0.241714091777,0.193839805743,-0.33423239643,-0.0569109664234,0.392181518119,-0.0632786520981,0.389981939497,0.751844262404,0.338294036929,-0.295637322694,0.351549594841,-0.321747899269,0.352844840606,-0.00736268907541,0.78042380465,-1.08533721027,1.20389341407,2.032626056,-1.0611905115,-1.59527594167,-1.09010981382,0.75615202172,-0.0591292042162,-0.919935556082,0.677352581695,-0.471146080732,-0.749971667099,1.28938799097,-0.616579844042,-0.639249320624,-0.109104806431,0.534525419144,0.656657444689,-0.844468137925,0.486188428242,0.338774197424,-1.24021937718,0.198353797519,0.953507288722,0.0167566781655,0.445328921828,2.29797049652,-4.85863093215,-3.18624746713,4.77768288847,-2.31384075018,1.79484233842,1.53121695856,0.0918871504572,-0.839643089238,0.0888304120338,2.00550724946,-2.21757641214,0.624231935577,-0.0654638844249,0.569541727221,-0.144413507302,-0.558960327354,0.233738614984,-2.37079327975,1.12899913422,-4.22458291424,-5.01579544463,-2.48993492034,-1.26956093337,0.505555424708,0.96054758848,0.714712243718,-0.37203706753,-0.952209985323,1.46287669734,0.326092886043,0.988292414947,-0.712427031383,0.332637186033,1.92398024798,-0.566904833994,1.42212845902,1.12930480525,-0.862341900757,-1.26629862182,-0.217605042297,-0.274987620815,-0.026922258106,0.95818799816,1.31375464679,-0.786196437025,-0.333153397281,2.55984177846,-0.898020270738,-0.922321665612,0.352089203981,0.857915181248,-2.05382616151,-1.1871995651,0.0127019376807,0.189771505524
163,-0.273053775462,0.0380842356735,0.0534410394672,0.174692160558,0.174489689671,-0.201229760095,-0.0282876165253,0.475204352392,0.234600250578,0.472166906374,0.608583265538,0.582355521704,0.513378725082,0.467317000402,-0.27846121721,-0.561728325954,-0.382359506708,-0.190281940293,0.197814105188,0.142082739355,-0.0949307794207,-0.046347617188,0.0246377588916,0.304201002031,-0.125742443583,-0.719233072622,-0.38073986429,0.190657539763,-0.00565684604327,0.31529570688,0.651420508103,0.344113794826,-0.397623144499,0.483518618027,-0.244491186158,0.374013293496,-0.0495130784738,0.774057380282,-0.888236736561,1.18289281694,2.08075795143,-1.02231248412,-1.63735914383,-1.22201610332,0.72228335875,-0.0327657850114,-0.85326925372,0.725549082046,-0.352928556429,-0.830286182897,1.2205240523,-0.335455767157,-0.721685806977,-0.201031262674,0.564787174524,0.733377162277,-1.04004870069,0.368897236782,0.341235718121,-1.2201365767,-0.940694573013,-0.237843130646,-2.99771198676,1.40118842166,1.36591041657,0.764263541546,-1.94173289914,-2.92720641757,2.8522569631,1.55701053704,0.703088913293,-1.79279649433,-0.170733136387,-0.704349831572,-0.0313842532594,-1.40726140232,1.9717438987,1.48798858654,-3.09220192036,0.346406141703,-0.81380817924,-0.297691090218,-2.32652438059,-0.302332231395,-1.56137359344,-2.2715225208,-3.77158345313,-2.40010125415,0.539395126597,-2.38105558098,-2.61916041357,0.482214813987,-1.06539253231,1.10824012083,1.14514352786,-0.544967892122,-0.117375709596,-0.507367137041,1.94538191227,0.125491618643,-0.485300259331,-0.377321270422,0.0205656409678,-1.34022009213,-0.433483853273,0.78678130872,1.34969640623,-0.00534001737171,1.02465449248,-0.798130042782,-1.01793739639,3.02974418161,-0.735636507016,-0.912377579687,0.250693551938,0.670795766751,-1.84940815574,-1.15398625329,0.0355545626844,0.211796124351
164,-0.0122213229438,0.149543031386,0.116078133208,0.0841241998663,0.0773670025789,0.165363908588,-0.0123532967977,-0.0475366479647,0.585930860953,0.591746402911,0.588161588004,0.437445308537,0.47844572738,0.376262173178,-0.419179305694,-0.533353945321,-0.212968385037,-0.0355691015117,-0.152142217146,0.153252044689,-0.169349902886,-0.0707746666726,-0.131205012839,0.145360241908,-0.0660043487917,-0.763195080951,-0.741816624907,-0.00840814687222,0.0347019317037,-0.0355400195471,0.285242923756,0.417766342372,-0.504968735149,0.560672661095,-0.113594965319,0.255466613361,-0.0295170022311,0.674936801195,-0.70970614687,1.21928568373,1.94028988078,-1.1328547939,-1.59579848341,-1.35046701168,0.676193111715,0.09158439025,-0.65637066126,0.677049129167,-0.270169623882,-0.905094145666,1.09190943451,-0.0178216408169,-0.78333094929,-0.29078887333,0.584188297806,0.789771622224,-1.21277682605,0.256285805029,0.345690379141,-1.19787943763,2.37469382557,-1.62430009327,4.15333924084,-2.61452442198,-1.79651878003,4.1766779868,1.91259481166,-4.37575218838,1.8381773875,1.07738822739,-1.07715255581,-0.752390740007,-0.768198039238,-0.754652635894,-2.31041145996,1.92831901092,1.26180214657,1.16696739132,-3.15546286806,-0.37785747419,-0.592977236959,-0.10628152733,-0.672556390442,-2.74614921662,2.61956763485,1.22132996343,-3.02542919935,-1.21228585544,0.289618862259,-4.23610002246,-4.27592479261,0.845495265663,-1.06196095583,0.385042665603,1.34856090621,-1.73667722202,0.514721083643,-1.46492978484,1.56815145277,0.530796281414,-2.25330786125,-1.77147882345,0.76609241659,-1.18551538698,-0.449098075487,1.6508633839,2.53618352027,-0.946151382826,0.617393353029,-0.675652797042,-1.52020366163,3.28456445204,-0.482181085006,-0.878661736222,0.135035590437,0.452358374186,-1.59784157743,-1.0939540281,0.052570013468,0.233242586109
165,-0.0158117821005,0.000722413243603,0.102254831725,0.0584341229218,0.0681776130903,0.255442350093,0.210632440986,0.0431923811461,0.380644112928,0.639225787178,0.464142414922,0.425807473606,0.362544091161,0.37780286915,-0.592394757416,-0.270117462575,-0.123805313691,-0.0233418930396,-0.321318828047,0.0397966721215,-0.192219065321,-0.0636468779809,-0.123043599528,-0.163257801036,0.301899523691,-0.552931840379,-0.908446963582,-0.00170773051876,0.0701761423011,-0.439656128658,-0.107530814975,0.480451780043,-0.604248787696,0.555156560914,9.60938555728e-05,0.048080662294,0.0504554745452,0.489362468816,-0.582788326904,1.27186867071,1.65204929628,-1.35688789546,-1.49636644496,-1.45025627632,0.640723524582,0.284998121016,-0.359924457951,0.542724535622,-0.230675816285,-0.961174586308,0.923783729767,0.313513538164,-0.815230290383,-0.375903171545,0.591357692696,0.823009700742,-1.35827807705,0.150920233578,0.351558656886,-1.17351025166,-0.961672252907,1.34424565386,-5.566412877,2.26285128762,1.85043601397,-2.31042057347,1.89220954021,5.87106824815,-4.82641986506,-0.927396886708,-0.916314003129,0.183664922695,-1.24371118309,0.843726089498,-0.452314288858,2.66223214497,0.63533653278,-1.01302629963,-0.0210181096097,-1.8333484685,0.262307828457,0.214881421682,0.624975857038,-2.83286770395,4.02927061851,2.47747791197,-0.0398043264236,1.4344644921,0.5588205114,-3.39213899468,-3.11511089498,0.258265324193,-0.880294100183,-0.494216338285,0.810560088953,-2.29616589786,1.05637746592,-2.17525086188,0.948297420458,0.427482534019,-3.37068764556,-2.58069802255,1.14924247608,-0.767782711042,-0.219447576442,2.14549440026,3.3084353923,-1.69605296306,0.173333333748,-0.426519327027,-1.80429464932,3.3017852407,-0.142283151393,-0.81910947252,0.00629516290514,0.208772057751,-1.30614049562,-1.00952524395,0.0638579278089,0.254023675461
166,-0.10534432858,-0.00709918769874,-0.0941589181574,0.104907799934,0.254025815333,0.0690667733346,0.331063806678,0.619806521977,0.091467683123,0.307125105519,0.426087796307,0.412131498251,0.31038904039,0.488323968489,-0.456148795349,-0.100920560411,-0.0782323798579,-0.193430272227,-0.198344288259,-0.164285300011,-0.0961285159037,-0.0362995575616,-0.0553174697413,-0.307979096165,0.60025676565,-0.356838444929,-0.739090823791,0.258732437946,0.175058649637,-0.645023729403,-0.267832832427,0.450881709715,-0.668781689444,0.46828472396,0.0310027077216,-0.182072833869,0.173454744005,0.258959376048,-0.520216059768,1.28682893482,1.29756197207,-1.61988178063,-1.381464968,-1.49678737743,0.639595313672,0.505300374796,-0.0135738455222,0.348626534847,-0.234014693736,-0.987031672297,0.738692328096,0.634564106253,-0.809364928858,-0.453661278077,0.585066813911,0.83092033976,-1.47293756802,0.0550938323842,0.358279509549,-1.14709934312,0.0429157700345,-2.03161698977,3.96800329318,-1.96216725353,0.175135257818,0.588521925276,0.793952710742,2.73472169454,0.822625931087,-5.15935943679,-0.316775124875,-0.546553549534,0.476662111785,0.849297148035,2.91231713982,0.561663212725,0.194303602869,-1.9170019596,1.94345694866,-1.89108401273,1.69618600733,0.316245778915,0.531838786029,0.330901502881,1.41117168244,1.16251849484,3.23906075763,3.50369494052,1.64962358334,-0.534699088585,0.0943142251405,-0.86530317257,-0.333370660927,-1.18132536223,-0.244938987037,-2.21283256746,1.35061344462,-2.31930883956,0.323086679926,-0.207305296045,-3.55656327324,-2.52607374923,1.07256104159,-0.135774890045,0.226478815587,2.18203115779,3.51742969849,-2.12437013324,-0.226558985228,-0.0768443433384,-1.85995933896,3.08057483166,0.270006403242,-0.731061349802,-0.133842086185,-0.0529667689721,-0.98244535642,-0.903718828277,0.0696760920176,0.274065920494
167,0.0714432954918,0.108481431357,0.194719885824,0.0644315859129,0.0490013524164,0.359723925116,0.425373708053,0.443423360449,0.429386390213,-0.0670911453348,0.266927077552,0.341504252979,0.438302295188,0.460424022648,-0.135958042918,-0.121726964871,-0.111314126384,-0.309515861988,-0.0516386653473,-0.278873377317,0.130041074912,0.00748348950065,-0.0296660623045,-0.0836745407423,0.54598484651,-0.327585316662,-0.340557692361,0.623695767896,0.406071824329,-0.552196149164,-0.0917862858705,0.321412518239,-0.654577549661,0.335612048208,-0.0511163269232,-0.380264870244,0.308652329138,0.0495334343236,-0.510602875261,1.21863443437,0.971052201261,-1.83293915219,-1.29516513449,-1.4745436294,0.689911133963,0.706418080893,0.323119732782,0.130968258418,-0.272259557548,-0.974507664308,0.558932086156,0.922354639653,-0.759567706685,-0.52106911631,0.564284631037,0.812064169651,-1.5540011469,-0.0292279301134,0.365324469761,-1.1187237105,0.704761666735,2.74254419945,-0.641152885303,2.06580390284,-2.11832751131,3.11873378105,0.993479380372,-4.49283448589,3.44436112059,-0.56510225513,-3.12997906966,-0.709091575766,1.5948896483,-1.55911437533,2.75356775989,-0.60173941877,-0.929829667153,-0.0873412056976,0.538054305258,-0.268924613199,2.6117796018,0.645577742032,0.0607092699113,3.86932340708,-2.31925704177,-0.374442486835,4.18512175055,3.3771498527,2.89829431249,2.15658744947,3.21575731286,-1.5777324225,0.692018102987,-1.37521619481,-1.36706055322,-1.70572306078,1.29150535838,-1.75099737524,-0.0784694739647,-1.19047692936,-2.84290486023,-1.60579342583,0.601472219293,0.58051122782,0.787473825939,1.77219579349,3.11688368081,-2.16161154697,-0.515434461225,0.333658569483,-1.70214742891,2.64178542593,0.731900055744,-0.611630524939,-0.283096996471,-0.325259914004,-0.635789064743,-0.780055767165,0.070415425903,0.293309221504
168,-0.233525788192,0.0466842171881,0.0874269709587,0.209321506025,0.250042534827,0.376208606034,0.416684071433,0.185687217323,0.398591828136,0.234162011189,-0.0546910586329,0.262861275993,0.497775758385,0.223258397199,0.000423183407761,-0.161311533726,-0.24134036758,-0.215521069648,-0.11416768824,-0.238570528954,0.366696834529,0.10855012619,-0.00957098328454,0.35486281607,0.229580746915,-0.363047031317,-0.0122889415277,0.862892320804,0.719020135178,-0.291743708636,0.304303296379,0.172990282769,-0.521212792903,0.212208841352,-0.229145156644,-0.519341885019,0.420505973562,-0.0706545555753,-0.523902555382,1.04784082917,0.748469374294,-1.92089779211,-1.26746959475,-1.38387876769,0.79593227682,0.848347836696,0.591519490937,-0.0707028833292,-0.331954481184,-0.919845501063,0.404156843775,1.15699768806,-0.662322471589,-0.574854776426,0.528241156993,0.765781731351,-1.5996518642,-0.100452360135,0.372210073607,-1.08846572097,-3.07962653075,-0.74629615172,-0.277677183288,-0.11300471172,5.39258932548,-2.24946882677,-1.72918396405,0.405676291326,-3.8971353146,4.87160223187,-1.82884636019,-1.05991665473,-0.994593898673,-2.66814383617,-0.0951530205752,-0.0899884836892,-1.36094571989,1.60924400516,-1.55920630898,0.773159394901,1.80959733558,1.39548542477,0.524905615648,4.20032642588,-3.37638526688,0.0436284905874,1.92842930909,1.17222608973,3.09425212725,2.56778118045,4.26306573109,-1.19241723995,1.97811586632,-1.01057396116,-2.09811425373,-1.07979947927,0.900183301279,-0.573315544738,-0.125035254568,-2.19957411325,-1.55041935394,-0.0872316479602,-0.0560694015572,1.20104384977,1.31338276501,1.02294761,2.17110451614,-1.81146474935,-0.65089651924,0.757763357754,-1.36807300548,2.02579445334,1.21351170922,-0.458251039018,-0.438515607783,-0.600148296568,-0.275837872416,-0.64245176991,0.0665818190393,0.31170616526
169,-0.137063621112,0.281715705061,0.207763213353,0.267447220763,0.513577374392,0.255637930402,0.152946914853,0.317885322045,0.0483276460601,0.454873149804,0.0991707293579,0.117779247193,0.201351121635,0.0231504142998,-0.0983234693627,-0.159729433109,-0.31036705922,-0.0883238303137,-0.279466550774,-0.194506467925,0.450273082118,0.266727423777,0.0924593995355,0.631698290483,-0.0141108689054,-0.26875211083,-0.000117655167126,0.846179048852,0.9651422673,-0.131700296073,0.674668225661,0.114507758749,-0.270115647355,0.144791061293,-0.448514184734,-0.600377470168,0.483180858433,-0.0559527420184,-0.524246257647,0.789548446722,0.663904837988,-1.84516101842,-1.30320863601,-1.24350657044,0.946048353601,0.90553887743,0.744484624909,-0.220854468328,-0.396870695525,-0.824116591762,0.28939492146,1.32345718796,-0.517357380937,-0.611533496639,0.476498165163,0.69221723575,-1.6090595902,-0.157393228564,0.378508340565,-1.05641188771,1.76243537891,1.06819395548,3.45153791119,2.35839236851,-2.1147040708,0.657445604959,-2.20947013224,0.218344611463,-0.955106232656,-1.68165646322,4.5725461943,-1.59305233422,-4.59998354577,-1.09819959955,-1.40287101841,-0.0711601244669,0.247257450042,0.481058329688,-1.3082770083,-0.166523097744,-0.183084732023,1.54145255809,1.45217952129,0.925003340805,-1.11331769037,1.88342566858,-1.64123665885,-1.38807447695,1.54616223142,0.264463156384,2.79061756614,0.11158768643,2.9253106156,-0.312758996644,-2.17211816038,-0.572951835729,0.346958247204,0.875214355202,0.16430433736,-2.88710478588,-0.169785059255,1.58712660723,-0.619285043375,1.54849214619,1.64428255793,0.110610328991,0.841865404002,-1.14911215739,-0.620297781012,1.14718466036,-0.912008489247,1.2884352323,1.68030631274,-0.269350453456,-0.596409361997,-0.869558723763,0.0873852176731,-0.495100296091,0.0587754186896,0.329221064899
170,-0.218246853105,0.179360660468,0.484543969771,0.516021042895,0.173021170601,0.296093685997,0.167252351702,0.107298555781,0.229013179052,0.0913049068331,0.517287880588,0.0290926922032,-0.260426566996,-0.0214187965958,-0.19779626841,-0.194127895977,-0.195351439126,-0.151850949712,-0.329750486393,-0.284002366402,0.357393199554,0.357237367849,0.237696277595,0.523065485207,0.0218865145666,-0.0276551586091,-0.280477689497,0.636027813448,0.990349092888,-0.274629375971,0.82203492155,0.194226599426,0.0290041424452,0.147966294154,-0.641727503277,-0.640905173643,0.493292366409,0.0978575651762,-0.485179768423,0.489750091571,0.700919661965,-1.61411025533,-1.3794631882,-1.08727578897,1.11403685211,0.871897925002,0.754687591896,-0.294479479877,-0.451009892916,-0.69302178042,0.223673206983,1.41282701492,-0.327961914571,-0.627542949439,0.40902412274,0.592317745931,-1.5824024364,-0.199292424012,0.383855082143,-1.02265175494,-1.36242330478,1.62878951915,-0.615811518914,0.597622991311,-1.26792075854,-1.18611250551,2.0388205767,-3.03018291471,2.64510670878,-3.15320219828,1.62017510999,0.0938343421523,-3.55812008503,-0.17646153746,-0.346379541415,-0.53437314864,1.72580589415,-1.56574226699,0.255268555518,-1.44853346315,-1.40005199097,-0.0233764877159,1.13462722286,-2.85314991806,1.59642812038,2.52309522484,-3.4702544288,-2.4797494225,-1.09817078763,-3.07721387011,0.131768090967,1.38190638166,2.84069715713,0.337569643437,-1.59870929435,-0.270295751572,-0.105220205176,2.12920751571,0.626750063174,-3.00094055287,0.80875011489,2.94657432833,-0.830482001705,1.50670826859,1.65507881046,-0.759448144199,-0.642741508931,-0.306449464822,-0.440368618997,1.45853109017,-0.398485228489,0.49545593208,2.0961315726,-0.0450689432021,-0.752333368283,-1.12554710776,0.443786389471,-0.342349377267,0.0476680301737,0.345828771714
171,-0.364013599588,0.422278282956,0.293769033611,0.247293762437,0.362207982142,0.137552794813,0.258123080696,0.0678683935618,0.227035629453,0.126426636068,0.251626237491,0.0849986363812,-0.342125762752,-0.0745995147872,-0.15612414828,-0.222616576319,-0.0626168144512,-0.317215977346,-0.2809947835,-0.419454094996,0.22783998716,0.231845840665,0.260671095159,0.154648107533,0.216673149419,0.13853544591,-0.584948169062,0.414366085903,0.766879237291,-0.693215556807,0.7302605064,0.356162369505,0.252676511855,0.200678071042,-0.754449700093,-0.659435590909,0.473603452403,0.349043714175,-0.4012035918,0.211116540519,0.801067886567,-1.27823307194,-1.45255567745,-0.955603025559,1.26453134925,0.761423626466,0.619169833801,-0.281589934973,-0.481301637611,-0.536150625918,0.209367575573,1.42300564946,-0.10098367943,-0.619448991874,0.326268714381,0.467808591755,-1.52085946248,-0.225829126588,0.3879558853,-0.987276911138,-2.53803058644,-1.22799221635,-0.628829943261,-3.97714382391,2.17938687793,-0.130120658134,-1.25324746124,2.65101205844,-2.69009000524,3.25288906699,-5.89785657138,0.307832614683,2.16808043567,-0.914860455885,1.11232091372,0.214632037395,0.470451595357,-1.259191676,0.370525366394,-0.900653097973,-0.982477666039,-2.42201727181,-0.853135720607,-3.94246827472,1.77319809815,0.364057844446,-2.13259712403,-1.70667546972,-3.10841959405,-4.83795488343,-1.68208907783,1.63943886433,1.4215361459,0.649041337316,-0.614367047655,-0.115623352186,-0.218610985492,2.76494538765,1.02061547145,-2.46903806632,1.05887997965,3.64220623013,-0.544922346848,1.06597567732,1.29301627291,-1.39819500258,-2.03110707328,0.552794300622,-0.151632095652,1.65809623513,0.10529352184,-0.283911435392,2.42653745281,0.212066315565,-0.901118873127,-1.36052918049,0.783487981234,-0.188575813021,0.0339793311212,0.361513309605
172,-0.336665013387,0.236419423413,0.225282371995,0.202618459396,0.211329282586,0.312165843034,0.099497962284,0.329893121561,0.0302239201369,0.316707070702,-0.245244608361,-0.0191588317016,0.0508125263535,-0.139556145774,0.000455783753669,-0.129790185961,-0.134442141855,-0.348246409517,-0.299650687411,-0.418605427466,0.168946436911,-0.0663650484373,0.0726492047475,-0.167209477568,0.29368738776,0.00117771893158,-0.649232892415,0.31771217704,0.44198168625,-1.13342192098,0.554617125271,0.48087932053,0.282014198231,0.265554767764,-0.762148046332,-0.665086709683,0.464044273843,0.622622000311,-0.29090676146,0.0133184808899,0.886107417788,-0.912187147561,-1.47241753255,-0.883739915877,1.36141431151,0.604478650796,0.359381301273,-0.188911998314,-0.479536437163,-0.3658374642,0.242316175801,1.35871064738,0.153507473323,-0.584212666496,0.229230827822,0.321146673908,-1.42657497864,-0.237116421043,0.390589688,-0.950380145443,4.55629320056,0.167267079782,-1.58243098519,2.56400705804,-3.72346381359,1.6307995196,0.0625784845548,0.554472293973,0.526663498681,-1.41810165592,-2.22363727455,-2.30267342266,4.37620395965,0.119246215723,1.84551745549,1.54284744796,-1.69706528863,0.608474370399,-0.738486102559,0.945059030433,-0.325435736417,-3.04498270546,-2.66552718296,-2.18135618873,-0.43243520322,-3.04326432152,0.885138596965,-0.252397866498,-2.97622532526,-3.41877310296,-1.48911235644,0.697177177052,-0.91453945626,0.603437373842,0.444670523234,0.00594664449792,0.0946274781374,2.56424025048,1.12278093834,-1.42122003603,0.520895989805,3.55095172664,0.215873435751,0.338953569971,0.597147014515,-1.67315867692,-3.09414105178,1.26324630943,0.191001989576,1.72508850088,0.536983957644,-0.983610685822,2.64205444106,0.496605996167,-1.03697347659,-1.56749077822,1.09710826002,-0.0380603643293,0.0184526209897,0.376266385942
173,0.037304381622,0.0396504591681,0.216110333735,0.244959240915,0.140890690383,0.189147195211,0.333900697245,0.15993668227,0.271392941825,-0.11976147416,-0.161805806656,-0.213783590977,0.271395321441,-0.001315594106,0.159986418226,0.0321343169109,-0.302963262784,-0.254615919348,-0.382843699059,-0.263268899257,0.120161002674,-0.270853780528,-0.196403480298,-0.266380029047,0.145780732696,-0.397181849718,-0.450123487016,0.336753104323,0.24353389787,-1.2919960692,0.482380655533,0.482497611321,0.0731632863352,0.317476759041,-0.673494931168,-0.656612895463,0.502688369437,0.836313877859,-0.190341884871,-0.0653986804344,0.885987036823,-0.590212030591,-1.39961579292,-0.890277888996,1.37697009779,0.440669401528,0.0168226038784,-0.038530687542,-0.443249612284,-0.195779040895,0.312649599748,1.23084382397,0.422867261219,-0.519500063702,0.119512738408,0.155454037268,-1.30259556061,-0.23368562805,0.391609936561,-0.912054756842,0.904384062464,-4.20084591358,0.470183157418,-2.32561992155,2.54264276964,-2.92712499537,2.64584627847,-2.046308798,2.07270639845,-5.08026507384,2.51544095412,-0.532948587096,-0.675110272732,2.39929584124,0.990230775608,1.34998530153,-1.07466730803,0.847687785962,-0.56556239975,1.87873307803,-0.848736897677,-0.613951567341,-2.29129112563,0.0597155085416,-2.19875408897,-4.32517701688,2.69051208885,0.432976452379,-0.750678339547,0.481337469886,0.158538643199,-0.622962131806,-3.1467701735,0.443249065618,1.26780529487,0.173315130621,0.706204415185,1.60572161836,0.819577358747,-0.143642279445,-0.588207130146,2.80125821923,1.26592034918,-0.460403018458,-0.30644397122,-1.53485177554,-3.66579141028,1.68775553532,0.529448482305,1.65316868613,0.845784235582,-1.54697847489,2.72110062307,0.799869902682,-1.15365790933,-1.74017123615,1.37602611949,0.105132493677,0.00183082612303,0.390085833851
174,0.0371667469826,-0.00811578529853,-0.0850798887687,0.0708493201561,0.266267239763,0.160602189258,0.259677064002,0.202460399357,0.108702696652,-0.27431149172,-0.0282003355695,-0.0555844225866,-0.0105923751435,0.198643517129,0.134701086033,0.0871447852559,-0.272401404207,-0.232381508797,-0.354365971132,-0.0938076147247,-0.0106776601958,-0.157185539717,-0.322756454141,-0.205260920244,-0.0567974518391,-0.731582626824,-0.204606216906,0.367581798096,0.30349767477,-1.03975916253,0.576605566934,0.385181342144,-0.307595184941,0.36059772629,-0.52366512348,-0.629101499669,0.604955630933,0.93009363945,-0.139214955548,-0.0194087201185,0.763085201166,-0.363236975005,-1.2193532864,-0.969510769019,1.299337962,0.310006906621,-0.354772262333,0.136206774119,-0.37548662894,-0.0395798148331,0.406218357446,1.05528280992,0.692784336236,-0.42400874059,-0.000647337182951,-0.0255653490014,-1.15278165654,-0.216458981331,0.390943385526,-0.872394020288,-0.632168397287,1.85279029408,-4.32119053243,-0.693059340064,-1.62535009653,2.74587009412,-3.72846135345,2.17296490163,-4.87694285789,2.46525395179,-0.293356240793,3.01955506251,-3.68578934386,0.740401086517,-1.62632463575,-0.362954598787,1.70423846961,-0.390666200808,1.24710251047,1.36494301901,-1.62286560605,2.72098670613,-0.110423382007,0.890389400422,-1.40588697559,-1.77715025512,1.7953060435,0.0654545751577,1.80964739385,4.30388507817,1.52549069541,-1.09772446067,-4.20834232041,0.467953744904,1.64257090047,0.377647418808,1.30596841798,0.241947743306,0.154648753824,1.0156537289,-1.85702148939,1.71504117703,2.31190922979,-1.071348765,-1.23320274326,-1.02422333831,-3.67068072585,1.74152682706,0.813242131935,1.45039015622,0.9976006123,-1.93190600365,2.65222060767,1.10993416336,-1.24474162082,-1.87321525083,1.61262338405,0.237266859451,-0.0151665412526,0.402974040551
175,-0.0767862784133,-0.079053500207,-0.0433735583564,-0.0772367997604,0.0118928343154,0.302353511896,0.034140460527,0.173512943078,-0.258640873545,0.0849020176528,-0.0734164910736,0.146912156707,-0.203983532815,0.0700127601411,-0.116836777855,-0.0278580094666,-0.0363339983437,-0.27127689002,-0.157050342573,0.00965047215209,-0.144078329779,0.183423677685,-0.238579580597,-0.124863762348,-0.0788597296823,-0.686907503317,-0.141354105824,0.34762630592,0.543705269486,-0.520752337332,0.728217593886,0.313583604241,-0.713057996321,0.421299825311,-0.363188840292,-0.582632338525,0.751271251454,0.88771929258,-0.165313244885,0.123633995587,0.524774110616,-0.245140735415,-0.947682383452,-1.09035706997,1.13619169484,0.244318477774,-0.6991660988,0.296732504509,-0.283594809206,0.0906268614472,0.506440106333,0.851230381185,0.948368076713,-0.29777870824,-0.128371987287,-0.217722303486,-0.981696359778,-0.186711606245,0.388586668719,-0.831490808474,0.313005433085,-0.458298543645,3.33275322901,-1.79090975408,-1.80451819293,-2.20422172361,0.749979349692,-4.00945930743,-0.323092563626,2.59908936625,0.518556938225,0.0530640861799,0.475169454845,-2.94033698085,-2.79244099592,-1.72730644606,2.38582536754,0.0939578083267,2.40717495899,0.810033267979,-0.677961679155,3.46525019427,1.50508232516,0.662189625472,1.01198615659,2.66823152519,-0.559412757883,-0.369445475798,2.56924819005,5.51049520365,1.17117801976,-0.0972745337737,-3.63900797397,0.789066432311,1.47497773275,0.534951672145,1.53149987677,-1.03307134314,-0.684712776795,1.75675085165,-2.82375167373,0.688471473934,3.04744130737,-1.25990882032,-1.98534182686,-0.26046467557,-3.13423627461,1.40633082486,1.00792222062,1.1377914153,0.978213355607,-2.11445236191,2.43542291106,1.41195721497,-1.30393155516,-1.9622905994,1.80049816723,0.355036590182,-0.0318648134758,0.414936414413
176,0.0506952996602,0.114360629919,0.037057726477,-0.0256855592925,-0.0715902716017,-0.15703644633,0.12632997867,-0.304374420765,0.0166997874663,0.0887801258341,0.118456649593,-0.0228617466946,0.00194911803701,-0.191732592496,-0.281453442242,-0.200943445297,0.089823337759,-0.139603427812,0.0666732316655,0.0883355809599,-0.0952989169192,0.419724631658,-0.0919612923829,-0.0610123531461,0.1050772171,-0.265886171496,-0.278378247845,0.325172422731,0.730747350664,-0.0486712863677,0.7546261486,0.397246777842,-0.995008084632,0.522640867388,-0.246039771668,-0.527070101923,0.890381262854,0.741511166881,-0.273199140372,0.312382366535,0.220534368796,-0.212278500788,-0.627697191686,-1.20272283336,0.913545368322,0.260722312347,-0.967424074582,0.406121126803,-0.17735871103,0.185362854112,0.596351528838,0.639294249376,1.17531855492,-0.142453321439,-0.260177336905,-0.416449178802,-0.794474531665,-0.146024053283,0.384600832915,-0.789437362893,-0.906197395008,0.104454057576,-0.766173808252,2.43798721002,-0.61825266195,-4.25660273911,-1.86731839451,-2.51448680844,3.65990779212,-1.62951674211,2.40083225372,-2.31846944895,2.46426288571,-1.14656681294,0.0147336935687,-1.41914557858,-0.169614339245,2.62098415096,1.86521714935,0.787444950023,1.69292372268,0.869521134149,1.11771744316,0.740010000226,2.26691014497,5.1414863662,-1.82191841674,0.0899275216822,0.809288110365,3.47217096103,-0.813496817827,1.81635193692,-1.88005933317,1.23119304523,0.790373099841,0.545267939672,1.13966179488,-1.77485638858,-1.43601797282,1.91723139597,-3.13213757173,0.0537986952902,3.25353759948,-0.890352597922,-2.40186431363,0.587116077573,-2.17418286536,0.732536912144,1.09960511845,0.746965762271,0.794179543956,-2.09058337121,2.08247004546,1.688854439,-1.3254600278,-2.0041711874,1.9346436602,0.455652584659,-0.0476533909734,0.425979939864
177,-0.147182927875,-0.0310824168248,0.0344004802569,0.0666278980219,-0.128546081839,-0.278404232228,-0.43326000054,-0.116371665337,0.110440865656,0.0192747723081,0.181188731928,-0.0841096768412,0.0959231843562,-0.0565777556304,-0.120222133389,-0.258112402796,-0.044820059565,0.191528705541,0.209860199636,0.149012322171,0.147676031222,0.342996679606,-0.0439559290996,0.042344324941,0.283825354829,0.200303557539,-0.425212359141,0.385677066399,0.666717054102,0.120924930425,0.564376372634,0.659183665468,-1.08458523762,0.660320897004,-0.217511247933,-0.480251886549,0.958667086288,0.558300875132,-0.441367270922,0.488097046988,-0.074916969454,-0.215785317949,-0.316766728163,-1.24998997687,0.669878062374,0.358429421501,-1.12602289214,0.435538811093,-0.0668965950139,0.238709033575,0.660635249009,0.439492959919,1.36107090893,0.0385437829491,-0.392046625176,-0.616913231319,-0.596675969115,-0.0962268995087,0.379104081528,-0.746325203155,0.488848019687,1.56164049349,-0.0562948348256,-1.53547910659,-0.107880174011,0.750560256748,-6.32647839674,4.25430224359,-1.86183860515,0.781551613234,-1.58122527204,1.517037438,-0.75207963504,3.43304946016,2.60255553876,0.440156312235,-1.99376800168,3.38409942236,1.10428746946,0.256441712397,2.70206206009,-2.1528853463,-0.102474342439,1.33845061233,0.912884010813,3.52247328369,-0.762892258949,1.10784495588,-2.07858803125,-0.114620425435,-2.8237184447,3.20586152663,0.0165199342148,1.46057477451,-0.261982510199,0.358408111676,0.14174834702,-1.760644434,-1.85643118438,1.51379170879,-2.64740660471,-0.0305862583496,2.87216202465,0.0270526734806,-2.40000640189,1.33616766828,-0.975788718349,-0.171007008986,1.09516874815,0.316937541437,0.471446371958,-1.8759061104,1.61607833335,1.92229511316,-1.3045094132,-1.99678685945,2.01158777687,0.536913783028,-0.0620022392891,0.436111864394
178,-0.0106270338263,0.130121010086,0.0342517765753,-0.160200569657,-0.142192702593,-0.305123230244,-0.484697490365,-0.0227272275414,-0.095842419413,0.111293055989,-0.0553822490928,0.150329561857,-0.00629705834833,0.275741265067,0.070317130675,-0.116266833378,-0.171264671154,0.408677449017,0.308142567906,0.113074485768,0.339493870651,0.0800720786561,-0.0691655228549,0.185078351343,0.247608076489,0.352623163358,-0.39351156853,0.516816639164,0.358325029878,-0.0339665312598,0.251672636098,0.977493607069,-1.02030032513,0.799675088967,-0.301793715544,-0.460882953222,0.908217223585,0.41217679756,-0.628642668427,0.602216053844,-0.2864628668,-0.201866969257,-0.0688560914084,-1.18440804935,0.447026097491,0.519349262494,-1.16188222539,0.369156435801,0.0392515699918,0.248874255831,0.687401211777,0.269386246681,1.49580742972,0.239945113837,-0.519546894421,-0.814133433692,-0.394126713109,-0.0393391454501,0.372263023176,-0.70224515938,-0.725134347949,-2.56577727215,0.257157758869,-1.19339687879,-1.05198691827,-1.29462333243,5.72954981274,-3.38826901428,-1.02958690019,-0.112620346559,-1.81518046886,1.92228416657,-0.209015578212,1.9913599441,0.51166465163,2.17587275615,0.0763884430501,0.519403598402,0.860197746196,-0.987789959485,0.685801741037,-2.58372931978,-0.100860287435,1.30642968893,-1.59584844819,-0.598973490744,1.38054245111,1.24487392,-3.706172969,-2.61454801141,-3.0283281613,2.81074051762,1.08057453002,1.24853575759,-1.41229586376,0.00934427748132,-1.16484880331,-1.071726429,-1.80659846263,0.725919655744,-1.49547034349,0.374447988865,2.02803300579,1.32749307254,-1.99695381666,1.82887450721,0.243873813904,-1.15704320137,1.01835953779,-0.109366957676,0.0518793451777,-1.50347465251,1.06809194515,2.0939596325,-1.23764430328,-1.93924308185,2.02949021504,0.597259984325,-0.0744752309878,0.445338555816
179,-0.0245147015668,-0.0910530929442,-0.141831952506,-0.106433763829,-0.32575750154,-0.272338140559,0.102622219657,-0.397430386332,-0.129116169364,-0.079040323841,-0.039082857832,0.153924597863,0.150052224646,0.239536943437,-0.037738882201,0.104024537107,0.0159970827081,0.293617678988,0.34851113609,-0.0155365856217,0.246012287872,-0.097520812579,-0.015981944234,0.256812101889,0.0179153194053,0.120814359767,-0.190403973724,0.570969929387,0.0150653576332,-0.31275184188,0.0384685873488,1.1577286991,-0.906380470943,0.897381191438,-0.491708684083,-0.480166208187,0.731669209202,0.355125302342,-0.787067126921,0.629681623164,-0.362954944587,-0.132728857449,0.0823337749201,-0.981143598367,0.280160795632,0.712142296897,-1.08356029574,0.206715639126,0.135485463122,0.218400985393,0.669532945866,0.142510779647,1.57324228521,0.454710705605,-0.637987849963,-1.00309792672,-0.192752879604,0.0224977013051,0.364282757868,-0.657287509018,2.65436413342,0.977821887766,-3.18043994358,0.268886036789,-1.04607604454,2.82935530896,2.18416260502,-1.01980514242,-0.728147136392,-3.01718080679,1.75270221384,-1.5992815151,2.85701513711,-2.27628659291,-2.12301593669,1.82718761101,3.41397285424,-2.38885828467,-0.336665688294,-1.27139641876,-2.44386596419,-0.825456550218,1.26103448168,-0.0607831207351,-2.57111475586,-3.56562688107,2.33863022166,-0.459505108138,-2.72930489177,-2.51881060555,-0.908313516922,0.557347067844,1.03625333516,0.666981479708,-2.31555734767,-0.392256983912,-2.29218086942,-0.0516725343598,-1.2927787396,-0.169782839353,-0.0151665587333,1.02141304882,0.990751083528,2.72666934687,-1.30599632168,1.96214448603,1.27567162954,-2.06602486414,0.90290616795,-0.488823796453,-0.411884799385,-1.01993608173,0.476796963771,2.18696346257,-1.12321674416,-1.83181484788,1.98819466766,0.635805112938,-0.0847400061412,0.453664560823
180,0.201109767451,-0.189571903796,-0.187311013387,-0.320508034417,-0.137100128398,0.0568966241238,-0.150834837669,-0.101415412556,-0.306779489267,-0.290951006187,0.0793674649512,0.0165471073856,0.346724975182,0.0233837052197,-0.186322460333,0.200203672576,0.381031173647,0.0628753393226,0.1975220514,-0.0759988672386,-0.0758278141554,-0.110418271464,0.162266625896,0.162012091871,-0.177643757853,-0.242612472411,0.00245988925362,0.390594113183,-0.128349181535,-0.472329279796,0.104287132889,1.06932044098,-0.833117596102,0.932067821013,-0.745950902135,-0.536480212665,0.472270964317,0.397535393971,-0.876321626461,0.574158369303,-0.293132268848,-0.000788021709975,0.133859114843,-0.646939791088,0.189414417789,0.898674024312,-0.918581708503,-0.0366206690628,0.219732933507,0.153999494143,0.605458686601,0.0672668804168,1.59110480524,0.674245411728,-0.742618368402,-1.17887978196,0.00158843809261,0.0870878556631,0.355396160671,-0.611542196762,0.446589928405,-3.58893566355,1.05680698315,-2.22439101943,3.77511634873,1.72332698972,-4.29752123916,4.56660213017,-1.8609886819,-0.593993691232,-0.371327150794,-0.243024884941,0.0335949154211,-1.044048422,-0.124181716752,0.102264973235,3.03393956263,-1.57797079504,-2.68703738284,0.285165836104,-3.47481038516,0.230991598017,2.0215177069,-1.72456125049,-0.97774213578,-3.11841207194,1.23030181958,-3.1396244381,-0.0312432190839,-0.513650892025,2.20624541336,-2.26626921858,0.401427417002,0.0561213072311,-2.65566830313,-0.709373183387,-2.75198312428,0.841929667019,-0.455328013454,-0.891390012514,1.35768438888,1.57358267343,0.0887787814736,3.89113878769,-0.508169575852,1.70476536862,1.95485138512,-2.75347411555,0.784241891241,-0.781807526483,-0.862687491922,-0.480448320098,-0.116373789829,2.18733041609,-0.961707811486,-1.67591985673,1.88923509838,0.652350129151,-0.092574135765,0.461091888035
181,0.25906256207,-0.242461793757,-0.35308006817,-0.118737672582,0.0332378567294,-0.0772707795497,-0.198448661458,-0.00533670043729,-0.26531159728,-0.218973843486,-0.117827441248,0.107292530996,0.126353210478,0.0794809810359,-0.032434120601,0.172320375302,0.488717445944,0.0394470174999,-0.123084914292,0.040911118447,-0.354516203071,-0.126413451078,0.318148841342,-0.0363113685686,-0.144073561953,-0.419467564893,0.0314847134785,-0.0134640168616,-0.0124804784422,-0.422872823106,0.43719879218,0.746476776828,-0.81741802326,0.919929724872,-0.998601607277,-0.615652390777,0.213263514078,0.506381607843,-0.874649937507,0.464006388847,-0.108169697032,0.168691377211,0.114114055892,-0.220733080978,0.175274670123,1.04142005255,-0.707555559663,-0.333011826002,0.293215429087,0.066019743591,0.499270497369,0.0463524075031,1.55127556388,0.888760562225,-0.828852472288,-1.33674926167,0.18327659583,0.152249746108,0.345852738536,-0.565099114267,0.518678641682,1.57240517893,-1.84036758278,4.40625888833,-1.15411651144,-3.22160215895,3.43092234113,-3.10152901134,2.88314803209,1.4953651602,-2.64087433697,1.139382334,-3.61444094021,1.53408741382,2.73469848965,-0.309594117328,-1.14746851496,0.967626854407,-3.09741026099,1.81382952967,-1.78703197231,-0.83614702938,0.779056306118,-1.88576427295,1.59127050967,-0.238643957232,-0.576431145284,-4.53712086914,2.05167023949,1.2880171858,4.07416332315,-3.85738630977,0.0133841843267,-0.224607949083,-2.2772631052,-0.83757373198,-2.26405929485,1.22982593778,0.486476704854,-1.23974496759,2.23384079538,1.73204909767,-0.397295692085,4.52505209719,0.193043333802,1.09917189508,2.18789342231,-3.113745204,0.69161158857,-0.955713354539,-1.24552004366,0.0570832281365,-0.670434386108,2.08538432088,-0.755969628845,-1.47407611493,1.73579614909,0.647375360968,-0.0978674883084,0.467619530326
182,0.162860202643,-0.21950524766,-0.0380181845354,-0.0530769903958,-0.19149618142,-0.222797883826,0.0496656101564,-0.302901417427,0.0337434646959,-0.0720556365326,-0.234748281784,0.0390180908651,-0.150585508949,0.129302567357,0.213739143058,0.18127494791,0.203362904456,0.156906599169,-0.283388934044,0.213531801282,-0.419374501082,-0.288930150373,0.288877089593,-0.146716386151,0.0896599066502,-0.306039451188,-0.0650893133906,-0.416846950971,0.20218405723,-0.278386046273,0.826967426819,0.375481027862,-0.805545227947,0.901780397002,-1.18031246549,-0.69672626489,0.049268210407,0.6214665629,-0.783113238135,0.340792132761,0.129486868451,0.327292825169,0.0731396690339,0.234224995612,0.218868904645,1.11031071798,-0.49627328798,-0.646707831497,0.359511306662,-0.0324128094661,0.360185168915,0.0767819247473,1.45956230827,1.08776516525,-0.89251318332,-1.47228125708,0.347088616802,0.2158827227,0.335907440079,-0.518048415388,-1.38670054846,1.83805677538,5.00745910529,-2.91762680559,-2.08685839024,1.14644656225,-0.885523210257,-0.226657092341,1.51068693298,1.3005361185,0.836614596948,-2.89804422033,-1.1832658105,-1.34000771317,1.558620793,0.448914755313,-3.86478356183,0.738659973889,0.421226447771,1.27579928078,0.333025703982,-2.21512283594,-1.28747687797,-0.0711034798506,2.69409736484,2.21056520801,-1.01118156543,-3.02288539276,1.82195592621,1.24973226559,3.24815804334,-3.17489821487,0.345036574489,-0.079477270431,-1.27424100699,-0.750890082187,-0.894046879229,0.966767662886,1.30768694902,-1.15578315946,2.39351365857,1.34784393337,-0.327695725289,4.44923837506,0.622021285159,0.248916423236,1.96557477208,-3.09620376403,0.642154598345,-0.988123274972,-1.51389640467,0.537845738289,-1.14839787912,1.87692672544,-0.511336174254,-1.22984860324,1.53262884909,0.622012619116,-0.100620816718,0.473243232616
183,-0.0608610301234,0.183939643317,-0.00752216017906,-0.212058123507,-0.242481885019,-0.0750274012414,-0.276930936767,-0.0120886842329,-0.0303111296315,0.0263792073437,-0.0330319694221,-0.331405912051,-0.151945800041,-0.190377067776,0.250143628462,0.206984316096,-0.124873659791,0.105200480206,-0.0234730394386,0.261361366022,-0.343089501687,-0.493178039978,0.118042738308,-0.0347152938948,0.31513351894,-0.0568761747851,-0.105486096238,-0.54253391546,0.288523302593,-0.228516510577,1.01108704051,0.172594924744,-0.732571143672,0.909685281047,-1.24331728151,-0.760755336041,0.0502530254246,0.682546608899,-0.622839042799,0.244352202827,0.346803182021,0.421923603121,0.0656434655222,0.644820297134,0.286984288913,1.08776188571,-0.327265225675,-0.939945651989,0.423174715338,-0.126551152802,0.20141192774,0.15046857075,1.32513684317,1.26065905652,-0.930079850815,-1.58145700187,0.488349833399,0.276030002311,0.325809790557,-0.470480842424,-4.60431302966,1.24515349008,-2.55914020316,0.869689602923,1.31057281322,-0.155449852468,-2.82357102706,3.75985490045,-1.69050331449,0.537262464773,2.10933825318,-3.06370922794,0.181787381929,-4.27864031007,-0.487234283548,-0.298622754978,-2.0674828437,-1.76232774311,4.3251409711,-0.238166152828,0.894250086032,-1.41466719615,-1.70032921099,2.20061618322,1.49221031883,2.36833316845,0.429533836826,0.68129873911,-0.244520442215,-0.3978585967,0.208086256628,-0.703120650609,1.13296356491,0.228630987868,0.0293381323151,-0.514165480014,0.942561567457,0.195715228555,1.84018304397,-0.730572962361,1.84868634538,0.480198615086,0.247853515937,3.65042483226,0.673358791086,-0.704249661763,1.36071198712,-2.71134226322,0.638063442311,-0.869393899214,-1.63523509873,0.915436913485,-1.52045132614,1.56407956299,-0.235578743286,-0.947788600252,1.28592382819,0.577998029124,-0.100940699294,0.477955502688
184,-0.276705355726,0.0303841950098,-0.0401356758307,-0.0251606560075,-0.0447946359375,-0.27883441487,-0.174714922837,0.0367784984718,-0.0648711667749,0.0141402612169,0.00676197816198,-0.364295773063,-0.285293852771,-0.527331853308,0.216519660766,0.0887804189953,-0.169540568189,-0.10380774785,0.414339470536,0.223858120811,-0.281025186756,-0.503895699953,0.0318485938192,0.24048261629,0.356123452082,0.109644918515,0.0289255469633,-0.298377016818,0.165840781443,-0.351602660963,0.863708808743,0.238413910185,-0.589716460972,0.938131833021,-1.17856221224,-0.798802176428,0.232441684655,0.655694283338,-0.427439113905,0.199348594928,0.483163459501,0.415483006337,0.132126720878,0.945330533845,0.340469823976,0.97112176824,-0.232308800499,-1.17892053707,0.488244501811,-0.201399609189,0.0385567679318,0.255289046492,1.15968592082,1.39738936391,-0.938922636486,-1.66075944575,0.603069853188,0.330935992377,0.315793705334,-0.422488039548,4.05576998135,0.315974274516,1.83593575189,1.99752408719,1.3331384775,-1.80367899342,3.87123166202,-2.81189636296,1.21515569619,-0.735694777871,-1.51580835207,2.38069312653,-2.98234990512,-1.74136315904,0.173887820705,-1.89716560302,0.93208465218,-1.67545255835,3.45559080538,-0.131239259249,0.278316195984,1.31931909211,0.268332510188,2.9417990128,-0.647493527258,0.835094662689,2.09642164123,3.86232650877,-1.94662451154,-1.85970276193,-2.97684084745,1.87501630457,1.60300603845,0.26140008725,1.21241965308,-0.254822989805,2.61970590114,-0.720742802155,2.0047621356,-0.16649950911,0.826415373596,-0.619186084601,1.10218484771,2.28669849118,0.335768671825,-1.60815352032,0.511802245467,-2.02622640357,0.667232240883,-0.60440066118,-1.5946578163,1.15612948334,-1.76645573917,1.15569501255,0.0613076926388,-0.633367771011,1.00314518674,0.51760705923,-0.0990310782191,0.481745854289
185,0.234902737612,0.028674532369,0.191936298551,0.115758238009,-0.0614151700563,-0.083130148407,0.044677729969,-0.213296190168,0.0309472935875,-0.0846951093394,-0.214790473301,-0.0866351752584,-0.591876927188,-0.527409689447,0.280058027613,-0.0796419356647,-0.0319719274802,-0.105240912056,0.531954462112,0.284892751689,-0.277408305433,-0.26338245038,0.182545507768,0.483293663682,0.222024731516,0.118813936463,0.249426957099,0.129070106738,-0.0239246216095,-0.536666236438,0.483176142001,0.493209182578,-0.44451740557,0.943200190013,-1.01633325309,-0.815347588896,0.548441640588,0.547756159128,-0.23396091792,0.207643858058,0.508001655539,0.302371779214,0.284219765117,1.09291824612,0.343858498483,0.77233973636,-0.227137472201,-1.33881481766,0.556981850052,-0.24320707623,-0.112255164535,0.376504685479,0.976355869235,1.48912347933,-0.917507070611,-1.70726179776,0.688060108796,0.379096307856,0.306068305595,-0.374162831056,0.962368279839,-3.56395507506,1.22537412016,0.69206606206,-0.411423614444,5.12844131358,-0.678813236035,-0.311450232495,-0.433238920836,-1.08091650673,-1.90488085428,1.52878164584,-1.88600014293,1.24095885189,0.749009021552,-0.888810367783,1.36272978218,1.89116388543,-1.25768056147,1.35125339692,-0.0830443046148,3.05901914277,2.54134911871,1.6388840672,-1.74659840681,-0.474366943862,1.90000672882,4.10963308971,-1.42261473641,-1.47144095034,-4.19314124146,2.86395312416,1.12285668194,-0.253739152126,1.93808695628,-0.1019305835,3.533123976,-1.36078103029,1.80916008691,0.296992327759,-0.318355600693,-1.59054780033,1.90064111261,0.64766748865,-0.307782908271,-2.32707309494,-0.403881555042,-1.150558179,0.707070269556,-0.213153790998,-1.39677446311,1.24167262747,-1.87753967808,0.667268305785,0.36748851307,-0.29290738114,0.692829040785,0.443573726816,-0.0951817420387,0.484601263991
186,0.0392668376046,-0.121802937976,-0.125159017617,0.0707837927355,0.154308041598,0.272594749942,-0.0808773310136,-0.028419480157,-0.168919459617,-0.200748242431,-0.263404510053,-0.228459629216,-0.513360867567,-0.388102007969,0.295711982626,-0.0162514513357,0.0700624060083,0.214531092465,0.252215889116,0.437148952071,-0.274668306529,-0.00308014676426,0.4604030503,0.541132843206,0.0659748611713,0.0585579579585,0.333834339861,0.424592164072,-0.0512780009145,-0.583331664762,0.113537317031,0.738653949557,-0.394904452425,0.873377671267,-0.810588975644,-0.824881248089,0.901536764976,0.402992516398,-0.0753230351749,0.248889819959,0.427452313673,0.113250077958,0.499077678555,1.07729425331,0.27383173845,0.515198609252,-0.309158144618,-1.40707782956,0.629109410605,-0.240954525803,-0.236324937484,0.498378471489,0.78858951988,1.52888729953,-0.865552142608,-1.71870869404,0.741029692834,0.419299017439,0.296810020726,-0.32559944427,-1.57506253092,2.79921608805,-5.51227094288,-1.94954829676,4.2957480771,0.231354388452,0.266155743942,2.40156740603,-2.56636002216,-1.29817172182,0.66556038701,-3.89870484307,3.219295276,1.28045649733,-0.572488975002,2.14315778066,0.854061321331,3.75437905976,-3.43820952107,1.21175943424,0.203307046583,1.60089841612,2.51744988651,-0.46765791961,-1.13311636135,-0.538779950416,-0.465188945996,1.47984691647,1.04884908787,0.728101175936,-2.82346605116,1.73002793453,-0.222192667057,-1.17548158353,2.08221939446,-0.11577712029,3.33438462298,-1.42593049122,1.32306538187,0.468802641102,-1.22842021883,-2.09034783049,2.30748971478,-0.919491021097,-1.10266762469,-2.76293312827,-1.20262100131,-0.216216096876,0.730513445719,0.269969341021,-1.06523629707,1.17038345863,-1.85664422547,0.120330046222,0.669831524177,0.0664988167081,0.36435153719,0.358996416685,-0.0897541896277,0.486506816294
187,-0.0117367499954,-0.0543010016692,-0.117816361889,-0.118511831209,0.283092463434,0.1240925092,0.176656099937,0.0257315127872,-0.277965594356,-0.324673671333,-0.251472879313,-0.576885177224,-0.162026259293,-0.250654826661,0.201763648572,0.272512499147,0.207644175886,0.482403901759,0.0286163679726,0.43949581159,-0.237798544418,-0.0123440919372,0.600659627021,0.416550203049,0.0201930628421,0.0285165678845,0.146964481021,0.412246923144,0.175327261161,-0.390059798237,-0.0353930730982,0.7988924198,-0.489927687049,0.71155007735,-0.616183795647,-0.842364864042,1.17937942657,0.283657004435,0.0243403122177,0.289041259009,0.278350410175,-0.0928786165436,0.724877404611,0.922112656211,0.124552104968,0.230843753859,-0.458434392159,-1.38449223093,0.70170455316,-0.187689238464,-0.3221688516,0.605812384378,0.608963176091,1.51211736365,-0.784127308393,-1.69358921425,0.760656693769,0.450655918218,0.288156214044,-0.276893659818,0.43672539492,-2.06460078391,5.06778196991,0.322752008605,-3.88339335449,-1.14957526078,3.26753679235,-1.15044601494,0.688314096589,-0.911688763915,-1.25100397084,-1.47981718471,2.50530737136,1.71836256507,-0.922455666534,3.04312860445,2.18995256101,1.03389625451,-0.404563244049,-1.38701988527,0.469706206233,-1.8417305288,0.0344656497905,-1.81255250705,0.211347498864,-0.10098910816,-3.09889425724,-1.52695842719,3.20645220789,2.9488900283,-0.0987517343386,-0.587436386327,-1.58876334166,-1.99210694375,1.74157320518,-0.241679808427,2.07072151913,-0.867836172112,0.647890258544,0.274744382104,-1.66409515866,-1.91298310764,2.09552810822,-2.09752975933,-1.86112241527,-2.86784838451,-1.72628791877,0.645867370519,0.712843194426,0.798537499546,-0.640080636404,0.956468052877,-1.71797938341,-0.458660917763,0.954581131313,0.437071138465,0.0276718253407,0.267233130479,-0.0831653906124,0.487446505449
188,0.141321227329,0.036175721938,0.130869774858,0.154438159343,-0.246656138207,0.103416824432,0.227755550084,-0.0501238255449,-0.133024907283,-0.346618917703,-0.503083526416,-0.421593965904,-0.128259562386,-0.049839594311,0.17130763376,0.497039917414,0.500899947752,0.41819232908,0.180597768893,0.18877482068,-0.198131062239,-0.317794881382,0.468106884419,0.222403878506,0.0859475076208,0.00969857063314,-0.216814052454,0.198778026221,0.503514197364,-0.0616533693845,0.0704352271316,0.637796358148,-0.677900949583,0.497353484922,-0.471204548971,-0.871642836541,1.29421988782,0.243071732139,0.0516840226379,0.293875729905,0.112315483781,-0.246844711037,0.895968453439,0.677939508801,-0.0912276214697,-0.0474628336686,-0.641632169499,-1.28396819784,0.769751328968,-0.0815494884943,-0.362941805,0.685832957653,0.448130077403,1.43707984358,-0.675677027956,-1.63120059062,0.746632828368,0.472622936221,0.280200513866,-0.228142875394,0.271296947228,2.51903524446,-0.626762010107,1.93321259321,-2.06466621474,-0.774447294461,-2.71066959286,0.422127428972,1.41912247378,0.390720215708,-2.74130243313,3.75735494822,-1.41998498181,1.8696726487,0.38936526683,1.23845475361,3.25970605007,-1.77584922978,2.91108925113,-3.12969674988,0.238770183718,-3.72686320448,-2.42987946015,-1.88242779493,0.925950863219,-0.477462638769,-3.72930038501,-2.23097973117,2.84960873179,3.18466896197,1.95443167094,-2.42442829097,-1.93297449154,-2.14940102176,1.13235857335,-0.319110908497,0.170715443939,0.0936452226491,-0.104367226759,-0.213943086675,-1.5759417392,-1.06819315655,1.22427262061,-2.67626245317,-2.40631159194,-2.64709240762,-1.86874797665,1.32735224105,0.637795037704,1.31792752213,-0.173138173037,0.627701486905,-1.48545716313,-1.03985895948,1.2081262379,0.810444374267,-0.306943921051,0.171789298121,-0.0758700185963,0.487404157635
189,-0.163604101032,0.0205159562973,0.0520814513356,-0.0430282056226,0.10839039499,-0.13982207131,-0.175191029304,0.030976355705,-0.0710376405332,-0.296959048456,-0.543903555484,-0.116006717736,-0.253565639779,0.00483342343089,0.252224495325,0.536433941968,0.737263096741,0.286115380317,0.447545077294,-0.0551197278541,-0.201969465276,-0.628387629234,0.196852105117,0.0654895676661,0.1706914379,-0.101177960353,-0.515570601207,0.0603863922121,0.657152184674,0.163431984354,0.289289445824,0.370585932272,-0.825325402025,0.311059652512,-0.391703881841,-0.898071048357,1.21383312033,0.302762374682,0.00471230504372,0.242839744102,-0.0239823103955,-0.291801681614,0.953164617554,0.408907532158,-0.345273066337,-0.289437806625,-0.818145891408,-1.12740391855,0.827210758697,0.0736667622159,-0.357324403113,0.728774758845,0.313965301773,1.30511788617,-0.543965811353,-1.53170097108,0.699679802595,0.485009075456,0.272989971917,-0.179446072925,-3.07713139181,-0.090040389967,-1.47603236076,-3.13793402092,5.1617626252,-2.60083843167,-3.80269142423,-0.012506406921,-0.132605989076,0.45722616684,2.6408652937,1.1776697119,-0.214401883036,-1.18963412329,1.01133540194,-0.192557407259,0.90274802226,-0.146867559206,1.64083587052,-1.13058522699,-0.344441937368,-1.87517099721,-2.53347397182,-1.18917752696,0.64248677855,-1.82276289634,-1.94452444561,-0.201781665086,-0.0612637567384,0.992391133466,2.08095574999,-2.61078475415,-0.776836258831,-1.44417380415,0.460339525058,-0.155831386105,-1.72118080229,1.06620968307,-0.819211494128,-0.803092390266,-1.10639102024,0.212774339064,-0.138294323917,-2.59894306153,-2.61089089521,-2.15339102088,-1.59251534201,1.75897810086,0.501625479457,1.77052878925,0.277999833952,0.221769528552,-1.19026424537,-1.59190280965,1.41781342575,1.17778718718,-0.629210814531,0.0762015111435,-0.0683417770723,0.486364433619
190,-0.0946606159873,0.144990865113,-0.0624201584415,0.01007797246,0.0297618484767,-0.142266260567,-0.320516498755,-0.191246921501,-0.142719748153,-0.213496612016,-0.0780869308017,-0.185049382287,-0.157329584063,-0.259593735394,0.353511480366,0.502094798036,0.64471540511,0.434042298343,0.439183260027,0.0250560921777,-0.266169095998,-0.617937812775,0.0315849387795,-0.00996428972745,0.206276348575,-0.343401384788,-0.585312561408,0.178610762657,0.483370504666,0.107636987113,0.432813477445,0.168481095734,-0.799158171539,0.226794169693,-0.376918646271,-0.890896823366,0.970917422315,0.443202843463,-0.10706709379,0.138255345558,-0.105109672618,-0.202533002405,0.862988780559,0.176784784612,-0.600178749944,-0.471953763606,-0.947297644732,-0.94126971167,0.868356774847,0.268503552406,-0.30976235237,0.729049019879,0.210986564649,1.1207009223,-0.393941964044,-1.39614907528,0.621536517159,0.487973681851,0.266524107714,-0.130903683202,2.38308333637,-1.32563439361,1.8161075259,2.79312638426,-5.9445303515,1.90311907161,1.09857208908,-3.94229976544,-1.34172641328,1.60271620257,5.16655725572,-1.45617446084,1.40606978978,-3.42035538948,1.06740436824,-0.407109575087,-2.46107839198,2.73226855946,-1.59226563199,2.64740025349,-0.899529306166,2.13476736545,-0.612883368692,-0.312672912991,0.117561051538,-2.82280887988,0.438489077954,2.41450132454,-3.19256687172,-2.04784968155,0.634118502408,-1.25116873824,1.37617999422,-0.203602078988,-0.14707450168,0.358593411284,-2.99429185814,1.65094025196,-1.38145855506,-1.24354391079,-0.521651195058,1.54530507153,-1.65799866021,-1.96671419638,-2.42134680995,-1.47469782111,-0.933344047639,1.91928520202,0.314261107151,2.10185525776,0.656779115643,-0.218287633674,-0.867817383116,-2.08398035039,1.57275023365,1.52994567748,-0.92911884276,-0.0160793225905,-0.0610544622547,0.484313869864
191,0.0973107059969,-0.0839112071515,0.182338214554,0.0352001517217,-0.302872099273,-0.119247374333,-0.126737239733,-0.478051699701,-0.319885240593,0.020049297045,0.212341855086,-0.171744182338,-0.142606244492,-0.521141710972,0.481521887788,0.450728196847,0.371253837381,0.676127082642,0.259760716856,0.386484990506,-0.365494124205,-0.260993649405,0.0597700916187,0.0042592118518,0.216445725011,-0.607515943549,-0.483258782406,0.472191005882,0.105638600848,-0.19549591085,0.413158044039,0.132520742424,-0.557909193195,0.265338836422,-0.416479687845,-0.816654011616,0.647602618013,0.611658370702,-0.262837606262,0.0063018126489,-0.133870695344,0.00494998682469,0.629921008204,0.0267101639177,-0.817198958708,-0.581781665497,-0.995373273323,-0.751761886593,0.889068040603,0.488479144585,-0.230020220929,0.685433523237,0.140098063256,0.891264269192,-0.231523910218,-1.22652809691,0.514916957247,0.482012141509,0.26075583277,-0.0826173462529,1.80000448053,1.00626011719,-1.18743408507,-2.49309466772,1.70567623001,-2.10968470165,1.17875591835,-0.413049870937,-1.67340020104,2.39313620737,0.118938220186,2.16918413033,-1.48932268908,-1.28400613501,1.4609362062,-0.657212829697,-2.27752253716,1.22822337819,-1.16258849236,3.92824774581,-0.962722551317,4.41917941794,0.90763304373,0.604332420241,0.226922936958,-2.13581712776,1.22911615676,2.97420146957,-3.78817489502,-3.61285640458,-0.908992055326,0.469517778521,3.29605501887,0.889331535013,-0.614447073841,1.15709035392,-3.30177865159,1.60558482359,-1.6822459159,-1.32304067954,-0.100132160489,2.51200850404,-2.92856592432,-1.0019841723,-1.86376576605,-0.718192993493,0.00749448397937,1.83444634634,0.0972827684448,2.26692249168,0.914462726578,-0.649001787517,-0.55439987491,-2.48793092801,1.66454068821,1.85761552212,-1.19722434018,-0.101801857685,-0.0544634114547,0.481241915453
192,0.00261293975839,-0.0248287950317,-0.239205892017,-0.206644730486,0.0097441273311,-0.285056229999,-0.265884824923,-0.258536949354,-0.310336394387,0.0798918061221,0.0540882897912,0.10859595329,-0.363196117068,-0.519877719754,0.599408487098,0.384476299517,0.279634676852,0.583583423496,0.319270476883,0.691359848017,-0.42925770765,0.128000179607,0.144910039918,0.109450905221,0.274697384723,-0.71977934993,-0.407859434572,0.680943781115,-0.161271645346,-0.525273892439,0.292330993275,0.229845314354,-0.188237910516,0.378667609809,-0.492039685226,-0.658552449483,0.342073195741,0.743252649824,-0.431977412998,-0.111098303967,-0.136691136261,0.276888028089,0.297772618196,-0.0218228496151,-0.963737420894,-0.616659520188,-0.941335610844,-0.580403901244,0.887775086964,0.715336830964,-0.13209155608,0.600874543214,0.0986731730891,0.626843428362,-0.0633187041659,-1.02575083642,0.383439358108,0.467930485441,0.25559418419,-0.0346895699806,-3.61760587935,-3.18934923374,-3.30631483324,-1.19537214036,0.965803209078,0.424137813891,-3.20391627631,3.49339442645,2.43711284108,-1.69467189577,-2.19676535798,2.0091791946,-1.89221118167,0.856963326564,0.540411002261,-0.485299142223,0.467013251022,-2.9441272316,2.42255269502,1.78257314589,-0.172172492718,2.71862107931,0.488027766507,1.46155718521,0.995330144288,0.0155023456598,0.0490624803562,0.856856681769,-1.09634300798,-2.5665625847,-1.25765225762,1.24527889092,3.79636364956,1.21896874605,-0.846734313122,1.97975712036,-2.6755270575,0.936339521661,-1.638690705,-0.950673312278,-0.019230848834,2.79627538196,-3.58940576596,0.0171186375425,-1.03176690122,0.0067584306752,1.08150464021,1.56970183599,-0.120827392029,2.23610443534,1.01609357175,-1.03121756285,-0.283802288044,-2.78022209472,1.6878970678,2.15154552994,-1.42493171502,-0.178021730009,-0.0489879698187,0.47714192299
193,0.060970632314,-0.15803050222,-0.240110204457,-0.220946108924,-0.269589019262,-0.14657120007,-0.377962573467,-0.0588625406694,0.0608484137787,-0.198003242638,-0.10012569537,0.0272424559384,-0.368938353865,-0.43755839646,0.542490934538,0.388767346678,0.391456925838,0.231747524509,0.648996932862,0.727005737738,-0.385588669562,0.204115547088,0.129566481869,0.279312568503,0.410117484805,-0.614587308091,-0.481755691172,0.619619338967,-0.0693215860025,-0.652919313987,0.205728510689,0.333351818336,0.140208633585,0.477752379788,-0.573250903052,-0.431910955629,0.131605878167,0.785979373737,-0.578088794496,-0.171130655318,-0.149413072964,0.537406870251,-0.0604348105411,0.0232229874994,-1.01893532099,-0.58470479109,-0.780314899073,-0.440847645809,0.865835563372,0.928820857864,-0.0325843836815,0.481845994558,0.0809595893901,0.339523557702,0.103712339228,-0.797642873914,0.231528007203,0.446809715617,0.250908735602,0.0127767063216,5.42750363202,2.41225730181,2.28618806767,-0.0525561370979,-4.20169499105,0.277215008923,2.42916287496,0.130843547963,3.3841181028,-2.39801216102,-1.01161783835,-3.63997740363,1.78711753983,0.6440878411,-1.64360681701,0.619549673041,1.20437130686,-3.03152290767,3.31386445761,-0.88112549353,1.00988343287,-1.25916021837,-0.719949349331,1.80113499757,1.6028093067,1.86717769303,-1.37184412902,-1.95206715094,2.88278815051,0.109660752592,-0.325176599372,0.614969384114,2.50004051722,0.627086856621,-0.702251287985,2.46870820688,-1.48137466816,-0.117018621609,-1.22328218566,-0.202586822448,-0.283056949605,2.2848853733,-3.4318282981,0.83175299298,-0.0616516753143,0.604343536651,2.11846124193,1.21435154927,-0.311162214275,1.99964452391,0.94491478846,-1.33412660456,-0.0842831638613,-2.94364467226,1.64107823702,2.40277314204,-1.60475770127,-0.242199171614,-0.0449955725827,0.472012053911
194,0.254928974869,-0.180738601317,-0.0466045769302,-0.268133359493,-0.40120390532,-0.3325464911,0.0409445457312,-0.0564346510055,0.0868796585062,-0.190705096407,-0.241866575943,-0.420544814038,-0.161078391431,-0.350623886959,0.335917382144,0.472844390376,0.438375892425,0.150474181926,0.818358745956,0.574863328467,-0.259961909142,-0.0699591314306,0.0540123798307,0.438115405821,0.562173226032,-0.412041499392,-0.622901405084,0.35963406377,0.35210889324,-0.524664000779,0.23528534088,0.326994788223,0.273764650399,0.48613604681,-0.615872793538,-0.185594245681,0.0472343049039,0.719227463031,-0.665928042405,-0.146668591932,-0.199167056959,0.711382161302,-0.361276721534,0.131711217625,-0.976443773774,-0.502395448197,-0.524370571372,-0.337375096851,0.827232916837,1.10880465231,0.0512340742499,0.337358880487,0.0787606091118,0.0427392934354,0.262621492244,-0.546900680747,0.0642898155906,0.419960990051,0.246535496199,0.0596786331966,-3.26432178691,-2.81516964975,-0.892869262645,0.00428760696456,1.60293853629,-2.13993141276,3.28695110514,1.01155710508,-2.96820043226,2.33080044026,-2.06619741088,-3.88563751218,1.2535796002,1.41837622661,-2.01179610625,0.695725314608,-0.349836522901,1.75627733939,-0.419723743034,-1.87436547797,1.23573189528,-3.69958739734,-0.408520883949,1.2244341832,1.24983060039,1.81686602912,-1.08608707846,-2.75799066531,5.02136394201,2.16967589003,0.842915970686,-0.771149672554,0.0860846162706,-0.49292808118,-0.0648157609537,2.34272791886,-0.241613259453,-1.18999010093,-0.489678937884,0.69103172851,-0.719018194581,1.10595222032,-2.46216138158,1.26595940752,0.897723315633,1.00494028688,2.9547056474,0.863317556983,-0.45119464488,1.57008139674,0.704690134806,-1.53816635851,0.0238729547182,-2.96859041563,1.52611543195,2.60288949524,-1.73057045518,-0.292283724478,-0.042787985385,0.465856062295
195,-0.0095649821182,-0.0970141623115,-0.401788495872,-0.224493887279,-0.182463862175,-0.203668784637,-0.019032316325,0.0897497394077,-0.238290574811,-0.0151896170985,-0.437984386421,-0.570872948183,-0.237943994756,-0.151862488073,0.205608862352,0.456592259325,0.374380435303,0.511607051599,0.577561153334,0.385424653353,-0.193989136078,-0.419878580912,0.116411160776,0.505927186387,0.628788679824,-0.309505854759,-0.638496722141,0.165872373199,0.814948175686,-0.295937277203,0.342152204206,0.194141815506,0.164015124544,0.384465577375,-0.571043108495,0.0145833064736,0.0693949960019,0.558797896001,-0.670012781033,-0.0385111287269,-0.289578503564,0.747245743865,-0.533054796831,0.26169189032,-0.844243106469,-0.391495957437,-0.200479992639,-0.265269713101,0.777640743408,1.23753425281,0.103505341244,0.177750358554,0.082321561831,-0.249527844621,0.406853301487,-0.279021969078,-0.112631450693,0.388873098106,0.24228405791,0.105914043234,-0.351320964534,2.72880121433,-1.48509382928,-0.48989518119,1.93136913119,4.48828434465,-3.45468259326,0.371165362068,-1.54039791013,-0.450228445525,-1.12289436754,0.896339739335,-2.528648074,2.11122982837,-0.553369837115,-1.20241510357,-0.463093541298,4.51628220722,-3.81198445646,-1.86863738301,-0.122119103286,-2.80760190853,1.8545954193,0.127077158018,-0.00886503975309,0.0819532815639,0.934335996723,-0.729038747529,3.66400216431,1.99332517016,1.08072370379,-1.72078298606,-2.1365544367,-1.45957558871,1.01852952904,1.56614799512,0.589950973755,-1.94380108446,0.422177671436,1.41793782602,-1.04604631877,-0.410126738398,-0.903491145181,1.26255281502,1.71271972664,1.17341557726,3.45954222437,0.598776780364,-0.530418144264,0.982063771505,0.319606850176,-1.63649424358,0.0299876501922,-2.85380858497,1.34880039476,2.74432836418,-1.79779604639,-0.32678329578,-0.0425901730837,0.458683926097
196,0.0502695442082,-0.119575062383,-0.01483622469,-0.25600734463,-0.0566082462006,0.13306076016,-0.202141238443,-0.162778262704,-0.13263966681,-0.327684947986,-0.399699750465,-0.372855936464,-0.481218588254,-0.0633326639342,0.18360651446,0.26031180455,0.414304153237,0.834217669417,0.21806826474,0.203914615933,-0.290792145974,-0.583161245697,0.41601963476,0.482319598341,0.561355530063,-0.38834703832,-0.446494546142,0.248080310853,1.00458087375,-0.19170606142,0.410857670858,0.0257489376574,-0.108236589025,0.217546787373,-0.407227763775,0.114815861598,0.144108077085,0.347588552277,-0.582203753323,0.121707954615,-0.395474941967,0.632479633443,-0.534960265348,0.371615032399,-0.642051635623,-0.27540372936,0.153836741674,-0.212879366205,0.723036662937,1.30171267436,0.111714515177,0.0134023378222,0.0813332245202,-0.523598845372,0.530609773742,-0.00020631892501,-0.293219663458,0.355153912262,0.237945707905,0.151382097706,1.40078113653,-0.306767214857,4.45661587428,2.57083008426,0.632568160981,0.180766211582,1.04300974112,-4.50580048572,2.06749164555,-4.37670080143,1.5284018821,2.1766085371,-1.25440152279,-0.872793594169,-0.172860587817,-2.2828690864,1.29267753268,1.05333467998,-2.61888188097,-1.6998107665,-1.64723904666,-0.50467978004,3.84494759858,-0.422889498667,-1.23541023467,-1.44178199475,2.63957211329,2.2911514138,-0.0381936717522,-0.0949784903595,0.142827195728,-1.41778260059,-3.02949003399,-1.74361375651,2.24252013052,0.412623934521,0.797965485908,-2.19104317671,1.31247718401,1.69318825968,-0.990436681955,-1.83369743056,0.863756506756,0.883934767547,2.28464906731,1.11233122078,3.55548822571,0.475209588546,-0.553533033635,0.289351648952,-0.168269362535,-1.63491805125,-0.0663175333742,-2.60657859282,1.11842723276,2.82066986944,-1.80358533033,-0.344815224877,-0.0445421799606,0.450512300691
197,0.0568732991408,0.059282538962,0.0287808679967,0.260913227367,0.0366751534284,-0.11793289486,-0.0304901998395,-0.402332866105,-0.222195699517,-0.535150396053,-0.278002111568,-0.243479404019,-0.396022284037,-0.308330623762,0.154102319292,0.10813027503,0.562356145728,0.665847639311,0.128127008002,0.0798656424006,-0.461603106929,-0.575259372542,0.794723694234,0.461789863981,0.41795766403,-0.532620159735,-0.192632957307,0.56134648581,0.827190229584,-0.314359199651,0.360083097169,-0.0510342721618,-0.385801209393,0.0609252872169,-0.13482632417,0.100783862185,0.210238742371,0.137165041405,-0.415136460844,0.279886018278,-0.469815926571,0.39695831495,-0.36793170306,0.430955404573,-0.397282701664,-0.175443495099,0.496473419182,-0.164890879507,0.66815688943,1.29414977789,0.0682582056173,-0.146457599067,0.0659558822779,-0.76693377133,0.629177737161,0.282774801079,-0.471265263722,0.320467710875,0.233302190301,0.195983968872,-3.09471638646,0.632921076684,-0.0570052676609,3.91809259532,1.7916239663,-2.97655339925,0.204393582551,1.05778062781,-4.44140252962,1.03304261828,0.343115576608,0.351118005609,2.57917089519,-3.25700014184,-0.218928956574,-0.310399423298,1.04812114716,-4.0420288045,0.716629829266,-0.52302369486,-1.41026293903,0.271480135541,3.22045558976,0.190684548534,-1.4054329045,-1.08473817909,1.96758859105,3.49043094345,-3.17039966717,-2.16876235636,-1.10155189903,0.00796461166784,-2.27303789335,-1.28904054256,3.0981684219,-0.630928124499,0.450333539595,-1.9467768317,1.97623062806,1.36827100949,-0.406492579997,-2.76900552365,2.40423150397,0.280831096076,2.55894357007,0.859772130278,3.22925457361,0.510463623181,-0.54036013108,-0.440809878536,-0.703718090571,-1.55034414038,-0.255399658502,-2.24228198635,0.847297064123,2.82694658246,-1.74693485731,-0.346137538652,-0.048694303651,0.441364776429
198,-0.265030276033,0.162866981277,0.268857380108,0.182022011581,0.18768705266,-0.109354160523,-0.254413502073,-0.164228188252,-0.671113490476,-0.299857803509,-0.317171902561,-0.253317722708,-0.149386629688,-0.510406442563,0.207850471267,0.224768430543,0.51354757617,0.189003110674,0.268877307553,0.142916720045,-0.524642684223,-0.593035064404,0.981874765166,0.53796000109,0.323048108286,-0.551940645107,-0.129447385253,0.843072365253,0.466584295866,-0.560904708073,0.221520254536,0.0341590931691,-0.527433298966,-0.029159383555,0.183426254231,0.00841952001188,0.2244568961,-0.0313665656467,-0.199483819471,0.376983933791,-0.460961756306,0.103269185092,-0.0743497515088,0.426569804821,-0.140592632066,-0.107640555787,0.787258365375,-0.106132982677,0.615133104608,1.21474093242,-0.0285472196593,-0.294734997972,0.0277690601781,-0.968896569004,0.699195844253,0.562738121958,-0.640553755148,0.286470420565,0.22813477815,0.239623537767,-0.785983141069,4.57912058843,2.23562266887,-3.02201249372,-0.133450674439,2.95764343114,-2.90907775169,1.07532119513,-1.71784802028,1.85152620563,-0.585514504909,-0.222146499203,1.38585372765,-0.00287112544059,1.55529363088,2.40223649557,-2.27026304402,-4.53005121451,1.47729582623,1.85365273382,0.183399399774,-0.773651032844,0.340261068898,1.30279202487,-0.331489294628,0.803340490254,-0.909699509762,1.69859330396,-3.51066297085,-2.36631325167,-1.44332392887,1.63507853557,-0.470851538481,-0.506810449434,3.09496333622,-1.0898119147,-0.187637988577,-1.39289279808,2.26791921539,0.499000257338,0.644458125593,-2.97424730784,3.34295897377,-0.359296201849,2.52453415653,0.482027329906,2.53194384154,0.684241873135,-0.522311740456,-1.1353599604,-1.22472368372,-1.4079752335,-0.518784752706,-1.78340431895,0.550012041053,2.75993688148,-1.62875639032,-0.331159146166,-0.0550057345625,0.431271929336
199,-0.368246100002,0.412539379331,0.312728447203,0.140101553044,0.0135769089582,0.0993290739846,-0.247031394086,-0.40438069466,-0.374721551545,-0.33884304826,-0.319662008405,-0.256566540051,-0.191365837733,-0.312122802142,0.444944305745,0.483618611031,0.15797066808,-0.101964967561,0.332621122976,0.414121405506,-0.466101379262,-0.712801924172,0.878727586261,0.693472831223,0.364705485522,-0.39342402621,-0.364747529146,0.851072962081,0.213716190122,-0.714970244262,0.119372720478,0.247987767365,-0.481256373669,-0.04858420083,0.448779572043,-0.0899873121298,0.173303480297,-0.139580621004,0.0246540132617,0.369985552469,-0.334291502073,-0.172668031592,0.273064490938,0.363557455915,0.0981449703162,-0.0804507690796,0.993961276942,-0.0251533000587,0.562634970055,1.07061403712,-0.174144324021,-0.427119612783,-0.0394375983582,-1.12139451425,0.738842160083,0.832276652025,-0.795058396883,0.254744920777,0.222233305443,0.282208086549,-2.58711808735,-2.84796860252,-0.162259370041,1.94712904165,-1.62156361264,-0.5472362819,3.01518748534,-4.13359748902,5.84015940775,-1.90086076103,0.460126823565,0.0987002135173,-1.8432272581,3.11783264834,2.68370421601,2.11535333753,-4.1424464533,-1.04190560606,-0.344343833259,3.14456890379,0.60164607337,-1.3409930398,-2.09099528606,1.57950003171,1.1221460763,2.05924702392,-3.49032864882,-1.54584163144,-1.26613847932,-0.450499341414,-0.389557160296,2.4440041273,1.30023372769,0.0400292400558,2.0471573478,-0.74666499147,-0.811690251421,-0.7827081457,2.14989517703,-0.656959348137,1.88968714666,-2.4303276632,3.46084259307,-0.867741145663,2.20659815406,0.0619723454794,1.56878137451,0.944014432434,-0.535953084223,-1.72420770665,-1.66971542733,-1.23762955213,-0.831123859453,-1.25804187919,0.242601331235,2.61842840746,-1.45189077721,-0.300928351913,-0.0633467152463,0.420271161964
200,-0.281414629395,0.229125286224,0.227151765607,0.257437496038,0.08910498124,-0.128604935961,-0.0366300163708,-0.419736221051,-0.0567087432339,-0.392290453305,-0.292357949513,-0.26956583742,-0.362399667154,-0.120084595375,0.610530907791,0.541588727515,-0.145404885527,-0.0570402344461,0.238595292662,0.666629996137,-0.48082804128,-0.795051609708,0.648126848401,0.806526302126,0.520258274033,-0.224629770513,-0.73038313943,0.580544913176,0.224874126831,-0.631729557794,0.168509331935,0.480249214673,-0.298640602393,-0.0401145655848,0.567391163313,-0.119483136346,0.0694409961832,-0.193448227381,0.219425583761,0.248762698761,-0.0901154709425,-0.364338080408,0.589797222298,0.261056421425,0.29297792505,-0.0938059578945,1.09682927943,0.0831150395206,0.505756002301,0.875389669827,-0.358145079999,-0.542343606067,-0.139098652179,-1.21934813724,0.747928224379,1.08397185059,-0.929131376928,0.226738582024,0.215404809421,0.323648964612,5.15149293039,1.01715109827,-1.35315505725,-0.63513787053,2.31558151648,-1.8351484661,-0.594941307015,5.13192849851,-0.922072178875,1.70117498069,-0.127249493938,-0.528625065359,-0.862247483347,-0.199708398564,0.0689191520545,-1.21006040147,-1.21280115034,1.4736034611,-1.11875239497,1.43213844767,-1.13249124088,-0.0428314510477,-2.09664265248,0.491574400436,1.78807177492,0.8690003401,-3.25130607121,-3.44021668569,1.32563921551,2.02617163009,1.38709288034,2.00016440088,2.15719365162,0.0345969463683,0.250092149457,0.227976966279,-1.22192953381,-0.334979858853,1.70268577089,-1.71796119122,2.92214422948,-1.3377150491,2.74486805958,-1.13798015758,1.65673699535,-0.315307425455,0.480442229518,1.21698339442,-0.614808692544,-2.14898074013,-1.98481273797,-1.06964656065,-1.16270083681,-0.698026024299,-0.0584651823002,2.40343348614,-1.22106334938,-0.257099733165,-0.0735041537575,0.408406339351
