time,rho00re,rho00im,rho01re,rho01im,rho02re,rho02im,rho03re,rho03im,rho04re,rho04im,rho05re,rho05im,rho06re,rho06im,rho07re,rho07im,rho08re,rho08im,rho10re,rho10im,rho11re,rho11im,rho12re,rho12im,rho13re,rho13im,rho14re,rho14im,rho15re,rho15im,rho16re,rho16im,rho17re,rho17im,rho18re,rho18im,rho20re,rho20im,rho21re,rho21im,rho22re,rho22im,rho23re,rho23im,rho24re,rho24im,rho25re,rho25im,rho26re,rho26im,rho27re,rho27im,rho28re,rho28im,rho30re,rho30im,rho31re,rho31im,rho32re,rho32im,rho33re,rho33im,rho34re,rho34im,rho35re,rho35im,rho36re,rho36im,rho37re,rho37im,rho38re,rho38im,rho40re,rho40im,rho41re,rho41im,rho42re,rho42im,rho43re,rho43im,rho44re,rho44im,rho45re,rho45im,rho46re,rho46im,rho47re,rho47im,rho48re,rho48im,rho50re,rho50im,rho51re,rho51im,rho52re,rho52im,rho53re,rho53im,rho54re,rho54im,rho55re,rho55im,rho56re,rho56im,rho57re,rho57im,rho58re,rho58im,rho60re,rho60im,rho61re,rho61im,rho62re,rho62im,rho63re,rho63im,rho64re,rho64im,rho65re,rho65im,rho66re,rho66im,rho67re,rho67im,rho68re,rho68im,rho70re,rho70im,rho71re,rho71im,rho72re,rho72im,rho73re,rho73im,rho74re,rho74im,rho75re,rho75im,rho76re,rho76im,rho77re,rho77im,rho78re,rho78im,rho80re,rho80im,rho81re,rho81im,rho82re,rho82im,rho83re,rho83im,rho84re,rho84im,rho85re,rho85im,rho86re,rho86im,rho87re,rho87im,rho88re,rho88im,totalpop
0.0,0.0016401960479370333,0.0,-0.003013645167024399,-0.0007753197723294089,0.00016852217324198336,0.001005828281587647,0.00014319800394152151,-0.001039135708093413,0.0008084108559147855,-0.00010855194156648331,0.0005331981039038669,-0.0011589290464518829,-0.000544579992435183,0.000628579792116693,-8.434763154039985e-05,0.0003044219194126336,0.0012874632969616534,-0.00021364218840375004,-0.003013645167024399,0.0007753197723294089,1.0040572639306837,0.0,-0.0022055182865825503,-0.002398490821680967,-0.0017224582463675863,0.0016534300759033342,-0.0005377010231551501,0.0008023902847671637,-0.0016183425058832834,0.004479690178320033,0.0009842702489651915,-0.0010938476615986973,-0.0023736743158452836,-0.0031011040552395334,0.0006894168828338453,-0.001678618127862233,0.00016852217324198336,-0.001005828281587647,-0.0022055182865825503,0.002398490821680967,-0.0006656704622210998,0.0,-0.00013467705318678328,0.0010541492985052317,-2.914340682658317e-05,0.0015226161672231996,-0.00046478325999888676,-0.0008645215591547169,-0.0010833266694686746,0.0007437951331797833,0.00039287518804831666,0.001666807556829664,-0.0009626854578889748,-4.217478387861004e-05,0.00014319800394152151,0.001039135708093413,-0.0017224582463675863,-0.0016534300759033342,-0.00013467705318678328,-0.0010541492985052317,0.00015271531370593419,0.0,0.0014556694695929521,0.001308280942919383,0.0014135042320976307,0.00015466565351643355,-0.0006018258550396329,0.0004240017383315098,0.0009682151063503999,5.557378243412654e-05,-0.00107260890952207,0.0016954559270763705,0.0008084108559147855,0.00010855194156648331,-0.0005377010231551501,-0.0008023902847671637,-2.914340682658317e-05,-0.0015226161672231996,0.0014556694695929521,-0.001308280942919383,-0.0031041062954064486,0.0,0.001416390339036598,0.001934142177217538,-0.0002462023714563003,-0.00045206004197566817,-0.0005540565218068667,-0.0001625252083697335,6.035197922898136e-05,0.0002146042105792166,0.0005331981039038669,0.0011589290464518829,-0.0016183425058832834,-0.004479690178320033,-0.00046478325999888676,0.0008645215591547169,0.0014135042320976307,-0.00015466565351643355,0.001416390339036598,-0.001934142177217538,0.00016633997802938333,0.0,-0.0006969942165942349,0.0002386638280513266,0.0007264810249741334,-0.0001383911864960083,0.001616801749461918,0.0018140233542260418,-0.000544579992435183,-0.000628579792116693,0.0009842702489651915,0.0010938476615986973,-0.0010833266694686746,-0.0007437951331797833,-0.0006018258550396329,-0.0004240017383315098,-0.0002462023714563003,0.00045206004197566817,-0.0006969942165942349,-0.0002386638280513266,-0.001473743580148883,0.0,-3.743324542549003e-05,-0.00034981697430028154,-0.0009540320736239165,0.0021928971341064834,-8.434763154039985e-05,-0.0003044219194126336,-0.0023736743158452836,0.0031011040552395334,0.00039287518804831666,-0.001666807556829664,0.0009682151063503999,-5.557378243412654e-05,-0.0005540565218068667,0.0001625252083697335,0.0007264810249741334,0.0001383911864960083,-3.743324542549003e-05,0.00034981697430028154,-0.00026754574253904994,0.0,-0.0009748595257082215,0.0006679191079522498,0.0012874632969616534,0.00021364218840375004,0.0006894168828338453,0.001678618127862233,-0.0009626854578889748,4.217478387861004e-05,-0.00107260890952207,-0.0016954559270763705,6.035197922898136e-05,-0.0002146042105792166,0.001616801749461918,-0.0018140233542260418,-0.0009540320736239165,-0.0021928971341064834,-0.0009748595257082215,-0.0006679191079522498,-0.0006876222740387667,0.0,0.9998178269163502
0.0010000000000000007,0.0016400120359947835,0.0,0.002636269110310111,-0.0015237260286937722,-0.0008234805048959168,-0.0005982845548654167,0.0006530477441433548,0.0008063573102054834,-0.0004972554116129667,0.0006587103319907998,0.0004316462271614835,0.0012203232938683335,-4.9690750554781554e-05,-0.0008861822521173799,-0.00014679010906366665,-0.0002596061911961172,-0.0007893646621006669,0.0010301082744042748,0.002636269110310111,0.0015237260286937722,1.003560112709567,0.0,-0.00234230503755915,-0.02081951428867666,-0.0014779505660848084,0.002793642159813699,-0.00041316247070183305,-0.0002459991959590999,-0.0017384507559010333,0.005707775713067282,0.0009469939236989084,-0.003424810802258982,-0.0023867905080578677,-0.004945905775956008,0.0006217024455712998,0.005406925476267867,-0.0008234805048959168,0.0005982845548654167,-0.00234230503755915,0.02081951428867666,-0.0002583156851527999,0.0,-0.00013126663989985983,0.0009648523112667436,6.483852179651652e-05,0.0015419680420941755,-0.0005513289034732336,-0.000996757300097718,-0.0010502465945450836,0.0006999105185609666,0.0004617894354685671,0.001565377411787755,-0.0010779302003140338,-0.0001462055851998485,0.0006530477441433548,-0.0008063573102054834,-0.0014779505660848084,-0.002793642159813699,-0.00013126663989985983,-0.0009648523112667436,0.00019804370678175613,0.0,0.0014879523959252334,0.0012882450707486224,0.001386482826852667,0.00027239007882826684,-0.0006427331380788004,0.0003866954854271002,0.0010341592652355,0.0001194972402051598,-0.0012301430761167435,0.001590406197528665,-0.0004972554116129667,-0.0006587103319907998,-0.00041316247070183305,0.0002459991959590999,6.483852179651652e-05,-0.0015419680420941755,0.0014879523959252334,-0.0012882450707486224,-0.0030863439144855334,0.0,0.0013531649917098668,0.0020500906423911325,-0.0002819925769690048,-0.00039737167961706655,-0.0004942665274194999,-9.998626559617697e-05,-2.415516259868337e-05,0.00023357153122841688,0.0004316462271614835,-0.0012203232938683335,-0.0017384507559010333,-0.005707775713067282,-0.0005513289034732336,0.000996757300097718,0.001386482826852667,-0.00027239007882826684,0.0013531649917098668,-0.0020500906423911325,0.0001171314472411498,0.0,-0.0007095818593305217,0.00029799152510503324,0.0006819009886309284,-0.00021291264072664174,0.0016703148248770408,0.0018677633844441503,-4.9690750554781554e-05,0.0008861822521173799,0.0009469939236989084,0.003424810802258982,-0.0010502465945450836,-0.0006999105185609666,-0.0006427331380788004,-0.0003866954854271002,-0.0002819925769690048,0.00039737167961706655,-0.0007095818593305217,-0.00029799152510503324,-0.0014379823702767673,0.0,4.324663800366665e-05,-0.0003655349301223501,-0.0010192594168639886,0.002068662651094692,-0.00014679010906366665,0.0002596061911961172,-0.0023867905080578677,0.004945905775956008,0.0004617894354685671,-0.001565377411787755,0.0010341592652355,-0.0001194972402051598,-0.0004942665274194999,9.998626559617697e-05,0.0006819009886309284,0.00021291264072664174,4.324663800366665e-05,0.0003655349301223501,-0.0002465844023294834,0.0,-0.0010577515862620498,0.0007076301800878336,-0.0007893646621006669,-0.0010301082744042748,0.0006217024455712998,-0.005406925476267867,-0.0010779302003140338,0.0001462055851998485,-0.0012301430761167435,-0.001590406197528665,-2.415516259868337e-05,-0.00023357153122841688,0.0016703148248770408,-0.0018677633844441503,-0.0010192594168639886,-0.002068662651094692,-0.0010577515862620498,-0.0007076301800878336,-0.0006684306330719166,0.0,0.999817642894483
0.0020000000000000013,0.001639828035978567,0.0,-0.0008197564269850986,0.0028819721448714326,0.0010107614338807137,-0.00016126659380413333,-0.0010372520530663582,-6.331958968456673e-05,-0.00011120199542150853,-0.0008358536562294553,-0.0011738512485727167,-0.0005955946438316998,0.0006922400301319666,0.000634550754256133,0.00026433045481611864,8.119145627058314e-05,-0.00011867811230003836,-0.0012853948571642942,-0.0008197564269850986,-0.0028819721448714326,1.0022578027247835,0.0,-0.002737563998789067,-0.039224999518543344,-0.0010570392205287832,0.0038654305960384504,-0.00027780663403063357,-0.0013217981003869166,-0.0018780715845808163,0.006934885203960865,0.0009451071840830669,-0.0057902800277381495,-0.002392936256771566,-0.006815262230158483,0.0003361316083665831,0.012499760256709994,0.0010107614338807137,0.00016126659380413333,-0.002737563998789067,0.039224999518543344,0.0008300751855482465,0.0,-0.0001839465997787032,0.0008890274151669168,0.00020342360471710844,0.0015691578695364063,-0.0006842497490666501,-0.0011295721670011498,-0.0009199117473459663,0.0006557246558208834,0.0005925158429079234,0.0014745835000532128,-0.0014287677760522898,-0.0002514902352195834,-0.0010372520530663582,6.331958968456673e-05,-0.0010570392205287832,-0.0038654305960384504,-0.0001839465997787032,-0.0008890274151669168,0.00024412076162673495,0.0,0.0015276554937723673,0.0012720027384836672,0.0013648014196364735,0.00039385322058685824,-0.000687892415067033,0.0003129316555783949,0.0011325853743621667,0.0001816313874729667,-0.0013600717587778333,0.0014923505864922735,-0.00011120199542150853,0.0008358536562294553,-0.00027780663403063357,0.0013217981003869166,0.00020342360471710844,-0.0015691578695364063,0.0015276554937723673,-0.0012720027384836672,-0.0030612762669672004,0.0,0.0012724752482423667,0.0021433397062787505,-0.0003034667498558616,-0.0003444456103266996,-0.00046751267663381696,-3.040740569730018e-05,-0.0001239182766659519,0.00023304768870916647,-0.0011738512485727167,0.0005955946438316998,-0.0018780715845808163,-0.006934885203960865,-0.0006842497490666501,0.0011295721670011498,0.0013648014196364735,-0.00039385322058685824,0.0012724752482423667,-0.0021433397062787505,6.585141057773333e-05,0.0,-0.0007226398189333032,0.00036527718847148327,0.0006203144340970499,-0.00030505491900368356,0.0017353873503686615,0.0018959540127094483,0.0006922400301319666,-0.000634550754256133,0.0009451071840830669,0.0057902800277381495,-0.0009199117473459663,-0.0006557246558208834,-0.000687892415067033,-0.0003129316555783949,-0.0003034667498558616,0.0003444456103266996,-0.0007226398189333032,-0.00036527718847148327,-0.0013900840925934333,0.0,0.00010631842076377494,-0.00036306483143242336,-0.00110681342282275,0.0019526624621190134,0.00026433045481611864,-8.119145627058314e-05,-0.002392936256771566,0.006815262230158483,0.0005925158429079234,-0.0014745835000532128,0.0011325853743621667,-0.0001816313874729667,-0.00046751267663381696,3.040740569730018e-05,0.0006203144340970499,0.00030505491900368356,0.00010631842076377494,0.00036306483143242336,-0.00021985322432238323,0.0,-0.0011703717248780499,0.0007000670038696166,-0.00011867811230003836,0.0012853948571642942,0.0003361316083665831,-0.012499760256709994,-0.0014287677760522898,0.0002514902352195834,-0.0013600717587778333,-0.0014923505864922735,-0.0001239182766659519,-0.00023304768870916647,0.0017353873503686615,-0.0018959540127094483,-0.00110681342282275,-0.0019526624621190134,-0.0011703717248780499,-0.0007000670038696166,-0.0005490056497104833,0.0,0.9998174588853499
0.003000000000000002,0.0016396440385810166,0.0,-0.001375256602400167,-0.0026177652489263155,-0.0006004655634595662,0.0008413436297444244,0.0007414549379928165,-0.00074054105667355,0.0006737825098042834,0.0005249361861324215,0.0012787635843067185,-0.00038522192176705644,-0.0009782882022912164,3.7552633022200036e-05,-0.0002176679129094668,0.00011164060892202337,0.0009591988862670162,0.0008638515338326165,-0.001375256602400167,0.0026177652489263155,1.0001525429592835,0.0,-0.003384130048232801,-0.05752591741572834,-0.0005227577114069834,0.0048932456208838826,-0.00023223857328898343,-0.0024046362877197833,-0.0019460871313018,0.008152395110604135,0.0009792146121868836,-0.008192675304526833,-0.002427454205666666,-0.0086727093260438,-0.0002173820012985672,0.019551105559077745,-0.0006004655634595662,-0.0008413436297444244,-0.003384130048232801,0.05752591741572834,0.002597073007876666,0.0,-0.00024897143628819986,0.0008351614651957834,0.0003748541576315166,0.0016044472983924435,-0.0008660954559863165,-0.0012627430687879083,-0.0007000444816270167,0.0006182564525224997,0.0008248065823612345,0.0014010713833073002,-0.0020086447694998167,-0.0003699442178087166,0.0007414549379928165,0.00074054105667355,-0.0005227577114069834,-0.0048932456208838826,-0.00024897143628819986,-0.0008351614651957834,0.0002910154251337841,0.0,0.001572066695795018,0.0012568267572921003,0.0013412291801029568,0.0005130959016506996,-0.0007254975626760333,0.00024396073024953834,0.0012095342851397386,0.00025790177695591675,-0.0014605360447419885,0.0013933535508989002,0.0006737825098042834,-0.0005249361861324215,-0.00023223857328898343,0.0024046362877197833,0.0003748541576315166,-0.0016044472983924435,0.001572066695795018,-0.0012568267572921003,-0.0030292772958641673,0.0,0.0012054795328959383,0.0022298372726815,-0.00030196967566530666,-0.0003010550356329451,-0.00044532431023445166,3.6046543446266686e-05,-0.0002515741043505701,0.0002057377171268501,0.0012787635843067185,0.00038522192176705644,-0.0019460871313018,-0.008152395110604135,-0.0008660954559863165,0.0012627430687879083,0.0013412291801029568,-0.0005130959016506996,0.0012054795328959383,-0.0022298372726815,1.295803701129985e-05,0.0,-0.0007437033119313583,0.0004241420745180704,0.0005383309035105334,-0.00037502390765744805,0.001810511314140687,0.0019110389582978249,-0.0009782882022912164,-3.7552633022200036e-05,0.0009792146121868836,0.008192675304526833,-0.0007000444816270167,-0.0006182564525224997,-0.0007254975626760333,-0.00024396073024953834,-0.00030196967566530666,0.0003010550356329451,-0.0007437033119313583,-0.0004241420745180704,-0.0013298067471482166,0.0,0.00013297516917213324,-0.0003618757686789488,-0.0012020673182167332,0.0018564016263366166,-0.0002176679129094668,-0.00011164060892202337,-0.002427454205666666,0.0086727093260438,0.0008248065823612345,-0.0014010713833073002,0.0012095342851397386,-0.00025790177695591675,-0.00044532431023445166,-3.6046543446266686e-05,0.0005383309035105334,0.00037502390765744805,0.00013297516917213324,0.0003618757686789488,-0.00018749525579051646,0.0,-0.0012993640856635998,0.0006425559778099872,0.0009591988862670162,-0.0008638515338326165,-0.0002173820012985672,-0.019551105559077745,-0.0020086447694998167,0.0003699442178087166,-0.0014605360447419885,-0.0013933535508989002,-0.0002515741043505701,-0.0002057377171268501,0.001810511314140687,-0.0019110389582978249,-0.0012020673182167332,-0.0018564016263366166,-0.0012993640856635998,-0.0006425559778099872,-0.0003293792910829665,0.0,0.999817274877783
0.004000000000000003,0.0016394600372954672,0.0,0.0027649918673980497,0.0009405331059901811,-0.00016945405986603992,-0.0010305665289976672,5.616512186438326e-05,0.0010448780246555998,-0.0008408714088406485,0.00010661688982109994,-0.0006424110117503851,0.0011821878667410506,0.0006779617768500999,-0.0007401871170618833,6.303909897880019e-05,-0.0001939324308941966,-0.0012827053671303247,3.470828986567763e-05,0.0027649918673980497,-0.0009405331059901811,0.9972508197791334,0.0,-0.004284488692574728,-0.07566097848225332,0.00012820533545116337,0.005876690724437284,-0.000241071484620284,-0.0034566411628812665,-0.0019413004385923163,0.009336250598114848,0.0010681233649173505,-0.010600912949492844,-0.0024637510778431713,-0.0104971575923292,-0.0010326607393112818,0.0264899773649745,-0.00016945405986603992,0.0010305665289976672,-0.004284488692574728,0.07566097848225332,0.005037201452287416,0.0,-0.0003334863847475166,0.0008070109092079666,0.0005676334244764165,0.0016433980310324504,-0.0010962659528864567,-0.0013979367616239618,-0.0004011358094149835,0.0005902218639327286,0.0011552012842788633,0.0013265096023097505,-0.0028411593767557835,-0.0005308634773884998,5.616512186438326e-05,-0.0010448780246555998,0.00012820533545116337,-0.005876690724437284,-0.0003334863847475166,-0.0008070109092079666,0.0003389736041014502,0.0,0.0016089843640102017,0.0012403035299604665,0.0012926523336853663,0.0006298707460243217,-0.000758813918790983,0.00021518013540213355,0.0012258694233804005,0.00035630616393491667,-0.0015474660961713668,0.0012641128629586169,-0.0008408714088406485,-0.00010661688982109994,-0.000241071484620284,0.0034566411628812665,0.0005676334244764165,-0.0016433980310324504,0.0016089843640102017,-0.0012403035299604665,-0.0029906418651014675,0.0,0.00113921201256497,0.0023202126675258166,-0.00030360323130240214,-0.00025766037885040834,-0.00040599398289222177,8.489912735623854e-05,-0.00040537930705410006,0.00015494199540423348,-0.0006424110117503851,-0.0011821878667410506,-0.0019413004385923163,-0.009336250598114848,-0.0010962659528864567,0.0013979367616239618,0.0012926523336853663,-0.0006298707460243217,0.00113921201256497,-0.0023202126675258166,-4.1189839004683316e-05,0.0,-0.0007664785653157017,0.00047367555775130007,0.00044864798910496654,-0.0004153663790515998,0.0018859727233780648,0.001943426564215666,0.0006779617768500999,0.0007401871170618833,0.0010681233649173505,0.010600912949492844,-0.0004011358094149835,-0.0005902218639327286,-0.000758813918790983,-0.00021518013540213355,-0.00030360323130240214,0.00025766037885040834,-0.0007664785653157017,-0.00047367555775130007,-0.0012572856851477666,0.0,0.00015325899730276647,-0.0003716913907898953,-0.0013189224310319,0.0017613310286234327,6.303909897880019e-05,0.0001939324308941966,-0.0024637510778431713,0.0104971575923292,0.0011552012842788633,-0.0013265096023097505,0.0012258694233804005,-0.00035630616393491667,-0.00040599398289222177,-8.489912735623854e-05,0.00044864798910496654,0.0004153663790515998,0.00015325899730276647,0.0003716913907898953,-0.00014960199309546995,0.0,-0.0014489350756173504,0.0005758651685478666,-0.0012827053671303247,-3.470828986567763e-05,-0.0010326607393112818,-0.0264899773649745,-0.0028411593767557835,0.0005308634773884998,-0.0015474660961713668,-0.0012641128629586169,-0.00040537930705410006,-0.00015494199540423348,0.0018859727233780648,-0.001943426564215666,-0.0013189224310319,-0.0017613310286234327,-0.0014489350756173504,-0.0005758651685478666,-1.0644623338608464e-05,0.0,0.9998170908671835
0.005000000000000003,0.0016392760486300677,0.0,-0.002616713736906384,0.0012250852652802137,0.0008509053479925117,0.0006337977381818453,-0.0007951378686473234,-0.0006695120549040832,0.0005001805095209466,-0.0006649679773385146,-0.0003930279734857503,-0.001291418419014859,5.079838716874986e-05,0.0010147200885388366,6.754978118451653e-05,0.0001506033857548498,0.0008761479251480367,-0.0009101467605186666,-0.002616713736906384,-0.0012250852652802137,0.9935610241752163,0.0,-0.005450312462196834,-0.09364149695935334,0.0009350430923463331,0.006771667226345868,-0.00020530029931483372,-0.004465626986868933,-0.0019713439613774004,0.010474265976216016,0.0012255385515119164,-0.012977631599915662,-0.002429919911586517,-0.012317903776113354,-0.0020558654660816325,0.033301157913442486,0.0008509053479925117,-0.0006337977381818453,-0.005450312462196834,0.09364149695935334,0.008144157142301402,0.0,-0.0004756204382281001,0.0008139098210116336,0.0007844711287195666,0.0016766359997023828,-0.0013567787654263745,-0.0015416977167878182,-2.15965280104001e-05,0.0005684541427429669,0.0015429675595980414,0.0012401795334047337,-0.00393489209338588,-0.00075274647397165,-0.0007951378686473234,0.0006695120549040832,0.0009350430923463331,-0.006771667226345868,-0.0004756204382281001,-0.0008139098210116336,0.0003883066625571008,0.0,0.0016313174826573162,0.0012254532238701835,0.0012060915331129165,0.0007454777347453183,-0.0007981849845378298,0.00020801232990336663,0.0012149798073046495,0.00046448658364540166,-0.0016237718230226168,0.001111127455508733,0.0005001805095209466,0.0006649679773385146,-0.00020530029931483372,0.004465626986868933,0.0007844711287195666,-0.0016766359997023828,0.0016313174826573162,-0.0012254532238701835,-0.00294597081050175,0.0,0.0010444315379020215,0.0023980517447831666,-0.00032328493395130504,-0.00021047360402458323,-0.0003556295606644834,0.00011650538689684672,-0.0005678417320989661,8.98490709884083e-05,-0.0003930279734857503,0.001291418419014859,-0.0019713439613774004,-0.010474265976216016,-0.0013567787654263745,0.0015416977167878182,0.0012060915331129165,-0.0007454777347453183,0.0010444315379020215,-0.0023980517447831666,-9.652043602762659e-05,0.0,-0.000783523139489305,0.0005253181023885248,0.00036023990306851633,-0.00045753350907195027,0.0019602295682513674,0.002000124862264767,5.079838716874986e-05,-0.0010147200885388366,0.0012255385515119164,0.012977631599915662,-2.15965280104001e-05,-0.0005684541427429669,-0.0007981849845378298,-0.00020801232990336663,-0.00032328493395130504,0.00021047360402458323,-0.000783523139489305,-0.0005253181023885248,-0.0011727627302689707,0.0,0.00019438636352183308,-0.0003839172973763552,-0.0014807093467125176,0.001655450887097617,6.754978118451653e-05,-0.0001506033857548498,-0.002429919911586517,0.012317903776113354,0.0015429675595980414,-0.0012401795334047337,0.0012149798073046495,-0.00046448658364540166,-0.0003556295606644834,-0.00011650538689684672,0.00036023990306851633,0.00045753350907195027,0.00019438636352183308,0.0003839172973763552,-0.00010587405318334004,0.0,-0.0016312950457632168,0.0005231233693968996,0.0008761479251480367,0.0009101467605186666,-0.0020558654660816325,-0.033301157913442486,-0.00393489209338588,0.00075274647397165,-0.0016237718230226168,-0.001111127455508733,-0.0005678417320989661,-8.98490709884083e-05,0.0019602295682513674,-0.002000124862264767,-0.0014807093467125176,-0.001655450887097617,-0.0016312950457632168,-0.0005231233693968996,0.0004052708699513165,0.0,0.9998169068687
0.006000000000000004,0.0016390920808727837,0.0,0.0010126310110570324,-0.0026758825390424492,-0.0010764425840392212,0.00013270342109826503,0.0010428887590748352,-0.00011765649034104323,0.00012541174448935002,0.0008101012875085898,0.0011955999125575331,0.0006421316986963413,-0.0007541634874017496,-0.0006927137193375836,-0.00012024942934335028,-6.536238379453997e-05,1.8704392560533253e-05,0.0012513088810674501,0.0010126310110570324,0.0026758825390424492,0.9890908330443167,0.0,-0.00687703220623321,-0.11145875188495996,0.0018975418804233336,0.0075657107953690335,-0.00014366382653008386,-0.005444352063276566,-0.00207777641516979,0.011585081236895937,0.0014475200212183826,-0.015312530212269145,-0.002297247447590167,-0.014155140769271886,-0.0032762483014236177,0.040011589769216344,-0.0010764425840392212,-0.00013270342109826503,-0.00687703220623321,0.11145875188495996,0.011912163998982433,0.0,-0.0006775602236679001,0.0008604276824985334,0.00103654906572295,0.0016891850529953335,-0.0016264881945877332,-0.001697440707267283,0.00044643816956724985,0.0005583268782967564,0.001973883507745164,0.0011608935601791818,-0.005269898973104586,-0.001037028083035067,0.0010428887590748352,0.00011765649034104323,0.0018975418804233336,-0.0075657107953690335,-0.0006775602236679001,-0.0008604276824985334,0.000439331475378517,0.0,0.0016452885328048497,0.0012154524911518964,0.0010996044185909164,0.000854469245656942,-0.0008428807309930768,0.00018579080102473338,0.0012230495182060331,0.0005646610688270832,-0.0016753741324720835,0.0009796749085523335,0.00012541174448935002,-0.0008101012875085898,-0.00014366382653008386,0.005444352063276566,0.00103654906572295,-0.0016891850529953335,0.0016452885328048497,-0.0012154524911518964,-0.002896212186006432,0.0,0.0009285475351419004,0.00245176350154705,-0.00033801193752483304,-0.00016428903260577152,-0.00029947140999257184,0.00014757053059069998,-0.0007284872823067023,1.0270541872266746e-05,0.0011955999125575331,-0.0006421316986963413,-0.00207777641516979,-0.011585081236895937,-0.0016264881945877332,0.001697440707267283,0.0010996044185909164,-0.000854469245656942,0.0009285475351419004,-0.00245176350154705,-0.0001528281666563652,0.0,-0.0008067230712894,0.0005802229736967002,0.00026743524461254154,-0.0005101845408083164,0.0020500861377079453,0.0020562358293844834,-0.0007541634874017496,0.0006927137193375836,0.0014475200212183826,0.015312530212269145,0.00044643816956724985,-0.0005583268782967564,-0.0008428807309930768,-0.00018579080102473338,-0.00033801193752483304,0.00016428903260577152,-0.0008067230712894,-0.0005802229736967002,-0.0010763041508237666,0.0,0.0002392377280163166,-0.00038924324490071684,-0.0016818522250272498,0.0015551724184347667,-0.00012024942934335028,6.536238379453997e-05,-0.002297247447590167,0.014155140769271886,0.001973883507745164,-0.0011608935601791818,0.0012230495182060331,-0.0005646610688270832,-0.00029947140999257184,-0.00014757053059069998,0.00026743524461254154,0.0005101845408083164,0.0002392377280163166,0.00038924324490071684,-5.594812987468039e-05,0.0,-0.0018378004011579332,0.00046346198717784975,1.8704392560533253e-05,-0.0012513088810674501,-0.0032762483014236177,-0.040011589769216344,-0.005269898973104586,0.001037028083035067,-0.0016753741324720835,-0.0009796749085523335,-0.0007284872823067023,-1.0270541872266746e-05,0.0020500861377079453,-0.0020562358293844834,-0.0016818522250272498,-0.0015551724184347667,-0.0018378004011579332,-0.00046346198717784975,0.0009165949250505199,0.0,0.9998167228917335
0.007000000000000005,0.0016389081271623491,0.0,0.0011216429455830452,0.002589262316292016,0.000695578586798888,-0.0008553879227589674,-0.0006311365177816131,0.0008731422726773331,-0.0006536797903419215,-0.0004742516009143185,-0.0013162688390871001,0.0003648841772815333,0.0010368134828066032,-2.0421649278216647e-05,0.00011586332251535993,-1.2935802069493334e-05,-0.0008995962445134331,-0.0008912644658781835,0.0011216429455830452,-0.002589262316292016,0.9838495200642833,0.0,-0.008542095059068885,-0.12902920263651663,0.0029784819040883834,0.008309902123380099,-0.00016545202558636673,-0.006403878989736758,-0.0021612462559491602,0.012693683512841614,0.0017195968655558667,-0.017613919841194994,-0.0021011123281255003,-0.01597000004269421,-0.004734447315914157,0.046612195174200004,0.000695578586798888,0.0008553879227589674,-0.008542095059068885,0.12902920263651663,0.016333511999851117,0.0,-0.0009012404573803834,0.0009412521970081666,0.001325395302106467,0.0016720795266512098,-0.001902766385894615,-0.0018590262511704494,0.0010009893677404,0.0005814630916272911,0.002476854300678734,0.0011115211801245599,-0.0068255266634670835,-0.0014022551670264665,-0.0006311365177816131,-0.0008731422726773331,0.0029784819040883834,-0.008309902123380099,-0.0009012404573803834,-0.0009412521970081666,0.0004923064383301795,0.0,0.0016607721279079668,0.001206093819172533,0.0009993013774520334,0.0009497754390861835,-0.0008932247873533829,0.0001497143047240684,0.0012328500905713334,0.000647573683368585,-0.0016885464346969832,0.0008934905147844664,-0.0006536797903419215,0.0004742516009143185,-0.00016545202558636673,0.006403878989736758,0.001325395302106467,-0.0016720795266512098,0.0016607721279079668,-0.001206093819172533,-0.0028418283501074255,0.0,0.0008251862570108277,0.0025022520739854167,-0.0003249753530824669,-0.00011947298765438331,-0.000221425218474928,0.0001884471645920833,-0.0008921869087947831,-9.498885706966682e-05,-0.0013162688390871001,-0.0003648841772815333,-0.0021612462559491602,-0.012693683512841614,-0.001902766385894615,0.0018590262511704494,0.0009993013774520334,-0.0009497754390861835,0.0008251862570108277,-0.0025022520739854167,-0.0002095880560597166,0.0,-0.0008543531188938866,0.0006222601093549667,0.00016676792164815657,-0.0005365449180741301,0.0021739336359161503,0.0020938030004773334,0.0010368134828066032,2.0421649278216647e-05,0.0017195968655558667,0.017613919841194994,0.0010009893677404,-0.0005814630916272911,-0.0008932247873533829,-0.0001497143047240684,-0.0003249753530824669,0.00011947298765438331,-0.0008543531188938866,-0.0006222601093549667,-0.0009680439138771828,0.0,0.0002647149279918074,-0.00039300368467835807,-0.0018917314166636003,0.0014812346380274162,0.00011586332251535993,1.2935802069493334e-05,-0.0021011123281255003,0.01597000004269421,0.002476854300678734,-0.0011115211801245599,0.0012328500905713334,-0.000647573683368585,-0.000221425218474928,-0.0001884471645920833,0.00016676792164815657,0.0005365449180741301,0.0002647149279918074,0.00039300368467835807,9.575041966768116e-09,0.0,-0.0020496031177832225,0.00037832454256093263,-0.0008995962445134331,0.0008912644658781835,-0.004734447315914157,-0.046612195174200004,-0.0068255266634670835,0.0014022551670264665,-0.0016885464346969832,-0.0008934905147844664,-0.0008921869087947831,9.498885706966682e-05,0.0021739336359161503,-0.0020938030004773334,-0.0018917314166636003,-0.0014812346380274162,-0.0020496031177832225,-0.00037832454256093263,0.00152174304387315,0.0,0.9998165389284333
0.008000000000000005,0.0016387241700772837,0.0,-0.002549469832459267,-0.0010534696702628377,8.734560904635663e-05,0.0011014148324826672,-0.00024189183285094982,-0.0010692426251141833,0.0007765295928759302,-0.00012644027735293493,0.0007038163325789169,-0.0011742326281702431,-0.0007528924940305794,0.0007428972202254583,-7.323350619101645e-05,6.128919348710002e-05,0.0012993497365503602,5.560230404033281e-06,-0.002549469832459267,0.0010534696702628377,0.9778501440183167,0.0,-0.010434310295510917,-0.14626538688190002,0.004168422026239917,0.00904363568198,-0.00028727649963625006,-0.00735847907943985,-0.0021378506599306177,0.013799642672570785,0.0020325350434753004,-0.019886172118286024,-0.0018782178333153485,-0.017711425445585953,-0.006444321869458348,0.05304841852767999,8.734560904635663e-05,-0.0011014148324826672,-0.010434310295510917,0.14626538688190002,0.0213972084309955,0.0,-0.0011308444194692,0.001057266446449595,0.0016431135494279834,0.0016342163337111832,-0.002203389190321417,-0.0020186925174921666,0.0016328680990517167,0.0006545528223915113,0.003066585390987317,0.0010925496464839618,-0.008604386547110831,-0.0018952874492089169,-0.00024189183285094982,0.0010692426251141833,0.004168422026239917,-0.00904363568198,-0.0011308444194692,-0.001057266446449595,0.0005475144433878554,0.0,0.0016757331984864334,0.0011936050063516847,0.0009069478301012532,0.0010308892022108836,-0.000964001866976167,0.00011724680478425333,0.0012002343017399502,0.0007110622799373285,-0.0016660258832786432,0.0008253249244514169,0.0007765295928759302,0.00012644027735293493,-0.00028727649963625006,0.00735847907943985,0.0016431135494279834,-0.0016342163337111832,0.0016757331984864334,-0.0011936050063516847,-0.0027824555912687,0.0,0.0007444214588746931,0.002571711965738308,-0.0002971434851967667,-6.347923338723344e-05,-0.00011025907542022859,0.00023148711011609978,-0.0010654348385752245,-0.00022982739185846993,0.0007038163325789169,0.0011742326281702431,-0.0021378506599306177,-0.013799642672570785,-0.002203389190321417,0.0020186925174921666,0.0009069478301012532,-0.0010308892022108836,0.0007444214588746931,-0.002571711965738308,-0.00026625033381217646,0.0,-0.0009289365921437214,0.0006409351605356165,7.05228515773201e-05,-0.0005182176335513,0.0023295028715844177,0.0021271166098739804,-0.0007528924940305794,-0.0007428972202254583,0.0020325350434753004,0.019886172118286024,0.0016328680990517167,-0.0006545528223915113,-0.000964001866976167,-0.00011724680478425333,-0.0002971434851967667,6.347923338723344e-05,-0.0009289365921437214,-0.0006409351605356165,-0.0008484712593952667,0.0,0.00028462829696001673,-0.00040502780539568176,-0.0021009613040032836,0.0014224873937693,-7.323350619101645e-05,-6.128919348710002e-05,-0.0018782178333153485,0.017711425445585953,0.003066585390987317,-0.0010925496464839618,0.0012002343017399502,-0.0007110622799373285,-0.00011025907542022859,-0.00023148711011609978,7.05228515773201e-05,0.0005182176335513,0.00028462829696001673,0.00040502780539568176,6.142823502828341e-05,0.0,-0.0022756731415289697,0.000289413783341983,0.0012993497365503602,-5.560230404033281e-06,-0.006444321869458348,-0.05304841852767999,-0.008604386547110831,0.0018952874492089169,-0.0016660258832786432,-0.0008253249244514169,-0.0010654348385752245,0.00022982739185846993,0.0023295028715844177,-0.0021271166098739804,-0.0021009613040032836,-0.0014224873937693,-0.0022756731415289697,-0.000289413783341983,0.00221851284826335,0.0,0.9998163549615667
0.009000000000000005,0.0016385402145445002,0.0,0.0024833879589376885,-0.0009994694435585835,-0.0008131872952616997,-0.0007409656907887335,0.0009523382640799168,0.000526876423055546,-0.0004382633933226168,0.0006227054776076166,0.00031306161116951685,0.0013296292768385498,3.3152552511874973e-05,-0.0010807374660652413,3.063507287050004e-05,-7.153254583390006e-05,-0.0009426429334362163,0.0009340486123015998,0.0024833879589376885,0.0009994694435585835,0.9711093420220002,0.0,-0.012548315500501532,-0.16312543065938337,0.005488150986224048,0.009716218237430749,-0.000399579622572083,-0.008332563934311624,-0.002072793212147801,0.014889632089655233,0.002385607775390498,-0.02212137348747417,-0.00162661746066325,-0.019387236969165153,-0.008366457128645501,0.059277793596861694,-0.0008131872952616997,0.0007409656907887335,-0.012548315500501532,0.16312543065938337,0.027089528283045675,0.0,-0.001394960304150107,0.0012341081755821667,0.0019897766315337,0.0015989256010623995,-0.0025399315131954497,-0.002176487357050888,0.0023399899839294065,0.0007716913414539348,0.0037069526775945117,0.0010933128774572299,-0.010612029529372069,-0.002554932436873924,0.0009523382640799168,-0.000526876423055546,0.005488150986224048,-0.009716218237430749,-0.001394960304150107,-0.0012341081755821667,0.0006053649809710111,0.0,0.0016834799531651498,0.0011785833745137668,0.0008136401529897327,0.0011043145729657997,-0.0010637707102802946,7.051990413431838e-05,0.0011370994241432176,0.0007552706586572933,-0.0016227196282225837,0.0007517382794218133,-0.0004382633933226168,-0.0006227054776076166,-0.000399579622572083,0.008332563934311624,0.0019897766315337,-0.0015989256010623995,0.0016834799531651498,-0.0011785833745137668,-0.0027176333253263315,0.0,0.0006645142293329264,0.0026471606060591004,-0.000285180642471095,9.102292529950194e-06,2.0264883217666756e-05,0.00026800163336805486,-0.0012426434468323464,-0.0003806250172530497,0.00031306161116951685,-0.0013296292768385498,-0.002072793212147801,-0.014889632089655233,-0.0025399315131954497,0.002176487357050888,0.0008136401529897327,-0.0011043145729657997,0.0006645142293329264,-0.0026471606060591004,-0.0003224960299665367,0.0,-0.0010184586292463667,0.0006463286460314001,-1.3444544341616653e-05,-0.0004928789078450699,0.002502432968732016,0.002176269157891208,3.3152552511874973e-05,0.0010807374660652413,0.002385607775390498,0.02212137348747417,0.0023399899839294065,-0.0007716913414539348,-0.0010637707102802946,-7.051990413431838e-05,-0.000285180642471095,-9.102292529950194e-06,-0.0010184586292463667,-0.0006463286460314001,-0.000718218119663933,0.0,0.00032661118965633326,-0.00041809257690952006,-0.0023338327929236834,0.0013458322288274834,3.063507287050004e-05,7.153254583390006e-05,-0.00162661746066325,0.019387236969165153,0.0037069526775945117,-0.0010933128774572299,0.0011370994241432176,-0.0007552706586572933,2.0264883217666756e-05,-0.00026800163336805486,-1.3444544341616653e-05,0.0004928789078450699,0.00032661118965633326,0.00041809257690952006,0.00012799027473108342,0.0,-0.0025434071330129844,0.00021708164463406685,-0.0009426429334362163,-0.0009340486123015998,-0.008366457128645501,-0.059277793596861694,-0.010612029529372069,0.002554932436873924,-0.0016227196282225837,-0.0007517382794218133,-0.0012426434468323464,0.0003806250172530497,0.002502432968732016,-0.002176269157891208,-0.0023338327929236834,-0.0013458322288274834,-0.0025434071330129844,-0.00021708164463406685,0.003003752696644484,0.0,0.9998161709970004
0.010000000000000005,0.00163835627658335,0.0,-0.0010343713371868996,0.0023826828650849174,0.0011024499659408962,-1.6671042534316598e-05,-0.0010118757506692834,0.00034582146179600026,-0.00013644823708368648,-0.0007299799199471866,-0.0011528928684729166,-0.0007316314562422166,0.0007353123427502841,0.0008242327078560334,-5.5195940549499825e-06,7.784587867106664e-05,6.256022950866862e-06,-0.001340596533391816,-0.0010343713371868996,-0.0023826828650849174,0.9636439103720499,0.0,-0.014848841787183069,-0.17963446193073337,0.006936741867670033,0.010249496084646901,-0.00043079678992909913,-0.009346847643302432,-0.00206491565625067,0.015971407588907062,0.0027748792449225667,-0.0243202700977847,-0.0013430807429385503,-0.021042095488156273,-0.01048159609163125,0.06531286566574666,0.0011024499659408962,1.6671042534316598e-05,-0.014848841787183069,0.17963446193073337,0.03339645421705901,0.0,-0.001712741317090117,0.0015062194227744498,0.002373745997015521,0.0015778188177659213,-0.002911870813017983,-0.0023342422450376506,0.003129617740427737,0.0009185691760872499,0.004365425257284335,0.0011163401539680405,-0.012831767946546632,-0.0033846638277225836,-0.0010118757506692834,-0.00034582146179600026,0.006936741867670033,-0.010249496084646901,-0.001712741317090117,-0.0015062194227744498,0.0006664263834832581,0.0,0.0016925209457027493,0.0011636245428364,0.0007232593964094832,0.0011773446960718162,-0.0011679038291180835,-2.7774642598801846e-05,0.0011023529581387997,0.0007822212717914045,-0.0015775650203101667,0.0006974690173521833,-0.00013644823708368648,0.0007299799199471866,-0.00043079678992909913,0.009346847643302432,0.002373745997015521,-0.0015778188177659213,0.0016925209457027493,-0.0011636245428364,-0.0026474853953208496,0.0,0.0005776986582137834,0.002702985097622062,-0.00028654326889688647,8.281847839211656e-05,0.0001552534163841,0.0003066438286645668,-0.0014151032173978853,-0.000534707308766013,-0.0011528928684729166,0.0007316314562422166,-0.00206491565625067,-0.015971407588907062,-0.002911870813017983,0.0023342422450376506,0.0007232593964094832,-0.0011773446960718162,0.0005776986582137834,-0.002702985097622062,-0.0003780320620436467,0.0,-0.0011287662842743376,0.000651836977080437,-9.788548578301664e-05,-0.0004991722794916339,0.0026892345646630494,0.0022340758512194416,0.0007353123427502841,-0.0008242327078560334,0.0027748792449225667,0.0243202700977847,0.003129617740427737,-0.0009185691760872499,-0.0011679038291180835,2.7774642598801846e-05,-0.00028654326889688647,-8.281847839211656e-05,-0.0011287662842743376,-0.000651836977080437,-0.0005776189385860435,0.0,0.00038313284565917154,-0.000414864400022985,-0.002609821459760078,0.0012421223345424166,-5.5195940549499825e-06,-7.784587867106664e-05,-0.0013430807429385503,0.021042095488156273,0.004365425257284335,-0.0011163401539680405,0.0011023529581387997,-0.0007822212717914045,0.0001552534163841,-0.0003066438286645668,-9.788548578301664e-05,0.0004991722794916339,0.00038313284565917154,0.000414864400022985,0.00019980807687443382,0.0,-0.0028492153645919495,0.00013957728494033353,6.256022950866862e-06,0.001340596533391816,-0.01048159609163125,-0.06531286566574666,-0.012831767946546632,0.0033846638277225836,-0.0015775650203101667,-0.0006974690173521833,-0.0014151032173978853,0.000534707308766013,0.0026892345646630494,-0.0022340758512194416,-0.002609821459760078,-0.0012421223345424166,-0.0028492153645919495,-0.00013957728494033353,0.003874168119323213,0.0,0.9998159870495997
0.011000000000000006,0.0016381723584836002,0.0,-0.0009114110494218502,-0.0023627069697774667,-0.0007825476950306335,0.0007863934193884493,0.0004100276593753551,-0.0009806909874750713,0.0006046217810033,0.00040965449112856644,0.0013457420991017331,-0.0002713052606135334,-0.0011228057979437535,-9.806320279804997e-05,-3.0771316167603526e-05,-9.189609181610005e-05,0.0009376461842154336,0.0009723025214943663,-0.0009114110494218502,0.0023627069697774667,0.95547030374115,0.0,-0.017284170570951884,-0.19576001138751672,0.00847973896320076,0.010636269629018834,-0.0004473043866228332,-0.010386770113253117,-0.0020821476815500502,0.017059824666997337,0.003195126033248383,-0.02648302611875891,-0.0010587459859660439,-0.022682568197302952,-0.012819987465683646,0.07115200875903499,-0.0007825476950306335,-0.0007863934193884493,-0.017284170570951884,0.19576001138751672,0.040303811062044996,0.0,-0.002049618763078517,0.0018793878649775665,0.0027988949249315173,0.0015610597054612869,-0.0033244999850403165,-0.002486027362950533,0.003995502492522451,0.0010982242092765335,0.005065687959475066,0.001170796082189565,-0.015222750294394996,-0.004375468347964856,0.0004100276593753551,0.0009806909874750713,0.00847973896320076,-0.010636269629018834,-0.002049618763078517,-0.0018793878649775665,0.0007313337634860498,0.0,0.0017208314820432531,0.0011465379024616833,0.000643034815469935,0.001255897865515651,-0.0012450115945721,-0.0001694108770719501,0.0011163148671483269,0.0007964890683907832,-0.0015363159419306666,0.0006961618655577834,0.0006046217810033,-0.00040965449112856644,-0.0004473043866228332,0.010386770113253117,0.0027988949249315173,-0.0015610597054612869,0.0017208314820432531,-0.0011465379024616833,-0.0025721308094245493,0.0,0.0005039989164392168,0.0027485883239299715,-0.0002675088521099002,0.00014215144033654484,0.0002986380645087751,0.0003645281785878354,-0.0015803674318250567,-0.0006961552374594001,0.0013457420991017331,0.0002713052606135334,-0.0020821476815500502,-0.017059824666997337,-0.0033244999850403165,0.002486027362950533,0.000643034815469935,-0.001255897865515651,0.0005039989164392168,-0.0027485883239299715,-0.0004324710359585432,0.0,-0.0012823621147767333,0.0006550221496014519,-0.0001978633225379833,-0.0005190402261560665,0.0028963849674925506,0.002277510491187102,-0.0011228057979437535,9.806320279804997e-05,0.003195126033248383,0.02648302611875891,0.003995502492522451,-0.0010982242092765335,-0.0012450115945721,0.0001694108770719501,-0.0002675088521099002,-0.00014215144033654484,-0.0012823621147767333,-0.0006550221496014519,-0.0004267467249730502,0.0,0.000421882102254074,-0.0003939710387103967,-0.0029107440390412995,0.0011339242170910922,-3.0771316167603526e-05,9.189609181610005e-05,-0.0010587459859660439,0.022682568197302952,0.005065687959475066,-0.001170796082189565,0.0011163148671483269,-0.0007964890683907832,0.0002986380645087751,-0.0003645281785878354,-0.0001978633225379833,0.0005190402261560665,0.000421882102254074,0.0003939710387103967,0.0002767778710065996,0.0,-0.0031549029679391965,2.283348957158616e-05,0.0009376461842154336,-0.0009723025214943663,-0.012819987465683646,-0.07115200875903499,-0.015222750294394996,0.004375468347964856,-0.0015363159419306666,-0.0006961618655577834,-0.0015803674318250567,0.0006961552374594001,0.0028963849674925506,-0.002277510491187102,-0.0029107440390412995,-0.0011339242170910922,-0.0031549029679391965,-2.283348957158616e-05,0.0048267528959995,0.0,0.9998158031215
0.012000000000000007,0.0016379884470042161,0.0,0.0022510675624243326,0.0010230006958270334,-1.0643438929173233e-05,-0.0011084450530144498,0.00047895998259703514,0.0009508765731872172,-0.0006993577396590169,0.0001366777520448499,-0.00079398294675595,0.0011342609874104331,0.0008966031187347163,-0.0007156527520586503,9.083578987568312e-05,8.90904384214832e-05,-0.001360033459976616,-5.733651608039991e-05,0.0022510675624243326,-0.0010230006958270334,0.9466070800040165,0.0,-0.01984272839294573,-0.21145181173991673,0.010083596226924221,0.01092473126233421,-0.0005288940982258494,-0.01142543160874135,-0.002025483283018334,0.018150693489832174,0.0036490679239967825,-0.028608154400278838,-0.0008099876736113002,-0.024276532697869172,-0.015389320098622932,0.07675812673332,-1.0643438929173233e-05,0.0011084450530144498,-0.01984272839294573,0.21145181173991673,0.047795723360801665,0.0,-0.002362399248859034,0.0023355365997061845,0.0032577273784387835,0.0015368403185572331,-0.0037989442976033004,-0.0026283598801562845,0.004922069559757551,0.0013269674711637676,0.0058515771317388,0.0012546213504958101,-0.017750081757381662,-0.00553764789660985,0.00047895998259703514,-0.0009508765731872172,0.010083596226924221,-0.01092473126233421,-0.002362399248859034,-0.0023355365997061845,0.0008007504654936831,0.0,0.0017704192449097163,0.0011283856459991662,0.0005594594015257665,0.0013388940480666635,-0.001299273195897683,-0.0003075209614092832,0.0011348012157254585,0.0008013702202702479,-0.0014861748291242283,0.0007399121610805668,-0.0006993577396590169,-0.0001366777520448499,-0.0005288940982258494,0.01142543160874135,0.0032577273784387835,-0.0015368403185572331,0.0017704192449097163,-0.0011283856459991662,-0.0024909753329881656,0.0,0.00045412269078622987,0.0028128021542511827,-0.00021699295656200015,0.00019378003446262156,0.00045805034712669983,0.00043879305021551684,-0.0017407196527782951,-0.00087840468142695,-0.00079398294675595,-0.0011342609874104331,-0.002025483283018334,-0.018150693489832174,-0.0037989442976033004,0.0026283598801562845,0.0005594594015257665,-0.0013388940480666635,0.00045412269078622987,-0.0028128021542511827,-0.00048565148200401724,0.0,-0.0014845625956709846,0.0006492943593575434,-0.0003087691876897499,-0.0005128330749480319,0.003119231381024883,0.0023079413397432006,0.0008966031187347163,0.0007156527520586503,0.0036490679239967825,0.028608154400278838,0.004922069559757551,-0.0013269674711637676,-0.001299273195897683,0.0003075209614092832,-0.00021699295656200015,-0.00019378003446262156,-0.0014845625956709846,-0.0006492943593575434,-0.0002657294066015998,0.0,0.00043908251477111667,-0.0003760157910583251,-0.0032124883552232717,0.0010348906124970998,9.083578987568312e-05,-8.90904384214832e-05,-0.0008099876736113002,0.024276532697869172,0.0058515771317388,-0.0012546213504958101,0.0011348012157254585,-0.0008013702202702479,0.00045805034712669983,-0.00043879305021551684,-0.0003087691876897499,0.0005128330749480319,0.00043908251477111667,0.0003760157910583251,0.00035823105818218355,0.0,-0.0034459418599450667,-0.0001302791023939504,-0.001360033459976616,5.733651608039991e-05,-0.015389320098622932,-0.07675812673332,-0.017750081757381662,0.00553764789660985,-0.0014861748291242283,-0.0007399121610805668,-0.0017407196527782951,0.00087840468142695,0.003119231381024883,-0.0023079413397432006,-0.0032124883552232717,-0.0010348906124970998,-0.0034459418599450667,0.0001302791023939504,0.005858202087106867,0.0,0.9998156192002999
0.01300000000000001,0.0016378045324788335,0.0,-0.0022568777078035,0.0008327502511631333,0.0007967051846186498,0.0007593817053738169,-0.0010240641570718836,-0.0002576863909935167,0.0003725874108678832,-0.0005733086442356582,-0.0002267765352885167,-0.0013768408270383836,-0.0001439438087862333,0.0011497587891579851,-0.0001643586124917151,-3.796588457770468e-05,0.0010169069898383319,-0.0009000444578395332,-0.0022568777078035,-0.0008327502511631333,0.9370756889725832,0.0,-0.02254669543569033,-0.2266516919801166,0.01173249794045553,0.011101412714586667,-0.0006307049802367644,-0.012454057415587826,-0.0019176579364547663,0.019209933718525623,0.00414600873183341,-0.030677500677586008,-0.0005858909672792831,-0.025815060593945664,-0.01813401448019747,0.08208070761999164,0.0007967051846186498,-0.0007593817053738169,-0.02254669543569033,0.2266516919801166,0.055854487306273334,0.0,-0.0026524861006989174,0.0028687896553959164,0.0037398337803081685,0.0015163097185076672,-0.004344073674880951,-0.0027710009435840334,0.005904976121794035,0.0016053464555500668,0.006714560219571378,0.0013554650455973067,-0.02039945064666883,-0.006891611458247483,-0.0010240641570718836,0.0002576863909935167,0.01173249794045553,-0.011101412714586667,-0.0026524861006989174,-0.0028687896553959164,0.0008754573858530801,0.0,0.0018246770608891338,0.0011154670380620335,0.0004507274086629835,0.0014160258328445331,-0.0013537636660070338,-0.0004223357313882166,0.0011174704150920627,0.00080314388582435,-0.0014184333736422005,0.0008020676763683501,0.0003725874108678832,0.0005733086442356582,-0.0006307049802367644,0.012454057415587826,0.0037398337803081685,-0.0015163097185076672,0.0018246770608891338,-0.0011154670380620335,-0.002403437406267666,0.0,0.0004101575239848751,0.002890135901057416,-0.00016110364975391648,0.0002435876819960163,0.0006304626695953001,0.0005119278100238663,-0.0019013622616480552,-0.0010823653112465347,-0.0002267765352885167,0.0013768408270383836,-0.0019176579364547663,-0.019209933718525623,-0.004344073674880951,0.0027710009435840334,0.0004507274086629835,-0.0014160258328445331,0.0004101575239848751,-0.002890135901057416,-0.0005378357113331098,0.0,-0.0017162884416061163,0.0006441942654315535,-0.0004215600088388502,-0.00048886986302505,0.003340141743194834,0.002353595752885283,-0.0001439438087862333,-0.0011497587891579851,0.00414600873183341,0.030677500677586008,0.005904976121794035,-0.0016053464555500668,-0.0013537636660070338,0.0004223357313882166,-0.00016110364975391648,-0.0002435876819960163,-0.0017162884416061163,-0.0006441942654315535,-9.465111262791649e-05,0.0,0.0004656358469182084,-0.00037267117789164996,-0.003526618600527749,0.000924288419855727,-0.0001643586124917151,3.796588457770468e-05,-0.0005858909672792831,0.025815060593945664,0.006714560219571378,-0.0013554650455973067,0.0011174704150920627,-0.00080314388582435,0.0006304626695953001,-0.0005119278100238663,-0.0004215600088388502,0.00048886986302505,0.0004656358469182084,0.00037267117789164996,0.0004434967503239384,0.0,-0.003750626498410199,-0.00029119391558522664,0.0010169069898383319,0.0009000444578395332,-0.01813401448019747,-0.08208070761999164,-0.02039945064666883,0.006891611458247483,-0.0014184333736422005,-0.0008020676763683501,-0.0019013622616480552,0.0010823653112465347,0.003340141743194834,-0.002353595752885283,-0.003526618600527749,-0.000924288419855727,-0.003750626498410199,0.00029119391558522664,0.006964424559830483,0.0,0.9998154352771331
0.01400000000000001,0.0016376206291611004,0.0,0.0009709956566211334,-0.0021264013309148662,-0.0010987597921296342,4.0689656119350185e-05,0.0008695731756512505,-0.0005773339700523518,0.00015651064675751652,0.0006331421266169581,0.0011431052645355833,0.0008191875015309354,-0.0007018464233106485,-0.0009203575691471336,0.00019610534605318342,-8.998100959601665e-05,-9.429761550359005e-05,0.001330952190778306,0.0009709956566211334,0.0021264013309148662,0.9268993125269999,0.0,-0.025406560710556324,-0.24137587060200005,0.013409031789095234,0.011101577091855832,-0.0006619558455277167,-0.013477427297146748,-0.0018877333364382663,0.020212167838111077,0.0046923831658077,-0.032667785494843,-0.00033185651243598373,-0.027329734467618664,-0.020999811518967883,0.08712301209873335,-0.0010987597921296342,-4.0689656119350185e-05,-0.025406560710556324,0.24137587060200005,0.06446128181014336,0.0,-0.0029447203814151343,0.0034983771372836168,0.004243964203449666,0.0015149857280308998,-0.004932120834228201,-0.00292807512623165,0.006949978710106251,0.0019142710899791467,0.007611304403426833,0.0014717328880901003,-0.023168242845206508,-0.008438694882919909,0.0008695731756512505,0.0005773339700523518,0.013409031789095234,-0.011101577091855832,-0.0029447203814151343,-0.0034983771372836168,0.0009563385961102162,0.0,0.001878030493239483,0.0011137310199564503,0.0003135727088586666,0.0014759037683282831,-0.0014035596114622929,-0.00053967972001155,0.0010800898228715814,0.0008122324255850172,-0.0013545071143621832,0.0008876467112869567,0.00015651064675751652,-0.0006331421266169581,-0.0006619558455277167,0.013477427297146748,0.004243964203449666,-0.0015149857280308998,0.001878030493239483,-0.0011137310199564503,-0.0023099749227681156,0.0,0.0003606937649212334,0.0029477872128668334,-0.00011725693328676677,0.00027438297844796327,0.0008141617396752505,0.000579238902035073,-0.0020620228326150005,-0.0012914514428893577,0.0011431052645355833,-0.0008191875015309354,-0.0018877333364382663,-0.020212167838111077,-0.004932120834228201,0.00292807512623165,0.0003135727088586666,-0.0014759037683282831,0.0003606937649212334,-0.0029477872128668334,-0.0005894261755063176,0.0,-0.001964413459939767,0.0006559244090679297,-0.0005449535376572833,-0.00048669971743726714,0.003553433598910221,0.002431639778913266,-0.0007018464233106485,0.0009203575691471336,0.0046923831658077,0.032667785494843,0.006949978710106251,-0.0019142710899791467,-0.0014035596114622929,0.00053967972001155,-0.00011725693328676677,-0.00027438297844796327,-0.001964413459939767,-0.0006559244090679297,8.670288950131662e-05,0.0,0.0005139450724537497,-0.0003709521453496531,-0.003882060977858833,0.0007804185622205909,0.00019610534605318342,8.998100959601665e-05,-0.00033185651243598373,0.027329734467618664,0.007611304403426833,-0.0014717328880901003,0.0010800898228715814,-0.0008122324255850172,0.0008141617396752505,-0.000579238902035073,-0.0005449535376572833,0.00048669971743726714,0.0005139450724537497,0.0003709521453496531,0.0005324801036369666,0.0,-0.0040926554870663835,-0.0004478374653009868,-9.429761550359005e-05,-0.001330952190778306,-0.020999811518967883,-0.08712301209873335,-0.023168242845206508,0.008438694882919909,-0.0013545071143621832,-0.0008876467112869567,-0.0020620228326150005,0.0012914514428893577,0.003553433598910221,-0.002431639778913266,-0.003882060977858833,-0.0007804185622205909,-0.0040926554870663835,0.0004478374653009868,0.008140915907072433,0.0,0.9998152513638002
0.015000000000000012,0.0016374367431727839,0.0,0.0008200952836738952,0.0021249282934858358,0.0007409960174952831,-0.000821298410993368,-0.00017328663967378042,0.0010422712354972781,-0.0005471163987670383,-0.0003051760422203334,-0.0014050366254576123,0.00022337893508516678,0.001135944485023447,0.00017400831842123327,-9.92353391239e-05,0.00023820197296387167,-0.0008403292064124102,-0.0010006403104390333,0.0008200952836738952,-0.0021249282934858358,0.9160996619305669,0.0,-0.02840574404497095,-0.25563571125316675,0.015102720449558805,0.010919936000297382,-0.0006480017173677171,-0.014478512113493498,-0.0019734868045902256,0.021171216534886447,0.005291733473048719,-0.034564197323473995,-1.0492357366316251e-05,-0.02882930087776766,-0.023990119750536328,0.09190968699494499,0.0007409960174952831,0.000821298410993368,-0.02840574404497095,0.25563571125316675,0.07359837077267833,0.0,-0.0032351137192325667,0.004226207684399642,0.004776706611638626,0.0015180261886279496,-0.005530379478982542,-0.003102196750975268,0.008052644900487618,0.002252449442245083,0.008528866822961499,0.0016172532317218662,-0.026044799989755,-0.01016993820291706,-0.00017328663967378042,-0.0010422712354972781,0.015102720449558805,-0.010919936000297382,-0.0032351137192325667,-0.004226207684399642,0.00104431586008225,0.0,0.0019440643574265997,0.0011227775892969749,0.0001675541870597404,0.0015174037770746337,-0.0014217499806923632,-0.0006745042897949835,0.0010560801145664664,0.000829435170357967,-0.0013290343940251146,0.0010281360157291,-0.0005471163987670383,0.0003051760422203334,-0.0006480017173677171,0.014478512113493498,0.004776706611638626,-0.0015180261886279496,0.0019440643574265997,-0.0011227775892969749,-0.0022116177929018327,0.0,0.0003167760084343833,0.002981284544058484,-6.620508566603657e-05,0.00027793064352544985,0.001013884554040933,0.0006570962564162579,-0.00221450430588383,-0.0014935258631976994,-0.0014050366254576123,-0.00022337893508516678,-0.0019734868045902256,-0.021171216534886447,-0.005530379478982542,0.003102196750975268,0.0001675541870597404,-0.0015174037770746337,0.0003167760084343833,-0.002981284544058484,-0.0006406493861538067,0.0,-0.0022407244748704116,0.0006838124683210366,-0.0006918693643611166,-0.0005070437544545832,0.0037746457991598378,0.0025235324193929,0.001135944485023447,-0.00017400831842123327,0.005291733473048719,0.034564197323473995,0.008052644900487618,-0.002252449442245083,-0.0014217499806923632,0.0006745042897949835,-6.620508566603657e-05,-0.00027793064352544985,-0.0022407244748704116,-0.0006838124683210366,0.00027872473366081656,0.0,0.0005597671120704664,-0.0003609277846339301,-0.004275563507624149,0.0006185965860973537,-9.92353391239e-05,-0.00023820197296387167,-1.0492357366316251e-05,0.02882930087776766,0.008528866822961499,-0.0016172532317218662,0.0010560801145664664,-0.000829435170357967,0.001013884554040933,-0.0006570962564162579,-0.0006918693643611166,0.0005070437544545832,0.0005597671120704664,0.0003609277846339301,0.0006252905069103833,0.0,-0.004451350312124176,-0.0006073343201012317,-0.0008403292064124102,0.0010006403104390333,-0.023990119750536328,-0.09190968699494499,-0.026044799989755,0.01016993820291706,-0.0013290343940251146,-0.0010281360157291,-0.00221450430588383,0.0014935258631976994,0.0037746457991598378,-0.0025235324193929,-0.004275563507624149,-0.0006185965860973537,-0.004451350312124176,0.0006073343201012317,0.0093835341010835,0.0,0.9998150674693671
0.01600000000000001,0.0016372528655336333,0.0,-0.0020370992709712503,-0.0008667675322765329,7.747638292924836e-05,0.0010997460309502337,-0.0006808600037657602,-0.0008618580909671667,0.0005753351358916303,-0.0001763092551911332,0.0008727137515455667,-0.0011501237558503334,-0.000941096387203783,0.0006567426073833332,-0.00011154342770294997,-0.00026951066107306666,0.0012848135139098833,0.00015620885693213348,-0.0020370992709712503,0.0008667675322765329,0.9046996227887999,0.0,-0.031530653696735314,-0.2693699742103334,0.01681876374946655,0.010628306739194167,-0.0006930399971287828,-0.01543166993252493,-0.002067887097637217,0.022117084853898062,0.005936758783517089,-0.036368258074425,0.00036113331147335056,-0.030267090644455385,-0.027117370665868,0.0964333992806567,7.747638292924836e-05,-0.0010997460309502337,-0.031530653696735314,0.2693699742103334,0.083246938868055,0.0,-0.003496022896186647,0.005017776429931183,0.005341442470934466,0.0014988158262488336,-0.00613975120096945,-0.0032863305733387984,0.0092003493956536,0.0026487945992170587,0.009494761826556798,0.0018040399470015248,-0.028998512413019994,-0.012098474427828064,-0.0006808600037657602,0.0008618580909671667,0.01681876374946655,-0.010628306739194167,-0.003496022896186647,-0.005017776429931183,0.0011401215176695327,0.0,0.0020291367412211925,0.001138508542073608,3.131342483391559e-05,0.0015461920911649838,-0.0014116849891027165,-0.0008095518876795502,0.001034336098034467,0.0008372957876597006,-0.0013501475227386665,0.001238037177007427,0.0005753351358916303,0.0001763092551911332,-0.0006930399971287828,0.01543166993252493,0.005341442470934466,-0.0014988158262488336,0.0020291367412211925,-0.001138508542073608,-0.002108568808524266,0.0,0.0002855621268221501,0.0030242181692178836,1.2266772668411904e-05,0.00027809192842759344,0.0012306190343162997,0.0007554715937990505,-0.0023547778992639,-0.0016966641497416178,0.0008727137515455667,0.0011501237558503334,-0.002067887097637217,-0.022117084853898062,-0.00613975120096945,0.0032863305733387984,3.131342483391559e-05,-0.0015461920911649838,0.0002855621268221501,-0.0030242181692178836,-0.0006916413311205331,0.0,-0.0025551016127316633,0.0007113921499088417,-0.0008546219642967466,-0.0005068437289088833,0.004018936382071,0.002607553283836188,-0.000941096387203783,-0.0006567426073833332,0.005936758783517089,0.036368258074425,0.0092003493956536,-0.0026487945992170587,-0.0014116849891027165,0.0008095518876795502,1.2266772668411904e-05,-0.00027809192842759344,-0.0025551016127316633,-0.0007113921499088417,0.00048156063239828355,0.0,0.0005893352036640665,-0.0003577825619056049,-0.004675240253121468,0.00047227371506855336,-0.00011154342770294997,0.00026951066107306666,0.00036113331147335056,0.030267090644455385,0.009494761826556798,-0.0018040399470015248,0.001034336098034467,-0.0008372957876597006,0.0012306190343162997,-0.0007554715937990505,-0.0008546219642967466,0.0005068437289088833,0.0005893352036640665,0.0003577825619056049,0.0007214463167722687,0.0,-0.0047987264107156495,-0.0007724885329306003,0.0012848135139098833,-0.00015620885693213348,-0.027117370665868,-0.0964333992806567,-0.028998512413019994,0.012098474427828064,-0.0013501475227386665,-0.001238037177007427,-0.0023547778992639,0.0016966641497416178,0.004018936382071,-0.002607553283836188,-0.004675240253121468,-0.00047227371506855336,-0.0047987264107156495,0.0007724885329306003,0.010688150732567087,0.0,0.9998148835819166
0.01700000000000001,0.0016370689773130339,0.0,0.001959309101569883,-0.0008294401485828969,-0.0008275418378959162,-0.0006905594544020999,0.0011379655885549668,6.51693620132165e-05,-0.0002604515568175999,0.0005085750216555483,0.00016168754310276676,0.0014527502154664548,0.00022250462027424166,-0.0011380803645045583,0.0002944780167163168,0.00012165557097806642,-0.0010512058492417001,0.0007563106703153831,0.001959309101569883,0.0008294401485828969,0.8927246738739999,0.0,-0.03478529408170867,-0.28250863848848334,0.01856466899292083,0.010273000725639336,-0.0008154492091380132,-0.01635369643598379,-0.0020923031056228666,0.023049118956268697,0.006610227878198501,-0.038097555811834986,0.0007428991596014998,-0.03159265857556284,-0.030348574632719505,0.100660950373875,-0.0008275418378959162,0.0006905594544020999,-0.03478529408170867,0.28250863848848334,0.09338620979500328,0.0,-0.0037233996289369174,0.005848835635359617,0.005938357640337166,0.0014615689574195346,-0.0067820698531579505,-0.003480318632437678,0.010391837825194617,0.0031239256262285665,0.010520436140892007,0.002033543081766555,-0.032001972138576654,-0.01426184331424452,0.0011379655885549668,-6.51693620132165e-05,0.01856466899292083,-0.010273000725639336,-0.0037233996289369174,-0.005848835635359617,0.0012442988873862997,0.0,0.002115585949313692,0.0011621478183394833,-9.542256772597488e-05,0.0015634820191921335,-0.0014041493066265754,-0.0009438445143575808,0.0009774196974156584,0.0008150747210015497,-0.001394822716278607,0.001492026718106333,-0.0002604515568175999,-0.0005085750216555483,-0.0008154492091380132,0.01635369643598379,0.005938357640337166,-0.0014615689574195346,0.002115585949313692,-0.0011621478183394833,-0.0020001043498056328,0.0,0.00025707986163972843,0.0030952863334921836,0.0001054962915158632,0.00030385389042071636,0.0014554948213727338,0.0008629249100533265,-0.002492550485093602,-0.0019157529078878003,0.00016168754310276676,-0.0014527502154664548,-0.0020923031056228666,-0.023049118956268697,-0.0067820698531579505,0.003480318632437678,-9.542256772597488e-05,-0.0015634820191921335,0.00025707986163972843,-0.0030952863334921836,-0.0007426988140500836,0.0,-0.002894717998193258,0.0007310589926816283,-0.0010130096732139152,-0.00047209396669854975,0.004280763040510952,0.0026960197029712,0.00022250462027424166,0.0011380803645045583,0.006610227878198501,0.038097555811834986,0.010391837825194617,-0.0031239256262285665,-0.0014041493066265754,0.0009438445143575808,0.0001054962915158632,-0.00030385389042071636,-0.002894717998193258,-0.0007310589926816283,0.0006950969391550132,0.0,0.0006252013635674505,-0.00037311598302866653,-0.005073080183668501,0.00033949915029128305,0.0002944780167163168,-0.00012165557097806642,0.0007428991596014998,0.03159265857556284,0.010520436140892007,-0.002033543081766555,0.0009774196974156584,-0.0008150747210015497,0.0014554948213727338,-0.0008629249100533265,-0.0010130096732139152,0.00047209396669854975,0.0006252013635674505,0.00037311598302866653,0.0008199699507058701,0.0,-0.005151685121700683,-0.0009342041423939499,-0.0010512058492417001,-0.0007563106703153831,-0.030348574632719505,-0.100660950373875,-0.032001972138576654,0.01426184331424452,-0.001394822716278607,-0.001492026718106333,-0.002492550485093602,0.0019157529078878003,0.004280763040510952,-0.0026960197029712,-0.005073080183668501,-0.00033949915029128305,-0.005151685121700683,0.0009342041423939499,0.012050184424955587,0.0,0.9998146996845498
0.01800000000000001,0.0016368850826449502,0.0,-0.000719315083357434,0.0018941132007980592,0.001041502041860667,-0.00010927630124880015,-0.0008265825266662498,0.0008153969955470669,-0.00017453862695279983,-0.0005132118299389042,-0.0011330747703516984,-0.0009367990695892714,0.0006506698793529499,0.000983765747232016,-0.0003156191920378416,0.00012852566340772344,0.0002509887755256501,-0.001268898153531917,-0.000719315083357434,-0.0018941132007980592,0.8802035457508329,0.0,-0.03815414207105916,-0.2950049824816834,0.02032079028602081,0.009813884246443671,-0.00093001775048715,-0.017286313545537002,-0.002109883504789,0.023935357703873218,0.007299977395484049,-0.039764126881959995,0.00112400105219815,-0.03280652744072968,-0.03362981725996143,0.10456046541127835,0.001041502041860667,0.00010927630124880015,-0.03815414207105916,0.2950049824816834,0.10399275944165834,0.0,-0.003937396827483873,0.006746344390936318,0.006574194314019061,0.0014444394904843008,-0.007455543130449286,-0.0036940015416719167,0.011635575299017249,0.0036657177094329835,0.011567330383964286,0.0023060813293012674,-0.03503932292243333,-0.01668375557134563,-0.0008265825266662498,-0.0008153969955470669,0.02032079028602081,-0.009813884246443671,-0.003937396827483873,-0.006746344390936318,0.0013574122729370665,0.0,0.002190054446418417,0.0011945287894190582,-0.0002177985781416167,0.001573161132198855,-0.0014023590184278996,-0.001111030053549725,0.0008877170641420668,0.0007589730804374464,-0.0014537573784146004,0.00175787884923274,-0.00017453862695279983,0.0005132118299389042,-0.00093001775048715,0.017286313545537002,0.006574194314019061,-0.0014444394904843008,0.002190054446418417,-0.0011945287894190582,-0.0018858279442597837,0.0,0.00022261778801667165,0.0031693732752897347,0.0001864628123495168,0.00034723383490715346,0.0016819874495804664,0.0009626615981903494,-0.002638103508204792,-0.0021464742416071676,-0.0011330747703516984,0.0009367990695892714,-0.002109883504789,-0.023935357703873218,-0.007455543130449286,0.0036940015416719167,-0.0002177985781416167,-0.001573161132198855,0.00022261778801667165,-0.0031693732752897347,-0.0007941702221551434,0.0,-0.0032417243756401666,0.0007492534681703999,-0.001164852835066,-0.0004437584239792333,0.004544877219188815,0.0028142965392098833,0.0006506698793529499,-0.000983765747232016,0.007299977395484049,0.039764126881959995,0.011635575299017249,-0.0036657177094329835,-0.0014023590184278996,0.001111030053549725,0.0001864628123495168,-0.00034723383490715346,-0.0032417243756401666,-0.0007492534681703999,0.0009191645654936,0.0,0.0006897949894156167,-0.00038592603589616655,-0.0054937678709351435,0.00018348237777814978,-0.0003156191920378416,-0.00012852566340772344,0.00112400105219815,0.03280652744072968,0.011567330383964286,-0.0023060813293012674,0.0008877170641420668,-0.0007589730804374464,0.0016819874495804664,-0.0009626615981903494,-0.001164852835066,0.0004437584239792333,0.0006897949894156167,0.00038592603589616655,0.0009202753102186665,0.0,-0.005545637671083121,-0.0010945138629397666,0.0002509887755256501,0.001268898153531917,-0.03362981725996143,-0.10456046541127835,-0.03503932292243333,0.01668375557134563,-0.0014537573784146004,-0.00175787884923274,-0.002638103508204792,0.0021464742416071676,0.004544877219188815,-0.0028142965392098833,-0.0054937678709351435,-0.00018348237777814978,-0.005545637671083121,0.0010945138629397666,0.013464471523295853,0.0,0.9998145157808336
0.019,0.0016367011974890826,0.0,-0.0008384598723095737,-0.0017459298327208673,-0.0006384929985901014,0.0008098829178040002,-3.679994030168331e-05,-0.0011759778563173496,0.0004701408499577334,0.00022887599138406647,0.0014661494813592573,-0.00012525527955301505,-0.0011750492624402003,-0.0002484456002233001,0.00013944552560818345,-0.0003327365585668334,0.0006802246939715001,0.0010894813444736336,-0.0008384598723095737,0.0017459298327208673,0.8671645324402664,0.0,-0.04157959699302898,-0.30691009162923333,0.02206284797494008,0.009199585384306668,-0.0009885781703120157,-0.018240973453883504,-0.002198070445492967,0.02476935001685611,0.008006451654574484,-0.04138027987347001,0.001515961720313222,-0.033941133785754994,-0.03696534261514518,0.10814649444474499,-0.0006384929985901014,-0.0008098829178040002,-0.04157959699302898,0.30691009162923333,0.11504317170625165,0.0,-0.004140555716641518,0.007752478528413035,0.0072541290411981835,0.0014681775121147935,-0.008142979774533616,-0.0039295718997733155,0.012938976994479967,0.004256547837899361,0.012600587585758933,0.002627967376170633,-0.03810376922275333,-0.019358670590981165,-3.679994030168331e-05,0.0011759778563173496,0.02206284797494008,-0.009199585384306668,-0.004140555716641518,-0.007752478528413035,0.0014802447708555674,0.0,0.0022699955330707498,0.0012305548006494166,-0.0003295666254250067,0.0015846489007108658,-0.0013667380537869984,-0.0013262268729793325,0.0008153847306805516,0.0006827422997336786,-0.001557921484224902,0.0020251426709938947,0.0004701408499577334,-0.00022887599138406647,-0.0009885781703120157,0.018240973453883504,0.0072541290411981835,-0.0014681775121147935,0.0022699955330707498,-0.0012305548006494166,-0.0017662684450854666,0.0,0.00019164908813582154,0.003220339276610067,0.0002586128025985666,0.00038163769891270163,0.0019173689257253334,0.0010572576066704667,-0.0027893376938086,-0.0023720028423222,0.0014661494813592573,0.00012525527955301505,-0.002198070445492967,-0.02476935001685611,-0.008142979774533616,0.0039295718997733155,-0.0003295666254250067,-0.0015846489007108658,0.00019164908813582154,-0.003220339276610067,-0.0008460336029123162,0.0,-0.003609929612505282,0.0007682596211341999,-0.0013267109319528997,-0.00045310039053062803,0.004809407215452965,0.0029570009017324166,-0.0011750492624402003,0.0002484456002233001,0.008006451654574484,0.04138027987347001,0.012938976994479967,-0.004256547837899361,-0.0013667380537869984,0.0013262268729793325,0.0002586128025985666,-0.00038163769891270163,-0.003609929612505282,-0.0007682596211341999,0.0011535981866895404,0.0,0.0007668523448935333,-0.00037053042114374996,-0.005952663862660001,-6.984624594783516e-06,0.00013944552560818345,0.0003327365585668334,0.001515961720313222,0.033941133785754994,0.012600587585758933,-0.002627967376170633,0.0008153847306805516,-0.0006827422997336786,0.0019173689257253334,-0.0010572576066704667,-0.0013267109319528997,0.00045310039053062803,0.0007668523448935333,0.00037053042114374996,0.0010224815699165517,0.0,-0.005970402428922345,-0.0012731558280315665,0.0006802246939715001,-0.0010894813444736336,-0.03696534261514518,-0.10814649444474499,-0.03810376922275333,0.019358670590981165,-0.001557921484224902,-0.0020251426709938947,-0.0027893376938086,0.0023720028423222,0.004809407215452965,-0.0029570009017324166,-0.005952663862660001,6.984624594783516e-06,-0.005970402428922345,0.0012731558280315665,0.014925904062763534,0.0,0.9998143318864332
0.02000000000000001,0.0016365173251714831,0.0,0.0017794457523040493,0.0005821834575804331,-0.00014726891787680517,-0.001016464002522783,0.000916240665258867,0.0007852452000520482,-0.00048616724240523344,0.00015667173249111655,-0.0009625609750162499,0.0011138664537537078,0.0010303862783116661,-0.000662490744633853,0.00014875307500024986,0.00035095599501460003,-0.0012306382349974827,-0.00034223950997288325,0.0017794457523040493,-0.0005821834575804331,0.85363500634535,0.0,-0.04498446529439835,-0.31819781366736666,0.023783017961747668,0.008439128534015915,-0.0010490881630290502,-0.0191832997059443,-0.002307613250145548,0.025574974821668692,0.00873481367954417,-0.04294312001013999,0.0019045499234727167,-0.0350001964556026,-0.04039419592414748,0.11141342320372166,-0.00014726891787680517,0.001016464002522783,-0.04498446529439835,0.31819781366736666,0.12651451823324666,0.0,-0.004304881729673384,0.00886116020982216,0.007971184671456482,0.0015108638088540001,-0.008847255144615136,-0.004171032945257018,0.014289904400554665,0.004903152789012568,0.013637439713107335,0.002999229582724551,-0.04116090048601666,-0.022263517089703998,0.000916240665258867,-0.0007852452000520482,0.023783017961747668,-0.008439128534015915,-0.004304881729673384,-0.00886116020982216,0.0016135858689223506,0.0,0.0023823758507645334,0.0012590473055973316,-0.00042674709145420006,0.0016040687314258582,-0.0012774524801293164,-0.0015524532173749105,0.0007885063924234333,0.0005983120232506898,-0.0017306889050614335,0.002296508552798141,-0.00048616724240523344,-0.00015667173249111655,-0.0010490881630290502,0.0191832997059443,0.007971184671456482,-0.0015108638088540001,0.0023823758507645334,-0.0012590473055973316,-0.001641723796536248,0.0,0.00017640647555923833,0.003264769230633866,0.0003508098433644441,0.00040839861952182016,0.0021687763630674492,0.0011641908928443749,-0.0029395214325529614,-0.0025891131705650656,-0.0009625609750162499,-0.0011138664537537078,-0.002307613250145548,-0.025574974821668692,-0.008847255144615136,0.004171032945257018,-0.00042674709145420006,-0.0016040687314258582,0.00017640647555923833,-0.003264769230633866,-0.0008979252463621577,0.0,-0.0040289206851529405,0.0007787185792697165,-0.0014999145192338586,-0.0004715893179746168,0.0050847046083603974,0.0030974473853853167,0.0010303862783116661,0.000662490744633853,0.00873481367954417,0.04294312001013999,0.014289904400554665,-0.004903152789012568,-0.0012774524801293164,0.0015524532173749105,0.0003508098433644441,-0.00040839861952182016,-0.0040289206851529405,-0.0007787185792697165,0.0013980497023279128,0.0,0.0008229355681449468,-0.00033194945472633303,-0.0064260245628288,-0.00019864848082027005,0.00014875307500024986,-0.00035095599501460003,0.0019045499234727167,0.0350001964556026,0.013637439713107335,-0.002999229582724551,0.0007885063924234333,-0.0005983120232506898,0.0021687763630674492,-0.0011641908928443749,-0.0014999145192338586,0.0004715893179746168,0.0008229355681449468,0.00033194945472633303,0.0011265801693816,0.0,-0.006369614217500394,-0.0014844524117666668,-0.0012306382349974827,0.00034223950997288325,-0.04039419592414748,-0.11141342320372166,-0.04116090048601666,0.022263517089703998,-0.0017306889050614335,-0.002296508552798141,-0.0029395214325529614,0.0025891131705650656,0.0050847046083603974,-0.0030974473853853167,-0.0064260245628288,0.00019864848082027005,-0.006369614217500394,0.0014844524117666668,0.016429539403242786,0.0,0.9998141480046667
0.020999999999999987,0.0016363334541968995,0.0,-0.0016108233091304519,0.0008454090062666164,0.00084427711288492,0.000571302671464917,-0.0012309349123755496,0.00017008559557443338,0.0002415244424516634,-0.00043229961920228344,-8.50703941816168e-05,-0.0014717793085512775,-0.0002559960923173069,0.00122764625256825,-0.0003763466982292834,-0.00015316077295723484,0.0011418137295559731,-0.0005698173750422335,-0.0016108233091304519,-0.0008454090062666164,0.8396439077708333,0.0,-0.048346148770508336,-0.3288387981589167,0.025481888918724837,0.007580330369442758,-0.00117162026182335,-0.020096734352248912,-0.0023363621728312006,0.026365982075419365,0.009489028596234834,-0.044454420899513326,0.002253796638228717,-0.035971992521946175,-0.043910961582268336,0.11433847935245003,0.00084427711288492,-0.000571302671464917,-0.048346148770508336,0.3288387981589167,0.13838269291321667,0.0,-0.004409412510447652,0.010045768004120156,0.008715776085717618,0.0015461854527446498,-0.009597166562467663,-0.004407240665686045,0.015673497646318285,0.005626902181939407,0.014719702095128729,0.0034092907025119164,-0.04416503447358167,-0.025383361052273665,-0.0012309349123755496,-0.00017008559557443338,0.025481888918724837,-0.007580330369442758,-0.004409412510447652,-0.010045768004120156,0.001758002700009699,0.0,0.0025268459924059497,0.0012761666251739667,-0.0005252289433958185,0.0016207647899509014,-0.0011662411191389502,-0.001755119241237467,0.0007783389697166333,0.0004985738624567499,-0.0019421245790887662,0.0025721454729001197,0.0002415244424516634,0.00043229961920228344,-0.00117162026182335,0.020096734352248912,0.008715776085717618,-0.0015461854527446498,0.0025268459924059497,-0.0012761666251739667,-0.001511335230116532,0.0,0.00017481008517044986,0.0033329201669145664,0.00046828859679868363,0.0004548320098208833,0.002432341844428517,0.0012843755543277028,-0.0030867495544649594,-0.0028169113752329594,-8.50703941816168e-05,0.0014717793085512775,-0.0023363621728312006,-0.026365982075419365,-0.009597166562467663,0.004407240665686045,-0.0005252289433958185,-0.0016207647899509014,0.00017481008517044986,-0.0033329201669145664,-0.0009496899520054001,0.0,-0.004501565295741033,0.0007755439655078052,-0.001661337678036283,-0.0004582578234050832,0.005370232980546484,0.003234009379589949,-0.0002559960923173069,-0.00122764625256825,0.009489028596234834,0.044454420899513326,0.015673497646318285,-0.005626902181939407,-0.0011662411191389502,0.001755119241237467,0.00046828859679868363,-0.0004548320098208833,-0.004501565295741033,-0.0007755439655078052,0.0016520044708261594,0.0,0.0008573346644537732,-0.00029523608023879986,-0.006887765599618073,-0.00036766231667314993,-0.0003763466982292834,0.00015316077295723484,0.002253796638228717,0.035971992521946175,0.014719702095128729,-0.0034092907025119164,0.0007783389697166333,-0.0004985738624567499,0.002432341844428517,-0.0012843755543277028,-0.001661337678036283,0.0004582578234050832,0.0008573346644537732,0.00029523608023879986,0.0012318996695935673,0.0,-0.006717818411107015,-0.0017218612896403665,0.0011418137295559731,0.0005698173750422335,-0.043910961582268336,-0.11433847935245003,-0.04416503447358167,0.025383361052273665,-0.0019421245790887662,-0.0025721454729001197,-0.0030867495544649594,0.0028169113752329594,0.005370232980546484,-0.003234009379589949,-0.006887765599618073,0.00036766231667314993,-0.006717818411107015,0.0017218612896403665,0.017970148327940843,0.0,0.999813964124183
0.022000000000000013,0.0016361495766950003,0.0,0.0005040817584533674,-0.001693275855010456,-0.0009796856999814282,0.0002487129085670831,0.0007042094923257583,-0.0010485903417554751,0.00011437988500189994,0.0004615094175169498,0.001095914810104417,0.0009860279106460174,-0.0007282059309651666,-0.0010536894002366667,0.00040818868786755006,-0.00015674210698647236,-0.0004485948387503668,0.0011859357428669472,0.0005040817584533674,0.001693275855010456,0.825221927448167,0.0,-0.05168455607903833,-0.33878845151539994,0.027132102132781385,0.006616788541215085,-0.0013212463346987332,-0.020997671926024395,-0.002297468538568684,0.027106085878840995,0.010267237497901803,-0.04590735146024001,0.0025624644083651503,-0.0368720486905325,-0.04744811929536667,0.1168764669286617,-0.0009796856999814282,-0.0002487129085670831,-0.05168455607903833,0.33878845151539994,0.15062241088490003,0.0,-0.004453399511639166,0.01131184647127778,0.009484356685159002,0.001591386035144421,-0.010403002814156839,-0.004648268433058752,0.01708750458396283,0.006430391189378968,0.01584126386687564,0.0038470174334861496,-0.04708161241207665,-0.028706932205313333,0.0007042094923257583,0.0010485903417554751,0.027132102132781385,-0.006616788541215085,-0.004453399511639166,-0.01131184647127778,0.0019140267903091934,0.0,0.0026838275774657013,0.0012849463664427166,-0.0006393750466732499,0.0016172409484097783,-0.0010635517356392236,-0.001948127010015066,0.0007513526918872995,0.00037473135867323337,-0.0021533766050375667,0.002844891746155583,0.00011437988500189994,-0.0004615094175169498,-0.0013212463346987332,0.020997671926024395,0.009484356685159002,-0.001591386035144421,0.0026838275774657013,-0.0012849463664427166,-0.0013741499653077657,0.0,0.0001814851782062384,0.0034107958274934556,0.0005862530681235332,0.0005214277660457449,0.002707915637263721,0.001398028302219877,-0.0032356700624918424,-0.0030717082598151948,0.001095914810104417,-0.0009860279106460174,-0.002297468538568684,-0.027106085878840995,-0.010403002814156839,0.004648268433058752,-0.0006393750466732499,-0.0016172409484097783,0.0001814851782062384,-0.0034107958274934556,-0.001001532657150133,0.0,-0.005005273874817363,0.0007682005832769517,-0.0018010142708724287,-0.0004280305729309001,0.005645792235741352,0.0033942226255266657,-0.0007282059309651666,0.0010536894002366667,0.010267237497901803,0.04590735146024001,0.01708750458396283,-0.006430391189378968,-0.0010635517356392236,0.001948127010015066,0.0005862530681235332,-0.0005214277660457449,-0.005005273874817363,-0.0007682005832769517,0.001915150384989665,0.0,0.0009002135194577174,-0.0002674934540211832,-0.007347021165496516,-0.0005383252425772163,0.00040818868786755006,0.00015674210698647236,0.0025624644083651503,0.0368720486905325,0.01584126386687564,-0.0038470174334861496,0.0007513526918872995,-0.00037473135867323337,0.002707915637263721,-0.001398028302219877,-0.0018010142708724287,0.0004280305729309001,0.0009002135194577174,0.0002674934540211832,0.0013377772608589335,0.0,-0.007046314863160682,-0.0019753477176499166,-0.0004485948387503668,-0.0011859357428669472,-0.04744811929536667,-0.1168764669286617,-0.04708161241207665,0.028706932205313333,-0.0021533766050375667,-0.002844891746155583,-0.0032356700624918424,0.0030717082598151948,0.005645792235741352,-0.0033942226255266657,-0.007347021165496516,0.0005383252425772163,-0.007046314863160682,0.0019753477176499166,0.019542020514377787,0.0,0.9998137802378504
0.022999999999999982,0.00163596570895615,0.0,0.0008511965597382495,0.0015025633094147334,0.00047564878413534694,-0.0008995262881136668,0.0002919284648422501,0.001240265332019475,-0.00038889953117921504,-0.00024768433025298335,-0.0014672308259279785,9.109309705738333e-05,0.0012756192382798,0.0001963604990131501,-0.00020912423064673336,0.00041938625511746676,-0.00048761802792345044,-0.0011446726942618399,0.0008511965597382495,-0.0015025633094147334,0.8104007570367837,0.0,-0.05501467103961167,-0.3480855319062834,0.028690656787999126,0.005503151230098218,-0.0014373811876543503,-0.021898655510066263,-0.002298575323631734,0.027759837424991,0.01106020508344342,-0.04728874598495167,0.002878359538904647,-0.037742551870314986,-0.05097067001974834,0.11903206674978169,0.00047564878413534694,0.0008995262881136668,-0.05501467103961167,0.3480855319062834,0.1632075295511167,0.0,-0.004435219600380885,0.012691214400977317,0.010276151960971683,0.0016755746512276666,-0.011234159570523304,-0.004907302946730748,0.018534509641961103,0.007290642780190723,0.016963584835239368,0.004312807174522334,-0.04990979133676333,-0.032215703800665005,0.0002919284648422501,-0.001240265332019475,0.028690656787999126,-0.005503151230098218,-0.004435219600380885,-0.012691214400977317,0.002082362515319368,0.0,0.0028541235867056824,0.0012891978077604,-0.0007584355340302666,0.001587432123813981,-0.0009510369220482253,-0.0021559643307057508,0.000718371311699,0.00024399420185888338,-0.00238307677030919,0.003101427151836562,-0.00038889953117921504,0.00024768433025298335,-0.0014373811876543503,0.021898655510066263,0.010276151960971683,-0.0016755746512276666,0.0028541235867056824,-0.0012891978077604,-0.0012305607129593345,0.0,0.00021040099870369336,0.0034589743074322165,0.00069842173442295,0.0005729990938528666,0.003014378499848179,0.0014962856366658565,-0.0033876172118508505,-0.003343174111753983,-0.0014672308259279785,-9.109309705738333e-05,-0.002298575323631734,-0.027759837424991,-0.011234159570523304,0.004907302946730748,-0.0007584355340302666,-0.001587432123813981,0.00021040099870369336,-0.0034589743074322165,-0.0010535219157941501,0.0,-0.005530443489018691,0.0007689455054206665,-0.0019417325792960136,-0.0004233481377196503,0.005899075578431218,0.0035947001236581165,0.0012756192382798,-0.0001963604990131501,0.01106020508344342,0.04728874598495167,0.018534509641961103,-0.007290642780190723,-0.0009510369220482253,0.0021559643307057508,0.00069842173442295,-0.0005729990938528666,-0.005530443489018691,-0.0007689455054206665,0.0021875395788090502,0.0,0.0009574684008724067,-0.00023602030486249826,-0.00782902332311315,-0.0007412391705987007,-0.00020912423064673336,-0.00041938625511746676,0.002878359538904647,0.037742551870314986,0.016963584835239368,-0.004312807174522334,0.000718371311699,-0.00024399420185888338,0.003014378499848179,-0.0014962856366658565,-0.0019417325792960136,0.0004233481377196503,0.0009574684008724067,0.00023602030486249826,0.0014442738225618997,0.0,-0.007384299436175467,-0.002245388164218132,-0.00048761802792345044,0.0011446726942618399,-0.05097067001974834,-0.11903206674978169,-0.04990979133676333,0.032215703800665005,-0.00238307677030919,-0.003101427151836562,-0.0033876172118508505,0.003343174111753983,0.005899075578431218,-0.0035947001236581165,-0.00782902332311315,0.0007412391705987007,-0.007384299436175467,0.002245388164218132,0.021139250776044102,0.0,0.9998135963609499
0.024000000000000014,0.0016357818594316504,0.0,-0.001657688531806233,-0.0004138045032035006,0.0003397681775107169,0.0009791432068718994,-0.0011297679797146836,-0.0006545941240428583,0.00044694354951438326,-8.78995333148332e-05,0.0009605463053921002,-0.0011100829614812168,-0.0010165186798774832,0.0007772878060072503,-0.00014285764236371978,-0.0004717499829325216,0.0011197549702562002,0.0004755337305250333,-0.001657688531806233,0.0004138045032035006,0.7952097036538001,0.0,-0.05832024474700166,-0.35675322286676664,0.030147903131235006,0.004238870749613879,-0.0015470110416033092,-0.02277533985389015,-0.0023737552337837332,0.028352638075607162,0.011862904141891116,-0.04857556378575167,0.003239978190641066,-0.03859369520495567,-0.05450829694858665,0.12083344281771168,0.0003397681775107169,-0.0009791432068718994,-0.05832024474700166,0.35675322286676664,0.17611374593231668,0.0,-0.0043425123209904415,0.014180343250096998,0.011085276301216333,0.0017745011872100996,-0.012059233655539547,-0.005177998056855717,0.019996493812309477,0.008198335163721334,0.01807489526551577,0.0048116314500831,-0.05265082821282167,-0.03589147860668835,-0.0011297679797146836,0.0006545941240428583,0.030147903131235006,-0.004238870749613879,-0.0043425123209904415,-0.014180343250096998,0.0022638790222045384,0.0,0.00306025112934295,0.0012893630755109,-0.0008618437185733501,0.00153886715812872,-0.0008025488162464403,-0.002361010012873033,0.0007071901101038334,0.00012940221251116685,-0.002679514671484534,0.0033321925204766356,0.00044694354951438326,8.78995333148332e-05,-0.0015470110416033092,0.02277533985389015,0.011085276301216333,-0.0017745011872100996,0.00306025112934295,-0.0012893630755109,-0.0010815839254547674,0.0,0.000275719756568985,0.0034788735107917673,0.0008276684295912567,0.0006000057769590668,0.0033646838252979006,0.0016006400315780745,-0.0035360868356642022,-0.003609121696815776,0.0009605463053921002,0.0011100829614812168,-0.0023737552337837332,-0.028352638075607162,-0.012059233655539547,0.005177998056855717,-0.0008618437185733501,-0.00153886715812872,0.000275719756568985,-0.0034788735107917673,-0.0011054711413863666,0.0,-0.006090164604422367,0.0007789646877858998,-0.002102532869173201,-0.0004390112092557416,0.006145970994024885,0.0038170961676549553,-0.0010165186798774832,-0.0007772878060072503,0.011862904141891116,0.04857556378575167,0.019996493812309477,-0.008198335163721334,-0.0008025488162464403,0.002361010012873033,0.0008276684295912567,-0.0006000057769590668,-0.006090164604422367,-0.0007789646877858998,0.0024693440262186996,0.0,0.0009976715846214,-0.00019782531733925006,-0.008329376675724502,-0.0009612405812945663,-0.00014285764236371978,0.0004717499829325216,0.003239978190641066,0.03859369520495567,0.01807489526551577,-0.0048116314500831,0.0007071901101038334,-0.00012940221251116685,0.0033646838252979006,-0.0016006400315780745,-0.002102532869173201,0.0004390112092557416,0.0009976715846214,0.00019782531733925006,0.0015516465452048232,0.0,-0.0077094452760947335,-0.0025227944360584767,0.0011197549702562002,-0.0004755337305250333,-0.05450829694858665,-0.12083344281771168,-0.05265082821282167,0.03589147860668835,-0.002679514671484534,-0.0033321925204766356,-0.0035360868356642022,0.003609121696815776,0.006145970994024885,-0.0038170961676549553,-0.008329376675724502,0.0009612405812945663,-0.0077094452760947335,0.0025227944360584767,0.022756366529964756,0.0,0.9998134125017499
0.024999999999999977,0.0016355980207864171,0.0,0.0014254452263095178,-0.0009102970733843,-0.0009508732352931919,-0.00042807998515680004,0.0013041185173853997,-0.00040668232457423344,-0.00026098537599151655,0.00036529942469447493,9.95605662930833e-05,0.0014698098239812301,0.00014586258181323338,-0.0012547266326156635,0.00044789687298742175,0.00024420781739542004,-0.0011263383911102871,0.00041381371322939527,0.0014254452263095178,0.0009102970733843,0.7796789885451499,0.0,-0.06159443251512333,-0.36474161423065005,0.03152999187770649,0.0028847443080825407,-0.0017264650859790506,-0.02360208136732417,-0.002440407869838966,0.028946925804878624,0.012670340415515848,-0.049751070569701676,0.003634226601045583,-0.039390755868942674,-0.05806476055162667,0.12228669850887669,-0.0009508732352931919,0.00042807998515680004,-0.06159443251512333,0.36474161423065005,0.18931604137995003,0.0,-0.004167956588480977,0.01573510325821619,0.011908201396694166,0.0018368137538108166,-0.012886005399037165,-0.005449581303759282,0.02144806919833001,0.00917830659325758,0.01919939863375655,0.0053410380798826484,-0.05527249182951167,-0.039731487245503336,0.0013041185173853997,0.00040668232457423344,0.03152999187770649,-0.0028847443080825407,-0.004167956588480977,-0.01573510325821619,0.0024592894504037997,0.0,0.003305413378176733,0.0012877394585693834,-0.0009438588634377497,0.0014776565395766838,-0.0006381690647220537,-0.0025384376589259665,0.0007124636130094502,1.8982553194103368e-05,-0.0030538614917585923,0.00354885556915614,-0.00026098537599151655,-0.00036529942469447493,-0.0017264650859790506,0.02360208136732417,0.011908201396694166,-0.0018368137538108166,0.003305413378176733,-0.0012877394585693834,-0.0009270720180484505,0.0,0.0003594705158413668,0.0035132574452981665,0.0009770584140221833,0.0006367762190835584,0.0037454759096280993,0.0017311562301530416,-0.003673502401899516,-0.003869675182004101,9.95605662930833e-05,-0.0014698098239812301,-0.002440407869838966,-0.028946925804878624,-0.012886005399037165,0.005449581303759282,-0.0009438588634377497,-0.0014776565395766838,0.0003594705158413668,-0.0035132574452981665,-0.0011574799120068451,0.0,-0.006683696139482184,0.0007927317574471167,-0.0022699525791678777,-0.0004294510618936432,0.006407413667869066,0.004038173879689664,0.00014586258181323338,0.0012547266326156635,0.012670340415515848,0.049751070569701676,0.02144806919833001,-0.00917830659325758,-0.0006381690647220537,0.0025384376589259665,0.0009770584140221833,-0.0006367762190835584,-0.006683696139482184,-0.0007927317574471167,0.0027605736330396998,0.0,0.001006253593685749,-0.00017194765239791833,-0.008819484154450817,-0.0011609997934877833,0.00044789687298742175,-0.00024420781739542004,0.003634226601045583,0.039390755868942674,0.01919939863375655,-0.0053410380798826484,0.0007124636130094502,-1.8982553194103368e-05,0.0037454759096280993,-0.0017311562301530416,-0.0022699525791678777,0.0004294510618936432,0.001006253593685749,0.00017194765239791833,0.0016593905489318333,0.0,-0.007991824604538867,-0.0027862879215082,-0.0011263383911102871,-0.00041381371322939527,-0.05806476055162667,-0.12228669850887669,-0.05527249182951167,0.039731487245503336,-0.0030538614917585923,-0.00354885556915614,-0.003673502401899516,0.003869675182004101,0.006407413667869066,-0.004038173879689664,-0.008819484154450817,0.0011609997934877833,-0.007991824604538867,0.0027862879215082,0.024387899006104163,0.0,0.9998132286545834
0.02600000000000002,0.0016354141745700496,0.0,-0.0003005166565544503,0.0016205981823015003,0.0009488489266748334,-0.000388713321592855,-0.0005938028159098368,0.0012993313961421004,-5.9670475032551526e-05,-0.0004294477892822631,-0.0011000053472961996,-0.0009923645941066837,0.0008001773477816502,0.0009660786695763665,-0.0005048928117242002,0.00014840101658371668,0.0005389726076022831,-0.0010633494883987133,-0.0003005166565544503,-0.0016205981823015003,0.7638400653678162,0.0,-0.06487119703677668,-0.3720149969908167,0.03285384617921034,0.0014784713762484342,-0.0019876097442371667,-0.024402484689067836,-0.0024424661728905833,0.029563354259725404,0.013464603306586213,-0.05082835986956834,0.0040258396203614,-0.040101647406649336,-0.061571256770495,0.12338427205676501,0.0009488489266748334,0.000388713321592855,-0.06487119703677668,0.3720149969908167,0.20278848456731663,0.0,-0.003917257198876799,0.017331606362670803,0.012758257051560836,0.0018592924087634346,-0.01374222775207552,-0.005731608076158651,0.022889687375225502,0.010253204075522503,0.020346196189647666,0.005895779389348684,-0.057731503241105,-0.043748582394519994,-0.0005938028159098368,-0.0012993313961421004,0.03285384617921034,-0.0014784713762484342,-0.003917257198876799,-0.017331606362670803,0.0026691778437085657,0.0,0.0035563263116046165,0.0012942546503985736,-0.0010080897902624618,0.0014059793268574139,-0.00048679369575813325,-0.0027109716916720165,0.0007094854315675668,-0.00011930929429705005,-0.003473288048794563,0.0037691456285585115,-5.9670475032551526e-05,0.0004294477892822631,-0.0019876097442371667,0.024402484689067836,0.012758257051560836,-0.0018592924087634346,0.0035563263116046165,-0.0012942546503985736,-0.0007658355310355499,0.0,0.0004292130565525482,0.003579114563144498,0.00111517744027029,0.0007116044186486332,0.004136343153387361,0.0018792894476097363,-0.0037992472375146503,-0.00414871905090047,-0.0011000053472961996,0.0009923645941066837,-0.0024424661728905833,-0.029563354259725404,-0.01374222775207552,0.005731608076158651,-0.0010080897902624618,-0.0014059793268574139,0.0004292130565525482,-0.003579114563144498,-0.0012102023523407133,0.0,-0.0072834084394323316,0.0008100997184401166,-0.0024259773911364424,-0.0003890169484888666,0.006677559826574033,0.004264612768151018,0.0008001773477816502,-0.0009660786695763665,0.013464603306586213,0.05082835986956834,0.022889687375225502,-0.010253204075522503,-0.00048679369575813325,0.0027109716916720165,0.00111517744027029,-0.0007116044186486332,-0.0072834084394323316,-0.0008100997184401166,0.0030612826642716783,0.0,0.0010102367857782336,-0.00016813961022685333,-0.009295178979165436,-0.0013481523287316598,-0.0005048928117242002,-0.00014840101658371668,0.0040258396203614,0.040101647406649336,0.020346196189647666,-0.005895779389348684,0.0007094854315675668,0.00011930929429705005,0.004136343153387361,-0.0018792894476097363,-0.0024259773911364424,0.0003890169484888666,0.0010102367857782336,0.00016813961022685333,0.0017664174191307836,0.0,-0.008256807045647217,-0.003030250302754745,0.0005389726076022831,0.0010633494883987133,-0.061571256770495,-0.12338427205676501,-0.057731503241105,0.043748582394519994,-0.003473288048794563,-0.0037691456285585115,-0.0037992472375146503,0.00414871905090047,0.006677559826574033,-0.004264612768151018,-0.009295178979165436,0.0013481523287316598,-0.008256807045647217,0.003030250302754745,0.02602824064569167,0.0,0.9998130447994666
0.02699999999999998,0.0016352303249988667,0.0,-0.0009543770743923832,-0.0012619784570131335,-0.00037411309704589994,0.0009281307467379188,-0.0005851592862240816,-0.0013493409033967666,0.0003284628542181781,0.00025747980452484173,0.0014832809589430433,-5.586553553226667e-05,-0.0012430780351860337,-8.680676534781661e-05,0.000259589376394958,-0.0004752237149800851,0.0003371819777960546,0.001131527390994575,-0.0009543770743923832,0.0012619784570131335,0.7477261287807332,0.0,-0.06816707115304665,-0.3785513612576833,0.03408174216355219,-7.736073188266818e-06,-0.0022736266410582667,-0.025217992848864588,-0.002440027376168573,0.03016449442888117,0.014217606003889832,-0.051825745448125,0.004404923668930068,-0.04072096664711767,-0.06495673588727,0.124121318993335,-0.00037411309704589994,-0.0009281307467379188,-0.06816707115304665,0.3785513612576833,0.21650349695195,0.0,-0.0035903708038215664,0.018991606374163007,0.013663518718896915,0.001886711745651516,-0.014624041622849332,-0.006046394482467738,0.024335290714765995,0.011404141568375182,0.021476560742987753,0.00648122772144885,-0.06000205474972833,-0.047941200263308344,-0.0005851592862240816,0.0013493409033967666,0.03408174216355219,7.736073188266818e-06,-0.0035903708038215664,-0.018991606374163007,0.002894250069530253,0.0,0.003788802389778557,0.0013172474913792783,-0.0010560587382268103,0.0013408141500778667,-0.0003285141704965332,-0.0029159817096077677,0.0007000129966016232,-0.0002868837987969849,-0.003920285722804515,0.003983193029009117,0.0003284628542181781,-0.00025747980452484173,-0.0022736266410582667,0.025217992848864588,0.013663518718896915,-0.001886711745651516,0.003788802389778557,-0.0013172474913792783,-0.00059741018256845,0.0,0.00048094902257733057,0.0036439598690139324,0.0012251572216986167,0.0008058532751717833,0.0045380343397284405,0.002026766792892587,-0.003920591764274799,-0.004455243869559159,0.0014832809589430433,5.586553553226667e-05,-0.002440027376168573,-0.03016449442888117,-0.014624041622849332,0.006046394482467738,-0.0010560587382268103,-0.0013408141500778667,0.00048094902257733057,-0.0036439598690139324,-0.0012642820258906306,0.0,-0.007865031016963299,0.0008364358822253483,-0.0025821089108701927,-0.0003656025998601833,0.00693727708762453,0.004514775329298439,-0.0012430780351860337,8.680676534781661e-05,0.014217606003889832,0.051825745448125,0.024335290714765995,-0.011404141568375182,-0.0003285141704965332,0.0029159817096077677,0.0012251572216986167,-0.0008058532751717833,-0.007865031016963299,-0.0008364358822253483,0.0033716139896852095,0.0,0.0010306320486839606,-0.0001635344106203285,-0.009779806459959302,-0.0015715961076592491,0.000259589376394958,0.0004752237149800851,0.004404923668930068,0.04072096664711767,0.021476560742987753,-0.00648122772144885,0.0007000129966016232,0.0002868837987969849,0.0045380343397284405,-0.002026766792892587,-0.0025821089108701927,0.0003656025998601833,0.0010306320486839606,0.0001635344106203285,0.0018720519379595998,0.0,-0.008551547734770615,-0.0032759589016804714,0.0003371819777960546,-0.001131527390994575,-0.06495673588727,-0.124121318993335,-0.06000205474972833,0.047941200263308344,-0.003920285722804515,-0.003983193029009117,-0.003920591764274799,0.004455243869559159,0.00693727708762453,-0.004514775329298439,-0.009779806459959302,0.0015715961076592491,-0.008551547734770615,0.0032759589016804714,0.027671781093924024,0.0,0.9998128609406833
0.02800000000000002,0.0016350464881209332,0.0,0.0015102833277120175,0.00013075881647505,-0.0003798918012140829,-0.0009126787437319327,0.0014233001003575144,0.00048372767013312985,-0.0004072253196828669,4.38113748029601e-05,-0.0010135079136501498,0.0010784247928137983,0.0009127576299376666,-0.0008221255982173999,0.00016073181855931685,0.0005305387345811834,-0.0010075093672602333,-0.0005792723772952902,0.0015102833277120175,-0.00013075881647505,0.7313687089044336,0.0,-0.07143662976368166,-0.38442220467560007,0.03517111067688299,-0.0016012574185220042,-0.002552019144021,-0.026050937613474805,-0.0024984115015122803,0.03073757318322983,0.014917550926127501,-0.05275214565791165,0.004780848213046101,-0.04125529716724133,-0.06824691110288668,0.12453062560757165,-0.0003798918012140829,0.0009126787437319327,-0.07143662976368166,0.38442220467560007,0.23043457741359993,0.0,-0.003173410864451292,0.020737337346272335,0.014636993526680507,0.0019331660383672667,-0.015510848850710031,-0.006399397432786632,0.025789684707679162,0.012599569303173403,0.022556666890838507,0.007111362548142233,-0.06209426058930666,-0.052306137579731675,0.0014233001003575144,-0.00048372767013312985,0.03517111067688299,0.0016012574185220042,-0.003173410864451292,-0.020737337346272335,0.003135537723731075,0.0,0.004022435502303209,0.0013594305427392674,-0.0010880811949469335,0.0013048138773524265,-0.00011785240088366696,-0.003139792674662483,0.0007161970569027667,-0.0004511912797270749,-0.0044168255521962645,0.004154763055241001,-0.0004072253196828669,-4.38113748029601e-05,-0.002552019144021,0.026050937613474805,0.014636993526680507,-0.0019331660383672667,0.004022435502303209,-0.0013594305427392674,-0.00042245340922213295,0.0,0.0005367739244002602,0.0036878534708387834,0.0013316708792827383,0.0008895320019412167,0.004967520751924218,0.0021837403575348502,-0.004042981866224134,-0.004769813556441584,-0.0010135079136501498,-0.0010784247928137983,-0.0024984115015122803,-0.03073757318322983,-0.015510848850710031,0.006399397432786632,-0.0010880811949469335,-0.0013048138773524265,0.0005367739244002602,-0.0036878534708387834,-0.0013199466496091174,0.0,-0.008446932815931153,0.0008750735823235416,-0.002762683454511619,-0.0003831172004025999,0.00718891986289225,0.004778956943844362,0.0009127576299376666,0.0008221255982173999,0.014917550926127501,0.05275214565791165,0.025789684707679162,-0.012599569303173403,-0.00011785240088366696,0.003139792674662483,0.0013316708792827383,-0.0008895320019412167,-0.008446932815931153,-0.0008750735823235416,0.003691583793905266,0.0,0.0010447479443347668,-0.0001299802721148831,-0.010287052634226765,-0.00184722785913138,0.00016073181855931685,-0.0005305387345811834,0.004780848213046101,0.04125529716724133,0.022556666890838507,-0.007111362548142233,0.0007161970569027667,0.0004511912797270749,0.004967520751924218,-0.0021837403575348502,-0.002762683454511619,0.0003831172004025999,0.0010447479443347668,0.0001299802721148831,0.001976201708145034,0.0,-0.008870923512624574,-0.0035396972906577328,-0.0010075093672602333,0.0005792723772952902,-0.06824691110288668,-0.12453062560757165,-0.06209426058930666,0.052306137579731675,-0.0044168255521962645,-0.004154763055241001,-0.004042981866224134,0.004769813556441584,0.00718891986289225,-0.004778956943844362,-0.010287052634226765,0.00184722785913138,-0.008870923512624574,0.0035396972906577328,0.0293134211212185,0.0,0.9998126770938
0.028999999999999974,0.001634862667174033,0.0,-0.001068867495348229,0.0009848330590223901,0.0009089819787985002,0.00038668053875763386,-0.0013442176145494833,0.0007639177247489464,0.0002613452440726165,-0.0003092131597080332,-3.3019565706886646e-05,-0.0014732371519896833,-4.694480281868333e-05,0.001208541310890384,-0.0005082295277466415,-0.0002551120773955932,0.0011182280508124794,-0.00024763442248624986,-0.001068867495348229,-0.0009848330590223901,0.7147982120533499,0.0,-0.074577220955345,-0.3895942942226333,0.03612032160131485,-0.0032758406885448174,-0.002853411689816067,-0.02685814557220981,-0.002577516168172184,0.03131403253034584,0.015573623488128067,-0.05358726584014832,0.005138908815463865,-0.04169497156796133,-0.07148505024792667,0.12461397715514504,0.0009089819787985002,-0.00038668053875763386,-0.074577220955345,0.3895942942226333,0.24455626833428334,0.0,-0.0026563205019496656,0.022540260232071667,0.015664513485211334,0.001962047271089196,-0.0164098014715763,-0.0067722757246506836,0.02723104645386117,0.01383896053265667,0.023600226585890498,0.007782717563125668,-0.06399055247205333,-0.05682705965611169,-0.0013442176145494833,-0.0007639177247489464,0.03612032160131485,0.0032758406885448174,-0.0026563205019496656,-0.022540260232071667,0.0033941450965252256,0.0,0.004285683291894351,0.0014202230746477318,-0.0011104070354704002,0.00130208757176965,0.00014489189410258425,-0.003335654406089066,0.0007744332161554064,-0.0005953006682815502,-0.004978226936391233,0.0042653892981781,0.0002613452440726165,0.0003092131597080332,-0.002853411689816067,0.02685814557220981,0.015664513485211334,-0.001962047271089196,0.004285683291894351,-0.0014202230746477318,-0.00024116623818405013,0.0,0.0005996013214074332,0.0037386058279274873,0.0014562577943039,0.0009653963033167051,0.005423842713319836,0.0023748598652938496,-0.004163687660120834,-0.0050765067112571996,-3.3019565706886646e-05,0.0014732371519896833,-0.002577516168172184,-0.03131403253034584,-0.0164098014715763,0.0067722757246506836,-0.0011104070354704002,-0.00130208757176965,0.0005996013214074332,-0.0037386058279274873,-0.0013774726456754164,0.0,-0.009065918571337568,0.0009243134046054703,-0.0029604350960950867,-0.00040407908731510307,0.007450432542566616,0.0050276364100395555,-4.694480281868333e-05,-0.001208541310890384,0.015573623488128067,0.05358726584014832,0.02723104645386117,-0.01383896053265667,0.00014489189410258425,0.003335654406089066,0.0014562577943039,-0.0009653963033167051,-0.009065918571337568,-0.0009243134046054703,0.00402094815104105,0.0,0.0010201644117740411,-6.781899869218328e-05,-0.010792798157877169,-0.002134967535083751,-0.0005082295277466415,0.0002551120773955932,0.005138908815463865,0.04169497156796133,0.023600226585890498,-0.007782717563125668,0.0007744332161554064,0.0005953006682815502,0.005423842713319836,-0.0023748598652938496,-0.0029604350960950867,0.00040407908731510307,0.0010201644117740411,6.781899869218328e-05,0.002078460273331582,0.0,-0.009158006487985903,-0.0038114629042242834,0.0011182280508124794,0.00024763442248624986,-0.07148505024792667,-0.12461397715514504,-0.06399055247205333,0.05682705965611169,-0.004978226936391233,-0.0042653892981781,-0.004163687660120834,0.0050765067112571996,0.007450432542566616,-0.0050276364100395555,-0.010792798157877169,0.002134967535083751,-0.009158006487985903,0.0038114629042242834,0.03094823557249067,0.0,0.9998124932641832
0.030000000000000023,0.0016346788505955331,0.0,5.954772721749789e-06,-0.0013794477630325393,-0.0009113695412198382,0.00037913335211373674,0.0003052022817724117,-0.0015611005645657016,1.7922497264849945e-05,0.0003898705252236334,0.0010461223783204165,0.0010315353555031485,-0.0008367925924132998,-0.0008684291716324681,0.0005574929735167833,-0.00020495821597755825,-0.0006695368627945002,0.0009165877038414619,5.954772721749789e-06,0.0013794477630325393,0.69804637249655,0.0,-0.07754300290673663,-0.39405230896345,0.0369595038922395,-0.0049836952495433216,-0.0032095233796100007,-0.02762727689591442,-0.0025995144115604826,0.031910393705739996,0.01620243114851672,-0.05433480948330167,0.005443717100951528,-0.042038756153392344,-0.07464851814194333,0.12438244610232999,-0.0009113695412198382,-0.00037913335211373674,-0.07754300290673663,0.39405230896345,0.2588421093256666,0.0,-0.002043879865451467,0.02437074471049083,0.0167402298176475,0.001951999467238302,-0.017360574657274568,-0.0071582823636422155,0.02864641692661084,0.015148602151970666,0.024646859432180167,0.008475026566808956,-0.06565549379615333,-0.061475380914098335,0.0003052022817724117,0.0015611005645657016,0.0369595038922395,0.0049836952495433216,-0.002043879865451467,-0.02437074471049083,0.003671010853291684,0.0,0.0045682236875560205,0.001503039425366177,-0.0011345476861549136,0.0013152388370048505,0.00042206924829456326,-0.003492280580773916,0.0008555910971640102,-0.0007393541464623268,-0.005578897861621582,0.004342304274001083,1.7922497264849945e-05,-0.0003898705252236334,-0.0032095233796100007,0.02762727689591442,0.0167402298176475,-0.001951999467238302,0.0045682236875560205,-0.001503039425366177,-5.265506868008359e-05,0.0,0.0006475435573504668,0.0038267863673183506,0.0015810580914858144,0.0010571980549491167,0.005887321900058249,0.002595149901076803,-0.004272572547993637,-0.005390484218608605,0.0010461223783204165,-0.0010315353555031485,-0.0025995144115604826,-0.031910393705739996,-0.017360574657274568,0.0071582823636422155,-0.0011345476861549136,-0.0013152388370048505,0.0006475435573504668,-0.0038267863673183506,-0.0014377082542325168,0.0,-0.009730428957109852,0.0009836377212285893,-0.0031413634123555615,-0.0003920858019968068,0.007719953707059567,0.005254199433484966,-0.0008367925924132998,0.0008684291716324681,0.01620243114851672,0.05433480948330167,0.02864641692661084,-0.015148602151970666,0.00042206924829456326,0.003492280580773916,0.0015810580914858144,-0.0010571980549491167,-0.009730428957109852,-0.0009836377212285893,0.004359496041242018,0.0,0.000965660808780198,2.798218546566702e-06,-0.011270698718746669,-0.0024078432029768456,0.0005574929735167833,0.00020495821597755825,0.005443717100951528,0.042038756153392344,0.024646859432180167,-0.008475026566808956,0.0008555910971640102,0.0007393541464623268,0.005887321900058249,-0.002595149901076803,-0.0031413634123555615,0.0003920858019968068,0.000965660808780198,-2.798218546566702e-06,0.0021778390069443834,0.0,-0.00939162011740748,-0.00408006963933965,-0.0006695368627945002,-0.0009165877038414619,-0.07464851814194333,-0.12438244610232999,-0.06565549379615333,0.061475380914098335,-0.005578897861621582,-0.004342304274001083,-0.004272572547993637,0.005390484218608605,0.007719953707059567,-0.005254199433484966,-0.011270698718746669,0.0024078432029768456,-0.00939162011740748,0.00408006963933965,0.0325711661871415,0.0,0.9998123094386832
0.030999999999999972,0.0016344950304846499,0.0,0.0009384050746207513,0.0008867992951818881,0.00034521434409241655,-0.0009283637217952833,0.0010021477940649844,0.001262961894522795,-0.0002600336856304815,-0.00025865252111962803,-0.0014636778587101,-5.723417088250004e-06,0.0012163332627088549,-1.3009519217903273e-05,-0.00025579825488981846,0.00057832412108745,-0.00010928331441441066,-0.001116871028249016,0.0009384050746207513,-0.0008867992951818881,0.68114516226625,0.0,-0.08034871857127,-0.3977739677511166,0.03766980072804583,-0.0067221542291160665,-0.0035953638082694825,-0.028375769614238,-0.002580501464411984,0.03246449200304833,0.01681016764433963,-0.05500985091537167,0.005692275603771677,-0.042302611170322676,-0.07766703306995665,0.1238359498674033,0.00034521434409241655,0.0009283637217952833,-0.08034871857127,0.3977739677511166,0.2732651284170167,0.0,-0.0013354076800859314,0.026233880841833018,0.01787567257012165,0.001938980720806812,-0.018371765054202002,-0.00757551999020295,0.03004272635284083,0.01653160646771793,0.02569130949345383,0.009180402782386635,-0.067061479075505,-0.06620239777504666,0.0010021477940649844,-0.001262961894522795,0.03766980072804583,0.0067221542291160665,-0.0013354076800859314,-0.026233880841833018,0.003967026427483362,0.0,0.0048435842398727,0.0016086171728768484,-0.0011687552706544735,0.0013293619650852205,0.0007055520055677436,-0.003634070300729085,0.0009353870098575333,-0.0009006208069626334,-0.006183212801694833,0.0044123884098823665,-0.0002600336856304815,0.00025865252111962803,-0.0035953638082694825,0.028375769614238,0.01787567257012165,-0.001938980720806812,0.0048435842398727,-0.0016086171728768484,0.00014370726079541667,0.0,0.0006810416466776617,0.003935674713785144,0.001686528534901867,0.0011627698249724705,0.006354550363629633,0.002813301958938378,-0.004366247371121265,-0.005736452466252882,-0.0014636778587101,5.723417088250004e-06,-0.002580501464411984,-0.03246449200304833,-0.018371765054202002,0.00757551999020295,-0.0011687552706544735,-0.0013293619650852205,0.0006810416466776617,-0.003935674713785144,-0.001501822949027416,0.0,-0.01042108521039475,0.0010583446769389668,-0.0032950628086208995,-0.00036807746957603357,0.007967721016587749,0.005480244696012081,0.0012163332627088549,1.3009519217903273e-05,0.01681016764433963,0.05500985091537167,0.03004272635284083,-0.01653160646771793,0.0007055520055677436,0.003634070300729085,0.001686528534901867,-0.0011627698249724705,-0.01042108521039475,-0.0010583446769389668,0.004707341733877316,0.0,0.0009152814460150666,7.94485430952834e-05,-0.011726105614397504,-0.0026965696618835447,-0.00025579825488981846,-0.00057832412108745,0.005692275603771677,0.042302611170322676,0.02569130949345383,-0.009180402782386635,0.0009353870098575333,0.0009006208069626334,0.006354550363629633,-0.002813301958938378,-0.0032950628086208995,0.00036807746957603357,0.0009152814460150666,-7.94485430952834e-05,0.0022736429266314003,0.0,-0.009609467345681804,-0.004357169955863567,-0.00010928331441441066,0.001116871028249016,-0.07766703306995665,-0.1238359498674033,-0.067061479075505,0.06620239777504666,-0.006183212801694833,-0.0044123884098823665,-0.004366247371121265,0.005736452466252882,0.007967721016587749,-0.005480244696012081,-0.011726105614397504,0.0026965696618835447,-0.009609467345681804,0.004357169955863567,0.0341774444958655,0.0,0.9998121256095831
0.03200000000000002,0.001634311223064883,0.0,-0.0012077486102199497,6.848700044081605e-05,0.0004545272223032999,0.0009052458570733509,-0.0016120814061692328,-7.772923694248355e-05,0.0003455291632232,1.2671634770083264e-05,0.0010244312801463839,-0.0010271509065702328,-0.0008294432392277664,0.0008957625667548136,-0.0002414575175829667,-0.0006306115572434166,0.0008196877645911002,0.0007315671184509977,-0.0012077486102199497,-6.848700044081605e-05,0.6641264447371833,0.0,-0.08301434563725832,-0.4008119687376998,0.03820106051550118,-0.008504328617213149,-0.00396351780175615,-0.029098554200866156,-0.002600142584124299,0.03290488970720651,0.017397384670224163,-0.055609482564094995,0.005932952807012884,-0.042510307998505664,-0.08054100322830834,0.12298949268324169,0.0004545272223032999,-0.0009052458570733509,-0.08301434563725832,0.4008119687376998,0.2877981313595334,0.0,-0.0005162551632844837,0.02815052020102,0.019068098776153168,0.0019598688846151836,-0.01939936636359226,-0.0080356898578538,0.0314291887391425,0.0179574583375967,0.026702207143039995,0.0099167485378622,-0.06822548017688668,-0.07098294961433167,-0.0016120814061692328,7.772923694248355e-05,0.03820106051550118,0.008504328617213149,-0.0005162551632844837,-0.02815052020102,0.00428314918233413,0.0,0.0051211305069796655,0.001735645988143765,-0.0012072043768255984,0.0013410367258400553,0.0010282809195401,-0.0037647781520455323,0.0010110539649432501,-0.0010591689212829504,-0.0067898324283509155,0.004450468358551799,0.0003455291632232,-1.2671634770083264e-05,-0.00396351780175615,0.029098554200866156,0.019068098776153168,-0.0019598688846151836,0.0051211305069796655,-0.001735645988143765,0.00034726598622211675,0.0,0.000743859673541705,0.004037804808239196,0.0017966433453533504,0.0012516352340122831,0.006855236728274151,0.003020262108616125,-0.004452589283401533,-0.006110904559329351,0.0010244312801463839,0.0010271509065702328,-0.002600142584124299,-0.03290488970720651,-0.01939936636359226,0.0080356898578538,-0.0012072043768255984,-0.0013410367258400553,0.000743859673541705,-0.004037804808239196,-0.0015708412755606005,0.0,-0.011135357438053162,0.0011551575336040834,-0.003448841829841949,-0.0003658529998940335,0.008175434123275285,0.005722877803864316,-0.0008294432392277664,-0.0008957625667548136,0.017397384670224163,0.055609482564094995,0.0314291887391425,-0.0179574583375967,0.0010282809195401,0.0037647781520455323,0.0017966433453533504,-0.0012516352340122831,-0.011135357438053162,-0.0011551575336040834,0.005064731397591617,0.0,0.0008720271355545956,0.00017975167415295017,-0.012181480438805329,-0.0030325153731933455,-0.0002414575175829667,0.0006306115572434166,0.005932952807012884,0.042510307998505664,0.026702207143039995,-0.0099167485378622,0.0010110539649432501,0.0010591689212829504,0.006855236728274151,-0.003020262108616125,-0.003448841829841949,0.0003658529998940335,0.0008720271355545956,-0.00017975167415295017,0.002365998566624172,0.0,-0.009839786633809081,-0.00465985974799805,0.0008196877645911002,-0.0007315671184509977,-0.08054100322830834,-0.12298949268324169,-0.06822548017688668,0.07098294961433167,-0.0067898324283509155,-0.004450468358551799,-0.004452589283401533,0.006110904559329351,0.008175434123275285,-0.005722877803864316,-0.012181480438805329,0.0030325153731933455,-0.009839786633809081,0.00465985974799805,0.0357627506158475,0.0,0.9998119417928834
0.03299999999999997,0.0016341274367101001,0.0,0.0007489428541025835,-0.0008718116738590167,-0.0010032592219208602,-0.00030465541510568396,0.0011403243324442538,-0.0011620361541646832,-0.0002498905065307951,0.0002141468828574167,2.303329307570016e-05,0.001431398691930094,-6.965204503104327e-05,-0.0012075640027283013,0.0006495504596136585,0.0002968303818870617,-0.0010744755963483829,1.588697768935012e-05,0.0007489428541025835,0.0008718116738590167,0.6470198250879832,0.0,-0.085511175604755,-0.4031816128869001,0.03855915636500254,-0.010309149174238186,-0.004311803765300338,-0.029753362476509674,-0.0026777089479348335,0.03323852669225284,0.01797147705058683,-0.056100886030068325,0.006206919990071983,-0.042667643717935175,-0.08332604047385997,0.12184786980321666,-0.0010032592219208602,0.00030465541510568396,-0.085511175604755,0.4031816128869001,0.30241607015238336,0.0,0.0004169050617689001,0.030109533832263335,0.020286032786029005,0.0019870313439294836,-0.020405542063033588,-0.00851802475089225,0.03278509670553833,0.01941016891778842,0.02767769543007083,0.010694538909458151,-0.06916225009666999,-0.07582221713189169,0.0011403243324442538,0.0011620361541646832,0.03855915636500254,0.010309149174238186,0.0004169050617689001,-0.030109533832263335,0.00462046398782275,0.0,0.005433347487062599,0.0018846576815679565,-0.0012339678914434016,0.00135218746551545,0.0013987697840559502,-0.003856105808962269,0.0010936723011459,-0.0011905646980104,-0.007415011409241166,0.0044129341093766,-0.0002498905065307951,-0.0002141468828574167,-0.004311803765300338,0.029753362476509674,0.020286032786029005,-0.0019870313439294836,0.005433347487062599,-0.0018846576815679565,0.0005572602083853671,0.0,0.0008640769601412167,0.004147369570252635,0.00194112323326885,0.0013157568211298839,0.0074066121030376695,0.0032425270430655488,-0.004536215036393699,-0.006487154216555079,2.303329307570016e-05,-0.001431398691930094,-0.0026777089479348335,-0.03323852669225284,-0.020405542063033588,0.00851802475089225,-0.0012339678914434016,-0.00135218746551545,0.0008640769601412167,-0.004147369570252635,-0.0016458058818680837,0.0,-0.01189687046512767,0.0012722983997926812,-0.003616419938019117,-0.0003683399238991167,0.008358528591600635,0.005972206899247082,-6.965204503104327e-05,0.0012075640027283013,0.01797147705058683,0.056100886030068325,0.03278509670553833,-0.01941016891778842,0.0013987697840559502,0.003856105808962269,0.00194112323326885,-0.0013157568211298839,-0.01189687046512767,-0.0012722983997926812,0.005431719001741519,0.0,0.0008080898572300004,0.0003091486425266666,-0.012634304225639999,-0.0033880350385031128,0.0006495504596136585,-0.0002968303818870617,0.006206919990071983,0.042667643717935175,0.02767769543007083,-0.010694538909458151,0.0010936723011459,0.0011905646980104,0.0074066121030376695,-0.0032425270430655488,-0.003616419938019117,0.0003683399238991167,0.0008080898572300004,-0.0003091486425266666,0.002455103131254819,0.0,-0.01005638852389425,-0.004971030248469587,-0.0010744755963483829,-1.588697768935012e-05,-0.08332604047385997,-0.12184786980321666,-0.06916225009666999,0.07582221713189169,-0.007415011409241166,-0.0044129341093766,-0.004536215036393699,0.006487154216555079,0.008358528591600635,-0.005972206899247082,-0.012634304225639999,0.0033880350385031128,-0.01005638852389425,0.004971030248469587,0.03732299487319684,0.0,0.9998117579976331
0.03400000000000002,0.0016339436633852837,0.0,9.806296985178322e-05,0.0010924051720206669,0.0009292465988786831,-0.0005323631267950502,0.00011856888369409325,0.0016647558349716701,4.270284204906994e-05,-0.00030337824538022654,-0.0010210529120306168,-0.0009773287190534437,0.0009063181590964498,0.0007837025744271465,-0.000702682978197045,0.0002594328645517165,0.0007850512181331799,-0.000720195856058355,9.806296985178322e-05,-0.0010924051720206669,0.6298563729923,0.0,-0.08781694487915999,-0.4048357313183999,0.03881012138317099,-0.0120937858719799,-0.0046793832527647254,-0.030320747786150667,-0.002755646716974155,0.03352357934185734,0.01853905174205367,-0.056469550598733334,0.006501440651629749,-0.04276342058535801,-0.08601799531797168,0.12041951647566501,0.0009292465988786831,0.0005323631267950502,-0.08781694487915999,0.4048357313183999,0.3170929146039167,0.0,0.00144443322612255,0.03207998449533834,0.021510390433731832,0.001969818085747534,-0.021403253986723332,-0.00899817254214465,0.034080376431713334,0.020915088977626218,0.028648525611989994,0.011496979064558353,-0.06984499321842333,-0.08071329980184501,0.00011856888369409325,-0.0016647558349716701,0.03881012138317099,0.0120937858719799,0.00144443322612255,-0.03207998449533834,0.004979909339416267,0.0,0.005778639697221018,0.0020532403572439168,-0.0012427058518809664,0.001364689855254567,0.0017762669603005668,-0.003903370975742467,0.0011876252121201835,-0.0013126215415223,-0.008066960457469066,0.004305616784431433,4.270284204906994e-05,0.00030337824538022654,-0.0046793832527647254,0.030320747786150667,0.021510390433731832,-0.001969818085747534,0.005778639697221018,-0.0020532403572439168,0.0007741412264858899,0.0,0.0010082022914860765,0.00429730619802425,0.002100820418178033,0.0013816162614896507,0.007983306199213848,0.0034958012173035846,-0.00460501293971985,-0.006857275668430933,-0.0010210529120306168,0.0009773287190534437,-0.002755646716974155,-0.03352357934185734,-0.021403253986723332,0.00899817254214465,-0.0012427058518809664,-0.001364689855254567,0.0010082022914860765,-0.00429730619802425,-0.0017280257874808668,0.0,-0.01270818191528858,0.0014009072297765763,-0.0037708021730191235,-0.0003340202524748336,0.00853774896579972,0.006215593540871335,0.0009063181590964498,-0.0007837025744271465,0.01853905174205367,0.056469550598733334,0.034080376431713334,-0.020915088977626218,0.0017762669603005668,0.003903370975742467,0.002100820418178033,-0.0013816162614896507,-0.01270818191528858,-0.0014009072297765763,0.0058081695531386176,0.0,0.0007208869698051665,0.0004426823554941832,-0.013060356393447515,-0.0037156078511986603,-0.000702682978197045,-0.0002594328645517165,0.006501440651629749,0.04276342058535801,0.028648525611989994,-0.011496979064558353,0.0011876252121201835,0.0013126215415223,0.007983306199213848,-0.0034958012173035846,-0.0037708021730191235,0.0003340202524748336,0.0007208869698051665,-0.0004426823554941832,0.002540431937165906,0.0,-0.01023110135774055,-0.005253133363740851,0.0007850512181331799,0.000720195856058355,-0.08601799531797168,-0.12041951647566501,-0.06984499321842333,0.08071329980184501,-0.008066960457469066,-0.004305616784431433,-0.00460501293971985,0.006857275668430933,0.00853774896579972,-0.006215593540871335,-0.013060356393447515,0.0037156078511986603,-0.01023110135774055,0.005253133363740851,0.03885371668684665,0.0,0.9998115742149165
0.03499999999999998,0.0016337598828508667,0.0,-0.0008070613978584999,-0.0006432062149757336,-0.00023313516807735041,0.0010437111860968787,-0.0013655078818381001,-0.0010346390444380964,0.00014340709773404982,0.00023530820967008353,0.0013956542133188336,-1.929303329238329e-05,-0.001196690801526965,0.00010661697106426639,0.0003299095883258999,-0.0007099279268656002,-0.00010883897443236007,0.0010643424833861668,-0.0008070613978584999,0.0006432062149757336,0.6126672119934832,0.0,-0.08998720028137999,-0.40576910471705,0.03899054006787799,-0.013847204209061499,-0.005083907475547668,-0.03083467110088833,-0.0027977449694723,0.03377726672573,0.019093641924043496,-0.05674735429862334,0.006785379358093433,-0.04278884867952851,-0.08853809434899333,0.1187338774059033,-0.00023313516807735041,-0.0010437111860968787,-0.08998720028137999,0.40576910471705,0.3318021647452501,0.0,0.0025498462389898662,0.034054438806788344,0.02275957043424383,0.0019125375085804013,-0.022417383033006645,-0.009483046881608332,0.03531892259968166,0.022497461784637605,0.029623945505396505,0.01230795846587118,-0.07023668706769333,-0.08563019478867832,-0.0013655078818381001,0.0010346390444380964,0.03899054006787799,0.013847204209061499,0.0025498462389898662,-0.034054438806788344,0.0053620731218502506,0.0,0.0061155192269664845,0.002229459566856967,-0.0012411041900291667,0.0013787995185449997,0.0021389163566661387,-0.003946561698939484,0.0012901691021843667,-0.001462214115711832,-0.008741574560863025,0.004170678596605342,0.00014340709773404982,-0.00023530820967008353,-0.005083907475547668,0.03083467110088833,0.02275957043424383,-0.0019125375085804013,0.0061155192269664845,-0.002229459566856967,0.0009990391492194833,0.0,0.001130397140192783,0.004483688941033633,0.002236927706146333,0.0014711974355212615,0.008552731574767776,0.0037613375565536717,-0.0046430690383931,-0.007243604667264047,0.0013956542133188336,1.929303329238329e-05,-0.0027977449694723,-0.03377726672573,-0.022417383033006645,0.009483046881608332,-0.0012411041900291667,-0.0013787995185449997,0.001130397140192783,-0.004483688941033633,-0.0018188011239416825,0.0,-0.013533087616167911,0.0015344766154821664,-0.003891954574028767,-0.0002674804605588631,0.008705326104715616,0.0064699307179526344,-0.001196690801526965,-0.00010661697106426639,0.019093641924043496,0.05674735429862334,0.03531892259968166,-0.022497461784637605,0.0021389163566661387,0.003946561698939484,0.002236927706146333,-0.0014711974355212615,-0.013533087616167911,-0.0015344766154821664,0.006194163784015332,0.0,0.0006462760722145835,0.0005595159274314799,-0.01345705638533915,-0.004025956346962867,0.0003299095883258999,0.0007099279268656002,0.006785379358093433,0.04278884867952851,0.029623945505396505,-0.01230795846587118,0.0012901691021843667,0.001462214115711832,0.008552731574767776,-0.0037613375565536717,-0.003891954574028767,0.0002674804605588631,0.0006462760722145835,-0.0005595159274314799,0.0026210938364403156,0.0,-0.010390871349177018,-0.0055032347690686005,-0.00010883897443236007,-0.0010643424833861668,-0.08853809434899333,-0.1187338774059033,-0.07023668706769333,0.08563019478867832,-0.008741574560863025,-0.004170678596605342,-0.0046430690383931,0.007243604667264047,0.008705326104715616,-0.0064699307179526344,-0.01345705638533915,0.004025956346962867,-0.010390871349177018,0.0055032347690686005,0.04035068503651333,0.0,0.99981139042605
0.03600000000000002,0.00163357609664505,0.0,0.0009448122958311329,-0.00014510597149931616,-0.0006066835701314667,-0.0008690742831301499,0.0017056616486321667,-0.00033790588004930003,-0.00023798314250146385,-8.797653202510007e-05,-0.0009613476069124102,0.0009742320875906003,0.000760747221836377,-0.0009402039447295331,0.00026904621743553323,0.0007664634910459784,-0.0006427654877661329,-0.0008607150008987999,0.0009448122958311329,0.00014510597149931616,0.5954836345357166,0.0,-0.09208999825379667,-0.40597833764159996,0.039057940419254,-0.01558051567860983,-0.005493703039978918,-0.03132627427639733,-0.00283756996103455,0.03396207831775467,0.019615275161495655,-0.05695734194490167,0.007057532144656269,-0.042736976868572495,-0.09082036743384167,0.11680827262303498,-0.0006066835701314667,0.0008690742831301499,-0.09208999825379667,0.40597833764159996,0.34651649478530006,0.0,0.0037474622695141493,0.036047727824705,0.024056798305559107,0.0018631667407393163,-0.023421597941121166,-0.009995924176474496,0.036524470223533334,0.024132631018300325,0.030563460294786845,0.013135290312424299,-0.07031787509155,-0.09054337272636999,0.0017056616486321667,0.00033790588004930003,0.039057940419254,0.01558051567860983,0.0037474622695141493,-0.036047727824705,0.005767113660135944,0.0,0.006427867367832536,0.002397649389532083,-0.0012397281686910547,0.0014014574613593841,0.0025234321067755835,-0.004016106713080994,0.0014039866486473805,-0.0016385127732027544,-0.009431454853266198,0.0040087800091028695,-0.00023798314250146385,8.797653202510007e-05,-0.005493703039978918,0.03132627427639733,0.024056798305559107,-0.0018631667407393163,0.006427867367832536,-0.002397649389532083,0.0012324068228884001,0.0,0.00123862277179215,0.004670066273470935,0.0023569010180339105,0.0015748357162896501,0.009116589788847752,0.004018183760893949,-0.00465282289810615,-0.007660918683794181,-0.0009613476069124102,-0.0009742320875906003,-0.00283756996103455,-0.03396207831775467,-0.023421597941121166,0.009995924176474496,-0.0012397281686910547,-0.0014014574613593841,0.00123862277179215,-0.004670066273470935,-0.0019188776415692737,0.0,-0.014335138124585999,0.0016717700552722002,-0.00400513011400425,-0.00021630833926081656,0.00884294552658893,0.006764175300884384,0.000760747221836377,0.0009402039447295331,0.019615275161495655,0.05695734194490167,0.036524470223533334,-0.024132631018300325,0.0025234321067755835,0.004016106713080994,0.0023569010180339105,-0.0015748357162896501,-0.014335138124585999,-0.0016717700552722002,0.006589818958992383,0.0,0.0006056187736717296,0.0006732652934429163,-0.013843219267761664,-0.004370600354513503,0.00026904621743553323,-0.0007664634910459784,0.007057532144656269,0.042736976868572495,0.030563460294786845,-0.013135290312424299,0.0014039866486473805,0.0016385127732027544,0.009116589788847752,-0.004018183760893949,-0.00400513011400425,0.00021630833926081656,0.0006056187736717296,-0.0006732652934429163,0.0026966636417785983,0.0,-0.010572301869571718,-0.005761232380775185,-0.0006427654877661329,0.0008607150008987999,-0.09082036743384167,-0.11680827262303498,-0.07031787509155,0.09054337272636999,-0.009431454853266198,-0.0040087800091028695,-0.00465282289810615,0.007660918683794181,0.00884294552658893,-0.006764175300884384,-0.013843219267761664,0.004370600354513503,-0.010572301869571718,0.005761232380775185,0.04181037577054002,0.0,0.9998112066304835
0.036999999999999963,0.0016333923181205334,0.0,-0.00048667331421603353,0.0007363002475442363,0.0010427909817215,0.0001637685448489162,-0.0009074502238499495,0.0015063493687861502,0.00024071350701624974,-8.183855751807149e-05,-1.584104805568328e-05,-0.0013267640979761671,0.000142042937510795,0.00119869887637852,-0.0007461693805238165,-0.00037465338507590304,0.001055295778818696,0.00019125376725852,-0.00048667331421603353,-0.0007363002475442363,0.5783349658837168,0.0,-0.09412195353238,-0.4055305329871668,0.03897528760887517,-0.017297001098053832,-0.0058744972672529665,-0.03179204002656767,-0.002907126667726766,0.03407746590857683,0.020094044263558833,-0.05709902471217334,0.007329839879709236,-0.042607121527800516,-0.092900421425735,0.11466166044704666,0.0010427909817215,-0.0001637685448489162,-0.09412195353238,0.4055305329871668,0.36121008139326655,0.0,0.005063418862298499,0.03806894674296667,0.025396135716434336,0.0018313262293886319,-0.024381701319552158,-0.010537153134986302,0.03771158603375832,0.025782407821047678,0.03143679980908133,0.013995572806020823,-0.07010423851595668,-0.09547000614904833,-0.0009074502238499495,-0.0015063493687861502,0.03897528760887517,0.017297001098053832,0.005063418862298499,-0.03806894674296667,0.006195130925607417,0.0,0.006751007023605332,0.002557021385677033,-0.0012431365228503198,0.0014473812158566403,0.0029670814584064485,-0.004087201401042862,0.0015441330402322195,-0.0018028641712142502,-0.0101292508533717,0.003770127292053566,0.00024071350701624974,8.183855751807149e-05,-0.0058744972672529665,0.03179204002656767,0.025396135716434336,-0.0018313262293886319,0.006751007023605332,-0.002557021385677033,0.0014741777677190497,0.0,0.0013676610933820211,0.004844882580285991,0.00249912487078382,0.001677190078683017,0.009696411695959918,0.004285044749274074,-0.004647570199790834,-0.008091474735320217,-1.584104805568328e-05,0.0013267640979761671,-0.002907126667726766,-0.03407746590857683,-0.024381701319552158,0.010537153134986302,-0.0012431365228503198,-0.0014473812158566403,0.0013676610933820211,-0.004844882580285991,-0.002028522087092017,0.0,-0.015127606500485674,0.0018138058909701498,-0.004147370032829624,-0.00019791206598720012,0.008959323761057717,0.007095409159039326,0.000142042937510795,-0.00119869887637852,0.020094044263558833,0.05709902471217334,0.03771158603375832,-0.025782407821047678,0.0029670814584064485,0.004087201401042862,0.00249912487078382,-0.001677190078683017,-0.015127606500485674,-0.0018138058909701498,0.0069948662404660505,0.0,0.0005747117355826001,0.0008071662219134833,-0.014229938627254784,-0.004759597919134967,-0.0007461693805238165,0.00037465338507590304,0.007329839879709236,0.042607121527800516,0.03143679980908133,-0.013995572806020823,0.0015441330402322195,0.0018028641712142502,0.009696411695959918,-0.004285044749274074,-0.004147370032829624,0.00019791206598720012,0.0005747117355826001,-0.0008071662219134833,0.002767037300299371,0.0,-0.010758983865203851,-0.006047826963442733,0.001055295778818696,-0.00019125376725852,-0.092900421425735,-0.11466166044704666,-0.07010423851595668,0.09547000614904833,-0.0101292508533717,-0.003770127292053566,-0.004647570199790834,0.008091474735320217,0.008959323761057717,-0.007095409159039326,-0.014229938627254784,0.004759597919134967,-0.010758983865203851,0.006047826963442733,0.043229893100783325,0.0,0.9998110228431497
0.038,0.0016332085482148667,0.0,-0.00020068936817231676,-0.0007888137663436352,-0.000841827627264034,0.0006275293713497336,-0.000515020770413104,-0.0017203132117815333,-0.0001436131413399832,0.0002312603371867268,0.0009214664140440332,0.0008852689477522047,-0.0009531654477759333,-0.0007294420430578,0.00081386472397344,-0.0002605720926860455,-0.0009112396606302688,0.0005646775333756503,-0.00020068936817231676,0.0007888137663436352,0.5612499752237,0.0,-0.09598699885132168,-0.40438513275371674,0.03875154413708467,-0.018987103233360496,-0.006240502302830954,-0.032207826328234504,-0.0029831012826724355,0.03417019494168134,0.020530285259167166,-0.05715385589130833,0.0075778477447433455,-0.04239817631275648,-0.09481240231907997,0.11228693495518999,-0.000841827627264034,-0.0006275293713497336,-0.09598699885132168,0.40438513275371674,0.37585797537813337,0.0,0.006495102989783051,0.040087603929915,0.026754624792129002,0.0017711072320557167,-0.02531607653891733,-0.011082513192582527,0.03885655244266167,0.027443847618920165,0.03225582432959866,0.014876830507942999,-0.06958912645835999,-0.1004015480744517,-0.000515020770413104,0.0017203132117815333,0.03875154413708467,0.018987103233360496,0.006495102989783051,-0.040087603929915,0.006646347008333751,0.0,0.007114664863792435,0.0027172154146025357,-0.0012615145950645981,0.0015228957694617168,0.0034462666184835278,-0.004120881495386534,0.0017248508769663966,-0.0019357120835219721,-0.0108285153421372,0.003426559307793597,-0.0001436131413399832,-0.0002312603371867268,-0.006240502302830954,0.032207826328234504,0.026754624792129002,-0.0017711072320557167,0.007114664863792435,-0.0027172154146025357,0.0017249181420785503,0.0,0.0015099986885938415,0.005028120861069766,0.0026627131793938805,0.00178039257168086,0.010282864752319532,0.004591988197478848,-0.00462734117740165,-0.008510374371266434,0.0009214664140440332,-0.0008852689477522047,-0.0029831012826724355,-0.03417019494168134,-0.02531607653891733,0.011082513192582527,-0.0012615145950645981,-0.0015228957694617168,0.0015099986885938415,-0.005028120861069766,-0.0021480958305617674,0.0,-0.01594109656781217,0.0019633941820511335,-0.004309181619844356,-0.00017775791123658322,0.009078415802313335,0.007431554329022832,-0.0009531654477759333,0.0007294420430578,0.020530285259167166,0.05715385589130833,0.03885655244266167,-0.027443847618920165,0.0034462666184835278,0.004120881495386534,0.0026627131793938805,-0.00178039257168086,-0.01594109656781217,-0.0019633941820511335,0.007408778427519267,0.0,0.0005203152416965002,0.0009570919142295497,-0.014597163001348218,-0.005146601094688493,0.00081386472397344,0.0002605720926860455,0.0075778477447433455,0.04239817631275648,0.03225582432959866,-0.014876830507942999,0.0017248508769663966,0.0019357120835219721,0.010282864752319532,-0.004591988197478848,-0.004309181619844356,0.00017775791123658322,0.0005203152416965002,-0.0009570919142295497,0.002831585670445663,0.0,-0.010898519205792536,-0.006332643988584651,-0.0009112396606302688,-0.0005646775333756503,-0.09481240231907997,-0.11228693495518999,-0.06958912645835999,0.1004015480744517,-0.0108285153421372,-0.003426559307793597,-0.00462734117740165,0.008510374371266434,0.009078415802313335,-0.007431554329022832,-0.014597163001348218,0.005146601094688493,-0.010898519205792536,0.006332643988584651,0.04460614649612167,0.0,0.9998108390646167
0.03899999999999999,0.0016330247736763498,0.0,0.0006537105256828987,0.00034609315823966476,0.00011267385119336674,-0.001030966560249117,0.0016671889284659667,0.0007813616840403995,-3.558986484432655e-05,-0.00029370350798726654,-0.0012308088521723504,1.8714180719899983e-05,0.001193289812998383,-0.0001889171857598168,-0.00040492706807545,0.000782315684685183,0.0003136897233907334,-0.0010289314838805672,0.0006537105256828987,-0.00034609315823966476,0.5442582123727334,0.0,-0.09764903532121165,-0.40255284073281655,0.03841116444587451,-0.020642745413722165,-0.006635977518665681,-0.03258141098061299,-0.003024791014678182,0.034273203191253,0.020928165146888413,-0.057139216161581664,0.007756041218619931,-0.042126245218746,-0.0965287393594033,0.10972123209014335,0.00011267385119336674,0.001030966560249117,-0.09764903532121165,0.40255284073281655,0.3904344829297501,0.0,0.00802587009039932,0.04208280390261667,0.028136072287618163,0.0016546774201653507,-0.02627922682160017,-0.011631040619490248,0.039945440039011675,0.02914780311723601,0.033050794749312155,0.0157493781604325,-0.06876598261134667,-0.10528674228273997,0.0016671889284659667,-0.0007813616840403995,0.03841116444587451,0.020642745413722165,0.00802587009039932,-0.04208280390261667,0.007120879832171976,0.0,0.0074988648116755315,0.0028793307309512664,-0.0013120014767550067,0.001612448366383013,0.0039237375150757165,-0.0041212555244204505,0.0019451356186029989,-0.0020557883646266832,-0.011532025300268414,0.003012240026396951,-3.558986484432655e-05,0.00029370350798726654,-0.006635977518665681,0.03258141098061299,0.028136072287618163,-0.0016546774201653507,0.0074988648116755315,-0.0028793307309512664,0.00198575889289555,0.0,0.0016248863616790338,0.005228228230907567,0.002805094726466141,0.0018946730127681664,0.010842203760366964,0.004932665810754161,-0.0045768073246177715,-0.008920977872393541,-0.0012308088521723504,-1.8714180719899983e-05,-0.003024791014678182,-0.034273203191253,-0.02627922682160017,0.011631040619490248,-0.0013120014767550067,-0.001612448366383013,0.0016248863616790338,-0.005228228230907567,-0.0022782760255882334,0.0,-0.016771352206189662,0.0021246374873906495,-0.0044514069002103826,-0.00012980875070376686,0.009204084430527903,0.007761029081023668,0.001193289812998383,0.0001889171857598168,0.020928165146888413,0.057139216161581664,0.039945440039011675,-0.02914780311723601,0.0039237375150757165,0.0041212555244204505,0.002805094726466141,-0.0018946730127681664,-0.016771352206189662,-0.0021246374873906495,0.007831464855579236,0.0,0.00044849809576200025,0.0010987468495495501,-0.014925169205077835,-0.0055083971522827645,-0.00040492706807545,-0.000782315684685183,0.007756041218619931,0.042126245218746,0.033050794749312155,-0.0157493781604325,0.0019451356186029989,0.0020557883646266832,0.010842203760366964,-0.004932665810754161,-0.0044514069002103826,0.00012980875070376686,0.00044849809576200025,-0.0010987468495495501,0.002889158653665549,0.0,-0.01097959178993048,-0.00659216092990915,0.0003136897233907334,0.0010289314838805672,-0.0965287393594033,-0.10972123209014335,-0.06876598261134667,0.10528674228273997,-0.011532025300268414,-0.003012240026396951,-0.0045768073246177715,0.008920977872393541,0.009204084430527903,-0.007761029081023668,-0.014925169205077835,0.0055083971522827645,-0.01097959178993048,0.00659216092990915,0.04593594899556999,0.0,0.9998106552802167
0.04000000000000002,0.001632840985927083,0.0,-0.0006147813799175501,0.00022804748260733327,0.0006956257373434296,0.0007593305977340471,-0.00171579935495985,0.0007338735465696499,0.00023502099034921687,0.00022244477560360012,0.0008369912580454102,-0.0008418855589558501,-0.0006881111349258832,0.0010230060727819499,-0.0002736060489327881,-0.0008780593703582284,0.00045074206949648324,0.0009700600705530998,-0.0006147813799175501,-0.00022804748260733327,0.5273875390690832,0.0,-0.09914544239864502,-0.4000480978207166,0.03792152919399283,-0.02225498818172683,-0.007069560380486867,-0.032926639035723834,-0.0030387963749244724,0.0343443884880935,0.021286314146829292,-0.05707133499041332,0.007859807694306564,-0.04180846570993,-0.09798969589595333,0.1070007088047417,0.0006956257373434296,-0.0007593305977340471,-0.09914544239864502,0.4000480978207166,0.4049146001911667,0.0,0.009661483792872504,0.04405285078819332,0.02955280866959533,0.0015203881126177848,-0.027273401615913826,-0.012208384147432864,0.040994169373834995,0.030896493246611992,0.03380742051047549,0.016604278175599115,-0.06763594637742,-0.11004899445650498,-0.00171579935495985,-0.0007338735465696499,0.03792152919399283,0.02225498818172683,0.009661483792872504,-0.04405285078819332,0.007618549036893402,0.0,0.007876454052460333,0.0030329807045597003,-0.00140133566047254,0.0016965908472845496,0.004411374291547986,-0.004110202809340376,0.002187350276435434,-0.0021777999529507997,-0.01223567353260453,0.002564707714570266,0.00023502099034921687,-0.00022244477560360012,-0.007069560380486867,0.032926639035723834,0.02955280866959533,-0.0015203881126177848,0.007876454052460333,-0.0030329807045597003,0.002257243085940722,0.0,0.0017104416634288354,0.005421763857680254,0.0029130070788497167,0.0020175516400319548,0.01136682553132235,0.005273993740041673,-0.00448850614199565,-0.009346551200396498,0.0008369912580454102,0.0008418855589558501,-0.0030387963749244724,-0.0343443884880935,-0.027273401615913826,0.012208384147432864,-0.00140133566047254,-0.0016965908472845496,0.0017104416634288354,-0.005421763857680254,-0.0024196327336939495,0.0,-0.01758902286790483,0.002299572157781283,-0.004567957588397369,-7.625333077663331e-05,0.00931354315832532,0.0081010550679558,-0.0006881111349258832,-0.0010230060727819499,0.021286314146829292,0.05707133499041332,0.040994169373834995,-0.030896493246611992,0.004411374291547986,0.004110202809340376,0.0029130070788497167,-0.0020175516400319548,-0.01758902286790483,-0.002299572157781283,0.008263356288834216,0.0,0.0003900839248695148,0.0012258265586526534,-0.015216095880972462,-0.005883075050458467,-0.0002736060489327881,0.0008780593703582284,0.007859807694306564,0.04180846570993,0.03380742051047549,-0.016604278175599115,0.002187350276435434,0.0021777999529507997,0.01136682553132235,-0.005273993740041673,-0.004567957588397369,7.625333077663331e-05,0.0003900839248695148,-0.0012258265586526534,0.0029389521163028826,0.0,-0.011029217080225006,-0.006853650665977552,0.00045074206949648324,-0.0009700600705530998,-0.09798969589595333,-0.1070007088047417,-0.06763594637742,0.11004899445650498,-0.01223567353260453,-0.002564707714570266,-0.00448850614199565,0.009346551200396498,0.00931354315832532,-0.0081010550679558,-0.015216095880972462,0.005883075050458467,-0.011029217080225006,0.006853650665977552,0.0472170234434,0.0,0.9998104714838166
0.04099999999999996,0.0016326572021379663,0.0,0.00021062026378386667,-0.0005343359135327167,-0.0010406318023804169,1.7163727538683197e-05,0.0006161551216667502,-0.0017675619166412498,-0.00036015998990103314,-7.063166143283309e-06,3.5980479668166857e-06,0.0011421766302138908,-0.0002902134471181335,-0.0012203917555341328,0.0008507513977506335,0.00046181635325885005,-0.0009654704250637115,-0.00039045015558678334,0.00021062026378386667,0.0005343359135327167,0.5106644672808668,0.0,-0.10050695037544664,-0.3969325743291334,0.03723512942251665,-0.023800832859074337,-0.007510702513877516,-0.033231249871264676,-0.0030601171183123953,0.034330125897383504,0.02160609524823753,-0.05693772351700833,0.007936114323749884,-0.04145367152987267,-0.09922131289042166,0.104139142288395,-0.0010406318023804169,-1.7163727538683197e-05,-0.10050695037544664,0.3969325743291334,0.41927417383075,0.0,0.011422316518644334,0.04599758554099665,0.030990214533651517,0.0014118211153263413,-0.02825200247696234,-0.012820674320543169,0.04202525384581332,0.03265153431001367,0.03449523290416485,0.01746616300955887,-0.06622534693491333,-0.11467746909940671,0.0006161551216667502,0.0017675619166412498,0.03723512942251665,0.023800832859074337,0.011422316518644334,-0.04599758554099665,0.008139080854663635,0.0,0.00826526006928794,0.003184936119582516,-0.0015167207847186332,0.001775553851118301,0.004940424387794217,-0.0040673372713912696,0.002427557941110018,-0.002282287127487899,-0.012914626465286301,0.002062269789170074,-0.00036015998990103314,7.063166143283309e-06,-0.007510702513877516,0.033231249871264676,0.030990214533651517,-0.0014118211153263413,0.00826526006928794,-0.003184936119582516,0.002538964993634749,0.0,0.0018177985738446166,0.00559901034684355,0.0030263107430585157,0.0021377827054850666,0.011895372913150203,0.005609368536824124,-0.004372800416525783,-0.009788456831769494,3.5980479668166857e-06,-0.0011421766302138908,-0.0030601171183123953,-0.034330125897383504,-0.02825200247696234,0.012820674320543169,-0.0015167207847186332,-0.001775553851118301,0.0018177985738446166,-0.00559901034684355,-0.002572534234225383,0.0,-0.018399575241568163,0.0024916320055144827,-0.004694606897250052,-4.037550162432664e-05,0.00938974051472125,0.008459408529154399,-0.0002902134471181335,0.0012203917555341328,0.02160609524823753,0.05693772351700833,0.04202525384581332,-0.03265153431001367,0.004940424387794217,0.0040673372713912696,0.0030263107430585157,-0.0021377827054850666,-0.018399575241568163,-0.0024916320055144827,0.008704694219678765,0.0,0.00034431964651209456,0.001356552031837417,-0.0154856824587149,-0.006305043330725415,0.0008507513977506335,-0.00046181635325885005,0.007936114323749884,0.04145367152987267,0.03449523290416485,-0.01746616300955887,0.002427557941110018,0.002282287127487899,0.011895372913150203,-0.005609368536824124,-0.004694606897250052,4.037550162432664e-05,0.00034431964651209456,-0.001356552031837417,0.002980819578207283,0.0,-0.011053597700671181,-0.007149932700690651,-0.0009654704250637115,0.00039045015558678334,-0.09922131289042166,-0.104139142288395,-0.06622534693491333,0.11467746909940671,-0.012914626465286301,-0.002062269789170074,-0.004372800416525783,0.009788456831769494,0.00938974051472125,-0.008459408529154399,-0.0154856824587149,0.006305043330725415,-0.011053597700671181,0.007149932700690651,0.04844796396528834,0.0,0.9998102876909664
0.041999999999999975,0.0016324734325419339,0.0,0.0002181164049560498,0.00045726216263461655,0.0007018169426407665,-0.0007895508196721151,0.0008855609355995085,0.0016725123231660331,0.00029617430977196515,-0.00027313751409988355,-0.0007906195729282387,-0.0007651058986287218,0.0010975559783927501,0.0006166413847553668,-0.0009800765212988102,0.00027801872696475006,0.0009320831189859329,-0.00036298681421734354,0.0002181164049560498,-0.00045726216263461655,0.49411363453101687,0.0,-0.10168295265960164,-0.39321666381925,0.036365497933609006,-0.0252552708672476,-0.007947598161058849,-0.033460091191655175,-0.003101141565676834,0.034241260084423825,0.021890647553122318,-0.05670463283880665,0.00801837451369056,-0.04106108962991384,-0.10029279794533504,0.10111119935921835,0.0007018169426407665,0.0007895508196721151,-0.10168295265960164,0.39321666381925,0.43349140350848325,0.0,0.013293159707161216,0.047894821287931676,0.03241314010323784,0.0012989889569234062,-0.029197811349438982,-0.01344007981079038,0.04301138908973332,0.03438775569685417,0.0351133290455385,0.01834981304571075,-0.06454454774826336,-0.11920403689562001,0.0008855609355995085,-0.0016725123231660331,0.036365497933609006,0.0252552708672476,0.013293159707161216,-0.047894821287931676,0.008682702761285613,0.0,0.008696756978516289,0.0033630416945921167,-0.0016437723496831125,0.0018590813517295002,0.005490854436730715,-0.003950585510829015,0.002655782610682184,-0.0023453413755773833,-0.013538986413645432,0.001462199996531651,0.00029617430977196515,0.00027313751409988355,-0.007947598161058849,0.033460091191655175,0.03241314010323784,-0.0012989889569234062,0.008696756978516289,-0.0033630416945921167,0.0028305590917821004,0.0,0.001975070580255332,0.005785820392639978,0.003164731191771767,0.002255092289408728,0.01245437136113983,0.005962755353258953,-0.004245258379465173,-0.010218789024061498,-0.0007906195729282387,0.0007651058986287218,-0.003101141565676834,-0.034241260084423825,-0.029197811349438982,0.01344007981079038,-0.0016437723496831125,-0.0018590813517295002,0.001975070580255332,-0.005785820392639978,-0.002737763610026734,0.0,-0.019241868315080395,0.0027038509326220866,-0.004845967301050473,2.726286597541736e-06,0.009438836043626303,0.008812408411098782,0.0010975559783927501,-0.0006166413847553668,0.021890647553122318,0.05670463283880665,0.04301138908973332,-0.03438775569685417,0.005490854436730715,0.003950585510829015,0.003164731191771767,-0.002255092289408728,-0.019241868315080395,-0.0027038509326220866,0.009155223207305645,0.0,0.00027505505048047995,0.0015072523602325768,-0.015734161955173416,-0.006746650993794833,-0.0009800765212988102,-0.00027801872696475006,0.00801837451369056,0.04106108962991384,0.0351133290455385,-0.01834981304571075,0.002655782610682184,0.0023453413755773833,0.01245437136113983,-0.005962755353258953,-0.004845967301050473,-2.726286597541736e-06,0.00027505505048047995,-0.0015072523602325768,0.003014649457350632,0.0,-0.011031062559145287,-0.0074523417834418,0.0009320831189859329,0.00036298681421734354,-0.10029279794533504,-0.10111119935921835,-0.06454454774826336,0.11920403689562001,-0.013538986413645432,-0.001462199996531651,-0.004245258379465173,0.010218789024061498,0.009438836043626303,-0.008812408411098782,-0.015734161955173416,0.006746650993794833,-0.011031062559145287,0.0074523417834418,0.049627221532933335,0.0,0.9998101039124828
0.04300000000000001,0.0016322896714077995,0.0,-0.00042534595904793,-0.00014141458514125842,0.00011720343747786763,0.001049167123393599,-0.00187887035578325,-0.0004942720473603837,-3.440168557138342e-05,0.0004400052686981335,0.0010718528090096608,-1.7937421061413558e-05,-0.001197836003336983,0.0003883766246241833,0.0005189171065772499,-0.0009338688162124502,-0.0004236538034152999,0.0008666675448241328,-0.00042534595904793,0.00014141458514125842,0.4777611357227331,0.0,-0.10262012646202999,-0.3888790118215334,0.035380413497474845,-0.02660670391288166,-0.008409593559948882,-0.03359999781355767,-0.0031446768496192334,0.03412792329301866,0.02213499284411096,-0.056365497745951676,0.0080890535784627,-0.04063025982177201,-0.10119741292672835,0.09791921876883335,0.00011720343747786763,-0.001049167123393599,-0.10262012646202999,0.3888790118215334,0.44754388430531666,0.0,0.015229533063523284,0.04972763301157501,0.03381408108341734,0.0011195268066665658,-0.030143752840656162,-0.01405276705709481,0.043901914272264995,0.03612925330939468,0.035687328266798504,0.019237193903088135,-0.06257675208880835,-0.123616441391435,-0.00187887035578325,0.0004942720473603837,0.035380413497474845,0.02660670391288166,0.015229533063523284,-0.04972763301157501,0.009249980028893792,0.0,0.009155911161781832,0.00357751060402253,-0.001781458044914194,0.001943093700693723,0.006010620018028563,-0.0037706487517135834,0.0028825549557684573,-0.002377368922539563,-0.014113325980905015,0.000763506091706141,-3.440168557138342e-05,-0.0004400052686981335,-0.008409593559948882,0.03359999781355767,0.03381408108341734,-0.0011195268066665658,0.009155911161781832,-0.00357751060402253,0.003132133231801316,0.0,0.0021440496529317333,0.006000580568674683,0.003286723689444684,0.002379210802176551,0.013021769358571331,0.006342492664938314,-0.004106679483417789,-0.010625476797293398,0.0010718528090096608,1.7937421061413558e-05,-0.0031446768496192334,-0.03412792329301866,-0.030143752840656162,0.01405276705709481,-0.001781458044914194,-0.001943093700693723,0.0021440496529317333,-0.006000580568674683,-0.0029165063057409336,0.0,-0.020120506508272965,0.0029312989391857124,-0.004988852671659368,9.062312485518332e-05,0.0094762942558777,0.009138632536006717,-0.001197836003336983,-0.0003883766246241833,0.02213499284411096,0.056365497745951676,0.043901914272264995,-0.03612925330939468,0.006010620018028563,0.0037706487517135834,0.003286723689444684,-0.002379210802176551,-0.020120506508272965,-0.0029312989391857124,0.009614556703060518,0.0,0.00016904985703327822,0.001668272176797517,-0.015945955912356497,-0.0071618125796304175,0.0005189171065772499,0.0009338688162124502,0.0080890535784627,0.04063025982177201,0.035687328266798504,-0.019237193903088135,0.0028825549557684573,0.002377368922539563,0.013021769358571331,-0.006342492664938314,-0.004988852671659368,-9.062312485518332e-05,0.00016904985703327822,-0.001668272176797517,0.0030400217862671165,0.0,-0.010962761131112954,-0.007703277450831813,-0.0004236538034152999,-0.0008666675448241328,-0.10119741292672835,-0.09791921876883335,-0.06257675208880835,0.123616441391435,-0.014113325980905015,-0.000763506091706141,-0.004106679483417789,0.010625476797293398,0.0094762942558777,-0.009138632536006717,-0.015945955912356497,0.0071618125796304175,-0.010962761131112954,0.007703277450831813,0.050752424998755014,0.0,0.9998099201431333
0.044000000000000025,0.0016321059011443998,0.0,0.00034045693205662176,-0.00018428475539653536,-0.0008615739094948669,-0.0005819781513317671,0.0016757513889097831,-0.0010880445633546002,-0.0002846748561558333,-0.0003774791539694517,-0.0007561698908428618,0.0007417357558793218,0.0005359493134015232,-0.0011532118006203154,0.0003193446018628668,0.001071030269408202,-0.0002716577301991759,-0.0008986673393611262,0.00034045693205662176,0.00018428475539653536,0.4616315166531166,0.0,-0.10335987661691,-0.3839585466840666,0.034316124559193,-0.02785984716462696,-0.00892004588971185,-0.03367448382739349,-0.0031723462319782005,0.034000986210124165,0.022329887014308766,-0.055952300310490005,0.008127805387711849,-0.040157194800504684,-0.10186453698309668,0.09462296750426165,-0.0008615739094948669,0.0005819781513317671,-0.10335987661691,0.3839585466840666,0.4614099121238833,0.0,0.017209741542066836,0.051506117544455006,0.035220127813711984,0.0008771026225849842,-0.031113774322986665,-0.01467966688052563,0.044697141981015015,0.03790562915075067,0.03622463471600616,0.02011325012121583,-0.06030685946338001,-0.12786422390331667,0.0016757513889097831,0.0010880445633546002,0.034316124559193,0.02785984716462696,0.017209741542066836,-0.051506117544455006,0.009841166887191218,0.0,0.00959274068816428,0.003802977349020959,-0.0019298726342199452,0.0020150642747919826,0.006495791361173649,-0.0035804897449519158,0.00311869295215275,-0.0024069667217347496,-0.014661922623373812,1.8411778226669744e-06,-0.0002846748561558333,0.0003774791539694517,-0.00892004588971185,0.03367448382739349,0.035220127813711984,-0.0008771026225849842,0.00959274068816428,-0.003802977349020959,0.003443765962041166,0.0,0.0022789110816112557,0.006223579627138018,0.0033535017517619314,0.002515920694272617,0.013570796449737835,0.006727451167510985,-0.003940842275197487,-0.011037321419634682,-0.0007561698908428618,-0.0007417357558793218,-0.0031723462319782005,-0.034000986210124165,-0.031113774322986665,0.01467966688052563,-0.0019298726342199452,-0.0020150642747919826,0.0022789110816112557,-0.006223579627138018,-0.003109469724548293,0.0,-0.02099708303596628,0.003161483361696557,-0.005099841723187987,0.0002141382122897166,0.009500172898762201,0.009454682501633465,0.0005359493134015232,0.0011532118006203154,0.022329887014308766,0.055952300310490005,0.044697141981015015,-0.03790562915075067,0.006495791361173649,0.0035804897449519158,0.0033535017517619314,-0.002515920694272617,-0.02099708303596628,-0.003161483361696557,0.010082580860572284,0.0,5.6718585862649756e-05,0.0018240354966186669,-0.016118429821930503,-0.0075622716245863485,0.0003193446018628668,-0.001071030269408202,0.008127805387711849,0.040157194800504684,0.03622463471600616,-0.02011325012121583,0.00311869295215275,0.0024069667217347496,0.013570796449737835,-0.006727451167510985,-0.005099841723187987,-0.0002141382122897166,5.6718585862649756e-05,-0.0018240354966186669,0.003056529635913166,0.0,-0.010885459991033318,-0.00790257874580535,-0.0002716577301991759,0.0008986673393611262,-0.10186453698309668,-0.09462296750426165,-0.06030685946338001,0.12786422390331667,-0.014661922623373812,-1.8411778226669744e-06,-0.003940842275197487,0.011037321419634682,0.009500172898762201,-0.009454682501633465,-0.016118429821930503,0.0075622716245863485,-0.010885459991033318,0.00790257874580535,0.05182162806399835,0.0,0.9998097363635502
0.044999999999999964,0.001631922126015984,0.0,-7.072941701688354e-05,0.00031305116613294996,0.0009832475071197158,-0.0002696263694033165,-0.00033514589711477495,0.002008533097159517,0.0004997886010408832,9.566332628876655e-05,4.314446910680026e-05,-0.0010498840836688334,0.00047650440851023306,0.0011962094377953667,-0.0010297687248386664,-0.00054193245568075,0.0008000618531743996,0.0004428584406333001,-7.072941701688354e-05,-0.00031305116613294996,0.4457478344867001,0.0,-0.10396788273304829,-0.37846983219068336,0.03314583058945435,-0.029001784318566332,-0.009452402343375601,-0.03369549813847216,-0.003184644075025301,0.03382214509278234,0.022467996049690155,-0.05547881257426835,0.00815151699133799,-0.03961765681680618,-0.10225875230766168,0.09126222049454169,0.0009832475071197158,0.0002696263694033165,-0.10396788273304829,0.37846983219068336,0.47506811284436673,0.0,0.019249617529875408,0.053230490852764996,0.0366487173716725,0.0006341163263675336,-0.03207210111995167,-0.015336305618733528,0.045433073592985006,0.03969106355706583,0.03669067875470633,0.020987933302414837,-0.05772717358990331,-0.1319045879449667,-0.00033514589711477495,-0.002008533097159517,0.03314583058945435,0.029001784318566332,0.019249617529875408,-0.053230490852764996,0.010455818383187003,0.0,0.009993671114435967,0.0040174325029848175,-0.00208498441801425,0.002078143658933001,0.006990021179077333,-0.0033940487184368506,0.003358329004255966,-0.0024367051433614503,-0.015173143134380217,-0.0008082525265367367,0.0004997886010408832,-9.566332628876655e-05,-0.009452402343375601,0.03369549813847216,0.0366487173716725,-0.0006341163263675336,0.009993671114435967,-0.0040174325029848175,0.0037650664011059636,0.0,0.0023903749149934666,0.006431111771907034,0.0033918919332406624,0.0026657843949144,0.014114716940309914,0.007098803968640836,-0.0037349792914146166,-0.011478984297288334,4.314446910680026e-05,0.0010498840836688334,-0.003184644075025301,-0.03382214509278234,-0.03207210111995167,0.015336305618733528,-0.00208498441801425,-0.002078143658933001,0.0023903749149934666,-0.006431111771907034,-0.0033165131650964106,0.0,-0.021847483905354837,0.0033877734122917673,-0.005205763444715917,0.00032881197114961177,0.009492606736718263,0.009791070161310747,0.00047650440851023306,-0.0011962094377953667,0.022467996049690155,0.05547881257426835,0.045433073592985006,-0.03969106355706583,0.006990021179077333,0.0033940487184368506,0.0033918919332406624,-0.0026657843949144,-0.021847483905354837,-0.0033877734122917673,0.010558992194803735,0.0,-4.044726947663319e-05,0.0019832159942694133,-0.016264201055659833,-0.007993423786314532,-0.0010297687248386664,0.00054193245568075,0.00815151699133799,0.03961765681680618,0.03669067875470633,-0.020987933302414837,0.003358329004255966,0.0024367051433614503,0.014114716940309914,-0.007098803968640836,-0.005205763444715917,-0.00032881197114961177,-4.044726947663319e-05,-0.0019832159942694133,0.003064145340710367,0.0,-0.010813988573986568,-0.00810560335343255,0.0008000618531743996,-0.0004428584406333001,-0.10225875230766168,-0.09126222049454169,-0.05772717358990331,0.1319045879449667,-0.015173143134380217,0.0008082525265367367,-0.0037349792914146166,0.011478984297288334,0.009492606736718263,-0.009791070161310747,-0.016264201055659833,0.007993423786314532,-0.010813988573986568,0.00810560335343255,0.052834173967518334,0.0,0.9998095525791164
0.045999999999999965,0.00163173836147765,0.0,-0.00015889893473905028,-0.0002019924688373997,-0.0004587785146944198,0.0008780443533793,-0.0012642157840831233,-0.00163822046861235,-0.0004666087562942184,0.00030534051378248333,0.0006941955931826503,0.0007706336332380249,-0.001196883008577239,-0.00048526225252400635,0.0011438244412637665,-0.0003691163875553199,-0.0008549348808939112,0.0002450778734566903,-0.00015889893473905028,0.0002019924688373997,0.43013126551818337,0.0,-0.10444204056195168,-0.37247216202351663,0.03185906802634166,-0.030016469938722996,-0.009959070818707224,-0.03364834736914283,-0.003191628495047816,0.033591130377619995,0.02254840509869733,-0.05494033881757834,0.00817905790237048,-0.03899319247349451,-0.10244021291756834,0.087834464395025,-0.0004587785146944198,-0.0008780443533793,-0.10444204056195168,0.37247216202351663,0.48849885263235,0.0,0.021363849717780714,0.054890163960325,0.03809170350225334,0.0004075141123789067,-0.032986066848289995,-0.0160099555243375,0.04612516573937833,0.04144746915750166,0.03706097502521917,0.02187546218973845,-0.05484415955954501,-0.13577293809006669,-0.0012642157840831233,0.00163822046861235,0.03185906802634166,0.030016469938722996,0.021363849717780714,-0.054890163960325,0.011093453277575657,0.0,0.010394230041318715,0.00423692246357944,-0.0022470723133490088,0.0021491395532954494,0.007507720418912432,-0.003171668427003732,0.0035977042760537772,-0.002436978904801949,-0.01560412921664423,-0.001686499408834845,-0.0004666087562942184,-0.00030534051378248333,-0.009959070818707224,0.03364834736914283,0.03809170350225334,-0.0004075141123789067,0.010394230041318715,-0.00423692246357944,0.004095643012094633,0.0,0.002511092229288416,0.006631914481363083,0.003445046626541468,0.0028278617680815,0.014686512635940665,0.00747552723632472,-0.003496853273878227,-0.011929209992999184,0.0006941955931826503,-0.0007706336332380249,-0.003191628495047816,-0.033591130377619995,-0.032986066848289995,0.0160099555243375,-0.0022470723133490088,-0.0021491395532954494,0.002511092229288416,-0.006631914481363083,-0.0035375196910425346,0.0,-0.02270405276669933,0.003617752920888884,-0.005344105813866549,0.00042130089465656324,0.009453839234304949,0.01014654530190958,-0.001196883008577239,0.00048526225252400635,0.02254840509869733,0.05494033881757834,0.04612516573937833,-0.04144746915750166,0.007507720418912432,0.003171668427003732,0.003445046626541468,-0.0028278617680815,-0.02270405276669933,-0.003617752920888884,0.011042954736861031,0.0,-0.00014408942019931696,0.002170094527165551,-0.016398216219894166,-0.008459236006467485,0.0011438244412637665,0.0003691163875553199,0.00817905790237048,0.03899319247349451,0.03706097502521917,-0.02187546218973845,0.0035977042760537772,0.002436978904801949,0.014686512635940665,-0.00747552723632472,-0.005344105813866549,-0.00042130089465656324,-0.00014408942019931696,-0.002170094527165551,0.003062936197674301,0.0,-0.01072699914553302,-0.00833186356966562,-0.0008549348808939112,-0.0002450778734566903,-0.10244021291756834,-0.087834464395025,-0.05484415955954501,0.13577293809006669,-0.01560412921664423,0.001686499408834845,-0.003496853273878227,0.011929209992999184,0.009453839234304949,-0.01014654530190958,-0.016398216219894166,0.008459236006467485,-0.01072699914553302,0.00833186356966562,0.05379004476066666,0.0,0.9998093688062831
0.04700000000000003,0.0016315546102461163,0.0,0.00019689638826835462,-3.4721612563499055e-06,-0.0002959034060723765,-0.00090240360712475,0.0021060336310303415,0.00018499671196077014,0.0001275442503695266,-0.0005999035733262331,-0.0010220351625952336,-5.040448985661325e-05,0.0011792419783557997,-0.0005236563641943665,-0.0005397258974742003,0.0011073723995715997,0.00043637787558845504,-0.0007558287183755309,0.00019689638826835462,3.4721612563499055e-06,0.41480270471459996,0.0,-0.1046790475397017,-0.36594461726771654,0.030483967470147835,-0.030904708571414162,-0.01042699353922665,-0.033510251371200166,-0.0032004562718793332,0.03334553032761382,0.022561645484821598,-0.05432661981926335,0.008187816188800833,-0.038284923967013676,-0.10243369951124336,0.08431284093311668,-0.0002959034060723765,0.00090240360712475,-0.1046790475397017,0.36594461726771654,0.5016836101166666,0.0,0.023526479137915675,0.056468346690770006,0.03953192609797832,0.00013903230404284334,-0.03387831277846834,-0.016685872628726162,0.04673603916141999,0.043173854286654996,0.037343728029629,0.022759320857476128,-0.05165148501013501,-0.13946914377070002,0.0021060336310303415,-0.00018499671196077014,0.030483967470147835,0.030904708571414162,0.023526479137915675,-0.056468346690770006,0.011754034505130316,0.0,0.010815376895038403,0.004481443757768216,-0.002424065114205163,0.0022280443945667337,0.0080098393655105,-0.0028968395319175365,0.0038520763370139986,-0.0023897892652177655,-0.015936429916730995,-0.0026447415003626167,0.0001275442503695266,0.0005999035733262331,-0.01042699353922665,0.033510251371200166,0.03953192609797832,-0.00013903230404284334,0.010815376895038403,-0.004481443757768216,0.004435497736370783,0.0,0.0026323568572617835,0.006836841521048998,0.0034979615606338626,0.0029910450648039846,0.015281880299732382,0.007886496145529536,-0.003240119678466359,-0.01235392433422905,-0.0010220351625952336,5.040448985661325e-05,-0.0032004562718793332,-0.03334553032761382,-0.03387831277846834,0.016685872628726162,-0.002424065114205163,-0.0022280443945667337,0.0026323568572617835,-0.006836841521048998,-0.0037729739512460175,0.0,-0.02359698144650766,0.0038635871037210156,-0.00549769583563823,0.0005198376505505733,0.009407306791964852,0.01049012375909994,0.0011792419783557997,0.0005236563641943665,0.022561645484821598,0.05432661981926335,0.04673603916141999,-0.043173854286654996,0.0080098393655105,0.0028968395319175365,0.0034979615606338626,-0.0029910450648039846,-0.02359698144650766,-0.0038635871037210156,0.011533656749366666,0.0,-0.00028071504411293353,0.002389046552771766,-0.016511553749250164,-0.008911319178136999,-0.0005397258974742003,-0.0011073723995715997,0.008187816188800833,0.038284923967013676,0.037343728029629,-0.022759320857476128,0.0038520763370139986,0.0023897892652177655,0.015281880299732382,-0.007886496145529536,-0.00549769583563823,-0.0005198376505505733,-0.00028071504411293353,-0.002389046552771766,0.0030525425028849512,0.0,-0.010606597820016321,-0.008533512925950016,0.00043637787558845504,0.0007558287183755309,-0.10243369951124336,-0.08431284093311668,-0.05165148501013501,0.13946914377070002,-0.015936429916730995,0.0026447415003626167,-0.003240119678466359,0.01235392433422905,0.009407306791964852,-0.01049012375909994,-0.016511553749250164,0.008911319178136999,-0.010606597820016321,0.008533512925950016,0.054688558061795,0.0,0.9998091850454329
0.04800000000000003,0.001631370860999967,0.0,-7.033492546644517e-05,0.00011438386656912548,0.0008276798422922841,0.00038652100362296035,-0.0015788437369703447,0.0014688300695949999,0.00035649207026806814,0.0005608982660531001,0.0007576351476195049,-0.0006783675941255169,-0.000449625130763617,0.0012259558882920247,-0.0004445165383408164,-0.0011806825568002664,0.00019470038845182462,0.0008506047025221504,-7.033492546644517e-05,-0.00011438386656912548,0.39978286472783336,0.0,-0.10463881747158668,-0.35892312775386664,0.02904540839308916,-0.03168323654370332,-0.010888733301722402,-0.033295491270287504,-0.0031996013152084785,0.03310553480244733,0.022505219156812462,-0.05366651762027,0.00814303719254295,-0.03751833103230268,-0.10220851630645665,0.08074606823131164,0.0008276798422922841,-0.00038652100362296035,-0.10463881747158668,0.35892312775386664,0.5146038506331502,0.0,0.02572055150275333,0.05797795403620332,0.040982716526443336,-0.00020826730247276641,-0.034801024141370006,-0.017384511644209167,0.04725548558129833,0.04490457189874167,0.03756803649101365,0.023614298921845016,-0.048170645785825666,-0.14294071829226668,-0.0015788437369703447,-0.0014688300695949999,0.02904540839308916,0.03168323654370332,0.02572055150275333,-0.05797795403620332,0.012437498025202947,0.0,0.011239003803315908,0.0047355371028459155,-0.002619796759322666,0.002290080417314858,0.008476978425459834,-0.002602683584699782,0.004136866813810166,-0.0023100601074956266,-0.01620228538772717,-0.003657805463354699,0.00035649207026806814,-0.0005608982660531001,-0.010888733301722402,0.033295491270287504,0.040982716526443336,0.00020826730247276641,0.011239003803315908,-0.0047355371028459155,0.004784633259069818,0.0,0.0027205309992712886,0.007031118326565081,0.0035066424639071184,0.00314029966995265,0.0158683708546763,0.008328959534398215,-0.002958183884015793,-0.012758326524605167,0.0007576351476195049,0.0006783675941255169,-0.0031996013152084785,-0.03310553480244733,-0.034801024141370006,0.017384511644209167,-0.002619796759322666,-0.002290080417314858,0.0027205309992712886,-0.007031118326565081,-0.004023398784278185,0.0,-0.024509384024365827,0.004127352834473365,-0.005618511654903137,0.0006365779542685167,0.009368409708597267,0.010812452604162302,-0.000449625130763617,-0.0012259558882920247,0.022505219156812462,0.05366651762027,0.04725548558129833,-0.04490457189874167,0.008476978425459834,0.002602683584699782,0.0035066424639071184,-0.00314029966995265,-0.024509384024365827,-0.004127352834473365,0.012031123483656998,0.0,-0.00043718952042214997,0.0026175649281067375,-0.01659037151997774,-0.009325398370277665,-0.0004445165383408164,0.0011806825568002664,0.00814303719254295,0.03751833103230268,0.03756803649101365,-0.023614298921845016,0.004136866813810166,0.0023100601074956266,0.0158683708546763,-0.008328959534398215,-0.005618511654903137,-0.0006365779542685167,-0.00043718952042214997,-0.0026175649281067375,0.003032249886230417,0.0,-0.01046611066068338,-0.008683552870041819,0.00019470038845182462,-0.0008506047025221504,-0.10220851630645665,-0.08074606823131164,-0.048170645785825666,0.14294071829226668,-0.01620228538772717,0.003657805463354699,-0.002958183884015793,0.012758326524605167,0.009368409708597267,-0.010812452604162302,-0.01659037151997774,0.009325398370277665,-0.01046611066068338,0.008683552870041819,0.05552880919575833,0.0,0.9998090012874502
0.04899999999999996,0.0016311871065471171,0.0,-5.369469565180003e-05,-4.967834877709166e-05,-0.0008325798195336668,0.0003486363291622834,-4.1444130982150044e-05,-0.002167900140386266,-0.0006909226623033499,-0.0001554844519159749,-6.751196939866675e-05,0.0010123000122648014,-0.0005808362715922482,-0.0012093738763208671,0.0011945012238030672,0.0005072940132264999,-0.0007340808038514033,-0.00048778386940347135,-5.369469565180003e-05,4.967834877709166e-05,0.38508993397859986,0.0,-0.10436929790058332,-0.3514227667626668,0.02751595646678284,-0.032341036170312996,-0.011360858432657649,-0.03302080374521484,-0.0031701474145153005,0.03283354217968516,0.02239424384472759,-0.05298119643300999,0.00804964118284295,-0.036711496808803666,-0.10173428278548165,0.07719076180008168,-0.0008325798195336668,-0.0003486363291622834,-0.10436929790058332,0.3514227667626668,0.5272419877534833,0.0,0.027964242765061324,0.05941666662749,0.04245824724684499,-0.0005840139424441495,-0.03574479537934832,-0.018128532534654504,0.04771805296926501,0.04664397956745665,0.03772850306727498,0.024438206898431177,-0.04444454848761732,-0.14610959441031668,-4.1444130982150044e-05,0.002167900140386266,0.02751595646678284,0.032341036170312996,0.027964242765061324,-0.05941666662749,0.013143189039810184,0.0,0.011656142226374521,0.004973220456008983,-0.002827240609353132,0.0023177744909293045,0.008941629278645053,-0.002304619144519723,0.00444159013420021,-0.0022149638902867015,-0.01642567213949747,-0.004684894075795014,-0.0006909226623033499,0.0001554844519159749,-0.011360858432657649,0.03302080374521484,0.04245824724684499,0.0005840139424441495,0.011656142226374521,-0.004973220456008983,0.005142632703581182,0.0,0.0027792012895429775,0.0071962036656792175,0.0034781536610341496,0.0032743005745194567,0.016434354352050855,0.008773040787114212,-0.002627600003348216,-0.013169737801168353,-6.751196939866675e-05,-0.0010123000122648014,-0.0031701474145153005,-0.03283354217968516,-0.03574479537934832,0.018128532534654504,-0.002827240609353132,-0.0023177744909293045,0.0027792012895429775,-0.0071962036656792175,-0.004288723812622933,0.0,-0.025409222427454838,0.004400616207892983,-0.005699766818347579,0.0007418931508142835,0.009321235243359566,0.011134545851830848,-0.0005808362715922482,0.0012093738763208671,0.02239424384472759,0.05298119643300999,0.04771805296926501,-0.04664397956745665,0.008941629278645053,0.002304619144519723,0.0034781536610341496,-0.0032743005745194567,-0.025409222427454838,-0.004400616207892983,0.012535906220884666,0.0,-0.0005804244791529835,0.0028406707685794327,-0.016632583883946762,-0.00973269461535622,0.0011945012238030672,-0.0005072940132264999,0.00804964118284295,0.036711496808803666,0.03772850306727498,-0.024438206898431177,0.00444159013420021,0.0022149638902867015,0.016434354352050855,-0.008773040787114212,-0.005699766818347579,-0.0007418931508142835,-0.0005804244791529835,-0.0028406707685794327,0.003001580112900617,0.0,-0.0103094746723803,-0.008822942025130348,-0.0007340808038514033,0.00048778386940347135,-0.10173428278548165,-0.07719076180008168,-0.04444454848761732,0.14610959441031668,-0.01642567213949747,0.004684894075795014,-0.002627600003348216,0.013169737801168353,0.009321235243359566,-0.011134545851830848,-0.016632583883946762,0.00973269461535622,-0.0103094746723803,0.008822942025130348,0.05631112442118833,0.0,0.9998088175241
0.049999999999999954,0.0016310033643727165,0.0,1.9976512427661626e-05,-7.293725015481704e-05,0.0003295375674293102,-0.0008515563463456661,0.0016212537736978833,0.0014165616623771496,0.0006229985201826169,-0.0004150187902577431,-0.0006707635977903197,-0.0007510161272083666,0.0013060085795263549,0.0004391839871624417,-0.0012354994620159007,0.00051366711647985,0.000867190064975783,-0.00017414763303904847,1.9976512427661626e-05,7.293725015481704e-05,0.3707411557685501,0.0,-0.10392063424034496,-0.34348076595640004,0.02587281441413151,-0.032839603265441004,-0.011818487027198002,-0.03267713041984383,-0.003108082951210683,0.032492166389207336,0.022253320487374252,-0.05225631814237832,0.00794322629920109,-0.0358725443698805,-0.10106804854766335,0.07364126655258665,0.0003295375674293102,0.0008515563463456661,-0.10392063424034496,0.34348076595640004,0.5395808999506335,0.0,0.030277992156060165,0.06076283528986499,0.04393908567607333,-0.0009276286979168833,-0.036653289822645,-0.018899138841167496,0.048153468318229996,0.04836437067679668,0.03780720084602917,0.025255099569573333,-0.040513732224088675,-0.14898916634043335,0.0016212537736978833,-0.0014165616623771496,0.02587281441413151,0.032839603265441004,0.030277992156060165,-0.06076283528986499,0.013870222595517597,0.0,0.012096261424963915,0.005212947409626716,-0.0030373233808886945,0.002326258094710917,0.009424813756094687,-0.0019606022434757336,0.004734863152888349,-0.002094475441126532,-0.016580023193801426,-0.005710684772927339,0.0006229985201826169,0.0004150187902577431,-0.011818487027198002,0.03267713041984383,0.04393908567607333,0.0009276286979168833,0.012096261424963915,-0.005212947409626716,0.005508858372874849,0.0,0.002850252730675298,0.007348621972260985,0.003462792116928649,0.0034033039986361,0.017010201186757484,0.00921392975437915,-0.0022426181775169335,-0.013583139066543333,-0.0006707635977903197,0.0007510161272083666,-0.003108082951210683,-0.032492166389207336,-0.036653289822645,0.018899138841167496,-0.0030373233808886945,-0.002326258094710917,0.002850252730675298,-0.007348621972260985,-0.004568831876537632,0.0,-0.026311645855643665,0.0046824670834446185,-0.005783105962698066,0.0008183577828859002,0.009244509389853722,0.011468910607212997,0.0013060085795263549,-0.0004391839871624417,0.022253320487374252,0.05225631814237832,0.048153468318229996,-0.04836437067679668,0.009424813756094687,0.0019606022434757336,0.003462792116928649,-0.0034033039986361,-0.026311645855643665,-0.0046824670834446185,0.013048078093476332,0.0,-0.0007080909196625668,0.0030696213853284443,-0.01664900222892355,-0.010162233377041653,-0.0012354994620159007,-0.00051366711647985,0.00794322629920109,0.0358725443698805,0.03780720084602917,-0.025255099569573333,0.004734863152888349,0.002094475441126532,0.017010201186757484,-0.00921392975437915,-0.005783105962698066,-0.0008183577828859002,-0.0007080909196625668,-0.0030696213853284443,0.0029604910527303106,0.0,-0.010114105451678398,-0.008989816552292416,0.000867190064975783,0.00017414763303904847,-0.10106804854766335,-0.07364126655258665,-0.040513732224088675,0.14898916634043335,-0.016580023193801426,0.005710684772927339,-0.0022426181775169335,0.013583139066543333,0.009244509389853722,-0.011468910607212997,-0.01664900222892355,0.010162233377041653,-0.010114105451678398,0.008989816552292416,0.057036756451785006,0.0,0.9998086337733831
0.05100000000000004,0.0016308196448110831,0.0,0.00011532606326784986,6.036432755554975e-05,0.00036569526464990017,0.000848515301698815,-0.002129423766557635,0.00023615297669456672,-0.00012375761804295002,0.00077511273821855,0.000997400477060517,1.857656435968333e-05,-0.001243644489449544,0.0006413655362395898,0.0005221885235871,-0.0012724344087581998,-0.000486056835752983,0.0007368416461185831,0.00011532606326784986,-6.036432755554975e-05,0.3567529268521667,0.0,-0.10325140844099163,-0.33510885677478336,0.02414444195293033,-0.03316139508979501,-0.012241666631722421,-0.032242400521692166,-0.003035783806323067,0.032085026116084166,0.022087495422326797,-0.05146130720998001,0.00784280246653995,-0.035010269643016,-0.10027219629360663,0.07004257727350335,0.00036569526464990017,-0.000848515301698815,-0.10325140844099163,0.33510885677478336,0.5516052889500166,0.0,0.032636931977895,0.062001040044509986,0.04538170579955333,-0.0012663446092805832,-0.03750764515563001,-0.01966167284820703,0.04852557684933334,0.05004706357044666,0.037809110781014156,0.026076255555123502,-0.03637792426179474,-0.15163645795745,-0.002129423766557635,-0.00023615297669456672,0.02414444195293033,0.03316139508979501,0.032636931977895,-0.062001040044509986,0.01461855307016785,0.0,0.012579568841586645,0.005500282174453901,-0.0032456308798401007,0.002335976417115566,0.009887645290126866,-0.0015409669355621184,0.004998620546504324,-0.0019316102220574998,-0.01662657577474528,-0.006745995371972903,-0.00012375761804295002,-0.00077511273821855,-0.012241666631722421,0.032242400521692166,0.04538170579955333,0.0012663446092805832,0.012579568841586645,-0.005500282174453901,0.0058829355476281,0.0,0.002953820345466418,0.0075200534969816655,0.003468018581999567,0.0035267106214306506,0.017615527445838237,0.009675487350494765,-0.0018290879953928834,-0.013965560774834,0.000997400477060517,-1.857656435968333e-05,-0.003035783806323067,-0.032085026116084166,-0.03750764515563001,0.01966167284820703,-0.0032456308798401007,-0.002335976417115566,0.002953820345466418,-0.0075200534969816655,-0.004864439218129416,0.0,-0.027255114413946673,0.004978067559723453,-0.005882232108493249,0.0008995255755173502,0.009137801771500417,0.011792598166589516,-0.001243644489449544,-0.0006413655362395898,0.022087495422326797,0.05146130720998001,0.04852557684933334,-0.05004706357044666,0.009887645290126866,0.0015409669355621184,0.003468018581999567,-0.0035267106214306506,-0.027255114413946673,-0.004978067559723453,0.013567193149197167,0.0,-0.0008479403925847249,0.0033188233755707137,-0.016640281415625336,-0.010589000765357336,0.0005221885235871,0.0012724344087581998,0.00784280246653995,0.035010269643016,0.037809110781014156,-0.026076255555123502,0.004998620546504324,0.0019316102220574998,0.017615527445838237,-0.009675487350494765,-0.005882232108493249,-0.0008995255755173502,-0.0008479403925847249,-0.0033188233755707137,0.00290887826355661,0.0,-0.009875130997234582,-0.009149589597373114,-0.000486056835752983,-0.0007368416461185831,-0.10027219629360663,-0.07004257727350335,-0.03637792426179474,0.15163645795745,-0.01662657577474528,0.006745995371972903,-0.0018290879953928834,0.013965560774834,0.009137801771500417,-0.011792598166589516,-0.016640281415625336,0.010589000765357336,-0.009875130997234582,0.009149589597373114,0.05770629378551501,0.0,0.9998084500446498
0.05200000000000004,0.0016306359419696501,0.0,-0.00015625198888339975,9.895398115783316e-05,-0.0008638721987221168,-0.00033066556700675064,0.0012601883682871356,-0.0017429345045457995,-0.0004947081464090999,-0.0006401830605346166,-0.0006952652505600998,0.0007140622090767331,0.00040871486327831837,-0.0013529671873803836,0.0005464513441182164,0.0012979227785442826,-0.00016811192858304965,-0.000873974762008108,-0.00015625198888339975,-9.895398115783316e-05,0.34314248897626665,0.0,-0.102314283806005,-0.32631123257096667,0.02237933217810967,-0.033325296900205,-0.012657334561005429,-0.031720242743133675,-0.002972187299752917,0.031633979106482336,0.021880534260446782,-0.05059991888622834,0.007739737734418369,-0.03414318537668983,-0.09932437655705,0.06640765724103832,-0.0008638721987221168,0.00033066556700675064,-0.102314283806005,0.32631123257096667,0.5632998164917332,0.0,0.03500347703721666,0.06314334843328999,0.04677729117670668,-0.0016653070078123057,-0.03833718722948998,-0.02042240656576,0.04878253383138168,0.051702603189851676,0.03776097695183633,0.026884896670677512,-0.0320316659286575,-0.15404220239475,0.0012601883682871356,0.0017429345045457995,0.02237933217810967,0.033325296900205,0.03500347703721666,-0.06314334843328999,0.015388710177359436,0.0,0.013079716121988497,0.005837810033173437,-0.003449083677152116,0.0023412449703632153,0.010293218956482934,-0.0010895462267673838,0.005243099393453899,-0.001735765231986767,-0.01656973628357715,-0.007807238710320719,-0.0004947081464090999,0.0006401830605346166,-0.012657334561005429,0.031720242743133675,0.04677729117670668,0.0016653070078123057,0.013079716121988497,-0.005837810033173437,0.0062645254577733305,0.0,0.003066335689681617,0.007713115950378833,0.0034442091208891834,0.0036323035876740166,0.018224201052392187,0.010161898549305708,-0.001407658873996233,-0.014307706112140085,-0.0006952652505600998,-0.0007140622090767331,-0.002972187299752917,-0.031633979106482336,-0.03833718722948998,0.02042240656576,-0.003449083677152116,-0.0023412449703632153,0.003066335689681617,-0.007713115950378833,-0.005176545261966752,0.0,-0.028229628309864505,0.005279256832778862,-0.0059574602828303515,0.0010212643446201517,0.009015427181101982,0.01208101214596135,0.00040871486327831837,0.0013529671873803836,0.021880534260446782,0.05059991888622834,0.04878253383138168,-0.051702603189851676,0.010293218956482934,0.0010895462267673838,0.0034442091208891834,-0.0036323035876740166,-0.028229628309864505,-0.005279256832778862,0.014092904958705582,0.0,-0.0010100105410819084,0.003575514380445067,-0.01659343275691969,-0.01097284966835385,0.0005464513441182164,-0.0012979227785442826,0.007739737734418369,0.03414318537668983,0.03776097695183633,-0.026884896670677512,0.005243099393453899,0.001735765231986767,0.018224201052392187,-0.010161898549305708,-0.0059574602828303515,-0.0010212643446201517,-0.0010100105410819084,-0.003575514380445067,0.002846411126484025,0.0,-0.009626309796405639,-0.009247293337056742,-0.00016811192858304965,0.000873974762008108,-0.09932437655705,-0.06640765724103832,-0.0320316659286575,0.15404220239475,-0.01656973628357715,0.007807238710320719,-0.001407658873996233,0.014307706112140085,0.009015427181101982,-0.01208101214596135,-0.01659343275691969,0.01097284966835385,-0.009626309796405639,0.009247293337056742,0.05831931846491331,0.0,0.9998082663334832
0.052999999999999964,0.0016304522370311331,0.0,2.040710909812474e-05,-0.0002408433492037103,0.0008184553128326951,-0.0004241958579456918,0.0004622611971761169,0.0021082666204800165,0.0008125984811191916,8.957343786114317e-05,-1.1599902209261501e-05,-0.0010002106682643662,0.0006925056943510668,0.001251701287383489,-0.0013347530559318006,-0.0005402153920907166,0.0007484463971828048,0.0005224863800360245,2.040710909812474e-05,0.0002408433492037103,0.32992467686231663,0.0,-0.10116744378435163,-0.31712392345766655,0.020587029367369333,-0.03335212071506667,-0.013100388763322514,-0.031140345085758827,-0.00290179812829735,0.031147820104965005,0.021628461974268612,-0.04970667829038998,0.007625801404646309,-0.033286787949780655,-0.09817219632278001,0.06282811184496168,0.0008184553128326951,0.0004241958579456918,-0.10116744378435163,0.31712392345766655,0.5746501104542667,0.0,0.037371384496485006,0.06421221793774667,0.048156877763455,-0.0021144016712297342,-0.03915374201931166,-0.021208771711595832,0.048940055217821674,0.053345388794743334,0.037673889029634505,0.02766552682238883,-0.027502159892400336,-0.15615119293831667,0.0004622611971761169,-0.0021082666204800165,0.020587029367369333,0.03335212071506667,0.037371384496485006,-0.06421221793774667,0.016180677868119702,0.0,0.013555259591599698,0.006179193726808901,-0.0036442976572799227,0.0023291639485606497,0.01067216878057123,-0.0006606844022216337,0.0054799284638133335,-0.0015329035371338831,-0.016441098694222785,-0.008891609290018733,0.0008125984811191916,-8.957343786114317e-05,-0.013100388763322514,0.031140345085758827,0.048156877763455,0.0021144016712297342,0.013555259591599698,-0.006179193726808901,0.006653109794066034,0.0,0.0031623832517899335,0.0079040153803121,0.0033653481914597497,0.003717502032312384,0.018803410894862174,0.01064590486280887,-0.0009586328190490899,-0.014634840885409504,-1.1599902209261501e-05,0.0010002106682643662,-0.00290179812829735,-0.031147820104965005,-0.03915374201931166,0.021208771711595832,-0.0036442976572799227,-0.0023291639485606497,0.0031623832517899335,-0.0079040153803121,-0.005505170251033805,0.0,-0.029187776672774828,0.005562537950291488,-0.005989052274895603,0.0011703809751832338,0.008878415748180718,0.012351654281226535,0.0006925056943510668,-0.001251701287383489,0.021628461974268612,0.04970667829038998,0.048940055217821674,-0.053345388794743334,0.01067216878057123,0.0006606844022216337,0.0033653481914597497,-0.003717502032312384,-0.029187776672774828,-0.005562537950291488,0.01462506523162834,0.0,-0.00117036060840215,0.003821360719954317,-0.016499082825688665,-0.011327677313886416,-0.0013347530559318006,0.0005402153920907166,0.007625801404646309,0.033286787949780655,0.037673889029634505,-0.02766552682238883,0.0054799284638133335,0.0015329035371338831,0.018803410894862174,-0.01064590486280887,-0.005989052274895603,-0.0011703809751832338,-0.00117036060840215,-0.003821360719954317,0.0027729255455272066,0.0,-0.009395230820815538,-0.009294264816840972,0.0007484463971828048,-0.0005224863800360245,-0.09817219632278001,-0.06282811184496168,-0.027502159892400336,0.15615119293831667,-0.016441098694222785,0.008891609290018733,-0.0009586328190490899,0.014634840885409504,0.008878415748180718,-0.012351654281226535,-0.016499082825688665,0.011327677313886416,-0.009395230820815538,0.009294264816840972,0.058876234877598334,0.0,0.9998080826192332
0.05399999999999996,0.0016302685318048498,0.0,0.00020041501765793315,0.00021637545098804998,-0.00022251521260520022,0.0008858636925151662,-0.0018730612864344331,-0.0010586367923463823,-0.0006287520595507833,0.0005299896147687336,0.0006992593175657566,0.0007104213877936614,-0.0013899200350747615,-0.0003823685950787869,0.0013538445124052828,-0.0005681392999714836,-0.0009259018949251328,0.0001695216571632082,0.00020041501765793315,-0.00021637545098804998,0.31711295534013334,0.0,-0.09989884456747666,-0.3075395208082167,0.01875544075185866,-0.03322444009323333,-0.01355135712667692,-0.03051661643987035,-0.0027995872444398547,0.03061689692996766,0.021346524927620052,-0.04878315538066334,0.00750402709390455,-0.03242459161429166,-0.09681479890087666,0.05934656610843,-0.00022251521260520022,-0.0008858636925151662,-0.09989884456747666,0.3075395208082167,0.5856416443806833,0.0,0.039749982296481676,0.06519582202943335,0.04952642828488831,-0.0025438387962170633,-0.039909671355304974,-0.022011023122162,0.049047192747363334,0.054957616115115,0.037523079852322665,0.02841646241516434,-0.022814514023883174,-0.1579257779866,-0.0018730612864344331,0.0010586367923463823,0.01875544075185866,0.03322444009323333,0.039749982296481676,-0.06519582202943335,0.01699348298959377,0.0,0.013998148978389035,0.006500063529499246,-0.003838331508230855,0.0023078857867679663,0.011070690422139451,-0.00023938151294299972,0.00569835561050505,-0.0013283980524527172,-0.016239770703558996,-0.009976636986341532,-0.0006287520595507833,-0.0005299896147687336,-0.01355135712667692,0.03051661643987035,0.04952642828488831,0.0025438387962170633,0.013998148978389035,-0.006500063529499246,0.007048132206260482,0.0,0.003248069704264067,0.008083596216243633,0.0032689222878405345,0.0037995163744049833,0.019355400781009665,0.011106733204446348,-0.0004482530324875449,-0.014956340858669254,0.0006992593175657566,-0.0007104213877936614,-0.0027995872444398547,-0.03061689692996766,-0.039909671355304974,0.022011023122162,-0.003838331508230855,-0.0023078857867679663,0.003248069704264067,-0.008083596216243633,-0.0058492550005893795,0.0,-0.030106881531684344,0.0058142347636846465,-0.006017944911375237,0.0013131194926540501,0.008709847633297766,0.012640559143486198,-0.0013899200350747615,0.0003823685950787869,0.021346524927620052,0.04878315538066334,0.049047192747363334,-0.054957616115115,0.011070690422139451,0.00023938151294299972,0.0032689222878405345,-0.0037995163744049833,-0.030106881531684344,-0.0058142347636846465,0.015162846202282127,0.0,-0.0013129731838884497,0.0040665082842920005,-0.01635631269694083,-0.011698628479653498,0.0013538445124052828,0.0005681392999714836,0.00750402709390455,0.03242459161429166,0.037523079852322665,-0.02841646241516434,0.00569835561050505,0.0013283980524527172,0.019355400781009665,-0.011106733204446348,-0.006017944911375237,-0.0013131194926540501,-0.0013129731838884497,-0.0040665082842920005,0.002688754975212768,0.0,-0.009161113704487526,-0.009343938250156284,-0.0009259018949251328,-0.0001695216571632082,-0.09681479890087666,-0.05934656610843,-0.022814514023883174,0.1579257779866,-0.016239770703558996,0.009976636986341532,-0.0004482530324875449,0.014956340858669254,0.008709847633297766,-0.012640559143486198,-0.01635631269694083,0.011698628479653498,-0.009161113704487526,0.009343938250156284,0.05937906928018501,0.0,0.9998078989056501
0.05500000000000005,0.0016300848388596328,0.0,-0.00033041051373655005,-1.0751845781533486e-05,-0.00046913343946797313,-0.0007445541063190383,0.0020365719575066716,-0.0006762149617589366,3.360168320093336e-05,-0.0008366324633114329,-0.0009844297314922838,-1.4435717263719698e-05,0.0012365087616309197,-0.0007258798403981,-0.0005729230424228466,0.0013729646622773338,0.0005375477970872307,-0.0007990200467919532,-0.00033041051373655005,1.0751845781533486e-05,0.3047199648792501,0.0,-0.09852554016966168,-0.2976062493897333,0.016900492491635246,-0.03292950778843832,-0.013955972771951318,-0.02984321656661099,-0.002674762900711156,0.030050698527534492,0.021040406906658198,-0.047810124572146666,0.0073734548673847185,-0.031530042106321716,-0.09531529765131333,0.05593554534022167,-0.00046913343946797313,0.0007445541063190383,-0.09852554016966168,0.2976062493897333,0.5962608814361668,0.0,0.04214139434873166,0.06608153122642335,0.05085962408335334,-0.002937248643079774,-0.04057520484074834,-0.02280383450627233,0.04911967326140832,0.056521670309166674,0.0372904337852915,0.02913737256133151,-0.01795534501232971,-0.15941361698081666,0.0020365719575066716,0.0006762149617589366,0.016900492491635246,0.03292950778843832,0.04214139434873166,-0.06608153122642335,0.017826248128909636,0.0,0.014425776551062565,0.0068288037713132655,-0.004045707621302066,0.002291552800524551,0.0114739899516848,0.0002207913005826837,0.005885730899518766,-0.0010978753571249666,-0.01593222387677434,-0.011049107294079734,3.360168320093336e-05,0.0008366324633114329,-0.013955972771951318,0.02984321656661099,0.05085962408335334,0.002937248643079774,0.014425776551062565,-0.0068288037713132655,0.007449325669567535,0.0,0.003340533648805949,0.008264854087173467,0.003189468249187468,0.0038891400644016005,0.019905743547041,0.01156431269575015,0.00011627076660989489,-0.015241997489346813,-0.0009844297314922838,1.4435717263719698e-05,-0.002674762900711156,-0.030050698527534492,-0.04057520484074834,0.02280383450627233,-0.004045707621302066,-0.002291552800524551,0.003340533648805949,-0.008264854087173467,-0.006207947032551707,0.0,-0.031018114597063332,0.0060485024915160855,-0.00608814661960264,0.0014553964477959835,0.008505974131488835,0.012950177443622252,0.0012365087616309197,0.0007258798403981,0.021040406906658198,0.047810124572146666,0.04911967326140832,-0.056521670309166674,0.0114739899516848,-0.0002207913005826837,0.003189468249187468,-0.0038891400644016005,-0.031018114597063332,-0.0060485024915160855,0.0157046546911089,0.0,-0.001458904015998067,0.0043362525452004,-0.016175026678126828,-0.01209873684050587,-0.0005729230424228466,-0.0013729646622773338,0.0073734548673847185,0.031530042106321716,0.0372904337852915,-0.02913737256133151,0.005885730899518766,0.0010978753571249666,0.019905743547041,-0.01156431269575015,-0.00608814661960264,-0.0014553964477959835,-0.001458904015998067,-0.0043362525452004,0.0025942982271907147,0.0,-0.008901650993435315,-0.009403442217100117,0.0005375477970872307,0.0007990200467919532,-0.09531529765131333,-0.05593554534022167,-0.01795534501232971,0.15941361698081666,-0.01593222387677434,0.011049107294079734,0.00011627076660989489,0.015241997489346813,0.008505974131488835,-0.012950177443622252,-0.016175026678126828,0.01209873684050587,-0.008901650993435315,0.009403442217100117,0.05983020436542667,0.0,0.9998077152036496
0.05600000000000004,0.001629901158002733,0.0,0.00025584517101244996,-0.00023809766813626647,0.0007993995705988,0.00017538673564721703,-0.0008654761389066879,0.001976931341701183,0.0006163924680809568,0.0006014568312999337,0.000694924445232333,-0.0006780714993274661,-0.00033367568907960015,0.0013747568845022785,-0.0005679218418972832,-0.0013861856438999835,0.00017811235747234634,0.0009609606919279344,0.00025584517101244996,0.00023809766813626647,0.29275774789045,0.0,-0.09696503910671832,-0.2873389118487,0.015045466496616915,-0.032478904553001675,-0.01429030738425913,-0.029107078183352498,-0.0025614975865429824,0.02946763383789634,0.02067910615547992,-0.04677817660679332,0.007221937727820766,-0.030598151049642457,-0.09367862497673668,0.05258029429602665,0.0007993995705988,-0.00017538673564721703,-0.09696503910671832,0.2873389118487,0.6064958353621002,0.0,0.044516914682606656,0.06687080042168668,0.05213357827560668,-0.0033583543836467485,-0.04117966493172168,-0.023597957732829234,0.04911794186538334,0.05802738559297164,0.03697563395620187,0.029805113576592004,-0.012903725604635263,-0.16060359055681667,-0.0008654761389066879,-0.001976931341701183,0.015045466496616915,0.032478904553001675,0.044516914682606656,-0.06687080042168668,0.01867874085514641,0.0,0.014836712632375744,0.007184639815806051,-0.004269236499086216,0.0022693820746277483,0.011835570917914652,0.0007104455184028401,0.006050534087420902,-0.0008250801158334,-0.015493334553196661,-0.012117648629178213,0.0006163924680809568,-0.0006014568312999337,-0.01429030738425913,0.029107078183352498,0.05213357827560668,0.0033583543836467485,0.014836712632375744,-0.007184639815806051,0.007856460563988367,0.0,0.0034413542793958066,0.00844258065822975,0.0031028591298976585,0.003967531928664151,0.02045156304692484,0.012043217726194733,0.0006938772759852003,-0.015460806759609917,0.000694924445232333,0.0006780714993274661,-0.0025614975865429824,-0.02946763383789634,-0.04117966493172168,0.023597957732829234,-0.004269236499086216,-0.0022693820746277483,0.0034413542793958066,-0.00844258065822975,-0.006581153210263537,0.0,-0.03193891220735333,0.006287634685303166,-0.006177940036847782,0.0016255269561119827,0.008286848381604267,0.01324745380236184,-0.00033367568907960015,-0.0013747568845022785,0.02067910615547992,0.04677817660679332,0.04911794186538334,-0.05802738559297164,0.011835570917914652,-0.0007104455184028401,0.0031028591298976585,-0.003967531928664151,-0.03193891220735333,-0.006287634685303166,0.01624926086487335,0.0,-0.0016345300689427195,0.004632982263508583,-0.015956077826673867,-0.012492456553374966,-0.0005679218418972832,0.0013861856438999835,0.007221937727820766,0.030598151049642457,0.03697563395620187,-0.029805113576592004,0.006050534087420902,0.0008250801158334,0.02045156304692484,-0.012043217726194733,-0.006177940036847782,-0.0016255269561119827,-0.0016345300689427195,-0.004632982263508583,0.0024895058330600835,0.0,-0.008633375410243017,-0.009420233401385016,0.00017811235747234634,-0.0009609606919279344,-0.09367862497673668,-0.05258029429602665,-0.012903725604635263,0.16060359055681667,-0.015493334553196661,0.012117648629178213,0.0006938772759852003,0.015460806759609917,0.008286848381604267,-0.01324745380236184,-0.015956077826673867,0.012492456553374966,-0.008633375410243017,0.009420233401385016,0.06023123219681168,0.0,0.9998075315141167
0.05699999999999997,0.0016297174754329167,0.0,-1.6983527278999847e-05,0.00036888284483456646,-0.0006185034557300667,0.0004319158447421807,-0.0009164461350405499,-0.001971909966941285,-0.0008813814994984836,5.1411707508266545e-05,-2.844416658773156e-05,0.0009581181608432835,-0.0007480105228228915,-0.0011883817316070836,0.0013970149980948058,0.0005685330574681117,-0.0008002389721751481,-0.0005919454438422333,-1.6983527278999847e-05,-0.00036888284483456646,0.2812366417805501,0.0,-0.09519365631437499,-0.27679078222004994,0.013190722845223296,-0.03189027955119332,-0.014583840372116534,-0.028319602859503835,-0.0024607806068457825,0.02888512600069083,0.020240601366913503,-0.04571901089928167,0.00703654017056309,-0.029657352955750838,-0.09188227630274998,0.049358106043463336,-0.0006185034557300667,-0.0004319158447421807,-0.09519365631437499,0.27679078222004994,0.61633555471405,0.0,0.04687249797502333,0.06759395909217666,0.05337473251300833,-0.003851399477592716,-0.04177710473029999,-0.02443951643760307,0.04903792065013832,0.059484419554900005,0.036593402426923,0.030398638649416495,-0.007707516094045259,-0.16143649194476659,-0.0009164461350405499,0.001971909966941285,0.013190722845223296,0.03189027955119332,0.04687249797502333,-0.06759395909217666,0.01955064720927806,0.0,0.015216531589925907,0.007538396639063268,-0.0044987447336362505,0.002213241707303657,0.012162936327978107,0.001187545386789083,0.0062075754019518285,-0.0005257237659417168,-0.014942209429470329,-0.013190729678938048,-0.0008813814994984836,-5.1411707508266545e-05,-0.014583840372116534,0.028319602859503835,0.05337473251300833,0.003851399477592716,0.015216531589925907,-0.007538396639063268,0.008268901333376101,0.0,0.0035399418889927995,0.008588893008240917,0.002971691722085751,0.004012468119242436,0.020964585054886003,0.012538878647133206,0.0012709213767868337,-0.015621555058784152,-2.844416658773156e-05,-0.0009581181608432835,-0.0024607806068457825,-0.02888512600069083,-0.04177710473029999,0.02443951643760307,-0.0044987447336362505,-0.002213241707303657,0.0035399418889927995,-0.008588893008240917,-0.006968663691384808,0.0,-0.03284785472177333,0.0065333115981589035,-0.006238942325720534,0.0018153747590628163,0.008074862785947065,0.013523445496144265,-0.0007480105228228915,0.0011883817316070836,0.020240601366913503,0.04571901089928167,0.04903792065013832,-0.059484419554900005,0.012162936327978107,-0.001187545386789083,0.002971691722085751,-0.004012468119242436,-0.03284785472177333,-0.0065333115981589035,0.016796509690070332,0.0,-0.0018318167701779388,0.004935210186071282,-0.015694418320365847,-0.01285808786836039,0.0013970149980948058,-0.0005685330574681117,0.00703654017056309,0.029657352955750838,0.036593402426923,-0.030398638649416495,0.0062075754019518285,0.0005257237659417168,0.020964585054886003,-0.012538878647133206,-0.006238942325720534,-0.0018153747590628163,-0.0018318167701779388,-0.004935210186071282,0.002374087326761934,0.0,-0.008378760933781182,-0.009371726986942533,-0.0008002389721751481,0.0005919454438422333,-0.09188227630274998,-0.049358106043463336,-0.007707516094045259,0.16143649194476659,-0.014942209429470329,0.013190729678938048,0.0012709213767868337,0.015621555058784152,0.008074862785947065,-0.013523445496144265,-0.015694418320365847,0.01285808786836039,-0.008378760933781182,0.009371726986942533,0.06058395198472498,0.0,0.9998073478226998
0.05799999999999995,0.0016295337822162166,0.0,-0.0002646651182965333,-0.0003013822773467833,7.637898186352323e-05,-0.0007066876016141831,0.002084326375466134,0.0006074693898146569,0.000566486456655745,-0.0007022577162119654,-0.0006193517093356166,-0.0007112235865969339,0.001375947683237317,0.0002988400718639339,-0.001398404716939285,0.0006137647283975669,0.0010135878548930355,-0.00011772857018105822,-0.0002646651182965333,0.0003013822773467833,0.27016399426096677,0.0,-0.09325840128335668,-0.2659779773304666,0.011321501849007397,-0.031148408695461663,-0.014852357312408653,-0.0274913471671465,-0.002335680996590144,0.028292302130815662,0.0197449333513145,-0.044648264648975,0.006818287625580215,-0.02872035612198983,-0.08993337940168498,0.04632196910106834,7.637898186352323e-05,0.0007066876016141831,-0.09325840128335668,0.2659779773304666,0.625770282926767,0.0,0.049229855843656675,0.06824459177171167,0.05460534707018834,-0.0043767152186406505,-0.04235817494848834,-0.025338673551200522,0.048918211270278324,0.06089659017038334,0.03613594087559983,0.03091857092246667,-0.002450596236261667,-0.16185455943046667,0.002084326375466134,-0.0006074693898146569,0.011321501849007397,0.031148408695461663,0.049229855843656675,-0.06824459177171167,0.020440965504991835,0.0,0.01556994963123,0.007859400402505901,-0.004726911037586901,0.002110135687479618,0.012498459075481267,0.001661148466879097,0.006354230909477372,-0.00022026822428893977,-0.014316750315117165,-0.014245470698026097,0.000566486456655745,0.0007022577162119654,-0.014852357312408653,0.0274913471671465,0.05460534707018834,0.0043767152186406505,0.01556994963123,-0.007859400402505901,0.00868581058531955,0.0,0.003633866610558652,0.008692613098976548,0.002809737402175633,0.0040327786743046,0.021431552723175006,0.013029524921183581,0.0018777456670665833,-0.015744103070891417,-0.0006193517093356166,0.0007112235865969339,-0.002335680996590144,-0.028292302130815662,-0.04235817494848834,0.025338673551200522,-0.004726911037586901,-0.002110135687479618,0.003633866610558652,-0.008692613098976548,-0.007369458696970932,0.0,-0.03372362460772666,0.006771036988158283,-0.006270752877162802,0.0019844844500633172,0.007868807977925848,0.013799793522876616,0.001375947683237317,-0.0002988400718639339,0.0197449333513145,0.044648264648975,0.048918211270278324,-0.06089659017038334,0.012498459075481267,-0.001661148466879097,0.002809737402175633,-0.0040327786743046,-0.03372362460772666,-0.006771036988158283,0.017346484042615,0.0,-0.0020256198718905166,0.005229761761598336,-0.01538750021025553,-0.01321572230411668,-0.001398404716939285,-0.0006137647283975669,0.006818287625580215,0.02872035612198983,0.03613594087559983,-0.03091857092246667,0.006354230909477372,0.00022026822428893977,0.021431552723175006,-0.013029524921183581,-0.006270752877162802,-0.0019844844500633172,-0.0020256198718905166,-0.005229761761598336,0.002247976669409733,0.0,-0.008110763437337139,-0.00929883026071685,0.0010135878548930355,0.00011772857018105822,-0.08993337940168498,-0.04632196910106834,-0.002450596236261667,0.16185455943046667,-0.014316750315117165,0.014245470698026097,0.0018777456670665833,0.015744103070891417,0.007868807977925848,-0.013799793522876616,-0.01538750021025553,0.01321572230411668,-0.008110763437337139,0.00929883026071685,0.06089157504563499,0.0,0.9998071641213667
0.059000000000000045,0.001629350095017633,0.0,0.0004304693204978165,3.339706283731677e-05,0.0004411157132581565,0.0005126917763389503,-0.0018205499047846,0.0011464424562698835,0.0001568747945281633,0.0009188603382705436,0.0009191466729352328,8.791286948448339e-05,-0.001184579909519566,0.0007717728202730182,0.0005498147009362403,-0.0014545772992279307,-0.0006587387757446305,0.0008040344986395405,0.0004304693204978165,-3.339706283731677e-05,0.2595467164849833,0.0,-0.09119277907888831,-0.2549293547912,0.009449931198165186,-0.03022839842161834,-0.015066783204448791,-0.02661387734678716,-0.002164103335984884,0.02766753619865466,0.019224240570229183,-0.04354668228559834,0.006581607268278831,-0.027771969994444496,-0.08790163435658004,0.04342608593707,0.0004411157132581565,-0.0005126917763389503,-0.09119277907888831,0.2549293547912,0.6347907329388001,0.0,0.05160173604718665,0.06879326760279832,0.05580743185983835,-0.004873868705929771,-0.04287903481047166,-0.02625307270082917,0.04878454027243332,0.062264840782105015,0.03559272350341017,0.031386239475476835,0.0028366756352985493,-0.16189927898990003,-0.0018205499047846,-0.0011464424562698835,0.009449931198165186,0.03022839842161834,0.05160173604718665,-0.06879326760279832,0.0213485094339465,0.0,0.01592409068080403,0.008174516235694086,-0.004955738386256666,0.0019751134333807164,0.012832300170627234,0.002186741696965816,0.006469407117686269,9.408298056275008e-05,-0.013625608931407669,-0.01524380893238265,0.0001568747945281633,-0.0009188603382705436,-0.015066783204448791,0.02661387734678716,0.05580743185983835,0.004873868705929771,0.01592409068080403,-0.008174516235694086,0.009106667444800315,0.0,0.0037352229875332664,0.008779308853425916,0.002655909698716244,0.004050326856885135,0.021882813726377664,0.013520197051713432,0.0025263153439191175,-0.015817610469483837,0.0009191466729352328,-8.791286948448339e-05,-0.002164103335984884,-0.02766753619865466,-0.04287903481047166,0.02625307270082917,-0.004955738386256666,-0.0019751134333807164,0.0037352229875332664,-0.008779308853425916,-0.00778263508057405,0.0,-0.03459428650773333,0.0070069513292479,-0.006316056200031266,0.0021253325195789664,0.0076520812461605475,0.014084360564013217,-0.001184579909519566,-0.0007717728202730182,0.019224240570229183,0.04354668228559834,0.04878454027243332,-0.062264840782105015,0.012832300170627234,-0.002186741696965816,0.002655909698716244,-0.004050326856885135,-0.03459428650773333,-0.0070069513292479,0.017898668939514542,0.0,-0.002219674003773394,0.00552652658905839,-0.015046630768984277,-0.013586466712670314,0.0005498147009362403,0.0014545772992279307,0.006581607268278831,0.027771969994444496,0.03559272350341017,-0.031386239475476835,0.006469407117686269,-9.408298056275008e-05,0.021882813726377664,-0.013520197051713432,-0.006316056200031266,-0.0021253325195789664,-0.002219674003773394,-0.00552652658905839,0.0021112353236451956,0.0,-0.0077872616964111815,-0.009233957060054133,-0.0006587387757446305,-0.0008040344986395405,-0.08790163435658004,-0.04342608593707,0.0028366756352985493,0.16189927898990003,-0.013625608931407669,0.01524380893238265,0.0025263153439191175,0.015817610469483837,0.0076520812461605475,-0.014084360564013217,-0.015046630768984277,0.013586466712670314,-0.0077872616964111815,0.009233957060054133,0.061157734844709995,0.0,0.9998069804247
0.060000000000000046,0.001629166424480851,0.0,-0.00033556314090428654,0.0002923067188559666,-0.0006283301856620666,-5.538086262549953e-05,0.00036205548589337655,-0.0021104706809380335,-0.0008308612868326286,-0.0005069484526754501,-0.0006954887334975003,0.0005816048558454,0.00028802301211686674,-0.0013812947897674668,0.0006626995851626668,0.0014407367209742007,-8.725525390914365e-05,-0.001041548686598022,-0.00033556314090428654,-0.0002923067188559666,0.2493916120748333,0.0,-0.08894118604594498,-0.2436665816984333,0.007608111753046617,-0.02913349974015583,-0.01519961251250873,-0.02566802998330949,-0.001968867784593453,0.026999889679224832,0.018671888722553674,-0.042392423076193356,0.00634078136091466,-0.026809632662458328,-0.08583038240227664,0.04059822163304668,-0.0006283301856620666,5.538086262549953e-05,-0.08894118604594498,0.2436665816984333,0.6433891886729834,0.0,0.05395564337533167,0.06923515893578001,0.05694392973523666,-0.005352326475992318,-0.04334270014473666,-0.027152953874901662,0.04859776034414332,0.0635813822984633,0.03497154821694283,0.03181441807682218,0.008188561569994233,-0.16162179748730005,0.00036205548589337655,0.0021104706809380335,0.007608111753046617,0.02913349974015583,0.05395564337533167,-0.06923515893578001,0.022273077431475833,0.0,0.016290517930520488,0.00853609638107143,-0.005183199846910768,0.0018282704223075842,0.013105254207052821,0.002772614737736561,0.006538440159577332,0.00042755463616988345,-0.012843358960181163,-0.016165667054321656,-0.0008308612868326286,0.0005069484526754501,-0.01519961251250873,0.02566802998330949,0.05694392973523666,0.005352326475992318,0.016290517930520488,-0.00853609638107143,0.009531161899459052,0.0,0.003858835750299433,0.008871487985407852,0.0025054859231984335,0.004058544462944715,0.02234877217721384,0.014031179341110011,0.0031779225926466498,-0.015823725117691995,-0.0006954887334975003,-0.0005816048558454,-0.001968867784593453,-0.026999889679224832,-0.04334270014473666,0.027152953874901662,-0.005183199846910768,-0.0018282704223075842,0.003858835750299433,-0.008871487985407852,-0.008208541113595326,0.0,-0.03549999164629334,0.007262435941649049,-0.006380946493783197,0.002271872372458474,0.007413301554137816,0.014349014816342836,0.00028802301211686674,0.0013812947897674668,0.018671888722553674,0.042392423076193356,0.04859776034414332,-0.0635813822984633,0.013105254207052821,-0.002772614737736561,0.0025054859231984335,-0.004058544462944715,-0.03549999164629334,-0.007262435941649049,0.01845262007301125,0.0,-0.0024390673768780497,0.005840174091047456,-0.014681634319776165,-0.013945848744840669,0.0006626995851626668,-0.0014407367209742007,0.00634078136091466,0.026809632662458328,0.03497154821694283,-0.03181441807682218,0.006538440159577332,-0.00042755463616988345,0.02234877217721384,-0.014031179341110011,-0.006380946493783197,-0.002271872372458474,-0.0024390673768780497,-0.005840174091047456,0.0019636463456452337,0.0,-0.007424466716156899,-0.009145369639403331,-8.725525390914365e-05,0.001041548686598022,-0.08583038240227664,-0.04059822163304668,0.008188561569994233,0.16162179748730005,-0.012843358960181163,0.016165667054321656,0.0031779225926466498,0.015823725117691995,0.007413301554137816,-0.014349014816342836,-0.014681634319776165,0.013945848744840669,-0.007424466716156899,0.009145369639403331,0.06138486493726834,0.0,0.9998067967455502
0.06099999999999995,0.0016289827660542827,0.0,1.671927854029642e-05,-0.0004463925807452232,0.0004387564887951903,-0.0003786935346216668,0.0013382298573084753,0.0016817631653402837,0.0009654486538321543,-0.000293646107553875,7.081318696569988e-05,-0.0009004395703055865,0.0007638028890111563,0.0011772188404346499,-0.0015202519865073873,-0.0005456968152935268,0.0007817022057729037,0.0007032044886753504,1.671927854029642e-05,0.0004463925807452232,0.23970554879146666,0.0,-0.08644444831543167,-0.23221481118448334,0.005819124330111085,-0.027890055362157003,-0.015272663983709831,-0.024654202046157207,-0.001772948997082033,0.026294827916945988,0.01806150371714613,-0.041202041868123325,0.00610193415284106,-0.025866096527871495,-0.08370067899061501,0.037858213322090016,0.0004387564887951903,0.0003786935346216668,-0.08644444831543167,0.23221481118448334,0.65155842946525,0.0,0.056259574182156685,0.06960018935048334,0.05801854763872836,-0.005864400479576417,-0.043791159710523324,-0.028061114141938164,0.048307716436773326,0.06483676447554,0.03429851037402316,0.03219900861261733,0.013605497335014299,-0.160999636985,0.0013382298573084753,-0.0016817631653402837,0.005819124330111085,0.027890055362157003,0.056259574182156685,-0.06960018935048334,0.023215179679875506,0.0,0.016657412341687668,0.008947031296561981,-0.005399607269191235,0.0016710671136622366,0.013307299852559578,0.0033591873484643928,0.006569532038538049,0.0007730922379078502,-0.011954548683263682,-0.01702075170408333,0.0009654486538321543,0.000293646107553875,-0.015272663983709831,0.024654202046157207,0.05801854763872836,0.005864400479576417,0.016657412341687668,-0.008947031296561981,0.009958404236367395,0.0,0.004006271728777112,0.008961499781731299,0.002316504545554497,0.0040356710128322155,0.022818144554000826,0.014557112855197571,0.0037997519531047493,-0.015778808003743833,7.081318696569988e-05,0.0009004395703055865,-0.001772948997082033,-0.026294827916945988,-0.043791159710523324,0.028061114141938164,-0.005399607269191235,-0.0016710671136622366,0.004006271728777112,-0.008961499781731299,-0.008647981725343232,0.0,-0.036432378486325016,0.007533816319429922,-0.006422003479968118,0.00243895735190125,0.007159242383041166,0.014570425245625618,0.0007638028890111563,-0.0011772188404346499,0.01806150371714613,0.041202041868123325,0.048307716436773326,-0.06483676447554,0.013307299852559578,-0.0033591873484643928,0.002316504545554497,-0.0040356710128322155,-0.036432378486325016,-0.007533816319429922,0.019008532684964195,0.0,-0.002685405857497748,0.006162485429157466,-0.014292006212465838,-0.014251864742545198,-0.0015202519865073873,0.0005456968152935268,0.00610193415284106,0.025866096527871495,0.03429851037402316,-0.03219900861261733,0.006569532038538049,-0.0007730922379078502,0.022818144554000826,-0.014557112855197571,-0.006422003479968118,-0.00243895735190125,-0.002685405857497748,-0.006162485429157466,0.0018050157576202722,0.0,-0.0070815618676282645,-0.008992026184521117,0.0007817022057729037,-0.0007032044886753504,-0.08370067899061501,-0.037858213322090016,0.013605497335014299,0.160999636985,-0.011954548683263682,0.01702075170408333,0.0037997519531047493,0.015778808003743833,0.007159242383041166,-0.014570425245625618,-0.014292006212465838,0.014251864742545198,-0.0070815618676282645,0.008992026184521117,0.061574501422165015,0.0,0.9998066130787333
0.061999999999999944,0.0016287991025105172,0.0,0.0003200090569484283,0.00032046995328721667,1.226607495728329e-05,0.0005407719729879668,-0.0021552294835400156,-0.00011009891478896656,-0.0004437765621198665,0.0009294062577277268,0.0005778340031322898,0.00070295875482865,-0.00136104999413873,-0.00030834592686726714,0.001478659349747642,-0.0007162421345741497,-0.0010749677332579824,1.7901811792366588e-05,0.0003200090569484283,-0.00032046995328721667,0.23049261023256665,0.0,-0.08373793690981,-0.22061260915695,0.004079609428614285,-0.02651672681776184,-0.015323628115155665,-0.023591733348441005,-0.0015545817486709499,0.025563859735044173,0.017404052335530974,-0.04001208744031668,0.0058666453326079,-0.0249644278270385,-0.08149516269487005,0.035279974476168,1.226607495728329e-05,-0.0005407719729879668,-0.08373793690981,0.22061260915695,0.65929250056455,0.0,0.05852180961792835,0.06991294435896836,0.059068851158338355,-0.0064089383820574684,-0.04423845151057167,-0.02899630563030833,0.04792736880643499,0.06603515669278333,0.033589744157680346,0.03254258029680283,0.019033837079732652,-0.16000269993920008,-0.0021552294835400156,0.00011009891478896656,0.004079609428614285,0.02651672681776184,0.05852180961792835,-0.06991294435896836,0.024174892217765007,0.0,0.01701539485437288,0.009359122594381802,-0.005598340276907933,0.0014973728523394161,0.0134966820426964,0.003911371958688433,0.006579612416208965,0.0011154697112198118,-0.010986725840158272,-0.017820261127049604,-0.0004437765621198665,-0.0009294062577277268,-0.015323628115155665,0.023591733348441005,0.059068851158338355,0.0064089383820574684,0.01701539485437288,-0.009359122594381802,0.010387188089003197,0.0,0.004162190272588825,0.009036581349854418,0.002079218386310517,0.0039819530713589655,0.023266735819517163,0.015073564384111652,0.004417413136842076,-0.015713200396477004,0.0005778340031322898,-0.00070295875482865,-0.0015545817486709499,-0.025563859735044173,-0.04423845151057167,0.02899630563030833,-0.005598340276907933,-0.0014973728523394161,0.004162190272588825,-0.009036581349854418,-0.009100763001088367,0.0,-0.03735872036913667,0.007790947367823498,-0.0064246383624070496,0.0026033433536222705,0.006896234374523979,0.014768739278919463,-0.00136104999413873,0.00030834592686726714,0.017404052335530974,0.04001208744031668,0.04792736880643499,-0.06603515669278333,0.0134966820426964,-0.003911371958688433,0.002079218386310517,-0.0039819530713589655,-0.03735872036913667,-0.007790947367823498,0.019566658190759974,0.0,-0.0029324603558481175,0.0064763809416324486,-0.013871389690150218,-0.01450914631868907,0.001478659349747642,0.0007162421345741497,0.0058666453326079,0.0249644278270385,0.033589744157680346,-0.03254258029680283,0.006579612416208965,-0.0011154697112198118,0.023266735819517163,-0.015073564384111652,-0.0064246383624070496,-0.0026033433536222705,-0.0029324603558481175,-0.0064763809416324486,0.0016355493692918163,0.0,-0.006777666884011999,-0.008794154243719616,-0.0010749677332579824,-1.7901811792366588e-05,-0.08149516269487005,-0.035279974476168,0.019033837079732652,0.16000269993920008,-0.010986725840158272,0.017820261127049604,0.004417413136842076,0.015713200396477004,0.006896234374523979,-0.014768739278919463,-0.013871389690150218,0.01450914631868907,-0.006777666884011999,0.008794154243719616,0.06172899464090667,0.0,0.9998064294059831
0.06300000000000006,0.0016286154365512335,0.0,-0.0004590946437829202,1.0005058922343448e-05,-0.000406802874053117,-0.00030804014907025,0.001512407699137374,-0.0015385178620107415,-0.0003906514139767168,-0.0009737011874821668,-0.0009072137052464167,-0.00011880273794398335,0.0011807358010985833,-0.0007156666594743716,-0.0005407053298737582,0.001577056237483196,0.0007918363987560998,-0.0007785635909746832,-0.0004590946437829202,-1.0005058922343448e-05,0.2217559641702,0.0,-0.08088518884108332,-0.20884526767146666,0.002392052660294595,-0.02501211185724067,-0.015346452389876836,-0.022488964521987002,-0.0012800743356135495,0.024807104158780673,0.01673531452696617,-0.03882048787991167,0.0056309466155925435,-0.024074134909958668,-0.07923080285077834,0.0328685972397095,-0.000406802874053117,0.00030804014907025,-0.08088518884108332,0.20884526767146666,0.6665854711210836,0.0,0.06074336360905667,0.070144483685285,0.060095747193566675,-0.0069255341349337834,-0.04464652018129333,-0.0299208211511975,0.04749426395683167,0.06717835690559168,0.0328333929607975,0.03285542081557729,0.024439582204782005,-0.1586318814293667,0.001512407699137374,0.0015385178620107415,0.002392052660294595,0.02501211185724067,0.06074336360905667,-0.070144483685285,0.025151264909333823,0.0,0.017369663267559128,0.009746749981723452,-0.005787584669814416,0.0013147169414599832,0.013699591916735952,0.00446558176120875,0.006567318706981512,0.0014523095763470007,-0.0099772494813034,-0.018548949587831005,-0.0003906514139767168,0.0009737011874821668,-0.015346452389876836,0.022488964521987002,0.060095747193566675,0.0069255341349337834,0.017369663267559128,-0.009746749981723452,0.010816940644635838,0.0,0.004307610726175109,0.009106825095879768,0.00183081589886875,0.003921156587404044,0.02369754704380849,0.015569291010456742,0.005072474981808251,-0.015620231210686232,-0.0009072137052464167,0.00011880273794398335,-0.0012800743356135495,-0.024807104158780673,-0.04464652018129333,0.0299208211511975,-0.005787584669814416,-0.0013147169414599832,0.004307610726175109,-0.009106825095879768,-0.0095658720484908,0.0,-0.03827014810497666,0.008021989084625947,-0.006434338915566539,0.002750219778994633,0.006608244413054989,0.014977200028787153,0.0011807358010985833,0.0007156666594743716,0.01673531452696617,0.03882048787991167,0.04749426395683167,-0.06717835690559168,0.013699591916735952,-0.00446558176120875,0.00183081589886875,-0.003921156587404044,-0.03827014810497666,-0.008021989084625947,0.02012636435067268,0.0,-0.0031684529659928833,0.006791380125410374,-0.013410487688959081,-0.014754333586793015,-0.0005407053298737582,-0.001577056237483196,0.0056309466155925435,0.024074134909958668,0.0328333929607975,-0.03285542081557729,0.006567318706981512,-0.0014523095763470007,0.02369754704380849,-0.015569291010456742,-0.006434338915566539,-0.002750219778994633,-0.0031684529659928833,-0.006791380125410374,0.0014557618245085448,0.0,-0.006471816715401981,-0.00859800495861135,0.0007918363987560998,0.0007785635909746832,-0.07923080285077834,-0.0328685972397095,0.024439582204782005,0.1586318814293667,-0.0099772494813034,0.018548949587831005,0.005072474981808251,0.015620231210686232,0.006608244413054989,-0.014977200028787153,-0.013410487688959081,0.014754333586793015,-0.006471816715401981,0.00859800495861135,0.061851735323074995,0.0,0.9998062457319502
0.06400000000000004,0.0016284317808699504,0.0,0.0003073480199707084,-0.00032750050148868006,0.0004442737368350333,-8.974121744851669e-05,0.0001323425678559335,0.0021541979501945156,0.0010111375372397334,0.0003806580575711401,0.0007310601426246681,-0.0005521348609326584,-0.00034336570411364997,0.00130765213399942,-0.0007375755609882167,-0.0015138393191574838,-3.321437797553347e-05,0.0011376152660402166,0.0003073480199707084,0.00032750050148868006,0.2134992434839833,0.0,-0.07789852729795334,-0.1969403650839001,0.0007756050419637268,-0.023388408173963503,-0.015306269203308366,-0.02134574708543634,-0.0009626467848861751,0.024030189646392665,0.01605836464645364,-0.03760716730290334,0.00537874771727003,-0.023159890964266665,-0.076946751435615,0.030575735696243004,0.0004442737368350333,8.974121744851669e-05,-0.07789852729795334,0.1969403650839001,0.6734318182187167,0.0,0.06290943858725666,0.0702708302803,0.061070205443095,-0.007389008587003694,-0.04500410610151003,-0.030802280361804504,0.04701030713648666,0.06827097060265334,0.03202306769045983,0.033140488994697063,0.029857987193255997,-0.15693578932051666,0.0001323425678559335,-0.0021541979501945156,0.0007756050419637268,0.023388408173963503,0.06290943858725666,-0.0702708302803,0.026143238792003545,0.0,0.01772843750298243,0.010140719858738066,-0.005980322156282632,0.0011359702936501832,0.013871358950246219,0.005057895084342051,0.006518617591500278,0.0017981611666601169,-0.008926754168638766,-0.019188018317805335,0.0010111375372397334,-0.0003806580575711401,-0.015306269203308366,0.02134574708543634,0.061070205443095,0.007389008587003694,0.01772843750298243,-0.010140719858738066,0.011247780380076332,0.0,0.004440768877873549,0.009186923954718968,0.0015955448607064002,0.0038629131350362664,0.02413648423154616,0.01606032268668817,0.005755641795571544,-0.01546961261418425,0.0007310601426246681,0.0005521348609326584,-0.0009626467848861751,-0.024030189646392665,-0.04500410610151003,0.030802280361804504,-0.005980322156282632,-0.0011359702936501832,0.004440768877873549,-0.009186923954718968,-0.010042932726901746,0.0,-0.03919283724829167,0.008249258669555316,-0.006488397924735133,0.0029020168023690006,0.006277419693770261,0.015198919528373413,-0.00034336570411364997,-0.00130765213399942,0.01605836464645364,0.03760716730290334,0.04701030713648666,-0.06827097060265334,0.013871358950246219,-0.005057895084342051,0.0015955448607064002,-0.0038629131350362664,-0.03919283724829167,-0.008249258669555316,0.020686521918595043,0.0,-0.0034098282868987254,0.007139000908071292,-0.01290887051248966,-0.015001216529011362,-0.0007375755609882167,0.0015138393191574838,0.00537874771727003,0.023159890964266665,0.03202306769045983,-0.033140488994697063,0.006518617591500278,-0.0017981611666601169,0.02413648423154616,-0.01606032268668817,-0.006488397924735133,-0.0029020168023690006,-0.0034098282868987254,-0.007139000908071292,0.0012660861179359516,0.0,-0.0061502340195145,-0.008409602248800106,-3.321437797553347e-05,-0.0011376152660402166,-0.076946751435615,-0.030575735696243004,0.029857987193255997,0.15693578932051666,-0.008926754168638766,0.019188018317805335,0.005755641795571544,0.01546961261418425,0.006277419693770261,-0.015198919528373413,-0.01290887051248966,0.015001216529011362,-0.0061502340195145,0.008409602248800106,0.061945874101871655,0.0,0.99980606206705
0.06499999999999996,0.0016282481347785838,0.0,1.7488499923599878e-05,0.0004267591844154998,-0.0001859082948815634,0.00031521789681481676,-0.0017002368074475,-0.0013477998858547162,-0.0009952640140426332,0.0005016764751215665,-0.0001141532331330832,0.0009160603372738004,-0.0006502438261652336,-0.0011456184889447325,0.0015991335119682835,0.0005501270817152665,-0.0007612738225316172,-0.0008675055046061168,1.7488499923599878e-05,-0.0004267591844154998,0.20572551999738337,0.0,-0.07472093368148165,-0.1849337082152666,-0.0007621334547760068,-0.021665356478647497,-0.01518976365551742,-0.020162150446847157,-0.0006474655407165666,0.023238914862333,0.015332503905691915,-0.03637197477424999,0.005095845187386701,-0.022230817597110035,-0.07463008741143666,0.028398485600857497,-0.0001859082948815634,-0.00031521789681481676,-0.07472093368148165,0.1849337082152666,0.6798274679892331,0.0,0.06499821329980167,0.07030442758461335,0.06196642942545501,-0.00785242341225596,-0.045337103014810025,-0.03166384018197133,0.04643366222190835,0.06929223593178833,0.03116552183257017,0.033374712545982524,0.03530782888028249,-0.1548909152248,-0.0017002368074475,0.0013477998858547162,-0.0007621334547760068,0.021665356478647497,0.06499821329980167,-0.07030442758461335,0.027150406928730473,0.0,0.018085459660410017,0.010566688216297946,-0.006170682271159036,0.0009579183310414498,0.013979332772044151,0.005658999102873732,0.006436273874297371,0.0021647328748072496,-0.007797936713017287,-0.019736666080599995,-0.0009952640140426332,-0.0005016764751215665,-0.01518976365551742,0.020162150446847157,0.06196642942545501,0.00785242341225596,0.018085459660410017,-0.010566688216297946,0.01167939109606335,0.0,0.0045783976156089,0.009264501845681885,0.0013557144845725664,0.0037902266079366765,0.024583180829988335,0.016554567110108668,0.006421989270543383,-0.015252460108692582,-0.0001141532331330832,-0.0009160603372738004,-0.0006474655407165666,-0.023238914862333,-0.045337103014810025,0.03166384018197133,-0.006170682271159036,-0.0009579183310414498,0.0045783976156089,-0.009264501845681885,-0.010532312022691616,0.0,-0.04012237843236167,0.008488709964077667,-0.006556100395978352,0.0030756213990358336,0.00591274416068414,0.015408071816876225,-0.0006502438261652336,0.0011456184889447325,0.015332503905691915,0.03637197477424999,0.04643366222190835,-0.06929223593178833,0.013979332772044151,-0.005658999102873732,0.0013557144845725664,-0.0037902266079366765,-0.04012237843236167,-0.008488709964077667,0.021246466854084333,0.0,-0.0036671542929515,0.007526620447130785,-0.012372511050395581,-0.015222507034903235,0.0015991335119682835,-0.0005501270817152665,0.005095845187386701,0.022230817597110035,0.03116552183257017,-0.033374712545982524,0.006436273874297371,-0.0021647328748072496,0.024583180829988335,-0.016554567110108668,-0.006556100395978352,-0.0030756213990358336,-0.0036671542929515,-0.007526620447130785,0.001066826476839758,0.0,-0.005860571693090617,-0.008198449325144916,-0.0007612738225316172,0.0008675055046061168,-0.07463008741143666,-0.028398485600857497,0.03530782888028249,0.1548909152248,-0.007797936713017287,0.019736666080599995,0.006421989270543383,0.015252460108692582,0.00591274416068414,-0.015408071816876225,-0.012372511050395581,0.015222507034903235,-0.005860571693090617,0.008198449325144916,0.06201386295810669,0.0,0.9998058784127332
0.06599999999999993,0.0016280644834024162,0.0,-0.00031071901282298165,-0.0002802813525936835,-0.00011318620339991139,-0.00026685893126761665,0.002143617602143373,-0.00038552992768886725,0.0003159128719165365,-0.0010890302482954614,-0.0005745611912965668,-0.0007388110127422354,0.0012427815526468166,0.00035456118925806645,-0.00151675507181135,0.0007544260519034817,0.0011665283129143622,0.00013974648247553335,-0.00031071901282298165,0.0002802813525936835,0.19843519687433336,0.0,-0.07135416891439,-0.1728831895602,-0.0022394284413014623,-0.019845099566984613,-0.015025198927149935,-0.01895268355833155,-0.0003415762880519584,0.022450176376000837,0.014540335407890995,-0.035153447254071664,0.004785587129899166,-0.021327052365804136,-0.072265300194775,0.026414804136325985,-0.00011318620339991139,0.00026685893126761665,-0.07135416891439,0.1728831895602,0.6857700493224329,0.0,0.06703536665231667,0.07028469303184166,0.06280645418889999,-0.008370634619252498,-0.04567780742002667,-0.032553906230107,0.04577397074624003,0.07022876129252165,0.030276124057418988,0.03353918547952035,0.04072572010022071,-0.15246922411275,0.002143617602143373,0.00038552992768886725,-0.0022394284413014623,0.019845099566984613,0.06703536665231667,-0.07028469303184166,0.028172574387343996,0.0,0.01843613109796512,0.011001627033693652,-0.006339066022745099,0.0007664090048880332,0.014061079788588955,0.006235201717673978,0.006340272371593442,0.0025479167932794676,-0.006577995701788584,-0.020211827382896504,0.0003159128719165365,0.0010890302482954614,-0.015025198927149935,0.01895268355833155,0.06280645418889999,0.008370634619252498,0.01843613109796512,-0.011001627033693652,0.0121105564092312,0.0,0.004727589628517232,0.009315629107241315,0.0010940424863111835,0.003689890115096198,0.02501094883609984,0.0170413797759455,0.007060150620225765,-0.014986699171789799,-0.0005745611912965668,0.0007388110127422354,-0.0003415762880519584,-0.022450176376000837,-0.04567780742002667,0.032553906230107,-0.006339066022745099,-0.0007664090048880332,0.004727589628517232,-0.009315629107241315,-0.011033842693597149,0.0,-0.04102593913197168,0.008725514920505266,-0.006593833331326916,0.0032493489132086667,0.005541582864028916,0.015603603694085698,0.0012427815526468166,-0.00035456118925806645,0.014540335407890995,0.035153447254071664,0.04577397074624003,-0.07022876129252165,0.014061079788588955,-0.006235201717673978,0.0010940424863111835,-0.003689890115096198,-0.04102593913197168,-0.008725514920505266,0.021806066741432335,0.0,-0.0039273214774065,0.007927660673387099,-0.011808601625724401,-0.015408073647331376,-0.00151675507181135,-0.0007544260519034817,0.004785587129899166,0.021327052365804136,0.030276124057418988,-0.03353918547952035,0.006340272371593442,-0.0025479167932794676,0.02501094883609984,-0.0170413797759455,-0.006593833331326916,-0.0032493489132086667,-0.0039273214774065,-0.007927660673387099,0.0008583771188100999,0.0,-0.005632983191381616,-0.007960774671891121,0.0011665283129143622,-0.00013974648247553335,-0.072265300194775,-0.026414804136325985,0.04072572010022071,0.15246922411275,-0.006577995701788584,0.020211827382896504,0.007060150620225765,0.014986699171789799,0.005541582864028916,-0.015603603694085698,-0.011808601625724401,0.015408073647331376,-0.005632983191381616,0.007960774671891121,0.06205865210897999,0.0,0.9998056947525832
0.06700000000000007,0.0016278808165645507,0.0,0.0004375743667454002,-2.4101535291916853e-05,0.00024882505570309973,4.407519331403338e-05,-0.0011117197022840173,0.0018583812617367996,0.0005856908214142332,0.0009779023481740834,0.0009290798668080501,0.00013947509777390008,-0.0011231213582797667,0.0006194462822603002,0.0005258230857890834,-0.0016194611385445166,-0.000987258364637134,0.0006929351878435998,0.0004375743667454002,2.4101535291916853e-05,0.1916260892466834,0.0,-0.06786122051570166,-0.1607854986202333,-0.0036678797612490917,-0.017907306520293834,-0.014829432575546685,-0.017726975282648393,-1.1236573565533343e-05,0.021677141357855333,0.013711435636245217,-0.033967919081788325,0.004458354813681265,-0.02045668147986395,-0.06986384266429499,0.02466212176914151,0.00024882505570309973,-4.407519331403338e-05,-0.06786122051570166,0.1607854986202333,0.6912583211823998,0.0,0.06904007177772667,0.07018975444505168,0.06360957828428833,-0.008926422550012017,-0.04601167413969666,-0.03347197573937267,0.04508311477781666,0.07108355327459834,0.02934843036115734,0.033636006953950685,0.04601751323669916,-0.14967420008450008,-0.0011117197022840173,-0.0018583812617367996,-0.0036678797612490917,0.017907306520293834,0.06904007177772667,-0.07018975444505168,0.029208968736970996,0.0,0.018783772545593505,0.011412747638653496,-0.006480535965306666,0.00055524452262647,0.014149472009287557,0.006817311940030798,0.006238537168353251,0.0029378532333122335,-0.005308032250621513,-0.020622363493636338,0.0005856908214142332,-0.0009779023481740834,-0.014829432575546685,0.017726975282648393,0.06360957828428833,0.008926422550012017,0.018783772545593505,-0.011412747638653496,0.01254007735971249,0.0,0.00487080476576174,0.009336942679157382,0.00082797040915043,0.003575467425592999,0.025396354444270006,0.017509220449749837,0.007701828702939732,-0.014673002727349664,0.0009290798668080501,-0.00013947509777390008,-1.1236573565533343e-05,-0.021677141357855333,-0.04601167413969666,0.03347197573937267,-0.006480535965306666,-0.00055524452262647,0.00487080476576174,-0.009336942679157382,-0.011546290085925618,0.0,-0.04188338945956334,0.00893827545540035,-0.006613458367322635,0.003392884125716335,0.005172489174022349,0.015807513648306168,-0.0011231213582797667,-0.0006194462822603002,0.013711435636245217,0.033967919081788325,0.04508311477781666,-0.07108355327459834,0.014149472009287557,-0.006817311940030798,0.00082797040915043,-0.003575467425592999,-0.04188338945956334,-0.00893827545540035,0.022364871422147166,0.0,-0.004174170464786934,0.008322907397461886,-0.011214917721127999,-0.015583618496136067,0.0005258230857890834,0.0016194611385445166,0.004458354813681265,0.02045668147986395,0.02934843036115734,-0.033636006953950685,0.006238537168353251,-0.0029378532333122335,0.025396354444270006,-0.017509220449749837,-0.006613458367322635,-0.003392884125716335,-0.004174170464786934,-0.008322907397461886,0.0006412253219316668,0.0,-0.005416359596520827,-0.007726355096504582,-0.000987258364637134,-0.0006929351878435998,-0.06986384266429499,-0.02466212176914151,0.04601751323669916,0.14967420008450008,-0.005308032250621513,0.020622363493636338,0.007701828702939732,0.014673002727349664,0.005172489174022349,-0.015807513648306168,-0.011214917721127999,0.015583618496136067,-0.005416359596520827,0.007726355096504582,0.06208436707638669,0.0,0.9998055110764832
0.06800000000000005,0.0016276971499997832,0.0,-0.0003153529042509166,0.0003527968651467334,-0.00016629963028613339,0.00014144147400521658,-0.0006539599982218335,-0.0020357557747625542,-0.0011244180995332615,-0.00023160766513528338,-0.0007543773629513497,0.0005416931255705916,0.00035107785587688346,-0.0012320091041863373,0.0007937320968004968,0.001530993641475805,0.0002653255340485666,-0.0012031495542474502,-0.0003153529042509166,-0.0003527968651467334,0.18529686577429996,0.0,-0.06428856964949334,-0.14863255493246663,-0.005026274911276509,-0.0158483883581919,-0.01458555022896368,-0.016482249092635834,0.00035422690990308297,0.020921253246789492,0.012871736675333915,-0.03279301633483501,0.0041123401190536315,-0.019599292585873014,-0.06747066217004832,0.02308014747859489,-0.00016629963028613339,-0.00014144147400521658,-0.06428856964949334,0.14863255493246663,0.6962907876753835,0.0,0.07099862786317332,0.06997390773282833,0.06436388750979667,-0.009470294185329593,-0.04631209090956501,-0.03438029223187133,0.04438625045916667,0.07188503721495665,0.028374940048135833,0.033686958812283195,0.05117123578009665,-0.14657209855383332,-0.0006539599982218335,0.0020357557747625542,-0.005026274911276509,0.0158483883581919,0.07099862786317332,-0.06997390773282833,0.030258331760898,0.0,0.01913038426734375,0.011821350320269665,-0.006611981779670597,0.00032906091353218365,0.014200685581273832,0.00745399300745567,0.006112126787349433,0.0033287084472096865,-0.0040278316129815,-0.020959855545817165,-0.0011244180995332615,0.00023160766513528338,-0.01458555022896368,0.016482249092635834,0.06436388750979667,0.009470294185329593,0.01913038426734375,-0.011821350320269665,0.012967450938539035,0.0,0.004995138032701233,0.00934629706689073,0.0005781381759563164,0.0034625094568123305,0.025750447065274334,0.017972245072303175,0.008357121640582145,-0.01428595466986867,-0.0007543773629513497,-0.0005416931255705916,0.00035422690990308297,-0.020921253246789492,-0.04631209090956501,0.03438029223187133,-0.006611981779670597,-0.00032906091353218365,0.004995138032701233,-0.00934629706689073,-0.012068415583699149,0.0,-0.04271804813301332,0.009136755054789806,-0.006655215819612837,0.003515789310929383,0.0047914439919372834,0.016020314542603366,0.00035107785587688346,0.0012320091041863373,0.012871736675333915,0.03279301633483501,0.04438625045916667,-0.07188503721495665,0.014200685581273832,-0.00745399300745567,0.0005781381759563164,-0.0034625094568123305,-0.04271804813301332,-0.009136755054789806,0.022921851868785655,0.0,-0.004411837179192634,0.008725012320320533,-0.010595344748882652,-0.01576952712863615,0.0007937320968004968,-0.001530993641475805,0.0041123401190536315,0.019599292585873014,0.028374940048135833,-0.033686958812283195,0.006112126787349433,-0.0033287084472096865,0.025750447065274334,-0.017972245072303175,-0.006655215819612837,-0.003515789310929383,-0.004411837179192634,-0.008725012320320533,0.0004157013703840501,0.0,-0.005149986944573339,-0.007509384039120201,0.0002653255340485666,0.0012031495542474502,-0.06747066217004832,-0.02308014747859489,0.05117123578009665,0.14657209855383332,-0.0040278316129815,0.020959855545817165,0.008357121640582145,0.01428595466986867,0.0047914439919372834,-0.016020314542603366,-0.010595344748882652,0.01576952712863615,-0.005149986944573339,0.007509384039120201,0.06209505644702332,0.0,0.9998053274016497
0.06899999999999996,0.0016275134938366835,0.0,-3.425842668827667e-05,-0.0005032249142259335,1.7810493470399746e-05,-0.00016094642954321304,0.0019385563874578635,0.0008539663902859665,0.0009359117025508671,-0.0006813938201760834,0.00013186660841248336,-0.0009078889857354224,0.0006315130848160339,0.0011123534805520996,-0.001678661883666637,-0.0005229078270165334,0.0006234894542980188,0.0010737939380596662,-3.425842668827667e-05,0.0005032249142259335,0.1794471041715,0.0,-0.060602581328526674,-0.1364460723070166,-0.006290913284158026,-0.013689257100753265,-0.014274770090581337,-0.0152074771251145,0.0007215035728438164,0.020164760311220664,0.012001682416304402,-0.03160888749537166,0.003743883483493732,-0.018759562316386535,-0.06510591465116834,0.021604161150318664,1.7810493470399746e-05,0.00016094642954321304,-0.060602581328526674,0.1364460723070166,0.7008665203435004,0.0,0.07288386936752667,0.06964270281800834,0.06503460841267335,-0.010002053420407967,-0.046581840411341675,-0.035269835151115,0.04364880251884668,0.07263801421974665,0.027363317697367995,0.033708385982948987,0.05623699157400167,-0.14319371655031335,0.0019385563874578635,-0.0008539663902859665,-0.006290913284158026,0.013689257100753265,0.07288386936752667,-0.06964270281800834,0.031320183259119665,0.0,0.019460621413649137,0.012279982005094003,-0.006741951331729549,9.545636867940096e-05,0.014154693793202047,0.008126073090695966,0.005943458968927032,0.0037158544647689826,-0.0027225560183231664,-0.02120095231808617,0.0009359117025508671,0.0006813938201760834,-0.014274770090581337,0.0152074771251145,0.06503460841267335,0.010002053420407967,0.019460621413649137,-0.012279982005094003,0.013392137926812703,0.0,0.0051219584211448675,0.0093513785599687,0.0003334994886827831,0.003336839436655856,0.026095828168141676,0.018445478454074668,0.008990311500457896,-0.013819734027149498,0.00013186660841248336,0.0009078889857354224,0.0007215035728438164,-0.020164760311220664,-0.046581840411341675,0.035269835151115,-0.006741951331729549,-9.545636867940096e-05,0.0051219584211448675,-0.0093513785599687,-0.012599976459640751,0.0,-0.04355224431804668,0.009344273808290865,-0.006708378240002983,0.003649213151891767,0.004386533931238785,0.016206694798263168,0.0006315130848160339,-0.0011123534805520996,0.012001682416304402,0.03160888749537166,0.04364880251884668,-0.07263801421974665,0.014154693793202047,-0.008126073090695966,0.0003334994886827831,-0.003336839436655856,-0.04355224431804668,-0.009344273808290865,0.023476366023710164,0.0,-0.004652319380530417,0.009149416566690475,-0.0099683252042273,-0.015947996178068188,-0.001678661883666637,0.0005229078270165334,0.003743883483493732,0.018759562316386535,0.027363317697367995,-0.033708385982948987,0.005943458968927032,-0.0037158544647689826,0.026095828168141676,-0.018445478454074668,-0.006708378240002983,-0.003649213151891767,-0.004652319380530417,-0.009149416566690475,0.0001818276261215166,0.0,-0.004856819797053201,-0.007288198974046701,0.0006234894542980188,-0.0010737939380596662,-0.06510591465116834,-0.021604161150318664,0.05623699157400167,0.14319371655031335,-0.0027225560183231664,0.02120095231808617,0.008990311500457896,0.013819734027149498,0.004386533931238785,-0.016206694798263168,-0.0099683252042273,0.015947996178068188,-0.004856819797053201,0.007288198974046701,0.06209346735207332,0.0,0.9998051437362498
0.06999999999999997,0.0016273298433960002,0.0,0.0004103177286308886,0.00033979241817861647,7.438005101508336e-05,9.317605238525015e-05,-0.001917725740406666,0.0008874061695692999,-0.0001276928990187166,0.0011433928815677472,0.0005613475194402235,0.0007258366549400999,-0.0012314220959930005,-0.0003303869961699165,0.0015851424310379357,-0.0008481169638329199,-0.0011883001282119222,-0.00038014731570225487,0.0004103177286308886,-0.00033979241817861647,0.1740754676430501,0.0,-0.05676287593136666,-0.12427389596808834,-0.007459989599358982,-0.01144621018821735,-0.01391227931434903,-0.013900382206118202,0.001073983949568883,0.019393273193005916,0.01107439937252423,-0.03043471865185333,0.0033703079861440166,-0.0179778398137975,-0.06276185904244498,0.0202689158241965,7.438005101508336e-05,-9.317605238525015e-05,-0.05676287593136666,0.12427389596808834,0.7049855949223333,0.0,0.074697230485045,0.06924242300690167,0.06562149421288332,-0.010560528846279501,-0.04683670116412501,-0.036171580522348826,0.04284940487512832,0.07331169323410665,0.026334670700340786,0.033698083861598005,0.06120168915715666,-0.13951521416500168,-0.001917725740406666,-0.0008874061695692999,-0.007459989599358982,0.01144621018821735,0.074697230485045,-0.06924242300690167,0.032394937922618335,0.0,0.019759888763792807,0.012795305679689855,-0.0068584181356897145,-0.00014096318442016994,0.014035962396191311,0.008771655500133918,0.005737836575810698,0.004090461089104502,-0.0013564981601484369,-0.02132809880053283,-0.0001276928990187166,-0.0011433928815677472,-0.01391227931434903,0.013900382206118202,0.06562149421288332,0.010560528846279501,0.019759888763792807,-0.012795305679689855,0.013812535815413767,0.0,0.005280916899589493,0.009344433120379001,6.865174044645008e-05,0.0031796028934922,0.026429317714393337,0.018914330467587667,0.009574962408299406,-0.01330907997989785,0.0005613475194402235,-0.0007258366549400999,0.001073983949568883,-0.019393273193005916,-0.04683670116412501,0.036171580522348826,-0.0068584181356897145,0.00014096318442016994,0.005280916899589493,-0.009344433120379001,-0.013141030215255032,0.0,-0.044371917605113324,0.009555202964757948,-0.006722428927276332,0.0037950257522629907,0.003968809052867865,0.01634545127206317,-0.0012314220959930005,0.0003303869961699165,0.01107439937252423,0.03043471865185333,0.04284940487512832,-0.07331169323410665,0.014035962396191311,-0.008771655500133918,6.865174044645008e-05,-0.0031796028934922,-0.044371917605113324,-0.009555202964757948,0.024028464627777336,0.0,-0.004894403365636049,0.009580538969355129,-0.009349651199098242,-0.01609576130872145,0.0015851424310379357,0.0008481169638329199,0.0033703079861440166,0.0179778398137975,0.026334670700340786,-0.033698083861598005,0.005737836575810698,-0.004090461089104502,0.026429317714393337,-0.018914330467587667,-0.006722428927276332,-0.0037950257522629907,-0.004894403365636049,-0.009580538969355129,-6.020260213379797e-05,0.0,-0.004603782927368832,-0.007043878182754268,-0.0011883001282119222,0.00038014731570225487,-0.06276185904244498,-0.0202689158241965,0.06120168915715666,0.13951521416500168,-0.0013564981601484369,0.02132809880053283,0.009574962408299406,0.01330907997989785,0.003968809052867865,-0.01634545127206317,-0.009349651199098242,0.01609576130872145,-0.004603782927368832,0.007043878182754268,0.06208186212054335,0.0,0.9998049600778998
0.07100000000000005,0.0016271461820302996,0.0,-0.00056643183310995,6.752601587384173e-05,-0.0001240531664516034,4.760854238325063e-06,0.0005895780635581968,-0.0020277839336955337,-0.0007328658000418669,-0.0008474247304197568,-0.0009092117631723849,-0.0001379855589815001,0.0010966497905647507,-0.0006351938747604768,-0.0005165709080621199,0.0017671619375283882,0.0011526141789901074,-0.000524142009389925,-0.00056643183310995,-6.752601587384173e-05,0.1691775778804833,0.0,-0.05279750967837167,-0.1121448461516767,-0.008544381608444727,-0.009118980563310149,-0.013523771504914853,-0.012569576116157336,0.0014459529245001682,0.018619581594168256,0.010111105607267532,-0.02929702362736167,0.003018187628599351,-0.017271454153634996,-0.06044682572685833,0.01914424181271575,-0.0001240531664516034,-4.760854238325063e-06,-0.05279750967837167,0.1121448461516767,0.7086496050695167,0.0,0.07645264831121334,0.06879650759370498,0.06616663834430334,-0.011147342867926437,-0.04707628227000666,-0.03709783426584983,0.042027291330703334,0.07389329523809997,0.02529999952483523,0.03365297830652333,0.06599704369917667,-0.13554437102937839,0.0005895780635581968,0.0020277839336955337,-0.008544381608444727,0.009118980563310149,0.07645264831121334,-0.06879650759370498,0.03348274773947883,0.0,0.02003292525007709,0.013313951223799294,-0.0069541204498863776,-0.0003796873442088232,0.013918217452241536,0.009376573633381714,0.005509417011675851,0.004443122080287387,5.576609804231676e-05,-0.021354262287101834,-0.0007328658000418669,0.0008474247304197568,-0.013523771504914853,0.012569576116157336,0.06616663834430334,0.011147342867926437,0.02003292525007709,-0.013313951223799294,0.014226852189146797,0.0,0.005466355519850234,0.009324151273150765,-0.00021666360802911653,0.002998585016815633,0.026729764106434996,0.019358831552053167,0.010133115086480883,-0.012779908283392396,-0.0009092117631723849,0.0001379855589815001,0.0014459529245001682,-0.018619581594168256,-0.04707628227000666,0.03709783426584983,-0.0069541204498863776,0.0003796873442088232,0.005466355519850234,-0.009324151273150765,-0.01369083292824048,0.0,-0.04516417970729001,0.009739592156858583,-0.006689296869909275,0.003931097507906442,0.0035497979200968,0.01646139676164833,0.0010966497905647507,0.0006351938747604768,0.010111105607267532,0.02929702362736167,0.042027291330703334,-0.07389329523809997,0.013918217452241536,-0.009376573633381714,-0.00021666360802911653,-0.002998585016815633,-0.04516417970729001,-0.009739592156858583,0.02457804263055817,0.0,-0.00512471913257805,0.009994251771275402,-0.008728775465176716,-0.016222774719221913,-0.0005165709080621199,-0.0017671619375283882,0.003018187628599351,0.017271454153634996,0.02529999952483523,-0.03365297830652333,0.005509417011675851,-0.004443122080287387,0.026729764106434996,-0.019358831552053167,-0.006689296869909275,-0.003931097507906442,-0.00512471913257805,-0.009994251771275402,-0.0003098363794067584,0.0,-0.004395899843713617,-0.006792420738248098,0.0011526141789901074,0.000524142009389925,-0.06044682572685833,-0.01914424181271575,0.06599704369917667,0.13554437102937839,5.576609804231676e-05,0.021354262287101834,0.010133115086480883,0.012779908283392396,0.0035497979200968,-0.01646139676164833,-0.008728775465176716,0.016222774719221913,-0.004395899843713617,0.006792420738248098,0.06206347402436167,0.0,0.9998047764080665
0.07200000000000004,0.0016269625137404328,0.0,0.0003718152064194948,-0.00048354737322021675,9.153331248288375e-05,-0.00012111739628066651,0.0011393957276175167,0.0017793375935741356,0.0010867157126514002,4.176852829476663e-05,0.0007619254794752319,-0.0005034892554578668,-0.0003227805081038883,0.001206277692798383,-0.0009171411585533865,-0.0016511965588598663,-0.0004970188214557335,0.001192570598045934,0.0003718152064194948,0.00048354737322021675,0.16474894612601673,0.0,-0.04874899222770334,-0.10002315372022502,-0.009531329646442682,-0.006717889198295746,-0.013104390087161003,-0.011222274444657166,0.0018706286914477847,0.017857342679100604,0.0091562400457171,-0.02817917831472801,0.0026888779282101,-0.016599088194763217,-0.05818905025487832,0.018215386527172837,9.153331248288375e-05,0.00012111739628066651,-0.04874899222770334,0.10002315372022502,0.7118598060396166,0.0,0.07811485782830335,0.06827801012110997,0.06668030453801498,-0.011711018780123083,-0.04727290814498001,-0.03800839626135718,0.041211684102861676,0.0744038459274417,0.024246167602190515,0.03357656062096216,0.07059522462560833,-0.131316691757175,0.0011393957276175167,-0.0017793375935741356,-0.009531329646442682,0.006717889198295746,0.07811485782830335,-0.06827801012110997,0.03458253580143,0.0,0.02028455935792045,0.01379666398967733,-0.007045864294172417,-0.0006268761134609665,0.013806937360203084,0.009972388139585028,0.00525693104607745,0.0047669027989314635,0.0014613139212722166,-0.02130284757369117,0.0010867157126514002,-4.176852829476663e-05,-0.013104390087161003,0.011222274444657166,0.06668030453801498,0.011711018780123083,0.02028455935792045,-0.01379666398967733,0.014634622294905596,0.0,0.005642007503153769,0.009303031881625496,-0.0005039208913841334,0.00281416246097485,0.026990911114796668,0.019780959123064337,0.010691068003907296,-0.012209647430902729,0.0007619254794752319,0.0005034892554578668,0.0018706286914477847,-0.017857342679100604,-0.04727290814498001,0.03800839626135718,-0.007045864294172417,0.0006268761134609665,0.005642007503153769,-0.009303031881625496,-0.014248025053852196,0.0,-0.045937742414193315,0.00988890507383896,-0.006652403164563967,0.004058399861801952,0.0031156279296362583,0.01657795405289617,-0.0003227805081038883,-0.001206277692798383,0.0091562400457171,0.02817917831472801,0.041211684102861676,-0.0744038459274417,0.013806937360203084,-0.009972388139585028,-0.0005039208913841334,-0.00281416246097485,-0.045937742414193315,-0.00988890507383896,0.02512412890329983,0.0,-0.0053375947890231855,0.010399008020166417,-0.008081593979843331,-0.0163448382362128,-0.0009171411585533865,0.0016511965588598663,0.0026888779282101,0.016599088194763217,0.024246167602190515,-0.03357656062096216,0.00525693104607745,-0.0047669027989314635,0.026990911114796668,-0.019780959123064337,-0.006652403164563967,-0.004058399861801952,-0.0053375947890231855,-0.010399008020166417,-0.0005665116260233668,0.0,-0.0041739798288405,-0.00655424400887855,-0.0004970188214557335,-0.001192570598045934,-0.05818905025487832,-0.018215386527172837,0.07059522462560833,0.131316691757175,0.0014613139212722166,0.02130284757369117,0.010691068003907296,0.012209647430902729,0.0031156279296362583,-0.01657795405289617,-0.008081593979843331,0.0163448382362128,-0.0041739798288405,0.00655424400887855,0.062042127731789985,0.0,0.9998045927311836
0.073,0.0016267788523829665,0.0,8.261293255652178e-05,0.0006205807447073533,3.1284667297226414e-05,0.00014896442255554981,-0.0021027062993103007,-0.0003320594302469005,-0.0007612567510171197,0.0007528802055679668,-0.00021307859140554987,0.0008812120349996171,-0.0006074847009356334,-0.0010516323464994164,0.0018641717319665167,0.0005301095327599701,-0.0004607814581131168,-0.0012231554916228827,8.261293255652178e-05,-0.0006205807447073533,0.16078696804413337,0.0,-0.04461809065818633,-0.08791199639086332,-0.010401142987802803,-0.0042737852521122326,-0.012629392437801597,-0.00986541647965383,0.0023282683441376503,0.017096612371122144,0.008214571435865884,-0.027053911470985837,0.0023527368563949214,-0.015923796677617168,-0.05602175624341002,0.01742174656745884,3.1284667297226414e-05,-0.00014896442255554981,-0.04461809065818633,0.08791199639086332,0.7146166231529004,0.0,0.07965054807459164,0.0676796693017033,0.06713034060225166,-0.012217706280815834,-0.04741945909838666,-0.03888135080121583,0.040381456686806684,0.07487824065609,0.02316098379973529,0.03347280069469317,0.07505104329055833,-0.12686443536452002,-0.0021027062993103007,0.0003320594302469005,-0.010401142987802803,0.0042737852521122326,0.07965054807459164,-0.0676796693017033,0.03569289589995617,0.0,0.02050691078199985,0.014268265233588,-0.007151356149974932,-0.0008908201395969836,0.013647424540368167,0.010563954285341504,0.004969046326498804,0.005066147269054249,0.002845922897029701,-0.021170576325220174,-0.0007612567510171197,-0.0007528802055679668,-0.012629392437801597,0.00986541647965383,0.06713034060225166,0.012217706280815834,0.02050691078199985,-0.014268265233588,0.015036398778374285,0.0,0.0057983017717172835,0.009291072411712798,-0.0007886076764309184,0.0026221642791485985,0.027238457962851664,0.020198195362982674,0.011233243793715585,-0.011573890652023733,-0.00021307859140554987,-0.0008812120349996171,0.0023282683441376503,-0.017096612371122144,-0.04741945909838666,0.03888135080121583,-0.007151356149974932,0.0008908201395969836,0.0057983017717172835,-0.009291072411712798,-0.014811898071294622,0.0,-0.04671693339271666,0.010031638982908802,-0.006632509273360967,0.004206819760034534,0.0026459527324814336,0.016681883124209502,-0.0006074847009356334,0.0010516323464994164,0.008214571435865884,0.027053911470985837,0.040381456686806684,-0.07487824065609,0.013647424540368167,-0.010563954285341504,-0.0007886076764309184,-0.0026221642791485985,-0.04671693339271666,-0.010031638982908802,0.025665712352303503,0.0,-0.0055424597167365855,0.010827136297890751,-0.007405411631162115,-0.016458527659321567,0.0018641717319665167,-0.0005301095327599701,0.0023527368563949214,0.015923796677617168,0.02316098379973529,-0.03347280069469317,0.004969046326498804,-0.005066147269054249,0.027238457962851664,-0.020198195362982674,-0.006632509273360967,-0.004206819760034534,-0.0055424597167365855,-0.010827136297890751,-0.0008299571899269998,0.0,-0.003923153294455166,-0.006326413107792151,-0.0004607814581131168,0.0012231554916228827,-0.05602175624341002,-0.01742174656745884,0.07505104329055833,0.12686443536452002,0.002845922897029701,0.021170576325220174,0.011233243793715585,0.011573890652023733,0.0026459527324814336,-0.016681883124209502,-0.007405411631162115,0.016458527659321567,-0.003923153294455166,0.006326413107792151,0.06202088724213335,0.0,0.9998044090612332
0.07399999999999993,0.0016265951979717835,0.0,-0.0004862750934918998,-0.0003714510741685384,-0.00012324766912036745,-4.4957837409183415e-05,0.0016728831180388753,-0.0013705411699771002,-2.928068711038325e-05,-0.0010621401290283887,-0.0004638762503136668,-0.0007865836153107671,0.0011312300055087837,0.00030244258617595005,-0.001727032927061917,0.0009688732841874164,0.0011700926697590167,0.000585944762355537,-0.0004862750934918998,0.0003714510741685384,0.15728855114463333,0.0,-0.04036682208692907,-0.07587146551068333,-0.011157707164011384,-0.0018047660507705518,-0.012088322222134192,-0.008505892748353285,0.0027813002339651008,0.016308450708351508,0.007251020808333666,-0.025923033514577497,0.0019914146805786333,-0.015261837083030532,-0.053942831637501666,0.016766026693897644,-0.00012324766912036745,4.4957837409183415e-05,-0.04036682208692907,0.07587146551068333,0.7169215552965666,0.0,0.08105805281520834,0.06702667178164,0.06747786093199669,-0.012693844056872499,-0.04752033429928501,-0.03974294065315834,0.03950128167645168,0.07529152149966666,0.022044847711078237,0.033321089355870664,0.0793665746166467,-0.12214447415853501,0.0016728831180388753,0.0013705411699771002,-0.011157707164011384,0.0018047660507705518,0.08105805281520834,-0.06702667178164,0.036813109061155,0.0,0.02068908140427196,0.014754442153182768,-0.007257990582732175,-0.0011698083717589301,0.01343625371849725,0.011115292338241817,0.004648770363867099,0.005355399947503999,0.004250123788771833,-0.02091456802343534,-2.928068711038325e-05,0.0010621401290283887,-0.012088322222134192,0.008505892748353285,0.06747786093199669,0.012693844056872499,0.02068908140427196,-0.014754442153182768,0.015432187327400195,0.0,0.005971017650075587,0.009284946072919999,-0.0010830177839004321,0.0024056688409152386,0.027488636129496664,0.02060490087512933,0.011723608910966679,-0.01089365347674495,-0.0004638762503136668,0.0007865836153107671,0.0027813002339651008,-0.016308450708351508,-0.04752033429928501,0.03974294065315834,-0.007257990582732175,0.0011698083717589301,0.005971017650075587,-0.009284946072919999,-0.015382806841747533,0.0,-0.04749456686005167,0.010190761125704603,-0.006594756207038281,0.0043811121343022685,0.002145937378603979,0.01674831635427445,0.0011312300055087837,-0.00030244258617595005,0.007251020808333666,0.025923033514577497,0.03950128167645168,-0.07529152149966666,0.01343625371849725,-0.011115292338241817,-0.0010830177839004321,-0.0024056688409152386,-0.04749456686005167,-0.010190761125704603,0.026202704278788333,0.0,-0.005747309570364549,0.011284194913433129,-0.0067123008985074005,-0.016546041201748577,-0.001727032927061917,-0.0009688732841874164,0.0019914146805786333,0.015261837083030532,0.022044847711078237,-0.033321089355870664,0.004648770363867099,-0.005355399947503999,0.027488636129496664,-0.02060490087512933,-0.006594756207038281,-0.0043811121343022685,-0.005747309570364549,-0.011284194913433129,-0.0010998636711303169,0.0,-0.003704587683974619,-0.006095863093012014,0.0011700926697590167,-0.000585944762355537,-0.053942831637501666,-0.016766026693897644,0.0793665746166467,0.12214447415853501,0.004250123788771833,0.02091456802343534,0.011723608910966679,0.01089365347674495,0.002145937378603979,-0.01674831635427445,-0.0067123008985074005,0.016546041201748577,-0.003704587683974619,0.006095863093012014,0.062002193604333324,0.0,0.9998042253979332
0.0750000000000001,0.0016264115366874498,0.0,0.0005869466380292997,-7.481026197667349e-05,9.859742528950994e-05,-0.00010212227608696667,-7.732761050556669e-05,0.0021970648732133166,0.000782618571719853,0.0006967697471971232,0.0008930293736599266,0.0002582278163023166,-0.000977921306346517,0.0005646849889027301,0.0005265319859714682,-0.0019411903455514986,-0.0012665034793782502,0.00035204072871799157,0.0005869466380292997,7.481026197667349e-05,0.15424706350358336,0.0,-0.03600886798862732,-0.06397367040435167,-0.011825520214088283,0.0007058528155857452,-0.011502378103236767,-0.007154123506734033,0.003237893816598483,0.015494389195220898,0.006255496652140017,-0.024815872254056168,0.0016234497957438368,-0.014650073201209757,-0.05195795792286669,0.016312167117282547,9.859742528950994e-05,0.00010212227608696667,-0.03600886798862732,0.06397367040435167,0.7187786717625834,0.0,0.08238122074559497,0.06635791538050667,0.06774783827359335,-0.013180481815990169,-0.04758725752971666,-0.04063003650263201,0.03860395861038501,0.07561060841525666,0.02091067114027104,0.033098532584809666,0.083465704189565,-0.11714840384736165,-7.732761050556669e-05,-0.0021970648732133166,-0.011825520214088283,-0.0007058528155857452,0.08238122074559497,-0.06635791538050667,0.03794274998506832,0.0,0.020847570556348047,0.015229735254007549,-0.007339076154464819,-0.001453820794720333,0.013239753701305047,0.011617738768673535,0.004314537678153633,0.0056445305809397495,0.005696739901431662,-0.020515836382591992,0.000782618571719853,-0.0006967697471971232,-0.011502378103236767,0.007154123506734033,0.06774783827359335,0.013180481815990169,0.020847570556348047,-0.015229735254007549,0.015821313929239147,0.0,0.00618650394987467,0.009278979973766368,-0.0013917298996687004,0.002166307013612766,0.02773124344266834,0.020984810119151837,0.012157870897730568,-0.010204642972378684,0.0008930293736599266,-0.0002582278163023166,0.003237893816598483,-0.015494389195220898,-0.04758725752971666,0.04063003650263201,-0.007339076154464819,0.001453820794720333,0.00618650394987467,-0.009278979973766368,-0.015961281624463433,0.0,-0.04825506153920668,0.010355167772277766,-0.0065154399945822165,0.004546920933423574,0.0016399829663300666,0.016794280775974703,-0.000977921306346517,-0.0005646849889027301,0.006255496652140017,0.024815872254056168,0.03860395861038501,-0.07561060841525666,0.013239753701305047,-0.011617738768673535,-0.0013917298996687004,-0.002166307013612766,-0.04825506153920668,-0.010355167772277766,0.02673551736349517,0.0,-0.005951255923906442,0.011743739390283532,-0.0060025161385511335,-0.016604913408798796,0.0005265319859714682,0.0019411903455514986,0.0016234497957438368,0.014650073201209757,0.02091067114027104,-0.033098532584809666,0.004314537678153633,-0.0056445305809397495,0.02773124344266834,-0.020984810119151837,-0.0065154399945822165,-0.004546920933423574,-0.005951255923906442,-0.011743739390283532,-0.0013755662343034663,0.0,-0.0035568459211095995,-0.005867542312272183,-0.0012665034793782502,-0.00035204072871799157,-0.05195795792286669,-0.016312167117282547,0.083465704189565,0.11714840384736165,0.005696739901431662,0.020515836382591992,0.012157870897730568,0.010204642972378684,0.0016399829663300666,-0.016794280775974703,-0.0060025161385511335,0.016604913408798796,-0.0035568459211095995,0.005867542312272183,0.06198916150613166,0.0,0.9998040417279497
0.076,0.0016262278598075171,0.0,-0.00037089592677638317,0.00045781857024985013,3.573398727933326e-05,0.00017809952191211702,-0.0016188853489627864,-0.0015216646289803715,-0.0010274329253629503,8.89046248108783e-05,-0.0008440980540175666,0.00041108796961962486,0.0002810948715856499,-0.0010590736368880172,0.0010353725443182334,0.0017549600217104599,0.0007114633589294666,-0.0011274342685480005,-0.00037089592677638317,-0.00045781857024985013,0.15165355218015003,0.0,-0.031598801187791334,-0.05221686095042833,-0.012403163427533255,0.0032725293548019002,-0.010884788384872267,-0.005818159381380066,0.003736025889691528,0.014680442802885949,0.005259040457369516,-0.023735540135048163,0.0012707915303695081,-0.014081260535960833,-0.05008753959261335,0.01606078377511697,3.573398727933326e-05,-0.00017809952191211702,-0.031598801187791334,0.05221686095042833,0.7201935001801666,0.0,0.08362155702522335,0.065660343922785,0.06797137025265335,-0.013667114261924998,-0.047607284150861684,-0.041525075842917335,0.03773276255261833,0.07584506862154498,0.01975637279512469,0.03280341779034867,0.08727602737789499,-0.11192223789499835,-0.0016188853489627864,0.0015216646289803715,-0.012403163427533255,-0.0032725293548019002,0.08362155702522335,-0.065660343922785,0.03908082268223833,0.0,0.02100497512947425,0.015656210284735166,-0.007388348191867005,-0.0017445657626205162,0.01307827314964868,0.012108483718920222,0.003977567239599816,0.005932370410947982,0.007148647223346803,-0.020013207032425834,-0.0010274329253629503,-8.89046248108783e-05,-0.010884788384872267,0.005818159381380066,0.06797137025265335,0.013667114261924998,0.02100497512947425,-0.015656210284735166,0.016203661250695705,0.0,0.006416542834656486,0.0092704173547233,-0.0017030490251695664,0.0019197585765099833,0.027946236648859996,0.021338163718227828,0.01255719445835087,-0.00949627892322747,-0.0008440980540175666,-0.00041108796961962486,0.003736025889691528,-0.014680442802885949,-0.047607284150861684,0.041525075842917335,-0.007388348191867005,0.0017445657626205162,0.006416542834656486,-0.0092704173547233,-0.016547149130465,0.0,-0.048992773393406644,0.010502946258195398,-0.006424579406295599,0.004681154912552741,0.00114134696429195,0.016848878957113785,0.0002810948715856499,0.0010590736368880172,0.005259040457369516,0.023735540135048163,0.03773276255261833,-0.07584506862154498,0.01307827314964868,-0.012108483718920222,-0.0017030490251695664,-0.0019197585765099833,-0.048992773393406644,-0.010502946258195398,0.02726404882967767,0.0,-0.006151122331383734,0.012189674166235575,-0.005264300940902298,-0.016640591805795173,0.0010353725443182334,-0.0017549600217104599,0.0012707915303695081,0.014081260535960833,0.01975637279512469,-0.03280341779034867,0.003977567239599816,-0.005932370410947982,0.027946236648859996,-0.021338163718227828,-0.006424579406295599,-0.004681154912552741,-0.006151122331383734,-0.012189674166235575,-0.00165636367144075,0.0,-0.0034267153740462505,-0.00564997100418065,0.0007114633589294666,0.0011274342685480005,-0.05008753959261335,-0.01606078377511697,0.08727602737789499,0.11192223789499835,0.007148647223346803,0.020013207032425834,0.01255719445835087,0.00949627892322747,0.00114134696429195,-0.016848878957113785,-0.005264300940902298,0.016640591805795173,-0.0034267153740462505,0.00564997100418065,0.06198555786180333,0.0,0.9998038580425336
0.07699999999999997,0.0016260441844154164,0.0,-4.333895202871495e-05,-0.0005955422936666671,-0.00017526091615629988,-9.126787648053303e-05,0.0022283630927705505,-0.00020126362843805038,0.0006365420376470999,-0.0008075439028297999,0.0003362438507614581,-0.0008737533209943665,0.0005466883676346836,0.0009237659871837539,-0.002006335979154016,-0.0004954551949166368,0.00024375916431243705,0.0013266613621917998,-4.333895202871495e-05,0.0005955422936666671,0.14950078331968336,0.0,-0.027166773435875653,-0.04057231844950002,-0.012860326309415979,0.005873976418898169,-0.010223035541231567,-0.0045052745602781,0.004282379866598116,0.01387460679525037,0.004279578643073018,-0.02265912865089166,0.0009193171319947768,-0.013526662682735967,-0.048356487697945004,0.015927090915037058,-0.00017526091615629988,9.126787648053303e-05,-0.027166773435875653,0.04057231844950002,0.7211708510070499,0.0,0.08475214262761499,0.06490436990884334,0.06813299227552168,-0.014107253863184954,-0.04756815647212334,-0.042389741096358,0.03686966452599667,0.07605126530892334,0.018573564547903244,0.032460915000003004,0.09082265623399333,-0.10653164792236662,0.0022283630927705505,0.00020126362843805038,-0.012860326309415979,-0.005873976418898169,0.08475214262761499,-0.06490436990884334,0.040225890008085,0.0,0.021160134936601186,0.01605643419867652,-0.007420063621733819,-0.00205636941129297,0.012882035762112835,0.012611264119073097,0.0036288486190735156,0.006212549653435168,0.008562248771552882,-0.01944484557748634,0.0006365420376470999,0.0008075439028297999,-0.010223035541231567,0.0045052745602781,0.06813299227552168,0.014107253863184954,0.021160134936601186,-0.01605643419867652,0.01657986337933083,0.0,0.006625120828256721,0.009256266931272166,-0.002010613966037384,0.0016624040212677828,0.028143916346211655,0.021693136038860503,0.012922721129344252,-0.008732205696903412,0.0003362438507614581,0.0008737533209943665,0.004282379866598116,-0.01387460679525037,-0.04756815647212334,0.042389741096358,-0.007420063621733819,0.00205636941129297,0.006625120828256721,-0.009256266931272166,-0.017139830091266288,0.0,-0.04972352794219335,0.010644563501512818,-0.006357173771028581,0.004807405937588883,0.000645910946125605,0.016904382979051533,0.0005466883676346836,-0.0009237659871837539,0.004279578643073018,0.02265912865089166,0.03686966452599667,-0.07605126530892334,0.012882035762112835,-0.012611264119073097,-0.002010613966037384,-0.0016624040212677828,-0.04972352794219335,-0.010644563501512818,0.027787806054805506,0.0,-0.006351071018253982,0.012636868857047404,-0.004501744357107083,-0.016654053873930787,-0.002006335979154016,0.0004954551949166368,0.0009193171319947768,0.013526662682735967,0.018573564547903244,-0.032460915000003004,0.0036288486190735156,-0.006212549653435168,0.028143916346211655,-0.021693136038860503,-0.006357173771028581,-0.004807405937588883,-0.006351071018253982,-0.012636868857047404,-0.0019420031133562327,0.0,-0.003252693789963934,-0.005434208729407349,0.00024375916431243705,-0.0013266613621917998,-0.048356487697945004,-0.015927090915037058,0.09082265623399333,0.10653164792236662,0.008562248771552882,0.01944484557748634,0.012922721129344252,0.008732205696903412,0.000645910946125605,-0.016904382979051533,-0.004501744357107083,0.016654053873930787,-0.003252693789963934,0.005434208729407349,0.06199426960989331,0.0,0.9998036743587169
0.07799999999999999,0.0016258605221616995,0.0,0.0004393163246078499,0.00040242711499523335,0.00015741274728309966,-9.031055782914988e-05,-0.001354575200921349,0.0018060742521735934,0.0001608863302794833,0.0010219926769823812,0.0003847983905072832,0.0008523807906733999,-0.00103116652820835,-0.0002517632218938665,0.0017833492992047667,-0.001098247075507367,-0.0010805230463851972,-0.0008100575953235597,0.0004393163246078499,-0.00040242711499523335,0.1477832436983,0.0,-0.022692904602800244,-0.02905842402181116,-0.013185895088028386,0.008483938855957497,-0.009505811460522633,-0.003217042607214146,0.00484674895661155,0.01304895504451169,0.0032935730646431014,-0.02157820760461149,0.0005436931218881835,-0.012999336453210936,-0.04676244137724,0.01584874335214155,0.00015741274728309966,9.031055782914988e-05,-0.022692904602800244,0.02905842402181116,0.7217151258770501,0.0,0.08577245400353666,0.06409563075890665,0.06818455815213001,-0.01448823556346675,-0.04747695692559166,-0.04323050632324619,0.03595816295036,0.076240673846355,0.017360769864498915,0.032095749276065996,0.09415705975131666,-0.100977397466005,-0.001354575200921349,-0.0018060742521735934,-0.013185895088028386,-0.008483938855957497,0.08577245400353666,-0.06409563075890665,0.041377363411398325,0.0,0.021287797762477502,0.016486962677566466,-0.007439605113368803,-0.0023879962219156203,0.012596439359225865,0.013098352750572726,0.0032614772349039345,0.0064832714326804675,0.009935123613944968,-0.018779906304754002,0.0001608863302794833,-0.0010219926769823812,-0.009505811460522633,0.003217042607214146,0.06818455815213001,0.01448823556346675,0.021287797762477502,-0.016486962677566466,0.016950100991297866,0.0,0.006833329635084467,0.009233524591025638,-0.0023219047179076154,0.0013696868947539076,0.02835221254536667,0.02206566388293683,0.013236118618202567,-0.007917836975909798,0.0003847983905072832,-0.0008523807906733999,0.00484674895661155,-0.01304895504451169,-0.04747695692559166,0.04323050632324619,-0.007439605113368803,0.0023879962219156203,0.006833329635084467,-0.009233524591025638,-0.017739386942582046,0.0,-0.05045334269345166,0.010809645710181368,-0.00629440711250905,0.0049498916673456315,0.00014425192169087504,0.01692607477163963,-0.00103116652820835,0.0002517632218938665,0.0032935730646431014,0.02157820760461149,0.03595816295036,-0.076240673846355,0.012596439359225865,-0.013098352750572726,-0.0023219047179076154,-0.0013696868947539076,-0.05045334269345166,-0.010809645710181368,0.028307147144503168,0.0,-0.006557959571768299,0.013097214069496588,-0.0037367649364975497,-0.016640759622688534,0.0017833492992047667,0.001098247075507367,0.0005436931218881835,0.012999336453210936,0.017360769864498915,-0.032095749276065996,0.0032614772349039345,-0.0064832714326804675,0.02835221254536667,-0.02206566388293683,-0.00629440711250905,-0.0049498916673456315,-0.006557959571768299,-0.013097214069496588,-0.0022327036768721655,0.0,-0.0030617030951163,-0.0052064941837004644,-0.0010805230463851972,0.0008100575953235597,-0.04676244137724,-0.01584874335214155,0.09415705975131666,0.100977397466005,0.009935123613944968,0.018779906304754002,0.013236118618202567,0.007917836975909798,0.00014425192169087504,-0.01692607477163963,-0.0037367649364975497,0.016640759622688534,-0.0030617030951163,0.0052064941837004644,0.06201673966255336,0.0,0.9998034906879
0.07900000000000001,0.0016256768702287837,0.0,-0.0005889693397463834,1.3148306551488426e-05,2.8607838931501172e-06,0.0001757952958690432,-0.0004404513759142663,-0.002237956833267316,-0.0008554794065177503,-0.0005709107381892503,-0.0008921560832208501,-0.0003192064227346066,0.0008965371202819997,-0.0005561758116288302,-0.00046689734219669836,0.0020597944595675045,0.0013464459815666669,-0.00013147306846061677,-0.0005889693397463834,-1.3148306551488426e-05,0.1464939753449667,0.0,-0.018171341091295933,-0.017735057434549003,-0.013400525785717135,0.011109064233417898,-0.008752977219572656,-0.0019465341096259999,0.0054190075845100185,0.012189451222844216,0.002277989204665483,-0.020515764221952983,0.00015845646431909165,-0.0125454241887569,-0.04529696470015334,0.01585365298485918,2.8607838931501172e-06,-0.0001757952958690432,-0.018171341091295933,0.017735057434549003,0.7218322042685669,0.0,0.08671613999658835,0.06326647325819164,0.06813049604065337,-0.014845158480890285,-0.047342479980545,-0.04408270943028865,0.034996734348438335,0.07636143507474663,0.01613370946380668,0.031711169449144996,0.09725866885511668,-0.09524264644215333,-0.0004404513759142663,0.002237956833267316,-0.013400525785717135,-0.011109064233417898,0.08671613999658835,-0.06326647325819164,0.042535598288478325,0.0,0.02138301680383533,0.01696153611785768,-0.007437017572058568,-0.002716736694155985,0.012267947661932547,0.013540800232436432,0.002884031091396684,0.006745015889593985,0.011279189648480735,-0.01796365456971253,-0.0008554794065177503,0.0005709107381892503,-0.008752977219572656,0.0019465341096259999,0.06813049604065337,0.014845158480890285,0.02138301680383533,-0.01696153611785768,0.017313368337234646,0.0,0.0070867334385635835,0.009205878949823432,-0.0026481439342931376,0.001035211646894645,0.028575098980678334,0.022434571104103,0.01349825272554025,-0.007100806307963796,-0.0008921560832208501,0.0003192064227346066,0.0054190075845100185,-0.012189451222844216,-0.047342479980545,0.04408270943028865,-0.007437017572058568,0.002716736694155985,0.0070867334385635835,-0.009205878949823432,-0.01834651794597764,0.0,-0.051165822979439994,0.010996426305639788,-0.006199537326386768,0.005091811793190045,-0.00035899311378265,0.016910650374609395,0.0008965371202819997,0.0005561758116288302,0.002277989204665483,0.020515764221952983,0.034996734348438335,-0.07636143507474663,0.012267947661932547,-0.013540800232436432,-0.0026481439342931376,-0.001035211646894645,-0.051165822979439994,-0.010996426305639788,0.028823240968117673,0.0,-0.006775229304610618,0.013552185352313865,-0.002983327496940566,-0.01659973753596294,-0.00046689734219669836,-0.0020597944595675045,0.00015845646431909165,0.0125454241887569,0.01613370946380668,-0.031711169449144996,0.002884031091396684,-0.006745015889593985,0.028575098980678334,-0.022434571104103,-0.006199537326386768,-0.005091811793190045,-0.006775229304610618,-0.013552185352313865,-0.002528434799962247,0.0,-0.0029197699024117504,-0.004967262947870915,0.0013464459815666669,0.00013147306846061677,-0.04529696470015334,-0.01585365298485918,0.09725866885511668,0.09524264644215333,0.011279189648480735,0.01796365456971253,0.01349825272554025,0.007100806307963796,-0.00035899311378265,-0.016910650374609395,-0.002983327496940566,0.01659973753596294,-0.0029197699024117504,0.004967262947870915,0.062054195695593325,0.0,0.9998033070272998
0.08000000000000004,0.0016254932134460338,0.0,0.00042079109244126645,-0.00042662516401056346,-0.00015211782051226656,-0.00012037352072150264,0.001975263940695787,0.0011727410604315531,0.0009738697217992169,-0.00023295462867438504,0.0008733431607033,-0.0004027589359701499,-0.00023186872953259979,0.0010223494542102838,-0.0011511585740023175,-0.0017815887733673998,-0.0009154937434856,0.0010232392002916498,0.00042079109244126645,0.00042662516401056346,0.1456231922595,0.0,-0.013627718157154835,-0.006626209719868167,-0.01351720961730965,0.01376710287745612,-0.007986715909266568,-0.0006861597958834338,0.006026569104952935,0.011330825937030834,0.0012519815103985048,-0.019493017850777998,-0.00019765379370795,-0.012175487881403668,-0.04397133376067666,0.015983977316850955,-0.00015211782051226656,0.00012037352072150264,-0.013627718157154835,0.006626209719868167,0.7215297993706499,0.0,0.08759714129059833,0.062438152041058355,0.06803461351694003,-0.015199903409180683,-0.047160716260783345,-0.044940096468835344,0.03403741552381834,0.07638660503190833,0.014910534919687425,0.03130660574013883,0.10008982635326329,-0.08936880255342498,0.001975263940695787,-0.0011727410604315531,-0.01351720961730965,-0.01376710287745612,0.08759714129059833,-0.062438152041058355,0.04370099194404667,0.0,0.021472233946439837,0.017441439483503966,-0.007409855585124831,-0.0030282096279784345,0.011965698824463862,0.013955532703041867,0.0025035159614896162,0.0069930038190599226,0.012580798843155083,-0.017017916613222748,0.0009738697217992169,0.00023295462867438504,-0.007986715909266568,0.0006861597958834338,0.06803461351694003,0.015199903409180683,0.021472233946439837,-0.017441439483503966,0.017668451173814933,0.0,0.00738217414169045,0.009176648768580533,-0.0029861028411393487,0.0006750046654547933,0.028791027138335,0.022781416095066672,0.013729536606264667,-0.006298763483217133,0.0008733431607033,0.0004027589359701499,0.006026569104952935,-0.011330825937030834,-0.047160716260783345,0.044940096468835344,-0.007409855585124831,0.0030282096279784345,0.00738217414169045,-0.009176648768580533,-0.018961392854863,0.0,-0.05185859902096667,0.011167722610255882,-0.006082130747132168,0.0052112951256338,-0.0008559474649034001,0.016892423477583796,-0.00023186872953259979,-0.0010223494542102838,0.0012519815103985048,0.019493017850777998,0.03403741552381834,-0.07638660503190833,0.011965698824463862,-0.013955532703041867,-0.0029861028411393487,-0.0006750046654547933,-0.05185859902096667,-0.011167722610255882,0.0293366890639225,0.0,-0.006999450393885317,0.013981176541963854,-0.00222782028022745,-0.01653323695060983,-0.0011511585740023175,0.0017815887733673998,-0.00019765379370795,0.012175487881403668,0.014910534919687425,-0.03130660574013883,0.0025035159614896162,-0.0069930038190599226,0.028791027138335,-0.022781416095066672,-0.006082130747132168,-0.0052112951256338,-0.006999450393885317,-0.013981176541963854,-0.002828701907208603,0.0,-0.0028257439453926144,-0.0047241929238724814,-0.0009154937434856,-0.0010232392002916498,-0.04397133376067666,-0.015983977316850955,0.10008982635326329,0.08936880255342498,0.012580798843155083,0.017017916613222748,0.013729536606264667,0.006298763483217133,-0.0008559474649034001,-0.016892423477583796,-0.00222782028022745,0.01653323695060983,-0.0028257439453926144,0.0047241929238724814,0.062108601098683325,0.0,0.9998031233622162
0.08100000000000004,0.0016253095565597507,0.0,-3.1770853190300356e-06,0.0006255981541760499,0.00021979088056368334,-2.494486343720016e-05,-0.0022042060254311288,0.0006866066632800168,-0.00047786693243133323,0.0008441916173883668,-0.00035879062550613316,0.0008954746800774064,-0.0005603585299971237,-0.0008724408708841105,0.0020848080665774103,0.000432704081593405,-3.659194517263337e-05,-0.0014003731576848002,-3.1770853190300356e-06,-0.0006255981541760499,0.1451613252998167,0.0,-0.0090587152175508,0.004302517052472083,-0.01351291477637329,0.01642937776504166,-0.007199505699519801,0.0005597034739221134,0.006686725672482313,0.010509347683023118,0.00025073823335216677,-0.01849773125603966,-0.0005230357506142914,-0.011845596204070084,-0.042794617128898337,0.016210269811355503,0.00021979088056368334,2.494486343720016e-05,-0.0090587152175508,-0.004302517052472083,0.7208153383382664,0.0,0.08836221915709003,0.06160054259967332,0.06791832522336168,-0.015523780343233016,-0.04691342974518665,-0.045745819344228826,0.033083284253210166,0.07634354772888835,0.013690385531699649,0.030890938350491667,0.10265660806171832,-0.08340227758002165,-0.0022042060254311288,-0.0006866066632800168,-0.01351291477637329,-0.01642937776504166,0.08836221915709003,-0.06160054259967332,0.04487319403659166,0.0,0.021560850155559832,0.01789918970031716,-0.007371082679570603,-0.00333831506710621,0.011671976733117503,0.014362124577974287,0.0021127887388081947,0.007210424427052385,0.013810491291086347,-0.01601675810969012,-0.00047786693243133323,-0.0008441916173883668,-0.007199505699519801,-0.0005597034739221134,0.06791832522336168,0.015523780343233016,0.021560850155559832,-0.01789918970031716,0.018014972322551035,0.0,0.007672923687111899,0.009135441557949068,-0.0033211294892039104,0.00029795088834354657,0.028985556034434996,0.02311762357740066,0.013927690484156968,-0.005473453077887631,-0.00035879062550613316,-0.0008954746800774064,0.006686725672482313,-0.010509347683023118,-0.04691342974518665,0.045745819344228826,-0.007371082679570603,0.00333831506710621,0.007672923687111899,-0.009135441557949068,-0.01958281876173276,0.0,-0.052544499093960015,0.011300621108203337,-0.005979184917834168,0.005326160621088801,-0.00135703863467495,0.01688133788374575,-0.0005603585299971237,0.0008724408708841105,0.00025073823335216677,0.01849773125603966,0.033083284253210166,-0.07634354772888835,0.011671976733117503,-0.014362124577974287,-0.0033211294892039104,-0.00029795088834354657,-0.052544499093960015,-0.011300621108203337,0.029846800291520325,0.0,-0.007219892613031003,0.014397430656266917,-0.0014479886857570832,-0.01643195693050315,0.0020848080665774103,-0.000432704081593405,-0.0005230357506142914,0.011845596204070084,0.013690385531699649,-0.030890938350491667,0.0021127887388081947,-0.007210424427052385,0.028985556034434996,-0.02311762357740066,-0.005979184917834168,-0.005326160621088801,-0.007219892613031003,-0.014397430656266917,-0.0031330668466506505,0.0,-0.002721399138615999,-0.004472477570756553,-3.659194517263337e-05,0.0014003731576848002,-0.042794617128898337,-0.016210269811355503,0.10265660806171832,0.08340227758002165,0.013810491291086347,0.01601675810969012,0.013927690484156968,0.005473453077887631,-0.00135703863467495,-0.01688133788374575,-0.0014479886857570832,0.01643195693050315,-0.002721399138615999,0.004472477570756553,0.062181885459554984,0.0,0.9998029396966669
0.08199999999999992,0.0016251259138574498,0.0,-0.0004455168918301068,-0.00045959111586091653,-0.00014082370448969967,0.00021549907245887364,0.0009831383032022005,-0.002107736060379749,-0.00028987476146114226,-0.0009063495066075663,-0.00037183033770432666,-0.0008914099077641833,0.0009981003335303403,0.0002037618488076668,-0.0017837107914411366,0.0011762882068913497,0.0010045707348553335,0.0009965722191203838,-0.0004455168918301068,0.00045959111586091653,0.14510091519444995,0.0,-0.004428364004380605,0.015061038621073875,-0.013375731931442184,0.01904925952866228,-0.006376131978045171,0.0017785122167810995,0.007375656498932713,0.009713108655075063,-0.0007248425864755665,-0.017512860887345553,-0.0008608818360668432,-0.011528666245889545,-0.041766930475978334,0.016486512795943004,-0.00014082370448969967,-0.00021549907245887364,-0.004428364004380605,-0.015061038621073875,0.7196949145479666,0.0,0.08897964077173501,0.060755578528814996,0.06774658702013668,-0.015790279203758622,-0.046603744664816676,-0.046492974517574684,0.032084615352409175,0.07627379710418666,0.012464752483740401,0.0304757887304485,0.10501013354341168,-0.07734522662131334,0.0009831383032022005,0.002107736060379749,-0.013375731931442184,-0.01904925952866228,0.08897964077173501,-0.060755578528814996,0.04605172475678833,0.0,0.021620340319024173,0.018356546568605994,-0.007328547917128856,-0.0036680622714114334,0.011328770786398847,0.01474247661327677,0.0017049277645547001,0.007387949295051448,0.014957439674294732,-0.014975675211570895,-0.00028987476146114226,0.0009063495066075663,-0.006376131978045171,-0.0017785122167810995,0.06774658702013668,0.015790279203758622,0.021620340319024173,-0.018356546568605994,0.018352884422074136,0.0,0.007949132212609619,0.009074076900951317,-0.0036426759368646338,-0.00010650361628362825,0.029177800778863346,0.023460575452494,0.014065233633305816,-0.004600334824077199,-0.00037183033770432666,0.0008914099077641833,0.007375656498932713,-0.009713108655075063,-0.046603744664816676,0.046492974517574684,-0.007328547917128856,0.0036680622714114334,0.007949132212609619,-0.009074076900951317,-0.020209121191404923,0.0,-0.05323731824304999,0.011414607526189847,-0.00589412149954187,0.005467594250131821,-0.0018859198319763498,0.016848917129026978,0.0009981003335303403,-0.0002037618488076668,-0.0007248425864755665,0.017512860887345553,0.032084615352409175,-0.07627379710418666,0.011328770786398847,-0.01474247661327677,-0.0036426759368646338,0.00010650361628362825,-0.05323731824304999,-0.011414607526189847,0.030352697422624832,0.0,-0.007427444597567903,0.014833808544028527,-0.0006431528827370969,-0.01628589827295218,-0.0017837107914411366,-0.0011762882068913497,-0.0008608818360668432,0.011528666245889545,0.012464752483740401,-0.0304757887304485,0.0017049277645547001,-0.007387949295051448,0.029177800778863346,-0.023460575452494,-0.00589412149954187,-0.005467594250131821,-0.007427444597567903,-0.014833808544028527,-0.003441460511550634,0.0,-0.0025946588859700496,-0.004209941980210433,0.0010045707348553335,-0.0009965722191203838,-0.041766930475978334,-0.016486512795943004,0.10501013354341168,0.07734522662131334,0.014957439674294732,0.014975675211570895,0.014065233633305816,0.004600334824077199,-0.0018859198319763498,-0.016848917129026978,-0.0006431528827370969,0.01628589827295218,-0.0025946588859700496,0.004209941980210433,0.062275075490598325,0.0,0.9998027560453168
0.0830000000000001,0.00162494228478935,0.0,0.0006308826858131168,1.632926206053334e-05,-0.00011150870093004994,-0.00030159359300495006,0.0009073894600758118,0.0021641374008322663,0.000854003732476467,0.0003907170708206499,0.0009115824852841496,0.00036236142702800015,-0.0008190368508188135,0.0005627820987795167,0.0004248556011976099,-0.0020937739513382813,-0.001413821133092017,-3.207831583758513e-05,0.0006308826858131168,-1.632926206053334e-05,0.14543390014403337,0.0,0.0002776031288163668,0.025588343239375002,-0.01313131468106026,0.02161948600865783,-0.00552244925102175,0.002967044193864583,0.00806359079123745,0.008905613367210454,-0.0017010619066361666,-0.0165451886109059,-0.0012321838050293765,-0.011246128268066468,-0.04087983279077001,0.016832650631121212,-0.00011150870093004994,0.00030159359300495006,0.0002776031288163668,-0.025588343239375002,0.7181754328452833,0.0,0.089466096537375,0.05991954244954998,0.06747808767409832,-0.016025426162639595,-0.04623441808078502,-0.04722343360709116,0.03102060307716984,0.07614341038903998,0.011238054127155426,0.030045002291081,0.107129140285765,-0.07115746095060835,0.0009073894600758118,-0.0021641374008322663,-0.01313131468106026,-0.02161948600865783,0.089466096537375,-0.05991954244954998,0.04723654390423002,0.0,0.021631088448283493,0.018825873599970497,-0.0072717434084944325,-0.0040050889188572,0.010948826365232452,0.015074238806299083,0.0012871865258634835,0.007540589980625186,0.01602182671912111,-0.013823661665783355,0.000854003732476467,-0.0003907170708206499,-0.00552244925102175,-0.002967044193864583,0.06747808767409832,0.016025426162639595,0.021631088448283493,-0.018825873599970497,0.01868164049815748,0.0,0.008250413850830748,0.009007902972629746,-0.0039512055392693,-0.0005366856911356182,0.029382291783613335,0.023789257668616667,0.014124219676633028,-0.0037178889842813946,0.0009115824852841496,-0.00036236142702800015,0.00806359079123745,-0.008905613367210454,-0.04623441808078502,0.04722343360709116,-0.0072717434084944325,0.0040050889188572,0.008250413850830748,-0.009007902972629746,-0.02083952892621533,0.0,-0.05391448754281501,0.011527549838131486,-0.0057960623256523,0.005624958170934249,-0.0024477365400053996,0.01677261029761934,-0.0008190368508188135,-0.0005627820987795167,-0.0017010619066361666,0.0165451886109059,0.03102060307716984,-0.07614341038903998,0.010948826365232452,-0.015074238806299083,-0.0039512055392693,0.0005366856911356182,-0.05391448754281501,-0.011527549838131486,0.03085423303769417,0.0,-0.0076214806262513,0.015293751488561352,0.0001694881972284103,-0.016095129632132752,0.0004248556011976099,0.0020937739513382813,-0.0012321838050293765,0.011246128268066468,0.011238054127155426,-0.030045002291081,0.0012871865258634835,-0.007540589980625186,0.029382291783613335,-0.023789257668616667,-0.0057960623256523,-0.005624958170934249,-0.0076214806262513,-0.015293751488561352,-0.0037536014683921997,0.0,-0.0025002333217395657,-0.003952371574245584,-0.001413821133092017,3.207831583758513e-05,-0.04087983279077001,-0.016832650631121212,0.107129140285765,0.07115746095060835,0.01602182671912111,0.013823661665783355,0.014124219676633028,0.0037178889842813946,-0.0024477365400053996,-0.01677261029761934,0.0001694881972284103,0.016095129632132752,-0.0025002333217395657,0.003952371574245584,0.062389010088276665,0.0,0.9998025724079832
0.08399999999999995,0.0016247586535729991,0.0,-0.00045714685543789995,0.0004255402262592165,0.0003839363131056337,0.00015125113895648304,-0.0022269663365736,-0.0007702554554369834,-0.0008431034239204784,0.00036498023996806646,-0.0009206371490366202,0.0003955987165910884,0.00015394538197399676,-0.0009529915534202235,0.0011886592261204669,0.0017677875526424592,0.0010548943749122278,-0.0009441319401878163,-0.00045714685543789995,-0.0004255402262592165,0.14614877546961672,0.0,0.005031575351300786,0.03582555833063599,-0.012806378245179974,0.024175489990964857,-0.0046573060317145,0.004130857544473799,0.008757612349078283,0.008093978357245969,-0.0026833282198131,-0.015616365894389004,-0.0016043775858199496,-0.011023560058549419,-0.04014535641463499,0.017310861260644315,0.0003839363131056337,-0.00015125113895648304,0.005031575351300786,-0.03582555833063599,0.7162664509217833,0.0,0.08987151965775166,0.059116751536405006,0.06713989906824332,-0.016278635835438,-0.04581632175628167,-0.047959019391040004,0.029958884262575515,0.07591144161080668,0.010029930380299064,0.029570374731089796,0.10895700536443333,-0.06486243988428164,-0.0022269663365736,0.0007702554554369834,-0.012806378245179974,-0.024175489990964857,0.08987151965775166,-0.059116751536405006,0.048427666560465,0.0,0.021622185579348006,0.019279047237767164,-0.0071922673349087305,-0.004317904365904621,0.0106007447233408,0.01537988499496947,0.0008666861176102667,0.0076880448257361155,0.017003069099840788,-0.012525026994437445,-0.0008431034239204784,-0.00036498023996806646,-0.0046573060317145,-0.004130857544473799,0.06713989906824332,0.016278635835438,0.021622185579348006,-0.019279047237767164,0.019000636643987597,0.0,0.008595673977146452,0.008957542484893295,-0.0042498614247365694,-0.0009720010487653364,0.029587610737091673,0.024077883537158333,0.01411498987810153,-0.0028720185453068514,-0.0009206371490366202,-0.0003955987165910884,0.008757612349078283,-0.008093978357245969,-0.04581632175628167,0.047959019391040004,-0.0071922673349087305,0.004317904365904621,0.008595673977146452,-0.008957542484893295,-0.021473941558613197,0.0,-0.05456447283927,0.011618442109832431,-0.00567814398399625,0.005760361912736934,-0.0030262012381345165,0.016679801911523,0.00015394538197399676,0.0009529915534202235,-0.0026833282198131,0.015616365894389004,0.029958884262575515,-0.07591144161080668,0.0106007447233408,-0.01537988499496947,-0.0042498614247365694,0.0009720010487653364,-0.05456447283927,-0.011618442109832431,0.03135113481253433,0.0,-0.00780926708647855,0.01575816863019854,0.0009851721583117666,-0.01587028242644188,0.0011886592261204669,-0.0017677875526424592,-0.0016043775858199496,0.011023560058549419,0.010029930380299064,-0.029570374731089796,0.0008666861176102667,-0.0076880448257361155,0.029587610737091673,-0.024077883537158333,-0.00567814398399625,-0.005760361912736934,-0.00780926708647855,-0.01575816863019854,-0.004068555676614983,0.0,-0.0024709585233647314,-0.003718804276487966,0.0010548943749122278,0.0009441319401878163,-0.04014535641463499,-0.017310861260644315,0.10895700536443333,0.06486243988428164,0.017003069099840788,0.012525026994437445,0.01411498987810153,0.0028720185453068514,-0.0030262012381345165,-0.016679801911523,0.0009851721583117666,0.01587028242644188,-0.0024709585233647314,0.003718804276487966,0.06252546294135165,0.0,0.9998023887679336
0.08499999999999998,0.0016245750090973829,0.0,2.7448807264883425e-05,-0.0006469706051528868,-0.0004699120045945834,0.0001913219232725502,0.0020460295613970825,-0.0011505969051911833,0.00028115821710834974,-0.0008516082346121164,0.0003960959577246018,-0.0009256454854479351,0.00057204487838405,0.0007448608785733366,-0.002093919427381651,-0.0003863934813424666,-0.00012130050953304989,0.0014192531751764164,2.7448807264883425e-05,0.0006469706051528868,0.14723210707603335,0.0,0.009812058799067831,0.04576740100583833,-0.012387267290337648,0.026716126326812327,-0.0037774238646436004,0.005264875147861498,0.00947718862154982,0.007315064120865716,-0.0036468428579248327,-0.014722703584828668,-0.0019460002879621678,-0.010843190800621348,-0.03957185871954499,0.01791933281077222,-0.0004699120045945834,-0.0001913219232725502,0.009812058799067831,-0.04576740100583833,0.7139789789375667,0.0,0.09018187375520502,0.05833347973841666,0.06676554998952003,-0.016554551183291234,-0.04535093341239666,-0.048659723608428324,0.028953388628527,0.07558936956574,0.00884413405967115,0.029034394245434917,0.110458110512845,-0.058527074953314995,0.0020460295613970825,0.0011505969051911833,-0.012387267290337648,-0.026716126326812327,0.09018187375520502,-0.05833347973841666,0.049624558228593324,0.0,0.02162232629815266,0.01968266817758467,-0.007091126440012415,-0.0046046086203805825,0.010290243722635185,0.015689425880755153,0.000439341381774267,0.007828957993906082,0.017903052908524723,-0.01114398913526199,0.00028115821710834974,0.0008516082346121164,-0.0037774238646436004,-0.005264875147861498,0.06676554998952003,0.016554551183291234,0.02162232629815266,-0.01968266817758467,0.019309988563912816,0.0,0.008948971790303016,0.008910724705988951,-0.004534473672272282,-0.0013983933758928333,0.02976735421778667,0.02433223598103333,0.014045531326385665,-0.0020442873410685242,0.0003960959577246018,0.0009256454854479351,0.00947718862154982,-0.007315064120865716,-0.04535093341239666,0.048659723608428324,-0.007091126440012415,0.0046046086203805825,0.008948971790303016,-0.008910724705988951,-0.022111386565326005,0.0,-0.05519967501170166,0.011654528930642664,-0.005567307268270832,0.0058611066836777165,-0.003607892494764696,0.01659866404435,0.00057204487838405,-0.0007448608785733366,-0.0036468428579248327,0.014722703584828668,0.028953388628527,-0.07558936956574,0.010290243722635185,-0.015689425880755153,-0.004534473672272282,0.0013983933758928333,-0.05519967501170166,-0.011654528930642664,0.031841919454704326,0.0,-0.007988328191740699,0.016223761896003733,0.0018126294106565498,-0.01561246692127687,-0.002093919427381651,0.0003863934813424666,-0.0019460002879621678,0.010843190800621348,0.00884413405967115,-0.029034394245434917,0.000439341381774267,-0.007828957993906082,0.02976735421778667,-0.02433223598103333,-0.005567307268270832,-0.0058611066836777165,-0.007988328191740699,-0.016223761896003733,-0.004385249610464854,0.0,-0.0024630087115988003,-0.0035026333791598006,-0.00012130050953304989,-0.0014192531751764164,-0.03957185871954499,-0.01791933281077222,0.110458110512845,0.058527074953314995,0.017903052908524723,0.01114398913526199,0.014045531326385665,0.0020442873410685242,-0.003607892494764696,-0.01659866404435,0.0018126294106565498,0.01561246692127687,-0.0024630087115988003,0.0035026333791598006,0.06268671402095666,0.0,0.9998022051151999
0.08600000000000002,0.0016243913666844003,0.0,0.0004662777412911616,0.0005097021718473633,0.00023433406638878336,-0.0005420583662732466,-0.0004988058082930654,0.0022745302007404072,0.00045414829172940173,0.0007667211418805164,0.00035415280101276354,0.0009311114681003497,-0.000916855376044493,-8.828435617551407e-05,0.0017483346797536215,-0.0012347562085745667,-0.0008912952322685818,-0.0011112772815467492,0.0004662777412911616,-0.0005097021718473633,0.14867179907220004,0.0,0.014623435494215404,0.05544228992295834,-0.01185429526264137,0.02919594038504967,-0.0028666620072199836,0.006352010172459835,0.010219213135199832,0.006569291220937734,-0.004580282048969508,-0.01384027066010367,-0.002275865047257383,-0.010676675294636704,-0.03915918553131833,0.018590672132320858,0.00023433406638878336,0.0005420583662732466,0.014623435494215404,-0.05544228992295834,0.7113236721750502,0.0,0.09036210106405333,0.05754529800628668,0.06634456895786832,-0.016816821715008985,-0.044837930627419996,-0.049298727196410014,0.027972952350138504,0.0752349229309767,0.007671768075530918,0.02844137198595217,0.11165650105318001,-0.05219741219378167,-0.0004988058082930654,-0.0022745302007404072,-0.01185429526264137,-0.02919594038504967,0.09036210106405333,-0.05754529800628668,0.05082620861776166,0.0,0.021620002972885834,0.020056443413665838,-0.006967103301407335,-0.004891132087022834,0.009947176316094415,0.0159882375110675,-7.440529677666145e-07,0.0079507809522248,0.018722279023162668,-0.009750834591428802,0.00045414829172940173,-0.0007667211418805164,-0.0028666620072199836,-0.006352010172459835,0.06634456895786832,0.016816821715008985,0.021620002972885834,-0.020056443413665838,0.019610062735552537,0.0,0.009283232610813165,0.008840157641277288,-0.004797093127984782,-0.0018243171121761165,0.02992399782628166,0.02458337378838166,0.013900595173357668,-0.0011937566790396067,0.00035415280101276354,-0.0009311114681003497,0.010219213135199832,-0.006569291220937734,-0.044837930627419996,0.049298727196410014,-0.006967103301407335,0.004891132087022834,0.009283232610813165,-0.008840157641277288,-0.022749676228744166,0.0,-0.05584128704027666,0.011645855732774501,-0.005477709873038517,0.005951997154243165,-0.004191633692778033,0.01651106165085917,-0.000916855376044493,8.828435617551407e-05,-0.004580282048969508,0.01384027066010367,0.027972952350138504,-0.0752349229309767,0.009947176316094415,-0.0159882375110675,-0.004797093127984782,0.0018243171121761165,-0.05584128704027666,-0.011645855732774501,0.03232454223944885,0.0,-0.008146507164814734,0.016709352687419462,0.002646341508525601,-0.015318988718576619,0.0017483346797536215,0.0012347562085745667,-0.002275865047257383,0.010676675294636704,0.007671768075530918,-0.02844137198595217,-7.440529677666145e-07,-0.0079507809522248,0.02992399782628166,-0.02458337378838166,-0.005477709873038517,-0.005951997154243165,-0.008146507164814734,-0.016709352687419462,-0.0047031030100794175,0.0,-0.0024234969938890997,-0.0032840257761197695,-0.0008912952322685818,0.0011112772815467492,-0.03915918553131833,-0.018590672132320858,0.11165650105318001,0.05219741219378167,0.018722279023162668,0.009750834591428802,0.013900595173357668,0.0011937566790396067,-0.004191633692778033,-0.01651106165085917,0.002646341508525601,0.015318988718576619,-0.0024234969938890997,0.0032840257761197695,0.06287412449625002,0.0,0.99980202146365
0.087,0.0016242077365117168,0.0,-0.0007282505214033183,-3.252395562544992e-05,0.0002702006516345492,0.00060456162123225,-0.0013491251265341287,-0.0018765409817758834,-0.0008868442179783552,-0.00015030546458731157,-0.0009102515944168218,-0.0003952912514425815,0.0006828458137573671,-0.000601425111447377,-0.000338144374106315,0.002130814523017055,0.0013944122661420334,0.00018743980039166667,-0.0007282505214033183,3.252395562544992e-05,0.1504575762828166,0.0,0.019459392586788433,0.06484575184489334,-0.011223442488932926,0.03159550070675001,-0.0019225714792308333,0.007382510395112633,0.01096833889108943,0.005811757151772065,-0.005501589827496141,-0.012962153082572637,-0.002625042397753467,-0.010539028012263476,-0.038902761611975,0.019282315478755023,0.0002702006516345492,-0.00060456162123225,0.019459392586788433,-0.06484575184489334,0.7083103730217335,0.0,0.0904298644695034,0.05675086985003834,0.065831020038085,-0.017047201780182583,-0.044276183986750005,-0.049906577805255016,0.026962914901434334,0.07486027332869999,0.006512183334083732,0.027805857053528237,0.11256781907525501,-0.04586177397210501,-0.0013491251265341287,0.0018765409817758834,-0.011223442488932926,-0.03159550070675001,0.0904298644695034,-0.05675086985003834,0.05203214454012166,0.0,0.021585721407108505,0.0204440343441995,-0.006818703570125416,-0.0051793168549683685,0.009537682466651412,0.016239594162704395,-0.00044943137420565336,0.008061757761173198,0.0194394890336145,-0.008327599573583732,-0.0008868442179783552,0.00015030546458731157,-0.0019225714792308333,-0.007382510395112633,0.065831020038085,0.017047201780182583,0.021585721407108505,-0.0204440343441995,0.01990070708126323,0.0,0.009625453001122766,0.008754428313107644,-0.005032023516684151,-0.002264096530738367,0.030083225450409996,0.024840003421223337,0.013674969051857666,-0.00033817694873861337,-0.0009102515944168218,0.0003952912514425815,0.01096833889108943,-0.005811757151772065,-0.044276183986750005,0.049906577805255016,-0.006818703570125416,0.0051793168549683685,0.009625453001122766,-0.008754428313107644,-0.02338728064515532,0.0,-0.05648177349543168,0.011632034743058798,-0.005386311824416036,0.00604698765919874,-0.004778940327361749,0.01637811235605567,0.0006828458137573671,0.000601425111447377,-0.005501589827496141,0.012962153082572637,0.026962914901434334,-0.07486027332869999,0.009537682466651412,-0.016239594162704395,-0.005032023516684151,0.002264096530738367,-0.05648177349543168,-0.011632034743058798,0.03279809596894165,0.0,-0.008284100406843499,0.017219284904627995,0.003460860047651632,-0.015000955411698715,-0.000338144374106315,-0.002130814523017055,-0.002625042397753467,0.010539028012263476,0.006512183334083732,-0.027805857053528237,-0.00044943137420565336,-0.008061757761173198,0.030083225450409996,-0.024840003421223337,-0.005386311824416036,-0.00604698765919874,-0.008284100406843499,-0.017219284904627995,-0.005021985036989282,0.0,-0.002367436308971116,-0.0030638233856552293,0.0013944122661420334,-0.00018743980039166667,-0.038902761611975,-0.019282315478755023,0.11256781907525501,0.04586177397210501,0.0194394890336145,0.008327599573583732,0.013674969051857666,0.00033817694873861337,-0.004778940327361749,-0.01637811235605567,0.003460860047651632,0.015000955411698715,-0.002367436308971116,0.0030638233856552293,0.06308799887622832,0.0,0.9998018378257002
0.08800000000000005,0.0016240241143893998,0.0,0.0005632676415600668,-0.0005138612616123016,-0.0006944219809353469,-0.00022560411021723298,0.002280641834627528,0.00024172405391088345,0.0006832379458058833,-0.0005903451275210236,0.0009287160473173499,-0.0003845502618573997,-3.5626116070516826e-05,0.0008973640294572168,-0.0013046547185653504,-0.0017351206598054565,-0.0011259103512582815,0.0008105219149128351,0.0005632676415600668,0.0005138612616123016,0.15257813173825002,0.0,0.02427744207110584,0.07393673962387666,-0.010523521846304616,0.033946458338316665,-0.000959878784288,0.008361732858577747,0.011728793676573063,0.005026161360821929,-0.006426913584700567,-0.012107489253225405,-0.002972721735042823,-0.010471799739675538,-0.03880681389216834,0.020012726485262162,-0.0006944219809353469,0.00022560411021723298,0.02427744207110584,-0.07393673962387666,0.7049500137163501,0.0,0.09043484674293668,0.05596228936107498,0.06522164249105998,-0.017264285253025664,-0.04366678017118999,-0.05051673187107,0.025943575814182687,0.0744254071153767,0.005380505840701085,0.027136332796892634,0.11317134638855829,-0.039521871416643345,0.002280641834627528,-0.00024172405391088345,-0.010523521846304616,-0.033946458338316665,0.09043484674293668,-0.05596228936107498,0.05324252343603498,0.0,0.021526427738935337,0.020856816641022003,-0.0066571069504713495,-0.005440886923986868,0.009118412372495967,0.01644977358856288,-0.0009017648742279769,0.008179839638626346,0.0200285469667395,-0.006825787932955684,0.0006832379458058833,0.0005903451275210236,-0.000959878784288,-0.008361732858577747,0.06522164249105998,0.017264285253025664,0.021526427738935337,-0.020856816641022003,0.020181417222274015,0.0,0.010007945870580353,0.008688524951568716,-0.005248284183598383,-0.002715237555646763,0.03025233105011833,0.025078616007536667,0.013403571624830997,0.00047102706378642975,0.0009287160473173499,0.0003845502618573997,0.011728793676573063,-0.005026161360821929,-0.04366678017118999,0.05051673187107,-0.0066571069504713495,0.005440886923986868,0.010007945870580353,-0.008688524951568716,-0.024024401817110505,0.0,-0.057100798123911674,0.011623425697742813,-0.0052712546171960325,0.006127890565739941,-0.005358731167599466,0.016204507984630506,-3.5626116070516826e-05,-0.0008973640294572168,-0.006426913584700567,0.012107489253225405,0.025943575814182687,-0.0744254071153767,0.009118412372495967,-0.01644977358856288,-0.005248284183598383,0.002715237555646763,-0.057100798123911674,-0.011623425697742813,0.0332627672871295,0.0,-0.008422659640345201,0.017731167284733663,0.004239002327149249,-0.014679562989951048,-0.0013046547185653504,0.0017351206598054565,-0.002972721735042823,0.010471799739675538,0.005380505840701085,-0.027136332796892634,-0.0009017648742279769,-0.008179839638626346,0.03025233105011833,-0.025078616007536667,-0.0052712546171960325,-0.006127890565739941,-0.008422659640345201,-0.017731167284733663,-0.005341485740272251,0.0,-0.002344256874880474,-0.002856638520160167,-0.0011259103512582815,-0.0008105219149128351,-0.03880681389216834,-0.020012726485262162,0.11317134638855829,0.039521871416643345,0.0200285469667395,0.006825787932955684,0.013403571624830997,-0.00047102706378642975,-0.005358731167599466,-0.016204507984630506,0.004239002327149249,0.014679562989951048,-0.002344256874880474,0.002856638520160167,0.06332866423782332,0.0,0.9998016541949502
0.08900000000000009,0.0016238404844286338,0.0,-4.0392316014273e-05,0.0008119258950354334,0.0007036599013876232,-0.00036502804809593304,-0.0016759594576231573,0.0015313129529538315,2.3984440826901495e-05,0.0008965486285464168,-0.0004010785663192664,0.00093433294661591,-0.0006050630494262001,-0.0006376643462647503,0.0021645277295607433,0.0002645001693838867,0.00025789117706708826,-0.0013616903145929498,-4.0392316014273e-05,-0.0008119258950354334,0.15502039987568336,0.0,0.02905497555915133,0.08270268364522501,-0.00975402707238435,0.03627283010441833,2.043437616052977e-05,0.009295279107279852,0.012516441252431001,0.00425396687018567,-0.007348519770957152,-0.011288647512710685,-0.0032693877868767165,-0.010481245249016221,-0.038878898270710005,0.020794836218636755,0.0007036599013876232,0.00036502804809593304,0.02905497555915133,-0.08270268364522501,0.7012547520214168,0.0,0.09038434179803669,0.05518675907977835,0.06457539765515667,-0.01748206908001647,-0.04301923724258501,-0.05110583098117164,0.02497239923679633,0.07391862955820168,0.0042834127054226226,0.02643497216963585,0.11347357619074001,-0.03322318390977,-0.0016759594576231573,-0.0015313129529538315,-0.00975402707238435,-0.03627283010441833,0.09038434179803669,-0.05518675907977835,0.05445766450912667,0.0,0.021479956995440995,0.02127342868439717,-0.006495581904189128,-0.005667103211625183,0.008745483621189484,0.016659127646225333,-0.001362248720870217,0.008299147550474166,0.020509579292473334,-0.005274582274372516,2.3984440826901495e-05,-0.0008965486285464168,2.043437616052977e-05,-0.009295279107279852,0.06457539765515667,0.01748206908001647,0.021479956995440995,-0.02127342868439717,0.020451883544396244,0.0,0.01041889287094478,0.008646518692633965,-0.005459353017099968,-0.0031710085423033497,0.030411113713059993,0.025288162509839993,0.01312307293120888,0.0012344419435149168,-0.0004010785663192664,-0.00093433294661591,0.012516441252431001,-0.00425396687018567,-0.04301923724258501,0.05110583098117164,-0.006495581904189128,0.005667103211625183,0.01041889287094478,-0.008646518692633965,-0.024661571476612163,0.0,-0.05771123099065833,0.011594809190920716,-0.005143021497089434,0.006178155397546324,-0.0059199588484918405,0.01602919117036466,-0.0006050630494262001,0.0006376643462647503,-0.007348519770957152,0.011288647512710685,0.02497239923679633,-0.07391862955820168,0.008745483621189484,-0.016659127646225333,-0.005459353017099968,0.0031710085423033497,-0.05771123099065833,-0.011594809190920716,0.03371842654404901,0.0,-0.008574371283906297,0.01822708574631867,0.0049946975679328355,-0.01435805902972795,0.0021645277295607433,-0.0002645001693838867,-0.0032693877868767165,0.010481245249016221,0.0042834127054226226,-0.02643497216963585,-0.001362248720870217,-0.008299147550474166,0.030411113713059993,-0.025288162509839993,-0.005143021497089434,-0.006178155397546324,-0.008574371283906297,-0.01822708574631867,-0.005660814879100667,0.0,-0.0023562781576436267,-0.002658748133120643,0.00025789117706708826,0.0013616903145929498,-0.038878898270710005,-0.020794836218636755,0.11347357619074001,0.03322318390977,0.020509579292473334,0.005274582274372516,0.01312307293120888,-0.0012344419435149168,-0.0059199588484918405,-0.01602919117036466,0.0049946975679328355,0.01435805902972795,-0.0023562781576436267,0.002658748133120643,0.06359688993319668,0.0,0.9998014705563331
0.08999999999999993,0.0016236568514789,0.0,-0.0005833575215858001,-0.0006580032061529997,-0.00027292350687463314,0.0008046307278670335,-2.9375465151945118e-05,-0.002249739575215216,-0.0007064858628548552,-0.0005525752029460534,-0.00034396107751165497,-0.00095498308408155,0.0008503165715436338,1.694970926553178e-05,-0.0017034442201819336,0.001376571411415034,0.0007642513675280469,0.0011721274459880672,-0.0005833575215858001,0.0006580032061529997,0.15777175207015,0.0,0.03382710141212784,0.09116752580727834,-0.008894790123195682,0.03853253217619167,0.0010320777606404998,0.0101773063330283,0.013331687785053453,0.003530399700401317,-0.008252719116857118,-0.010492765736781047,-0.0035149280982811125,-0.010522899446707184,-0.03911519533907833,0.021583436567509433,-0.00027292350687463314,-0.0008046307278670335,0.03382710141212784,-0.09116752580727834,0.6972365736086167,0.0,0.09022161984897334,0.05442556121312333,0.06392416913761335,-0.01767130561616309,-0.042337214707906655,-0.051612954872554996,0.02403050309311516,0.07336552753976333,0.0032076435155226346,0.02570566801438491,0.11350315777787336,-0.026991026820548724,-2.9375465151945118e-05,0.002249739575215216,-0.008894790123195682,-0.03853253217619167,0.09022161984897334,-0.05442556121312333,0.05567753186798002,0.0,0.021447545045365494,0.02168096825946133,-0.006326997331128948,-0.005887528957827749,0.008397446259601525,0.0168660877545675,-0.0018329395073979665,0.008390345381655317,0.020928623859303497,-0.0037515656974050674,-0.0007064858628548552,0.0005525752029460534,0.0010320777606404998,-0.0101773063330283,0.06392416913761335,0.01767130561616309,0.021447545045365494,-0.02168096825946133,0.02071194225741514,0.0,0.010827492601905032,0.008593199042582466,-0.005662649162785065,-0.003636614648298818,0.030543869627884992,0.025485088625840004,0.012818223423591901,0.001997809160442526,-0.00034396107751165497,0.00095498308408155,0.013331687785053453,-0.003530399700401317,-0.042337214707906655,0.051612954872554996,-0.006326997331128948,0.005887528957827749,0.010827492601905032,-0.008593199042582466,-0.025297946632620662,0.0,-0.05833216881801666,0.011536023857387657,-0.0050188824865880005,0.0062127884390508845,-0.006467423940177265,0.01585411053345205,0.0008503165715436338,-1.694970926553178e-05,-0.008252719116857118,0.010492765736781047,0.02403050309311516,-0.07336552753976333,0.008397446259601525,-0.0168660877545675,-0.005662649162785065,0.003636614648298818,-0.05833216881801666,-0.011536023857387657,0.03416419791510317,0.0,-0.008718536798125351,0.01871630642618025,0.005748324573454017,-0.014008729005143312,-0.0017034442201819336,-0.001376571411415034,-0.0035149280982811125,0.010522899446707184,0.0032076435155226346,-0.02570566801438491,-0.0018329395073979665,-0.008390345381655317,0.030543869627884992,-0.025485088625840004,-0.0050188824865880005,-0.0062127884390508845,-0.008718536798125351,-0.01871630642618025,-0.005979363978695489,0.0,-0.002361153666963116,-0.002446549359352678,0.0007642513675280469,-0.0011721274459880672,-0.03911519533907833,-0.021583436567509433,0.11350315777787336,0.026991026820548724,0.020928623859303497,0.0037515656974050674,0.012818223423591901,-0.001997809160442526,-0.006467423940177265,-0.01585411053345205,0.005748324573454017,0.014008729005143312,-0.002361153666963116,0.002446549359352678,0.06389294295568998,0.0,0.9998012869152999
0.09100000000000012,0.0016234732301756494,0.0,0.0009251349680465835,7.594548679845978e-05,-0.00040597317890066697,-0.0008147427278365833,0.0016872960378763577,0.0014794892421015097,0.000894163038321805,-0.00019055864599823333,0.0009090999053404536,0.0004521886379035734,-0.0005847779400815167,0.0005655488760505665,0.00020942756743372667,-0.0021845523540954498,-0.001372190056255209,-0.00032063470195631657,0.0009251349680465835,-7.594548679845978e-05,0.16082187975909998,0.0,0.03864159750664517,0.09936065239375165,-0.007955277368975885,0.040684748572021666,0.0020740899014341004,0.011000639642579198,0.014162397782393166,0.002832558336827001,-0.009146004705931328,-0.009710303735189748,-0.0037654634672785107,-0.010571817926244504,-0.039515855229936676,0.022338322762015677,-0.00040597317890066697,0.0008147427278365833,0.03864159750664517,-0.09936065239375165,0.6929057267454002,0.0,0.089931017626405,0.05369834780877999,0.06324601845631332,-0.017792525665483,-0.04161867089356667,-0.05204202994669668,0.023045436319188504,0.07279804175917336,0.002140897590875166,0.024965120565943084,0.11329173742914002,-0.020803430812278676,0.0016872960378763577,-0.0014794892421015097,-0.007955277368975885,-0.040684748572021666,0.089931017626405,-0.05369834780877999,0.05690217688478833,0.0,0.02139064711405466,0.02209671226677816,-0.006132215892184381,-0.00612745445579875,0.008031819319584833,0.017030960260802995,-0.0023072404064512996,0.008445077991795166,0.02129111435601517,-0.002270740958693257,0.000894163038321805,0.00019055864599823333,0.0020740899014341004,-0.011000639642579198,0.06324601845631332,0.017792525665483,0.02139064711405466,-0.02209671226677816,0.020961214172579883,0.0,0.011240294571018068,0.008518030180037668,-0.005843435833680769,-0.004126496729601835,0.030673466696175,0.02568697424909834,0.012453678669543021,0.0027681856850315005,0.0009090999053404536,-0.0004521886379035734,0.014162397782393166,-0.002832558336827001,-0.04161867089356667,0.05204202994669668,-0.006132215892184381,0.00612745445579875,0.011240294571018068,-0.008518030180037668,-0.025932204918710986,0.0,-0.05896261792173832,0.0114775745162308,-0.004891548782490468,0.006257248399814757,-0.007019832196799135,0.015642788922071802,-0.0005847779400815167,-0.0005655488760505665,-0.009146004705931328,0.009710303735189748,0.023045436319188504,-0.07279804175917336,0.008031819319584833,-0.017030960260802995,-0.005843435833680769,0.004126496729601835,-0.05896261792173832,-0.0114775745162308,0.03459974115283633,0.0,-0.008833251660049245,0.019219828611586887,0.006499162361433083,-0.013610590391771335,0.00020942756743372667,0.0021845523540954498,-0.0037654634672785107,0.010571817926244504,0.002140897590875166,-0.024965120565943084,-0.0023072404064512996,-0.008445077991795166,0.030673466696175,-0.02568697424909834,-0.004891548782490468,-0.006257248399814757,-0.008833251660049245,-0.019219828611586887,-0.006297010714322219,0.0,-0.002345055410678844,-0.0022210545082310493,-0.001372190056255209,0.00032063470195631657,-0.039515855229936676,-0.022338322762015677,0.11329173742914002,0.020803430812278676,0.02129111435601517,0.002270740958693257,0.012453678669543021,-0.0027681856850315005,-0.007019832196799135,-0.015642788922071802,0.006499162361433083,0.013610590391771335,-0.002345055410678844,0.0022210545082310493,0.06421610697329333,0.0,0.9998011032856167
0.09199999999999993,0.0016232896199425834,0.0,-0.0007392141933533432,0.0005822331639901003,0.0009439544672862337,0.0002785044510199667,-0.0022311948316416,0.0002666320569591475,-0.0004419855058756835,0.0008307279165694834,-0.0009810207357535835,0.0003249221262381465,1.0549089819216594e-05,-0.0007710564126080164,0.00140249084330325,0.0016724970576460004,0.0012228057529838335,-0.0007093620694238802,-0.0007392141933533432,-0.0005822331639901003,0.16416053435991668,0.0,0.04348497398174168,0.10724010966091665,-0.006970910510460251,0.042746341620536664,0.0031239586550005144,0.011763416975909501,0.015002111122044049,0.0021215811967568005,-0.010040466546295297,-0.008955317203063867,-0.004045622424861224,-0.010654540777127512,-0.04007868647847333,0.023079518673476337,0.0009439544672862337,-0.0002785044510199667,0.04348497398174168,-0.10724010966091665,0.6882723079424501,0.0,0.08953992358877001,0.05301604799552835,0.06250265712956833,-0.017846285437435182,-0.04084320250413501,-0.052438039846745006,0.021994617272529417,0.07218704277898501,0.0010891338814882337,0.024220975963272336,0.11281319471651831,-0.014638118632048907,-0.0022311948316416,-0.0002666320569591475,-0.006970910510460251,-0.042746341620536664,0.08953992358877001,-0.05301604799552835,0.058131958809914994,0.0,0.021292216269479167,0.02252136952289901,-0.005907588255501278,-0.006371258927946966,0.0076615349477120835,0.017148487490428268,-0.0027801315352907283,0.008485624480770322,0.021544768023350334,-0.000765392498708265,-0.0004419855058756835,-0.0008307279165694834,0.0031239586550005144,-0.011763416975909501,0.06250265712956833,0.017846285437435182,0.021292216269479167,-0.02252136952289901,0.02119940312018341,0.0,0.011681885582539788,0.008458936765998166,-0.006002648793658154,-0.0046361249246017,0.030822184846658333,0.025871861957083343,0.0120363779352657,0.0034990723956784173,-0.0009810207357535835,-0.0003249221262381465,0.015002111122044049,-0.0021215811967568005,-0.04084320250413501,0.052438039846745006,-0.005907588255501278,0.006371258927946966,0.011681885582539788,-0.008458936765998166,-0.026564562442619167,0.0,-0.05956512121013335,0.011443181880644089,-0.0047415448924262565,0.006309127628191751,-0.007581910583520315,0.015378149269081912,1.0549089819216594e-05,0.0007710564126080164,-0.010040466546295297,0.008955317203063867,0.021994617272529417,-0.07218704277898501,0.0076615349477120835,-0.017148487490428268,-0.006002648793658154,0.0046361249246017,-0.05956512121013335,-0.011443181880644089,0.035025898981818154,0.0,-0.008926851576666847,0.019732737775893336,0.007236018634132918,-0.013175685444194835,0.00140249084330325,-0.0016724970576460004,-0.004045622424861224,0.010654540777127512,0.0010891338814882337,-0.024220975963272336,-0.0027801315352907283,-0.008485624480770322,0.030822184846658333,-0.025871861957083343,-0.0047415448924262565,-0.006309127628191751,-0.008926851576666847,-0.019732737775893336,-0.0066135459628189844,0.0,-0.002340992125530934,-0.0020169762596571185,0.0012228057529838335,0.0007093620694238802,-0.04007868647847333,-0.023079518673476337,0.11281319471651831,0.014638118632048907,0.021544768023350334,0.000765392498708265,0.0120363779352657,-0.0034990723956784173,-0.007581910583520315,-0.015378149269081912,0.007236018634132918,0.013175685444194835,-0.002340992125530934,0.0020169762596571185,0.06456563523789499,0.0,0.9998009196665333
0.09299999999999999,0.0016231060044305,0.0,0.0001566141151768518,-0.0009297338855684331,-0.0009213069294710337,0.0005387514485842266,0.0012776496796234502,-0.0018431150536663546,-0.00035706194357462993,-0.0008973813106480262,0.0004866324248722467,-0.0009362585384390019,0.00051239631869545,0.0005170781232987497,-0.0021474556511252617,-0.00016856664311855335,-0.0004180113399872484,0.0013687413782650503,0.0001566141151768518,0.0009297338855684331,0.16777473246501676,0.0,0.048327269792765,0.11476294129723334,-0.005947774195011484,0.04477137199537999,0.004165778827918232,0.012469635991280138,0.015859497885836345,0.00140741422505285,-0.010933624106332567,-0.008243327076025686,-0.0043128015217491844,-0.010798963142205536,-0.04080787191997834,0.023854494881323497,-0.0009213069294710337,-0.0005387514485842266,0.048327269792765,-0.11476294129723334,0.6833484829246002,0.0,0.089091645172205,0.052384461891916666,0.061720255009063356,-0.01786885999050421,-0.040020023149111676,-0.052815214939708324,0.02094702114219764,0.07150406045496832,6.588497389990009e-05,0.023461784568569843,0.1120567001614117,-0.00852884954244269,0.0012776496796234502,0.0018431150536663546,-0.005947774195011484,-0.04477137199537999,0.089091645172205,-0.052384461891916666,0.05936714483104001,0.0,0.021190382647455167,0.02292973855713783,-0.00566901847329614,-0.006590799729422902,0.007329708923202666,0.017264507468790775,-0.0032572144845919504,0.00852235173808433,0.021665563171678167,0.0008057200386426504,-0.00035706194357462993,0.0008973813106480262,0.004165778827918232,-0.012469635991280138,0.061720255009063356,0.01786885999050421,0.021190382647455167,-0.02292973855713783,0.021426762501029328,0.0,0.012147286033200049,0.008442089261660169,-0.006156210871697667,-0.0051479730902568325,0.030982865423869996,0.026013831185813328,0.011603680718705888,0.004168498558130919,0.0004866324248722467,0.0009362585384390019,0.015859497885836345,-0.00140741422505285,-0.040020023149111676,0.052815214939708324,-0.00566901847329614,0.006590799729422902,0.012147286033200049,-0.008442089261660169,-0.02719642148078383,0.0,-0.06013284773725833,0.011412609248475014,-0.004572549398642104,0.006345186719557233,-0.008144913082578366,0.015096883105835745,0.00051239631869545,-0.0005170781232987497,-0.010933624106332567,0.008243327076025686,0.02094702114219764,-0.07150406045496832,0.007329708923202666,-0.017264507468790775,-0.006156210871697667,0.0051479730902568325,-0.06013284773725833,-0.011412609248475014,0.03544341491661066,0.0,-0.009020359306034247,0.020240903724411497,0.007968683430741306,-0.01272424428171739,-0.0021474556511252617,0.00016856664311855335,-0.0043128015217491844,0.010798963142205536,6.588497389990009e-05,-0.023461784568569843,-0.0032572144845919504,-0.00852235173808433,0.030982865423869996,-0.026013831185813328,-0.004572549398642104,-0.006345186719557233,-0.009020359306034247,-0.020240903724411497,-0.006928151021886865,0.0,-0.0023745114473759836,-0.00185985339885934,-0.0004180113399872484,-0.0013687413782650503,-0.04080787191997834,-0.023854494881323497,0.1120567001614117,0.00852884954244269,0.021665563171678167,-0.0008057200386426504,0.011603680718705888,-0.004168498558130919,-0.008144913082578366,-0.015096883105835745,0.007968683430741306,0.01272424428171739,-0.0023745114473759836,0.00185985339885934,0.06494166490262998,0.0,0.9998007360430834
0.09400000000000006,0.0016229223714596338,0.0,0.000519046795806097,0.0008136898350137966,0.0002821855484814832,-0.0011110117499495283,0.0005343586623215005,0.0021610059074387957,0.000936363508108489,0.00032869066908423477,0.00028524426973684997,0.0010148000279730234,-0.0006905257274234495,1.4640259898816871e-05,0.0016003924955999146,-0.0013933764487183637,-0.000638304626349298,-0.0013200996330533965,0.000519046795806097,-0.0008136898350137966,0.17164995107616673,0.0,0.053174166515640005,0.12191535793068665,-0.004851763522381502,0.046750503279020014,0.0052055149570295,0.013116956678941668,0.01673373897686437,0.0007297245299461501,-0.01180861358620938,-0.0075631147317823675,-0.0045346871911335325,-0.010982222690375907,-0.041695180989996666,0.024652232825572336,0.0002821855484814832,0.0011110117499495283,0.053174166515640005,-0.12191535793068665,0.6781477402920835,0.0,0.08857290526838336,0.05179757646835001,0.060935113157308644,-0.017870296463925836,-0.039180731096243336,-0.05312746950981167,0.019950222367853997,0.070757063186345,-0.0009288593533546169,0.022668838927446342,0.11102841191025507,-0.0025281715422691667,0.0005343586623215005,-0.0021610059074387957,-0.004851763522381502,-0.046750503279020014,0.08857290526838336,-0.05179757646835001,0.06060757759717667,0.0,0.0211116090635218,0.023295743113714996,-0.0054150851448519005,-0.0067861700999515,0.007032480201648264,0.017393838226365126,-0.0037437050323225686,0.0085371085861236,0.021694618490289832,0.0024049584995972212,0.000936363508108489,-0.00032869066908423477,0.0052055149570295,-0.013116956678941668,0.060935113157308644,0.017870296463925836,0.0211116090635218,-0.023295743113714996,0.02164384441920245,0.0,0.012605247869701052,0.00843490330056252,-0.006306189798151814,-0.0056555790512555,0.031125325617469994,0.026118076885275003,0.011150689370644085,0.004814338460929314,0.00028524426973684997,-0.0010148000279730234,0.01673373897686437,-0.0007297245299461501,-0.039180731096243336,0.05312746950981167,-0.0054150851448519005,0.0067861700999515,0.012605247869701052,-0.00843490330056252,-0.027828028682950336,0.0,-0.06068678297201667,0.0113512073303829,-0.004404408523004866,0.006352972659909611,-0.00870374360992123,0.014830758860409732,-0.0006905257274234495,-1.4640259898816871e-05,-0.01180861358620938,0.0075631147317823675,0.019950222367853997,-0.070757063186345,0.007032480201648264,-0.017393838226365126,-0.006306189798151814,0.0056555790512555,-0.06068678297201667,-0.0113512073303829,0.035851715789588345,0.0,-0.00910650118871207,0.02074819002598149,0.008711856657835153,-0.012245266026725798,0.0016003924955999146,0.0013933764487183637,-0.0045346871911335325,0.010982222690375907,-0.0009288593533546169,-0.022668838927446342,-0.0037437050323225686,-0.0085371085861236,0.031125325617469994,-0.026118076885275003,-0.004404408523004866,-0.006352972659909611,-0.00910650118871207,-0.02074819002598149,-0.0072398003685959006,0.0,-0.002424732555087695,-0.001734827910589517,-0.000638304626349298,0.0013200996330533965,-0.041695180989996666,-0.024652232825572336,0.11102841191025507,0.0025281715422691667,0.021694618490289832,-0.0024049584995972212,0.011150689370644085,-0.004814338460929314,-0.00870374360992123,-0.014830758860409732,0.008711856657835153,0.012245266026725798,-0.002424732555087695,0.001734827910589517,0.06534462990720333,0.0,0.9998005524020667
0.09499999999999999,0.0016227387353405333,0.0,-0.0009657866755652836,-0.00025844491220304984,0.0006347721087712102,0.0010364407739717944,-0.0019526718340181068,-0.001026362456705533,-0.000903080358317717,0.0004972583603016666,-0.0008886443296398337,-0.0005250189943521199,0.00044093532161497916,-0.0005033614300715949,-0.0001304244541746,0.0020938683261689647,0.00139290956227865,0.0005504318851727624,-0.0009657866755652836,0.00025844491220304984,0.17577281360433342,0.0,0.058049530887636674,0.12873294269855498,-0.0036695977481113343,0.048630158607703325,0.006243987782683833,0.013700283325347668,0.017612879195471186,9.128125150981652e-05,-0.012656771805612187,-0.006894281550978828,-0.004747139228944066,-0.011171647317262497,-0.042728365444755,0.025422300439469168,0.0006347721087712102,-0.0010364407739717944,0.058049530887636674,-0.12873294269855498,0.6726832363351835,0.0,0.08796208917432831,0.05125213065925667,0.06013602720628917,-0.017827046599408067,-0.038337725138203334,-0.05335211140182501,0.018965775028013984,0.06998764072814166,-0.0019014149065466831,0.021844998819558,0.10974704377136835,0.0033396047883269917,-0.0019526718340181068,0.001026362456705533,-0.0036695977481113343,-0.048630158607703325,0.08796208917432831,-0.05125213065925667,0.06185271948939332,0.0,0.021030557561116877,0.023629922329193344,-0.005119266283114018,-0.00697066569739245,0.0067213101391449676,0.017490199109721747,-0.0042358856766518994,0.008518785337903201,0.021664103872663827,0.003985615816500642,-0.000903080358317717,-0.0004972583603016666,0.006243987782683833,-0.013700283325347668,0.06013602720628917,0.017827046599408067,0.021030557561116877,-0.023629922329193344,0.021850928830826292,0.0,0.013053239245472565,0.008402479749669565,-0.006439590344194882,-0.006166495736300233,0.031247539588655004,0.026216273221953343,0.010629404548221316,0.005463401673885748,-0.0008886443296398337,0.0005250189943521199,0.017612879195471186,-9.128125150981652e-05,-0.038337725138203334,0.05335211140182501,-0.005119266283114018,0.00697066569739245,0.013053239245472565,-0.008402479749669565,-0.02845790160484671,0.0,-0.06124383147872002,0.011265229275116716,-0.00423916536268425,0.006346502859988087,-0.009261361001436232,0.014565445411275172,0.00044093532161497916,0.0005033614300715949,-0.012656771805612187,0.006894281550978828,0.018965775028013984,-0.06998764072814166,0.0067213101391449676,-0.017490199109721747,-0.006439590344194882,0.006166495736300233,-0.06124383147872002,-0.011265229275116716,0.03624967185175217,0.0,-0.009162547462646184,0.021270839087313656,0.009454047466461255,-0.011721737833370598,-0.0001304244541746,-0.0020938683261689647,-0.004747139228944066,0.011171647317262497,-0.0019014149065466831,-0.021844998819558,-0.0042358856766518994,-0.008518785337903201,0.031247539588655004,-0.026216273221953343,-0.00423916536268425,-0.006346502859988087,-0.009162547462646184,-0.021270839087313656,-0.007547920285358997,0.0,-0.0024560344983736502,-0.0016185790985626329,0.00139290956227865,-0.0005504318851727624,-0.042728365444755,-0.025422300439469168,0.10974704377136835,-0.0033396047883269917,0.021664103872663827,-0.003985615816500642,0.010629404548221316,-0.005463401673885748,-0.009261361001436232,-0.014565445411275172,0.009454047466461255,0.011721737833370598,-0.0024560344983736502,0.0016185790985626329,0.06577408180007999,0.0,0.9998003687567
0.09600000000000006,0.0016225551058031001,0.0,0.0009004046477716838,-0.00047622422702463333,-0.0012517910817105838,-0.00024098792563305012,0.002048963637138594,-0.0007642250033855412,0.00024277973306736648,-0.0010506623031018554,0.0009786703995435392,-0.0002603013181559898,7.814032448666671e-05,0.0006622918794976121,-0.0013852794455265392,-0.0015500916718414889,-0.0014107915449222033,0.0005374411179911227,0.0009004046477716838,0.00047622422702463333,0.18013203164018338,0.0,0.06293058863622167,0.1352292071739767,-0.0024294460768549153,0.05040459767510499,0.0072664970156991,0.014214609057662838,0.0184929603711089,-0.0005480547895621835,-0.01347957691576515,-0.0062397930477813834,-0.0049923199463446505,-0.011388904470029998,-0.043893947589381685,0.026146466600806155,-0.0012517910817105838,0.00024098792563305012,0.06293058863622167,-0.1352292071739767,0.6669666418491664,0.0,0.08728203326327502,0.05073649121981166,0.059273533248124996,-0.01773586874643233,-0.03746363348925998,-0.053523524490038304,0.017945655198424813,0.06920525505991498,-0.002850490235822983,0.021014466420910125,0.10821281427858667,0.009075178066626253,0.002048963637138594,0.0007642250033855412,-0.0024294460768549153,-0.05040459767510499,0.08728203326327502,-0.05073649121981166,0.06310219541203667,0.0,0.020911144407057377,0.023953150916315,-0.004775421872533967,-0.007132326928340766,0.006374267877547118,0.01751688207344671,-0.00472850770297655,0.008486230706421934,0.021528268208703835,0.005554551052865616,0.00024277973306736648,0.0010506623031018554,0.0072664970156991,-0.014214609057662838,0.059273533248124996,0.01773586874643233,0.020911144407057377,-0.023953150916315,0.022048352716324944,0.0,0.013514911000501903,0.008370908159712266,-0.00654855928203219,-0.006684167105183281,0.03137729127004833,0.026319707988896664,0.010029840224965019,0.006081533186840031,0.0009786703995435392,0.0002603013181559898,0.0184929603711089,0.0005480547895621835,-0.03746363348925998,0.053523524490038304,-0.004775421872533967,0.007132326928340766,0.013514911000501903,-0.008370908159712266,-0.029085251936712266,0.0,-0.06178171281666333,0.011188144575138998,-0.004057627804118667,0.006338675130502414,-0.00981739723870903,0.014269874834332927,7.814032448666671e-05,-0.0006622918794976121,-0.01347957691576515,0.0062397930477813834,0.017945655198424813,-0.06920525505991498,0.006374267877547118,-0.01751688207344671,-0.00654855928203219,0.006684167105183281,-0.06178171281666333,-0.011188144575138998,0.03663722289921466,0.0,-0.00919492465046968,0.021805338909574323,0.01017198471612185,-0.011175227889066603,-0.0013852794455265392,0.0015500916718414889,-0.0049923199463446505,0.011388904470029998,-0.002850490235822983,-0.021014466420910125,-0.00472850770297655,-0.008486230706421934,0.03137729127004833,-0.026319707988896664,-0.004057627804118667,-0.006338675130502414,-0.00919492465046968,-0.021805338909574323,-0.00785246777800745,0.0,-0.0024686210393420334,-0.0015169157587125609,-0.0014107915449222033,-0.0005374411179911227,-0.043893947589381685,-0.026146466600806155,0.10821281427858667,-0.009075178066626253,0.021528268208703835,-0.005554551052865616,0.010029840224965019,-0.006081533186840031,-0.00981739723870903,-0.014269874834332927,0.01017198471612185,0.011175227889066603,-0.0024686210393420334,0.0015169157587125609,0.06622890521090334,0.0,0.9998001851194166
0.09700000000000013,0.0016223714790504838,0.0,-0.0003308284097728401,0.0009664382572170498,0.00104501908558742,-0.0008096927806639836,-0.0007840608470983997,0.0020148419128296394,0.000650635653833595,0.0009094233738587498,-0.000490059732686653,0.0008734188357558934,-0.0005488541443617997,-0.00039378801791453027,0.00205544553351115,9.732773586102168e-05,0.0006806253683550335,-0.0013529683079931002,-0.0003308284097728401,-0.0009664382572170498,0.18471538513481667,0.0,0.06775008207472334,0.1413709126134834,-0.0011508082076631338,0.05212086054627667,0.008265420822547985,0.014660130063113166,0.01938537452457505,-0.0012002486895738886,-0.01427773128775817,-0.005616631948844806,-0.0052418320159948505,-0.011681886490376011,-0.04518458591043166,0.026846837261954335,0.00104501908558742,0.0008096927806639836,0.06775008207472334,-0.1413709126134834,0.6610106351484499,0.0,0.08657354419000667,0.050231101295990004,0.05834543860425332,-0.017626587547585674,-0.03654768849456,-0.053674837550858334,0.01692615119358745,0.06838310357982835,-0.0037642714722775834,0.020192223796514464,0.10642859641825335,0.014655509881297008,-0.0007840608470983997,-0.0020148419128296394,-0.0011508082076631338,-0.05212086054627667,0.08657354419000667,-0.050231101295990004,0.06435566792283667,0.0,0.020762808101646053,0.024267339053521665,-0.004420524468518667,-0.007246610639456735,0.006023002702899539,0.01750750304427917,-0.005223799840099536,0.008451570436373868,0.021224362059830162,0.0071309152991717835,0.000650635653833595,-0.0009094233738587498,0.008265420822547985,-0.014660130063113166,0.05834543860425332,0.017626587547585674,0.020762808101646053,-0.024267339053521665,0.022236992098121963,0.0,0.01399130875372,0.008380408732604233,-0.0066435342484538,-0.007200718739213683,0.03152831628925667,0.02640850677060334,0.009403241568057252,0.006635532348875789,-0.000490059732686653,-0.0008734188357558934,0.01938537452457505,0.0012002486895738886,-0.03654768849456,0.053674837550858334,-0.004420524468518667,0.007246610639456735,0.01399130875372,-0.008380408732604233,-0.02971114958244649,0.0,-0.062273502218738355,0.011123267255515663,-0.0038553251592126823,0.006321649916462167,-0.01036041908979893,0.013953121732337403,-0.0005488541443617997,0.00039378801791453027,-0.01427773128775817,0.005616631948844806,0.01692615119358745,-0.06838310357982835,0.006023002702899539,-0.01750750304427917,-0.0066435342484538,0.007200718739213683,-0.062273502218738355,-0.011123267255515663,0.037015076344747495,0.0,-0.009239156487866933,0.022331611631048496,0.010866236608911003,-0.010648479170290734,0.00205544553351115,-9.732773586102168e-05,-0.0052418320159948505,0.011681886490376011,-0.0037642714722775834,-0.020192223796514464,-0.005223799840099536,-0.008451570436373868,0.03152831628925667,-0.02640850677060334,-0.0038553251592126823,-0.006321649916462167,-0.009239156487866933,-0.022331611631048496,-0.008153218218132065,0.0,-0.0024973186343663395,-0.0014462196030840533,0.0006806253683550335,0.0013529683079931002,-0.04518458591043166,-0.026846837261954335,0.10642859641825335,-0.014655509881297008,0.021224362059830162,-0.0071309152991717835,0.009403241568057252,-0.006635532348875789,-0.01036041908979893,-0.013953121732337403,0.010866236608911003,0.010648479170290734,-0.0024973186343663395,0.0014462196030840533,0.06670824115626166,0.0,0.9998000014835161
0.09799999999999992,0.0016221878401991158,0.0,-0.00043839368334919995,-0.0009365534753421663,-0.00010650975435466664,0.0013481693268670822,-0.0009693961483950998,-0.0018943870658735676,-0.0011373343958687235,-0.0001157926932015499,-0.0002508109614268166,-0.000944063766204805,0.0006696137810318334,-0.00013867694354073674,-0.001494799561374234,0.0013889365409271487,0.0004242245399199164,0.0014692404921348365,-0.00043839368334919995,0.0009365534753421663,0.1895091795424,0.0,0.07248324576975666,0.14714257550720003,0.0001822026877641085,0.053786645112753356,0.009261356684640603,0.015043963266420164,0.020288112414923898,-0.0018243662579007498,-0.015048515398475203,-0.0050224416787176505,-0.005438836760473036,-0.012051841904254682,-0.04659485293810998,0.02752596458103233,-0.00010650975435466664,-0.0013481693268670822,0.07248324576975666,-0.14714257550720003,0.65482918818115,0.0,0.08584166672977499,0.049736086550791654,0.05741169122962999,-0.0175147727501572,-0.03562860389438998,-0.05378964030512667,0.015973050881001743,0.06751573184041834,-0.004634077854720651,0.0193698537340913,0.10442486996527166,0.02004348591033624,-0.0009693961483950998,0.0018943870658735676,0.0001822026877641085,-0.053786645112753356,0.08584166672977499,-0.049736086550791654,0.06561289823638333,0.0,0.020623967572881253,0.024565349032790004,-0.004085301328774583,-0.007313197455050552,0.0056961798101881666,0.01751422015948966,-0.005728556752070069,0.00839286300741287,0.020780697653852667,0.00869421908579618,-0.0011373343958687235,0.0001157926932015499,0.009261356684640603,-0.015043963266420164,0.05741169122962999,0.0175147727501572,0.020623967572881253,-0.024565349032790004,0.022417719478131592,0.0,0.014461568266963537,0.008414978038821583,-0.006735310633422633,-0.007714727757761051,0.03168150977268,0.026476054190766665,0.008779596189906601,0.00715189098208767,-0.0002508109614268166,0.000944063766204805,0.020288112414923898,0.0018243662579007498,-0.03562860389438998,0.05378964030512667,-0.004085301328774583,0.007313197455050552,0.014461568266963537,-0.008414978038821583,-0.03033655199415983,0.0,-0.06274287375025502,0.011041616667680831,-0.0036531533510297744,0.0062800654983892696,-0.010882302964959586,0.013648816624211448,0.0006696137810318334,0.00013867694354073674,-0.015048515398475203,0.0050224416787176505,0.015973050881001743,-0.06751573184041834,0.0056961798101881666,-0.01751422015948966,-0.006735310633422633,0.007714727757761051,-0.06274287375025502,-0.011041616667680831,0.03738322702262766,0.0,-0.00930874893002055,0.022839511718806667,0.011555657401220528,-0.010144424339789598,-0.001494799561374234,-0.0013889365409271487,-0.005438836760473036,0.012051841904254682,-0.004634077854720651,-0.0193698537340913,-0.005728556752070069,-0.00839286300741287,0.03168150977268,-0.026476054190766665,-0.0036531533510297744,-0.0062800654983892696,-0.00930874893002055,-0.022839511718806667,-0.008449620779477897,0.0,-0.002559059966094113,-0.0013990981393647171,0.0004242245399199164,-0.0014692404921348365,-0.04659485293810998,-0.02752596458103233,0.10442486996527166,-0.02004348591033624,0.020780697653852667,-0.00869421908579618,0.008779596189906601,-0.00715189098208767,-0.010882302964959586,-0.013648816624211448,0.011555657401220528,0.010144424339789598,-0.002559059966094113,0.0013990981393647171,0.06721159030929166,0.0,0.9997998178363335
0.09900000000000013,0.0016220041957905004,0.0,0.0009973594132392397,0.00036696798708828643,-0.0009187699505787003,-0.0010231902816965665,0.0020282011375149967,0.0005324652799069881,0.0008618118806507836,-0.0007819536154981984,0.0007851757028434499,0.000499443572610233,-0.00035367933884958676,0.0005865221293479633,5.934392099743338e-05,-0.0020372346004857477,-0.0013273907825792882,-0.0007925480736378836,0.0009973594132392397,-0.00036696798708828643,0.1944999653697001,0.0,0.07716398161414835,0.15255351363283332,0.0015758739560179323,0.055331982166668334,0.010275123899244978,0.015378419445102948,0.02117878138044019,-0.002384035861840683,-0.015790671565592503,-0.004439876493096317,-0.005589062348415737,-0.0124457034506237,-0.048112018941068334,0.028138217519151656,-0.0009187699505787003,0.0010231902816965665,0.07716398161414835,-0.15255351363283332,0.6484364747537499,0.0,0.08504535517326502,0.049269108634379985,0.05649690967768665,-0.017374087544172852,-0.03473132339500218,-0.05382308556308332,0.015070676803041748,0.06662060695295499,-0.005462375527780065,0.018536109872229582,0.10221738066770505,0.02522630440472103,0.0020282011375149967,-0.0005324652799069881,0.0015758739560179323,-0.055331982166668334,0.08504535517326502,-0.049269108634379985,0.06687366700059333,0.0,0.020492048696740837,0.024845410016065005,-0.003754896302408451,-0.007349159474753157,0.005384112250065485,0.017524394939153667,-0.006234837052900583,0.008283789230647452,0.020275295206618287,0.010203448707167105,0.0008618118806507836,0.0007819536154981984,0.010275123899244978,-0.015378419445102948,0.05649690967768665,0.017374087544172852,0.020492048696740837,-0.024845410016065005,0.02259080605620128,0.0,0.014923612570065631,0.008430762724566082,-0.006817377575950765,-0.008234375124286049,0.03181694295874,0.026543352968746662,0.008121253722142835,0.00766035455254895,0.0007851757028434499,-0.000499443572610233,0.02117878138044019,0.002384035861840683,-0.03473132339500218,0.05382308556308332,-0.003754896302408451,0.007349159474753157,0.014923612570065631,-0.008430762724566082,-0.030960551062925664,0.0,-0.06322104138076332,0.010932783068387327,-0.0034613736451964794,0.006216122926775434,-0.01138479397177674,0.013353088177311134,-0.00035367933884958676,-0.0005865221293479633,-0.015790671565592503,0.004439876493096317,0.015070676803041748,-0.06662060695295499,0.005384112250065485,-0.017524394939153667,-0.006817377575950765,0.008234375124286049,-0.06322104138076332,-0.010932783068387327,0.03774085808397584,0.0,-0.009375735936213882,0.023334214642559338,0.012234329979725348,-0.00962238742533908,5.934392099743338e-05,0.0020372346004857477,-0.005589062348415737,0.0124457034506237,-0.005462375527780065,-0.018536109872229582,-0.006234837052900583,-0.008283789230647452,0.03181694295874,-0.026543352968746662,-0.0034613736451964794,-0.006216122926775434,-0.009375735936213882,-0.023334214642559338,-0.008741424553800437,0.0,-0.0026286024321415164,-0.0013486545218281,-0.0013273907825792882,0.0007925480736378836,-0.048112018941068334,-0.028138217519151656,0.10221738066770505,-0.02522630440472103,0.020275295206618287,-0.010203448707167105,0.008121253722142835,-0.00766035455254895,-0.01138479397177674,-0.013353088177311134,0.012234329979725348,0.00962238742533908,-0.0026286024321415164,0.0013486545218281,0.06773783434028,0.0,0.9997996341831833
0.09999999999999991,0.0016218205628607165,0.0,-0.0009831333711001668,0.0004470620604365998,0.00141108998992305,3.5208670565116976e-05,-0.0017390620723239671,0.00114435918302205,-4.109622372581538e-06,0.0011918644383685005,-0.0008718683684650991,0.0001586110468988336,-0.0001824713273435335,-0.0006510595102952667,0.0014096473712708279,0.0014858698155681348,0.0015106862711789504,-0.00032241876660218336,-0.0009831333711001668,-0.0004470620604365998,0.19967643144180006,0.0,0.08183315403086501,0.15763911234106667,0.002999286774432033,0.056726414648343305,0.011301509363499447,0.01567355555655734,0.022053949783731996,-0.0028977495053367002,-0.016513722483645833,-0.0038694157992330337,-0.005752528102135518,-0.012836549706924001,-0.049741785115485,0.028652837100708334,0.00141108998992305,-3.5208670565116976e-05,0.08183315403086501,-0.15763911234106667,0.6418450360533665,0.0,0.08418152274363837,0.04884960173447002,0.05557124930081166,-0.017179683738781686,-0.033823296847140326,-0.05378224308296001,0.014155015129440321,0.065723076825095,-0.006256366074446666,0.017704060422879288,0.09981382118232668,0.030221160206474054,-0.0017390620723239671,-0.00114435918302205,0.002999286774432033,-0.056726414648343305,0.08418152274363837,-0.04884960173447002,0.068137927640925,0.0,0.020327309722834454,0.025119261850018334,-0.0034072908271293666,-0.007357447002328631,0.005071145630850934,0.017494598762853666,-0.006725486566361034,0.008135347205404634,0.01971820345105762,0.011640995340505032,-4.109622372581538e-06,-0.0011918644383685005,0.011301509363499447,-0.01567355555655734,0.05557124930081166,0.017179683738781686,0.020327309722834454,-0.025119261850018334,0.022756477179254993,0.0,0.015401192306553497,0.008437394940575228,-0.006875616470130517,-0.008770332997145264,0.031957904823135,0.02663330474300333,0.007398895174118702,0.008128744137774053,-0.0008718683684650991,-0.0001586110468988336,0.022053949783731996,0.0028977495053367002,-0.033823296847140326,0.05378224308296001,-0.0034072908271293666,0.007357447002328631,0.015401192306553497,-0.008437394940575228,-0.03158195302701201,0.0,-0.06370264066863669,0.010825062644403666,-0.003262379152720227,0.0061474794453546,-0.011878399241238997,0.0130289098278855,-0.0001824713273435335,0.0006510595102952667,-0.016513722483645833,0.0038694157992330337,0.014155015129440321,-0.065723076825095,0.005071145630850934,-0.017494598762853666,-0.006875616470130517,0.008770332997145264,-0.06370264066863669,-0.010825062644403666,0.038087794652477164,0.0,-0.009417911424961864,0.02382742251424449,0.012879905872635933,-0.009062358819500915,0.0014096473712708279,-0.0014858698155681348,-0.005752528102135518,0.012836549706924001,-0.006256366074446666,-0.017704060422879288,-0.006725486566361034,-0.008135347205404634,0.031957904823135,-0.02663330474300333,-0.003262379152720227,-0.0061474794453546,-0.009417911424961864,-0.02382742251424449,-0.009029048589938162,0.0,-0.0026812213825683673,-0.0012889597800754247,0.0015106862711789504,0.00032241876660218336,-0.049741785115485,-0.028652837100708334,0.09981382118232668,-0.030221160206474054,0.01971820345105762,-0.011640995340505032,0.007398895174118702,-0.008128744137774053,-0.011878399241238997,-0.0130289098278855,0.012879905872635933,0.009062358819500915,-0.0026812213825683673,0.0012889597800754247,0.06828496462854666,0.0,0.9997994505426001
0.10099999999999999,0.00162163694333655,0.0,0.0003927720145559084,-0.000990624711828425,-0.0010188345816555333,0.0010577244770314494,0.0003016509027532839,-0.00205526710279495,-0.0009024562965116665,-0.0008287689632985675,0.0005111443050844815,-0.00069382309384784,0.0005772247382146667,0.00031004994742766704,-0.002055892081790777,-4.856400667905326e-05,-0.0008804355677597664,0.0012457037403189003,0.0003927720145559084,0.000990624711828425,0.20502744051918337,0.0,0.08645744714997165,0.1623629861393,0.004418411282268864,0.05801507667312001,0.012317626720490617,0.01592358978562615,0.02293046169210067,-0.0033984362617952998,-0.017223468751533518,-0.003331650893052483,-0.0059436870704211294,-0.013247506350187564,-0.051492528606221666,0.029086096210923337,-0.0010188345816555333,-0.0010577244770314494,0.08645744714997165,-0.1623629861393,0.63506719876335,0.0,0.08327021188861831,0.04847292562847834,0.05460391288318332,-0.016942768141421698,-0.032847632898959166,-0.05370013125074002,0.013214889764463831,0.06480007966265498,-0.007011966220009821,0.0168890712273344,0.09720100133566502,0.03502619229965466,0.0003016509027532839,0.00205526710279495,0.004418411282268864,-0.05801507667312001,0.08327021188861831,-0.04847292562847834,0.06940576448127332,0.0,0.020119548615613266,0.02538726312678834,-0.0030601308504170505,-0.007328178093822217,0.004763210627527233,0.017432029639633338,-0.0071943225224241686,0.007975929726005766,0.019037043422937494,0.013008386418632167,-0.0009024562965116665,0.0008287689632985675,0.012317626720490617,-0.01592358978562615,0.05460391288318332,0.016942768141421698,0.020119548615613266,-0.02538726312678834,0.022915720625635336,0.0,0.015893065729209933,0.00848177827087709,-0.006912796590255114,-0.009315585465409552,0.032130164273466676,0.026729218130221673,0.006653743558125583,0.008505060628863508,0.0005111443050844815,0.00069382309384784,0.02293046169210067,0.0033984362617952998,-0.032847632898959166,0.05370013125074002,-0.0030601308504170505,0.007328178093822217,0.015893065729209933,-0.00848177827087709,-0.03220143179850601,0.0,-0.06413992103206999,0.010738294717910829,-0.003039452391087514,0.006082708561032866,-0.012363455387991768,0.01265905486562483,0.0005772247382146667,-0.00031004994742766704,-0.017223468751533518,0.003331650893052483,0.013214889764463831,-0.06480007966265498,0.004763210627527233,-0.017432029639633338,-0.006912796590255114,0.009315585465409552,-0.06413992103206999,-0.010738294717910829,0.038424962265666,0.0,-0.009449173065836832,0.02431458649148934,0.013491556477165868,-0.008487310262132682,-0.002055892081790777,4.856400667905326e-05,-0.0059436870704211294,0.013247506350187564,-0.007011966220009821,-0.0168890712273344,-0.0071943225224241686,-0.007975929726005766,0.032130164273466676,-0.026729218130221673,-0.003039452391087514,-0.006082708561032866,-0.009449173065836832,-0.02431458649148934,-0.009312959187421447,0.0,-0.002729529473602534,-0.0012452879784013633,-0.0008804355677597664,-0.0012457037403189003,-0.051492528606221666,-0.029086096210923337,0.09720100133566502,-0.03502619229965466,0.019037043422937494,-0.013008386418632167,0.006653743558125583,-0.008505060628863508,-0.012363455387991768,-0.01265905486562483,0.013491556477165868,0.008487310262132682,-0.002729529473602534,0.0012452879784013633,0.06885093430179835,0.0,0.9997992669142002
0.10200000000000008,0.0016214533229786993,0.0,0.00038497677676132495,0.0009651057493967669,-8.313797281494992e-05,-0.0015318584568283671,0.0013411859744870852,0.001575723271747567,0.001248724917280317,-0.0001083688160973833,8.881578631671653e-05,0.0008389219385374335,-0.000591139022378283,0.0001914130196472333,0.0014791528816864498,-0.0014321653855923831,-0.00020003603535734992,-0.001496809380225201,0.00038497677676132495,-0.0009651057493967669,0.21053946603536663,0.0,0.09100927692755668,0.16668892703109997,0.005840354937859183,0.05924969153812332,0.013316239842947714,0.016123232606076156,0.02381886846503267,-0.003877061078004232,-0.017919461120518336,-0.002830348097018967,-0.006107986510170052,-0.013696158187695097,-0.05336650288972334,0.02947334589284167,-8.313797281494992e-05,0.0015318584568283671,0.09100927692755668,-0.16668892703109997,0.6281172264826667,0.0,0.08233820858674669,0.048145142483054994,0.053631412436399996,-0.016693739996950653,-0.03181289332505583,-0.053589839061279995,0.012307615753802216,0.06383032554523332,-0.0077199211472534,0.016081711134754227,0.09439878440548502,0.039620127781758135,0.0013411859744870852,-0.001575723271747567,0.005840354937859183,-0.05924969153812332,0.08233820858674669,-0.048145142483054994,0.07067739714951002,0.0,0.019917166594836447,0.025645535717786667,-0.0027486864072256323,-0.007267501636371616,0.004473041048246549,0.017389590067548165,-0.007651786278772802,0.007806907581013512,0.018203863234695663,0.014309942684377982,0.001248724917280317,0.0001083688160973833,0.013316239842947714,-0.016123232606076156,0.053631412436399996,0.016693739996950653,0.019917166594836447,-0.025645535717786667,0.02306977951575143,0.0,0.01637196632849265,0.008570637888027114,-0.006944216792453754,-0.009855854141029368,0.03232567680955999,0.02680615691517501,0.0059370609362006345,0.00879390375496192,8.881578631671653e-05,-0.0008389219385374335,0.02381886846503267,0.003877061078004232,-0.03181289332505583,0.053589839061279995,-0.0027486864072256323,0.007267501636371616,0.01637196632849265,-0.008570637888027114,-0.0328205470320715,0.0,-0.06453639066792664,0.010654083706308997,-0.0028064118096174334,0.006013874562411283,-0.012835827515132686,0.012270609998430333,-0.000591139022378283,-0.0001914130196472333,-0.017919461120518336,0.002830348097018967,0.012307615753802216,-0.06383032554523332,0.004473041048246549,-0.017389590067548165,-0.006944216792453754,0.009855854141029368,-0.06453639066792664,-0.010654083706308997,0.03875303028167667,0.0,-0.009489623677658517,0.024788863448972832,0.01409175791555667,-0.00791281879662165,0.0014791528816864498,0.0014321653855923831,-0.006107986510170052,0.013696158187695097,-0.0077199211472534,-0.016081711134754227,-0.007651786278772802,-0.007806907581013512,0.03232567680955999,-0.02680615691517501,-0.0028064118096174334,-0.006013874562411283,-0.009489623677658517,-0.024788863448972832,-0.009593082976491953,0.0,-0.0027969908434527426,-0.0012448440645930665,-0.00020003603535734992,0.001496809380225201,-0.05336650288972334,-0.02947334589284167,0.09439878440548502,-0.039620127781758135,0.018203863234695663,-0.014309942684377982,0.0059370609362006345,-0.00879390375496192,-0.012835827515132686,-0.012270609998430333,0.01409175791555667,0.00791281879662165,-0.0027969908434527426,0.0012448440645930665,0.06943436050629666,0.0,0.9997990832856999
0.10299999999999998,0.001621269691058633,0.0,-0.0009352869144595234,-0.0004293836459394334,0.001200254299358503,0.0010599112787852336,-0.0020559519536849286,-2.2010511489900115e-05,-0.0007915270352813669,0.0010030392493625,-0.0005929013750513497,-0.0005528945577305123,0.00024236930090824996,-0.0005255856227365833,-8.077370862766652e-06,0.002065306626456683,0.0011674348749946659,0.000955852283327007,-0.0009352869144595234,0.0004293836459394334,0.21619779270953335,0.0,0.09550982781155833,0.17060050383423336,0.007288298551184874,0.060397330222271686,0.01430567102830188,0.01627432356915945,0.024700918455792333,-0.004298458008707132,-0.018598027599579164,-0.002339648093342668,-0.00621602325914575,-0.014152667463030537,-0.05533733306059999,0.02980115638035166,0.001200254299358503,-0.0010599112787852336,0.09550982781155833,-0.17060050383423336,0.6210103685337,0.0,0.08137388130694999,0.04788155815321166,0.05268516225660001,-0.016434784243972468,-0.030770761786028996,-0.053425105878981666,0.011456791606310317,0.06282193268855833,-0.008378105434197002,0.015261226013212108,0.09142736209642664,0.04398282376360633,-0.0020559519536849286,2.2010511489900115e-05,0.007288298551184874,-0.060397330222271686,0.08137388130694999,-0.04788155815321166,0.07195324713141502,0.0,0.019753803663824496,0.025888345366175004,-0.0024702679182129154,-0.007194182644396387,0.004200583612744416,0.01737405129806334,-0.008103724279817691,0.00761207081382837,0.017281097651920995,0.015545436854351495,-0.0007915270352813669,-0.0010030392493625,0.01430567102830188,-0.01627432356915945,0.05268516225660001,0.016434784243972468,0.019753803663824496,-0.025888345366175004,0.023219121627653428,0.0,0.0168280820130473,0.008662033454407284,-0.006971106111097103,-0.010388355043408,0.032510164722916665,0.026860514545769335,0.0052296527391150005,0.009034466833335553,-0.0005929013750513497,0.0005528945577305123,0.024700918455792333,0.004298458008707132,-0.030770761786028996,0.053425105878981666,-0.0024702679182129154,0.007194182644396387,0.0168280820130473,-0.008662033454407284,-0.03343939479560683,0.0,-0.06493324687092833,0.010546071526882339,-0.0025861989870007334,0.0059299703092341675,-0.01329261074142559,0.011883522055037399,0.00024236930090824996,0.0005255856227365833,-0.018598027599579164,0.002339648093342668,0.011456791606310317,-0.06282193268855833,0.004200583612744416,-0.01737405129806334,-0.006971106111097103,0.010388355043408,-0.06493324687092833,-0.010546071526882339,0.03907151876105317,0.0,-0.009524416158738582,0.025254042385769997,0.014677625507759667,-0.007312629901211144,-8.077370862766652e-06,-0.002065306626456683,-0.00621602325914575,0.014152667463030537,-0.008378105434197002,-0.015261226013212108,-0.008103724279817691,-0.00761207081382837,0.032510164722916665,-0.026860514545769335,-0.0025861989870007334,-0.0059299703092341675,-0.009524416158738582,-0.025254042385769997,-0.009869100564674993,0.0,-0.0028731570332886664,-0.0012838900918566002,0.0011674348749946659,-0.000955852283327007,-0.05533733306059999,-0.02980115638035166,0.09142736209642664,-0.04398282376360633,0.017281097651920995,-0.015545436854351495,0.0052296527391150005,-0.009034466833335553,-0.01329261074142559,-0.011883522055037399,0.014677625507759667,0.007312629901211144,-0.0028731570332886664,0.0012838900918566002,0.07003407655130335,0.0,0.9997988996456668
0.10400000000000008,0.0016210860624518164,0.0,0.000972412171846683,-0.00034226799046729997,-0.0016748768106227667,9.933229532631706e-05,0.0013616679460131378,-0.0015288297152381168,-0.00017576799643377857,-0.001297942272212233,0.0007691118139198648,2.1329252458884898e-05,0.00021381828231235,0.0004950443908740924,-0.0014876895008280112,-0.0014552430091687412,-0.001501743519314071,9.411767656046669e-05,0.000972412171846683,0.00034226799046729997,0.22198891474239998,0.0,0.09999610788247164,0.17414265929610007,0.008754724047187698,0.06141476659818833,0.015278172030185383,0.016381896304649205,0.025563945320077337,-0.004659243024780292,-0.0192593411815275,-0.0018382470289532338,-0.006316544332713141,-0.014585602303595313,-0.05738997222540001,0.03002889233726167,-0.0016748768106227667,-9.933229532631706e-05,0.09999610788247164,-0.17414265929610007,0.6137612351568335,0.0,0.08036861243740666,0.047690000168975004,0.051741340489849984,-0.016144563994809086,-0.02973486991060951,-0.05319479674444834,0.010615720038475683,0.06181075707555332,-0.008989141055196851,0.0144288533858066,0.08830120603656501,0.04810656994571967,0.0013616679460131378,0.0015288297152381168,0.008754724047187698,-0.06141476659818833,0.08036861243740666,-0.047690000168975004,0.07323367562282666,0.0,0.019601746007179167,0.02612374047629667,-0.0021919693595577,-0.0071120435807602,0.003936846145579582,0.01733231374606083,-0.008544252311159567,0.007402781535267383,0.016327504656545,0.016705751250046936,-0.00017576799643377857,0.001297942272212233,0.015278172030185383,-0.016381896304649205,0.051741340489849984,0.016144563994809086,0.019601746007179167,-0.02612374047629667,0.023363615329357115,0.0,0.0172863495484376,0.008741419642321184,-0.006983316156641519,-0.010920633344111,0.032681359779515,0.026914468579036996,0.004488196615170687,0.009225847518575832,0.0007691118139198648,-2.1329252458884898e-05,0.025563945320077337,0.004659243024780292,-0.02973486991060951,0.05319479674444834,-0.0021919693595577,0.0071120435807602,0.0172863495484376,-0.008741419642321184,-0.03405674526720784,0.0,-0.06534764605675668,0.01042247992797168,-0.002374755364915384,0.005838485463695932,-0.013732857605034,0.011483008040450798,0.00021381828231235,-0.0004950443908740924,-0.0192593411815275,0.0018382470289532338,0.010615720038475683,-0.06181075707555332,0.003936846145579582,-0.01733231374606083,-0.006983316156641519,0.010920633344111,-0.06534764605675668,-0.01042247992797168,0.03937966400728683,0.0,-0.009525779154412469,0.02572437567066983,0.015218282734219497,-0.006665267005327141,-0.0014876895008280112,0.0014552430091687412,-0.006316544332713141,0.014585602303595313,-0.008989141055196851,-0.0144288533858066,-0.008544252311159567,-0.007402781535267383,0.032681359779515,-0.026914468579036996,-0.002374755364915384,-0.005838485463695932,-0.009525779154412469,-0.02572437567066983,-0.010140922088931489,0.0,-0.0029253039198600833,-0.0013388833292666002,-0.001501743519314071,-9.411767656046669e-05,-0.05738997222540001,-0.03002889233726167,0.08830120603656501,-0.04810656994571967,0.016327504656545,-0.016705751250046936,0.004488196615170687,-0.009225847518575832,-0.013732857605034,-0.011483008040450798,0.015218282734219497,0.006665267005327141,-0.0029253039198600833,0.0013388833292666002,0.07064819244335331,0.0,0.9997987160085834
0.10500000000000015,0.0016209024471108664,0.0,-0.00045486529228264995,0.0009108608747636169,0.0011481115433601167,-0.0013347333111160163,0.00025450456437556854,0.002028308187354599,0.0010886632196395333,0.0007971264441125669,-0.0005463597346969402,0.0004994959574671,-0.0004814041870023336,-0.00016722553553395007,0.0020951207641588575,-6.399942206978342e-05,0.0010256661171867518,-0.0010712503333114838,-0.00045486529228264995,-0.0009108608747636169,0.22790171938424997,0.0,0.10443713569140499,0.1773433121426667,0.010212917312583827,0.06233212994247001,0.016204592941352083,0.016437093254898495,0.026419360848183342,-0.0049936177308146,-0.019893893186213003,-0.0013423355952359667,-0.006455707314024617,-0.015018903165857548,-0.059525749729433336,0.03014541806948833,0.0011481115433601167,0.0013347333111160163,0.10443713569140499,-0.1773433121426667,0.6063824547237834,0.0,0.07934243626442,0.047547985836255,0.050752601463908316,-0.015824371515053687,-0.028662268293443,-0.05291689747354501,0.009740228026850551,0.060803645384510004,-0.009554770278313886,0.013603472915755251,0.08502490869792498,0.05198196278205501,0.00025450456437556854,-0.002028308187354599,0.010212917312583827,-0.06233212994247001,0.07934243626442,-0.047547985836255,0.0745189953248317,0.0,0.019421687781989654,0.026360957124185003,-0.0019054951741493997,-0.007008608836628183,0.0036736200627815003,0.017230772036693164,-0.008974000065923334,0.007214379522800948,0.015318136145433012,0.017769854229136666,0.0010886632196395333,-0.0007971264441125669,0.016204592941352083,-0.016437093254898495,0.050752601463908316,0.015824371515053687,0.019421687781989654,-0.026360957124185003,0.02350374841448667,0.0,0.0177555086913131,0.008844512090169265,-0.0069763311270102666,-0.011454084080217686,0.032865000247510004,0.02698082432398501,0.0037338068382699323,0.009333310856722987,-0.0005463597346969402,-0.0004994959574671,0.026419360848183342,0.0049936177308146,-0.028662268293443,0.05291689747354501,-0.0019054951741493997,0.007008608836628183,0.0177555086913131,-0.008844512090169265,-0.034672438019137844,0.0,-0.06574013350688165,0.010309482216532714,-0.002149825106374815,0.005755283257127954,-0.014152503959473338,0.011047881059079482,-0.0004814041870023336,0.00016722553553395007,-0.019893893186213003,0.0013423355952359667,0.009740228026850551,-0.060803645384510004,0.0036736200627815003,-0.017230772036693164,-0.0069763311270102666,0.011454084080217686,-0.06574013350688165,-0.010309482216532714,0.039677648281143514,0.0,-0.0095007532836561,0.02619969226761783,0.01570513882528383,-0.005999381100515501,0.0020951207641588575,6.399942206978342e-05,-0.006455707314024617,0.015018903165857548,-0.009554770278313886,-0.013603472915755251,-0.008974000065923334,-0.007214379522800948,0.032865000247510004,-0.02698082432398501,-0.002149825106374815,-0.005755283257127954,-0.0095007532836561,-0.02619969226761783,-0.010408794397939717,0.0,-0.002944102112143234,-0.0014045091821644669,0.0010256661171867518,0.0010712503333114838,-0.059525749729433336,-0.03014541806948833,0.08502490869792498,-0.05198196278205501,0.015318136145433012,-0.017769854229136666,0.0037338068382699323,-0.009333310856722987,-0.014152503959473338,-0.011047881059079482,0.01570513882528383,0.005999381100515501,-0.002944102112143234,0.0014045091821644669,0.07127429622625668,0.0,0.9997985323845501
0.10599999999999993,0.001620718841441433,0.0,-0.0002981594040861953,-0.0009432647401484507,0.00019568011389293355,0.0018189150982412165,-0.00168840347378067,-0.0011376499020704829,-0.0013539249946977168,0.00025160434760677664,2.4978967071166935e-05,-0.0007269972438887133,0.0004310580881733341,-0.00022404834131996653,-0.0013965080591143496,0.0015675706459665,-1.9813358524333273e-05,0.0014569814826872903,-0.0002981594040861953,0.0009432647401484507,0.23392439471723322,0.0,0.10875667308060495,0.18018306609709994,0.011660414305310141,0.06321362613241499,0.0170698456150958,0.016430412434378684,0.027282668304549503,-0.005315965198117765,-0.0204847944345405,-0.0008808751327886407,-0.006597446420116712,-0.01550266460596908,-0.061737531817109996,0.030176361403895003,0.00019568011389293355,-0.0018189150982412165,0.10875667308060495,-0.18018306609709994,0.5988873558829332,0.0,0.07831770569499169,0.04742796162147668,0.04972671816231,-0.015499747945056038,-0.027539513435597497,-0.05261119847467502,0.00885489921485782,0.059775610759991674,-0.010077186447985914,0.012790953805022284,0.0816247136466733,0.055602990798260005,-0.00168840347378067,0.0011376499020704829,0.011660414305310141,-0.06321362613241499,0.07831770569499169,-0.04742796162147668,0.075809353165025,0.0,0.01922582425947116,0.02660267770859666,-0.001636784530732284,-0.006884153082753684,0.00341201776688105,0.01710359322479833,-0.009406895453638549,0.007054126889658985,0.0142068911574906,0.018723150979981003,-0.0013539249946977168,-0.00025160434760677664,0.0170698456150958,-0.016430412434378684,0.04972671816231,0.015499747945056038,0.01922582425947116,-0.02660267770859666,0.02364067861540824,0.0,0.018211413695843334,0.008991142349357746,-0.006955514208202129,-0.011979504670060205,0.03306767928252666,0.02704326043530467,0.003025142298569683,0.009366114717861898,2.4978967071166935e-05,0.0007269972438887133,0.027282668304549503,0.005315965198117765,-0.027539513435597497,0.05261119847467502,-0.001636784530732284,0.006884153082753684,0.018211413695843334,-0.008991142349357746,-0.035287748896453336,0.0,-0.06607940176959831,0.010207632630321218,-0.0019124078841272337,0.005683825524611953,-0.014546049464160663,0.010592512599150117,0.0004310580881733341,0.00022404834131996653,-0.0204847944345405,0.0008808751327886407,0.00885489921485782,-0.059775610759991674,0.00341201776688105,-0.01710359322479833,-0.006955514208202129,0.011979504670060205,-0.06607940176959831,-0.010207632630321218,0.039966156654391335,0.0,-0.009486191123056997,0.026665928396952848,0.01616621517469616,-0.0053625135355244834,-0.0013965080591143496,-0.0015675706459665,-0.006597446420116712,0.01550266460596908,-0.010077186447985914,-0.012790953805022284,-0.009406895453638549,-0.007054126889658985,0.03306767928252666,-0.02704326043530467,-0.0019124078841272337,-0.005683825524611953,-0.009486191123056997,-0.026665928396952848,-0.010672814768847199,0.0,-0.0029551993504347168,-0.0014977321621230332,-1.9813358524333273e-05,-0.0014569814826872903,-0.061737531817109996,-0.030176361403895003,0.0816247136466733,-0.055602990798260005,0.0142068911574906,-0.018723150979981003,0.003025142298569683,-0.009366114717861898,-0.014546049464160663,-0.010592512599150117,0.01616621517469616,0.0053625135355244834,-0.0029551993504347168,0.0014977321621230332,0.07191025455956665,0.0,0.9997983487709835
0.10700000000000014,0.0016205352300907665,0.0,0.0008597347284183495,0.00045130225933301675,-0.0014844291275553506,-0.0011437984975938417,0.0019510963001685333,-0.0005147040453328331,0.0007399440563547836,-0.0011650019675207351,0.0004815682427553868,0.0005232925138090663,-0.0001228894386582383,0.0004473776102839316,-0.00018959018413441665,-0.0020865731911104348,-0.0009868816767469593,-0.0010591895082357658,0.0008597347284183495,-0.00045130225933301675,0.24004418927228338,0.0,0.11295036482574167,0.18266561126125,0.01311670380254997,0.06406235312969501,0.017897999670474604,0.016368394509543752,0.028140090345864663,-0.005604073724339284,-0.021031280151579495,-0.0004517860989830269,-0.0066831904567700995,-0.016048589476724006,-0.064002765216815,0.030135243629076665,-0.0014844291275553506,0.0011437984975938417,0.11295036482574167,-0.18266561126125,0.5912897660436166,0.0,0.07729724239530499,0.047334854370925,0.04872279205315834,-0.015177375606402949,-0.026426060966778662,-0.052283024014309995,0.008004901244526564,0.058719544826778325,-0.010558476853740867,0.011981913630098711,0.07814229362671668,0.05898391848173,0.0019510963001685333,0.0005147040453328331,0.01311670380254997,-0.06406235312969501,0.07729724239530499,-0.047334854370925,0.07710513548975667,0.0,0.019053881978457834,0.026851147706291666,-0.0013999635545978166,-0.006755981608721299,0.003162348856509483,0.016995180848692334,-0.009852537943242168,0.006889627091008032,0.013025145784057649,0.019589042816188267,0.0007399440563547836,0.0011650019675207351,0.017897999670474604,-0.016368394509543752,0.04872279205315834,0.015177375606402949,0.019053881978457834,-0.026851147706291666,0.023774872138759957,0.0,0.018648834851493067,0.00915017945173207,-0.0069200525523919355,-0.012495737230183067,0.03326551948517333,0.02708593027225784,0.0023604123825445005,0.00938246277219795,0.0004815682427553868,-0.0005232925138090663,0.028140090345864663,0.005604073724339284,-0.026426060966778662,0.052283024014309995,-0.0013999635545978166,0.006755981608721299,0.018648834851493067,-0.00915017945173207,-0.03590340995317665,0.0,-0.06640046681304165,0.010096108403509402,-0.0016896358809975834,0.005611035199503702,-0.014914572933186833,0.01014573451168915,-0.0001228894386582383,-0.0004473776102839316,-0.021031280151579495,0.0004517860989830269,0.008004901244526564,-0.058719544826778325,0.003162348856509483,-0.016995180848692334,-0.0069200525523919355,0.012495737230183067,-0.06640046681304165,-0.010096108403509402,0.040245257726754996,0.0,-0.009496120403112183,0.02711415561820351,0.01661979789448583,-0.004755877430904417,-0.00018959018413441665,0.0020865731911104348,-0.0066831904567700995,0.016048589476724006,-0.010558476853740867,-0.011981913630098711,-0.009852537943242168,-0.006889627091008032,0.03326551948517333,-0.02708593027225784,-0.0016896358809975834,-0.005611035199503702,-0.009496120403112183,-0.02711415561820351,-0.010932703337252249,0.0,-0.0029814288722560334,-0.0016235498821749494,-0.0009868816767469593,0.0010591895082357658,-0.064002765216815,-0.030135243629076665,0.07814229362671668,-0.05898391848173,0.013025145784057649,-0.019589042816188267,0.0023604123825445005,-0.00938246277219795,-0.014914572933186833,-0.01014573451168915,0.01661979789448583,0.004755877430904417,-0.0029814288722560334,0.0016235498821749494,0.07255452254030832,0.0,0.9997981651509167
0.10799999999999992,0.00162035161805705,0.0,-0.0009292091745933699,0.0002988468939594834,0.0018919053533757021,-0.0002516673490977501,-0.0009064253395872163,0.0017873258870179003,0.00034194349860113324,0.0013238520376379328,-0.0006798196895367667,-4.563467365544998e-05,-0.00023959984696029994,-0.00037404053914438323,0.0016498952292828093,0.0012856871108847003,0.0014488583591939176,7.433085833258024e-05,-0.0009292091745933699,-0.0002988468939594834,0.24624890776643335,0.0,0.11707220134147502,0.18480588227515007,0.01457766229539453,0.06481154439268498,0.01871331969620867,0.016267122646432333,0.028960076830739336,-0.005835405468611717,-0.021546534786960714,-3.7196118766700116e-05,-0.006731310853755367,-0.0166172361361945,-0.06630115883941833,0.02998803984895818,0.0018919053533757021,0.0002516673490977501,0.11707220134147502,-0.18480588227515007,0.5836031067264167,0.0,0.07626628084010001,0.047284587165966646,0.04775542928674332,-0.014828112347786538,-0.025366524627426834,-0.051923149515865005,0.007178304595987065,0.05764235209183834,-0.011001192772260767,0.011175547776498623,0.07458261445677501,0.06213014198342666,-0.0009064253395872163,-0.0017873258870179003,0.01457766229539453,-0.06481154439268498,0.07626628084010001,-0.047284587165966646,0.07840680862091333,0.0,0.018895466912803176,0.027097631252614995,-0.0011768050896765405,-0.00663080723648053,0.0029386760815965167,0.016896038407791834,-0.010296071800889166,0.0066992638887134,0.011846669273261761,0.020397261835915663,0.00034194349860113324,-0.0013238520376379328,0.01871331969620867,-0.016267122646432333,0.04775542928674332,0.014828112347786538,0.018895466912803176,-0.027097631252614995,0.023905841676902313,0.0,0.019099116858652503,0.009291242851983579,-0.006859017126830816,-0.013008976772758835,0.033438626645033324,0.027119946937724328,0.0016836461904077844,0.0094035085095115,-0.0006798196895367667,4.563467365544998e-05,0.028960076830739336,0.005835405468611717,-0.025366524627426834,0.051923149515865005,-0.0011768050896765405,0.00663080723648053,0.019099116858652503,-0.009291242851983579,-0.03651862753036499,0.0,-0.06673830581656001,0.009969470002727684,-0.0014885213975434554,0.005528061394480361,-0.015260883499055997,0.009702519902239635,-0.00023959984696029994,0.00037404053914438323,-0.021546534786960714,3.7196118766700116e-05,0.007178304595987065,-0.05764235209183834,0.0029386760815965167,-0.016896038407791834,-0.006859017126830816,0.013008976772758835,-0.06673830581656001,-0.009969470002727684,0.04051450009740467,0.0,-0.009504050793123915,0.027543987525118163,0.017039949566840334,-0.004140270840700439,0.0016498952292828093,-0.0012856871108847003,-0.006731310853755367,0.0166172361361945,-0.011001192772260767,-0.011175547776498623,-0.010296071800889166,-0.0066992638887134,0.033438626645033324,-0.027119946937724328,-0.0014885213975434554,-0.005528061394480361,-0.009504050793123915,-0.027543987525118163,-0.01118819547984267,0.0,-0.003013871685397383,-0.0017559118127612897,0.0014488583591939176,-7.433085833258024e-05,-0.06630115883941833,-0.02998803984895818,0.07458261445677501,-0.06213014198342666,0.011846669273261761,-0.020397261835915663,0.0016836461904077844,-0.0094035085095115,-0.015260883499055997,-0.009702519902239635,0.017039949566840334,0.004140270840700439,-0.003013871685397383,0.0017559118127612897,0.07320528803504334,0.0,0.9997979815306497
0.109,0.0016201680207362332,0.0,0.00044494911314601343,-0.0008748371590787304,-0.0011753331278066166,0.0015579694946091674,-0.0007222866244085094,-0.001874227392633481,-0.0011901531388271167,-0.0006460984064142847,0.0004961710485081668,-0.00043042130760566637,0.0004192911418416168,7.458317509712374e-05,-0.0020609355928132332,0.0003165749039853934,-0.0010957135063400503,0.0009442281571998696,0.00044494911314601343,0.0008748371590787304,0.2525283446875667,0.0,0.12116338012946336,0.18663678518746668,0.016025923549866535,0.06544831809180833,0.019509342353636994,0.016135026670871362,0.02974590375904417,-0.006022110909558586,-0.022039686561844386,0.00035055020770040005,-0.006811037069476788,-0.017189260942541328,-0.06864990422265167,0.02970545356039733,-0.0011753331278066166,-0.0015579694946091674,0.12116338012946336,-0.18663678518746668,0.57583931901735,0.0,0.07523347246141833,0.047281384718405005,0.046789314957101834,-0.014431151229291117,-0.024322319484211097,-0.05153073168510999,0.0063327956747694664,0.05655500772071167,-0.011417655923584187,0.010387324428195295,0.07094169958895834,0.065040176719975,-0.0007222866244085094,0.001874227392633481,0.016025923549866535,-0.06544831809180833,0.07523347246141833,-0.047281384718405005,0.0797145317889,0.0,0.01869936663564,0.027328113812953334,-0.0009497095311833335,-0.006494741403062232,0.0027424298444513827,0.01677577165738616,-0.010718505873949001,0.0065019763246446345,0.010689540344573466,0.021136355938972506,-0.0011901531388271167,0.0006460984064142847,0.019509342353636994,-0.016135026670871362,0.046789314957101834,0.014431151229291117,0.01869936663564,-0.027328113812953334,0.024033850951026017,0.0,0.019584455146095338,0.009439106783319866,-0.006765300456982166,-0.01352854865682583,0.033608231844371665,0.027173836000051,0.0009840758174262834,0.009386475217897853,0.0004961710485081668,0.00043042130760566637,0.02974590375904417,0.006022110909558586,-0.024322319484211097,0.05153073168510999,-0.0009497095311833335,0.006494741403062232,0.019584455146095338,-0.009439106783319866,-0.03713279316703834,0.0,-0.06707751699159999,0.009848260736563499,-0.0012837805704893385,0.005441169823024846,-0.015591654022970169,0.00923623789315495,0.0004192911418416168,-7.458317509712374e-05,-0.022039686561844386,-0.00035055020770040005,0.0063327956747694664,-0.05655500772071167,0.0027424298444513827,-0.01677577165738616,-0.006765300456982166,0.01352854865682583,-0.06707751699159999,-0.009848260736563499,0.04077398486515049,0.0,-0.009491061691182912,0.02796316320347584,0.017404289621840152,-0.003501557984570367,-0.0020609355928132332,-0.0003165749039853934,-0.006811037069476788,0.017189260942541328,-0.011417655923584187,-0.010387324428195295,-0.010718505873949001,-0.0065019763246446345,0.033608231844371665,-0.027173836000051,-0.0012837805704893385,-0.005441169823024846,-0.009491061691182912,-0.02796316320347584,-0.011439564607178598,0.0,-0.0030335592354729835,-0.0018721242081303,-0.0010957135063400503,-0.0009442281571998696,-0.06864990422265167,-0.02970545356039733,0.07094169958895834,-0.065040176719975,0.010689540344573466,-0.021136355938972506,0.0009840758174262834,-0.009386475217897853,-0.015591654022970169,-0.00923623789315495,0.017404289621840152,0.003501557984570367,-0.0030335592354729835,0.0018721242081303,0.07385995636870996,0.0,0.9997977979249669
0.1100000000000001,0.00161998443836545,0.0,0.00028303606060384987,0.0009201330547780002,-0.0003245318046630667,-0.0019737421326403663,0.00189055179641887,0.0007213484382304747,0.0012672139121843167,-0.00044223207608266684,-2.8423302408116535e-05,0.0006532376862835667,-0.00032868755755645037,0.0002377700958620334,0.0011776927074261497,-0.0016973390980942337,0.00014524233587957333,-0.0014249039577313182,0.00028303606060384987,-0.0009201330547780002,0.2588722493737667,0.0,0.12518040964875665,0.18812376760506666,0.017459423858090326,0.06602457111244334,0.020263446567920503,0.015961486949086758,0.030520609806140013,-0.0061875103094608174,-0.022498084865313,0.0006719941689378332,-0.00692717576497095,-0.017790500892015833,-0.07105686335314165,0.029302436995466172,-0.0003245318046630667,0.0019737421326403663,0.12518040964875665,-0.18812376760506666,0.5680104667874168,0.0,0.07419108645690334,0.04730834498798333,0.045800224141877,-0.014001750857802264,-0.02322641916624929,-0.051098178351280006,0.0054712188427146,0.05543445039533503,-0.01181558102263197,0.009622607232898444,0.06722271185833333,0.067708716846215,0.00189055179641887,-0.0007213484382304747,0.017459423858090326,-0.06602457111244334,0.07419108645690334,-0.04730834498798333,0.08102797725681667,0.0,0.01845169490430134,0.027527056085493336,-0.0007255659983542835,-0.0063392111330019514,0.002558371561131264,0.016639347167218328,-0.01111651681200315,0.006315051996865881,0.009504470077996544,0.021760748983429005,0.0012672139121843167,0.00044223207608266684,0.020263446567920503,-0.015961486949086758,0.045800224141877,0.014001750857802264,0.01845169490430134,-0.027527056085493336,0.024160707726388377,0.0,0.020077091021177502,0.009628580840601086,-0.006645001181844382,-0.014050624083916167,0.03379544958413834,0.027238296195976168,0.0003158126663421335,0.00929680048638338,-2.8423302408116535e-05,-0.0006532376862835667,0.030520609806140013,0.0061875103094608174,-0.02322641916624929,0.051098178351280006,-0.0007255659983542835,0.0063392111330019514,0.020077091021177502,-0.009628580840601086,-0.03774685288917501,0.0,-0.06736425989679168,0.009741764854616284,-0.0010589419730067833,0.005357412256082703,-0.01590837703517783,0.008741306395264282,-0.00032868755755645037,-0.0002377700958620334,-0.022498084865313,-0.0006719941689378332,0.0054712188427146,-0.05543445039533503,0.002558371561131264,-0.016639347167218328,-0.006645001181844382,0.014050624083916167,-0.06736425989679168,-0.009741764854616284,0.04102456639967799,0.0,-0.009472270239746934,0.02837035430008566,0.017733547290013765,-0.0028670011877895674,0.0011776927074261497,0.0016973390980942337,-0.00692717576497095,0.017790500892015833,-0.01181558102263197,-0.009622607232898444,-0.01111651681200315,-0.006315051996865881,0.03379544958413834,-0.027238296195976168,-0.0010589419730067833,-0.005357412256082703,-0.009472270239746934,-0.02837035430008566,-0.011687248362945053,0.0,-0.0030425958826173264,-0.001981350277388333,0.00014524233587957333,0.0014249039577313182,-0.07105686335314165,-0.029302436995466172,0.06722271185833333,-0.067708716846215,0.009504470077996544,-0.021760748983429005,0.0003158126663421335,-0.00929680048638338,-0.01590837703517783,-0.008741306395264282,0.017733547290013765,0.0028670011877895674,-0.0030425958826173264,0.001981350277388333,0.074515763604225,0.0,0.9997976143342833
0.11099999999999997,0.001619800854025183,0.0,-0.0008087599269057401,-0.00046165969758133325,0.0016885072939542172,0.0011519345492939166,-0.001802479183428645,0.00093717046029105,-0.0005062165105818664,0.0012224724131186,-0.0004501412240555831,-0.00047610316040751693,4.913115088979871e-05,-0.00038293656672784977,0.00041398591675583836,0.00199543522502665,0.0008790379366776332,0.0011233432938404478,-0.0008087599269057401,0.00046165969758133325,0.2652681797802166,0.0,0.1291277495023883,0.1892428554121167,0.018896454607098667,0.06657641173951499,0.02098246985248916,0.01573745248437993,0.031292734568016664,-0.006333070363846085,-0.022916743201984165,0.0009237220304585001,-0.007007973620566452,-0.018440267789903337,-0.07351581113798168,0.028829036818885333,0.0016885072939542172,-0.0011519345492939166,0.1291277495023883,-0.1892428554121167,0.5601302212534335,0.0,0.07313951515643,0.047367103148846665,0.04483074129040983,-0.013566601567830665,-0.02209074432487928,-0.05062924023532999,0.004647740001895265,0.05426559779480167,-0.01218487548663443,0.008862750952861017,0.06345377163635334,0.07015063865926835,-0.001802479183428645,-0.00093717046029105,0.018896454607098667,-0.06657641173951499,0.07313951515643,-0.047367103148846665,0.08234677111748501,0.0,0.018201541838299664,0.027696484697903336,-0.0005173463940883835,-0.0061811001800876324,0.00237571775361235,0.01652276822982647,-0.011494189064442958,0.006114855873398899,0.008264014374498748,0.022266265904817003,-0.0005062165105818664,-0.0012224724131186,0.02098246985248916,-0.01573745248437993,0.04483074129040983,0.013566601567830665,0.018201541838299664,-0.027696484697903336,0.024288073727242,0.0,0.020546263261610832,0.009845199216478468,-0.0065054827568674315,-0.014564591958546504,0.03399509440980666,0.02728106964989667,-0.00029452462349812835,0.009157110969085268,-0.0004501412240555831,0.00047610316040751693,0.031292734568016664,0.006333070363846085,-0.02209074432487928,0.05062924023532999,-0.0005173463940883835,0.0061811001800876324,0.020546263261610832,-0.009845199216478468,-0.03836191119866832,0.0,-0.06761479079207003,0.009630585456785539,-0.0008325692069584213,0.005269632458887934,-0.01621634099598,0.008241552662158726,4.913115088979871e-05,0.00038293656672784977,-0.022916743201984165,-0.0009237220304585001,0.004647740001895265,-0.05426559779480167,0.00237571775361235,-0.01652276822982647,-0.0065054827568674315,0.014564591958546504,-0.06761479079207003,-0.009630585456785539,0.041266694849775666,0.0,-0.009463600426702632,0.02876633454804933,0.018062889222411734,-0.002248897492270706,0.00041398591675583836,-0.00199543522502665,-0.007007973620566452,0.018440267789903337,-0.01218487548663443,-0.008862750952861017,-0.011494189064442958,-0.006114855873398899,0.03399509440980666,-0.02728106964989667,-0.0008325692069584213,-0.005269632458887934,-0.009463600426702632,-0.02876633454804933,-0.011931089466819146,0.0,-0.0030559792884548164,-0.0021120079870479832,0.0008790379366776332,-0.0011233432938404478,-0.07351581113798168,-0.028829036818885333,0.06345377163635334,-0.07015063865926835,0.008264014374498748,-0.022266265904817003,-0.00029452462349812835,-0.009157110969085268,-0.01621634099598,-0.008241552662158726,0.018062889222411734,0.002248897492270706,-0.0030559792884548164,0.0021120079870479832,0.07517068982525667,0.0,0.9997974307421502
0.11200000000000009,0.0016196172535586004,0.0,0.0008868489034924412,-0.00021066756156776648,-0.0020503243053262,0.00039897276941278374,0.0004928370933426827,-0.001971178981679022,-0.0005602137195806333,-0.0011747774803015007,0.0006332723379278332,2.9956378304394893e-05,0.00025246276583728336,0.0002763751306478333,-0.001712145112297693,-0.0010650851570696836,-0.0014227627568741998,-0.0001917924115587953,0.0008868489034924412,0.00021066756156776648,0.27170238242263334,0.0,0.13307054837471666,0.1899613847008167,0.020344825871714933,0.06705018716105,0.02168822687875784,0.015461485117354516,0.032039210059596666,-0.006440658886011667,-0.023310052134765672,0.0011536813135145003,-0.007023017554508616,-0.019105012668144,-0.07599485062856669,0.02829553441449733,-0.0020503243053262,-0.00039897276941278374,0.13307054837471666,-0.1899613847008167,0.5522131379185333,0.0,0.07209279074456497,0.04746904728082333,0.04391421084047883,-0.013120958901359364,-0.020970495603482235,-0.05012906502873666,0.0038904579915467028,0.05305435002169333,-0.012505322673431536,0.008094691665161668,0.05964404427953165,0.072352455308465,0.0004928370933426827,0.001971178981679022,0.020344825871714933,-0.06705018716105,0.07209279074456497,-0.04746904728082333,0.08367079752618668,0.0,0.017983612543198507,0.027831802112375008,-0.0003165134912811335,-0.00603606115163526,0.0022024135673715823,0.016432825705687496,-0.011844036028222078,0.005869507999948157,0.006997161776063828,0.022693307134306662,-0.0005602137195806333,0.0011747774803015007,0.02168822687875784,-0.015461485117354516,0.04391421084047883,0.013120958901359364,0.017983612543198507,-0.027831802112375008,0.024416156576317665,0.0,0.020997096697647495,0.010047243774395817,-0.006344054081011787,-0.015062115207792335,0.034182370444268334,0.027288998769086338,-0.0008931580292045099,0.008990317731903584,0.0006332723379278332,-2.9956378304394893e-05,0.032039210059596666,0.006440658886011667,-0.020970495603482235,0.05012906502873666,-0.0003165134912811335,0.00603606115163526,0.020997096697647495,-0.010047243774395817,-0.03897745660067168,0.0,-0.06788653552335666,0.009492905798223067,-0.0006262562867241149,0.005157679064751399,-0.01651698768635567,0.007746781190478085,0.00025246276583728336,-0.0002763751306478333,-0.023310052134765672,-0.0011536813135145003,0.0038904579915467028,-0.05305435002169333,0.0022024135673715823,-0.016432825705687496,-0.006344054081011787,0.015062115207792335,-0.06788653552335666,-0.009492905798223067,0.04149972981145235,0.0,-0.00944230455348845,0.029153658717719,0.018379399845554135,-0.0016184466932299502,-0.001712145112297693,0.0010650851570696836,-0.007023017554508616,0.019105012668144,-0.012505322673431536,-0.008094691665161668,-0.011844036028222078,-0.005869507999948157,0.034182370444268334,-0.027288998769086338,-0.0006262562867241149,-0.005157679064751399,-0.00944230455348845,-0.029153658717719,-0.012170448963651279,0.0,-0.0030689782340898673,-0.0022703487879002,-0.0014227627568741998,0.0001917924115587953,-0.07599485062856669,-0.02829553441449733,0.05964404427953165,-0.072352455308465,0.006997161776063828,-0.022693307134306662,-0.0008931580292045099,-0.008990317731903584,-0.01651698768635567,-0.007746781190478085,0.018379399845554135,0.0016184466932299502,-0.0030689782340898673,0.0022703487879002,0.07582333118873334,0.0,0.9997972471329999
0.11300000000000018,0.0016194336489428667,0.0,-0.0004973104226453002,0.0007478186048353498,0.0012008563286617668,-0.001779787557832437,0.0011495170850028499,0.0016799178927568114,0.0012376884622120152,0.0003781552071732591,-0.00045201211298971666,0.00039362724651976686,-0.0003750760042347935,1.9560995236416678e-05,0.0019467166307609231,-0.00049617761020075,0.0011632208507607559,-0.0008525387940868169,-0.0004973104226453002,-0.0007478186048353498,0.2781611251795001,0.0,0.13705803763203334,0.19028849974425002,0.02180216388364587,0.06739817279680335,0.02237494840844417,0.015138848917689915,0.03275231143435334,-0.006502421762783347,-0.023690965753638327,0.0014033657828691163,-0.0070367056675972,-0.019745953084503675,-0.07847957472462001,0.027668699526817504,0.0012008563286617668,0.001779787557832437,0.13705803763203334,-0.19028849974425002,0.5442743644548333,0.0,0.07107607531049169,0.047618453748684994,0.04302700434448567,-0.012647928917751117,-0.019870236467932997,-0.04959031423677666,0.003171399778438901,0.05182947064711331,-0.012769369968993147,0.007329818739745068,0.05580099077168666,0.074279919272855,0.0011495170850028499,-0.0016799178927568114,0.02180216388364587,-0.06739817279680335,0.07107607531049169,-0.047618453748684994,0.08499960140492,0.0,0.017773447379751492,0.027920143486925,-0.00010419452865267026,-0.005889927573426097,0.002047124354472934,0.016333433307599506,-0.012160925731762187,0.005594427061459382,0.005739814546468799,0.023057145014916337,0.0012376884622120152,-0.0003781552071732591,0.02237494840844417,-0.015138848917689915,0.04302700434448567,0.012647928917751117,0.017773447379751492,-0.027920143486925,0.024545023373490328,0.0,0.021448180768654658,0.01023587534635643,-0.006163024168087772,-0.015542350350827851,0.03436061246418834,0.027286717571978494,-0.0015145066810129046,0.008770726768657417,-0.00045201211298971666,-0.00039362724651976686,0.03275231143435334,0.006502421762783347,-0.019870236467932997,0.04959031423677666,-0.00010419452865267026,0.005889927573426097,0.021448180768654658,-0.01023587534635643,-0.03959204347764167,0.0,-0.06819893525297999,0.009334228706705049,-0.0004300675431259332,0.005013946128519434,-0.01680138819364533,0.007241815306015376,-0.0003750760042347935,-1.9560995236416678e-05,-0.023690965753638327,-0.0014033657828691163,0.003171399778438901,-0.05182947064711331,0.002047124354472934,-0.016333433307599506,-0.006163024168087772,0.015542350350827851,-0.06819893525297999,-0.009334228706705049,0.04172262488034117,0.0,-0.009374942660590614,0.029542507906205325,0.0186437824326914,-0.0009588669695974283,0.0019467166307609231,0.00049617761020075,-0.0070367056675972,0.019745953084503675,-0.012769369968993147,-0.007329818739745068,-0.012160925731762187,-0.005594427061459382,0.03436061246418834,-0.027286717571978494,-0.0004300675431259332,-0.005013946128519434,-0.009374942660590614,-0.029542507906205325,-0.012404882912399866,0.0,-0.003057957339632316,-0.0024314130938562755,0.0011632208507607559,0.0008525387940868169,-0.07847957472462001,-0.027668699526817504,0.05580099077168666,-0.074279919272855,0.005739814546468799,-0.023057145014916337,-0.0015145066810129046,-0.008770726768657417,-0.01680138819364533,-0.007241815306015376,0.0186437824326914,0.0009588669695974283,-0.003057957339632316,0.0024314130938562755,0.07647181696820832,0.0,0.9997970635208334
0.11399999999999993,0.0016192500479599162,0.0,-0.0001308184629550335,-0.00085543812819867,0.00046048370060786684,0.0021604485619641347,-0.0020253852185191,-0.0002551423216046837,-0.0011224278502214183,0.0006695052554763036,3.258485947413338e-05,-0.0005777691342641513,0.00024181614087926694,-0.0002980697167195143,-0.0009950412588512001,0.0017461112111818236,-0.00025459263769114993,0.0014068390333163668,-0.0001308184629550335,0.00085543812819867,0.2846321674966666,0.0,0.1410421733061333,0.19024206877921668,0.023268436143473,0.06765377278189,0.02301339178981283,0.014763063038781462,0.03344888046432334,-0.006534771552609701,-0.02403892790243266,0.0016589439087027332,-0.0070988150683537,-0.020378300267486164,-0.08096598856685337,0.02693321018755934,0.00046048370060786684,-0.0021604485619641347,0.1410421733061333,-0.19024206877921668,0.5363281028954,0.0,0.07008290533300832,0.04779671780161834,0.04212444320124683,-0.012166056941791768,-0.018746730608114284,-0.04898726571521668,0.0024622500048585337,0.050608877229085004,-0.012980066307876304,0.006579554433620169,0.051940841479843326,0.07591604146609836,-0.0020253852185191,0.0002551423216046837,0.023268436143473,-0.06765377278189,0.07008290533300832,-0.04779671780161834,0.08633224402205002,0.0,0.017541368363067664,0.027955727434570008,0.00011765060634846661,-0.005717297470205615,0.0018993859221465668,0.016193699246621136,-0.012457596750418761,0.005328864124122731,0.004491352789076372,0.02331728722247917,-0.0011224278502214183,-0.0006695052554763036,0.02301339178981283,-0.014763063038781462,0.04212444320124683,0.012166056941791768,0.017541368363067664,-0.027955727434570008,0.024676181593504994,0.0,0.021883469617351006,0.0104452904683836,-0.005971242116910049,-0.0160069854215525,0.034555495007466665,0.02729154152365617,-0.002115727867300052,0.008469152704555017,3.258485947413338e-05,0.0005777691342641513,0.03344888046432334,0.006534771552609701,-0.018746730608114284,0.04898726571521668,0.00011765060634846661,0.005717297470205615,0.021883469617351006,-0.0104452904683836,-0.04020527389027668,0.0,-0.06850956174673999,0.009170288775510042,-0.00022222776300951676,0.004851858883190168,-0.017054805626015673,0.006713675555691976,0.00024181614087926694,0.0002980697167195143,-0.02403892790243266,-0.0016589439087027332,0.0024622500048585337,-0.050608877229085004,0.0018993859221465668,-0.016193699246621136,-0.005971242116910049,0.0160069854215525,-0.06850956174673999,-0.009170288775510042,0.04193488697832251,0.0,-0.00926784296021946,0.029937853523667325,0.018860623499191834,-0.0003005043325397833,-0.0009950412588512001,-0.0017461112111818236,-0.0070988150683537,0.020378300267486164,-0.012980066307876304,-0.006579554433620169,-0.012457596750418761,-0.005328864124122731,0.034555495007466665,-0.02729154152365617,-0.00022222776300951676,-0.004851858883190168,-0.00926784296021946,-0.029937853523667325,-0.012634353795875332,0.0,-0.003013201822822167,-0.0025758513427375663,-0.00025459263769114993,-0.0014068390333163668,-0.08096598856685337,-0.02693321018755934,0.051940841479843326,-0.07591604146609836,0.004491352789076372,-0.02331728722247917,-0.002115727867300052,-0.008469152704555017,-0.017054805626015673,-0.006713675555691976,0.018860623499191834,0.0003005043325397833,-0.003013201822822167,0.0025758513427375663,0.07711367456337499,0.0,0.9997968799107666
0.11500000000000016,0.0016190664454622508,0.0,0.0006251877964988335,0.0005185100705632149,-0.0019324103620132003,-0.0011584171171513337,0.0015247819135833162,-0.001344812166358215,0.00024389516863528358,-0.0012997947064181219,0.0003890001638705217,0.00041818128760855,4.601884991916346e-05,0.0003915121089024002,-0.0005676910369729668,-0.0019305599046068665,-0.0007811047878572801,-0.0011694501904372665,0.0006251877964988335,-0.0005185100705632149,0.29110287839816656,0.0,0.14494356538163336,0.18982492947604998,0.0247418066874125,0.067876341578695,0.023599519447371934,0.014320780937862421,0.034139807229553336,-0.006552650857951151,-0.024322230460057992,0.0018918480614991513,-0.007155302209639849,-0.0210393100767535,-0.08343931259703001,0.026122043497049167,-0.0019324103620132003,0.0011584171171513337,0.14494356538163336,-0.18982492947604998,0.5283887818259999,0.0,0.06908205548567002,0.04798567839799665,0.04121182898443917,-0.011710213322405065,-0.01760208824871121,-0.048315598249875,0.0017841794670906991,0.049393689770025,-0.013134228454480852,0.005832084833324835,0.048087054403019996,0.07728105752609002,0.0015247819135833162,0.001344812166358215,0.0247418066874125,-0.067876341578695,0.06908205548567002,-0.04798567839799665,0.08766766436359,0.0,0.017308587388448975,0.027953761829485002,0.00032929022660991333,-0.005519447308620416,0.00174378999806225,0.01603264307033409,-0.012750648129993502,0.00507055647821304,0.003235022203000533,0.02343929503472083,0.00024389516863528358,0.0012997947064181219,0.023599519447371934,-0.014320780937862421,0.04121182898443917,0.011710213322405065,0.017308587388448975,-0.027953761829485002,0.02481148348818833,0.0,0.02227188317980067,0.010675049846821803,-0.0057728088743320945,-0.016451928318319,0.03477675242714333,0.027283926136996667,-0.002649834028144286,0.008115245066313002,0.0003890001638705217,-0.00041818128760855,0.034139807229553336,0.006552650857951151,-0.01760208824871121,0.048315598249875,0.00032929022660991333,0.005519447308620416,0.02227188317980067,-0.010675049846821803,-0.04081750040423,0.0,-0.06879624381600664,0.0089970884339236,-6.105283932366535e-06,0.004689153149098999,-0.017273111783846495,0.006178260271010506,4.601884991916346e-05,-0.0003915121089024002,-0.024322230460057992,-0.0018918480614991513,0.0017841794670906991,-0.049393689770025,0.00174378999806225,-0.01603264307033409,-0.0057728088743320945,0.016451928318319,-0.06879624381600664,-0.0089970884339236,0.04213629250814015,0.0,-0.009158246008709937,0.030334699727487677,0.019075638284439332,0.00031957541703336173,-0.0005676910369729668,0.0019305599046068665,-0.007155302209639849,0.0210393100767535,-0.013134228454480852,-0.005832084833324835,-0.012750648129993502,-0.00507055647821304,0.03477675242714333,-0.027283926136996667,-6.105283932366535e-06,-0.004689153149098999,-0.009158246008709937,-0.030334699727487677,-0.01285864282280682,0.0,-0.0029544647337650057,-0.0027196087983737834,-0.0007811047878572801,0.0011694501904372665,-0.08343931259703001,-0.026122043497049167,0.048087054403019996,-0.07728105752609002,0.003235022203000533,-0.02343929503472083,-0.002649834028144286,-0.008115245066313002,-0.017273111783846495,-0.006178260271010506,0.019075638284439332,-0.00031957541703336173,-0.0029544647337650057,0.0027196087983737834,0.07774667249762333,0.0,0.9997966963003329
0.1159999999999999,0.001618882825975317,0.0,-0.00076467296151115,2.9743686505886687e-05,0.0021916386821751164,-0.0006195468408266829,-3.2580697177503165e-06,0.002003958486947633,0.0008158955276414135,0.0010404130712887987,-0.0005479646453032167,-3.3233701933183356e-05,-0.00032888752018442313,-0.00024710845856525663,0.0017914872856476213,0.0009311549025055169,0.0013648430083929356,0.00027203416754346667,-0.00076467296151115,-2.9743686505886687e-05,0.29756047043089995,0.0,0.14877308042848333,0.18905578139308335,0.026212452684064316,0.06806302248030169,0.024165300115080945,0.013810683283853898,0.03480617926507166,-0.006554933337801817,-0.024545464444289167,0.0021211344007407832,-0.007139117726646116,-0.021732806970250335,-0.08587533977396165,0.02526168630029216,0.0021916386821751164,0.0006195468408266829,0.14877308042848333,-0.18905578139308335,0.5204702512955499,0.0,0.06807572857147835,0.04819629789744501,0.04034027465747417,-0.011278499581430568,-0.01649978740742467,-0.047611691001576646,0.0011691488377838669,0.04818850072718,-0.01322089264827045,0.005074982520712848,0.04425769998276335,0.07839857361492,-3.2580697177503165e-06,-0.002003958486947633,0.026212452684064316,-0.06806302248030169,0.06807572857147835,-0.04819629789744501,0.08900558219338836,0.0,0.01711886822244619,0.027943030923964992,0.0005227964825732835,-0.005316187504567917,0.0015812182235796664,0.01588812645970146,-0.013042428659909733,0.004779422106097003,0.001969923953738667,0.02346021251568466,0.0008158955276414135,-0.0010404130712887987,0.024165300115080945,-0.013810683283853898,0.04034027465747417,0.011278499581430568,0.01711886822244619,-0.027943030923964992,0.024951082489776347,0.0,0.022622116215152664,0.010887657601888284,-0.005563023395150645,-0.016872543588565804,0.03501033446186666,0.027242722526908337,-0.0031518761723262497,0.0077596963458252685,-0.0005479646453032167,3.3233701933183356e-05,0.03480617926507166,0.006554933337801817,-0.01649978740742467,0.047611691001576646,0.0005227964825732835,0.005316187504567917,0.022622116215152664,-0.010887657601888284,-0.04142820934134,0.0,-0.06910219673020167,0.008803400212086998,0.0001943033839216832,0.0045240762508144995,-0.017460657163713002,0.005656383855895399,-0.00032888752018442313,0.00024710845856525663,-0.024545464444289167,-0.0021211344007407832,0.0011691488377838669,-0.04818850072718,0.0015812182235796664,-0.01588812645970146,-0.005563023395150645,0.016872543588565804,-0.06910219673020167,-0.008803400212086998,0.04232619036878034,0.0,-0.009059636266851084,0.030722133765381666,0.01930095261973289,0.0009082199669747324,0.0017914872856476213,-0.0009311549025055169,-0.007139117726646116,0.021732806970250335,-0.01322089264827045,-0.005074982520712848,-0.013042428659909733,-0.004779422106097003,0.03501033446186666,-0.027242722526908337,0.0001943033839216832,-0.0045240762508144995,-0.009059636266851084,-0.030722133765381666,-0.013077140299809784,0.0,-0.0029031524833088664,-0.002887505136828795,0.0013648430083929356,-0.00027203416754346667,-0.08587533977396165,-0.02526168630029216,0.04425769998276335,-0.07839857361492,0.001969923953738667,-0.02346021251568466,-0.0031518761723262497,-0.0077596963458252685,-0.017460657163713002,-0.005656383855895399,0.01930095261973289,-0.0009082199669747324,-0.0029031524833088664,0.002887505136828795,0.07836940270917168,0.0,0.9997965126724504
0.117,0.0016186991962651508,0.0,0.0005256996452270219,-0.0005225319611810171,-0.0010866350243038168,0.0020269207193240536,-0.0014639353899732733,-0.0013213433049385867,-0.0013053969518580166,-8.271722276203324e-05,0.0004061996899897999,-0.0003073134922741333,0.0004256648438274335,-7.827015772926671e-05,-0.0019251356647513832,0.0006468452909658898,-0.0011505647691350328,0.0007729612877936838,0.0005256996452270219,0.0005225319611810171,0.30399286110694995,0.0,0.1525677491531167,0.1879418641041166,0.027659068230359327,0.06815334001975998,0.024727753409244244,0.013250979203486082,0.035419494900395004,-0.006525531971923,-0.024737308080352658,0.0023832056283881967,-0.0070895981778515815,-0.022428262860589004,-0.0882489175694333,0.024307842710871167,-0.0010866350243038168,-0.0020269207193240536,0.1525677491531167,-0.1879418641041166,0.5125858811916001,0.0,0.06709046720251664,0.048439876957981666,0.03951876196818468,-0.010838222495413215,-0.015472234353274269,-0.04689862916501665,0.0006007085705012386,0.046995667581174995,-0.013240458004007931,0.0043215025366859505,0.040455538403585,0.07925709745149996,-0.0014639353899732733,0.0013213433049385867,0.027659068230359327,-0.06815334001975998,0.06709046720251664,-0.048439876957981666,0.09034631384993501,0.0,0.016968674974670382,0.027930884849776676,0.0007034451529265167,-0.005110596509039199,0.0014273361818310367,0.015762975250294978,-0.013324277826418266,0.0044502337978032476,0.0007182191528584833,0.023437440029848836,-0.0013053969518580166,8.271722276203324e-05,0.024727753409244244,-0.013250979203486082,0.03951876196818468,0.010838222495413215,0.016968674974670382,-0.027930884849776676,0.02509386852802433,0.0,0.022970695119403004,0.011071585487056246,-0.0053394271164208685,-0.01726429919431912,0.03524258967665669,0.02718105079842499,-0.0036800771659369837,0.007400487246447728,0.0004061996899897999,0.0003073134922741333,0.035419494900395004,0.006525531971923,-0.015472234353274269,0.04689862916501665,0.0007034451529265167,0.005110596509039199,0.022970695119403004,-0.011071585487056246,-0.04203603167573001,0.0,-0.06945087706427502,0.008596563911080485,0.0003764083213908619,0.004344773534759085,-0.01760917953691983,0.005140116011977167,0.0004256648438274335,7.827015772926671e-05,-0.024737308080352658,-0.0023832056283881967,0.0006007085705012386,-0.046995667581174995,0.0014273361818310367,-0.015762975250294978,-0.0053394271164208685,0.01726429919431912,-0.06945087706427502,-0.008596563911080485,0.04250377687693132,0.0,-0.008950048092288249,0.031089768477666663,0.019491316063814837,0.0014948089124249828,-0.0019251356647513832,-0.0006468452909658898,-0.0070895981778515815,0.022428262860589004,-0.013240458004007931,-0.0043215025366859505,-0.013324277826418266,-0.0044502337978032476,0.03524258967665669,-0.02718105079842499,0.0003764083213908619,-0.004344773534759085,-0.008950048092288249,-0.031089768477666663,-0.013289363600340694,0.0,-0.0028558254948386837,-0.0030685523983137687,-0.0011505647691350328,-0.0007729612877936838,-0.0882489175694333,-0.024307842710871167,0.040455538403585,-0.07925709745149996,0.0007182191528584833,-0.023437440029848836,-0.0036800771659369837,-0.007400487246447728,-0.01760917953691983,-0.005140116011977167,0.019491316063814837,-0.0014948089124249828,-0.0028558254948386837,0.0030685523983137687,0.07898032356084833,0.0,0.9997963290343662
0.11800000000000009,0.0016185155748312831,0.0,-3.8187729721268226e-05,0.0007275460320351116,-0.0007254709086228341,-0.0022142768567803995,0.0019478825926496173,-0.00018958657088352098,0.0009248199963174504,-0.0009055209248438999,-0.00010837256543825001,0.0004717946192051002,-0.00024627899499044995,0.0003718099091528351,0.0008812009278676668,-0.0018370086072220842,0.00027807310024165004,-0.0013432877389334503,-3.8187729721268226e-05,-0.0007275460320351116,0.3103900197564832,0.0,0.15632563810258338,0.18651971157476666,0.029073729315701992,0.06814190048259834,0.025275106243400996,0.012658887960088431,0.03598645595246501,-0.006455291898239466,-0.024910134530913064,0.0026587269083165827,-0.007093214665563168,-0.023121362039771328,-0.09057565799654667,0.02320141904712566,-0.0007254709086228341,0.0022142768567803995,0.15632563810258338,-0.18651971157476666,0.5047479124067333,0.0,0.06613877314249164,0.048711735773136686,0.03871042113062217,-0.010382291064467985,-0.014483929747408501,-0.046154794708158316,3.3017866051585135e-05,0.045827948091959995,-0.013215468411020816,0.003593272428823416,0.03668723021022049,0.07986072028600666,0.0019478825926496173,0.00018958657088352098,0.029073729315701992,-0.06814190048259834,0.06613877314249164,-0.048711735773136686,0.09168997120117668,0.0,0.016814262371248986,0.027906896854863326,0.0008628394823897418,-0.004888096380509125,0.0012866941399662835,0.015634085981039783,-0.013600098291536,0.004128054684910959,-0.0004911284826320997,0.02337358282054468,0.0009248199963174504,0.0009055209248438999,0.025275106243400996,-0.012658887960088431,0.03871042113062217,0.010382291064467985,0.016814262371248986,-0.027906896854863326,0.025239969297873508,0.0,0.02333109684511483,0.011266863809022386,-0.005104271040945835,-0.017637517478780704,0.035489537909825,0.027138747444631666,-0.004217271913422051,0.007002581051738716,-0.00010837256543825001,-0.0004717946192051002,0.03598645595246501,0.006455291898239466,-0.014483929747408501,0.046154794708158316,0.0008628394823897418,0.004888096380509125,0.02333109684511483,-0.011266863809022386,-0.04264053408389499,0.0,-0.06980880481902668,0.008397536796499286,0.0005662071655345499,0.00415619317850715,-0.017711270204713015,0.004612374938080865,-0.00024627899499044995,-0.0003718099091528351,-0.024910134530913064,-0.0026587269083165827,3.3017866051585135e-05,-0.045827948091959995,0.0012866941399662835,-0.015634085981039783,-0.005104271040945835,0.017637517478780704,-0.06980880481902668,-0.008397536796499286,0.04266894226134584,0.0,-0.008822630372818552,0.03144485482912834,0.01962273996799335,0.0020874411073009197,0.0008812009278676668,0.0018370086072220842,-0.007093214665563168,0.023121362039771328,-0.013215468411020816,-0.003593272428823416,-0.013600098291536,-0.004128054684910959,0.035489537909825,-0.027138747444631666,0.0005662071655345499,-0.00415619317850715,-0.008822630372818552,-0.03144485482912834,-0.013495495679174718,0.0,-0.002798752673164726,-0.0032340881148222853,0.00027807310024165004,0.0013432877389334503,-0.09057565799654667,-0.02320141904712566,0.03668723021022049,-0.07986072028600666,-0.0004911284826320997,-0.02337358282054468,-0.004217271913422051,-0.007002581051738716,-0.017711270204713015,-0.004612374938080865,0.01962273996799335,-0.0020874411073009197,-0.002798752673164726,0.0032340881148222853,0.079576844669375,0.0,0.9997961454049001
0.11899999999999983,0.0016183319658228672,0.0,-0.0004346909534238751,-0.000566132078840573,0.0021459333174003196,0.0009823511226165617,-0.001167012880556398,0.0015637077298992666,6.130906585267477e-05,0.0012828337412647169,-0.0002308132361999834,-0.0004308600736670482,-8.05346849062998e-05,-0.00043900591654878334,0.0006956062889601903,0.0019022334386892654,0.0007164212677290002,0.0011394252826711327,-0.0004346909534238751,0.000566132078840573,0.31674277890691666,0.0,0.15996237565221663,0.18479004744529995,0.030454408597112678,0.06807657282878833,0.025786555308978668,0.01202673939886688,0.03652361137822333,-0.006352691264633063,-0.0250389407664038,0.0028789607129033833,-0.007139357866529893,-0.023836840667553337,-0.09286455686127168,0.021944164215544102,0.0021459333174003196,-0.0009823511226165617,0.15996237565221663,-0.18479004744529995,0.4969679240928833,0.0,0.06517560185357331,0.04899878299724333,0.037894398411698,-0.009931918313124666,-0.013490829887480297,-0.04533973221075666,-0.0005457066908265332,0.04467818576504,-0.013160824639702248,0.002889132387414825,0.03294826859257634,0.08023154680550168,-0.001167012880556398,-0.0015637077298992666,0.030454408597112678,-0.06807657282878833,0.06517560185357331,-0.04899878299724333,0.09303619437206834,0.0,0.016637605299658666,0.027864108902298335,0.0009826528818122503,-0.004645852507056457,0.0011419946151013,0.015493337293886985,-0.013877047601286547,0.0038348693325446336,-0.0016519582638787331,0.023214980920676677,6.130906585267477e-05,-0.0012828337412647169,0.025786555308978668,-0.01202673939886688,0.037894398411698,0.009931918313124666,0.016637605299658666,-0.027864108902298335,0.02539127179660984,0.0,0.023675151516551494,0.011500518618815386,-0.004860929799419784,-0.018006813233361386,0.03576181126585333,0.027120140557855003,-0.004701940122636182,0.006565707055721517,-0.0002308132361999834,0.0004308600736670482,0.03652361137822333,0.006352691264633063,-0.013490829887480297,0.04533973221075666,0.0009826528818122503,0.004645852507056457,0.023675151516551494,-0.011500518618815386,-0.04324268600497667,0.0,-0.07011657971004166,0.0082090274444297,0.000783389603320652,0.00397946204645555,-0.0177715754101768,0.004080631170185401,-8.05346849062998e-05,0.00043900591654878334,-0.0250389407664038,-0.0028789607129033833,-0.0005457066908265332,-0.04467818576504,0.0011419946151013,-0.015493337293886985,-0.004860929799419784,0.018006813233361386,-0.07011657971004166,-0.0082090274444297,0.04282236123734134,0.0,-0.00870099212232362,0.03179096999351666,0.019728138423244997,0.0026739900947233,0.0006956062889601903,-0.0019022334386892654,-0.007139357866529893,0.023836840667553337,-0.013160824639702248,-0.002889132387414825,-0.013877047601286547,-0.0038348693325446336,0.03576181126585333,-0.027120140557855003,0.000783389603320652,-0.00397946204645555,-0.00870099212232362,-0.03179096999351666,-0.01369608037614898,0.0,-0.002733218787418278,-0.0033821837397917014,0.0007164212677290002,-0.0011394252826711327,-0.09286455686127168,-0.021944164215544102,0.03294826859257634,-0.08023154680550168,-0.0016519582638787331,-0.023214980920676677,-0.004701940122636182,-0.006565707055721517,-0.0177715754101768,-0.004080631170185401,0.019728138423244997,-0.0026739900947233,-0.002733218787418278,0.0033821837397917014,0.08015586579707502,0.0,0.9997959617877338
0.12000000000000009,0.0016181483565723335,0.0,0.0006913316640986165,0.00016002546146597502,-0.00219920885010465,0.0009187066574321672,-0.0003764485180753735,-0.0018981884858573635,-0.0009860339522719834,-0.0007936085042780516,0.00046932011208346687,0.00018319093075539998,0.0003643582311104501,0.0002614644795774999,-0.0018216702002499564,-0.0008151727435109516,-0.0012911306606505503,-0.0003202332081000368,0.0006913316640986165,-0.00016002546146597502,0.3230411816896999,0.0,0.16347486707691672,0.18276399006948335,0.031801758422869655,0.06798880913478497,0.026265913155925504,0.011340315867757,0.03704075510322,-0.0062305708257945494,-0.025114729135439905,0.0030200939018991337,-0.007140152915815934,-0.024586197417724165,-0.09512312472270336,0.02059196157314799,-0.00219920885010465,-0.0009187066574321672,0.16347486707691672,-0.18276399006948335,0.48925737656826673,0.0,0.06418668012490668,0.04931519809650334,0.03711754703467467,-0.009494305294706799,-0.012501273460513098,-0.044463518279313316,-0.0011032954096839996,0.043530267234126674,-0.013068752269225083,0.0021898032548031184,0.029234545774587988,0.0804021258870767,-0.0003764485180753735,0.0018981884858573635,0.031801758422869655,-0.06798880913478497,0.06418668012490668,-0.04931519809650334,0.09438497149054496,0.0,0.016470363215133663,0.027826695989424995,0.0010642156687154665,-0.004403358524327788,0.0009792647105016671,0.0153572846094058,-0.014145481111199452,0.0035386974534497655,-0.0027879564539587654,0.022939138700355816,-0.0009860339522719834,0.0007936085042780516,0.026265913155925504,-0.011340315867757,0.03711754703467467,0.009494305294706799,0.016470363215133663,-0.027826695989424995,0.025549029200201658,0.0,0.023988443973172,0.0117486703364815,-0.004607864903205709,-0.018380263059225133,0.036051577973458336,0.02709770757789167,-0.005129838562675099,0.006121503846778901,0.00046932011208346687,-0.00018319093075539998,0.03704075510322,0.0062305708257945494,-0.012501273460513098,0.044463518279313316,0.0010642156687154665,0.004403358524327788,0.023988443973172,-0.0117486703364815,-0.043843212003825,0.0,-0.07039107353188331,0.008016674985044533,0.0010167104337953496,0.003821629626614832,-0.017809082102372857,0.0035675644301188824,0.0003643582311104501,-0.0002614644795774999,-0.025114729135439905,-0.0030200939018991337,-0.0011032954096839996,-0.043530267234126674,0.0009792647105016671,-0.0153572846094058,-0.004607864903205709,0.018380263059225133,-0.07039107353188331,-0.008016674985044533,0.04296465539225583,0.0,-0.008598555237781651,0.032126458144951665,0.019840832891994672,0.00325786088665705,-0.0018216702002499564,0.0008151727435109516,-0.007140152915815934,0.024586197417724165,-0.013068752269225083,-0.0021898032548031184,-0.014145481111199452,-0.0035386974534497655,0.036051577973458336,-0.02709770757789167,0.0010167104337953496,-0.003821629626614832,-0.008598555237781651,-0.032126458144951665,-0.013891348430044094,0.0,-0.0026649943259350463,-0.0035437984634598342,-0.0012911306606505503,0.0003202332081000368,-0.09512312472270336,-0.02059196157314799,0.029234545774587988,-0.0804021258870767,-0.0027879564539587654,-0.022939138700355816,-0.005129838562675099,-0.006121503846778901,-0.017809082102372857,-0.0035675644301188824,0.019840832891994672,-0.00325786088665705,-0.0026649943259350463,0.0035437984634598342,0.08071497590634999,0.0,0.9997957781696997
0.12100000000000018,0.0016179647366939664,0.0,-0.0006533997655158166,0.00033507333709229984,0.0008652500215924834,-0.0022484049241481394,0.0016433282192663335,0.0009793295905372325,0.001218897918313055,-0.00019007138404903337,-0.00048684883461182655,0.00015016050996796674,-0.00045571417367959986,8.662889872411662e-05,0.0018203987073182866,-0.0007293667375510665,0.00115992166927213,-0.0006640497594316004,-0.0006533997655158166,-0.00033507333709229984,0.32927461128718344,0.0,0.16692276386231664,0.1804129785286667,0.03311246104140483,0.06783066439566003,0.02672037803287833,0.010601716392439516,0.03752645034405,-0.006081256658832597,-0.025175466491661896,0.0031290589463896334,-0.007084070238712549,-0.02533762231938916,-0.09733076592298665,0.0191575063366645,0.0008652500215924834,0.0022484049241481394,0.16692276386231664,-0.1804129785286667,0.4816277696899832,0.0,0.06322059759206164,0.049669611788171676,0.03641755025502183,-0.009048324505946167,-0.011533712272662866,-0.04355727960554833,-0.0016222265252851331,0.04236874581551,-0.012925740760008164,0.0014999054221041341,0.02555297674310099,0.0803631881555,0.0016433282192663335,-0.0009793295905372325,0.03311246104140483,-0.06783066439566003,0.06322059759206164,-0.049669611788171676,0.09573711107600667,0.0,0.016332212414633996,0.02780805322156,0.0011309309466379332,-0.00417567894662344,0.0008134331369845666,0.015234205714694938,-0.01438543625684205,0.0032158931126895496,-0.0039156469368171005,0.022580269974708973,0.001218897918313055,0.00019007138404903337,0.02672037803287833,-0.010601716392439516,0.03641755025502183,0.009048324505946167,0.016332212414633996,-0.02780805322156,0.025712526785297837,0.0,0.024291425454501837,0.011983124858851835,-0.004338272703986432,-0.018750008850532626,0.03633685261730167,0.02705319905153834,-0.0055475061331584,0.005665807335162569,-0.00048684883461182655,-0.00015016050996796674,0.03752645034405,0.006081256658832597,-0.011533712272662866,0.04355727960554833,0.0011309309466379332,0.00417567894662344,0.024291425454501837,-0.011983124858851835,-0.04444166866721834,0.0,-0.07068120909335501,0.0078141687124705,0.0012428996471148667,0.0036602795876244493,-0.017830050166769036,0.003073275905458033,-0.00045571417367959986,-8.662889872411662e-05,-0.025175466491661896,-0.0031290589463896334,-0.0016222265252851331,-0.04236874581551,0.0008134331369845666,-0.015234205714694938,-0.004338272703986432,0.018750008850532626,-0.07068120909335501,-0.0078141687124705,0.04309593686210516,0.0,-0.00848986281466735,0.03244503267649833,0.019932193449381002,0.0038586163387314674,0.0018203987073182866,0.0007293667375510665,-0.007084070238712549,0.02533762231938916,-0.012925740760008164,-0.0014999054221041341,-0.01438543625684205,-0.0032158931126895496,0.03633685261730167,-0.02705319905153834,0.0012428996471148667,-0.0036602795876244493,-0.00848986281466735,-0.03244503267649833,-0.014081154385687501,0.0,-0.00258101181146951,-0.0037341300933004013,0.00115992166927213,0.0006640497594316004,-0.09733076592298665,-0.0191575063366645,0.02555297674310099,-0.0803631881555,-0.0039156469368171005,-0.022580269974708973,-0.0055475061331584,-0.005665807335162569,-0.017830050166769036,-0.003073275905458033,0.019932193449381002,-0.0038586163387314674,-0.00258101181146951,0.0037341300933004013,0.08125249715760002,0.0,0.9997955945419832
0.1219999999999999,0.0016177811206601667,0.0,0.00028609621937081644,-0.0007252861737672098,0.0010254390420350497,0.0022227057748063165,-0.0018190900771228341,0.0005636600033038681,-0.0006790985577313997,0.0009926967653597,0.0002864133560748968,-0.00042841180045038817,0.00025885876089883655,-0.00041427991964398497,-0.0007263387328900587,0.0017862117554632662,-0.00040338898066993346,0.0012848197245761655,0.00028609621937081644,0.0007252861737672098,0.3354322828863332,0.0,0.17034128845251661,0.1777357785062166,0.03439717953539001,0.06756132489248504,0.027136751433337,0.009833026215190556,0.037973115618643326,-0.005881241559354486,-0.02526741382875143,0.0032492393759336667,-0.007061388661468269,-0.0260561950131045,-0.09947559005310501,0.017601017410366997,0.0010254390420350497,-0.0022227057748063165,0.17034128845251661,-0.1777357785062166,0.47409159729199996,0.0,0.06233098173645167,0.05004854834536,0.03577167998475584,-0.008586032529506415,-0.010573242719406522,-0.04261220824332,-0.0021324121453296097,0.04120362185975167,-0.012736231414767983,0.0008480941380709002,0.021935992495525504,0.08010270364868168,-0.0018190900771228341,-0.0005636600033038681,0.03439717953539001,-0.06756132489248504,0.06233098173645167,-0.05004854834536,0.0970930608902783,0.0,0.016196202583427,0.02778388065314151,0.0011987064501711834,-0.003954533263173768,0.0006731425195216836,0.015106919636670133,-0.014604459721314867,0.002898524449916683,-0.005008323844476749,0.022172113975091754,-0.0006790985577313997,-0.0009926967653597,0.027136751433337,-0.009833026215190556,0.03577167998475584,0.008586032529506415,0.016196202583427,-0.02778388065314151,0.025881208932047498,0.0,0.024604240728674003,0.012227995911862482,-0.004056060470222016,-0.019110642800119735,0.036615720320443336,0.027007978357954997,-0.005957280373414368,0.005159073622424766,0.0002864133560748968,0.00042841180045038817,0.037973115618643326,0.005881241559354486,-0.010573242719406522,0.04261220824332,0.0011987064501711834,0.003954533263173768,0.024604240728674003,-0.012227995911862482,-0.0450376332245,0.0,-0.07099626995088333,0.007612710031085034,0.0014606220853164435,0.003474794962922073,-0.01782591122645005,0.002582209699454649,0.00025885876089883655,0.00041427991964398497,-0.02526741382875143,-0.0032492393759336667,-0.0021324121453296097,-0.04120362185975167,0.0006731425195216836,-0.015106919636670133,-0.004056060470222016,0.019110642800119735,-0.07099626995088333,-0.007612710031085034,0.04321616578492268,0.0,-0.008347975771445219,0.03275498688845333,0.01996045624305817,0.004479249944573163,-0.0007263387328900587,-0.0017862117554632662,-0.007061388661468269,0.0260561950131045,-0.012736231414767983,-0.0008480941380709002,-0.014604459721314867,-0.002898524449916683,0.036615720320443336,-0.027007978357954997,0.0014606220853164435,-0.003474794962922073,-0.008347975771445219,-0.03275498688845333,-0.014265414887878329,0.0,-0.0024611237260847834,-0.003929984742421824,-0.00040338898066993346,-0.0012848197245761655,-0.09947559005310501,-0.017601017410366997,0.021935992495525504,-0.08010270364868168,-0.005008323844476749,-0.022172113975091754,-0.005957280373414368,-0.005159073622424766,-0.01782591122645005,-0.002582209699454649,0.01996045624305817,-0.004479249944573163,-0.0024611237260847834,0.003929984742421824,0.08176636212385,0.0,0.9997954109178001
0.12300000000000016,0.0016175975174908333,0.0,0.00027774062831445017,0.0007725228405334669,-0.0023564685227851997,-0.0007968368019797665,0.0007908600788290497,-0.00173497798522915,-0.0002537922340189832,-0.0011596556423305153,8.769930099744976e-05,0.0005269217265599283,0.0001144220492145667,0.0004993521614021666,-0.0007694794672538666,-0.0017282103217254833,-0.0005589952749701164,-0.0012207383542736502,0.00027774062831445017,-0.0007725228405334669,0.34150474436545003,0.0,0.17367602822093334,0.17475748806673339,0.03567731541823001,0.06721072637812667,0.027487727005043056,0.009040282841972657,0.038382377311433326,-0.005630483236369669,-0.025372295895759955,0.0033589473271472,-0.007113605346169916,-0.026749147755162336,-0.10155530098061999,0.015918752343634025,-0.0023564685227851997,0.0007968368019797665,0.17367602822093334,-0.17475748806673339,0.4666606598847665,0.0,0.061495956109563335,0.05043159776784,0.03513969818717018,-0.0081370570873671,-0.009596896545492836,-0.04158405983636501,-0.0026655709139866497,0.04005067799869166,-0.012514549815090138,0.00024117564917183483,0.018409531410721953,0.07963415148867166,0.0007908600788290497,0.00173497798522915,0.03567731541823001,-0.06721072637812667,0.061495956109563335,-0.05043159776784,0.098452210369235,0.0,0.016034290264421294,0.02772590602187267,0.00125875982630423,-0.0037233754804149666,0.0005684168744804002,0.014950123741169212,-0.01482826920027917,0.0026202740780042924,-0.0060185940384540676,0.021695594914559534,-0.0002537922340189832,0.0011596556423305153,0.027487727005043056,-0.009040282841972657,0.03513969818717018,0.0081370570873671,0.016034290264421294,-0.02772590602187267,0.026056701296651157,0.0,0.024908940379821828,0.012518197757405945,-0.003771035315587689,-0.01947059635620517,0.03689862771173834,0.02698354875142834,-0.006300847499951102,0.004592820498976151,8.769930099744976e-05,-0.0005269217265599283,0.038382377311433326,0.005630483236369669,-0.009596896545492836,0.04158405983636501,0.00125875982630423,0.0037233754804149666,0.024908940379821828,-0.012518197757405945,-0.045631946436826665,0.0,-0.071293015624975,0.007418760822047766,0.0016861184635371584,0.0032726424843020994,-0.01778487926385896,0.0020903322702293748,0.0001144220492145667,-0.0004993521614021666,-0.025372295895759955,-0.0033589473271472,-0.0026655709139866497,-0.04005067799869166,0.0005684168744804002,-0.014950123741169212,-0.003771035315587689,0.01947059635620517,-0.071293015624975,-0.007418760822047766,0.043325644104410664,0.0,-0.008186815302914536,0.03306560091046001,0.01994347732405333,0.005098953744212734,-0.0007694794672538666,0.0017282103217254833,-0.007113605346169916,0.026749147755162336,-0.012514549815090138,-0.00024117564917183483,-0.01482826920027917,-0.0026202740780042924,0.03689862771173834,-0.02698354875142834,0.0016861184635371584,-0.0032726424843020994,-0.008186815302914536,-0.03306560091046001,-0.01444438990274967,0.0,-0.002303280158930966,-0.004106620254444749,-0.0005589952749701164,0.0012207383542736502,-0.10155530098061999,-0.015918752343634025,0.018409531410721953,-0.07963415148867166,-0.0060185940384540676,-0.021695594914559534,-0.006300847499951102,-0.004592820498976151,-0.01778487926385896,-0.0020903322702293748,0.01994347732405333,-0.005098953744212734,-0.002303280158930966,0.004106620254444749,0.08225400610802831,0.0,0.9997952273066832
0.12399999999999989,0.0016174139224722002,0.0,-0.0007416679223423207,-0.0004115223989421133,0.0022006588297923332,-0.0011999531853536167,0.0007720846608904215,0.0017296806943478166,0.0010171314877210668,0.0005914367509035582,-0.00046039499828704996,-0.0003184510654695784,-0.00044554677435311007,-0.00030198504164091674,0.0017396289491377333,0.0006252951544031815,0.001227852418332123,0.0005213379194252802,-0.0007416679223423207,0.0004115223989421133,0.3474823860636666,0.0,0.17686613321933337,0.1714964599030334,0.03695869303777167,0.06683067593272,0.027769713724019995,0.008202392982553897,0.038762423156848344,-0.0053519489387167,-0.025430883219257256,0.0034200944001786665,-0.007163846903118539,-0.027443003605856844,-0.103568242922325,0.014174143637679614,0.0022006588297923332,0.0011999531853536167,0.17686613321933337,-0.1714964599030334,0.4593462418567,0.0,0.06066734540249665,0.05082077914143668,0.03453185512806367,-0.007726929184463232,-0.008621622763704002,-0.04047307182086335,-0.0032013001862540003,0.03891321733123834,-0.012264187346173218,-0.00034985211234721665,0.014971770374051679,0.07898869353088998,0.0007720846608904215,-0.0017296806943478166,0.03695869303777167,-0.06683067593272,0.06066734540249665,-0.05082077914143668,0.09981363262364168,0.0,0.01586056273496272,0.02764693921178534,0.0012994420137492962,-0.0034801925493169457,0.0004886100565848566,0.014767476318950482,-0.015057248909454334,0.0023582152712463183,-0.006924856438014699,0.0211156470227541,0.0010171314877210668,-0.0005914367509035582,0.027769713724019995,-0.008202392982553897,0.03453185512806367,0.007726929184463232,0.01586056273496272,-0.02764693921178534,0.02624104514580583,0.0,0.025177938911042832,0.012833501869267436,-0.0034822815120160843,-0.019833694603062006,0.03718559697348001,0.026963186693701666,-0.006551176258534994,0.004006628767662332,-0.00046039499828704996,0.0003184510654695784,0.038762423156848344,0.0053519489387167,-0.008621622763704002,0.04047307182086335,0.0012994420137492962,0.0034801925493169457,0.025177938911042832,-0.012833501869267436,-0.04622557790119335,0.0,-0.07155308548549834,0.007222427766147925,0.001920808242181117,0.0030755906876646644,-0.017707394107471523,0.001612975664579039,-0.00044554677435311007,0.00030198504164091674,-0.025430883219257256,-0.0034200944001786665,-0.0032013001862540003,-0.03891321733123834,0.0004886100565848566,-0.014767476318950482,-0.0034822815120160843,0.019833694603062006,-0.07155308548549834,-0.007222427766147925,0.043424769146909986,0.0,-0.008041404592567107,0.033376816642486686,0.019934387763384003,0.0056981792789141976,0.0017396289491377333,-0.0006252951544031815,-0.007163846903118539,0.027443003605856844,-0.012264187346173218,0.00034985211234721665,-0.015057248909454334,-0.0023582152712463183,0.03718559697348001,-0.026963186693701666,0.001920808242181117,-0.0030755906876646644,-0.008041404592567107,-0.033376816642486686,-0.014618287654721,0.0,-0.0021206643540466006,-0.004275997936346283,0.001227852418332123,-0.0005213379194252802,-0.103568242922325,-0.014174143637679614,0.014971770374051679,-0.07898869353088998,-0.006924856438014699,-0.0211156470227541,-0.006551176258534994,-0.004006628767662332,-0.017707394107471523,-0.001612975664579039,0.019934387763384003,-0.0056981792789141976,-0.0021206643540466006,0.004275997936346283,0.08271342049987164,0.0,0.9997950437031
0.125,0.001617230319884601,0.0,0.0008464128389600002,-0.00020093143013226664,-0.0006256007800145499,0.0024258531552774,-0.0017712358800007668,-0.0005592912128852666,-0.001096384193629568,0.0003527034654716333,0.0005628904580447833,-9.981152499773334e-05,0.0005681863132393332,-9.985277958423333e-05,-0.0016178867206260857,0.0008067458126928618,-0.0012561185328044998,0.00046620318467301673,0.0008464128389600002,0.00020093143013226664,0.3533552739110834,0.0,0.1799483675906333,0.1679656553565333,0.03822447182524167,0.06642188711974165,0.02801122250812983,0.007305720672127665,0.039109282413600004,-0.005062706953200985,-0.025438207446256345,0.0034582573030870352,-0.007145194321501364,-0.028140596204593173,-0.10550426077737328,0.012416796429608768,-0.0006256007800145499,-0.0024258531552774,0.1799483675906333,-0.1679656553565333,0.4521586621426332,0.0,0.059867174256606676,0.051232262126161686,0.03399139779717634,-0.0073395509759232825,-0.007689656806516061,-0.03934366022093834,-0.0037001595832764833,0.037790220695364994,-0.011971017451464425,-0.0009436908869094332,0.011624238907335297,0.07818148587302996,-0.0017712358800007668,0.0005592912128852666,0.03822447182524167,-0.06642188711974165,0.059867174256606676,-0.051232262126161686,0.10117745936607662,0.0,0.01570607896138015,0.027581762406269656,0.0013269940597878495,-0.0032344888132138498,0.0004262600421029551,0.014589231877824321,-0.015267602684047666,0.0020668127744526,-0.00775205637044101,0.02045293137275367,-0.001096384193629568,-0.0003527034654716333,0.02801122250812983,-0.007305720672127665,0.03399139779717634,0.0073395509759232825,0.01570607896138015,-0.027581762406269656,0.026434071050366492,0.0,0.025423811870449328,0.013128859133500795,-0.0031796660847588478,-0.020188581938310007,0.03746972131360001,0.02691843116444167,-0.006753147926983182,0.0034237260798908177,0.0005628904580447833,9.981152499773334e-05,0.039109282413600004,0.005062706953200985,-0.007689656806516061,0.03934366022093834,0.0013269940597878495,0.0032344888132138498,0.025423811870449328,-0.013128859133500795,-0.046818278862598324,0.0,-0.07181817778647999,0.007018900149892566,0.002139742404516717,0.0028870347756629728,-0.01760304681566905,0.0011583066485344865,0.0005681863132393332,9.985277958423333e-05,-0.025438207446256345,-0.0034582573030870352,-0.0037001595832764833,-0.037790220695364994,0.0004262600421029551,-0.014589231877824321,-0.0031796660847588478,0.020188581938310007,-0.07181817778647999,-0.007018900149892566,0.04351356474154334,0.0,-0.007919929304572691,0.03368209937130666,0.019939419584306,0.006273970302710448,-0.0016178867206260857,-0.0008067458126928618,-0.007145194321501364,0.028140596204593173,-0.011971017451464425,0.0009436908869094332,-0.015267602684047666,-0.0020668127744526,0.03746972131360001,-0.02691843116444167,0.002139742404516717,-0.0028870347756629728,-0.007919929304572691,-0.03368209937130666,-0.014786898591154335,0.0,-0.0019211467253479168,-0.004463704238117668,-0.0012561185328044998,-0.00046620318467301673,-0.10550426077737328,-0.012416796429608768,0.011624238907335297,-0.07818148587302996,-0.00775205637044101,-0.02045293137275367,-0.006753147926983182,-0.0034237260798908177,-0.01760304681566905,-0.0011583066485344865,0.019939419584306,-0.006273970302710448,-0.0019211467253479168,0.004463704238117668,0.08314377601444334,0.0,0.9997948600925333
0.1260000000000001,0.0016170467154749165,0.0,-0.0004817553395111669,0.0007520823952470771,-0.0013167954746250835,-0.002129726571852567,0.001570307940155673,-0.0009236949409052151,0.0004530053106113002,-0.0010158148529990998,-0.0003413490171583999,0.00045173395031431694,-0.0003489279648847884,0.0005140217823949844,0.0005300254936844497,-0.0016955934236638388,0.0005936766670811386,-0.0012189335803965682,-0.0004817553395111669,-0.0007520823952470771,0.35911358191536663,0.0,0.18295595304670004,0.16415891354641665,0.03945308783494001,0.06593705351459836,0.02822944709890667,0.0063747350798960675,0.039395823004660005,-0.004751953620119251,-0.02544179542341375,0.0035332507814968277,-0.00711204926913613,-0.028816893112138565,-0.10732806182551832,0.01061343782458368,-0.0013167954746250835,0.002129726571852567,0.18295595304670004,-0.16415891354641665,0.4451083839387666,0.0,0.05914223851796168,0.05164942964018001,0.03350743359938016,-0.006946933008592001,-0.006813889429851832,-0.038239455793443344,-0.004169133597818616,0.036678016543523186,-0.011629611893102033,-0.0015223836593932,0.008393345805040982,0.07720089774819,0.001570307940155673,0.0009236949409052151,0.03945308783494001,-0.06593705351459836,0.05914223851796168,-0.05164942964018001,0.10254424919775171,0.0,0.015571756077395017,0.027522546415066167,0.0013494113565727718,-0.002990425408558405,0.0003874825472278498,0.014433450431568648,-0.015453733734465163,0.0017475320581649908,-0.008526393389508634,0.019769238037054444,0.0004530053106113002,0.0010158148529990998,0.02822944709890667,-0.0063747350798960675,0.03350743359938016,0.006946933008592001,0.015571756077395017,-0.027522546415066167,0.02663434365495033,0.0,0.02567839100519532,0.013404918459891564,-0.0028671370108833494,-0.020515075485776506,0.03774940902142833,0.02685078821490667,-0.006941785802043778,0.002820164697328899,-0.0003413490171583999,-0.00045173395031431694,0.039395823004660005,0.004751953620119251,-0.006813889429851832,0.038239455793443344,0.0013494113565727718,0.002990425408558405,0.02567839100519532,-0.013404918459891564,-0.047409325709125,0.0,-0.07210847000134167,0.006819502006702917,0.002328602220330217,0.0026910009292967162,-0.01747255241464443,0.0007125452842646664,-0.0003489279648847884,-0.0005140217823949844,-0.02544179542341375,-0.0035332507814968277,-0.004169133597818616,-0.036678016543523186,0.0003874825472278498,-0.014433450431568648,-0.0028671370108833494,0.020515075485776506,-0.07210847000134167,-0.006819502006702917,0.04359183187535667,0.0,-0.007803202605716566,0.03396997300871833,0.01991234030181649,0.006825675287515136,0.0005300254936844497,0.0016955934236638388,-0.00711204926913613,0.028816893112138565,-0.011629611893102033,0.0015223836593932,-0.015453733734465163,-0.0017475320581649908,0.03774940902142833,-0.02685078821490667,0.002328602220330217,-0.0026910009292967162,-0.007803202605716566,-0.03396997300871833,-0.014949851422823037,0.0,-0.0017047291796192493,-0.004660628202495734,0.0005936766670811386,0.0012189335803965682,-0.10732806182551832,-0.01061343782458368,0.008393345805040982,-0.07720089774819,-0.008526393389508634,-0.019769238037054444,-0.006941785802043778,-0.002820164697328899,-0.01747255241464443,-0.0007125452842646664,0.01991234030181649,-0.006825675287515136,-0.0017047291796192493,0.004660628202495734,0.08354441631409168,0.0,0.9997946764797665
0.12699999999999984,0.0016168631263290163,0.0,-0.0001845840385153,-0.00089324084833085,0.00245723034839411,0.0005223641556927501,-0.00036882333343655853,0.0017725254136591354,0.0004459647103328167,0.0009768448060608198,-6.25610438023001e-05,-0.0005620562350517501,-0.00012613152368266839,-0.0006394573737666336,0.0008306315020622668,0.0015350966818190568,0.0004012041446401335,0.0012985476053267166,-0.0001845840385153,0.00089324084833085,0.3647491434360666,0.0,0.18587830997856672,0.16011034127781668,0.040652391861431665,0.06536775250958,0.028418467174035667,0.005441411536227168,0.039613575000976654,-0.004404104519874152,-0.025457829592094326,0.0036438622165810997,-0.007153427198645402,-0.0294759269093865,-0.10904186376938668,0.008713104750520865,0.00245723034839411,-0.0005223641556927501,0.18587830997856672,-0.16011034127781668,0.43820546984015,0.0,0.05848072468638498,0.05204612866989,0.033030117096151515,-0.006551824429235165,-0.005982139521596932,-0.03714304663224001,-0.004650823453095273,0.03559004191864435,-0.011264991183645394,-0.002072922020975567,0.005302925790413837,0.07606220079360167,-0.00036882333343655853,-0.0017725254136591354,0.040652391861431665,-0.06536775250958,0.05848072468638498,-0.05204612866989,0.10391356253996167,0.0,0.015437100858904932,0.027434691680205993,0.001353467661848535,-0.0027482622429403332,0.0003752262956705333,0.014290058323934866,-0.01563984693647245,0.001439443944887683,-0.009230829961421832,0.019103940030192536,0.0004459647103328167,-0.0009768448060608198,0.028418467174035667,-0.005441411536227168,0.033030117096151515,0.006551824429235165,0.015437100858904932,-0.027434691680205993,0.026842225235013704,0.0,0.025947232158530998,0.013701031101522682,-0.0025551307410248,-0.020815715863891658,0.03804197940764999,0.02679685467924,-0.007084859194897251,0.0021816814143830617,-6.25610438023001e-05,0.0005620562350517501,0.039613575000976654,0.004404104519874152,-0.005982139521596932,0.03714304663224001,0.001353467661848535,0.0027482622429403332,0.025947232158530998,-0.013701031101522682,-0.04799904657670335,0.0,-0.07239588864676501,0.006633550788377051,0.0025050982371246384,0.0024809924806627167,-0.017314027862797822,0.0002629398089581165,-0.00012613152368266839,0.0006394573737666336,-0.025457829592094326,-0.0036438622165810997,-0.004650823453095273,-0.03559004191864435,0.0003752262956705333,-0.014290058323934866,-0.0025551307410248,0.020815715863891658,-0.07239588864676501,-0.006633550788377051,0.04365962930855001,0.0,-0.007692623344929369,0.03424429057987668,0.01984115670357783,0.007353571510085402,0.0008306315020622668,-0.0015350966818190568,-0.007153427198645402,0.0294759269093865,-0.011264991183645394,0.002072922020975567,-0.01563984693647245,-0.001439443944887683,0.03804197940764999,-0.02679685467924,0.0025050982371246384,-0.0024809924806627167,-0.007692623344929369,-0.03424429057987668,-0.015107221227938034,0.0,-0.0014737792015482,-0.004834469383553367,0.0004012041446401335,-0.0012985476053267166,-0.10904186376938668,-0.008713104750520865,0.005302925790413837,-0.07606220079360167,-0.009230829961421832,-0.019103940030192536,-0.007084859194897251,-0.0021816814143830617,-0.017314027862797822,-0.0002629398089581165,0.01984115670357783,-0.007353571510085402,-0.0014737792015482,0.004834469383553367,0.08391386720088166,0.0,0.9997944928825332
0.12800000000000009,0.0016166795550084333,0.0,0.0007528409672088002,0.0005271804792869666,-0.0020626832749446235,0.00143989397436135,-0.0010672278063083086,-0.001459843210230092,-0.0010049578297361785,-0.00028546843121473356,0.0004536543171722002,0.00036250167049178345,0.0005398302272341151,0.00037998068249144956,-0.0016351062909822883,-0.0004774371785409671,-0.0011638653289679937,-0.0006709474624619831,0.0007528409672088002,-0.0005271804792869666,0.3702548327555832,0.0,0.1886398812264667,0.15583412543198336,0.04182296097334832,0.06474533491923166,0.028565519808662836,0.004501434771494085,0.039773744248250004,-0.004030228309395334,-0.025431477568495998,0.0037228370614957335,-0.007249495355967086,-0.030146511836411,-0.11065729180183671,0.006728074402554635,-0.0020626832749446235,-0.00143989397436135,0.1886398812264667,-0.15583412543198336,0.4314590756338167,0.0,0.057808389854803334,0.052425509570213344,0.032543898294104506,-0.006170014011431,-0.005190803680080489,-0.036027122691221665,-0.0051474324476968505,0.03453204156900367,-0.010897738619938712,-0.002617952881785901,0.0023306129757251163,0.07478281514363,-0.0010672278063083086,0.001459843210230092,0.04182296097334832,-0.06474533491923166,0.057808389854803334,-0.052425509570213344,0.10528411891142503,0.0,0.01529584895747048,0.027309985760493156,0.00132237973869257,-0.0025129099094947445,0.00037252298995973167,0.014145493544915016,-0.015828657560475346,0.0011520887622838666,-0.009829162676961184,0.01843745795324649,-0.0010049578297361785,0.00028546843121473356,0.028565519808662836,-0.004501434771494085,0.032543898294104506,0.006170014011431,0.01529584895747048,-0.027309985760493156,0.02705987155613819,0.0,0.026202339585371333,0.014019610857364233,-0.00224050695220895,-0.02110554293716666,0.03835227630868833,0.02676728392734666,-0.007140735680874903,0.0015418262742412296,0.0004536543171722002,-0.00036250167049178345,0.039773744248250004,0.004030228309395334,-0.005190803680080489,0.036027122691221665,0.00132237973869257,0.0025129099094947445,0.026202339585371333,-0.014019610857364233,-0.04858834086381167,0.0,-0.0726304955670983,0.0064501696980840345,0.0026910883983217756,0.002271878741570316,-0.017130009628018396,-0.00018193451315194853,0.0005398302272341151,-0.00037998068249144956,-0.025431477568495998,-0.0037228370614957335,-0.0051474324476968505,-0.03453204156900367,0.00037252298995973167,-0.014145493544915016,-0.00224050695220895,0.02110554293716666,-0.0726304955670983,-0.0064501696980840345,0.043717288844929994,0.0,-0.0076140296078114995,0.03451258023466499,0.019766332881559826,0.0078641881085596,-0.0016351062909822883,0.0004774371785409671,-0.007249495355967086,0.030146511836411,-0.010897738619938712,0.002617952881785901,-0.015828657560475346,-0.0011520887622838666,0.03835227630868833,-0.02676728392734666,0.0026910883983217756,-0.002271878741570316,-0.0076140296078114995,-0.03451258023466499,-0.015259469455321955,0.0,-0.0012390295775770166,-0.004971191762171489,-0.0011638653289679937,0.0006709474624619831,-0.11065729180183671,-0.006728074402554635,0.0023306129757251163,-0.07478281514363,-0.009829162676961184,-0.01843745795324649,-0.007140735680874903,-0.0015418262742412296,-0.017130009628018396,0.00018193451315194853,0.019766332881559826,-0.0078641881085596,-0.0012390295775770166,0.004971191762171489,0.08425025236513332,0.0,0.9997943093033664
0.1289999999999998,0.0016164959871753498,0.0,-0.0009125562926190667,0.00012201710567489961,0.00035798092392303664,-0.0024792689374563653,0.0017808960313726767,0.0001812305068167342,0.0008383410463506667,-0.0005758719692025668,-0.0005917586053215833,5.746104424408331e-05,-0.0006538919163165001,0.00010001525449226328,0.0014547585382324495,-0.0007938375656139818,0.0012919642976062067,-0.00030645044414371675,-0.0009125562926190667,-0.00012201710567489961,0.3756230055089999,0.0,0.19125959577930005,0.15133982238549998,0.04294529191952166,0.06410507158990833,0.028687707257454332,0.003530954306369716,0.039903015546718344,-0.003656274594376451,-0.025331423623635344,0.003748404753912533,-0.007305685057819515,-0.030835201113846664,-0.11219664560216334,0.004711811936361216,0.00035798092392303664,0.0024792689374563653,0.19125959577930005,-0.15133982238549998,0.4248776723954167,0.0,0.057118054760318344,0.05282419727354667,0.032102050689452,-0.005798822873420349,-0.004448396188869697,-0.03492106765197834,-0.005608594269422831,0.033492310893951,-0.010511018127271182,-0.00318658072065915,-0.0005556526778284382,0.07337270634282499,0.0017808960313726767,-0.0001812305068167342,0.04294529191952166,-0.06410507158990833,0.057118054760318344,-0.05282419727354667,0.10665541052553001,0.0,0.015170926252185515,0.027186900601947672,0.0012668156828113835,-0.002292146880146766,0.0003554809208345667,0.014005440434977551,-0.015988120963068866,0.0008552959812782288,-0.01033221209665105,0.01773600071030583,0.0008383410463506667,0.0005758719692025668,0.028687707257454332,-0.003530954306369716,0.032102050689452,0.005798822873420349,0.015170926252185515,-0.027186900601947672,0.027288236504510493,0.0,0.026436220421119993,0.014322547198363416,-0.0019075645661989831,-0.021392881626395667,0.038678156606573325,0.026738539023974994,-0.0071299984095841325,0.0009351732085219716,-0.0005917586053215833,-5.746104424408331e-05,0.039903015546718344,0.003656274594376451,-0.004448396188869697,0.03492106765197834,0.0012668156828113835,0.002292146880146766,0.026436220421119993,-0.014322547198363416,-0.04917713640784501,0.0,-0.07283218672447997,0.006258539392668667,0.0028810850671014557,0.0020744770254323332,-0.016938380096886183,-0.0006065137414219369,-0.0006538919163165001,-0.00010001525449226328,-0.025331423623635344,-0.003748404753912533,-0.005608594269422831,-0.033492310893951,0.0003554809208345667,-0.014005440434977551,-0.0019075645661989831,0.021392881626395667,-0.07283218672447997,-0.006258539392668667,0.04376495747650834,0.0,-0.0075744141645514,0.03478289562527334,0.019711412576869505,0.008368047956914731,0.0014547585382324495,0.0007938375656139818,-0.007305685057819515,0.030835201113846664,-0.010511018127271182,0.00318658072065915,-0.015988120963068866,-0.0008552959812782288,0.038678156606573325,-0.026738539023974994,0.0028810850671014557,-0.0020744770254323332,-0.0075744141645514,-0.03478289562527334,-0.01540678778850403,0.0,-0.0010070585822155166,-0.0050880816867417515,0.0012919642976062067,0.00030645044414371675,-0.11219664560216334,-0.004711811936361216,-0.0005556526778284382,-0.07337270634282499,-0.01033221209665105,-0.01773600071030583,-0.0071299984095841325,-0.0009351732085219716,-0.016938380096886183,0.0006065137414219369,0.019711412576869505,-0.008368047956914731,-0.0010070585822155166,0.0050880816867417515,0.08455227152509665,0.0,0.9997941257267
0.12999999999999992,0.0016163124104727165,0.0,0.0005911755130862683,-0.0007176666407006468,0.0015265858283950334,0.001974624320667783,-0.0013087347548286338,0.0011857592682382998,-9.382173415281619e-05,0.0009794464990693834,0.0004039240671907167,-0.0004312920106882835,0.0003855438032551083,-0.0005455285662435501,-0.0004664747343645228,0.0015540887703871888,-0.0007236138104025333,0.0011073860665097447,0.0005911755130862683,0.0007176666407006468,0.38084514437869993,0.0,0.19379430400460004,0.14658686562190004,0.044004161759744996,0.06342356457171666,0.02880345168777917,0.002529600893810506,0.04000726722511832,-0.0032845457894966163,-0.02520661875174607,0.0037789336418781664,-0.007308054058047983,-0.031502109868616665,-0.11363725139562005,0.0026743375899148667,0.0015265858283950334,-0.001974624320667783,0.19379430400460004,-0.14658686562190004,0.4184700824701333,0.0,0.056473998693763336,0.05324092848984499,0.031738418152039,-0.005423864234142217,-0.00374077872401622,-0.03385279664516833,-0.006009417200826134,0.03244507581448917,-0.010076345095705602,-0.003762750823897169,-0.0033422050109213675,0.07181316404751331,-0.0013087347548286338,-0.0011857592682382998,0.044004161759744996,-0.06342356457171666,0.056473998693763336,-0.05324092848984499,0.10802811808559504,0.0,0.015082953957212783,0.02708444965842884,0.0012141421760711079,-0.0020867430824465347,0.00031898104585464997,0.013880791728715067,-0.016094824863675652,0.0005330586190257934,-0.01078898405362144,0.01699943588760316,-9.382173415281619e-05,-0.0009794464990693834,0.02880345168777917,-0.002529600893810506,0.031738418152039,0.005423864234142217,0.015082953957212783,-0.02708444965842884,0.027526081719168007,0.0,0.02666700117681033,0.014594610828525386,-0.0015527242689754583,-0.02166561757564117,0.03901275274803,0.026687967462146668,-0.007095106540008403,0.0003437063666622282,0.0004039240671907167,0.0004312920106882835,0.04000726722511832,0.0032845457894966163,-0.00374077872401622,0.03385279664516833,0.0012141421760711079,0.0020867430824465347,0.02666700117681033,-0.014594610828525386,-0.049764556022408334,0.0,-0.07304521553268499,0.006063480387765601,0.003052034416110618,0.0018707803573406003,-0.01675039063441108,-0.0010085392958371834,0.0003855438032551083,0.0005455285662435501,-0.02520661875174607,-0.0037789336418781664,-0.006009417200826134,-0.03244507581448917,0.00031898104585464997,-0.013880791728715067,-0.0015527242689754583,0.02166561757564117,-0.07304521553268499,-0.006063480387765601,0.04380244523787833,0.0,-0.007542208398355033,0.03504921935142334,0.019636889996351502,0.008865212871250616,-0.0004664747343645228,-0.0015540887703871888,-0.007308054058047983,0.031502109868616665,-0.010076345095705602,0.003762750823897169,-0.016094824863675652,-0.0005330586190257934,0.03901275274803,-0.026687967462146668,0.003052034416110618,-0.0018707803573406003,-0.007542208398355033,-0.03504921935142334,-0.015548893054133879,0.0,-0.0007697377554625828,-0.00519693099954637,-0.0007236138104025333,-0.0011073860665097447,-0.11363725139562005,-0.0026743375899148667,-0.0033422050109213675,-0.07181316404751331,-0.01078898405362144,-0.01699943588760316,-0.007095106540008403,-0.0003437063666622282,-0.01675039063441108,0.0010085392958371834,0.019636889996351502,-0.008865212871250616,-0.0007697377554625828,0.00519693099954637,0.08481920691667667,0.0,0.999793942142467
0.13100000000000017,0.0016161288368608169,0.0,5.867788486259992e-05,0.0009441025144969997,-0.002486006311449901,-0.00030468706744283343,-1.0335893484926499e-05,-0.0017666698706733,-0.0006579709608859333,-0.0006890343931213217,-2.9645835980256724e-05,0.0005851161058840832,0.00013853505599760395,0.0006601550964554332,-0.0007484805579405004,-0.0014155106674861668,-0.00021651116215571652,-0.0012912292201729006,5.867788486259992e-05,-0.0009441025144969997,0.38591211022478333,0.0,0.19627389767783335,0.1415620394048667,0.045022881548174985,0.06266273275982166,0.028903243368780165,0.0015288960861891728,0.04007621502750167,-0.002887395679146849,-0.025122633886910335,0.0038581356985776167,-0.007346824296287698,-0.032118267170598826,-0.11495890971152668,0.0005804191449495167,-0.002486006311449901,0.00030468706744283343,0.19627389767783335,-0.1415620394048667,0.4122468338191833,0.0,0.055911949855480016,0.053643839343594985,0.031425015277419,-0.005047564641938498,-0.003045769546579816,-0.03279009266725834,-0.0063935514910721265,0.03138930862490449,-0.009598015744501405,-0.004307826839459816,-0.005987008948797685,0.07010386221493665,-1.0335893484926499e-05,0.0017666698706733,0.045022881548174985,-0.06266273275982166,0.055911949855480016,-0.053643839343594985,0.10940242132520167,0.0,0.015027309732764504,0.026973895128080336,0.0011725008679600501,-0.0018874527763155992,0.00027989218034119517,0.013770128544400628,-0.016176422875745687,0.00021021797811520508,-0.011216923123377031,0.016266208564364764,-0.0006579709608859333,0.0006890343931213217,0.028903243368780165,-0.0015288960861891728,0.031425015277419,0.005047564641938498,0.015027309732764504,-0.026973895128080336,0.027772560466457003,0.0,0.02690312901200849,0.014869649602402989,-0.0011941798664752664,-0.02191585446286799,0.039357301765226664,0.026633392792310005,-0.007029371424962197,-0.0002658519946888165,-2.9645835980256724e-05,-0.0005851161058840832,0.04007621502750167,0.002887395679146849,-0.003045769546579816,0.03279009266725834,0.0011725008679600501,0.0018874527763155992,0.02690312901200849,-0.014869649602402989,-0.05035030819461836,0.0,-0.07328073521252665,0.005874030328492318,0.003198289281082684,0.0016372739825337163,-0.016558061785224606,-0.0013908688176894148,0.00013853505599760395,-0.0006601550964554332,-0.025122633886910335,-0.0038581356985776167,-0.0063935514910721265,-0.03138930862490449,0.00027989218034119517,-0.013770128544400628,-0.0011941798664752664,0.02191585446286799,-0.07328073521252665,-0.005874030328492318,0.04382944332330831,0.0,-0.007489524781131002,0.03531089087313834,0.019506461264330664,0.009349265007535187,-0.0007484805579405004,0.0014155106674861668,-0.007346824296287698,0.032118267170598826,-0.009598015744501405,0.004307826839459816,-0.016176422875745687,-0.00021021797811520508,0.039357301765226664,-0.026633392792310005,0.003198289281082684,-0.0016372739825337163,-0.007489524781131002,-0.03531089087313834,-0.01568550289680155,0.0,-0.0005192188899444003,-0.005282128448571167,-0.00021651116215571652,0.0012912292201729006,-0.11495890971152668,-0.0005804191449495167,-0.005987008948797685,-0.07010386221493665,-0.011216923123377031,-0.016266208564364764,-0.007029371424962197,0.0002658519946888165,-0.016558061785224606,0.0013908688176894148,0.019506461264330664,-0.009349265007535187,-0.0005192188899444003,0.005282128448571167,0.08505007165588667,0.0,0.9997937585602998
0.13199999999999987,0.0016159452724174327,0.0,-0.0006836144568730501,-0.0006715309693132835,0.001961634701032842,-0.001576075308099867,0.0013472893521700663,0.0011764575651695692,0.0009339171264872668,-3.933142168358326e-05,-0.00038045585463493165,-0.0004608532078131668,-0.0005646673358166049,-0.0003619822366978498,0.001508591541278928,0.0004769776318099116,0.0009911881374809032,0.0007920448945086756,-0.0006836144568730501,0.0006715309693132835,0.39081574224748333,0.0,0.19866356752875006,0.1362943414052,0.04603408824456334,0.06183054292932667,0.02895770036840766,0.00054493120997995,0.040099779827541655,-0.002458554815216118,-0.02505857070364267,0.003948822276618784,-0.007463802274346685,-0.03270420032753283,-0.116172163273875,-0.0015683581028633326,0.001961634701032842,0.001576075308099867,0.19866356752875006,-0.1362943414052,0.40621802233008325,0.0,0.05538601127399,0.054024033967525004,0.031131305842506667,-0.004693617094515716,-0.0023676137791735974,-0.03168009059732666,-0.006800394342560093,0.03034131426252133,-0.009096228125420349,-0.004823242264148107,-0.008483292253064748,0.06826312962008,0.0013472893521700663,-0.0011764575651695692,0.04603408824456334,-0.06183054292932667,0.05538601127399,-0.054024033967525004,0.11077735022000333,0.0,0.014989065608847068,0.026827345353121493,0.0011251243341961002,-0.0016860081678745239,0.0002544312486755582,0.013660228858613815,-0.016268641711345344,-9.213147119804521e-05,-0.0115833414576498,0.015561031761392868,0.0009339171264872668,3.933142168358326e-05,0.02895770036840766,-0.00054493120997995,0.031131305842506667,0.004693617094515716,0.014989065608847068,-0.026827345353121493,0.028029051812861493,0.0,0.027124607610467324,0.015173660578979505,-0.0008414345875366835,-0.022153080843415322,0.03971174113652167,0.026600000373113337,-0.006897279290551099,-0.0008788567834037667,-0.00038045585463493165,0.0004608532078131668,0.040099779827541655,0.002458554815216118,-0.0023676137791735974,0.03168009059732666,0.0011251243341961002,0.0016860081678745239,0.027124607610467324,-0.015173660578979505,-0.050935069375894995,0.0,-0.07350977119495332,0.005686403187240131,0.0033373543785107,0.00137910869374605,-0.016339792226597167,-0.0017543105403330296,-0.0005646673358166049,0.0003619822366978498,-0.02505857070364267,-0.003948822276618784,-0.006800394342560093,-0.03034131426252133,0.0002544312486755582,-0.013660228858613815,-0.0008414345875366835,0.022153080843415322,-0.07350977119495332,-0.005686403187240131,0.04384578046607,0.0,-0.007427333785052047,0.03557299639729999,0.0193445863038405,0.00981997922945223,0.001508591541278928,-0.0004769776318099116,-0.007463802274346685,0.03270420032753283,-0.009096228125420349,0.004823242264148107,-0.016268641711345344,9.213147119804521e-05,0.03971174113652167,-0.026600000373113337,0.0033373543785107,-0.00137910869374605,-0.007427333785052047,-0.03557299639729999,-0.015816768849591854,0.0,-0.00026408915454886656,-0.005323846125830714,0.0009911881374809032,-0.0007920448945086756,-0.116172163273875,0.0015683581028633326,-0.008483292253064748,-0.06826312962008,-0.0115833414576498,-0.015561031761392868,-0.006897279290551099,0.0008788567834037667,-0.016339792226597167,0.0017543105403330296,0.0193445863038405,-0.00981997922945223,-0.00026408915454886656,0.005323846125830714,0.08524352086424501,0.0,0.9997935749875997
0.133,0.0016157617099851669,0.0,0.0009629957584337333,6.297387020051672e-05,-0.00020762427467448352,0.0024967556877451657,-0.0017788485129047002,0.0002367922111822833,-0.0005745196560050216,0.0007249953151334334,0.0006143486156407836,6.671674908806683e-05,0.0006512884445536335,-0.0001274811803057666,-0.0013889415505066631,0.0007144863350322851,-0.0012119067443834989,7.658585331771485e-05,0.0009629957584337333,-6.297387020051672e-05,0.39554806587015,0.0,0.2009283649225,0.13081558589763334,0.04704266684740502,0.06097421524201498,0.028967261105255663,-0.00044810786059646675,0.04008855985525999,-0.002020931154386038,-0.024939662944389332,0.004001504701576565,-0.007581889914916032,-0.033287030780110666,-0.11730035409107673,-0.0037108239463161507,-0.00020762427467448352,-0.0024967556877451657,0.2009283649225,-0.13081558589763334,0.40039255506629984,0.0,0.054857664981818335,0.05440540977212331,0.030881409431949332,-0.004380568488534051,-0.0017262844967181833,-0.030526367607164998,-0.007196454338093304,0.02930569371719434,-0.008568094278665535,-0.005349916205255749,-0.010866957068178064,0.06630723662726666,-0.0017788485129047002,-0.0002367922111822833,0.04704266684740502,-0.06097421524201498,0.054857664981818335,-0.05440540977212331,0.11215190623063331,0.0,0.014969619906126315,0.026663909631210837,0.0010614887842429997,-0.0014825852220937,0.00023581123488705482,0.013547233182782118,-0.016359527332854402,-0.0003932083050652016,-0.011855924546862521,0.014866202531186387,-0.0005745196560050216,-0.0007249953151334334,0.028967261105255663,0.00044810786059646675,0.030881409431949332,0.004380568488534051,0.014969619906126315,-0.026663909631210837,0.028297186075765677,0.0,0.027311222287057332,0.015483009117811778,-0.00048115434462133307,-0.02238266212050633,0.04007414668033835,0.026575611408526666,-0.006709332596174165,-0.0014522877960809672,0.0006143486156407836,-6.671674908806683e-05,0.04008855985525999,0.002020931154386038,-0.0017262844967181833,0.030526367607164998,0.0010614887842429997,0.0014825852220937,0.027311222287057332,-0.015483009117811778,-0.051519224782684996,0.0,-0.07372521013776501,0.005492776413191033,0.0034847433654995544,0.0011225305939290497,-0.01608988489257084,-0.0020947186418326953,0.0006512884445536335,0.0001274811803057666,-0.024939662944389332,-0.004001504701576565,-0.007196454338093304,-0.02930569371719434,0.00023581123488705482,-0.013547233182782118,-0.00048115434462133307,0.02238266212050633,-0.07372521013776501,-0.005492776413191033,0.04385138160553166,0.0,-0.007376821747563666,0.03583576070108832,0.01919517972016987,0.010277647281923185,-0.0013889415505066631,-0.0007144863350322851,-0.007581889914916032,0.033287030780110666,-0.008568094278665535,0.005349916205255749,-0.016359527332854402,0.0003932083050652016,0.04007414668033835,-0.026575611408526666,0.0034847433654995544,-0.0011225305939290497,-0.007376821747563666,-0.03583576070108832,-0.01594293572235645,0.0,-1.4986379152200239e-05,-0.005331082098762752,-0.0012119067443834989,-7.658585331771485e-05,-0.11730035409107673,0.0037108239463161507,-0.010866957068178064,-0.06630723662726666,-0.011855924546862521,-0.014866202531186387,-0.006709332596174165,0.0014522877960809672,-0.01608988489257084,0.0020947186418326953,0.01919517972016987,-0.010277647281923185,-1.4986379152200239e-05,0.005331082098762752,0.08539869536375337,0.0,0.9997933914171002
0.13400000000000015,0.0016155781323922995,0.0,-0.0007765666214122835,0.0005890862091453496,-0.0016446900985487333,-0.0018518871615131318,0.0009894537696323665,-0.0014674605273462334,-0.00018194558206802988,-0.0008873181717379349,-0.0005025459149406898,0.00037703246932791655,-0.0003822881790677917,0.0005530594601243667,0.0004699732629260935,-0.0014744543614730232,0.0007968219269337536,-0.0008581325464866225,-0.0007765666214122835,-0.0005890862091453496,0.40010109054868337,0.0,0.20310880440356663,0.12514356981394664,0.04803667934726335,0.06011800010243167,0.028963432478223493,-0.0014782236426869615,0.04005727001373335,-0.0015918957879349663,-0.02476285107014283,0.0040379585732003035,-0.007632772836033227,-0.03386323682996683,-0.11834232979422833,-0.005798900675533765,-0.0016446900985487333,0.0018518871615131318,0.20310880440356663,-0.12514356981394664,0.39477800503905,0.0,0.054369384787483335,0.05479863520894167,0.030716317744428165,-0.004100593371377001,-0.0011228600064305335,-0.029377090444444993,-0.007538554487419566,0.028278697054377678,-0.007991940976263332,-0.005896709635288217,-0.013147183695339588,0.06424408187216003,0.0009894537696323665,0.0014674605273462334,0.04803667934726335,-0.06011800010243167,0.054369384787483335,-0.05479863520894167,0.11352635767875835,0.0,0.014980905202144732,0.02652416699303034,0.0009915181105495734,-0.0012816983779726833,0.00020674363796767363,0.01344279284589053,-0.016414195092692548,-0.0007241115145815605,-0.012058518104646837,0.014157320479333737,-0.00018194558206802988,0.0008873181717379349,0.028963432478223493,0.0014782236426869615,0.030716317744428165,0.004100593371377001,0.014980905202144732,-0.02652416699303034,0.028576429387619673,0.0,0.027472931843244994,0.01576571541826014,-0.0001059221179153783,-0.02259423121137966,0.04044927841319833,0.026530007203826665,-0.006517565099272152,-0.0019856361484125004,-0.0005025459149406898,-0.00037703246932791655,0.04005727001373335,0.0015918957879349663,-0.0011228600064305335,0.029377090444444993,0.0009915181105495734,0.0012816983779726833,0.027472931843244994,-0.01576571541826014,-0.052102338516939996,0.0,-0.07396233106410335,0.0053003718257014654,0.0036296566581823313,0.0008774638226486666,-0.015820561928695,-0.0024079360116639006,-0.0003822881790677917,-0.0005530594601243667,-0.02476285107014283,-0.0040379585732003035,-0.007538554487419566,-0.028278697054377678,0.00020674363796767363,-0.01344279284589053,-0.0001059221179153783,0.02259423121137966,-0.07396233106410335,-0.0053003718257014654,0.043846211563128325,0.0,-0.00732975913170425,0.036088671909395,0.019053361985295246,0.010710533712417453,0.0004699732629260935,0.0014744543614730232,-0.007632772836033227,0.03386323682996683,-0.007991940976263332,0.005896709635288217,-0.016414195092692548,0.0007241115145815605,0.04044927841319833,-0.026530007203826665,0.0036296566581823313,-0.0008774638226486666,-0.00732975913170425,-0.036088671909395,-0.01606389011243153,0.0,0.00023536650139317975,-0.005331234723807233,0.0007968219269337536,0.0008581325464866225,-0.11834232979422833,0.005798900675533765,-0.013147183695339588,-0.06424408187216003,-0.012058518104646837,-0.014157320479333737,-0.006517565099272152,0.0019856361484125004,-0.015820561928695,0.0024079360116639006,0.019053361985295246,-0.010710533712417453,0.00023536650139317975,0.005331234723807233,0.08551576411116836,0.0,0.9997932078313002
0.13499999999999984,0.001615394544312483,0.0,0.00018560432637555006,-0.0009753621384085998,0.002453607649277767,0.00010996672611409292,0.0004200220700240983,0.0016950703780557331,0.0007710179135140833,0.00040406146276053344,0.00012842149741845,-0.0006171719618286335,-0.00012850076677606664,-0.0006842932593940497,0.000714609984168333,0.0013627372370852001,2.2901359501933126e-05,0.001137945631913367,0.00018560432637555006,0.0009753621384085998,0.4044669849077499,0.0,0.2052271940254834,0.119278790995735,0.049001930750639994,0.059230841201141665,0.028949491414416488,-0.002523049952446816,0.03998475229514167,-0.001157986421448033,-0.024596909087835506,0.004104557618100149,-0.007666525241459253,-0.034414389298308326,-0.11924820324871002,-0.007858194786154663,0.002453607649277767,-0.00010996672611409292,0.2052271940254834,-0.119278790995735,0.38938201483028323,0.0,0.05395942255774333,0.05516864522436498,0.030616461628995,-0.0038384185820655825,-0.0005428532065426666,-0.028250751199935007,-0.007858208753500502,0.027260402421848164,-0.007369779509804293,-0.006422870538008769,-0.015286491396257549,0.06207890666244334,0.0004200220700240983,-0.0016950703780557331,0.049001930750639994,-0.059230841201141665,0.05395942255774333,-0.05516864522436498,0.11490136458985001,0.0,0.015017890448191,0.02640577842655467,0.0009205517364212116,-0.00108893122494725,0.00016657939234888163,0.013359671433545467,-0.016436620488822214,-0.0010830117257387005,-0.012245266222269496,0.013447935472005287,0.0007710179135140833,-0.00040406146276053344,0.028949491414416488,0.002523049952446816,0.030616461628995,0.0038384185820655825,0.015017890448191,-0.02640577842655467,0.028865072575402488,0.0,0.02762790761423833,0.01603240370562147,0.0002574549715981501,-0.022769984593164497,0.04083617296216166,0.026461987999091503,-0.006337960097507969,-0.0025206324653970005,0.00012842149741845,0.0006171719618286335,0.03998475229514167,0.001157986421448033,-0.0005428532065426666,0.028250751199935007,0.0009205517364212116,0.00108893122494725,0.02762790761423833,-0.01603240370562147,-0.052684103014819995,0.0,-0.07423167400796166,0.005122915095619183,0.003754188482455188,0.000630519588231635,-0.015532735587670503,-0.002698624243775221,-0.00012850076677606664,0.0006842932593940497,-0.024596909087835506,-0.004104557618100149,-0.007858208753500502,-0.027260402421848164,0.00016657939234888163,-0.013359671433545467,0.0002574549715981501,0.022769984593164497,-0.07423167400796166,-0.005122915095619183,0.043830421401405,0.0,-0.007264583299876818,0.036311392608834994,0.018880358116358267,0.011100997815073548,0.000714609984168333,-0.0013627372370852001,-0.007666525241459253,0.034414389298308326,-0.007369779509804293,0.006422870538008769,-0.016436620488822214,0.0010830117257387005,0.04083617296216166,-0.026461987999091503,0.003754188482455188,-0.000630519588231635,-0.007264583299876818,-0.036311392608834994,-0.016179364343204918,0.0,0.0004966289705761818,-0.005329610950437544,2.2901359501933126e-05,-0.001137945631913367,-0.11924820324871002,0.007858194786154663,-0.015286491396257549,-0.06207890666244334,-0.012245266222269496,-0.013447935472005287,-0.006337960097507969,0.0025206324653970005,-0.015532735587670503,0.002698624243775221,0.018880358116358267,-0.011100997815073548,0.0004966289705761818,0.005329610950437544,0.08559523874412832,0.0,0.9997930242351164
0.1360000000000001,0.0016152109623729172,0.0,0.0005366068597551169,0.0008672866488410168,-0.0017779769775776594,0.0016814899531901496,-0.0015366835441772933,-0.0008378031860597937,-0.0007581558105150302,0.00034048036484475173,0.000326988081491584,0.000553780275251994,0.0005842455333682832,0.0004145576239607833,-0.0014533451023147834,-0.00044251542265767447,-0.0007693841911409336,-0.0007808862766415934,0.0005366068597551169,-0.0008672866488410168,0.4086396231648498,0.0,0.20727868244406664,0.11326376154959164,0.049941466961673335,0.05828965810999998,0.02889972889866567,-0.0035385149314899173,0.039847524652545,-0.0006989026103356701,-0.024468517457673658,0.0041798927463558,-0.007763116611473854,-0.034960908547413176,-0.12001405335025164,-0.009943957284998133,-0.0017779769775776594,-0.0016814899531901496,0.20727868244406664,-0.11326376154959164,0.3842116166005335,0.0,0.053592058702295,0.05549316966213503,0.03053285873169117,-0.0035957401801481395,4.94371413067192e-06,-0.027132499565830324,-0.008214034367830301,0.02626523841863582,-0.006733628121985917,-0.006913921416916598,-0.017269635697289613,0.059840774461055,-0.0015366835441772933,0.0008378031860597937,0.049941466961673335,-0.05828965810999998,0.053592058702295,-0.05549316966213503,0.11627660204360671,0.0,0.015059147524620668,0.026273125151467173,0.0008308541216799186,-0.0009164073982231319,0.00013165317598586674,0.013299549538399867,-0.01646737499730497,-0.0014463661021768995,-0.012438353991937164,0.012781316937201184,-0.0007581558105150302,-0.00034048036484475173,0.02889972889866567,0.0035385149314899173,0.03053285873169117,0.0035957401801481395,0.015059147524620668,-0.026273125151467173,0.02916314618659367,0.0,0.027778656370675007,0.01631889272742856,0.0005891323923120331,-0.022914193173172833,0.04123598757800166,0.026410802768378164,-0.006138356956088923,-0.0030706485177288763,0.000326988081491584,-0.000553780275251994,0.039847524652545,0.0006989026103356701,4.94371413067192e-06,0.027132499565830324,0.0008308541216799186,0.0009164073982231319,0.027778656370675007,-0.01631889272742856,-0.053265176897125004,0.0,-0.07451308088492833,0.004961362663279,0.00386297852612852,0.0003733176068044553,-0.015216398412686004,-0.002980513443366799,0.0005842455333682832,-0.0004145576239607833,-0.024468517457673658,-0.0041798927463558,-0.008214034367830301,-0.02626523841863582,0.00013165317598586674,-0.013299549538399867,0.0005891323923120331,0.022914193173172833,-0.07451308088492833,-0.004961362663279,0.04380444585718831,0.0,-0.007192076301675636,0.03650244607666167,0.018677521506073578,0.011454859082772086,-0.0014533451023147834,0.00044251542265767447,-0.007763116611473854,0.034960908547413176,-0.006733628121985917,0.006913921416916598,-0.01646737499730497,0.0014463661021768995,0.04123598757800166,-0.026410802768378164,0.00386297852612852,-0.0003733176068044553,-0.007192076301675636,-0.03650244607666167,-0.016289634396545866,0.0,0.0007629429456510777,-0.005308729555401368,-0.0007693841911409336,0.0007808862766415934,-0.12001405335025164,0.009943957284998133,-0.017269635697289613,-0.059840774461055,-0.012438353991937164,-0.012781316937201184,-0.006138356956088923,0.0030706485177288763,-0.015216398412686004,0.002980513443366799,0.018677521506073578,-0.011454859082772086,0.0007629429456510777,0.005308729555401368,0.08563700712369669,0.0,0.9997928406445502
0.1370000000000002,0.0016150273899922325,0.0,-0.0010152150586965666,-0.00029214792414660005,-7.144575911260364e-06,-0.0024275497177142866,0.0016673135363226997,-0.0005612555763312001,0.00017278147128551978,-0.0007866812440746266,-0.0006459851238951783,-0.00017125767524670473,-0.0007207830195061837,7.927479173756623e-05,0.0012986813168544,-0.0007010684866610835,0.0010454328010675834,4.364551646404833e-05,-0.0010152150586965666,0.00029214792414660005,0.4126146216897499,0.0,0.20919675651653338,0.10713582160090836,0.050850597674059986,0.05730555278290166,0.028800186258291505,-0.004522350718737817,0.039647376490038334,-0.00021882843759004987,-0.024304813184187,0.004189253080550191,-0.007897421277718699,-0.035536675219217835,-0.1206629919644433,-0.012059167498713264,-7.144575911260364e-06,0.0024275497177142866,0.20919675651653338,-0.10713582160090836,0.37927219795203343,0.0,0.05319586616037833,0.05578821908253167,0.030449809997202006,-0.003378066326801094,0.0004995983687890432,-0.026016265007758166,-0.00858112604392938,0.025299847522962497,-0.006097302777601283,-0.007409892628615981,-0.019137827348827786,0.05753574936804333,0.0016673135363226997,0.0005612555763312001,0.050850597674059986,-0.05730555278290166,0.05319586616037833,-0.05578821908253167,0.11765086812555335,0.0,0.015086058438262332,0.026103939435286,0.0007068522189183415,-0.0007777210242987162,0.00010179028271862656,0.013252516422555014,-0.016510085102090438,-0.0018077185438708,-0.012605232811774484,0.012168008634250582,0.00017278147128551978,0.0007866812440746266,0.028800186258291505,0.004522350718737817,0.030449809997202006,0.003378066326801094,0.015086058438262332,-0.026103939435286,0.029472606300797333,0.0,0.027907026045658333,0.016622068038951086,0.0009075829462764166,-0.02303838436107367,0.04164111901980001,0.026392359051216004,-0.005901747466894264,-0.0035996431521880005,-0.0006459851238951783,0.00017125767524670473,0.039647376490038334,0.00021882843759004987,0.0004995983687890432,0.026016265007758166,0.0007068522189183415,0.0007777210242987162,0.027907026045658333,-0.016622068038951086,-0.053846407980165004,0.0,-0.07476566532953502,0.004803029961175153,0.003976205660856249,0.00011709385358591656,-0.014870256012604536,-0.00325751286627821,-0.0007207830195061837,-7.927479173756623e-05,-0.024304813184187,-0.004189253080550191,-0.00858112604392938,-0.025299847522962497,0.00010179028271862656,-0.013252516422555014,0.0009075829462764166,0.02303838436107367,-0.07476566532953502,-0.004803029961175153,0.04376887684926334,0.0,-0.00714088450680371,0.036669547278065005,0.018479670790438673,0.011798499725660478,0.0012986813168544,0.0007010684866610835,-0.007897421277718699,0.035536675219217835,-0.006097302777601283,0.007409892628615981,-0.016510085102090438,0.0018077185438708,0.04164111901980001,-0.026392359051216004,0.003976205660856249,-0.00011709385358591656,-0.00714088450680371,-0.036669547278065005,-0.016395530916259428,0.0,0.0010170183994059965,-0.0052593090296117,0.0010454328010675834,-4.364551646404833e-05,-0.1206629919644433,0.012059167498713264,-0.019137827348827786,-0.05753574936804333,-0.012605232811774484,-0.012168008634250582,-0.005901747466894264,0.0035996431521880005,-0.014870256012604536,0.00325751286627821,0.018479670790438673,-0.011798499725660478,0.0010170183994059965,0.0052593090296117,0.08564039765375335,0.0,0.9997926570644331
0.13799999999999993,0.0016148438143571665,0.0,0.00098843915894285,-0.0004884055721325,0.001755308541765579,0.001622518151700317,-0.0007226717624282507,0.0015869031970596336,0.0005381653236868335,0.00059075458207485,0.000596298141998535,-0.0003427376885163268,0.0004994161942079783,-0.0005464512170173366,-0.0004025266054492832,0.0013599003924398177,-0.000763312274996273,0.0006684401529031557,0.00098843915894285,0.0004884055721325,0.41638800135044995,0.0,0.21100005465351676,0.10091278298842002,0.05171640656176502,0.05631719856957502,0.028679458937740494,-0.005510920371091791,0.03942053510483667,0.0002672118081514003,-0.02405577774871416,0.004114570872015384,-0.007980112089839035,-0.036143661389126495,-0.12122662465699334,-0.014169091760323613,0.001755308541765579,-0.001622518151700317,0.21100005465351676,-0.10091278298842002,0.37456778094503335,0.0,0.05278078919141665,0.05608150546467502,0.030402549236041333,-0.003174445097062717,0.0009473973331202798,-0.024926943578240837,-0.008878358865297179,0.024363811642460334,-0.0054374205085375655,-0.007938736280416152,-0.0209205441060927,0.05515467684688833,-0.0007226717624282507,-0.0015869031970596336,0.05171640656176502,-0.05631719856957502,0.05278078919141665,-0.05608150546467502,0.11902330684052834,0.0,0.015102979573093013,0.025919179785341664,0.0005637579567968168,-0.0006734772155194503,5.602307758510513e-05,0.0132077458650214,-0.016523432552514504,-0.002176740250679726,-0.012714879149624454,0.011568679687949897,0.0005381653236868335,-0.00059075458207485,0.028679458937740494,0.005510920371091791,0.030402549236041333,0.003174445097062717,0.015102979573093013,-0.025919179785341664,0.02979470321093983,0.0,0.028014165312195007,0.016904744038378088,0.001240615667773498,-0.023148638722809336,0.04205205492451667,0.0263858226039245,-0.005651695903194084,-0.004084762797190115,0.000596298141998535,0.0003427376885163268,0.03942053510483667,-0.0002672118081514003,0.0009473973331202798,0.024926943578240837,0.0005637579567968168,0.0006734772155194503,0.028014165312195007,-0.016904744038378088,-0.05442772779885666,0.0,-0.07499477318252999,0.004645350664371399,0.004097044932550098,-0.00012986872467109984,-0.014517473573845733,-0.003516554908243522,0.0004994161942079783,0.0005464512170173366,-0.02405577774871416,-0.004114570872015384,-0.008878358865297179,-0.024363811642460334,5.602307758510513e-05,-0.0132077458650214,0.001240615667773498,0.023148638722809336,-0.07499477318252999,-0.004645350664371399,0.04372432452847833,0.0,-0.0071115547944621445,0.03682328255017667,0.018294464755762165,0.012148014482609744,-0.0004025266054492832,-0.0013599003924398177,-0.007980112089839035,0.036143661389126495,-0.0054374205085375655,0.007938736280416152,-0.016523432552514504,0.002176740250679726,0.04205205492451667,-0.0263858226039245,0.004097044932550098,0.00012986872467109984,-0.0071115547944621445,-0.03682328255017667,-0.016497699526631965,0.0,0.0012583574257405898,-0.005196364492403466,-0.000763312274996273,-0.0006684401529031557,-0.12122662465699334,0.014169091760323613,-0.0209205441060927,-0.05515467684688833,-0.012714879149624454,-0.011568679687949897,-0.005651695903194084,0.004084762797190115,-0.014517473573845733,0.003516554908243522,0.018294464755762165,-0.012148014482609744,0.0012583574257405898,0.005196364492403466,0.08560494011649333,0.0,0.9997924734811501
0.13900000000000015,0.0016146602243854334,0.0,-0.00040287769959206695,0.0010820343407570835,-0.0023548964932773456,0.00015686803133044998,-0.0006546794544987666,-0.0015925169246534334,-0.000798786739895167,9.826039137510832e-05,-0.00020302102624899983,0.0006574639171007669,1.2182798328831593e-05,0.00077070793235315,-0.0006530608623444497,-0.0011995540186819922,8.641495664920013e-05,-0.0010064767183987993,-0.00040287769959206695,-0.0010820343407570835,0.41995503614391677,0.0,0.21273085062430003,0.09454865918699001,0.05251686739834334,0.05531960251719,0.02855066552883183,-0.006512291247446668,0.03918000290285332,0.0007611100928929833,-0.023778595975564833,0.004014464366319297,-0.00800122430688535,-0.036734804921125665,-0.12167122614840499,-0.016265818025018336,-0.0023548964932773456,-0.00015686803133044998,0.21273085062430003,-0.09454865918699001,0.3701028430869334,0.0,0.05240805687726166,0.056351414828318326,0.030407653952692,-0.0029734474945028503,0.0013780739556056689,-0.023865223725937,-0.009094701529884218,0.02344439951537684,-0.004737508595818783,-0.008458638193149647,-0.022573669121068684,0.05269016033726,-0.0006546794544987666,0.0015925169246534334,0.05251686739834334,-0.05531960251719,0.05240805687726166,-0.056351414828318326,0.12039376226689832,0.0,0.015123545263571065,0.025737286318354997,0.00043026567979681654,-0.0005914040197978164,-1.5181253626316815e-05,0.013158175241217,-0.01648101123251717,-0.0025500501138299336,-0.012779662754230765,0.010942080678428041,-0.000798786739895167,-9.826039137510832e-05,0.02855066552883183,0.006512291247446668,0.030407653952692,0.0029734474945028503,0.015123545263571065,-0.025737286318354997,0.030128832127562667,0.0,0.028116908402811672,0.017154882491881684,0.001581038588161857,-0.02324184828202034,0.04246548937914166,0.026368767689434157,-0.005393196556976266,-0.004551092385676585,-0.00020302102624899983,-0.0006574639171007669,0.03918000290285332,-0.0007611100928929833,0.0013780739556056689,0.023865223725937,0.00043026567979681654,0.0005914040197978164,0.028116908402811672,-0.017154882491881684,-0.05500854799953834,0.0,-0.07522246068655329,0.004495766146909386,0.00420026288777275,-0.0003813327532895849,-0.014175673897851604,-0.0037445379177542776,1.2182798328831593e-05,-0.00077070793235315,-0.023778595975564833,-0.004014464366319297,-0.009094701529884218,-0.02344439951537684,-1.5181253626316815e-05,-0.013158175241217,0.001581038588161857,0.02324184828202034,-0.07522246068655329,-0.004495766146909386,0.043671374796775,0.0,-0.007073963318547899,0.03696147880977667,0.018084875954179173,0.012488390642745921,-0.0006530608623444497,0.0011995540186819922,-0.00800122430688535,0.036734804921125665,-0.004737508595818783,0.008458638193149647,-0.01648101123251717,0.0025500501138299336,0.04246548937914166,-0.026368767689434157,0.00420026288777275,0.0003813327532895849,-0.007073963318547899,-0.03696147880977667,-0.01659625414652933,0.0,0.001507427971000684,-0.005133967279445866,8.641495664920013e-05,0.0010064767183987993,-0.12167122614840499,0.016265818025018336,-0.022573669121068684,-0.05269016033726,-0.012779662754230765,-0.010942080678428041,-0.005393196556976266,0.004551092385676585,-0.014175673897851604,0.0037445379177542776,0.018084875954179173,-0.012488390642745921,0.001507427971000684,0.005133967279445866,0.08553058338237335,0.0,0.9997922898826332
0.13999999999999993,0.0016144766332365822,0.0,-0.0004828997022517004,-0.0011077211508054284,0.0015134392049478667,-0.0018052258429685636,0.0016239974960555003,0.0006021200904851331,0.0004050405153836535,-0.0007097569900440833,-0.0002903854067408186,-0.0006162308690645286,-0.0005715145755255502,-0.0005650264761257317,0.0012691032670000613,0.0003741301842812666,0.0006199364760071859,0.0007957641077211998,-0.0004828997022517004,0.0011077211508054284,0.4233098669904667,0.0,0.21440587272696676,0.08801051155573998,0.05324948655480167,0.05427321779599999,0.028388313917480836,-0.007488363611548583,0.03890102192874334,0.0012852126833783966,-0.023556659284295504,0.003929151178307321,-0.008045767352337259,-0.03727361993930999,-0.12196275575902503,-0.018378626249478665,0.0015134392049478667,0.0018052258429685636,0.21440587272696676,-0.08801051155573998,0.3658840256089165,0.0,0.052089843503631654,0.05656866457892167,0.030437788952806816,-0.002784547597816283,0.0017905781512809,-0.022794680877603835,-0.009303515180826201,0.022525667168811502,-0.004016453353054016,-0.008917370028582264,-0.024046032143799006,0.05017131490178498,0.0016239974960555003,-0.0006021200904851331,0.05324948655480167,-0.05427321779599999,0.052089843503631654,-0.05656866457892167,0.12176160035930832,0.0,0.015153788213143202,0.02553846017088667,0.0003115444454033516,-0.0005195126962991671,-9.21735318439668e-05,0.01310451334105333,-0.016414476650913733,-0.0029085948756788337,-0.012827289812600845,0.0103017976818685,0.0004050405153836535,0.0007097569900440833,0.028388313917480836,0.007488363611548583,0.030437788952806816,0.002784547597816283,0.015153788213143202,-0.02553846017088667,0.030474526988876666,0.0,0.028220514854328336,0.017403766204966673,0.0019024855664753002,-0.023326289606554328,0.04287784469967667,0.02635710194469484,-0.005090213009716368,-0.005017866497698505,-0.0002903854067408186,0.0006162308690645286,0.03890102192874334,-0.0012852126833783966,0.0017905781512809,0.022794680877603835,0.0003115444454033516,0.0005195126962991671,0.028220514854328336,-0.017403766204966673,-0.05558874555863166,0.0,-0.07546111438996835,0.004353893646229132,0.004264272072170773,-0.0006538787799857747,-0.0138362308700663,-0.0039442515524005335,-0.0005715145755255502,0.0005650264761257317,-0.023556659284295504,-0.003929151178307321,-0.009303515180826201,-0.022525667168811502,-9.21735318439668e-05,-0.01310451334105333,0.0019024855664753002,0.023326289606554328,-0.07546111438996835,-0.004353893646229132,0.04361039291759835,0.0,-0.0070137875186996506,0.03709000408783502,0.017832878693663838,0.012804653512750635,0.0012691032670000613,-0.0003741301842812666,-0.008045767352337259,0.03727361993930999,-0.004016453353054016,0.008917370028582264,-0.016414476650913733,0.0029085948756788337,0.04287784469967667,-0.02635710194469484,0.004264272072170773,0.0006538787799857747,-0.0070137875186996506,-0.03709000408783502,-0.016691250300985668,0.0,0.0017773477233385302,-0.0050664100488664685,0.0006199364760071859,-0.0007957641077211998,-0.12196275575902503,0.018378626249478665,-0.024046032143799006,-0.05017131490178498,-0.012827289812600845,-0.0103017976818685,-0.005090213009716368,0.005017866497698505,-0.0138362308700663,0.0039442515524005335,0.017832878693663838,-0.012804653512750635,0.0017773477233385302,0.0050664100488664685,0.08541721264482167,0.0,0.9997921062835006
0.141,0.0016142930481806833,0.0,0.0011641454371592998,0.0004871429949952833,0.00028145169055415043,0.002340384257403383,-0.0015652841337108997,0.0008212000387225667,0.000310398672184125,0.0007836866952673831,0.0006372307081895285,0.00023896991625615356,0.0008246686131723683,1.886284363636664e-05,-0.0011280387565438161,0.0006121231104141025,-0.000975191904605333,-0.00017694231572243312,0.0011641454371592998,-0.0004871429949952833,0.4264469376090834,0.0,0.2159894246425833,0.08131423056620497,0.053936754707491666,0.05316234156068501,0.028161940505145665,-0.008418317093772517,0.038558099509350005,0.0018395073865385496,-0.023367859537771006,0.003829420956856817,-0.008155127055779416,-0.037772350910662514,-0.12211974930458833,-0.020506588418195006,0.00028145169055415043,-0.002340384257403383,0.2159894246425833,-0.08131423056620497,0.36191816823383327,0.0,0.051774849590308335,0.05674415385082834,0.03046798342415151,-0.0026275119284610003,0.00215176226426837,-0.021690003899808494,-0.009531631132982367,0.02160036768659316,-0.003290305751381266,-0.009330470197850719,-0.025350918369171006,0.04762463885202166,-0.0015652841337108997,-0.0008212000387225667,0.053936754707491666,-0.05316234156068501,0.051774849590308335,-0.05674415385082834,0.12312532159675497,0.0,0.01519068837473917,0.025292198278829996,0.00019054543490881661,-0.000453604007658433,-0.00015183575716198368,0.013047748124900333,-0.016359540485100653,-0.003240788676837266,-0.012849300719111448,0.009693765613416484,0.000310398672184125,-0.0007836866952673831,0.028161940505145665,0.008418317093772517,0.03046798342415151,0.0026275119284610003,0.01519068837473917,-0.025292198278829996,0.030833161271188982,0.0,0.02831105211314667,0.017670741267550485,0.0022101790127336176,-0.023414723986702992,0.04328240664245333,0.026371969091334165,-0.004722996996556017,-0.005452689353167434,0.0006372307081895285,-0.00023896991625615356,0.038558099509350005,-0.0018395073865385496,0.00215176226426837,0.021690003899808494,0.00019054543490881661,0.000453604007658433,0.02831105211314667,-0.017670741267550485,-0.05616867704574334,0.0,-0.07569657336599334,0.0042069002917909165,0.004301796013141867,-0.0009435068086858505,-0.013474603271006504,-0.004131366068911574,0.0008246686131723683,-1.886284363636664e-05,-0.023367859537771006,-0.003829420956856817,-0.009531631132982367,-0.02160036768659316,-0.00015183575716198368,-0.013047748124900333,0.0022101790127336176,0.023414723986702992,-0.07569657336599334,-0.0042069002917909165,0.043541359731425,0.0,-0.006950917732792502,0.03722280879045667,0.01756509171488284,0.013110254329051161,-0.0011280387565438161,-0.0006121231104141025,-0.008155127055779416,0.037772350910662514,-0.003290305751381266,0.009330470197850719,-0.016359540485100653,0.003240788676837266,0.04328240664245333,-0.026371969091334165,0.004301796013141867,0.0009435068086858505,-0.006950917732792502,-0.03722280879045667,-0.0167831049302855,0.0,0.002053282735322107,-0.004979788377844549,-0.000975191904605333,0.00017694231572243312,-0.12211974930458833,0.020506588418195006,-0.025350918369171006,-0.04762463885202166,-0.012849300719111448,-0.009693765613416484,-0.004722996996556017,0.005452689353167434,-0.013474603271006504,0.004131366068911574,0.01756509171488284,-0.013110254329051161,0.002053282735322107,0.004979788377844549,0.08526446317599165,0.0,0.9997919226905998
0.1420000000000001,0.0016141094628880004,0.0,-0.0012262069086472836,0.00046057329824720865,-0.0019043050556239998,-0.001353328150810208,0.0004270710860379004,-0.001733279210378183,-0.000840961486207155,-0.00028231441217253334,-0.0006146779386578501,0.00028548450794156654,-0.0006299065876430384,0.0005544856572588999,0.00036233358990359,-0.0011997951660416347,0.0008186546067473308,-0.0005174195284035168,-0.0012262069086472836,-0.00046057329824720865,0.4293608791109833,0.0,0.21745948879711674,0.07448652000823001,0.05460115223128835,0.05202651544651668,0.027888976810240006,-0.009339141460534503,0.038167366281564995,0.00239900121716684,-0.023126740857330675,0.0036861290082666324,-0.008268101878361349,-0.038253240206309505,-0.12218551295926665,-0.022597093414404006,-0.0019043050556239998,0.001353328150810208,0.21745948879711674,-0.07448652000823001,0.35821106993831664,0.0,0.05144671542681333,0.056904916245835005,0.030514206137369996,-0.002509147926988516,0.0024513786241313,-0.02056531226548133,-0.009714254653885803,0.020678897107249496,-0.0025457580360151327,-0.009756282353847798,-0.026534188191159158,0.04504450556139169,0.0004270710860379004,0.001733279210378183,0.05460115223128835,-0.05202651544651668,0.05144671542681333,-0.056904916245835005,0.12448334031054666,0.0,0.015236273615761001,0.02500774259021667,5.9472556008712015e-05,-0.0003915564207452215,-0.00020030783781065667,0.01298268304300165,-0.016298162507610466,-0.003550544041543384,-0.012804163821639018,0.009143483264007098,-0.000840961486207155,0.00028231441217253334,0.027888976810240006,0.009339141460534503,0.030514206137369996,0.002509147926988516,0.015236273615761001,-0.02500774259021667,0.031206388827933664,0.0,0.028382278516283322,0.017929588614186108,0.002532969701462703,-0.023502348442351162,0.043677258517321675,0.02639851530492966,-0.004324367520707784,-0.005815509861239885,-0.0006146779386578501,-0.00028548450794156654,0.038167366281564995,-0.00239900121716684,0.0024513786241313,0.02056531226548133,5.9472556008712015e-05,0.0003915564207452215,0.028382278516283322,-0.017929588614186108,-0.056748162626803336,0.0,-0.07591792800204497,0.004048024295817467,0.00434375171967235,-0.0012337447923697878,-0.013089830703044801,-0.0043103286753600695,-0.0006299065876430384,-0.0005544856572588999,-0.023126740857330675,-0.0036861290082666324,-0.009714254653885803,-0.020678897107249496,-0.00020030783781065667,-0.01298268304300165,0.002532969701462703,0.023502348442351162,-0.07591792800204497,-0.004048024295817467,0.043464016000601666,0.0,-0.006901004599974465,0.037366541433965006,0.0173109712901415,0.013422241197648304,0.00036233358990359,0.0011997951660416347,-0.008268101878361349,0.038253240206309505,-0.0025457580360151327,0.009756282353847798,-0.016298162507610466,0.003550544041543384,0.043677258517321675,-0.02639851530492966,0.00434375171967235,0.0012337447923697878,-0.006901004599974465,-0.037366541433965006,-0.01687218354326566,0.0,0.002318552752786999,-0.004873647484051811,0.0008186546067473308,0.0005174195284035168,-0.12218551295926665,0.022597093414404006,-0.026534188191159158,-0.04504450556139169,-0.012804163821639018,-0.009143483264007098,-0.004324367520707784,0.005815509861239885,-0.013089830703044801,0.0043103286753600695,0.0173109712901415,-0.013422241197648304,0.002318552752786999,0.004873647484051811,0.08507228161574833,0.0,0.9997917390965333
0.1429999999999999,0.0016139258609214999,0.0,0.000586554815358601,-0.001209561958123877,0.002246203330594632,-0.0005003561079144336,0.0010115050752399165,0.0014523072011311735,0.000806997069333183,-0.0004806748178154667,0.00023584071251183346,-0.0006121632455768686,6.699819709346667e-05,-0.0008559916217748086,0.0005823373737288515,0.0011044013699058387,-0.00021595910848231652,0.0009350886137801841,0.000586554815358601,0.001209561958123877,0.43204604832468335,0.0,0.21886292082466668,0.06753092698957167,0.05525155135219332,0.05091320384021166,0.0276116698715285,-0.010292392702578,0.037763602163043336,0.002947479165966784,-0.022832787974558004,0.0035380872031687987,-0.008328897137039217,-0.038709221334500006,-0.1221678013152483,-0.02460118853553437,0.002246203330594632,0.0005003561079144336,0.21886292082466668,-0.06753092698957167,0.35476766643120006,0.0,0.051161057873933324,0.05705123004446833,0.030607725568202168,-0.0024231185904667833,0.0027151153015714173,-0.019444140529404994,-0.009818853952036737,0.019773526730711,-0.0017674185195524733,-0.010203537612516004,-0.027592474274351166,0.042431848115171665,0.0010115050752399165,-0.0014523072011311735,0.05525155135219332,-0.05091320384021166,0.051161057873933324,-0.05705123004446833,0.1258350826047,0.0,0.015297785217894056,0.024729582635765,-7.011277706054304e-05,-0.0003270141814772833,-0.0002568140061134333,0.01290214992268968,-0.016190069167948212,-0.0038463515214191323,-0.012677786784733146,0.0086376850074506,0.000806997069333183,0.0004806748178154667,0.0276116698715285,0.010292392702578,0.030607725568202168,0.0024231185904667833,0.015297785217894056,-0.024729582635765,0.03159388874781634,0.0,0.028447979805566674,0.018152633411130083,0.002872169409121909,-0.023578742657333996,0.04407781544147334,0.02640539871213517,-0.0039291989460709,-0.006115998796106184,0.00023584071251183346,0.0006121632455768686,0.037763602163043336,-0.002947479165966784,0.0027151153015714173,0.019444140529404994,-7.011277706054304e-05,0.0003270141814772833,0.028447979805566674,-0.018152633411130083,-0.05732635402117832,0.0,-0.07614039448705,0.0038873506597670786,0.004392982763759464,-0.0015150529471506169,-0.012701879614699846,-0.0044690002369830485,6.699819709346667e-05,0.0008559916217748086,-0.022832787974558004,-0.0035380872031687987,-0.009818853952036737,-0.019773526730711,-0.0002568140061134333,-0.01290214992268968,0.002872169409121909,0.023578742657333996,-0.07614039448705,-0.0038873506597670786,0.04337817274319166,0.0,-0.0068469938753123166,0.03751655295620667,0.017066516173886503,0.013722750144069215,0.0005823373737288515,-0.0011044013699058387,-0.008328897137039217,0.038709221334500006,-0.0017674185195524733,0.010203537612516004,-0.016190069167948212,0.0038463515214191323,0.04407781544147334,-0.02640539871213517,0.004392982763759464,0.0015150529471506169,-0.0068469938753123166,-0.03751655295620667,-0.016958297236908337,0.0,0.0025852677350657162,-0.004759581653260416,-0.00021595910848231652,-0.0009350886137801841,-0.1221678013152483,0.02460118853553437,-0.027592474274351166,-0.042431848115171665,-0.012677786784733146,-0.0086376850074506,-0.0039291989460709,0.006115998796106184,-0.012701879614699846,0.0044690002369830485,0.017066516173886503,-0.013722750144069215,0.0025852677350657162,0.004759581653260416,0.08484142203248836,0.0,0.9997915554868833
0.14400000000000007,0.00161374224827275,0.0,0.00043362226080613,0.0012947361432384,-0.0011331363397065835,0.0019777051249726904,-0.0017462239123091172,-0.0001910663044683833,-0.00016774429723884505,0.0009730086918222501,0.0002192619334145085,0.0005823136958263335,0.0005813773001589502,0.0006591536740333002,-0.0012070743232758666,-0.00038129079194974835,-0.0005222402522236499,-0.0008065773132264878,0.00043362226080613,-0.0012947361432384,0.43449638156436676,0.0,0.2202067048665167,0.06044168204623666,0.05588032228178167,0.04981205657748,0.027331350053525168,-0.011257795901359549,0.037333467279656675,0.003493610865333048,-0.02256254084343883,0.0034349094204849167,-0.008379299694835217,-0.03911573724871649,-0.12201238511327168,-0.02652010588045634,-0.0011331363397065835,-0.0019777051249726904,0.2202067048665167,-0.06044168204623666,0.35159329628361674,0.0,0.05094028718151834,0.057161399832695,0.030738187186265326,-0.0023693113355641336,0.0029627280309940996,-0.01833140557063417,-0.009915372645014216,0.018872546202593505,-0.0009701043558980232,-0.010622437569327165,-0.02848963360935767,0.039818463365093655,-0.0017462239123091172,0.0001910663044683833,0.05588032228178167,-0.04981205657748,0.05094028718151834,-0.057161399832695,0.1271806217357617,0.0,0.015372223830242414,0.02447423616377466,-0.00018990209149053337,-0.0002564895194370499,-0.0003203969695154667,0.012808394686706524,-0.016044085178767497,-0.004132106138886398,-0.012512023956608399,0.008159242568254578,-0.00016774429723884505,-0.0009730086918222501,0.027331350053525168,0.011257795901359549,0.030738187186265326,0.0023693113355641336,0.015372223830242414,-0.02447423616377466,0.031993853712676344,0.0,0.02851203806375333,0.018353185546443322,0.003186310648290333,-0.023641456084871174,0.04449387697258499,0.026386494794025005,-0.0035274103433136656,-0.006387434290787144,0.0002192619334145085,-0.0005823136958263335,0.037333467279656675,-0.003493610865333048,0.0029627280309940996,0.01833140557063417,-0.00018990209149053337,0.0002564895194370499,0.02851203806375333,-0.018353185546443322,-0.05790261890382333,0.0,-0.07637064451486666,0.003735155775262883,0.0044281951899143995,-0.00178736306850535,-0.012309331922862087,-0.0046072811816878,0.0005813773001589502,-0.0006591536740333002,-0.02256254084343883,-0.0034349094204849167,-0.009915372645014216,-0.018872546202593505,-0.0003203969695154667,-0.012808394686706524,0.003186310648290333,0.023641456084871174,-0.07637064451486666,-0.003735155775262883,0.043283786245573344,0.0,-0.006771870557378815,0.037658660426574994,0.01681194678970016,0.0139765501028169,-0.0012070743232758666,0.00038129079194974835,-0.008379299694835217,0.03911573724871649,-0.0009701043558980232,0.010622437569327165,-0.016044085178767497,0.004132106138886398,0.04449387697258499,-0.026386494794025005,0.0044281951899143995,0.00178736306850535,-0.006771870557378815,-0.037658660426574994,-0.017040932482651996,0.0,0.00287073708147276,-0.004640228201343467,-0.0005222402522236499,0.0008065773132264878,-0.12201238511327168,0.02652010588045634,-0.02848963360935767,-0.039818463365093655,-0.012512023956608399,-0.008159242568254578,-0.0035274103433136656,0.006387434290787144,-0.012309331922862087,0.0046072811816878,0.01681194678970016,-0.0139765501028169,0.00287073708147276,0.004640228201343467,0.08457324146242669,0.0,0.9997913718662333
0.14499999999999977,0.0016135586433774,0.0,-0.0012377885602205317,-0.0006138012816075833,-0.0006977896850018336,-0.002160041582042248,0.0013042933190256666,-0.0012018328812868002,-0.0006638866403520081,-0.0007929558318813384,-0.0005334610030187085,-0.00027962538361606186,-0.0008829942955450896,-4.840515932189992e-05,0.0011395078298739034,-0.000583382929591145,0.0009350827387792503,0.00018669645191931664,-0.0012377885602205317,0.0006138012816075833,0.4367071018433165,0.0,0.2214793895963833,0.05326328899893502,0.05648503500114334,0.04868812455458667,0.027022762625251332,-0.012191013853665151,0.03684286157019167,0.004046663695061383,-0.022336506343271494,0.0033541834170951,-0.0084873321649396,-0.039490230038051174,-0.12171958030793667,-0.028399775440855334,-0.0006977896850018336,0.002160041582042248,0.2214793895963833,-0.05326328899893502,0.34869258537824993,0.0,0.050734635204693325,0.05724912466429,0.0308739387696875,-0.0023544049824036667,0.003180334878198279,-0.017239458182511335,-0.010070265039588801,0.01796407411666816,-0.00017859157003120065,-0.011001543674048837,-0.029242270912836498,0.037243370574420835,0.0013042933190256666,0.0012018328812868002,0.05648503500114334,-0.04868812455458667,0.050734635204693325,-0.05724912466429,0.12851982006474666,0.0,0.015450220566104268,0.024218018998503333,-0.0003102168555385669,-0.00019407609557174984,-0.0003720027764535167,0.012715798678522522,-0.01591547528444317,-0.004409344174867251,-0.012368795566933322,0.007722065116100835,-0.0006638866403520081,0.0007929558318813384,0.027022762625251332,0.012191013853665151,0.0308739387696875,0.0023544049824036667,0.015450220566104268,-0.024218018998503333,0.032405536474637,0.0,0.028569415178031663,0.01856492668607033,0.0034596211100091172,-0.023695655127015332,0.04492797499144,0.026370835848324337,-0.0031047576808387665,-0.006632469825603583,-0.0005334610030187085,0.00027962538361606186,0.03684286157019167,-0.004046663695061383,0.003180334878198279,0.017239458182511335,-0.0003102168555385669,0.00019407609557174984,0.028569415178031663,-0.01856492668607033,-0.058477135551641676,0.0,-0.07660978752271332,0.0035892500952772735,0.004450026974790151,-0.00205216417156595,-0.011891038864035176,-0.00475096374570843,-0.0008829942955450896,4.840515932189992e-05,-0.022336506343271494,-0.0033541834170951,-0.010070265039588801,-0.01796407411666816,-0.0003720027764535167,-0.012715798678522522,0.0034596211100091172,0.023695655127015332,-0.07660978752271332,-0.0035892500952772735,0.043180832352035,0.0,-0.006700566128500083,0.037790870739389984,0.016552181228683335,0.014188583207901173,0.0011395078298739034,0.000583382929591145,-0.0084873321649396,0.039490230038051174,-0.00017859157003120065,0.011001543674048837,-0.01591547528444317,0.004409344174867251,0.04492797499144,-0.026370835848324337,0.004450026974790151,0.00205216417156595,-0.006700566128500083,-0.037790870739389984,-0.01711996748957533,0.0,0.003166016651330569,-0.004505083775521301,0.0009350827387792503,-0.00018669645191931664,-0.12171958030793667,0.028399775440855334,-0.029242270912836498,-0.037243370574420835,-0.012368795566933322,-0.007722065116100835,-0.0031047576808387665,0.006632469825603583,-0.011891038864035176,0.00475096374570843,0.016552181228683335,-0.014188583207901173,0.003166016651330569,0.004505083775521301,0.08426885653794332,0.0,0.9997911882533999
0.146,0.0016133750515343998,0.0,0.0013222652250428,-0.0004558851148728168,0.002060643523536367,0.0009037783664756332,3.913744151505078e-05,0.0017966839125645338,0.001090295498421383,2.19885909854653e-06,0.0005776272666829836,-0.00016500145599916702,0.0006588872795117332,-0.0005666546687458167,-0.00040584155673603026,0.0012103045833707499,-0.0007723415030170995,0.0005334385793306984,0.0013222652250428,0.0004558851148728168,0.4386759999890666,0.0,0.22262890492033327,0.04606406628680831,0.057053160355633334,0.04753312074355833,0.02668445242598818,-0.01309149364598749,0.036289390555528336,0.004594620652555749,-0.022069169023309163,0.003229746189711951,-0.008634574159486581,-0.03987200145855499,-0.12132290635451169,-0.030269506338099824,0.002060643523536367,-0.0009037783664756332,0.22262890492033327,-0.04606406628680831,0.3460676870911667,0.0,0.05048950844462833,0.057344614990619984,0.031001712086417166,-0.002371497960940333,0.003353128675215001,-0.016192501131794663,-0.010237039511483314,0.017061787445516806,0.0006079433673449664,-0.011395902240603337,-0.029906831187970998,0.034682878742897175,3.913744151505078e-05,-0.0017966839125645338,0.057053160355633334,-0.04753312074355833,0.05048950844462833,-0.057344614990619984,0.12985214141277332,0.0,0.015525534652161449,0.023937944608478985,-0.0004397404633567832,-0.0001635696970003868,-0.000412583016393215,0.012626240230476782,-0.01582005544982066,-0.004678522587510766,-0.012261706281639435,0.007349982009415649,0.001090295498421383,-2.19885909854653e-06,0.02668445242598818,0.01309149364598749,0.031001712086417166,0.002371497960940333,0.015525534652161449,-0.023937944608478985,0.03282983829653901,0.0,0.02861465099602001,0.01878306128439817,0.0037238930934096835,-0.0237316974639905,0.045368534724175,0.02637091566809301,-0.00268767462769116,-0.006829577400080703,0.0005776272666829836,0.00016500145599916702,0.036289390555528336,-0.004594620652555749,0.003353128675215001,0.016192501131794663,-0.0004397404633567832,0.0001635696970003868,0.02861465099602001,-0.01878306128439817,-0.05905026514195501,0.0,-0.07683082188297335,0.003441866433437725,0.004487747922594818,-0.002306240957787649,-0.011448054431093,-0.004913024785347248,0.0006588872795117332,0.0005666546687458167,-0.022069169023309163,-0.003229746189711951,-0.010237039511483314,-0.017061787445516806,-0.000412583016393215,-0.012626240230476782,0.0037238930934096835,0.0237316974639905,-0.07683082188297335,-0.003441866433437725,0.043069366935405,0.0,-0.006664685970885568,0.03790929175180834,0.016304783235601833,0.014395331377437665,-0.00040584155673603026,-0.0012103045833707499,-0.008634574159486581,0.03987200145855499,0.0006079433673449664,0.011395902240603337,-0.01582005544982066,0.004678522587510766,0.045368534724175,-0.02637091566809301,0.004487747922594818,0.002306240957787649,-0.006664685970885568,-0.03790929175180834,-0.017195781411684163,0.0,0.0034407348111836255,-0.0043470881052474165,-0.0007723415030170995,-0.0005334385793306984,-0.12132290635451169,0.030269506338099824,-0.029906831187970998,-0.034682878742897175,-0.012261706281639435,-0.007349982009415649,-0.00268767462769116,0.006829577400080703,-0.011448054431093,0.004913024785347248,0.016304783235601833,-0.014395331377437665,0.0034407348111836255,0.0043470881052474165,0.08392864243039831,0.0,0.9997910046530832
0.14700000000000008,0.0016131914621866836,0.0,-0.0006034359281802182,0.001279562473364412,-0.0020084664822516505,0.0009431719534732999,-0.001362718850643017,-0.0011661597806295184,-0.0007409453115853583,0.00088385015370355,-0.0003004020543985334,0.0005182143343341498,-8.547160703096668e-05,0.0008458092815089534,-0.0005444682070260293,-0.0011417752077830504,0.00014169045818161654,-0.0009314623111746326,-0.0006034359281802182,-0.001279562473364412,0.4404030299932834,0.0,0.2236799931070833,0.03889145033792833,0.05758144597082997,0.04639138192859751,0.02635479603068217,-0.013993804089911997,0.035721483240373345,0.005129201178395618,-0.021708195726700692,0.0030539585869625,-0.008747720134839777,-0.04027898213641168,-0.12085018747392501,-0.03213205009677467,-0.0020084664822516505,-0.0009431719534732999,0.2236799931070833,-0.03889145033792833,0.34371817467375004,0.0,0.050228600573463324,0.05746664475626165,0.03114826269144749,-0.00239809615790758,0.0034972432297663597,-0.01520597969660981,-0.010332231129116904,0.016197170281099346,0.0014119501565352255,-0.011842510681722065,-0.03050108602198817,0.03209965294242683,-0.001362718850643017,0.0011661597806295184,0.05758144597082997,-0.04639138192859751,0.050228600573463324,-0.05746664475626165,0.13117732035531,0.0,0.015602043278592001,0.023655694163513503,-0.0005646210951324331,-0.00016847454526424665,-0.00046067569749101673,0.01252236667639573,-0.015717765950349162,-0.004940223410028835,-0.012152385973327436,0.007034113395530194,-0.0007409453115853583,-0.00088385015370355,0.02635479603068217,0.013993804089911997,0.03114826269144749,0.00239809615790758,0.015602043278592001,-0.023655694163513503,0.03326726622243551,0.0,0.02865912546688333,0.018974724445743166,0.00400663219113635,-0.023745771860492162,0.04581973575250167,0.02637694081051566,-0.002308668023668782,-0.0069795836306924845,-0.0003004020543985334,-0.0005182143343341498,0.035721483240373345,-0.005129201178395618,0.0034972432297663597,0.01520597969660981,-0.0005646210951324331,0.00016847454526424665,0.02865912546688333,-0.018974724445743166,-0.05962172977160499,0.0,-0.07702394934866999,0.003296659432172632,0.0045550750101510835,-0.0025472278320880907,-0.011019196196955015,-0.005069952824002234,-8.547160703096668e-05,-0.0008458092815089534,-0.021708195726700692,-0.0030539585869625,-0.010332231129116904,-0.016197170281099346,-0.00046067569749101673,-0.01252236667639573,0.00400663219113635,0.023745771860492162,-0.07702394934866999,-0.003296659432172632,0.04294978073964383,0.0,-0.0066518519049455485,0.03801268399638498,0.01606928407615347,0.014609594860456066,-0.0005444682070260293,0.0011417752077830504,-0.008747720134839777,0.04027898213641168,0.0014119501565352255,0.011842510681722065,-0.015717765950349162,0.004940223410028835,0.04581973575250167,-0.02637694081051566,0.0045550750101510835,0.0025472278320880907,-0.0066518519049455485,-0.03801268399638498,-0.017268764647718673,0.0,0.003689214569914917,-0.00417323697693505,0.00014169045818161654,0.0009314623111746326,-0.12085018747392501,0.03213205009677467,-0.03050108602198817,-0.03209965294242683,-0.012152385973327436,-0.007034113395530194,-0.002308668023668782,0.0069795836306924845,-0.011019196196955015,0.005069952824002234,0.01606928407615347,-0.014609594860456066,0.003689214569914917,0.00417323697693505,0.08355255202834,0.0,0.9997908210561501
0.14799999999999985,0.001613007866606333,0.0,-0.0005169971144241659,-0.0013335677058859165,0.0006246635896092498,-0.0021115270868393332,0.0017631293561920286,-0.00023200073310131682,-0.00021692033439433327,-0.0011897452147964,-0.00012486754024311657,-0.0005729722524329183,-0.0005314660423963667,-0.0006519708591571166,0.0011746988677108334,0.00043730573275336675,0.0005962920604928164,0.000767263091665584,-0.0005169971144241659,0.0013335677058859165,0.44188865753068335,0.0,0.22464710150355002,0.031727962340239495,0.05806299598326334,0.045278539487102164,0.026041643862075494,-0.014892696089185335,0.035162301469923336,0.005664152094905354,-0.021311304352849,0.002879894835423883,-0.008815565688587622,-0.040675024285725,-0.12026104985247336,-0.033979527259615,0.0006246635896092498,0.0021115270868393332,0.22464710150355002,-0.031727962340239495,0.3416429682023502,0.0,0.04999557096889668,0.057597289894261654,0.03133664339581167,-0.002426779612116834,0.0036338999122800674,-0.014260581929327904,-0.010365731125185965,0.015372855060574942,0.0022379459948162826,-0.01229393928186274,-0.030976180563130503,0.029503157567890664,0.0017631293561920286,0.00023200073310131682,0.05806299598326334,-0.045278539487102164,0.04999557096889668,-0.057597289894261654,0.132495855848465,0.0,0.01568114242161917,0.023401981574429003,-0.0006656279261993581,-0.00018760335225014984,-0.0005162156988074734,0.012388452725266516,-0.015581575948795832,-0.0051967071730926,-0.012014284965031118,0.006728357673512833,-0.00021692033439433327,0.0011897452147964,0.026041643862075494,0.014892696089185335,0.03133664339581167,0.002426779612116834,0.01568114242161917,-0.023401981574429003,0.033716798809041666,0.0,0.028706134851591663,0.019135773545520842,0.004290684327296358,-0.023747733765137505,0.046282688801180014,0.026379367049130003,-0.0019483902043914837,-0.007102800055160435,-0.00012486754024311657,0.0005729722524329183,0.035162301469923336,-0.005664152094905354,0.0036338999122800674,0.014260581929327904,-0.0006656279261993581,0.00018760335225014984,0.028706134851591663,-0.019135773545520842,-0.06019099217663664,0.0,-0.07719301872801002,0.003161552575072869,0.004628294001809468,-0.0027805927165309332,-0.010630172198748214,-0.005195965539519968,-0.0005314660423963667,0.0006519708591571166,-0.021311304352849,-0.002879894835423883,-0.010365731125185965,-0.015372855060574942,-0.0005162156988074734,-0.012388452725266516,0.004290684327296358,0.023747733765137505,-0.07719301872801002,-0.003161552575072869,0.042822754766927,0.0,-0.006626323470994821,0.03809661906499668,0.01581600739597602,0.014801104668106146,0.0011746988677108334,-0.00043730573275336675,-0.008815565688587622,0.040675024285725,0.0022379459948162826,0.01229393928186274,-0.015581575948795832,0.0051967071730926,0.046282688801180014,-0.026379367049130003,0.004628294001809468,0.0027805927165309332,-0.006626323470994821,-0.03809661906499668,-0.01733909313285483,0.0,0.003938031783812102,-0.0039881424692646,0.0005962920604928164,-0.000767263091665584,-0.12026104985247336,0.033979527259615,-0.030976180563130503,-0.029503157567890664,-0.012014284965031118,-0.006728357673512833,-0.0019483902043914837,0.007102800055160435,-0.010630172198748214,0.005195965539519968,0.01581600739597602,-0.014801104668106146,0.003938031783812102,0.0039881424692646,0.08314067973763334,0.0,0.9997906374527835
0.1489999999999999,0.0016128242796229167,0.0,0.001349096445933502,0.0005374598433331501,0.001145225108852,0.0018904745970621502,-0.0010108062609122674,0.001480453628814206,0.0010898583898283998,0.0006144961394310549,0.00046946216632441493,0.000334380499300593,0.000833645539728117,7.48178257030199e-05,-0.0011236211866195163,0.0005005089277473049,-0.000988812090198551,-0.00012728648810598318,0.001349096445933502,-0.0005374598433331501,0.4431327027016333,0.0,0.22552349784575,0.024548850263093377,0.05848380990200333,0.044154495313791,0.025712121670553,-0.015738517640580894,0.034578171865746646,0.0062191523451772986,-0.020955472717723675,0.0027259596440585157,-0.008904879862763452,-0.041019301609615,-0.11952818646059502,-0.03582661659251166,0.001145225108852,-0.0018904745970621502,0.22552349784575,-0.024548850263093377,0.3398421679071001,0.0,0.04978500171275334,0.057725757320341686,0.031557892390098326,-0.0024739774415184997,0.003746524229545316,-0.01333411279092748,-0.010417270878174513,0.014559771744077254,0.0030671023692025,-0.012692737067349184,-0.031303707643345495,0.026939998460788005,-0.0010108062609122674,-0.001480453628814206,0.05848380990200333,-0.044154495313791,0.04978500171275334,-0.057725757320341686,0.13380830931427504,0.0,0.015766278042889832,0.023168606579218504,-0.0007485045286662662,-0.0002067798379026334,-0.0005590495351115832,0.012236810344791984,-0.015448038020249164,-0.0054549889529436684,-0.011876302121244752,0.0064017976620947955,0.0010898583898283998,-0.0006144961394310549,0.025712121670553,0.015738517640580894,0.031557892390098326,0.0024739774415184997,0.015766278042889832,-0.023168606579218504,0.03417745212732001,0.0,0.028743738577688336,0.019302512872697502,0.004553864300929867,-0.023751393883431834,0.046745994645559986,0.026393835977880496,-0.0015656589746320837,-0.007201852170384199,0.00046946216632441493,-0.000334380499300593,0.034578171865746646,-0.0062191523451772986,0.003746524229545316,0.01333411279092748,-0.0007485045286662662,0.0002067798379026334,0.028743738577688336,-0.019302512872697502,-0.06075809317619834,0.0,-0.07736177991152333,0.0030356652794161316,0.004680649569666517,-0.0030154532967266844,-0.010265039025782146,-0.005297543446564218,0.000833645539728117,-7.48178257030199e-05,-0.020955472717723675,-0.0027259596440585157,-0.010417270878174513,-0.014559771744077254,-0.0005590495351115832,-0.012236810344791984,0.004553864300929867,0.023751393883431834,-0.07736177991152333,-0.0030356652794161316,0.042688833465945,0.0,-0.006587500342579949,0.038167117520246686,0.015526240677126204,0.014953490398240685,-0.0011236211866195163,-0.0005005089277473049,-0.008904879862763452,0.041019301609615,0.0030671023692025,0.012692737067349184,-0.015448038020249164,0.0054549889529436684,0.046745994645559986,-0.026393835977880496,0.004680649569666517,0.0030154532967266844,-0.006587500342579949,-0.038167117520246686,-0.017407049739403838,0.0,0.004205703589119449,-0.003783895950368137,-0.000988812090198551,0.00012728648810598318,-0.11952818646059502,0.03582661659251166,-0.031303707643345495,-0.026939998460788005,-0.011876302121244752,-0.0064017976620947955,-0.0015656589746320837,0.007201852170384199,-0.010265039025782146,0.005297543446564218,0.015526240677126204,-0.014953490398240685,0.004205703589119449,0.003783895950368137,0.08269330697686166,0.0,0.9997904538572501
0.1500000000000002,0.001612640708899483,0.0,-0.001344476448594572,0.0006344242978484672,-0.0021811832734736835,-0.00042308027650416765,-0.0004429211981810168,-0.0017786747748141211,-0.00120296833081975,0.0004464576419962166,-0.0005713272457963167,9.501698969304028e-05,-0.0006395699036461416,0.000524861179715567,0.0004320490238544333,-0.0011023933095573803,0.0008051544603595117,-0.0005866858777401663,-0.001344476448594572,-0.0006344242978484672,0.4441353397184667,0.0,0.22628539203768339,0.017373891193942538,0.05883751634219,0.04297885532686751,0.02534038746995733,-0.016507706306852405,0.03393381955821,0.006783382856913243,-0.020619267200710834,0.00255297079323525,-0.009047050681777023,-0.04131622348317499,-0.11867761416842164,-0.03768840676838168,-0.0021811832734736835,0.00042308027650416765,0.22628539203768339,-0.017373891193942538,0.33831597294145005,0.0,0.04956364696304503,0.057862165076894984,0.031793382345079994,-0.0025510384259769168,0.0037996645504444508,-0.012429972109844433,-0.010493284625444967,0.01374625998134132,0.003894725636905607,-0.013059664907741901,-0.03151107071072516,0.024415138831359522,-0.0004429211981810168,0.0017786747748141211,0.05883751634219,-0.04297885532686751,0.04956364696304503,-0.057862165076894984,0.13511470887603327,0.0,0.015868551413536332,0.022921044810799165,-0.0008369738015245998,-0.0002349751691997498,-0.0005813658130488633,0.012088865940186178,-0.015354649443130664,-0.0057172653759526015,-0.011770931318444228,0.0060687411666944194,-0.00120296833081975,-0.0004464576419962166,0.02534038746995733,0.016507706306852405,0.031793382345079994,0.0025510384259769168,0.015868551413536332,-0.022921044810799165,0.034649958120195,0.0,0.028757718085880003,0.019492934511276996,0.004815719455735717,-0.0237549400314055,0.04718911229067667,0.026437552891681995,-0.0011671009781246832,-0.007260919979596731,-0.0005713272457963167,-9.501698969304028e-05,0.03393381955821,-0.006783382856913243,0.0037996645504444508,0.012429972109844433,-0.0008369738015245998,0.0002349751691997498,0.028757718085880003,-0.019492934511276996,-0.06132369198032834,0.0,-0.07754172184417331,0.002910823936071715,0.004717742765479463,-0.0032536618299614183,-0.009894317059893453,-0.0053941188612229175,-0.0006395699036461416,-0.000524861179715567,-0.020619267200710834,-0.00255297079323525,-0.010493284625444967,-0.01374625998134132,-0.0005813658130488633,-0.012088865940186178,0.004815719455735717,0.0237549400314055,-0.07754172184417331,-0.002910823936071715,0.042548213970123,0.0,-0.006565446895737518,0.03823358493021334,0.015212257024541652,0.015092955177288928,0.0004320490238544333,0.0011023933095573803,-0.009047050681777023,0.04131622348317499,0.003894725636905607,0.013059664907741901,-0.015354649443130664,0.0057172653759526015,0.04718911229067667,-0.026437552891681995,0.004717742765479463,0.0032536618299614183,-0.006565446895737518,-0.03823358493021334,-0.017473291056611166,0.0,0.004469289890752516,-0.0035541167519670676,0.0008051544603595117,0.0005866858777401663,-0.11867761416842164,0.03768840676838168,-0.03151107071072516,-0.024415138831359522,-0.011770931318444228,-0.0060687411666944194,-0.0011671009781246832,0.007260919979596731,-0.009894317059893453,0.0053941188612229175,0.015212257024541652,-0.015092955177288928,0.004469289890752516,0.0035541167519670676,0.08221041898011333,0.0,0.9997902702776665
0.15099999999999986,0.0016124571472876839,0.0,0.0004821028840665333,-0.0014514552024925164,0.0017571528934371772,-0.0013485675224100663,0.0016402487091691335,0.0008606632579655176,0.00045908166766651687,-0.0012268422040852182,0.0003237606472152933,-0.0004855246567027831,0.0001029672317563666,-0.0008103903557891999,0.00044228320068825016,0.0010397559904763002,-0.00017749565343348322,0.0009709205005152163,0.0004821028840665333,0.0014514552024925164,0.4448977917160167,0.0,0.22692915991276666,0.010241153976559298,0.05914759935514835,0.04177160453147239,0.0249504883467005,-0.01723954669886062,0.03324773122607833,0.0073316186628231824,-0.020235219306404054,0.0023432249938962666,-0.009190660957663816,-0.04159486792912999,-0.11774380397715337,-0.03954190342771332,0.0017571528934371772,0.0013485675224100663,0.22692915991276666,-0.010241153976559298,0.3370633438171999,0.0,0.04934177786059168,0.05800825407038499,0.03205262874461167,-0.0026500540156158578,0.003787374172601751,-0.011550598006801195,-0.01051210263028765,0.012965569396259364,0.004741651975018732,-0.013456127022412638,-0.031628072877731686,0.021891769112240184,0.0016402487091691335,-0.0008606632579655176,0.05914759935514835,-0.04177160453147239,0.04934177786059168,-0.05800825407038499,0.13641457245488334,0.0,0.015998605755427005,0.022652673861336493,-0.0009390431784380332,-0.0002818151889918333,-0.0005975579666277449,0.011943656637126964,-0.015274690215719332,-0.005971761773722916,-0.011677236728968532,0.005771146546484133,0.00045908166766651687,0.0012268422040852182,0.0249504883467005,0.01723954669886062,0.03205262874461167,0.0026500540156158578,0.015998605755427005,-0.022652673861336493,0.035135636221366645,0.0,0.028749674204211657,0.019676776111462835,0.0051065410220538674,-0.023746991671099164,0.047603501860781654,0.026504648275648676,-0.0007963731434927032,-0.007276634397677568,0.0003237606472152933,0.0004855246567027831,0.03324773122607833,-0.0073316186628231824,0.003787374172601751,0.011550598006801195,-0.0009390431784380332,0.0002818151889918333,0.028749674204211657,-0.019676776111462835,-0.061888063167516674,0.0,-0.07772450153443165,0.002785489793327966,0.004763390368280687,-0.00348888943016485,-0.009523511522556215,-0.005479718178667465,0.0001029672317563666,0.0008103903557891999,-0.020235219306404054,-0.0023432249938962666,-0.01051210263028765,-0.012965569396259364,-0.0005975579666277449,-0.011943656637126964,0.0051065410220538674,0.023746991671099164,-0.07772450153443165,-0.002785489793327966,0.042401054178542515,0.0,-0.00656169536193091,0.03829808258422498,0.01489691207936606,0.015244017538143103,0.00044228320068825016,-0.0010397559904763002,-0.009190660957663816,0.04159486792912999,0.004741651975018732,0.013456127022412638,-0.015274690215719332,0.005971761773722916,0.047603501860781654,-0.026504648275648676,0.004763390368280687,0.00348888943016485,-0.00656169536193091,-0.03829808258422498,-0.017538562359130167,0.0,0.0046991243165957165,-0.0033063625658025,-0.00017749565343348322,-0.0009709205005152163,-0.11774380397715337,0.03954190342771332,-0.031628072877731686,-0.021891769112240184,-0.011677236728968532,-0.005771146546484133,-0.0007963731434927032,0.007276634397677568,-0.009523511522556215,0.005479718178667465,0.01489691207936606,-0.015244017538143103,0.0046991243165957165,0.0033063625658025,0.08169185669984834,0.0,0.9997900867087168
0.152,0.0016122735765305499,0.0,0.0007302519924610664,0.0013923314624674852,-0.0001502082673235165,0.0021945862492884663,-0.0017124028249254006,0.00064635489966085,0.0006315183844142165,0.0011726247019155666,0.00011942918902156679,0.0005577679153453968,0.0004950467654509168,0.0006543829912986374,-0.0010053113602461498,-0.00041670915752586304,-0.0005578045730784495,-0.0008213311938751334,0.0007302519924610664,-0.0013923314624674852,0.44542133373628334,0.0,0.2274943487554,0.0031485163940996484,0.05945314638234837,0.04058295211926684,0.024576525987944,-0.017979723555177497,0.03255885183809,0.0078569650921674,-0.019818884211839173,0.002139604144232134,-0.00928908923604671,-0.04185700689294166,-0.11673245782381504,-0.04132965499252667,-0.0001502082673235165,-0.0021945862492884663,0.2274943487554,-0.0031485163940996484,0.3360824519839168,0.0,0.04917342660076832,0.05814425249981167,0.03236774515780166,-0.0027679586568038505,0.003729183015908418,-0.0106769758832011,-0.010449833857161302,0.012244857125976399,0.0056199284412142,-0.013882923830079691,-0.03163577683657734,0.019380913307847334,-0.0017124028249254006,-0.00064635489966085,0.05945314638234837,-0.04058295211926684,0.04917342660076832,-0.05814425249981167,0.13770769469266664,0.0,0.016153443782800456,0.022394892943981334,-0.0010432468346686663,-0.0003381180640617166,-0.0006164786153653334,0.011787258781868032,-0.01515541304532633,-0.006202828447656568,-0.011555439943785868,0.005526490325141066,0.0006315183844142165,-0.0011726247019155666,0.024576525987944,0.017979723555177497,0.03236774515780166,0.0027679586568038505,0.016153443782800456,-0.022394892943981334,0.035634459703663336,0.0,0.028731526441778333,0.0198276260211852,0.005419871584243851,-0.023731849426629495,0.04800396271090335,0.026577909799590158,-0.00046257209066246675,-0.007259412617906616,0.00011942918902156679,-0.0005577679153453968,0.03255885183809,-0.0078569650921674,0.003729183015908418,0.0106769758832011,-0.0010432468346686663,0.0003381180640617166,0.028731526441778333,-0.0198276260211852,-0.06245085062976668,0.0,-0.07790657717361167,0.0026692329435666668,0.004818448720453316,-0.0037125025299086668,-0.009177331142257914,-0.005530815985054298,0.0004950467654509168,-0.0006543829912986374,-0.019818884211839173,-0.002139604144232134,-0.010449833857161302,-0.012244857125976399,-0.0006164786153653334,-0.011787258781868032,0.005419871584243851,0.023731849426629495,-0.07790657717361167,-0.0026692329435666668,0.04224776849916435,0.0,-0.00653862978227662,0.03836067597826667,0.0145879442709028,0.01538536954962119,-0.0010053113602461498,0.00041670915752586304,-0.00928908923604671,0.04185700689294166,0.0056199284412142,0.013882923830079691,-0.01515541304532633,0.006202828447656568,0.04800396271090335,-0.026577909799590158,0.004818448720453316,0.0037125025299086668,-0.00653862978227662,-0.03836067597826667,-0.017603300993747833,0.0,0.0049062353580444544,-0.0030502310949631867,-0.0005578045730784495,0.0008213311938751334,-0.11673245782381504,0.04132965499252667,-0.03163577683657734,-0.019380913307847334,-0.011555439943785868,-0.005526490325141066,-0.00046257209066246675,0.007259412617906616,-0.009177331142257914,0.005530815985054298,0.0145879442709028,-0.01538536954962119,0.0049062353580444544,0.0030502310949631867,0.08113807256124167,0.0,0.9997899031303168
0.15299999999999989,0.0016120900001392172,0.0,-0.0015517806656905604,-0.0004478521464744666,-0.0015231217206683962,-0.0015758661146864684,0.0006424185930935963,-0.0016817902966428336,-0.00131824697289225,-0.00030075222189463325,-0.0004489274643385,-0.00030384822999352066,-0.0008319968575452997,-0.0001006502788810951,0.000978755570120279,-0.0003986818202427166,0.0009875432665915078,0.00018830061113143335,-0.0015517806656905604,0.0004478521464744666,0.44570577472123335,0.0,0.22797806062865,-0.00393248512689775,0.0597565900989133,0.03941036505783416,0.02420701612129167,-0.018712279741003666,0.03185091284501668,0.008361968717595834,-0.019442741391111896,0.0019683924623400168,-0.009372760232652733,-0.04206895830748334,-0.11560917803756664,-0.043000431972420004,-0.0015231217206683962,0.0015758661146864684,0.22797806062865,0.00393248512689775,0.3353723711683833,0.0,0.04906658999945832,0.05824934835953335,0.03273677717897334,-0.0029156585603361336,0.0036357676902929745,-0.009798215901990617,-0.010390712493293548,0.011548654020141933,0.0065087675362943565,-0.014284237907064285,-0.03151062766366233,0.01694814644134846,0.0006424185930935963,0.0016817902966428336,0.0597565900989133,-0.03941036505783416,0.04906658999945832,-0.05824934835953335,0.13899424048375006,0.0,0.01631872567048599,0.02216498875973172,-0.0011443331453316783,-0.00039390336653093345,-0.0006309639268589385,0.011621972680678496,-0.01499844476821524,-0.00641333295990777,-0.011414402482763505,0.005304295127525716,-0.00131824697289225,0.00030075222189463325,0.02420701612129167,0.018712279741003666,0.03273677717897334,0.0029156585603361336,0.01631872567048599,-0.02216498875973172,0.036145181384376675,0.0,0.028696721580408337,0.019961682186027643,0.0057136538473764225,-0.023723331687703506,0.04839835655332501,0.026648834598722002,-0.0001293401293358833,-0.007212034591682151,-0.0004489274643385,0.00030384822999352066,0.03185091284501668,-0.008361968717595834,0.0036357676902929745,0.009798215901990617,-0.0011443331453316783,0.00039390336653093345,0.028696721580408337,-0.019961682186027643,-0.06301187206836499,0.0,-0.07808957887333497,0.0025690077337093835,0.004857779015419248,-0.0039187370333988005,-0.008844016624926733,-0.005546716507257553,-0.0008319968575452997,0.0001006502788810951,-0.019442741391111896,-0.0019683924623400168,-0.010390712493293548,-0.011548654020141933,-0.0006309639268589385,-0.011621972680678496,0.0057136538473764225,0.023723331687703506,-0.07808957887333497,-0.0025690077337093835,0.0420888781256935,0.0,-0.0064784256304610665,0.03841789746161666,0.014282062915731817,0.015480282481360796,0.000978755570120279,0.0003986818202427166,-0.009372760232652733,0.04206895830748334,0.0065087675362943565,0.014284237907064285,-0.01499844476821524,0.00641333295990777,0.04839835655332501,-0.026648834598722002,0.004857779015419248,0.0039187370333988005,-0.0064784256304610665,-0.03841789746161666,-0.017667639522712997,0.0,0.005119234678031052,-0.002782926599476517,0.0009875432665915078,-0.00018830061113143335,-0.11560917803756664,0.043000431972420004,-0.03151062766366233,-0.01694814644134846,-0.011414402482763505,-0.005304295127525716,-0.0001293401293358833,0.007212034591682151,-0.008844016624926733,0.005546716507257553,0.014282062915731817,-0.015480282481360796,0.005119234678031052,0.002782926599476517,0.08055069525279836,0.0,0.9997897195452166
0.15399999999999994,0.0016119064339458168,0.0,0.0014369553546375166,-0.0008398663539561162,0.00217969354746225,-6.309965430539993e-05,0.0008221334919877333,0.0015919255941691988,0.0011166274548208832,-0.0008100154977683498,0.0005150722270556,-8.872652468433992e-05,0.0006620849528860667,-0.0005358943923233164,-0.00040221163632976674,0.0009341258041167551,-0.0008300137057474993,0.0005657072110557182,0.0014369553546375166,0.0008398663539561162,0.4457502764189501,0.0,0.22839140090044996,-0.010992028988202314,0.06003662125366001,0.038213491291505995,0.02381041768163734,-0.019397653479651743,0.031088223498398668,0.008838837765318084,-0.019117620136828047,0.001785943156981817,-0.009490916046209469,-0.04223406688993999,-0.11438507683325166,-0.04456663042534833,0.00217969354746225,6.309965430539993e-05,0.22839140090044996,0.010992028988202314,0.3349327143576332,0.0,0.048975686700685,0.05834070256897002,0.03312548007335167,-0.0030965762726886162,0.003506430830705049,-0.00894253180101935,-0.010394144569435456,0.010832084386499385,0.00739249538828505,-0.01465152911663779,-0.03129158199300183,0.014626781241866256,0.0008221334919877333,-0.0015919255941691988,0.06003662125366001,-0.038213491291505995,0.048975686700685,-0.05834070256897002,0.14027440216918335,0.0,0.0164906663733205,0.021945067894353867,-0.0012494279953233164,-0.00046380650377633324,-0.0006373327132137332,0.01147107615090052,-0.01485441878309248,-0.006622778877047338,-0.011308666716684287,0.005066887392250317,0.0011166274548208832,0.0008100154977683498,0.02381041768163734,0.019397653479651743,0.03312548007335167,0.0030965762726886162,0.0164906663733205,-0.021945067894353867,0.036667177160536676,0.0,0.028638067301518338,0.02010788847901143,0.005975944396888172,-0.023724871785225834,0.04879123196038832,0.026729430433686495,0.00021785529244413654,-0.007138519065106119,0.0005150722270556,8.872652468433992e-05,0.031088223498398668,-0.008838837765318084,0.003506430830705049,0.00894253180101935,-0.0012494279953233164,0.00046380650377633324,0.028638067301518338,-0.02010788847901143,-0.06357170808490167,0.0,-0.07829517912538497,0.002482493156566999,0.00486833378699195,-0.0041093486720097374,-0.008483054764497504,-0.0055582797265087735,0.0006620849528860667,0.0005358943923233164,-0.019117620136828047,-0.001785943156981817,-0.010394144569435456,-0.010832084386499385,-0.0006373327132137332,-0.01147107615090052,0.005975944396888172,0.023724871785225834,-0.07829517912538497,-0.002482493156566999,0.04192476256036532,0.0,-0.00641753073158973,0.03847316073475834,0.0139902995883417,0.015538935730371517,-0.00040221163632976674,-0.0009341258041167551,-0.009490916046209469,0.04223406688993999,0.00739249538828505,0.01465152911663779,-0.01485441878309248,0.006622778877047338,0.04879123196038832,-0.026729430433686495,0.00486833378699195,0.0041093486720097374,-0.00641753073158973,-0.03847316073475834,-0.017731786606624503,0.0,0.005337486775399782,-0.0024964454897201055,-0.0008300137057474993,-0.0005657072110557182,-0.11438507683325166,0.04456663042534833,-0.03129158199300183,-0.014626781241866256,-0.011308666716684287,-0.005066887392250317,0.00021785529244413654,0.007138519065106119,-0.008483054764497504,0.0055582797265087735,0.0139902995883417,-0.015538935730371517,0.005337486775399782,0.0024964454897201055,0.079931791562245,0.0,0.9997895359709
0.15499999999999997,0.0016117228808684167,0.0,-0.0004004786503230832,0.0016733202957501497,-0.0013855496113160837,0.0016430857552120171,-0.0017223738642303497,-0.00045971489872831633,-0.00013697063236748358,0.0014132144334004996,-0.00029888229726955336,0.000423000051038005,-9.411963023309836e-05,0.0008439594878057,-0.00033597101803161663,-0.0009056423412682672,0.00017531461848629984,-0.0009801477686412667,-0.0004004786503230832,-0.0016733202957501497,0.44555564568603345,0.0,0.2287180169090333,-0.017968835129489373,0.06027114053384999,0.036978327988897,0.023388669428308664,-0.020040046713759543,0.030274795713866674,0.009272376628592918,-0.018766035664247435,0.001541969478387783,-0.009623533348472635,-0.042389567813935006,-0.11307793468409501,-0.04606200696634164,-0.0013855496113160837,-0.0016430857552120171,0.2287180169090333,0.017968835129489373,0.3347616055638999,0.0,0.04886455937344666,0.05843138740469501,0.03350601794957834,-0.003295704037499066,0.003349752533930851,-0.008138695289702761,-0.010397376571992715,0.010117503728439826,0.008287341032108366,-0.015036405246442258,-0.031025773607159836,0.012367666333582484,-0.0017223738642303497,0.00045971489872831633,0.06027114053384999,-0.036978327988897,0.04886455937344666,-0.05843138740469501,0.14154796804341663,0.0,0.016673540901167384,0.021704698132024507,-0.0013526688592562354,-0.0005707931528485168,-0.0006504122927968332,0.011337801877041883,-0.01473297987254183,-0.006833903265305166,-0.011266837057435702,0.004820826451361849,-0.00013697063236748358,-0.0014132144334004996,0.023388669428308664,0.020040046713759543,0.03350601794957834,0.003295704037499066,0.016673540901167384,-0.021704698132024507,0.03720093735317166,0.0,0.02856388392457834,0.02025029917007004,0.006234730649235235,-0.023714552545106165,0.04917705767859835,0.02682209275154983,0.000545585739977667,-0.007052707106188634,-0.00029888229726955336,-0.000423000051038005,0.030274795713866674,-0.009272376628592918,0.003349752533930851,0.008138695289702761,-0.0013526688592562354,0.0005707931528485168,0.02856388392457834,-0.02025029917007004,-0.06413098272798999,0.0,-0.07851131206640667,0.0024033186837444007,0.0048672011508722616,-0.004289130098992267,-0.008087686937922998,-0.005584074914576756,-9.411963023309836e-05,-0.0008439594878057,-0.018766035664247435,-0.001541969478387783,-0.010397376571992715,-0.010117503728439826,-0.0006504122927968332,-0.011337801877041883,0.006234730649235235,0.023714552545106165,-0.07851131206640667,-0.0024033186837444007,0.04175581385042981,0.0,-0.006388836621044236,0.03851868069049501,0.013730675308364552,0.01560336354711945,-0.00033597101803161663,0.0009056423412682672,-0.009623533348472635,0.042389567813935006,0.008287341032108366,0.015036405246442258,-0.01473297987254183,0.006833903265305166,0.04917705767859835,-0.02682209275154983,0.0048672011508722616,0.004289130098992267,-0.006388836621044236,-0.03851868069049501,-0.017796158556992,0.0,0.005527475996787071,-0.002194880100115967,0.00017531461848629984,0.0009801477686412667,-0.11307793468409501,0.04606200696634164,-0.031025773607159836,-0.012367666333582484,-0.011266837057435702,-0.004820826451361849,0.000545585739977667,0.007052707106188634,-0.008087686937922998,0.005584074914576756,0.013730675308364552,-0.01560336354711945,0.005527475996787071,0.002194880100115967,0.07928280031716332,0.0,0.9997893524105165
0.15599999999999997,0.0016115393282486502,0.0,-0.0009536759381534672,-0.001495097859869024,-0.0003164192010346616,-0.00208342923999473,0.0014720958769205328,-0.0009308526174344333,-0.0009939691159923168,-0.0010811404743057665,-7.918749762963314e-05,-0.0005003838063914613,-0.0005226900830984,-0.0006639472000261663,0.00082116671101563,0.0004199103352672667,0.0005918185497509217,0.0008111619603212337,-0.0009536759381534672,0.001495097859869024,0.44512494754340004,0.0,0.22899324866218326,-0.024820543483252903,0.06047565167658165,0.03575705588638499,0.022986958593916338,-0.020681631305845452,0.029461617934308675,0.0096670816514812,-0.018347304189646498,0.0012576046717306501,-0.009710645229415168,-0.04256116068479666,-0.11169778478273502,-0.04749557685588502,-0.0003164192010346616,0.00208342923999473,0.22899324866218326,0.024820543483252903,0.3348548681301165,0.0,0.048756246631488344,0.05852124416700166,0.03389146313606002,-0.0034985145281011334,0.003183545693122333,-0.007381140821614314,-0.010323566743092398,0.009463718018416898,0.00921402044591765,-0.015466591035594137,-0.030709505035124835,0.010142013879853216,0.0014720958769205328,0.0009308526174344333,0.06047565167658165,-0.03575705588638499,0.048756246631488344,-0.05852124416700166,0.14281436342258333,0.0,0.0168677316809222,0.021445368259899168,-0.0014298911396825246,-0.00070912879892345,-0.0006777986480164336,0.0111980185707105,-0.014589632972411502,-0.007024951811960235,-0.011257744149919514,0.004604522917502826,-0.0009939691159923168,0.0010811404743057665,0.022986958593916338,0.020681631305845452,0.03389146313606002,0.0034985145281011334,0.0168677316809222,-0.021445368259899168,0.037746703228431676,0.0,0.028501362396916672,0.020354678690720183,0.0065114392304127305,-0.023682198123542997,0.04956674636825665,0.026917344027144328,0.0008273513643972511,-0.00696122777405825,-7.918749762963314e-05,0.0005003838063914613,0.029461617934308675,-0.0096670816514812,0.003183545693122333,0.007381140821614314,-0.0014298911396825246,0.00070912879892345,0.028501362396916672,-0.020354678690720183,-0.06468946692385333,0.0,-0.07871327754450001,0.0023314528731974097,0.004873265802909233,-0.004461871290509899,-0.007701933744192018,-0.005606680384122666,-0.0005226900830984,0.0006639472000261663,-0.018347304189646498,-0.0012576046717306501,-0.010323566743092398,-0.009463718018416898,-0.0006777986480164336,-0.0111980185707105,0.0065114392304127305,0.023682198123542997,-0.07871327754450001,-0.0023314528731974097,0.041582732356743,0.0,-0.006372678547174533,0.03855029111076166,0.013510363683803346,0.015689176380106782,0.00082116671101563,-0.0004199103352672667,-0.009710645229415168,0.04256116068479666,0.00921402044591765,0.015466591035594137,-0.014589632972411502,0.007024951811960235,0.04956674636825665,-0.026917344027144328,0.004873265802909233,0.004461871290509899,-0.006372678547174533,-0.03855029111076166,-0.01786111444768384,0.0,0.005679025198715616,-0.0018879893224451633,0.0005918185497509217,-0.0008111619603212337,-0.11169778478273502,0.04749557685588502,-0.030709505035124835,-0.010142013879853216,-0.011257744149919514,-0.004604522917502826,0.0008273513643972511,0.00696122777405825,-0.007701933744192018,0.005606680384122666,0.013510363683803346,-0.015689176380106782,0.005679025198715616,0.0018879893224451633,0.07860459621148833,0.0,0.9997891688493169
0.157,0.0016113557659541496,0.0,0.0017775835155387572,0.00035734875958489504,0.0017469416345542675,0.0011273074546505832,-0.0003096563818608668,0.0016575842994724405,0.0015149691559958162,-1.0611153565916797e-05,0.00036843082556917666,0.0003005109541023836,0.0008520115133865498,8.544332685351645e-05,-0.0008648230798831581,0.0002333535708323167,-0.0010210498669409333,-0.00014063635006708312,0.0017775835155387572,-0.00035734875958489504,0.44446143796129983,0.0,0.22921413543805,-0.03156769955886332,0.060654057748253325,0.034585740493819996,0.022617449695083995,-0.021321418390202497,0.028669910660267823,0.010042545858108117,-0.017906264810086437,0.000986100526976033,-0.009741780797783334,-0.04271680162530334,-0.11021819278876666,-0.04883466657792667,0.0017469416345542675,-0.0011273074546505832,0.22921413543805,0.03156769955886332,0.3352077790051334,0.0,0.04866906119085666,0.058604002978336664,0.03429854496127,-0.003709890103062334,0.0030090805103676296,-0.006646578517034583,-0.010201026828747599,0.008864448167367549,0.010155980435039635,-0.015897433300185265,-0.030304983777327335,0.00799727128584715,-0.0003096563818608668,-0.0016575842994724405,0.060654057748253325,-0.034585740493819996,0.04866906119085666,-0.058604002978336664,0.14407334235073332,0.0,0.0170562338981585,0.021195327595857173,-0.0014667146316872505,-0.0008481852210473669,-0.0006953366220068667,0.011033428033825567,-0.014397123718519237,-0.0071811872453558445,-0.011230330540290394,0.004419475484964337,0.0015149691559958162,1.0611153565916797e-05,0.022617449695083995,0.021321418390202497,0.03429854496127,0.003709890103062334,0.0170562338981585,-0.021195327595857173,0.038303542174373324,0.0,0.02845178962115167,0.020420441455769666,0.006787091163280416,-0.023644561085484003,0.04996905127536833,0.027000179474087165,0.0010867732857395833,-0.006847707430649433,0.00036843082556917666,-0.0003005109541023836,0.028669910660267823,-0.010042545858108117,0.0030090805103676296,0.006646578517034583,-0.0014667146316872505,0.0008481852210473669,0.02845178962115167,-0.020420441455769666,-0.06524648227501664,0.0,-0.07888028054458832,0.0022664514486334998,0.004876431410303351,-0.004628840105053997,-0.007356217657211756,-0.005602140841382068,0.0008520115133865498,-8.544332685351645e-05,-0.017906264810086437,-0.000986100526976033,-0.010201026828747599,-0.008864448167367549,-0.0006953366220068667,-0.011033428033825567,0.006787091163280416,0.023644561085484003,-0.07888028054458832,-0.0022664514486334998,0.04140626745467033,0.0,-0.006335655075650051,0.038570532834020003,0.013311079055898184,0.015765423738019514,-0.0008648230798831581,-0.0002333535708323167,-0.009741780797783334,0.04271680162530334,0.010155980435039635,0.015897433300185265,-0.014397123718519237,0.0071811872453558445,0.04996905127536833,-0.027000179474087165,0.004876431410303351,0.004628840105053997,-0.006335655075650051,-0.038570532834020003,-0.017926651318091333,0.0,0.005820853157799477,-0.0015698210151109913,-0.0010210498669409333,0.00014063635006708312,-0.11021819278876666,0.04883466657792667,-0.030304983777327335,-0.00799727128584715,-0.011230330540290394,-0.004419475484964337,0.0010867732857395833,0.006847707430649433,-0.007356217657211756,0.005602140841382068,0.013311079055898184,-0.015765423738019514,0.005820853157799477,0.0015698210151109913,0.07789839416015834,0.0,0.9997889852793835
0.15800000000000003,0.0016111722083750172,0.0,-0.001504086474939167,0.00105964199764525,-0.001994850330447667,0.0005426218757080999,-0.0009963893518726745,-0.0013285014284844026,-0.001041382644914533,0.0011497572140973336,-0.0004430265035016836,1.1304441384066653e-05,-0.0006588123410563168,0.0005765872843742481,0.00047026890818163344,-0.0007357821288806165,0.0008304331754459662,-0.0006341983028333165,-0.001504086474939167,-0.00105964199764525,0.4435668789231165,0.0,0.22935924636678334,-0.038254150220336666,0.06077178181847998,0.03344294820280716,0.02224272165611717,-0.02190935002448061,0.027864748344076328,0.010413073552362548,-0.017490830254093783,0.0007252718798298333,-0.00976739784834565,-0.04281638141224834,-0.10863446458516667,-0.05007257808415,-0.001994850330447667,-0.0005426218757080999,0.22935924636678334,0.038254150220336666,0.3358169285374168,0.0,0.048579858461763346,0.058697996510514994,0.03471932401827834,-0.003943154678197366,0.0028085075140049705,-0.005939843863333679,-0.010105162458021899,0.008256637124881318,0.011084434516841353,-0.016279882387288384,-0.02981570793919334,0.005976333709689456,-0.0009963893518726745,0.0013285014284844026,0.06077178181847998,-0.03344294820280716,0.048579858461763346,-0.058697996510514994,0.1453253052432001,0.0,0.017226585753900174,0.02096982514285884,-0.001474936417206498,-0.0009739560440881666,-0.0006774163253351667,0.010855972092187749,-0.014191550032203914,-0.0073206543117176,-0.011174743450713976,0.0042212202057337654,-0.001041382644914533,-0.0011497572140973336,0.02224272165611717,0.02190935002448061,0.03471932401827834,0.003943154678197366,0.017226585753900174,-0.02096982514285884,0.03886993158143168,0.0,0.028395791992029993,0.02047613827199116,0.007040782156673945,-0.023624464138176166,0.05038382135709836,0.027071954548915336,0.0013540540577698,-0.006694783904975165,-0.0004430265035016836,-1.1304441384066653e-05,0.027864748344076328,-0.010413073552362548,0.0028085075140049705,0.005939843863333679,-0.001474936417206498,0.0009739560440881666,0.028395791992029993,-0.02047613827199116,-0.06580164154590501,0.0,-0.07903384447651499,0.0022026887525996497,0.00485252978109225,-0.004792015700599083,-0.007031682028745196,-0.005577578853443284,-0.0006588123410563168,-0.0005765872843742481,-0.017490830254093783,-0.0007252718798298333,-0.010105162458021899,-0.008256637124881318,-0.0006774163253351667,-0.010855972092187749,0.007040782156673945,0.023624464138176166,-0.07903384447651499,-0.0022026887525996497,0.041226683109071,0.0,-0.006289265134741534,0.03859309926549167,0.013109050580621758,0.015812502515173913,0.00047026890818163344,0.0007357821288806165,-0.00976739784834565,0.04281638141224834,0.011084434516841353,0.016279882387288384,-0.014191550032203914,0.0073206543117176,0.05038382135709836,-0.027071954548915336,0.00485252978109225,0.004792015700599083,-0.006289265134741534,-0.03859309926549167,-0.01799247121915166,0.0,0.005977751482846833,-0.001223150517047387,0.0008304331754459662,0.0006341983028333165,-0.10863446458516667,0.05007257808415,-0.02981570793919334,-0.005976333709689456,-0.011174743450713976,-0.0042212202057337654,0.0013540540577698,0.006694783904975165,-0.007031682028745196,0.005577578853443284,0.013109050580621758,-0.015812502515173913,0.005977751482846833,0.001223150517047387,0.07716601487587169,0.0,0.9997888017133333
0.15899999999999997,0.0016109886628250668,0.0,0.00026343781698283326,-0.0018401229762033298,0.0009137872809471168,-0.0018416948303810689,0.0016607414368544665,0.0001512014259235668,-0.0001308538718410833,-0.0015692328497715505,0.00030794123591256655,-0.00029507974274771664,4.2649304759476476e-05,-0.0008825845802508668,0.00014085197317271656,0.000833247280392266,-0.00013724494173846652,0.0010208413669681002,0.00026343781698283326,0.0018401229762033298,0.4424424757129499,0.0,0.2294066968650166,-0.04487540921492333,0.06079294843797834,0.032293801529196246,0.021835429096592005,-0.022417016347849473,0.027014497938177496,0.010771449405259348,-0.017071835583169864,0.0004393545467186167,-0.009815205185246785,-0.04286164736791833,-0.10696880602447997,-0.05124451624754498,0.0009137872809471168,0.0018416948303810689,0.2294066968650166,0.04487540921492333,0.33667979953596666,0.0,0.04846220575707168,0.058814223706928334,0.03513781795904165,-0.00420112617565475,0.0025716142343569707,-0.005290385997554316,-0.010021082449044127,0.007629029548349617,0.012001018595899785,-0.016623950467335537,-0.0292719018472165,0.004046242823456816,0.0016607414368544665,-0.0001512014259235668,0.06079294843797834,-0.032293801529196246,0.04846220575707168,-0.058814223706928334,0.14657087899310006,0.0,0.017390050951214327,0.020747477609105166,-0.0014746653976912853,-0.001102184839044267,-0.0006301605378044334,0.010681854639668,-0.01401392464386355,-0.007464063110431233,-0.011118096183671766,0.003988173730757949,-0.0001308538718410833,0.0015692328497715505,0.021835429096592005,0.022417016347849473,0.03513781795904165,0.00420112617565475,0.017390050951214327,-0.020747477609105166,0.039444991563605,0.0,0.02832660708128167,0.020527910349508495,0.0072935929130929335,-0.023611645010035993,0.05079750701472667,0.027142727171321674,0.0016110449834818288,-0.006514517369295669,0.00030794123591256655,0.00029507974274771664,0.027014497938177496,-0.010771449405259348,0.0025716142343569707,0.005290385997554316,-0.0014746653976912853,0.001102184839044267,0.02832660708128167,-0.020527910349508495,-0.06635489096000331,0.0,-0.079199565394995,0.0021353595642602478,0.004803667545961809,-0.0049566192079761985,-0.006699661488198642,-0.005559660883592122,4.2649304759476476e-05,0.0008825845802508668,-0.017071835583169864,-0.0004393545467186167,-0.010021082449044127,-0.007629029548349617,-0.0006301605378044334,-0.010681854639668,0.0072935929130929335,0.023611645010035993,-0.079199565394995,-0.0021353595642602478,0.041043839675221655,0.0,-0.00627028567805359,0.03862089125602334,0.012892362281611381,0.015855657564880214,0.00014085197317271656,-0.000833247280392266,-0.009815205185246785,0.04286164736791833,0.012001018595899785,0.016623950467335537,-0.01401392464386355,0.007464063110431233,0.05079750701472667,-0.027142727171321674,0.004803667545961809,0.0049566192079761985,-0.00627028567805359,-0.03862089125602334,-0.018058372941768003,0.0,0.006125988578836251,-0.0008507486392373716,-0.00013724494173846652,-0.0010208413669681002,-0.10696880602447997,0.05124451624754498,-0.0292719018472165,-0.004046242823456816,-0.011118096183671766,-0.003988173730757949,0.0016110449834818288,0.006514517369295669,-0.006699661488198642,0.005559660883592122,0.012892362281611381,-0.015855657564880214,0.006125988578836251,0.0008507486392373716,0.07640890791819334,0.0,0.9997886181599
0.1600000000000001,0.0016108051213668997,0.0,0.001155354754291141,0.00146772857734799,0.0007953065966606835,0.0018812714511104065,-0.0012162057602838783,0.0011372768378201832,0.0012347082627696333,0.0009911563635749835,-1.905821935659994e-05,0.0004124423011536766,0.0005931135871953632,0.0006538242778539999,-0.0006478702597900748,-0.0005119457053297214,-0.0006188744942330833,-0.0007920250711838328,0.001155354754291141,-0.00146772857734799,0.44109103194590016,0.0,0.22935563092706665,-0.05138426877744666,0.06073912226675,0.031147792201398072,0.021431097119896502,-0.02287590557674383,0.026140541218509006,0.011106270524436081,-0.016599269761912384,0.00013916330189159997,-0.009855814978258935,-0.042879258703220006,-0.10523649488584001,-0.05236886876905001,0.0007953065966606835,-0.0018812714511104065,0.22935563092706665,0.05138426877744666,0.3377927935468667,0.0,0.04833065401614,0.058934788519485,0.035560676701675,-0.004474178334089274,0.0023015782790425463,-0.004698566397061218,-0.009860772302818689,0.007044641153627583,0.01292437897394255,-0.016972436427274848,-0.028678417184798344,0.0021553036861037844,-0.0012162057602838783,-0.0011372768378201832,0.06073912226675,-0.031147792201398072,0.04833065401614,-0.058934788519485,0.14780998024249997,0.0,0.0175662979873815,0.020506459303662503,-0.0014711547802381032,-0.0012434616720211748,-0.0005707222368243499,0.010505145476734569,-0.013852714418853098,-0.007597160516979487,-0.011080714512405413,0.003766744203798899,0.0012347082627696333,-0.0009911563635749835,0.021431097119896502,0.02287590557674383,0.035560676701675,0.004474178334089274,0.0175662979873815,-0.020506459303662503,0.04002844469966168,0.0,0.02825735911121834,0.020550503551819997,0.007575833174309616,-0.02357686027249301,0.05119995186919833,0.027213727459466663,0.0018185519670992415,-0.006335262992669617,-1.905821935659994e-05,-0.0004124423011536766,0.026140541218509006,-0.011106270524436081,0.0023015782790425463,0.004698566397061218,-0.0014711547802381032,0.0012434616720211748,0.02825735911121834,-0.020550503551819997,-0.06690578109893168,0.0,-0.07936894366228667,0.00206372241667079,0.0047625933785263004,-0.005128184953633101,-0.0063728903901228,-0.005555118972696176,0.0005931135871953632,-0.0006538242778539999,-0.016599269761912384,-0.00013916330189159997,-0.009860772302818689,-0.007044641153627583,-0.0005707222368243499,-0.010505145476734569,0.007575833174309616,0.02357686027249301,-0.07936894366228667,-0.00206372241667079,0.04085775763968899,0.0,-0.006277816554467565,0.03864034687522332,0.012665592336206956,0.015926653569017218,-0.0006478702597900748,0.0005119457053297214,-0.009855814978258935,0.042879258703220006,0.01292437897394255,0.016972436427274848,-0.013852714418853098,0.007597160516979487,0.05119995186919833,-0.027213727459466663,0.0047625933785263004,0.005128184953633101,-0.006277816554467565,-0.03864034687522332,-0.01812445024932567,0.0,0.006227974395455801,-0.0004774884168473497,-0.0006188744942330833,0.0007920250711838328,-0.10523649488584001,0.05236886876905001,-0.028678417184798344,-0.0021553036861037844,-0.011080714512405413,-0.003766744203798899,0.0018185519670992415,0.006335262992669617,-0.0063728903901228,0.005555118972696176,0.012665592336206956,-0.015926653569017218,0.006227974395455801,0.0004774884168473497,0.07562785276281166,0.0,0.9997884346109166
0.16099999999999975,0.0016106215651854167,0.0,-0.0018499515490843666,-0.00018180618445488833,-0.0019487021973684168,-0.0006152796147581767,-5.078234003893342e-05,-0.0016296287451725334,-0.0015641948708381168,0.00020772397049233338,-0.00024338899774868324,-0.00029621169605389996,-0.0008934960864820835,-3.814432257926703e-05,0.0008242975457588999,-6.704851866494507e-05,0.0009875726467880668,9.651041422001668e-05,-0.0018499515490843666,0.00018180618445488833,0.4395164059389166,0.0,0.22922850716353338,-0.05777119997450999,0.06067576145629498,0.03004053304344946,0.021070578971642814,-0.023329207183955498,0.025280450547579193,0.011423072091165285,-0.01609287997798765,-0.00012628998957174166,-0.009858654418607516,-0.042874973177950006,-0.10345158591855333,-0.05340793630766332,-0.0019487021973684168,0.0006152796147581767,0.22922850716353338,0.05777119997450999,0.3391510979861,0.0,0.048226609560903334,0.059047845107416654,0.03601791001657166,-0.004761202722782331,0.0019925734479619276,-0.0041282983114715455,-0.009608942648995636,0.006533579406137699,0.013845076556147601,-0.01732961149464533,-0.02801488306225885,0.0003236973569972001,-5.078234003893342e-05,0.0016296287451725334,0.06067576145629498,-0.03004053304344946,0.048226609560903334,-0.059047845107416654,0.14904221608663334,0.0,0.017748919819788503,0.0202632996672925,-0.0014615264534387435,-0.0013848947219094016,-0.0004892811475293667,0.01031777718682585,-0.013674087812029102,-0.007687678942565734,-0.011051603131626486,0.0036067405526781166,-0.0015641948708381168,-0.00020772397049233338,0.021070578971642814,0.023329207183955498,0.03601791001657166,0.004761202722782331,0.017748919819788503,-0.0202632996672925,0.04061967101886001,0.0,0.02819463866643499,0.020531186973744005,0.007880852628980951,-0.023524157890713826,0.05160560498061833,0.02727800737097832,0.0019762171369170417,-0.0061620024776287505,-0.00024338899774868324,0.00029621169605389996,0.025280450547579193,-0.011423072091165285,0.0019925734479619276,0.0041282983114715455,-0.0014615264534387435,0.0013848947219094016,0.02819463866643499,-0.020531186973744005,-0.06745335291729666,0.0,-0.07952289990139665,0.0019896657539589984,0.004750417003716239,-0.00530147469680325,-0.006079448497343012,-0.005543429945855313,-0.0008934960864820835,3.814432257926703e-05,-0.01609287997798765,0.00012628998957174166,-0.009608942648995636,-0.006533579406137699,-0.0004892811475293667,-0.01031777718682585,0.007880852628980951,0.023524157890713826,-0.07952289990139665,-0.0019896657539589984,0.04066866287833516,0.0,-0.006271440706491801,0.03864850627346668,0.012436825892594894,0.016011278157889067,0.0008242975457588999,6.704851866494507e-05,-0.009858654418607516,0.042874973177950006,0.013845076556147601,0.01732961149464533,-0.013674087812029102,0.007687678942565734,0.05160560498061833,-0.02727800737097832,0.004750417003716239,0.00530147469680325,-0.006271440706491801,-0.03864850627346668,-0.018190849079972003,0.0,0.006289828555448918,-0.0001146366739548165,0.0009875726467880668,-9.651041422001668e-05,-0.10345158591855333,0.05340793630766332,-0.02801488306225885,-0.0003236973569972001,-0.011051603131626486,-0.0036067405526781166,0.0019762171369170417,0.0061620024776287505,-0.006079448497343012,0.005543429945855313,0.012436825892594894,-0.016011278157889067,0.006289828555448918,0.0001146366739548165,0.07482377756961499,0.0,0.99978825104635
0.1620000000000001,0.0016104379977817166,0.0,0.001384485755474008,-0.0012050445731175998,0.0017585385380649997,-0.0010741408403860833,0.0012375931140667833,0.0010004394392980165,0.0009206839083733664,-0.0012674673233117229,0.0003409181788534619,6.303066537345006e-05,0.0006650593372713833,-0.0006391225970929953,-0.0005487611483437065,0.0006280709390390401,-0.000739512670501395,0.0006495314593827967,0.001384485755474008,0.0012050445731175998,0.4377212037557001,0.0,0.22899778892166664,-0.06406764970147168,0.06062134350395834,0.028963933625942514,0.020730875673569252,-0.023769156943295323,0.024416192496147456,0.011728456857701568,-0.015603632448503133,-0.0003592614578095335,-0.009842705767089798,-0.04282083393321001,-0.10161776738353837,-0.054301229416985,0.0017585385380649997,0.0010741408403860833,0.22899778892166664,0.06406764970147168,0.3407503470500167,0.0,0.04815689660707167,0.059163306536556666,0.03652072527740334,-0.0050723853656638165,0.0016346427665101999,-0.0035616396355730505,-0.009349816900277278,0.006030551536214598,0.01472603636365527,-0.017658126889722504,-0.02728278354737965,-0.0013963156848405525,0.0012375931140667833,-0.0010004394392980165,0.06062134350395834,-0.028963933625942514,0.04815689660707167,-0.059163306536556666,0.1502677452752333,0.0,0.01790559968130647,0.020043818896455828,-0.0014520263979131425,-0.0015170063228156004,-0.00036566494623368784,0.010133488445166615,-0.013485589585310336,-0.007741122913904202,-0.011006915604236887,0.003479501017304482,0.0009206839083733664,0.0012674673233117229,0.020730875673569252,0.023769156943295323,0.03652072527740334,0.0050723853656638165,0.01790559968130647,-0.020043818896455828,0.04121720080127666,0.0,0.02811910773681168,0.02048731645840301,0.00816767276273255,-0.023486350941862664,0.052022867284443344,0.027329183236445002,0.0021183683714096667,-0.005975949388177831,0.0003409181788534619,-6.303066537345006e-05,0.024416192496147456,-0.011728456857701568,0.0016346427665101999,0.0035616396355730505,-0.0014520263979131425,0.0015170063228156004,0.02811910773681168,-0.02048731645840301,-0.06799673498291833,0.0,-0.07965871403244999,0.0019156609612118554,0.004751131426881218,-0.0054578519648643496,-0.005801945955811283,-0.005513009433210982,0.0006650593372713833,0.0006391225970929953,-0.015603632448503133,0.0003592614578095335,-0.009349816900277278,-0.006030551536214598,-0.00036566494623368784,-0.010133488445166615,0.00816767276273255,0.023486350941862664,-0.07965871403244999,-0.0019156609612118554,0.04047661278019899,0.0,-0.006232458592666332,0.038651241865435004,0.012200804270208766,0.016067919261324795,-0.0005487611483437065,-0.0006280709390390401,-0.009842705767089798,0.04282083393321001,0.01472603636365527,0.017658126889722504,-0.013485589585310336,0.007741122913904202,0.052022867284443344,-0.027329183236445002,0.004751131426881218,0.0054578519648643496,-0.006232458592666332,-0.038651241865435004,-0.01825748071366189,0.0,0.0063446193760146,0.0002523409468038501,-0.000739512670501395,-0.0006495314593827967,-0.10161776738353837,0.054301229416985,-0.02728278354737965,0.0013963156848405525,-0.011006915604236887,-0.003479501017304482,0.0021183683714096667,0.005975949388177831,-0.005801945955811283,0.005513009433210982,0.012200804270208766,-0.016067919261324795,0.0063446193760146,-0.0002523409468038501,0.07399873550727501,0.0,0.9997880674711837
0.16300000000000012,0.0016102544352681503,0.0,-5.247607140808323e-05,0.0018132701565363334,-0.00036055347954352333,0.0020403840027228446,-0.0015508854785492667,0.0002874455837291167,0.00029089619657516664,0.0015363489556100667,-0.00028027356725919,0.00016921286676796653,-1.7569517415165955e-06,0.0009472029589612667,-4.666755645681333e-05,-0.0008220077420005997,2.0662250009129857e-05,-0.0009682981935625836,-5.247607140808323e-05,-0.0018132701565363334,0.43570656631431665,0.0,0.22867928674401677,-0.07028244581961665,0.06053997923085,0.02787352750296451,0.020367713226112458,-0.024161129296792167,0.0235122770648149,0.012018430224072837,-0.0151314974738365,-0.0006219481954668831,-0.009847464309305352,-0.04271621384671,-0.09975662347762168,-0.055064235504913336,-0.00036055347954352333,-0.0020403840027228446,0.22867928674401677,0.07028244581961665,0.3425872917594832,0.0,0.04810226004815665,0.05930014470734001,0.03705385667703,-0.005411561741438099,0.001242061555972516,-0.003027035710100901,-0.009133075613129784,0.005474751052696173,0.01556131519311854,-0.01795611719943121,-0.02652425580052684,-0.0030174488483210842,-0.0015508854785492667,-0.0002874455837291167,0.06053997923085,-0.02787352750296451,0.04810226004815665,-0.05930014470734001,0.15148735231459998,0.0,0.018029718190400668,0.01984313106317566,-0.001449884264227056,-0.0016590605929663296,-0.00021401776812079992,0.009980853546982332,-0.013330911619605335,-0.007805047772020284,-0.010947017233310465,0.0033117674604248165,0.00029089619657516664,-0.0015363489556100667,0.020367713226112458,0.024161129296792167,0.03705385667703,0.005411561741438099,0.018029718190400668,-0.01984313106317566,0.041819723391038344,0.0,0.028019401683368327,0.020443748757988003,0.00842390494791072,-0.023471202361674992,0.05244923773380499,0.027378314056015002,0.0022600717535088727,-0.005786200074524068,-0.00028027356725919,-0.00016921286676796653,0.0235122770648149,-0.012018430224072837,0.001242061555972516,0.003027035710100901,-0.001449884264227056,0.0016590605929663296,0.028019401683368327,-0.020443748757988003,-0.06853576550361,0.0,-0.07981516199695668,0.0018470816002568505,0.004743021188275931,-0.005587629036159666,-0.005491674649020049,-0.0054868468445891504,-1.7569517415165955e-06,-0.0009472029589612667,-0.0151314974738365,0.0006219481954668831,-0.009133075613129784,-0.005474751052696173,-0.00021401776812079992,-0.009980853546982332,0.00842390494791072,0.023471202361674992,-0.07981516199695668,-0.0018470816002568505,0.040281537772912664,0.0,-0.006195778610812199,0.03865187874313335,0.011950174319106518,0.016094726095713666,-4.666755645681333e-05,0.0008220077420005997,-0.009847464309305352,0.04271621384671,0.01556131519311854,0.01795611719943121,-0.013330911619605335,0.007805047772020284,0.05244923773380499,-0.027378314056015002,0.004743021188275931,0.005587629036159666,-0.006195778610812199,-0.03865187874313335,-0.018324281881950916,0.0,0.006396878712725051,0.0006354568930001998,2.0662250009129857e-05,0.0009682981935625836,-0.09975662347762168,0.055064235504913336,-0.02652425580052684,0.0030174488483210842,-0.010947017233310465,-0.0033117674604248165,0.0022600717535088727,0.005786200074524068,-0.005491674649020049,0.0054868468445891504,0.011950174319106518,-0.016094726095713666,0.006396878712725051,-0.0006354568930001998,0.07315520529834499,0.0,0.9997878839003663
0.16399999999999984,0.0016100708811785664,0.0,-0.0012920324340417214,-0.0012583247736172665,-0.0012971215385378834,-0.0016089050678088329,0.0007940546639302333,-0.0013516586016822838,-0.0013355443555919503,-0.0008422590264252832,8.007917809416664e-05,-0.0003168273248204316,-0.0006715433228756997,-0.00067934190421375,0.0005785610322841534,0.0005448943379524216,0.0006984100693287281,0.0006553460979186832,-0.0012920324340417214,0.0012583247736172665,0.4334754351692835,0.0,0.22829210956243332,-0.07633724179632,0.06039472456194002,0.026749731667631338,0.01999028685933265,-0.024497644741740994,0.02257529653232155,0.012283952133460252,-0.014624954063081083,-0.0009479204458462835,-0.009869876850975167,-0.042591842733309994,-0.097862576073775,-0.05575306506402334,-0.0012971215385378834,0.0016089050678088329,0.22829210956243332,0.07633724179632,0.34465758775075006,0.0,0.048051399728973355,0.05943964843554835,0.03758826515283666,-0.005764329185507367,0.0008403158867469663,-0.002547082101626232,-0.00889858013418398,0.004909650076861618,0.016384879710136895,-0.018268307098089284,-0.025754666704978006,-0.004608426287803448,0.0007940546639302333,0.0013516586016822838,0.06039472456194002,-0.026749731667631338,0.048051399728973355,-0.05943964843554835,0.1527013992129667,0.0,0.01814834853614917,0.01962731932806833,-0.0014420965434894235,-0.0018321359877702813,-7.474458913138338e-05,0.009861181402446304,-0.013216188464965334,-0.00790190987762005,-0.0109011483853516,0.0030839024479952497,-0.0013355443555919503,0.0008422590264252832,0.01999028685933265,0.024497644741740994,0.03758826515283666,0.005764329185507367,0.01814834853614917,-0.01962731932806833,0.042427007431943345,0.0,0.02790369902150167,0.020391401490927167,0.008670146609392282,-0.023438852157484993,0.05286565844052,0.02743426996832167,0.0023855939636868496,-0.005633660578146083,8.007917809416664e-05,0.0003168273248204316,0.02257529653232155,-0.012283952133460252,0.0008403158867469663,0.002547082101626232,-0.0014420965434894235,0.0018321359877702813,0.02790369902150167,-0.020391401490927167,-0.06907067700487499,0.0,-0.07999702290691334,0.0017885978731593485,0.004735748876797952,-0.005699557406089402,-0.0051382333790102154,-0.0054874319470830536,-0.0006715433228756997,0.00067934190421375,-0.014624954063081083,0.0009479204458462835,-0.00889858013418398,-0.004909650076861618,-7.474458913138338e-05,-0.009861181402446304,0.008670146609392282,0.023438852157484993,-0.07999702290691334,-0.0017885978731593485,0.040083755728105006,0.0,-0.006193365401987565,0.03863018764658165,0.011692231486079086,0.016129078000596,0.0005785610322841534,-0.0005448943379524216,-0.009869876850975167,0.042591842733309994,0.016384879710136895,0.018268307098089284,-0.013216188464965334,0.00790190987762005,0.05286565844052,-0.02743426996832167,0.004735748876797952,0.005699557406089402,-0.006193365401987565,-0.03863018764658165,-0.018391649361882947,0.0,0.006413109185941482,0.0010175212230718665,0.0006984100693287281,-0.0006553460979186832,-0.097862576073775,0.05575306506402334,-0.025754666704978006,0.004608426287803448,-0.0109011483853516,-0.0030839024479952497,0.0023855939636868496,0.005633660578146083,-0.0051382333790102154,0.0054874319470830536,0.011692231486079086,-0.016129078000596,0.006413109185941482,-0.0010175212230718665,0.07229477053094832,0.0,0.9997877003383668
0.16499999999999987,0.001609887323945983,0.0,0.0017931196073939356,-9.197169381933313e-05,0.00205851523363515,7.806975457308318e-05,0.0004737306754813651,0.0014493965716959338,0.0015552257661383502,-0.00042019191192648353,0.00016475327978805146,0.0002789543961211432,0.0009631844063512934,1.876038623598187e-05,-0.0007657906398481936,-8.859315578283392e-06,-0.0009703716043679647,7.166788032731287e-05,0.0017931196073939356,9.197169381933313e-05,0.43103428411165,0.0,0.22788997600068328,-0.08216902912860169,0.060227481995785016,0.02563811124644606,0.01965190796025085,-0.02481355263130566,0.02165042105201646,0.012532952386749082,-0.014073939573902102,-0.001302624537259905,-0.009869694639536663,-0.042481678235151664,-0.09593653942927838,-0.05638945894277167,0.00205851523363515,-7.806975457308318e-05,0.22788997600068328,0.08216902912860169,0.34695387373314995,0.0,0.048025969639668334,0.059569690364221675,0.03812082414421998,-0.006115594970237451,0.00042965832708520004,-0.002101216219082812,-0.00859575419686335,0.004419187329888066,0.017221495769705584,-0.01862082331324646,-0.024952346564116507,-0.006176930689332816,0.0004737306754813651,-0.0014493965716959338,0.060227481995785016,-0.02563811124644606,0.048025969639668334,-0.059569690364221675,0.15390930334538339,0.0,0.018285620178758667,0.019378644372876997,-0.0014066870061309343,-0.002021539782598699,3.99142910930837e-05,0.009752435978731102,-0.0131034280418053,-0.008002499636041245,-0.010890529926289748,0.002848913398721666,0.0015552257661383502,0.00042019191192648353,0.01965190796025085,0.02481355263130566,0.03812082414421998,0.006115594970237451,0.018285620178758667,-0.019378644372876997,0.04303947456458168,0.0,0.027795809218026678,0.02031147982054751,0.008919416151975165,-0.023367705360466666,0.05327703311963165,0.027498680032768348,0.0024876507899755,-0.00552773635676562,0.00016475327978805146,-0.0002789543961211432,0.02165042105201646,-0.012532952386749082,0.00042965832708520004,0.002101216219082812,-0.0014066870061309343,0.002021539782598699,0.027795809218026678,-0.02031147982054751,-0.06960139372519167,0.0,-0.0801778226628783,0.0017428033852123666,0.0047526726108926155,-0.005805222523663217,-0.004782761469117483,-0.005500062043208808,0.0009631844063512934,-1.876038623598187e-05,-0.014073939573902102,0.001302624537259905,-0.00859575419686335,-0.004419187329888066,3.99142910930837e-05,-0.009752435978731102,0.008919416151975165,0.023367705360466666,-0.0801778226628783,-0.0017428033852123666,0.039884174144994,0.0,-0.006205680466374264,0.038579902403245,0.0114482501815739,0.016191215636990205,-0.0007657906398481936,8.859315578283392e-06,-0.009869694639536663,0.042481678235151664,0.017221495769705584,0.01862082331324646,-0.0131034280418053,0.008002499636041245,0.05327703311963165,-0.027498680032768348,0.0047526726108926155,0.005805222523663217,-0.006205680466374264,-0.038579902403245,-0.018460311453534807,0.0,0.0063828238588154815,0.0013801228921018034,-0.0009703716043679647,-7.166788032731287e-05,-0.09593653942927838,0.05638945894277167,-0.024952346564116507,0.006176930689332816,-0.010890529926289748,-0.002848913398721666,0.0024876507899755,0.00552773635676562,-0.004782761469117483,0.005500062043208808,0.0114482501815739,-0.016191215636990205,0.0063828238588154815,-0.0013801228921018034,0.07141822472811166,0.0,0.9997875167728171
0.1660000000000002,0.0016097037544691667,0.0,-0.0011411756023447669,0.001370177697671653,-0.0014378040320779167,0.0014826775007570495,-0.0013352420873440163,-0.0005843944949679806,-0.0007589303926847352,0.00146752202868325,-0.00029531665961356353,-8.818652841826663e-05,-0.0007144491170572668,0.0006864521224818001,0.0005498718769454732,-0.0004931243856128269,0.000646538293704117,-0.0007699724410729999,-0.0011411756023447669,-0.001370177697671653,0.4283902121659835,0.0,0.22745458728778323,-0.08779287989331502,0.06008176288246498,0.024577215165073503,0.01935712314805203,-0.025120882142767666,0.02074843029749134,0.012778855958737532,-0.01352070851650166,-0.0016489013598826778,-0.00983015463167643,-0.04236827999589002,-0.09398470774203666,-0.05693183891537332,-0.0014378040320779167,-0.0014826775007570495,0.22745458728778323,0.08779287989331502,0.34946757356001673,0.0,0.04803584149654001,0.05970080998083,0.03866052288635833,-0.006472826301469594,-1.327015731265004e-05,-0.0016679535017353664,-0.008277412043878168,0.0039937502924682605,0.01804814428038883,-0.018982116316548205,-0.024099229167695222,-0.007650839637282182,-0.0013352420873440163,0.0005843944949679806,0.06008176288246498,-0.024577215165073503,0.04803584149654001,-0.05970080998083,0.15511043196956667,0.0,0.018426974389440503,0.01911044565048767,-0.001342928858032266,-0.002191568035110421,0.00016067967980071656,0.009649546809424448,-0.012969190522483692,-0.008079826500283237,-0.010884098689420755,0.002643646375272883,-0.0007589303926847352,-0.00146752202868325,0.01935712314805203,0.025120882142767666,0.03866052288635833,0.006472826301469594,0.018426974389440503,-0.01911044565048767,0.043657326238468325,0.0,0.027694848932443332,0.020210894929776332,0.009153928848958433,-0.023282437659300003,0.05369408959264667,0.027558830716005005,0.0025857124471451503,-0.005417325787506919,-0.00029531665961356353,8.818652841826663e-05,0.02074843029749134,-0.012778855958737532,-1.327015731265004e-05,0.0016679535017353664,-0.001342928858032266,0.002191568035110421,0.027694848932443332,-0.020210894929776332,-0.07012766682763498,0.0,-0.08032716119221167,0.0017055211248992166,0.004786791011115651,-0.005899737838963484,-0.00445350827010831,-0.005491434304771484,-0.0007144491170572668,-0.0006864521224818001,-0.01352070851650166,0.0016489013598826778,-0.008277412043878168,-0.0039937502924682605,0.00016067967980071656,-0.009649546809424448,0.009153928848958433,0.023282437659300003,-0.08032716119221167,-0.0017055211248992166,0.03968365800723533,0.0,-0.0061976882811345165,0.03851747605937499,0.011218956807284314,0.016249931210742353,0.0005498718769454732,0.0004931243856128269,-0.00983015463167643,0.04236827999589002,0.01804814428038883,0.018982116316548205,-0.012969190522483692,0.008079826500283237,0.05369408959264667,-0.027558830716005005,0.004786791011115651,0.005899737838963484,-0.0061976882811345165,-0.03851747605937499,-0.018530673250521722,0.0,0.00633555404134982,0.0017363298926415499,0.000646538293704117,0.0007699724410729999,-0.09398470774203666,0.05693183891537332,-0.024099229167695222,0.007650839637282182,-0.010884098689420755,-0.002643646375272883,0.0025857124471451503,0.005417325787506919,-0.00445350827010831,0.005491434304771484,0.011218956807284314,-0.016249931210742353,0.00633555404134982,-0.0017363298926415499,0.07052676757800666,0.0,0.9997873331957167
0.16699999999999987,0.001609520187793468,0.0,-0.00024289572718146662,-0.0017561965658663553,-0.00010825218855576672,-0.0020714492834978332,0.0012810026164438715,-0.0005870058735561886,-0.0005841863716417068,-0.0015936273552122333,0.0002637463601235517,-0.0001301841764134865,1.0676824736526803e-05,-0.0010286734820326169,-7.000142382465e-05,0.0006949127667571502,8.206016230530675e-05,0.0010213722051371883,-0.00024289572718146662,0.0017561965658663553,0.4255483880553334,0.0,0.22695024892761673,-0.09326511914592,0.059917826453250014,0.02355601240767382,0.0190540971752985,-0.025381171110180827,0.01983449416807317,0.013021787521439938,-0.012986059337116712,-0.0020047893181820444,-0.009786350049410551,-0.04221649041691665,-0.09202354991724665,-0.05736849201420668,-0.00010825218855576672,0.0020714492834978332,0.22695024892761673,0.09326511914592,0.35219151676800003,0.0,0.04806510847178501,0.059850901786325,0.039202326723244994,-0.006852906009428317,-0.0004918518930752832,-0.0012729857078518335,-0.008012393668069334,0.0035488923602864006,0.018843355506569463,-0.019318300313687663,-0.023212424171915033,-0.008996693502015148,0.0012810026164438715,0.0005870058735561886,0.059917826453250014,-0.02355601240767382,0.04806510847178501,-0.059850901786325,0.15630485607239997,0.0,0.018553809807445833,0.018843372087610832,-0.0012658343297136663,-0.0023320198987057165,0.00030607591365578986,0.009569974557756069,-0.012835546181378233,-0.008156943778432868,-0.010832830072572618,0.0024423890236305998,-0.0005841863716417068,0.0015936273552122333,0.0190540971752985,0.025381171110180827,0.039202326723244994,0.006852906009428317,0.018553809807445833,-0.018843372087610832,0.04428023775593833,0.0,0.027585081257035005,0.0201152628419355,0.009361060509642999,-0.023210866835845,0.05411650559446834,0.027609428421973344,0.0026931260221222334,-0.005258444958883999,0.0002637463601235517,0.0001301841764134865,0.01983449416807317,-0.013021787521439938,-0.0004918518930752832,0.0012729857078518335,-0.0012658343297136663,0.0023320198987057165,0.027585081257035005,-0.0201152628419355,-0.07064948835491668,0.0,-0.08046660858314335,0.0016690038869227224,0.004804469221933615,-0.005973105855817616,-0.004135000358484787,-0.005456911337228499,1.0676824736526803e-05,0.0010286734820326169,-0.012986059337116712,0.0020047893181820444,-0.008012393668069334,-0.0035488923602864006,0.00030607591365578986,-0.009569974557756069,0.009361060509642999,0.023210866835845,-0.08046660858314335,-0.0016690038869227224,0.03948231927877883,0.0,-0.006179157970705981,0.03846574216905501,0.010980869751706469,0.016272734218094963,-7.000142382465e-05,-0.0006949127667571502,-0.009786350049410551,0.04221649041691665,0.018843355506569463,0.019318300313687663,-0.012835546181378233,0.008156943778432868,0.05411650559446834,-0.027609428421973344,0.004804469221933615,0.005973105855817616,-0.006179157970705981,-0.03846574216905501,-0.018602563808754004,0.0,0.006296270834417391,0.0021137783162940168,8.206016230530675e-05,-0.0010213722051371883,-0.09202354991724665,0.05736849201420668,-0.023212424171915033,0.008996693502015148,-0.010832830072572618,-0.0024423890236305998,0.0026931260221222334,0.005258444958883999,-0.004135000358484787,0.005456911337228499,0.010980869751706469,-0.016272734218094963,0.006296270834417391,-0.0021137783162940168,0.06962236366643335,0.0,0.9997871496206999
0.1679999999999999,0.0016093366317763331,0.0,0.0014564239326300828,0.0010032681807806663,0.0015943276646034705,0.0013299110553480669,-0.00040791458534928326,0.0013268458721430287,0.0016087744511700437,0.0006713328135190165,-9.275388237326671e-05,0.0002763538545100749,0.000737091462188617,0.0007567782197312662,-0.0003763444234666064,-0.0005263022705386982,-0.0007691234162449098,-0.0006708676099536,0.0014564239326300828,-0.0010032681807806663,0.42251305865018324,0.0,0.22636165097323332,-0.0985846958161767,0.05966265243913001,0.022548518737524656,0.018709898180731748,-0.025551829401458344,0.018890687377475505,0.013246795028976735,-0.012436797337650267,-0.00238975983615656,-0.009768985919856631,-0.042024456195391656,-0.09005122664760834,-0.057744435637565004,0.0015943276646034705,-0.0013299110553480669,0.22636165097323332,0.0985846958161767,0.35512016924968315,0.0,0.04809473229998499,0.06000427935357498,0.039721893592214993,-0.007257458795862867,-0.0009797704264166167,-0.0009560861137710284,-0.007770443384754165,0.0030753305006709915,0.019630233714454836,-0.019634691974357667,-0.0223061301036635,-0.010260763704021151,-0.00040791458534928326,-0.0013268458721430287,0.05966265243913001,-0.022548518737524656,0.04809473229998499,-0.06000427935357498,0.15749300196580002,0.0,0.018686686545650498,0.018573458916857334,-0.001177715674577462,-0.0024633517144279655,0.00045320887523942177,0.00951136859707727,-0.01272404147347745,-0.00826398658303495,-0.010740513889622405,0.0022130706386684,0.0016087744511700437,-0.0006713328135190165,0.018709898180731748,0.025551829401458344,0.039721893592214993,0.007257458795862867,0.018686686545650498,-0.018573458916857334,0.04490801301386167,0.0,0.02746594478151333,0.020026777721197663,0.009562948737145048,-0.023132670683068332,0.05452465445985168,0.027659612248586662,0.002796859729447708,-0.005074407409884901,-9.275388237326671e-05,-0.0002763538545100749,0.018890687377475505,-0.013246795028976735,-0.0009797704264166167,0.0009560861137710284,-0.001177715674577462,0.0024633517144279655,0.02746594478151333,-0.020026777721197663,-0.07116713562295998,0.0,-0.08062771717314665,0.0016315863082930666,0.004791419170711033,-0.006034960021595417,-0.003807786661894032,-0.005419866001739985,0.000737091462188617,-0.0007567782197312662,-0.012436797337650267,0.00238975983615656,-0.007770443384754165,-0.0030753305006709915,0.00045320887523942177,-0.00951136859707727,0.009562948737145048,0.023132670683068332,-0.08062771717314665,-0.0016315863082930666,0.039279746809890666,0.0,-0.00618953391917638,0.03842526368099167,0.01071616828625817,0.016270391551029224,-0.0003763444234666064,0.0005263022705386982,-0.009768985919856631,0.042024456195391656,0.019630233714454836,0.019634691974357667,-0.01272404147347745,0.00826398658303495,0.05452465445985168,-0.027659612248586662,0.004791419170711033,0.006034960021595417,-0.00618953391917638,-0.03842526368099167,-0.01867578583634372,0.0,0.006246503692572948,0.0025033870384503086,-0.0007691234162449098,0.0006708676099536,-0.09005122664760834,0.057744435637565004,-0.0223061301036635,0.010260763704021151,-0.010740513889622405,-0.0022130706386684,0.002796859729447708,0.005074407409884901,-0.003807786661894032,0.005419866001739985,0.01071616828625817,-0.016270391551029224,0.006246503692572948,-0.0025033870384503086,0.06870656119510833,0.0,0.9997869660569003
0.16899999999999996,0.0016091530784417836,0.0,-0.0017178135387365839,0.0003737025810180383,-0.002059214492014,0.00028775377085948163,-0.0007039541993782981,-0.0011580263084273832,-0.0016260935516209493,0.000731396123800531,-0.00012630440737846667,-0.0002560663364439834,-0.001073469592612112,-3.5959701966786604e-05,0.0005944487525983334,0.0001434264854053366,0.0010107887214309834,-5.405988635853341e-05,-0.0017178135387365839,-0.0003737025810180383,0.4192904852808167,0.0,0.2256903990716333,-0.1037038347545683,0.059334141663991646,0.021555571101248002,0.01835852284761581,-0.025642844607117337,0.01794618688311546,0.01344196447134418,-0.011856808529946548,-0.002763682662954649,-0.00976212974334738,-0.041817513153389996,-0.088055042858615,-0.058085221277998346,-0.002059214492014,-0.00028775377085948163,0.2256903990716333,0.1037038347545683,0.3582469498685333,0.0,0.048127892946145015,0.06013089690762166,0.04020421702606665,-0.007671531388672799,-0.0014706997855805154,-0.0007075776282537002,-0.007478545362476668,0.0026675724532203857,0.020441346530700247,-0.01995169800865183,-0.021370611808979256,-0.011473743754345648,-0.0007039541993782981,0.0011580263084273832,0.059334141663991646,-0.021555571101248002,0.048127892946145015,-0.06013089690762166,0.1586745399023833,0.0,0.018867998356797335,0.01828308282359917,-0.0010710739705498446,-0.002592504259083084,0.0005832796816375051,0.009443264008293704,-0.012622765376153065,-0.00838192541744454,-0.010669980645455386,0.0019735749710904833,-0.0016260935516209493,-0.000731396123800531,0.01835852284761581,0.025642844607117337,0.04020421702606665,0.007671531388672799,0.018867998356797335,-0.01828308282359917,0.04554087948670666,0.0,0.027357503268773325,0.019923993780564166,0.009783482458383614,-0.023011896512390006,0.05490675336724667,0.027717843567641676,0.0028800314316842755,-0.0049042512394981775,-0.00012630440737846667,0.0002560663364439834,0.01794618688311546,-0.01344196447134418,-0.0014706997855805154,0.0007075776282537002,-0.0010710739705498446,0.002592504259083084,0.027357503268773325,-0.019923993780564166,-0.07168063489893335,0.0,-0.08079938249126832,0.0015941625284878504,0.004770579719566996,-0.00611054462972835,-0.0034890881561352107,-0.0053927371267271495,-0.001073469592612112,3.5959701966786604e-05,-0.011856808529946548,0.002763682662954649,-0.007478545362476668,-0.0026675724532203857,0.0005832796816375051,-0.009443264008293704,0.009783482458383614,0.023011896512390006,-0.08079938249126832,-0.0015941625284878504,0.03907578896331133,0.0,-0.006231998332118365,0.038383475835478326,0.010436215728467825,0.01627526594925418,0.0005944487525983334,-0.0001434264854053366,-0.00976212974334738,0.041817513153389996,0.020441346530700247,0.01995169800865183,-0.012622765376153065,0.00838192541744454,0.05490675336724667,-0.027717843567641676,0.004770579719566996,0.00611054462972835,-0.006231998332118365,-0.038383475835478326,-0.018750568946698503,0.0,0.00615980663351091,0.0028657081542818835,0.0010107887214309834,5.405988635853341e-05,-0.088055042858615,0.058085221277998346,-0.021370611808979256,0.011473743754345648,-0.010669980645455386,-0.0019735749710904833,0.0028800314316842755,0.0049042512394981775,-0.0034890881561352107,0.0053927371267271495,0.010436215728467825,-0.01627526594925418,0.00615980663351091,-0.0028657081542818835,0.06778018976115166,0.0,0.9997867824955335
0.16999999999999996,0.0016089695081840502,0.0,0.0009009681780066001,-0.0014770048076460996,0.0011813177427557333,-0.0017363758257387667,0.001267122207465663,0.00022057309876135004,0.0005955137942312,-0.0017102857939344164,0.00023718598480561718,0.00010365283341005004,0.00081731872271705,-0.0007363384510699483,-0.0005280248839401167,0.00029589297473829986,-0.0006910560141919333,0.0007411964939346998,0.0009009681780066001,0.0014770048076460996,0.41588790718741675,0.0,0.22493717146579995,-0.1086270383376333,0.05902864214172833,0.02058545236445016,0.01803783833558965,-0.025702587685604836,0.017035758086491718,0.013608084317210665,-0.011290141170474718,-0.0030695583094795327,-0.009736350759639302,-0.041597406817369995,-0.08606159701525502,-0.058355435054691665,0.0011813177427557333,0.0017363758257387667,0.22493717146579995,0.1086270383376333,0.36156408396716677,0.0,0.048189243319431675,0.06023220415274501,0.04066519662792166,-0.008094564806300731,-0.001997856847086467,-0.0004902971004674333,-0.007141709004576547,0.0023676559324228327,0.021260687552996847,-0.02026437252865416,-0.020403691001573163,-0.012582483348058848,0.001267122207465663,-0.00022057309876135004,0.05902864214172833,-0.02058545236445016,0.048189243319431675,-0.06023220415274501,0.15984864016496667,0.0,0.019105180012792166,0.017977169198239835,-0.000953684233324667,-0.002700906463137184,0.000718896787191035,0.009356938819861218,-0.012512011068889332,-0.008461615787810333,-0.010658581355130002,0.0017623764818929597,0.0005955137942312,0.0017102857939344164,0.01803783833558965,0.025702587685604836,0.04066519662792166,0.008094564806300731,0.019105180012792166,-0.017977169198239835,0.046179119780755014,0.0,0.02727145309393667,0.019797491954902,0.010018419420569203,-0.022857870461250995,0.05528628527156166,0.027779929915983336,0.002938615624444882,-0.004730728617253867,0.00023718598480561718,-0.00010365283341005004,0.017035758086491718,-0.013608084317210665,-0.001997856847086467,0.0004902971004674333,-0.000953684233324667,0.002700906463137184,0.02727145309393667,-0.019797491954902,-0.07218957917935,0.0,-0.08095335012764832,0.0015515235630868666,0.0047672093035483155,-0.006206091831556669,-0.003206241887518588,-0.005358846665365133,0.00081731872271705,0.0007363384510699483,-0.011290141170474718,0.0030695583094795327,-0.007141709004576547,-0.0023676559324228327,0.000718896787191035,-0.009356938819861218,0.010018419420569203,0.022857870461250995,-0.08095335012764832,-0.0015515235630868666,0.038870442324142676,0.0,-0.006265136967078771,0.03834725230244666,0.01016242059779967,0.016284360849510085,-0.0005280248839401167,-0.00029589297473829986,-0.009736350759639302,0.041597406817369995,0.021260687552996847,0.02026437252865416,-0.012512011068889332,0.008461615787810333,0.05528628527156166,-0.027779929915983336,0.0047672093035483155,0.006206091831556669,-0.006265136967078771,-0.03834725230244666,-0.018827224968520403,0.0,0.006045571791406983,0.003189347604506891,-0.0006910560141919333,-0.0007411964939346998,-0.08606159701525502,0.058355435054691665,-0.020403691001573163,0.012582483348058848,-0.010658581355130002,-0.0017623764818929597,0.002938615624444882,0.004730728617253867,-0.003206241887518588,0.005358846665365133,0.01016242059779967,-0.016284360849510085,0.006045571791406983,-0.003189347604506891,0.06684424013276166,0.0,0.9997865989178829
0.17099999999999993,0.0016087859234589995,0.0,0.0004437059053341998,0.0016330840575933655,0.00048421431016723343,0.0020793557410978326,-0.0009297698070260732,0.0007744045983638999,0.0008371196889271332,0.0016276720577922514,-0.0002200383779419665,4.081185154596662e-05,-6.353057823518503e-05,0.0011347043545963,0.00016003101983208353,-0.0005914691180118502,-2.5022323607803554e-05,-0.0010125847291430332,0.0004437059053341998,-0.0016330840575933655,0.41231090886759986,0.0,0.22404902498938334,-0.11339778154589002,0.05876463520404167,0.019620356998032502,0.01772182780526892,-0.025749881487958835,0.0161497073077595,0.0137399409328505,-0.010766428453526017,-0.0033193804548914013,-0.009700974735125375,-0.041329088581355,-0.08411175214046168,-0.058496913947503344,0.00048421431016723343,-0.0020793557410978326,0.22404902498938334,0.11339778154589002,0.36506456735631665,0.0,0.04828374656824166,0.06032700123835501,0.04112187081584502,-0.008540711208168184,-0.0025736062568326753,-0.000303367533848477,-0.0068188984513579635,0.0020805548471223186,0.022040543299964858,-0.020550164020529952,-0.019430091184965113,-0.013536347990475,-0.0009297698070260732,-0.0007744045983638999,0.05876463520404167,-0.019620356998032502,0.04828374656824166,-0.06032700123835501,0.16101492611623333,0.0,0.019355676059168055,0.01767924868843317,-0.000842314745730467,-0.0027802987487898414,0.0008874569883105,0.009276622040401968,-0.01239504428008515,-0.008496885527169283,-0.010664794196248419,0.0015772319814637997,0.0008371196889271332,-0.0016276720577922514,0.01772182780526892,0.025749881487958835,0.04112187081584502,0.008540711208168184,0.019355676059168055,-0.01767924868843317,0.046822214155040016,0.0,0.027190417906398336,0.01965433661636167,0.010240370470968593,-0.02271482632611667,0.055679652761695,0.02783086283815333,0.0029745145659388393,-0.004513128216774684,-0.0002200383779419665,-4.081185154596662e-05,0.0161497073077595,-0.0137399409328505,-0.0025736062568326753,0.000303367533848477,-0.000842314745730467,0.0027802987487898414,0.027190417906398336,-0.01965433661636167,-0.07269327193717336,0.0,-0.08108023187780669,0.0014949704124283994,0.00477714340798365,-0.006296087447911766,-0.0029442071381606556,-0.005299395866020032,-6.353057823518503e-05,-0.0011347043545963,-0.010766428453526017,0.0033193804548914013,-0.0068188984513579635,-0.0020805548471223186,0.0008874569883105,-0.009276622040401968,0.010240370470968593,0.02271482632611667,-0.08108023187780669,-0.0014949704124283994,0.038663102771848666,0.0,-0.006261767957753486,0.03833011565576501,0.009893776339464649,0.016258095902138715,0.00016003101983208353,0.0005914691180118502,-0.009700974735125375,0.041329088581355,0.022040543299964858,0.020550164020529952,-0.01239504428008515,0.008496885527169283,0.055679652761695,-0.02783086283815333,0.00477714340798365,0.006296087447911766,-0.006261767957753486,-0.03833011565576501,-0.018905604792246886,0.0,0.005929637742243768,0.003500324839114915,-2.5022323607803554e-05,0.0010125847291430332,-0.08411175214046168,0.058496913947503344,-0.019430091184965113,0.013536347990475,-0.010664794196248419,-0.0015772319814637997,0.0029745145659388393,0.004513128216774684,-0.0029442071381606556,0.005299395866020032,0.009893776339464649,-0.016258095902138715,0.005929637742243768,-0.003500324839114915,0.06590078686365501,0.0,0.9997864153243501
0.17200000000000004,0.0016086023397726336,0.0,-0.0014670288828194005,-0.0007731934792198333,-0.0018796402562287844,-0.001063028263538045,3.455889546696584e-08,-0.00116313458257015,-0.0017770497351549328,-0.00052229123495095,0.00015019777860240008,-0.00013942120990826645,-0.0007747945461797162,-0.0008698057120550517,0.00032358191133786696,0.0005270285031130329,0.0007332868818382855,0.0006838007044134158,-0.0014670288828194005,0.0007731934792198333,0.40856304866605014,0.0,0.22304448593503332,-0.1180408184661834,0.05846950563635834,0.01863950412195248,0.017361069082003786,-0.02576041004171883,0.015267726008647167,0.013831700974810996,-0.01025596811144233,-0.003576078111343648,-0.009689431715539173,-0.04100772106485,-0.08222625534812665,-0.058527125437095,-0.0018796402562287844,0.001063028263538045,0.22304448593503332,0.1180408184661834,0.3687432940225167,0.0,0.04840058990577332,0.06042967178345,0.041572513634829986,-0.009016705226941651,-0.003153198608074191,-0.0001745344784099934,-0.006517325105410066,0.0017230106913703497,0.022778767635877994,-0.020814321111680554,-0.018479505418627182,-0.014383731472835668,3.455889546696584e-08,0.00116313458257015,0.05846950563635834,-0.01863950412195248,0.04840058990577332,-0.06042967178345,0.16217383419086667,0.0,0.01959383174034625,0.017402071046781185,-0.0007320011836953225,-0.0028517891224879863,0.0010708155409671594,0.009215585850393367,-0.012291394821596231,-0.008539590128809078,-0.010633630617068882,0.0013748821785992305,-0.0017770497351549328,0.00052229123495095,0.017361069082003786,0.02576041004171883,0.041572513634829986,0.009016705226941651,0.01959383174034625,-0.017402071046781185,0.047468968387715,0.0,0.02710561271347334,0.019503920426040166,0.010442485608225237,-0.022599068871245007,0.05608250693068668,0.027871773784766678,0.0029969455013577335,-0.004271399495298481,0.00015019777860240008,0.00013942120990826645,0.015267726008647167,-0.013831700974810996,-0.003153198608074191,0.0001745344784099934,-0.0007320011836953225,0.0028517891224879863,0.02710561271347334,-0.019503920426040166,-0.07319112032349333,0.0,-0.08121941306583333,0.0014273617261097832,0.004783104135703057,-0.006364141477669653,-0.002658058161055775,-0.0052290472271606,-0.0007747945461797162,0.0008698057120550517,-0.01025596811144233,0.003576078111343648,-0.006517325105410066,-0.0017230106913703497,0.0010708155409671594,-0.009215585850393367,0.010442485608225237,0.022599068871245007,-0.08121941306583333,-0.0014273617261097832,0.03845268345348567,0.0,-0.006249697784446485,0.03833240925409668,0.009618423633202668,0.016183886365819505,0.00032358191133786696,-0.0005270285031130329,-0.009689431715539173,0.04100772106485,0.022778767635877994,0.020814321111680554,-0.012291394821596231,0.008539590128809078,0.05608250693068668,-0.027871773784766678,0.004783104135703057,0.006364141477669653,-0.006249697784446485,-0.03833240925409668,-0.01898531366677275,0.0,0.00581381703015185,0.0038152128798425245,0.0007332868818382855,-0.0006838007044134158,-0.08222625534812665,0.058527125437095,-0.018479505418627182,0.014383731472835668,-0.010633630617068882,-0.0013748821785992305,0.0029969455013577335,0.004271399495298481,-0.002658058161055775,0.0052290472271606,0.009618423633202668,-0.016183886365819505,0.00581381703015185,-0.0038152128798425245,0.06495223466309334,0.0,0.999786231733067
0.17300000000000001,0.0016084187606621668,0.0,0.0015389889263326332,-0.0005348691994241796,0.002049382186037484,-0.0006909420064118332,0.0008680618518474169,0.0007262967374464995,0.0016284768098654332,-0.0009461270576872134,-4.5679916070943475e-05,0.0001979160933393832,0.0011701188356227168,8.536588276296511e-05,-0.0006160999665638831,-0.0001296592895437331,-0.0009964073536408737,5.955176521275036e-05,0.0015389889263326332,0.0005348691994241796,0.40464921990501684,0.0,0.22197446428459996,-0.1224862673809533,0.058093242289191674,0.017642479216226005,0.016964288903386634,-0.025715654916495488,0.014397861263361336,0.013884533641841036,-0.009725123291743533,-0.0038586084326496326,-0.009698027396911406,-0.040663727517409994,-0.08036191862359161,-0.058500652317608336,0.002049382186037484,0.0006909420064118332,0.22197446428459996,0.1224862673809533,0.3725946345287167,0.0,0.048526254260069984,0.06051860723821165,0.04199071916076,-0.00950855806381815,-0.003701640975694617,-0.00010204858520398013,-0.006183206056279467,0.0013573410560211504,0.023514822123039337,-0.02107934832375211,-0.0175400394788557,-0.0152004758585485,0.0008680618518474169,-0.0007262967374464995,0.058093242289191674,-0.017642479216226005,0.048526254260069984,-0.06051860723821165,0.1633257450119334,0.0,0.01984196774118333,0.017129674760401895,-0.0005985852035551331,-0.0029314174637140866,0.0012311971843388442,0.009147509852589825,-0.012197307704810478,-0.008620265281819589,-0.010574334215669815,0.0011166884029355543,0.0016284768098654332,0.0009461270576872134,0.016964288903386634,0.025715654916495488,0.04199071916076,0.00950855806381815,0.01984196774118333,-0.017129674760401895,0.04811840608592335,0.0,0.027031404639495,0.01933679618220233,0.01063723167329293,-0.022474816187019665,0.05646969899489332,0.027913494054475005,0.0030221434279641894,-0.004067239100462405,-4.5679916070943475e-05,-0.0001979160933393832,0.014397861263361336,-0.013884533641841036,-0.003701640975694617,0.00010204858520398013,-0.0005985852035551331,0.0029314174637140866,0.027031404639495,-0.01933679618220233,-0.07368280725270832,0.0,-0.08138153331632501,0.0013619416761365168,0.004787932692190083,-0.006426409981279099,-0.0023365859907536505,-0.005177926769964747,0.0011701188356227168,-8.536588276296511e-05,-0.009725123291743533,0.0038586084326496326,-0.006183206056279467,-0.0013573410560211504,0.0012311971843388442,-0.009147509852589825,0.01063723167329293,0.022474816187019665,-0.08138153331632501,-0.0013619416761365168,0.038238778424226336,0.0,-0.0062652201353099015,0.03832047241557834,0.009343256259865368,0.0160980758725735,-0.0006160999665638831,0.0001296592895437331,-0.009698027396911406,0.040663727517409994,0.023514822123039337,0.02107934832375211,-0.012197307704810478,0.008620265281819589,0.05646969899489332,-0.027913494054475005,0.004787932692190083,0.006426409981279099,-0.0062652201353099015,-0.03832047241557834,-0.01906642268854418,0.0,0.005675216438995574,0.004110539648542735,-0.0009964073536408737,-5.955176521275036e-05,-0.08036191862359161,0.058500652317608336,-0.0175400394788557,0.0152004758585485,-0.010574334215669815,-0.0011166884029355543,0.0030221434279641894,0.004067239100462405,-0.0023365859907536505,0.005177926769964747,0.009343256259865368,-0.0160980758725735,0.005675216438995574,-0.004110539648542735,0.06400007537112502,0.0,0.9997860481460502
0.174,0.0016082351756153666,0.0,-0.00065044297237425,0.0014598056353652784,-0.0008430579880204169,0.0019909343066464766,-0.0010614647793891166,0.0001853510129107768,-0.0004349928203643,0.0018705422807917425,-7.079405208941973e-05,-0.00019673405673585002,-0.0009068920198020333,0.0007475310839798137,0.0005414910301142366,-0.0003777807465195582,0.0006616289104322884,-0.0007704281349421335,-0.00065044297237425,-0.0014598056353652784,0.40057757464863325,0.0,0.22091898578098326,-0.126679888451205,0.05769968739215333,0.016648544052714997,0.01659549352817827,-0.025655411599834605,0.013569060824879884,0.013910215926555612,-0.009196839506797984,-0.0041311716251398,-0.009685201442298584,-0.04032910193605499,-0.07849390089740332,-0.058444448908538345,-0.0008430579880204169,-0.0019909343066464766,0.22091898578098326,0.126679888451205,0.37661001899408336,0.0,0.048671606948628314,0.06059622864603333,0.042371763871084996,-0.009996203733026334,-0.004246958250499184,-5.1602015550028955e-05,-0.005801688239541935,0.0010800774413244633,0.024263891692192417,-0.021352407618013165,-0.0165973309010718,-0.015970379898939666,-0.0010614647793891166,-0.0001853510129107768,0.05769968739215333,-0.016648544052714997,0.048671606948628314,-0.06059622864603333,0.1644703097093,0.0,0.020133128448664828,0.01684200646361668,-0.00043637942810639997,-0.003003197605616472,0.0013676018282853333,0.00905674072129655,-0.012089755705126047,-0.00870367071315848,-0.010537173665055414,0.0008121738421898637,-0.0004349928203643,-0.0018705422807917425,0.01659549352817827,0.025655411599834605,0.042371763871084996,0.009996203733026334,0.020133128448664828,-0.01684200646361668,0.04877033787871167,0.0,0.026992993368633336,0.019144425607201494,0.010831661525319511,-0.02232103478718817,0.05684900510686166,0.027967502312205003,0.003051549857400483,-0.003913114633071266,-7.079405208941973e-05,0.00019673405673585002,0.013569060824879884,-0.013910215926555612,-0.004246958250499184,5.1602015550028955e-05,-0.00043637942810639997,0.003003197605616472,0.026992993368633336,-0.019144425607201494,-0.074168144401255,0.0,-0.08154619140107501,0.0013081862543975339,0.004811996406175933,-0.0065028627347249995,-0.002017616657275584,-0.00514822921038447,-0.0009068920198020333,-0.0007475310839798137,-0.009196839506797984,0.0041311716251398,-0.005801688239541935,-0.0010800774413244633,0.0013676018282853333,-0.00905674072129655,0.010831661525319511,0.02232103478718817,-0.08154619140107501,-0.0013081862543975339,0.038022193860026,0.0,-0.0063005993657138494,0.038274199908675,0.009096191762921086,0.016040632941645833,0.0005414910301142366,0.0003777807465195582,-0.009685201442298584,0.04032910193605499,0.024263891692192417,0.021352407618013165,-0.012089755705126047,0.00870367071315848,0.05684900510686166,-0.027967502312205003,0.004811996406175933,0.0065028627347249995,-0.0063005993657138494,-0.038274199908675,-0.019149642202307644,0.0,0.005509193343041263,0.00437028704517015,0.0006616289104322884,0.0007704281349421335,-0.07849390089740332,0.058444448908538345,-0.0165973309010718,0.015970379898939666,-0.010537173665055414,-0.0008121738421898637,0.003051549857400483,0.003913114633071266,-0.002017616657275584,0.00514822921038447,0.009096191762921086,-0.016040632941645833,0.005509193343041263,-0.00437028704517015,0.06304498089018334,0.0,0.9997858645532667
0.1750000000000001,0.0016080515775414,0.0,-0.0006199801975182999,-0.0014389682562395666,-0.0009120828854515331,-0.0019696538461951535,0.0005054088883381166,-0.0008664391782682668,-0.0010915723398758836,-0.0016235697697824338,0.00017031815888126663,0.00013834643018158338,0.00012942085962254772,-0.0011805690181049629,-9.624070849599507e-05,0.0006948822736701002,7.579891430583357e-05,0.0010398598647746833,-0.0006199801975182999,0.0014389682562395666,0.39635705216981676,0.0,0.2198716013073667,-0.13062327557494663,0.057341535373219996,0.015676624052162795,0.016277604056521736,-0.0256209833447595,0.012784743485730667,0.01391558325185716,-0.008696489885577833,-0.004383924273161568,-0.00962666051875133,-0.039986634235531664,-0.07664375459315835,-0.058333066143951666,-0.0009120828854515331,0.0019696538461951535,0.2198716013073667,0.13062327557494663,0.38077934569288346,0.0,0.04884552288334834,0.06069740287184167,0.042732882594118345,-0.010478649683365168,-0.004823757214435467,-1.5198538677859876e-05,-0.005417510139857868,0.00085811160748975,0.024985785307089798,-0.021618116173985666,-0.015668573414269336,-0.01661902749110984,0.0005054088883381166,0.0008664391782682668,0.057341535373219996,-0.015676624052162795,0.04884552288334834,-0.06069740287184167,0.16560717596021662,0.0,0.020447107270777497,0.01654008143301417,-0.00027095757545408326,-0.003042115964769234,0.0015082642471296454,0.008975583961399997,-0.011956775265564917,-0.00874784773115702,-0.010517927590816939,0.0005120019713601532,-0.0010915723398758836,0.0016235697697824338,0.016277604056521736,0.0256209833447595,0.042732882594118345,0.010478649683365168,0.020447107270777497,-0.01654008143301417,0.04942492784947166,0.0,0.02698217386651499,0.018932152583984833,0.011012981405757051,-0.022167747847487502,0.05723784194570667,0.028023130077473337,0.0030665149950946163,-0.0037594855390971848,0.00017031815888126663,-0.00013834643018158338,0.012784743485730667,-0.01391558325185716,-0.004823757214435467,1.5198538677859876e-05,-0.00027095757545408326,0.003042115964769234,0.02698217386651499,-0.018932152583984833,-0.07464700631245,0.0,-0.08168328954393332,0.0012620600449200037,0.004855790624175833,-0.006580947308410335,-0.0017302995706959198,-0.005109310058190982,0.00012942085962254772,0.0011805690181049629,-0.008696489885577833,0.004383924273161568,-0.005417510139857868,-0.00085811160748975,0.0015082642471296454,-0.008975583961399997,0.011012981405757051,0.022167747847487502,-0.08168328954393332,-0.0012620600449200037,0.03780394250931534,0.0,-0.0063239938183216144,0.038207359309838325,0.008886240046825266,0.015998473096711166,-9.624070849599507e-05,-0.0006948822736701002,-0.00962666051875133,0.039986634235531664,0.024985785307089798,0.021618116173985666,-0.011956775265564917,0.00874784773115702,0.05723784194570667,-0.028023130077473337,0.004855790624175833,0.006580947308410335,-0.0063239938183216144,-0.038207359309838325,-0.019235577811777836,0.0,0.005334046976136482,0.00462150378258359,7.579891430583357e-05,-0.0010398598647746833,-0.07664375459315835,0.058333066143951666,-0.015668573414269336,0.01661902749110984,-0.010517927590816939,-0.0005120019713601532,0.0030665149950946163,0.0037594855390971848,-0.0017302995706959198,0.005109310058190982,0.008886240046825266,-0.015998473096711166,0.005334046976136482,-0.00462150378258359,0.06208776931200167,0.0,0.99978568094695
0.1760000000000001,0.0016078679841007833,0.0,0.001465781991231566,0.0004861198141355999,0.002068618598496134,0.0006716814203877847,0.00031730481941196674,0.0008964581817024668,0.00196458552779675,0.00030501041774323,-0.00022522339846268332,-1.7084739330723438e-05,0.000754857503329832,0.0009418514895248702,-0.0004564346712529616,-0.0005653660968994529,-0.0007905965101105162,-0.0006982629516895797,0.001465781991231566,-0.0004861198141355999,0.39199538300013337,0.0,0.21881578071625,-0.13435352214600502,0.0569654087352,0.014754105846552047,0.01596993414715184,-0.02558726627106734,0.012015943481741568,0.013904050306496678,-0.008192564605106601,-0.004661556751551634,-0.009542058751346878,-0.03960579489101333,-0.07483481118741998,-0.058164555488645,0.002068618598496134,-0.0006716814203877847,0.21881578071625,0.13435352214600502,0.3850931719666667,0.0,0.04904046912407999,0.06085211005794167,0.04308757620821833,-0.010971611904960384,-0.005404840302178332,-2.6047173959825386e-05,-0.005055100713007714,0.00058930107471835,0.025655785711283675,-0.02186648030859666,-0.014770249130499164,-0.01714789380989042,0.00031730481941196674,-0.0008964581817024668,0.0569654087352,-0.014754105846552047,0.04904046912407999,-0.06085211005794167,0.1667368263181167,0.0,0.020736564232199498,0.016244170183858417,-0.00012011135826963667,-0.0030464912829879323,0.0016569007094805837,0.008938530700627228,-0.011810834246135916,-0.008773189288510435,-0.010460866178628181,0.00025273250633942637,0.00196458552779675,-0.00030501041774323,0.01596993414715184,0.02558726627106734,0.04308757620821833,0.010971611904960384,0.020736564232199498,-0.016244170183858417,0.05008173278552999,0.0,0.02697682538974667,0.018716633737969994,0.011172846792999685,-0.022052455451793337,0.057633779059724985,0.028067140285714998,0.0030555023632534823,-0.0035785492762343014,-0.00022522339846268332,1.7084739330723438e-05,0.012015943481741568,-0.013904050306496678,-0.005404840302178332,2.6047173959825386e-05,-0.00012011135826963667,0.0030464912829879323,0.02697682538974667,-0.018716633737969994,-0.07511928639192834,0.0,-0.08181318577355,0.0012150825772110204,0.004891395509290101,-0.006634251629633414,-0.001463163137826834,-0.005047591601684233,0.000754857503329832,-0.0009418514895248702,-0.008192564605106601,0.004661556751551634,-0.005055100713007714,-0.00058930107471835,0.0016569007094805837,-0.008938530700627228,0.011172846792999685,0.022052455451793337,-0.08181318577355,-0.0012150825772110204,0.03758422983327735,0.0,-0.006337013143796414,0.03814620991072333,0.008690654318391446,0.015937370555923664,-0.0004564346712529616,0.0005653660968994529,-0.009542058751346878,0.03960579489101333,0.025655785711283675,0.02186648030859666,-0.011810834246135916,0.008773189288510435,0.057633779059724985,-0.028067140285714998,0.004891395509290101,0.006634251629633414,-0.006337013143796414,-0.03814620991072333,-0.019324129737124503,0.0,0.005161663855842733,0.0049048214598915035,-0.0007905965101105162,0.0006982629516895797,-0.07483481118741998,0.058164555488645,-0.014770249130499164,0.01714789380989042,-0.010460866178628181,-0.00025273250633942637,0.0030555023632534823,0.0035785492762343014,-0.001463163137826834,0.005047591601684233,0.008690654318391446,-0.015937370555923664,0.005161663855842733,-0.0049048214598915035,0.06112970158685999,0.0,0.9997854973456168
0.17699999999999977,0.0016076844060499001,0.0,-0.0013189453187193829,0.0007778025659026663,-0.0018858505086501503,0.0010593433912282782,-0.00087107127106532,-0.0003378780707047495,-0.0015729844549487503,0.0012567617685149335,0.00017758075357525668,-0.00012931181510645817,-0.001213531776633448,-0.0001396552698637317,0.0007234609116626619,6.892055996478825e-05,0.0010456452685450647,-5.302430965396643e-05,-0.0013189453187193829,-0.0007778025659026663,0.38749975823773336,0.0,0.21777027662288337,-0.13785575264626668,0.056491612777496675,0.013903795181252817,0.01564645019680045,-0.025491597829213168,0.011245681287318314,0.013880710725974393,-0.007638944673607598,-0.004979628317915217,-0.009447832567978664,-0.03918722157822167,-0.07302830969536997,-0.05797683648724501,-0.0018858505086501503,-0.0010593433912282782,0.21777027662288337,0.13785575264626668,0.3895432063501333,0.0,0.04923486511890333,0.061039805432125026,0.04342166331665,-0.011478676698655616,-0.005940703340561501,-0.00010667055167710041,-0.004677275495591566,0.0002834334524002329,0.026305368636567694,-0.0220934446855005,-0.013878281591386663,-0.01762134592733412,-0.00087107127106532,0.0003378780707047495,0.056491612777496675,-0.013903795181252817,0.04923486511890333,-0.061039805432125026,0.16786040026448334,0.0,0.020998352108008832,0.01596511370976183,3.401836417811843e-05,-0.0030358184426077174,0.0017902369100974507,0.0089299210105111,-0.01166294831467792,-0.008821901650084334,-0.010346046498357695,1.6787241227556414e-05,-0.0015729844549487503,-0.0012567617685149335,0.01564645019680045,0.025491597829213168,0.04342166331665,0.011478676698655616,0.020998352108008832,-0.01596511370976183,0.05073991595167335,0.0,0.026977021820148828,0.018503882643952665,0.011327116208733223,-0.021957128472766332,0.05800629253720666,0.028106001948499992,0.003033119996049751,-0.0034040795297185246,0.00017758075357525668,0.00012931181510645817,0.011245681287318314,-0.013880710725974393,-0.005940703340561501,0.00010667055167710041,3.401836417811843e-05,0.0030358184426077174,0.026977021820148828,-0.018503882643952665,-0.07558504849190666,0.0,-0.08197184910157837,0.0011688429541714242,0.004897820229189649,-0.006667333797697466,-0.0012007328083925896,-0.004987661792279732,-0.001213531776633448,0.0001396552698637317,-0.007638944673607598,0.004979628317915217,-0.004677275495591566,-0.0002834334524002329,0.0017902369100974507,-0.0089299210105111,0.011327116208733223,0.021957128472766332,-0.08197184910157837,-0.0011688429541714242,0.037362851425885676,0.0,-0.006378200397130348,0.03808679235896,0.0084848573602032,0.015858280924953002,0.0007234609116626619,-6.892055996478825e-05,-0.009447832567978664,0.03918722157822167,0.026305368636567694,0.0220934446855005,-0.01166294831467792,0.008821901650084334,0.05800629253720666,-0.028106001948499992,0.004897820229189649,0.006667333797697466,-0.006378200397130348,-0.03808679235896,-0.019415009203163656,0.0,0.004979924590332999,0.0052125549687160695,0.0010456452685450647,5.302430965396643e-05,-0.07302830969536997,0.05797683648724501,-0.013878281591386663,0.01762134592733412,-0.010346046498357695,-1.6787241227556414e-05,0.003033119996049751,0.0034040795297185246,-0.0012007328083925896,0.004987661792279732,0.0084848573602032,-0.015858280924953002,0.004979924590332999,-0.0052125549687160695,0.06017155481884166,0.0,0.9997853137594669
0.17800000000000019,0.0016075008382491832,0.0,0.00028590443314981687,-0.001489450031921634,0.00048265226972018317,-0.0020952177158509505,0.0008079154170604665,-0.00042945072659368984,0.00013681145694062832,-0.00202166212953175,-4.323261642041676e-05,0.00020421708675013363,0.0009773642418823896,-0.000748491960666417,-0.0005585648854285614,0.00046084730927093337,-0.0007079579657540506,0.0007528803487994333,0.00028590443314981687,0.001489450031921634,0.3828797133561167,0.0,0.2167525524223333,-0.14107334018499998,0.055940216708373326,0.013120972584056444,0.015351235632279284,-0.02532383005728284,0.010491996167224517,0.013844397402650836,-0.00705138511197662,-0.0052849144134321825,-0.00932623154704117,-0.03875887004370334,-0.07117171046871501,-0.057789481487324997,0.00048265226972018317,0.0020952177158509505,0.2167525524223333,0.14107334018499998,0.39411952530063327,0.0,0.04942036290038,0.06122913050005832,0.043716306793149994,-0.011975153315971201,-0.006443132221563937,-0.00023520268036926676,-0.004247454214350999,5.782546421529983e-05,0.02697245052218233,-0.022290856429965665,-0.012968366330365669,-0.018049434548742662,0.0008079154170604665,0.00042945072659368984,0.055940216708373326,-0.013120972584056444,0.04942036290038,-0.06122913050005832,0.16897857050126666,0.0,0.021278825244511003,0.015693127485762164,0.00020883545102184491,-0.0030210743818287504,0.0019039031291127318,0.008916538762828004,-0.011510745809965396,-0.008882216744398349,-0.010223081700810916,-0.00023391877842571623,0.00013681145694062832,0.00202166212953175,0.015351235632279284,0.02532383005728284,0.043716306793149994,0.011975153315971201,0.021278825244511003,-0.015693127485762164,0.051399086821408334,0.0,0.026998974414139,0.01828659008254816,0.011491546091940773,-0.021840467815205163,0.05833921949944334,0.02815797869680333,0.0030130872200903997,-0.003268642094593077,-4.323261642041676e-05,-0.00020421708675013363,0.010491996167224517,-0.013844397402650836,-0.006443132221563937,0.00023520268036926676,0.00020883545102184491,0.0030210743818287504,0.026998974414139,-0.01828659008254816,-0.07604442204707833,0.0,-0.08215356191071001,0.0011269131981776963,0.004888568170355385,-0.006713887953602795,-0.0009608247132022467,-0.004955191717365149,0.0009773642418823896,0.000748491960666417,-0.00705138511197662,0.0052849144134321825,-0.004247454214350999,-5.782546421529983e-05,0.0019039031291127318,-0.008916538762828004,0.011491546091940773,0.021840467815205163,-0.08215356191071001,-0.0011269131981776963,0.03714015134261715,0.0,-0.006465880200590551,0.03800719950634001,0.008275877543713207,0.01579664073126622,-0.0005585648854285614,-0.00046084730927093337,-0.00932623154704117,0.03875887004370334,0.02697245052218233,0.022290856429965665,-0.011510745809965396,0.008882216744398349,0.05833921949944334,-0.02815797869680333,0.004888568170355385,0.006713887953602795,-0.006465880200590551,-0.03800719950634001,-0.019508524459928164,0.0,0.004778473280795099,0.005503163924144949,-0.0007079579657540506,-0.0007528803487994333,-0.07117171046871501,0.057789481487324997,-0.012968366330365669,0.018049434548742662,-0.010223081700810916,0.00023391877842571623,0.0030130872200903997,0.003268642094593077,-0.0009608247132022467,0.004955191717365149,0.008275877543713207,-0.01579664073126622,0.004778473280795099,-0.005503163924144949,0.059213528530601675,0.0,0.999785130183967
0.17900000000000013,0.0016073172630193832,0.0,0.0009120825695165163,0.0011856878855601499,0.0012203456252353319,0.0017794149116419496,-0.0001794425066596498,0.0008450917496979831,0.0013970044266482498,0.0014634601265374832,-8.937519660841687e-05,-0.00018231720177810026,-0.00018346232898229666,0.0012318822816441163,6.288981406338227e-05,-0.0007324976719189502,2.454412171363299e-06,-0.0010202474915532666,0.0009120825695165163,-0.0011856878855601499,0.37814611337291665,0.0,0.21574645073623333,-0.14400370583278332,0.05539983802340669,0.012385963630068435,0.015129583621995004,-0.025135016364382996,0.009776947047719869,0.013787144499213505,-0.006484161315750371,-0.005527971689210094,-0.00915563680015501,-0.038327165008271664,-0.06929431173823333,-0.057583288338655,0.0012203456252353319,-0.0017794149116419496,0.21574645073623333,0.14400370583278332,0.39881058091716665,0.0,0.04962265665400001,0.061426383093901665,0.04398439294440166,-0.012449628536086582,-0.006963474371752747,-0.0003901166055754165,-0.0037828693186688516,-4.425348087766688e-05,0.027638452205439167,-0.02244967145379644,-0.012064311270974166,-0.01837345003489622,-0.0001794425066596498,-0.0008450917496979831,0.05539983802340669,-0.012385963630068435,0.04962265665400001,-0.061426383093901665,0.1700915210226833,0.0,0.021597537736783502,0.015422858830755337,0.0003844180208273165,-0.0029984899927832337,0.0020175461584522832,0.00890834513096707,-0.0113609910347483,-0.008899089972237635,-0.010140443390350928,-0.0004950382748810834,0.0013970044266482498,-0.0014634601265374832,0.015129583621995004,0.025135016364382996,0.04398439294440166,0.012449628536086582,0.021597537736783502,-0.015422858830755337,0.05205954466139167,0.0,0.027042886486395,0.018061163656585166,0.011667113885901133,-0.021707328004860662,0.05866411747916999,0.02822707302862667,0.0029772761908698,-0.003149705452164042,-8.937519660841687e-05,0.00018231720177810026,0.009776947047719869,-0.013787144499213505,-0.006963474371752747,0.0003901166055754165,0.0003844180208273165,0.0029984899927832337,0.027042886486395,-0.018061163656585166,-0.07649737964291667,0.0,-0.08232646348937499,0.0010812335399111833,0.0048880556032376505,-0.006786955914289544,-0.0007685232677135634,-0.004938863736274008,-0.00018346232898229666,-0.0012318822816441163,-0.006484161315750371,0.005527971689210094,-0.0037828693186688516,4.425348087766688e-05,0.0020175461584522832,-0.00890834513096707,0.011667113885901133,0.021707328004860662,-0.08232646348937499,-0.0010812335399111833,0.03691668532802701,0.0,-0.0065696637878680155,0.037915668533815,0.008088794439104114,0.01576579265733629,6.288981406338227e-05,0.0007324976719189502,-0.00915563680015501,0.038327165008271664,0.027638452205439167,0.02244967145379644,-0.0113609910347483,0.008899089972237635,0.05866411747916999,-0.02822707302862667,0.0048880556032376505,0.006786955914289544,-0.0065696637878680155,-0.037915668533815,-0.019605313391507832,0.0,0.004566361471123787,0.005768290383017615,2.454412171363299e-06,0.0010202474915532666,-0.06929431173823333,0.057583288338655,-0.012064311270974166,0.01837345003489622,-0.010140443390350928,0.0004950382748810834,0.0029772761908698,0.003149705452164042,-0.0007685232677135634,0.004938863736274008,0.008088794439104114,-0.01576579265733629,0.004566361471123787,-0.005768290383017615,0.05825587706991167,0.0,0.9997849466002333
0.17999999999999985,0.0016071336832767168,0.0,-0.0014776432509683835,-9.261248636452339e-05,-0.0021513360665694004,-0.0003327133167838167,-0.0005108478379308003,-0.0006231769100698716,-0.002008346577708546,4.6135004649674944e-05,0.00017778543761048327,9.797618331390146e-05,-0.0007521393750245668,-0.0010166543679213998,0.0004965830726359666,0.0005589256333279897,0.0006829608297866332,0.0007269696181171168,-0.0014776432509683835,9.261248636452339e-05,0.37330885232051675,0.0,0.21468238132803324,-0.14667927421075003,0.05488039416359166,0.011692548142404289,0.014951721434922183,-0.024953154709285167,0.009087985985715719,0.013702709971097782,-0.005935918323194761,-0.00572845355979883,-0.008950132371402868,-0.037856425395975,-0.06746747850093666,-0.05732117189349502,-0.0021513360665694004,0.0003327133167838167,0.21468238132803324,0.14667927421075003,0.40360528776346677,0.0,0.04985869459701334,0.06163801196083666,0.044250933734499995,-0.01292222468013463,-0.007497709810548934,-0.0005834586516458665,-0.003310674430086951,-0.00011892145046039996,0.02825505018157384,-0.02256784464306062,-0.011197298877574464,-0.018572267808746334,-0.0005108478379308003,0.0006231769100698716,0.05488039416359166,-0.011692548142404289,0.04985869459701334,-0.06163801196083666,0.17119959436579996,0.0,0.021906261926079838,0.015166784982478681,0.0005331477425959834,-0.0029661908375351745,0.002139218550839583,0.008937546417765964,-0.011232193536061811,-0.008860582040805132,-0.010079220928302905,-0.0007308351796709332,-0.002008346577708546,-4.6135004649674944e-05,0.014951721434922183,0.024953154709285167,0.044250933734499995,0.01292222468013463,0.021906261926079838,-0.015166784982478681,0.052721165159800014,0.0,0.0270843085901865,0.017830871854105836,0.011842475203013798,-0.021600593093946668,0.059004705512318324,0.028293295339373328,0.0028983075173960758,-0.0030090422104389635,0.00017778543761048327,-9.797618331390146e-05,0.009087985985715719,-0.013702709971097782,-0.007497709810548934,0.0005834586516458665,0.0005331477425959834,0.0029661908375351745,0.0270843085901865,-0.017830871854105836,-0.07694348466309667,0.0,-0.08247231946169,0.0010175794042166554,0.004897432062503292,-0.006854543134700746,-0.0006087468626517969,-0.004910325461011283,-0.0007521393750245668,0.0010166543679213998,-0.005935918323194761,0.00572845355979883,-0.003310674430086951,0.00011892145046039996,0.002139218550839583,-0.008937546417765964,0.011842475203013798,0.021600593093946668,-0.08247231946169,-0.0010175794042166554,0.036692185078367176,0.0,-0.00665055541579151,0.03783566586138332,0.007919912872125602,0.01573330688690491,0.0004965830726359666,-0.0005589256333279897,-0.008950132371402868,0.037856425395975,0.02825505018157384,0.02256784464306062,-0.011232193536061811,0.008860582040805132,0.059004705512318324,-0.028293295339373328,0.004897432062503292,0.006854543134700746,-0.00665055541579151,-0.03783566586138332,-0.019705491522010333,0.0,0.004354291534153529,0.006035701349120985,0.0006829608297866332,-0.0007269696181171168,-0.06746747850093666,0.05732117189349502,-0.011197298877574464,0.018572267808746334,-0.010079220928302905,0.0007308351796709332,0.0028983075173960758,0.0030090422104389635,-0.0006087468626517969,0.004910325461011283,0.007919912872125602,-0.01573330688690491,0.004354291534153529,-0.006035701349120985,0.057299520826915,0.0,0.9997847630129335
0.1809999999999998,0.0016069501138268499,0.0,0.0010380172413984002,-0.0010556074965139832,0.0017152030332815665,-0.001341797343190467,0.0007759675998638003,-1.3590496478400242e-05,0.001306237154842267,-0.0015078650975349993,-0.0002000845003171832,3.183251619655377e-05,0.0012633392522760775,0.00017963872658011666,-0.0007460672867508829,-2.3357342996713158e-05,-0.0009613489882360332,-3.80668526464999e-05,0.0010380172413984002,0.0010556074965139832,0.36837596110666654,0.0,0.21357481676531667,-0.1491318617908667,0.054318727075805,0.011044447037569901,0.01475444045346898,-0.024748654244249817,0.008402473401418468,0.01360603102993375,-0.005356539732749283,-0.005932838259046283,-0.008745740604478353,-0.037332476603253846,-0.06571274121182669,-0.057009354435833354,0.0017152030332815665,0.001341797343190467,0.21357481676531667,0.1491318617908667,0.4084947338793834,0.0,0.050118244735523336,0.061851059485045,0.04452677561851834,-0.013414162130586264,-0.00798951223680565,-0.0008182189703350668,-0.002821727890316134,-0.00023932381656816654,0.028831000823110842,-0.022658820420782485,-0.010354190171954965,-0.018712738075518508,0.0007759675998638003,1.3590496478400242e-05,0.054318727075805,-0.011044447037569901,0.050118244735523336,-0.061851059485045,0.17230361641524997,0.0,0.022167974422890327,0.014941973680007402,0.0006727511553397367,-0.0029336456985815337,0.0022542094089980157,0.008999021828701352,-0.011133723753102866,-0.008825453102580132,-0.00998472191107238,-0.0009381155710432517,0.001306237154842267,0.0015078650975349993,0.01475444045346898,0.024748654244249817,0.04452677561851834,0.013414162130586264,0.022167974422890327,-0.014941973680007402,0.05338291175031167,0.0,0.027113863408911663,0.017602507501793162,0.012016331343625451,-0.021534273574102668,0.059354052366336695,0.028349161896646668,0.002792737769678891,-0.0028554253090082504,-0.0002000845003171832,-3.183251619655377e-05,0.008402473401418468,-0.01360603102993375,-0.00798951223680565,0.0008182189703350668,0.0006727511553397367,0.0029336456985815337,0.027113863408911663,-0.017602507501793162,-0.07738211421651164,0.0,-0.08263034449220003,0.0009361507367740582,0.0049012585223603,-0.006889358070461601,-0.0004347840009596647,-0.004873275352978337,0.0012633392522760775,-0.00017963872658011666,-0.005356539732749283,0.005932838259046283,-0.002821727890316134,0.00023932381656816654,0.0022542094089980157,-0.008999021828701352,0.012016331343625451,0.021534273574102668,-0.08263034449220003,-0.0009361507367740582,0.03646562931149315,0.0,-0.006720290976813201,0.03777483012110334,0.0077407692413944875,0.015669538931914414,-0.0007460672867508829,2.3357342996713158e-05,-0.008745740604478353,0.037332476603253846,0.028831000823110842,0.022658820420782485,-0.011133723753102866,0.008825453102580132,0.059354052366336695,-0.028349161896646668,0.0049012585223603,0.006889358070461601,-0.006720290976813201,-0.03777483012110334,-0.019808707371294667,0.0,0.004137165061503268,0.006313946881715033,-0.0009613489882360332,3.80668526464999e-05,-0.06571274121182669,0.057009354435833354,-0.010354190171954965,0.018712738075518508,-0.00998472191107238,0.0009381155710432517,0.002792737769678891,0.0028554253090082504,-0.0004347840009596647,0.004873275352978337,0.0077407692413944875,-0.015669538931914414,0.004137165061503268,-0.006313946881715033,0.056345598446615,0.0,0.9997845794357
0.18200000000000024,0.0016067665568938333,0.0,0.00010082745649976667,0.0014825237887046002,-0.0001642751104878334,0.0021452855169944167,-0.00046856515831032855,0.0005998181479489281,0.00023958636589178334,0.001975268393147441,0.00012525455326340006,-0.00016178742918191658,-0.0010141520857461866,0.0007616536733371,0.0005345586421927336,-0.0005183295927215553,0.0006800824139637503,-0.0006316463277089,0.00010082745649976667,-0.0014825237887046002,0.36335595070373333,0.0,0.21246044012681672,-0.15131390249280005,0.05368387528728667,0.010431014639015745,0.014533758461511233,-0.024489274979470843,0.007721233777469852,0.01350912153292325,-0.0047384020909505605,-0.0061438330047696,-0.008548238737222085,-0.03678373395572733,-0.063969401653085,-0.05666640890723668,-0.0001642751104878334,-0.0021452855169944167,0.21246044012681672,0.15131390249280005,0.41347023679386663,0.0,0.05037195584916332,0.06202664563471335,0.04478512173729668,-0.013917066443254552,-0.008431196225245192,-0.0010615657682933335,-0.002298462539431484,-0.0003344506655635669,0.029414681587286665,-0.022726299370149503,-0.009498501590421832,-0.018846481353837985,-0.00046856515831032855,-0.0005998181479489281,0.05368387528728667,-0.010431014639015745,0.05037195584916332,-0.06202664563471335,0.17340422834820005,0.0,0.02241246397263984,0.01474148509477294,0.0008450729320626317,-0.0029049915917130835,0.0023541194731117824,0.009046368566806086,-0.011050303084420813,-0.008833231871939268,-0.00982812289709025,-0.0011595863118216228,0.00023958636589178334,-0.001975268393147441,0.014533758461511233,0.024489274979470843,0.04478512173729668,0.013917066443254552,0.02241246397263984,-0.01474148509477294,0.054043638201934995,0.0,0.0271426634753785,0.017371038763515666,0.01219209615583017,-0.021471969521918755,0.059680814692885005,0.028404578299623333,0.002711799176086182,-0.0027246539808671666,0.00012525455326340006,0.00016178742918191658,0.007721233777469852,-0.01350912153292325,-0.008431196225245192,0.0010615657682933335,0.0008450729320626317,0.0029049915917130835,0.0271426634753785,-0.017371038763515666,-0.07781285074684331,0.0,-0.08281689956708167,0.0008511767669172835,0.004897118160023434,-0.006906268742170163,-0.00022357418243257156,-0.004858434343411032,-0.0010141520857461866,-0.0007616536733371,-0.0047384020909505605,0.0061438330047696,-0.002298462539431484,0.0003344506655635669,0.0023541194731117824,-0.009046368566806086,0.01219209615583017,0.021471969521918755,-0.08281689956708167,-0.0008511767669172835,0.036236537110850835,0.0,-0.006820607178985352,0.037704627223268346,0.007545678955001334,0.015590671326136821,0.0005345586421927336,0.0005183295927215553,-0.008548238737222085,0.03678373395572733,0.029414681587286665,0.022726299370149503,-0.011050303084420813,0.008833231871939268,0.059680814692885005,-0.028404578299623333,0.004897118160023434,0.006906268742170163,-0.006820607178985352,-0.037704627223268346,-0.019914981195910664,0.0,0.003905593539834061,0.006568238054613366,0.0006800824139637503,0.0006316463277089,-0.063969401653085,0.05666640890723668,-0.009498501590421832,0.018846481353837985,-0.00982812289709025,0.0011595863118216228,0.002711799176086182,0.0027246539808671666,-0.00022357418243257156,0.004858434343411032,0.007545678955001334,-0.015590671326136821,0.003905593539834061,-0.006568238054613366,0.0553948700980983,0.0,0.9997843958703333
0.18299999999999988,0.0016065829999934492,0.0,-0.0011599116822497775,-0.0009263399011027392,-0.0014595265612562817,-0.0015372735966528498,-0.0001626248312665497,-0.0007028372754813,-0.0016262647312752549,-0.0011526791337214165,2.728182240741628e-05,0.00021856167560616667,0.00018262436561343337,-0.001232331749749966,-4.366887530333606e-06,0.000766015203974427,-4.325655681855989e-05,0.0009054357907734503,-0.0011599116822497775,0.0009263399011027392,0.3582591245492833,0.0,0.21138823523460007,-0.15320701972655001,0.05304396612814666,0.00983076085805847,0.014342413392064997,-0.024213572883975656,0.007063674025559668,0.013404934914028065,-0.004135596747074733,-0.006336544241836383,-0.00833246900928875,-0.03624988811825667,-0.062217280686496665,-0.05630247188722334,-0.0014595265612562817,0.0015372735966528498,0.21138823523460007,0.15320701972655001,0.4185212759220333,0.0,0.05062766061327168,0.06216617552072001,0.045012183026924994,-0.014413885242976385,-0.0088852764130117,-0.0012849451465930305,-0.0017638207187141665,-0.00031863784054179966,0.030014253535317163,-0.022761271616466676,-0.008649601555302169,-0.01894145089500964,-0.0001626248312665497,0.0007028372754813,0.05304396612814666,-0.00983076085805847,0.05062766061327168,-0.06216617552072001,0.17450123908249995,0.0,0.022698222813367,0.014540978498517697,0.0010500487242756994,-0.002867548992929338,0.002447700742517608,0.009058315392342533,-0.010971393661823783,-0.008847806084191483,-0.009635128942507317,-0.0014184620703039503,-0.0016262647312752549,0.0011526791337214165,0.014342413392064997,0.024213572883975656,0.045012183026924994,0.014413885242976385,0.022698222813367,-0.014540978498517697,0.05470308237408668,0.0,0.02718812242417867,0.017132166738615,0.012372679468678982,-0.021390087732652673,0.059999463559903335,0.028473786011881656,0.0026649706224894996,-0.002618647975441274,2.728182240741628e-05,-0.00021856167560616667,0.007063674025559668,-0.013404934914028065,-0.0088852764130117,0.0012849451465930305,0.0010500487242756994,0.002867548992929338,0.02718812242417867,-0.017132166738615,-0.07823559102305502,0.0,-0.08300930573303668,0.0007735626019858669,0.0049019424014999195,-0.00693147163725705,2.5029122477498828e-06,-0.004875863120296517,0.00018262436561343337,0.001232331749749966,-0.004135596747074733,0.006336544241836383,-0.0017638207187141665,0.00031863784054179966,0.002447700742517608,-0.009058315392342533,0.012372679468678982,0.021390087732652673,-0.08300930573303668,-0.0007735626019858669,0.03600561260265984,0.0,-0.006957258708018482,0.037611205663883346,0.007366218674631263,0.015540355211901965,-4.366887530333606e-06,-0.000766015203974427,-0.00833246900928875,0.03624988811825667,0.030014253535317163,0.022761271616466676,-0.010971393661823783,0.008847806084191483,0.059999463559903335,-0.028473786011881656,0.0049019424014999195,0.00693147163725705,-0.006957258708018482,-0.037611205663883346,-0.02002491908863217,0.0,0.0036656510455863483,0.006783383256084769,-4.325655681855989e-05,-0.0009054357907734503,-0.062217280686496665,0.05630247188722334,-0.008649601555302169,0.01894145089500964,-0.009635128942507317,0.0014184620703039503,0.0026649706224894996,0.002618647975441274,2.5029122477498828e-06,0.004875863120296517,0.007366218674631263,-0.015540355211901965,0.0036656510455863483,-0.006783383256084769,0.054447804887010016,0.0,0.999784212306
0.18399999999999986,0.0016063994335876832,0.0,0.0014653304218712004,-0.00021781068869448325,0.00209439729040395,-3.2585879115699705e-05,0.0005953183425563334,0.00027774287491024835,0.00195398474061083,-0.00042776809665290007,-0.00018989639598683336,-0.00015713643962073347,0.0007295041784183667,0.000976931142419917,-0.0005745937185598335,-0.0005658447350015832,-0.0005784826491714931,-0.0006745061159952003,0.0014653304218712004,0.00021781068869448325,0.3530954885630501,0.0,0.2103414538162999,-0.1548320417134667,0.05244880050910502,0.009238404088142419,0.014191720251457663,-0.023978640064998665,0.0064360467695407505,0.013282630712179664,-0.0035681975992089654,-0.006515129134737767,-0.008089404076645917,-0.035716723880105675,-0.06051048032491832,-0.055907505901715,0.00209439729040395,3.2585879115699705e-05,0.2103414538162999,0.1548320417134667,0.42363702980043333,0.0,0.050910066905005,0.06230373705276833,0.04522365410027167,-0.014911513147394001,-0.009386241607017317,-0.0015000167919735684,-0.0012507080680732169,-0.00024610803746463283,0.03057688342012167,-0.022764167904539164,-0.007861244129538434,-0.01894714933258463,0.0005953183425563334,-0.00027774287491024835,0.05244880050910502,-0.009238404088142419,0.050910066905005,-0.06230373705276833,0.1755941564967667,0.0,0.023022674834207335,0.014329113671756401,0.001239667202167688,-0.002808140283505674,0.0025389198924903327,0.009063597378951205,-0.0109021804899193,-0.008823113465688636,-0.00944334268399365,-0.0016748170886709834,0.00195398474061083,0.00042776809665290007,0.014191720251457663,0.023978640064998665,0.04522365410027167,0.014911513147394001,0.023022674834207335,-0.014329113671756401,0.05536162417771499,0.0,0.027240019267508166,0.01688706267307023,0.012554047257162367,-0.021308830015956664,0.060344743816390004,0.028543833872831666,0.0026024813462720993,-0.002505490727159533,-0.00018989639598683336,0.00015713643962073347,0.0064360467695407505,-0.013282630712179664,-0.009386241607017317,0.0015000167919735684,0.001239667202167688,0.002808140283505674,0.027240019267508166,-0.01688706267307023,-0.07865040671247334,0.0,-0.08316720813020001,0.0007001564812469166,0.0049237751540797,-0.0069529865044273,0.00021702096678543337,-0.004896089126960515,0.0007295041784183667,-0.000976931142419917,-0.0035681975992089654,0.006515129134737767,-0.0012507080680732169,0.00024610803746463283,0.0025389198924903327,-0.009063597378951205,0.012554047257162367,0.021308830015956664,-0.08316720813020001,-0.0007001564812469166,0.03577375581026299,0.0,-0.0070899891939151345,0.03751089732252167,0.007219770914168764,0.015520227583278838,-0.0005745937185598335,0.0005658447350015832,-0.008089404076645917,0.035716723880105675,0.03057688342012167,0.022764167904539164,-0.0109021804899193,0.008823113465688636,0.060344743816390004,-0.028543833872831666,0.0049237751540797,0.0069529865044273,-0.0070899891939151345,-0.03751089732252167,-0.020138920739164668,0.0,0.0034265610438326335,0.006990010488859751,-0.0005784826491714931,0.0006745061159952003,-0.06051048032491832,0.055907505901715,-0.007861244129538434,0.01894714933258463,-0.00944334268399365,0.0016748170886709834,0.0026024813462720993,0.002505490727159533,0.00021702096678543337,0.004896089126960515,0.007219770914168764,-0.015520227583278838,0.0034265610438326335,-0.006990010488859751,0.053504901901605,0.0,0.9997840287316168
0.185,0.0016062158732160169,0.0,-0.0008433675367284347,0.0012242236029457666,-0.0013810846026989334,0.0015335085718541604,-0.0005424847834088337,0.0002732602610489665,-0.0010043840713770671,0.001736736429929105,0.00026719665383008337,-2.0909406411316407e-05,-0.0011794374125061997,-0.00015097284284181186,0.0008377068980082446,-1.6534841299763268e-05,0.0008553071454115163,9.162893426009877e-05,-0.0008433675367284347,-0.0012242236029457666,0.3478737387361332,0.0,0.20931396795985,-0.15622972993831663,0.05186047369244167,0.0086857707489724,0.014030566143312767,-0.02376671306948517,0.005822534021847832,0.013154146788049164,-0.0029833541393653996,-0.006715490264028668,-0.007845835411746665,-0.03514973009794183,-0.058890295230193325,-0.05548869530876667,-0.0013810846026989334,-0.0015335085718541604,0.20931396795985,0.15622972993831663,0.42880791845518323,0.0,0.05121724981240835,0.062467198115560015,0.045445272326621676,-0.015435538815585568,-0.009892371286828953,-0.001723949342828933,-0.0007553973551577003,-0.00022726753170211692,0.03107924372558816,-0.022756130106620164,-0.0071301231843922805,-0.018883142417001453,-0.0005424847834088337,-0.0002732602610489665,0.05186047369244167,-0.0086857707489724,0.05121724981240835,-0.062467198115560015,0.17668303637823332,0.0,0.023335709042033,0.014121753510731992,0.0013864705972426428,-0.002725029966121682,0.002620193454416634,0.009087429055483228,-0.010841658951668947,-0.008781382882051202,-0.009257591486308352,-0.001882093723619517,-0.0010043840713770671,-0.001736736429929105,0.014030566143312767,0.02376671306948517,0.045445272326621676,0.015435538815585568,0.023335709042033,-0.014121753510731992,0.05601900274941166,0.0,0.027282856133139508,0.016642954916739866,0.012728533721883085,-0.021256642910835555,0.060724067142399994,0.028594745023181663,0.0024945037277542804,-0.002376096727176344,0.00026719665383008337,2.0909406411316407e-05,0.005822534021847832,-0.013154146788049164,-0.009892371286828953,0.001723949342828933,0.0013864705972426428,0.002725029966121682,0.027282856133139508,-0.016642954916739866,-0.07905724187561002,0.0,-0.08330679425898666,0.0006237740210929668,0.0049485656291442075,-0.006939752371095949,0.00042611638788090506,-0.004898338015721966,-0.0011794374125061997,0.00015097284284181186,-0.0029833541393653996,0.006715490264028668,-0.0007553973551577003,0.00022726753170211692,0.002620193454416634,-0.009087429055483228,0.012728533721883085,0.021256642910835555,-0.08330679425898666,-0.0006237740210929668,0.03554100652927901,0.0,-0.007197839627876433,0.03742874575572833,0.0070827314948616335,0.015489521407220163,0.0008377068980082446,1.6534841299763268e-05,-0.007845835411746665,0.03514973009794183,0.03107924372558816,0.022756130106620164,-0.010841658951668947,0.008781382882051202,0.060724067142399994,-0.028594745023181663,0.0049485656291442075,0.006939752371095949,-0.007197839627876433,-0.03742874575572833,-0.020256625245541504,0.0,0.003181860759777284,0.007221164937875315,0.0008553071454115163,-9.162893426009877e-05,-0.058890295230193325,0.05548869530876667,-0.0071301231843922805,0.018883142417001453,-0.009257591486308352,0.001882093723619517,0.0024945037277542804,0.002376096727176344,0.00042611638788090506,0.004898338015721966,0.0070827314948616335,-0.015489521407220163,0.003181860759777284,-0.007221164937875315,0.052566793563186685,0.0,0.9997838451641167
0.18599999999999997,0.0016060323277961666,0.0,-0.00031279483211305015,-0.0014560227105684153,-0.00020084163804583367,-0.002014417855693058,0.0001389134561334167,-0.0005709357314538382,-0.0006033566885978681,-0.001916592335018852,-0.00017397970633541658,0.00022132318259464673,0.0008979157551996516,-0.0007171109823639496,-0.0005893716476660754,0.0006148605341838499,-0.0006532007326508168,0.000497909732213397,-0.00031279483211305015,0.0014560227105684153,0.34260174031904994,0.0,0.20832318406855008,-0.15739697137566672,0.051224054255036656,0.008204760371687426,0.013834476359359865,-0.023502135354648648,0.00521154113696366,0.013038096319567687,-0.0023430720909593163,-0.006942570917946168,-0.00761967409038256,-0.03455195271808267,-0.057308805061643334,-0.055062957170416656,-0.00020084163804583367,0.002014417855693058,0.20832318406855008,0.15739697137566672,0.43402576383551655,0.0,0.05150881328102334,0.06264031241818,0.04566698011172,-0.015995492827215303,-0.010361576022510774,-0.0019498714973650332,-0.00025960192306659965,-0.0002451083989581017,0.03155960758433565,-0.02274174431425454,-0.006403780729444782,-0.01879573410664269,0.0001389134561334167,0.0005709357314538382,0.051224054255036656,-0.008204760371687426,0.05150881328102334,-0.06264031241818,0.1777686141850834,0.0,0.023624126242273162,0.013934111910776138,0.001520983559683633,-0.0026194195209687994,0.0026923907133884323,0.009110064826797196,-0.010770908558276698,-0.008766701052168547,-0.009052561178693415,-0.002052643662572467,-0.0006033566885978681,0.001916592335018852,0.013834476359359865,0.023502135354648648,0.04566698011172,0.015995492827215303,0.023624126242273162,-0.013934111910776138,0.05667417197487832,0.0,0.027324592399945,0.0164009551748265,0.012895402875293303,-0.021216394233273102,0.06110077904733666,0.028626658899921664,0.0023790068310861195,-0.002254073398465808,-0.00017397970633541658,-0.00022132318259464673,0.00521154113696366,-0.013038096319567687,-0.010361576022510774,0.0019498714973650332,0.001520983559683633,0.0026194195209687994,0.027324592399945,-0.0164009551748265,-0.07945604843802165,0.0,-0.0834675536799467,0.0005496454925350336,0.004957560175287232,-0.006897235378128808,0.0006470666711710253,-0.004903873344475017,0.0008979157551996516,0.0007171109823639496,-0.0023430720909593163,0.006942570917946168,-0.00025960192306659965,0.0002451083989581017,0.0026923907133884323,-0.009110064826797196,0.012895402875293303,0.021216394233273102,-0.0834675536799467,-0.0005496454925350336,0.03530696020038867,0.0,-0.00731315878644285,0.037362059954541664,0.006925250237467997,0.015428429848551735,-0.0005893716476660754,-0.0006148605341838499,-0.00761967409038256,0.03455195271808267,0.03155960758433565,0.02274174431425454,-0.010770908558276698,0.008766701052168547,0.06110077904733666,-0.028626658899921664,0.004957560175287232,0.006897235378128808,-0.00731315878644285,-0.037362059954541664,-0.020377417692295997,0.0,0.002920682928872689,0.007460448655175848,-0.0006532007326508168,-0.000497909732213397,-0.057308805061643334,0.055062957170416656,-0.006403780729444782,0.01879573410664269,-0.009052561178693415,0.002052643662572467,0.0023790068310861195,0.002254073398465808,0.0006470666711710253,0.004903873344475017,0.006925250237467997,-0.015428429848551735,0.002920682928872689,-0.007460448655175848,0.051633844897754994,0.0,0.9997836616102503
0.1869999999999999,0.0016058487901080497,0.0,0.0012510393639770334,0.0007717079001384665,0.0016190913114941979,0.0011781335481622498,0.00032503177859865016,0.0004653088569183335,0.0018140906862460832,0.0008531280209294471,-5.310954016116662e-05,-0.0002956892496183148,-0.00012079827975916517,0.0010945566517302165,-1.6244276693631646e-05,-0.0008719835080518935,0.00013579432142033298,-0.0007729434086542169,0.0012510393639770334,-0.0007717079001384665,0.33728854462235,0.0,0.20737121733363337,-0.15830627112048332,0.05055561004928998,0.00778302325069661,0.013656946020772833,-0.02316616079670484,0.004616932788469416,0.012925321322027528,-0.00169296933528071,-0.007154519310631883,-0.007397166263826051,-0.03396010020293732,-0.055704667861525,-0.05462625177750332,0.0016190913114941979,-0.0011781335481622498,0.20737121733363337,0.15830627112048332,0.43928133234730005,0.0,0.051763160810650015,0.0628028046103833,0.04585737008952,-0.01656006454611623,-0.01082156379703995,-0.0021696357774723617,0.00022758216608433315,-0.00018306395134998297,0.03205021204083617,-0.022697483242500902,-0.005681721815486581,-0.018680806419992986,0.00032503177859865016,-0.0004653088569183335,0.05055561004928998,-0.00778302325069661,0.051763160810650015,-0.0628028046103833,0.17885135015005002,0.0,0.023937757557062,0.013756978210298483,0.0016728385248589335,-0.002488118594135423,0.0027715408140809006,0.00910685840628455,-0.010682710872888988,-0.008765158610819734,-0.008823095186281311,-0.0022366242508609505,0.0018140906862460832,-0.0008531280209294471,0.013656946020772833,0.02316616079670484,0.04585737008952,0.01656006454611623,0.023937757557062,-0.013756978210298483,0.05732627133297337,0.0,0.027385020180376664,0.016153224939381722,0.013056447238755986,-0.021149114551507173,0.061452254186475,0.028657653679461662,0.0022917922376069692,-0.0021520276026979835,-5.310954016116662e-05,0.0002956892496183148,0.004616932788469416,-0.012925321322027528,-0.01082156379703995,0.0021696357774723617,0.0016728385248589335,0.002488118594135423,0.027385020180376664,-0.016153224939381722,-0.07984694604605336,0.0,-0.08364458583600168,0.0004857082919703999,0.004953775659708479,-0.006865598947177751,0.0008688931948761799,-0.004943119412617271,-0.00012079827975916517,-0.0010945566517302165,-0.00169296933528071,0.007154519310631883,0.00022758216608433315,0.00018306395134998297,0.0027715408140809006,-0.00910685840628455,0.013056447238755986,0.021149114551507173,-0.08364458583600168,-0.0004857082919703999,0.03507187399380266,0.0,-0.007466457213981961,0.03728975476641167,0.006750703490192102,0.015368817969896115,-1.6244276693631646e-05,0.0008719835080518935,-0.007397166263826051,0.03396010020293732,0.03205021204083617,0.022697483242500902,-0.010682710872888988,0.008765158610819734,0.061452254186475,-0.028657653679461662,0.004953775659708479,0.006865598947177751,-0.007466457213981961,-0.03728975476641167,-0.02050112352881083,0.0,0.0026527429333145173,0.007673402299035465,0.00013579432142033298,0.0007729434086542169,-0.055704667861525,0.05462625177750332,-0.005681721815486581,0.018680806419992986,-0.008823095186281311,0.0022366242508609505,0.0022917922376069692,0.0021520276026979835,0.0008688931948761799,0.004943119412617271,0.006750703490192102,-0.015368817969896115,0.0026527429333145173,-0.007673402299035465,0.050706326403026684,0.0,0.9997834780644833
0.1880000000000001,0.0016056652404413993,0.0,-0.0013868137888020662,0.0003569552887596834,-0.0019770163039565672,0.0004139159503931034,-0.0005237760891323998,-3.941866668492498e-05,-0.0018420668932391663,0.0007433279142808501,0.0002716411764225833,0.0001872873339453664,-0.0006538697235148504,-0.0008297971821402833,0.000665302761181766,0.0006260868195223164,0.0003973080774922834,0.0006413709110573556,-0.0013868137888020662,-0.0003569552887596834,0.3319433462816666,0.0,0.20643663599264991,-0.15897488266883333,0.049911116503934996,0.007386568975352517,0.013545447082534865,-0.022816052684107337,0.004062673215759547,0.012792906151135578,-0.001096751998728433,-0.007311646449489252,-0.007165065642889118,-0.03338214433631917,-0.05410765278056169,-0.05417174272802501,-0.0019770163039565672,-0.0004139159503931034,0.20643663599264991,0.15897488266883333,0.44456468365791674,0.0,0.05202164122124167,0.06297310956482832,0.046019593151081686,-0.017099944930212548,-0.01131561591668275,-0.0024009593036758833,0.0006876221444343502,-7.0763222286500276e-06,0.03252092865871051,-0.02261194900672453,-0.005024723948007184,-0.01850259921966886,-0.0005237760891323998,3.941866668492498e-05,0.049911116503934996,-0.007386568975352517,0.05202164122124167,-0.06297310956482832,0.17993131490038342,0.0,0.024306342318469003,0.013579261027442417,0.001820262313246017,-0.0023380453717771837,0.002863933290624475,0.009098086441130084,-0.01060542708076354,-0.008724631968121548,-0.008604132434811338,-0.0024519146623871325,-0.0018420668932391663,-0.0007433279142808501,0.013545447082534865,0.022816052684107337,0.046019593151081686,0.017099944930212548,0.024306342318469003,-0.013579261027442417,0.05797533715140333,0.0,0.027469162200795,0.01589394448996283,0.0132160332663446,-0.021049665610721916,0.061813396517168315,0.028700258652000002,0.002199206080174233,-0.002058408756970986,0.0002716411764225833,-0.0001872873339453664,0.004062673215759547,-0.012792906151135578,-0.01131561591668275,0.0024009593036758833,0.001820262313246017,0.0023380453717771837,0.027469162200795,-0.01589394448996283,-0.08023003015656331,0.0,-0.08380372632871,0.0004243601665176164,0.004957169850647498,-0.006865600727111151,0.0010636956585726165,-0.005005398248331585,-0.0006538697235148504,0.0008297971821402833,-0.001096751998728433,0.007311646449489252,0.0006876221444343502,7.0763222286500276e-06,0.002863933290624475,-0.009098086441130084,0.0132160332663446,0.021049665610721916,-0.08380372632871,-0.0004243601665176164,0.034836326382123174,0.0,-0.007632186450208314,0.03721615006320666,0.006581839279930577,0.015339263150076311,0.000665302761181766,-0.0006260868195223164,-0.007165065642889118,0.03338214433631917,0.03252092865871051,0.02261194900672453,-0.01060542708076354,0.008724631968121548,0.061813396517168315,-0.028700258652000002,0.004957169850647498,0.006865600727111151,-0.007632186450208314,-0.03721615006320666,-0.020627910094343838,0.0,0.0023954848065696386,0.007863690561592418,0.0003973080774922834,-0.0006413709110573556,-0.05410765278056169,0.05417174272802501,-0.005024723948007184,0.01850259921966886,-0.008604132434811338,0.0024519146623871325,0.002199206080174233,0.002058408756970986,0.0010636956585726165,0.005005398248331585,0.006581839279930577,-0.015339263150076311,0.0023954848065696386,-0.007863690561592418,0.04978456114402667,0.0,0.9997832945068997
0.18900000000000003,0.0016054816802236831,0.0,0.0006787934929032302,-0.001222042717151998,0.001063068031770502,-0.0017701136544860997,0.00031625833340494355,-0.00036813267481339984,0.000699033727294,-0.0018257199081414333,-0.00035747134636168325,5.122286085936664e-05,0.001012598530680055,0.00012398017287130163,-0.0009555393392323267,5.739713848146646e-05,-0.0006927974544156702,-0.0001962671371695498,0.0006787934929032302,0.001222042717151998,0.32657465343738334,0.0,0.20545579024770008,-0.1594295324216,0.049288715883004985,0.007016059821142017,0.01346514887362537,-0.022482153989126664,0.0035473121676410447,0.012634053044536912,-0.0005406294527928666,-0.007414916780341083,-0.0069368298862068686,-0.03277623186302716,-0.05258783495382833,-0.05370311828647001,0.001063068031770502,0.0017701136544860997,0.20545579024770008,0.1594295324216,0.4498665272879334,0.0,0.052319959524596664,0.06316188651943165,0.04618668051198501,-0.01762757785782115,-0.011818560011142966,-0.0026621543345989834,0.0011334507940747418,0.00019587224465298354,0.03292353030301651,-0.022509234321239795,-0.004446798521469398,-0.018256174180724876,0.00031625833340494355,0.00036813267481339984,0.049288715883004985,-0.007016059821142017,0.052319959524596664,-0.06316188651943165,0.18100870319063336,0.0,0.024676144410999343,0.013405733689471202,0.0019284642523757162,-0.00218489322233695,0.0029559725111664844,0.009119517807039713,-0.010562034173362137,-0.008636820076966884,-0.008415782809622982,-0.002673614792611416,0.000699033727294,0.0018257199081414333,0.01346514887362537,0.022482153989126664,0.04618668051198501,0.01762757785782115,0.024676144410999343,-0.013405733689471202,0.058621457216254995,0.0,0.027563766507365015,0.015626027234319963,0.01337140750045137,-0.02094838797355375,0.062204193028871674,0.02874288574644334,0.0020536727820443996,-0.001966319411771276,-0.00035747134636168325,-5.122286085936664e-05,0.0035473121676410447,-0.012634053044536912,-0.011818560011142966,0.0026621543345989834,0.0019284642523757162,0.00218489322233695,0.027563766507365015,-0.015626027234319963,-0.08060495281026335,0.0,-0.08392576058728832,0.00034890041200063665,0.004977786204376139,-0.006872793728483985,0.001231075729889183,-0.005052479558760282,0.001012598530680055,-0.00012398017287130163,-0.0005406294527928666,0.007414916780341083,0.0011334507940747418,-0.00019587224465298354,0.0029559725111664844,-0.009119517807039713,0.01337140750045137,0.02094838797355375,-0.08392576058728832,-0.00034890041200063665,0.03459999198815484,0.0,-0.0077597386692697485,0.037160498359321684,0.006413030911169116,0.015313858983758729,-0.0009555393392323267,-5.739713848146646e-05,-0.0069368298862068686,0.03277623186302716,0.03292353030301651,0.022509234321239795,-0.010562034173362137,0.008636820076966884,0.062204193028871674,-0.02874288574644334,0.004977786204376139,0.006872793728483985,-0.0077597386692697485,-0.037160498359321684,-0.020757722131591837,0.0,0.002143207928098317,0.008053650389596883,-0.0006927974544156702,0.0001962671371695498,-0.05258783495382833,0.05370311828647001,-0.004446798521469398,0.018256174180724876,-0.008415782809622982,0.002673614792611416,0.0020536727820443996,0.001966319411771276,0.001231075729889183,0.005052479558760282,0.006413030911169116,-0.015313858983758729,0.002143207928098317,-0.008053650389596883,0.04886897108024832,0.0,0.9997831109394334
0.18999999999999997,0.0016052981229725996,0.0,0.0004226628390647068,0.001310619566780195,0.0005928060895306496,0.002021939654133433,0.00010015506404473363,0.0004653143494568165,0.0008453458701407168,0.0017258388075549176,0.00023785173202497639,-0.0003051033579700334,-0.000777946146261417,0.0006085909911127165,0.0006259133122370834,-0.0007569106511769913,0.0005955274328505498,-0.00032598101686710985,0.0004226628390647068,-0.001310619566780195,0.32118986418670015,0.0,0.20443801718568336,-0.15970155299073335,0.04864423042811665,0.006695887627827552,0.013358969351441846,-0.022128473859109325,0.003047430164523116,0.012473248455298656,2.8461605585833295e-05,-0.0074883892884490665,-0.0067335390513674175,-0.032120031315763506,-0.05114903503172669,-0.053236157894371666,0.0005928060895306496,-0.002021939654133433,0.20443801718568336,0.15970155299073335,0.45517949092994997,0.0,0.052642446741389994,0.06335279639737165,0.0463796615708,-0.018174642160737442,-0.012277728259036485,-0.0029392876943243338,0.001586990109859317,0.00037044615196968333,0.033277583812816175,-0.022424844117903228,-0.0038812151625442345,-0.017978332462559237,0.00010015506404473363,-0.0004653143494568165,0.04864423042811665,-0.006695887627827552,0.052642446741389994,-0.06335279639737165,0.18208406628068333,0.0,0.02499106643216216,0.013248003994848916,0.002015318682640501,-0.002024914137870419,0.0030396229545823173,0.009169299407028887,-0.010535410520042355,-0.008554852585600037,-0.008224036207488992,-0.0028776508024947168,0.0008453458701407168,-0.0017258388075549176,0.013358969351441846,0.022128473859109325,0.0463796615708,0.018174642160737442,0.02499106643216216,-0.013248003994848916,0.05926410261022331,0.0,0.027667953397781674,0.0153613364315491,0.013518006486882998,-0.020862031538889082,0.06259965597103001,0.02877431102812668,0.0018817508246891266,-0.001882684437214134,0.00023785173202497639,0.0003051033579700334,0.003047430164523116,-0.012473248455298656,-0.012277728259036485,0.0029392876943243338,0.002015318682640501,0.002024914137870419,0.027667953397781674,-0.0153613364315491,-0.08097118020582833,0.0,-0.08405156333468004,0.00025901493899745,0.005005854588535616,-0.006863911229422735,0.0014055605046749068,-0.005076898098407772,-0.000777946146261417,-0.0006085909911127165,2.8461605585833295e-05,0.0074883892884490665,0.001586990109859317,-0.00037044615196968333,0.0030396229545823173,-0.009169299407028887,0.013518006486882998,0.020862031538889082,-0.08405156333468004,-0.00025901493899745,0.034361653992882005,0.0,-0.007851269189984932,0.03713065532330665,0.006215776051535334,0.015252257443639365,0.0006259133122370834,0.0007569106511769913,-0.0067335390513674175,0.032120031315763506,0.033277583812816175,0.022424844117903228,-0.010535410520042355,0.008554852585600037,0.06259965597103001,-0.02877431102812668,0.005005854588535616,0.006863911229422735,-0.007851269189984932,-0.03713065532330665,-0.020890250641145178,0.0,0.0018760271811918165,0.0082371807709246,0.0005955274328505498,0.00032598101686710985,-0.05114903503172669,0.053236157894371666,-0.0038812151625442345,0.017978332462559237,-0.008224036207488992,0.0028776508024947168,0.0018817508246891266,0.001882684437214134,0.0014055605046749068,0.005076898098407772,0.006215776051535334,-0.015252257443639365,0.0018760271811918165,-0.0082371807709246,0.04795988209731168,0.0,0.999782927374
0.19100000000000017,0.0016051145700662164,0.0,-0.0012280813402513664,-0.0005790313119062214,-0.0019220750554035497,-0.0009278779273368998,-0.0004232175443972401,-0.00021981354286630003,-0.0018152838466411031,-0.0005533142898361832,5.961054610876173e-05,0.0004089179508276166,0.00012511150403196513,-0.0009450305921182334,0.00012262462688918642,0.0009905258403247147,-0.00017252677703425028,0.0006216237249370832,-0.0012280813402513664,0.0005790313119062214,0.31579637200795,0.0,0.20340287837419996,-0.15975620836911658,0.047951086885361656,0.00642173216036934,0.013241144334788662,-0.02172230871536317,0.002555447232233366,0.012323340370461478,0.0006026712521216033,-0.0075418307768797144,-0.006544144226637064,-0.031439300428410324,-0.04971979384317667,-0.05275214800219832,-0.0019220750554035497,0.0009278779273368998,0.20340287837419996,0.15975620836911658,0.46049660128346664,0.0,0.05294021276621503,0.06350642721789332,0.04656621212099167,-0.018727230739202648,-0.012703418780095435,-0.003213430650106917,0.0020387594220603166,0.0005787604237098669,0.033635514459659156,-0.022349810701967565,-0.003277217839861476,-0.017680078286930582,-0.0004232175443972401,0.00021981354286630003,0.047951086885361656,-0.00642173216036934,0.05294021276621503,-0.06350642721789332,0.18315774272853333,0.0,0.025271092826859333,0.013102013079370834,0.00212396371683615,-0.001830556347461891,0.0031300306316132576,0.009215297583984752,-0.010496155352694702,-0.0085113121862194,-0.007974682881186615,-0.0030639947207387105,-0.0018152838466411031,0.0005533142898361832,0.013241144334788662,0.02172230871536317,0.04656621212099167,0.018727230739202648,0.025271092826859333,-0.013102013079370834,0.059902563661400024,0.0,0.027785906656296662,0.015101247632989282,0.013652516385978001,-0.02076661016875613,0.06295273903099668,0.02879620051819333,0.0017543745535557327,-0.0018059008030259162,5.961054610876173e-05,-0.0004089179508276166,0.002555447232233366,-0.012323340370461478,-0.012703418780095435,0.003213430650106917,0.00212396371683615,0.001830556347461891,0.027785906656296662,-0.015101247632989282,-0.08132860253467332,0.0,-0.08420141634459001,0.0001722667004137115,0.005030011882084297,-0.006850276330360001,0.0016117108810827835,-0.0051056831061435165,0.00012511150403196513,0.0009450305921182334,0.0006026712521216033,0.0075418307768797144,0.0020387594220603166,-0.0005787604237098669,0.0031300306316132576,-0.009215297583984752,0.013652516385978001,0.02076661016875613,-0.08420141634459001,-0.0001722667004137115,0.03412065421583367,0.0,-0.007952723562432883,0.037098098082286673,0.005986048163338167,0.01515987997959742,0.00012262462688918642,-0.0009905258403247147,-0.006544144226637064,0.031439300428410324,0.033635514459659156,0.022349810701967565,-0.010496155352694702,0.0085113121862194,0.06295273903099668,-0.02879620051819333,0.005030011882084297,0.006850276330360001,-0.007952723562432883,-0.037098098082286673,-0.021025406232983674,0.0,0.0015999726158389656,0.008381096488446368,-0.00017252677703425028,-0.0006216237249370832,-0.04971979384317667,0.05275214800219832,-0.003277217839861476,0.017680078286930582,-0.007974682881186615,0.0030639947207387105,0.0017543745535557327,0.0018059008030259162,0.0016117108810827835,0.0051056831061435165,0.005986048163338167,-0.01515987997959742,0.0015999726158389656,-0.008381096488446368,0.04705770411343834,0.0,0.9997827438135166
0.19200000000000012,0.0016049310094824669,0.0,0.0012433650256804332,-0.0004869422371869657,0.0019981946088062827,-0.0008036095263641844,0.0004116732580352501,-0.0001879853279878868,0.0016342151682399498,-0.0009386417814660533,-0.0003655234622123,-0.00026087484951966666,0.00054141261900515,0.0007434898954709167,-0.0008233217565855004,-0.0006106778943497002,-0.0003074341825855499,-0.0005460253223362714,0.0012433650256804332,0.0004869422371869657,0.31040236383940006,0.0,0.20238150438303332,-0.15957937036248332,0.04724649691957667,0.006156877318638248,0.013168288125734498,-0.021304953296363314,0.0020880371053415003,0.012164114715762652,0.0011216886977727832,-0.007571968183830798,-0.006335964810076669,-0.030774644634456668,-0.04828233622142167,-0.052236417339935025,0.0019981946088062827,0.0008036095263641844,0.20238150438303332,0.15957937036248332,0.46580939470085,0.0,0.05322217585675499,0.06362526265682165,0.04672375165034668,-0.019238034979175072,-0.013156453684441332,-0.003492996165427674,0.0024638488630895003,0.0008772022476890503,0.034001879681520006,-0.02225007167603766,-0.0026798148648610135,-0.017333529633122936,0.0004116732580352501,0.0001879853279878868,0.04724649691957667,-0.006156877318638248,0.05322217585675499,-0.06362526265682165,0.18422947606500006,0.0,0.02558411656514834,0.012955265541893166,0.002250409397065451,-0.0015896346534840019,0.0032367420764637823,0.009252083089945936,-0.010455169846263492,-0.008477713301105716,-0.007665679823409538,-0.0032424280578827506,0.0016342151682399498,0.0009386417814660533,0.013168288125734498,0.021304953296363314,0.04672375165034668,0.019238034979175072,0.02558411656514834,-0.012955265541893166,0.06053692323710666,0.0,0.027918427209023326,0.014842493802908785,0.013782945353519838,-0.020640740650907305,0.06327441287166832,0.028830114073375,0.0016818080017288902,-0.0017270996432852828,-0.0003655234622123,0.00026087484951966666,0.0020880371053415003,-0.012164114715762652,-0.013156453684441332,0.003492996165427674,0.002250409397065451,0.0015896346534840019,0.027918427209023326,-0.014842493802908785,-0.08167767563171165,0.0,-0.08435796541355835,0.00010201384879503365,0.005057117198981127,-0.006851141251501527,0.0018366003604488338,-0.005151173221149848,0.00054141261900515,-0.0007434898954709167,0.0011216886977727832,0.007571968183830798,0.0024638488630895003,-0.0008772022476890503,0.0032367420764637823,-0.009252083089945936,0.013782945353519838,0.020640740650907305,-0.08435796541355835,-0.00010201384879503365,0.033877620982129,0.0,-0.008078222791334884,0.037045323824664994,0.005754979171991934,0.015083971315088606,-0.0008233217565855004,0.0006106778943497002,-0.006335964810076669,0.030774644634456668,0.034001879681520006,0.02225007167603766,-0.010455169846263492,0.008477713301105716,0.06327441287166832,-0.028830114073375,0.005057117198981127,0.006851141251501527,-0.008078222791334884,-0.037045323824664994,-0.02116359597479583,0.0,0.0013394326186233255,0.008487607314684932,-0.0003074341825855499,0.0005460253223362714,-0.04828233622142167,0.052236417339935025,-0.0026798148648610135,0.017333529633122936,-0.007665679823409538,0.0032424280578827506,0.0016818080017288902,0.0017270996432852828,0.0018366003604488338,0.005151173221149848,0.005754979171991934,-0.015083971315088606,0.0013394326186233255,-0.008487607314684932,0.04616312201714999,0.0,0.9997825602447499
0.19299999999999976,0.0016047474331412333,0.0,-0.000498453982409728,0.0012251514521835658,-0.0007864622466810667,0.0020158723211452668,-6.254450664758805e-05,0.00040318425813386634,-0.00043267296126618324,0.0018275641350565168,0.0004816493957639896,-7.812221304812333e-05,-0.0008807624559325938,-0.00015600674286966686,0.001041477822385783,-0.00017937376680506666,0.0005868563909234333,0.00017880516627470836,-0.000498453982409728,-0.0012251514521835658,0.30501598627575005,0.0,0.20135907232508335,-0.15917703469873337,0.04656491170537666,0.005885343968111719,0.013140246939040002,-0.020931494875514833,0.001653748321841483,0.011969086068111236,0.0015782825358857779,-0.0075851107317759,-0.0060965296139286,-0.030115250588048165,-0.046887269980183346,-0.05170652448282667,-0.0007864622466810667,-0.0020158723211452668,0.20135907232508335,0.15917703469873337,0.4711090198484332,0.0,0.05353002337971335,0.06373174959132165,0.04686692905067167,-0.019704235844646752,-0.013650749515109667,-0.0037973739674709997,0.0028670172372285835,0.0012051576600105001,0.03432594913256333,-0.022131691526616572,-0.002148742372384849,-0.016914987159328702,-6.254450664758805e-05,-0.00040318425813386634,0.04656491170537666,-0.005885343968111719,0.05353002337971335,-0.06373174959132165,0.18529891250938338,0.0,0.02594016751547283,0.012803703319442833,0.002342178260471146,-0.0013308135623045839,0.0033375226311281687,0.0093015599593277,-0.010437101410431016,-0.008421118243181215,-0.007346391109134131,-0.003405659906334734,-0.00043267296126618324,-0.0018275641350565168,0.013140246939040002,0.020931494875514833,0.04686692905067167,0.019704235844646752,0.02594016751547283,-0.012803703319442833,0.06116802832332665,0.0,0.028048706594181662,0.014582743615823481,0.013917340969043037,-0.020498392069350484,0.06359320620216834,0.028877746497923334,0.0016072405620973873,-0.0016500728281353164,0.0004816493957639896,7.812221304812333e-05,0.001653748321841483,-0.011969086068111236,-0.013650749515109667,0.0037973739674709997,0.002342178260471146,0.0013308135623045839,0.028048706594181662,-0.014582743615823481,-0.08201903817687999,0.0,-0.08448386176149998,4.3599308933516715e-05,0.005096714379184576,-0.006851327359004439,0.0020560384763681767,-0.005185340328335572,-0.0008807624559325938,0.00015600674286966686,0.0015782825358857779,0.0075851107317759,0.0028670172372285835,-0.0012051576600105001,0.0033375226311281687,-0.0093015599593277,0.013917340969043037,0.020498392069350484,-0.08448386176149998,-4.3599308933516715e-05,0.03363340467131883,0.0,-0.00818867012451927,0.03698607981528333,0.0055409642139741195,0.015042994528822266,0.001041477822385783,0.00017937376680506666,-0.0060965296139286,0.030115250588048165,0.03432594913256333,0.022131691526616572,-0.010437101410431016,0.008421118243181215,0.06359320620216834,-0.028877746497923334,0.005096714379184576,0.006851327359004439,-0.00818867012451927,-0.03698607981528333,-0.021305336734443663,0.0,0.0010902353793558334,0.008591698360136176,0.0005868563909234333,-0.00017880516627470836,-0.046887269980183346,0.05170652448282667,-0.002148742372384849,0.016914987159328702,-0.007346391109134131,0.003405659906334734,0.0016072405620973873,0.0016500728281353164,0.0020560384763681767,0.005185340328335572,0.0055409642139741195,-0.015042994528822266,0.0010902353793558334,-0.008591698360136176,0.04527665251040001,0.0,0.9997823766605664
0.19400000000000026,0.0016045638584159339,0.0,-0.0005463021756527498,-0.0012081799317435447,-0.0009137753940338838,-0.0019438791081712,-0.0002793399808595168,-0.00024678404873686676,-0.00103889351468715,-0.0015648223669113667,-0.00030285567688284983,0.0004213986580497918,0.0007174581336553166,-0.0005071319215122664,-0.0005994683165976299,0.0008846598902892718,-0.0005316738065520334,0.0002682967387314167,-0.0005463021756527498,0.0012081799317435447,0.29964522115648334,0.0,0.20035117258268334,-0.15857554216755,0.04589760650765333,0.005637312240272873,0.013105187976373167,-0.020585144148577497,0.001235961898519533,0.011747806688198198,0.0020452909189383403,-0.007608242813604382,-0.0058435728082376496,-0.029428435449552155,-0.045556119121544995,-0.051193555921844984,-0.0009137753940338838,0.0019438791081712,0.20035117258268334,0.15857554216755,0.4763874852191334,0.0,0.053865083452118344,0.06383860064196,0.047022107160923345,-0.02017966602367134,-0.01414126341235184,-0.004117651075924567,0.0032741643905089333,0.0014707225237297337,0.03459609288789668,-0.02204455913469517,-0.0016536809228203506,-0.016428665810964794,-0.0002793399808595168,0.00024678404873686676,0.04589760650765333,-0.005637312240272873,0.053865083452118344,-0.06383860064196,0.18636600096898331,0.0,0.026290758901416834,0.012656404049506813,0.002365313761826966,-0.0010829411518441336,0.00341148854599385,0.009367884021998375,-0.010426011838217897,-0.00836060074991931,-0.007052597827976886,-0.003535947532952732,-0.00103889351468715,0.0015648223669113667,0.013105187976373167,0.020585144148577497,0.047022107160923345,0.02017966602367134,0.026290758901416834,-0.012656404049506813,0.06179609724557999,0.0,0.028164623089656664,0.014323750235224851,0.014051273049389678,-0.020374963977426008,0.06390733571627165,0.02891532384690333,0.00150559389650225,-0.0015900237334531373,-0.00030285567688284983,-0.0004213986580497918,0.001235961898519533,-0.011747806688198198,-0.01414126341235184,0.004117651075924567,0.002365313761826966,0.0010829411518441336,0.028164623089656664,-0.014323750235224851,-0.08235297435339167,0.0,-0.08459785134066503,-1.411966527898338e-05,0.005140910814470728,-0.006818093425372499,0.00226928501828781,-0.005185014744403802,0.0007174581336553166,0.0005071319215122664,0.0020452909189383403,0.007608242813604382,0.0032741643905089333,-0.0014707225237297337,0.00341148854599385,-0.009367884021998375,0.014051273049389678,0.020374963977426008,-0.08459785134066503,1.411966527898338e-05,0.03338802906429266,0.0,-0.008258342270679718,0.036945578758981676,0.005329125051654633,0.015009703658512235,-0.0005994683165976299,-0.0008846598902892718,-0.0058435728082376496,0.029428435449552155,0.03459609288789668,0.02204455913469517,-0.010426011838217897,0.00836060074991931,0.06390733571627165,-0.02891532384690333,0.005140910814470728,0.006818093425372499,-0.008258342270679718,-0.036945578758981676,-0.021450640199244492,0.0,0.000819380076027733,0.008711637775182652,-0.0005316738065520334,-0.0002682967387314167,-0.045556119121544995,0.051193555921844984,-0.0016536809228203506,0.016428665810964794,-0.007052597827976886,0.003535947532952732,0.00150559389650225,0.0015900237334531373,0.00226928501828781,0.005185014744403802,0.005329125051654633,-0.015009703658512235,0.000819380076027733,-0.008711637775182652,0.04439841011752498,0.0,0.9997821930774166
0.19500000000000017,0.0016043802967576335,0.0,0.0012562780686900005,0.0004362680047590495,0.0020023956501379384,0.0006395809110892337,0.0003320395060149684,-6.610564771066668e-05,0.0018630637848725,0.0003105333243758333,-0.00010789614376749963,-0.0005361106541591735,-0.0001277117599838068,0.0008584803665507985,-0.00020724094465586647,-0.0010359979203705223,0.00019480435596644987,-0.00054111020391935,0.0012562780686900005,-0.0004362680047590495,0.2942975640315167,0.0,0.19939754403894996,-0.1577642926459,0.04521401162086834,0.00543848205048844,0.01305214271498867,-0.02019934484165533,0.000821846185730733,0.011529371050756333,0.0025705468754672004,-0.007653928636906338,-0.005584066357885738,-0.028720638472948503,-0.044237838476885005,-0.05068901867207333,0.0020023956501379384,-0.0006395809110892337,0.19939754403894996,0.1577642926459,0.48163782294366675,0.0,0.054170733399621675,0.06393394629892334,0.047173504268095,-0.020689762799310837,-0.014602110654039668,-0.0044339081074742165,0.0036820040115647158,0.0016918976892082494,0.03485499222914501,-0.02199302381877876,-0.001131857479987483,-0.015879372287361505,0.0003320395060149684,6.610564771066668e-05,0.04521401162086834,-0.00543848205048844,0.054170733399621675,-0.06393394629892334,0.1874310392559334,0.0,0.026616745240091836,0.012523190840636831,0.0023379867037805328,-0.0008329956928061665,0.0034728784076814997,0.009431875869689852,-0.010383027410445455,-0.008327895960734005,-0.006769610267835699,-0.0036266887791263644,0.0018630637848725,-0.0003105333243758333,0.01305214271498867,0.02019934484165533,0.047173504268095,0.020689762799310837,0.026616745240091836,-0.012523190840636831,0.06242011978517001,0.0,0.02826995575445167,0.014060770312185136,0.01417899919493895,-0.020272587357080558,0.06418331479028332,0.02892509149915166,0.001422651174155383,-0.0015460589850149,-0.00010789614376749963,0.0005361106541591735,0.000821846185730733,-0.011529371050756333,-0.014602110654039668,0.0044339081074742165,0.0023379867037805328,0.0008329956928061665,0.02826995575445167,-0.014060770312185136,-0.08267948925870834,0.0,-0.08474353645295833,-6.668820126127633e-05,0.005169010564400448,-0.006747634333133901,0.002488254273923134,-0.005168697237110833,-0.0001277117599838068,-0.0008584803665507985,0.0025705468754672004,0.007653928636906338,0.0036820040115647158,-0.0016918976892082494,0.0034728784076814997,-0.009431875869689852,0.01417899919493895,0.020272587357080558,-0.08474353645295833,6.668820126127633e-05,0.03314118851109985,0.0,-0.008318524223411748,0.036919397956176665,0.005104683371191789,0.014960171273709995,-0.00020724094465586647,0.0010359979203705223,-0.005584066357885738,0.028720638472948503,0.03485499222914501,0.02199302381877876,-0.010383027410445455,0.008327895960734005,0.06418331479028332,-0.02892509149915166,0.005169010564400448,0.006747634333133901,-0.008318524223411748,-0.036919397956176665,-0.02159901750608783,0.0,0.0005243270555887335,0.008828431986316597,0.00019480435596644987,0.00054111020391935,-0.044237838476885005,0.05068901867207333,-0.001131857479987483,0.015879372287361505,-0.006769610267835699,0.0036266887791263644,0.001422651174155383,0.0015460589850149,0.002488254273923134,0.005168697237110833,0.005104683371191789,-0.014960171273709995,0.0005243270555887335,-0.008828431986316597,0.043528401449058354,0.0,0.9997820095083833
0.19599999999999984,0.0016041967440074,0.0,-0.0011707045116151047,0.0006069688125007219,-0.0017795475805403855,0.0010167931452362505,-0.0001251080261454833,0.0002561733094129283,-0.0015135101470205331,0.0011574337934608834,0.0005022988449581031,0.0003016018286041667,-0.0005256884260467449,-0.0006789443508269001,0.0008684176646252167,0.0005834774595183651,0.00020367559428030013,0.0005217265558840164,-0.0011707045116151047,-0.0006069688125007219,0.2889814027171333,0.0,0.19850904104046665,-0.15670626079393332,0.04451142855113334,0.005268813941105417,0.013035348366129502,-0.019758897186708417,0.00042980273035273306,0.01130763913932222,0.0031068352736314062,-0.007703317166417231,-0.005303850013512248,-0.028035649868104338,-0.04289742998349498,-0.05016234006846666,-0.0017795475805403855,-0.0010167931452362505,0.19850904104046665,0.15670626079393332,0.48685153041174994,0.0,0.05441387175848,0.06401140515889667,0.04728129621047668,-0.021182397960596337,-0.015059130601845497,-0.004752770350743916,0.0040582428877353445,0.001958900119709067,0.035126752708275,-0.02191460789300499,-0.0006076908392846014,-0.015268386404812003,-0.0001251080261454833,-0.0002561733094129283,0.04451142855113334,-0.005268813941105417,0.05441387175848,-0.06401140515889667,0.18849427120208334,0.0,0.026970512922993174,0.012406780455939799,0.0022851443751000173,-0.0005595379127883334,0.0035439325941910346,0.009489400899669608,-0.010306980794700297,-0.008315970374431984,-0.006470160776166414,-0.0036965695010828348,-0.0015135101470205331,-0.0011574337934608834,0.013035348366129502,0.019758897186708417,0.04728129621047668,0.021182397960596337,0.026970512922993174,-0.012406780455939799,0.06303873147373001,0.0,0.02837366321191666,0.013783143089260005,0.01430328047519655,-0.0201618131851787,0.06441199219874666,0.02892232417799501,0.0013921770188216347,-0.0015023941052794503,0.0005022988449581031,-0.0003016018286041667,0.00042980273035273306,-0.01130763913932222,-0.015059130601845497,0.004752770350743916,0.0022851443751000173,0.0005595379127883334,0.02837366321191666,-0.013783143089260005,-0.08299867047904669,0.0,-0.08491810825691666,-0.00010254599201646667,0.005178558253509333,-0.006666559241205467,0.002705473298077516,-0.005170882184788132,-0.0005256884260467449,0.0006789443508269001,0.0031068352736314062,0.007703317166417231,0.0040582428877353445,-0.001958900119709067,0.0035439325941910346,-0.009489400899669608,0.01430328047519655,0.0201618131851787,-0.08491810825691666,0.00010254599201646667,0.032893378289992496,0.0,-0.008409801979247166,0.036882004218616676,0.0048774765500741255,0.014914498062663456,0.0008684176646252167,-0.0005834774595183651,-0.005303850013512248,0.028035649868104338,0.035126752708275,0.02191460789300499,-0.010306980794700297,0.008315970374431984,0.06441199219874666,-0.02892232417799501,0.005178558253509333,0.006666559241205467,-0.008409801979247166,-0.036882004218616676,-0.021750069737761016,0.0,0.0002423311844124135,0.008929780101052219,0.00020367559428030013,-0.0005217265558840164,-0.04289742998349498,0.05016234006846666,-0.0006076908392846014,0.015268386404812003,-0.006470160776166414,0.0036965695010828348,0.0013921770188216347,0.0015023941052794503,0.002705473298077516,0.005170882184788132,0.0048774765500741255,-0.014914498062663456,0.0002423311844124135,-0.008929780101052219,0.04266705532576665,0.0,0.9997818259478998
0.19699999999999976,0.0016040131828034335,0.0,0.00035555170662693997,-0.00124870042299745,0.0004676467079748665,-0.0019614439881722174,-0.0001429895223736331,-0.00018361301905265998,0.00019592523170206992,-0.0019060129737252832,-0.0006137178303856999,0.00016204202352083154,0.0008463863379440483,9.06453596552002e-05,-0.001036930271483933,0.00020152723797831645,-0.00047744327484632563,-0.00027626364187439983,0.00035555170662693997,0.00124870042299745,0.2837054767299833,0.0,0.19767328111058333,-0.15540886880365,0.043817020734129984,0.0050988277847146,0.013088736317250197,-0.01931077093450364,8.891995437216678e-05,0.011050402963441985,0.0035864166623154987,-0.007728450790110169,-0.005003649385141332,-0.027386121673459503,-0.04157233936787668,-0.049622637846923334,0.0004676467079748665,0.0019614439881722174,0.19767328111058333,0.15540886880365,0.49201900558706674,0.0,0.05463798263500166,0.06408723500722167,0.04734140849196499,-0.021615901929305497,-0.015528891245628507,-0.005099768559274995,0.004394243458062284,0.002300298088935017,0.03537338954265334,-0.021772691352426866,-0.00015747790962901336,-0.014609031999426335,-0.0001429895223736331,0.00018361301905265998,0.043817020734129984,-0.0050988277847146,0.05463798263500166,-0.06408723500722167,0.18955605264266667,0.0,0.027394437591755163,0.01231069646201673,0.0022011476214706146,-0.00028897604428224967,0.0036162193513328148,0.009559195831717235,-0.010241239787775485,-0.00829641072509525,-0.006164557064680848,-0.003776164051831101,0.00019592523170206992,0.0019060129737252832,0.013088736317250197,0.01931077093450364,0.04734140849196499,0.021615901929305497,0.027394437591755163,-0.01231069646201673,0.06365131148812,0.0,0.02848173168519834,0.013486779159505833,0.01443460057467417,-0.0200302237288985,0.06463865702105667,0.028931016817311677,0.0013769737491522666,-0.0014615321534156998,-0.0006137178303856999,-0.00016204202352083154,8.891995437216678e-05,-0.011050402963441985,-0.015528891245628507,0.005099768559274995,0.0022011476214706146,0.00028897604428224967,0.02848173168519834,-0.013486779159505833,-0.08331062633271501,0.0,-0.08508673946207503,-0.0001310529449940417,0.005189812879805116,-0.006593550247129367,0.0028949185443250675,-0.005191789963503035,0.0008463863379440483,-9.06453596552002e-05,0.0035864166623154987,0.007728450790110169,0.004394243458062284,-0.002300298088935017,0.0036162193513328148,-0.009559195831717235,0.01443460057467417,0.0200302237288985,-0.08508673946207503,0.0001310529449940417,0.032645454765206,0.0,-0.00852251502712091,0.036837444775828336,0.0046659443338842015,0.014904892480493486,-0.001036930271483933,-0.00020152723797831645,-0.005003649385141332,0.027386121673459503,0.03537338954265334,0.021772691352426866,-0.010241239787775485,0.00829641072509525,0.06463865702105667,-0.028931016817311677,0.005189812879805116,0.006593550247129367,-0.00852251502712091,-0.036837444775828336,-0.02190379743821799,0.0,-1.1584248383468915e-05,0.009035030553160182,-0.00047744327484632563,0.00027626364187439983,-0.04157233936787668,0.049622637846923334,-0.00015747790962901336,0.014609031999426335,-0.006164557064680848,0.003776164051831101,0.0013769737491522666,0.0014615321534156998,0.0028949185443250675,0.005191789963503035,0.0046659443338842015,-0.014904892480493486,-1.1584248383468915e-05,-0.009035030553160182,0.04181475175381498,0.0,0.9997816423783167
0.19800000000000026,0.0016038296156717841,0.0,0.0006650819962744598,0.0010978874939401597,0.001089186321358667,0.00168310862771735,0.00021876608869629988,-7.793993783711667e-05,0.0012488984549167668,0.001449297349441353,0.0003520625329224971,-0.0005834036159698498,-0.0006395564039718783,0.0005547542686826748,0.0005938105417371,-0.0008997617597745498,0.0005344501801666997,-8.323611764084977e-05,0.0006650819962744598,-0.0010978874939401597,0.2784784844375667,0.0,0.19684642219541662,-0.15389665008870004,0.04313620293840666,0.004941802391401154,0.01317550630354667,-0.018874200957345766,-0.0001988800259951511,0.0107487271584584,0.00402297050218587,-0.007720701403645104,-0.004707500051237666,-0.026727407847731,-0.040306052191939994,-0.049101325803844985,0.001089186321358667,-0.00168310862771735,0.19684642219541662,0.15389665008870004,0.4971311886191832,0.0,0.054883064500921654,0.06416330972361334,0.04738070458616666,-0.022023477305060678,-0.015972014888940164,-0.005473239656146201,0.004721986534408317,0.0026660896595879654,0.035546381989313335,-0.02160380998017275,0.0002153022054261153,-0.013907688220718336,0.00021876608869629988,7.793993783711667e-05,0.04313620293840666,-0.004941802391401154,0.054883064500921654,-0.06416330972361334,0.19061688582635003,0.0,0.027841928522348514,0.012235484567291769,0.0020679421609258175,-7.059082472731589e-05,0.00366583195827763,0.009648765506108398,-0.010207424802540433,-0.008260925626485319,-0.005873804077978665,-0.0038795051323193843,0.0012488984549167668,-0.001449297349441353,0.01317550630354667,0.018874200957345766,0.04738070458616666,0.022023477305060678,0.027841928522348514,-0.012235484567291769,0.06425741537162834,0.0,0.028594176581445,0.013176931935620253,0.014571580650578833,-0.01989996598241484,0.06489426450809167,0.028939935083595013,0.0013310159075995004,-0.0014444994773977497,0.0003520625329224971,0.0005834036159698498,-0.0001988800259951511,-0.0107487271584584,-0.015972014888940164,0.005473239656146201,0.0020679421609258175,7.059082472731589e-05,0.028594176581445,-0.013176931935620253,-0.08361482399448002,0.0,-0.0852288052523417,-0.00018198837673983348,0.005216931417990716,-0.006519240098027568,0.0030440095731545332,-0.00520037272685635,-0.0006395564039718783,-0.0005547542686826748,0.00402297050218587,0.007720701403645104,0.004721986534408317,-0.0026660896595879654,0.00366583195827763,-0.009648765506108398,0.014571580650578833,0.01989996598241484,-0.0852288052523417,0.00018198837673983348,0.032397204030511995,0.0,-0.008611712015799248,0.036807418390756665,0.004466501845605082,0.014915694724004423,0.0005938105417371,0.0008997617597745498,-0.004707500051237666,0.026727407847731,0.035546381989313335,0.02160380998017275,-0.010207424802540433,0.008260925626485319,0.06489426450809167,-0.028939935083595013,0.005216931417990716,0.006519240098027568,-0.008611712015799248,-0.036807418390756665,-0.022060132076067336,0.0,-0.0002661420145036899,0.00915433009481329,0.0005344501801666997,8.323611764084977e-05,-0.040306052191939994,0.049101325803844985,0.0002153022054261153,0.013907688220718336,-0.005873804077978665,0.0038795051323193843,0.0013310159075995004,0.0014444994773977497,0.0030440095731545332,0.00520037272685635,0.004466501845605082,-0.014915694724004423,-0.0002661420145036899,-0.00915433009481329,0.040971406973351665,0.0,0.999781458803817
0.1989999999999999,0.0016036460567005002,0.0,-0.001252501759125733,-0.00024617310191413325,-0.0019671955826027665,-0.00035353988252419987,-3.9401005650000044e-05,0.00025172807425662824,-0.001900279509222583,-8.885460294224985e-05,0.00016529898035591489,0.0007051366573825849,1.1596746848203206e-05,-0.0008419663156136167,0.00023926111724973146,0.0010719222271901505,-0.00033632093194632163,0.00040042330708471677,-0.001252501759125733,0.00024617310191413325,0.2733081780236667,0.0,0.19604843123930007,-0.15220531958704997,0.04244992533300166,0.004829682016732033,0.013250285920511822,-0.01841417366222333,-0.0004607975410607894,0.010438781295385113,0.004471748023304469,-0.007689342937856088,-0.004431298438831785,-0.02602933384810467,-0.039092372096319994,-0.04860353286611332,-0.0019671955826027665,0.00035353988252419987,0.19604843123930007,0.15220531958704997,0.5021808557217166,0.0,0.05513812324474168,0.06423217514257668,0.047419383686950006,-0.022456026839148966,-0.016356719846775433,-0.0058421730751272525,0.005058422466533834,0.0030288365154086,0.03566330213257333,-0.02145281036150243,0.0005799113143113832,-0.013159652593599436,-3.9401005650000044e-05,-0.00025172807425662824,0.04244992533300166,-0.004829682016732033,0.05513812324474168,-0.06423217514257668,0.19167728945791668,0.0,0.02824824202322334,0.012180616813380403,0.0018941424108592474,0.00010363812908589989,0.0036931387056858005,0.009747632530893634,-0.01017331491441499,-0.008231679484406599,-0.0055841535098727175,-0.003986524056000785,-0.001900279509222583,8.885460294224985e-05,0.013250285920511822,0.01841417366222333,0.047419383686950006,0.022456026839148966,0.02824824202322334,-0.012180616813380403,0.06485600403066666,0.0,0.02871796001746834,0.012865182985635415,0.014707427219197582,-0.01979125022307333,0.06517191385209001,0.02892703284140668,0.0012731855339220834,-0.0014475236534615336,0.00016529898035591489,-0.0007051366573825849,-0.0004607975410607894,-0.010438781295385113,-0.016356719846775433,0.0058421730751272525,0.0018941424108592474,-0.00010363812908589989,0.02871796001746834,-0.012865182985635415,-0.08391008505091166,0.0,-0.08538030278895169,-0.000266984163385217,0.0052492291152037825,-0.006434680245343567,0.003174062824036585,-0.005188059559024302,1.1596746848203206e-05,0.0008419663156136167,0.004471748023304469,0.007689342937856088,0.005058422466533834,-0.0030288365154086,0.0036931387056858005,-0.009747632530893634,0.014707427219197582,0.01979125022307333,-0.08538030278895169,0.000266984163385217,0.03214722114819634,0.0,-0.00867258857617255,0.036796850220103344,0.0042637216265650445,0.014897226356328565,0.00023926111724973146,-0.0010719222271901505,-0.004431298438831785,0.02602933384810467,0.03566330213257333,0.02145281036150243,-0.01017331491441499,0.008231679484406599,0.06517191385209001,-0.02892703284140668,0.0052492291152037825,0.006434680245343567,-0.00867258857617255,-0.036796850220103344,-0.022218638945906494,0.0,-0.0005407899222255833,0.009267494049391,-0.00033632093194632163,-0.00040042330708471677,-0.039092372096319994,0.04860353286611332,0.0005799113143113832,0.013159652593599436,-0.0055841535098727175,0.003986524056000785,0.0012731855339220834,0.0014475236534615336,0.003174062824036585,0.005188059559024302,0.0042637216265650445,-0.014897226356328565,-0.0005407899222255833,-0.009267494049391,0.04013680479467833,0.0,0.9997812752368501
0.19999999999999982,0.001603462507340333,0.0,0.0010115329498528497,-0.0007620130921240993,0.0015753474947388833,-0.0012156770009196368,-0.00019010306427708312,-0.00017773266002051638,0.0013646931319233,-0.0013089971493965102,-0.000656749238207285,-0.0004044303265095717,0.0006132770656150833,0.0005568601918919118,-0.0009602710649299666,-0.0005887001927274004,-2.2086523317700062e-05,-0.0005079145901375167,0.0010115329498528497,0.0007620130921240993,0.26820173936008335,0.0,0.19528933974603327,-0.1503070142956167,0.041736797391206684,0.004763246309722565,0.013327776007581497,-0.017908626330784785,-0.0007103979713831717,0.010139413077650868,0.004922353237640982,-0.007642114379492916,-0.00416231958318131,-0.025316830906696335,-0.037899997287543334,-0.04808105141722666,0.0015753474947388833,0.0012156770009196368,0.19528933974603327,0.1503070142956167,0.5071610947515668,0.0,0.05535723894252333,0.06427418017940832,0.04743151870334498,-0.022892014531324334,-0.0167069870680458,-0.006202340867665668,0.005374821536758767,0.003432758051142733,0.03576793984407833,-0.021290801041598636,0.000963379660589665,-0.012363175116179567,-0.00019010306427708312,0.00017773266002051638,0.041736797391206684,-0.004763246309722565,0.05535723894252333,-0.06427418017940832,0.19273763778981662,0.0,0.028615795354137833,0.012146592287280093,0.001704706158345085,0.0002899638000831163,0.003721739129174317,0.009845642960206173,-0.010101849204467538,-0.008226008554347977,-0.005254847529314552,-0.004057768592746979,0.0013646931319233,0.0013089971493965102,0.013327776007581497,0.017908626330784785,0.04743151870334498,0.022892014531324334,0.028615795354137833,-0.012146592287280093,0.06544576423012666,0.0,0.028852719294234996,0.012556049079360651,0.014840261048160469,-0.019685695680728497,0.06543449856607499,0.028890373666975,0.001251146359426033,-0.0014295259011963834,-0.000656749238207285,0.0004044303265095717,-0.0007103979713831717,-0.010139413077650868,-0.0167069870680458,0.006202340867665668,0.001704706158345085,-0.0002899638000831163,0.028852719294234996,-0.012556049079360651,-0.08419554744576668,0.0,-0.08555419281331668,-0.0003647347880884717,0.005272908391964466,-0.006349511340614701,0.003316038266124367,-0.005181560183004383,0.0006132770656150833,-0.0005568601918919118,0.004922353237640982,0.007642114379492916,0.005374821536758767,-0.003432758051142733,0.003721739129174317,-0.009845642960206173,0.014840261048160469,0.019685695680728497,-0.08555419281331668,0.0003647347880884717,0.03189451348189268,0.0,-0.008749604306025286,0.036769771322755,0.004055561212237263,0.014831492801355201,-0.0009602710649299666,0.0005887001927274004,-0.00416231958318131,0.025316830906696335,0.03576793984407833,0.021290801041598636,-0.010101849204467538,0.008226008554347977,0.06543449856607499,-0.028890373666975,0.005272908391964466,0.006349511340614701,-0.008749604306025286,-0.036769771322755,-0.022378916077868665,0.0,-0.0008063886736602102,0.009350161815397965,-2.2086523317700062e-05,0.0005079145901375167,-0.037899997287543334,0.04808105141722666,0.000963379660589665,0.012363175116179567,-0.005254847529314552,0.004057768592746979,0.001251146359426033,0.0014295259011963834,0.003316038266124367,0.005181560183004383,0.004055561212237263,-0.014831492801355201,-0.0008063886736602102,-0.009350161815397965,0.039311343082388324,0.0,0.9997810916797499
0.20100000000000007,0.0016032789549896328,0.0,-0.00010473039342572514,0.0012477442787388003,-0.00015801464746508352,0.001978458576351446,0.00027173728443473345,-7.203497660913359e-05,7.164371866350052e-06,0.0018769504616817497,0.0008000556939860207,-0.00018958615375158473,-0.0007937120409072202,7.95143352091902e-05,0.0011409922322548663,-0.0002900505920926169,0.0003567612319974001,0.0003594455236797517,-0.00010473039342572514,-0.0012477442787388003,0.2631665350838834,0.0,0.19458249064261662,-0.1481952517740333,0.04101141444768499,0.004715150989220133,0.013447208194331003,-0.017402600666028382,-0.0009329269667323832,0.009826898208849303,0.005310566803222367,-0.007580481967832731,-0.0038881720407907007,-0.024632894000774556,-0.036744603248374995,-0.04751079902328335,-0.00015801464746508352,-0.001978458576351446,0.19458249064261662,0.1481952517740333,0.5120637244519999,0.0,0.055553142299821674,0.064293536169595,0.04740302921005167,-0.023274593209535083,-0.01706474641360208,-0.006587502868261816,0.005650907816330795,0.003914569568505982,0.03585991862585668,-0.02106319600014492,0.0013066960739812413,-0.011540223044684297,0.00027173728443473345,7.203497660913359e-05,0.04101141444768499,-0.004715150989220133,0.055553142299821674,-0.064293536169595,0.19379822758195006,0.0,0.028999394876843002,0.01213812020238577,0.0015093191294517005,0.0005012856236466854,0.003759109588301999,0.009944150488022946,-0.010010129942401738,-0.008233443898072084,-0.004872354859300634,-0.004077388744363249,7.164371866350052e-06,-0.0018769504616817497,0.013447208194331003,0.017402600666028382,0.04740302921005167,0.023274593209535083,0.028999394876843002,-0.01213812020238577,0.06602614832302668,0.0,0.028994839956583324,0.012252757261037616,0.014979567329549666,-0.019556400236940833,0.06568645602509499,0.028859542750771672,0.001259482911133242,-0.0013683467997681342,0.0008000556939860207,0.00018958615375158473,-0.0009329269667323832,-0.009826898208849303,-0.01706474641360208,0.006587502868261816,0.0015093191294517005,-0.0005012856236466854,0.028994839956583324,-0.012252757261037616,-0.08447130865307165,0.0,-0.08573414860994995,-0.00045419185432568355,0.005302400064954499,-0.006277222882975835,0.003474445385642567,-0.0051986387292775795,-0.0007937120409072202,-7.95143352091902e-05,0.005310566803222367,0.007580481967832731,0.005650907816330795,-0.003914569568505982,0.003759109588301999,-0.009944150488022946,0.014979567329549666,0.019556400236940833,-0.08573414860994995,0.00045419185432568355,0.03163947106245834,0.0,-0.008867158202350454,0.03670703087983833,0.003853393992631887,0.014757263968348552,0.0011409922322548663,0.0002900505920926169,-0.0038881720407907007,0.024632894000774556,0.03585991862585668,0.02106319600014492,-0.010010129942401738,0.008233443898072084,0.06568645602509499,-0.028859542750771672,0.005302400064954499,0.006277222882975835,-0.008867158202350454,-0.03670703087983833,-0.022541108021612005,0.0,-0.00103626780083197,0.009414998169936269,0.0003567612319974001,-0.0003594455236797517,-0.036744603248374995,0.04751079902328335,0.0013066960739812413,0.011540223044684297,-0.004872354859300634,0.004077388744363249,0.001259482911133242,0.0013683467997681342,0.003474445385642567,0.0051986387292775795,0.003853393992631887,-0.014757263968348552,-0.00103626780083197,-0.009414998169936269,0.038495939335913325,0.0,0.9997809081195168
0.20199999999999999,0.0016030953907448166,0.0,-0.000850409044196433,-0.0009066813422722504,-0.0013385683129103168,-0.001466039765171765,-0.00011187259784308347,0.00032421756824571656,-0.0013491625486575004,-0.001269545721377833,-0.0004653225269357065,0.0007277666778305333,0.00044655955953722023,-0.0006064768566058314,-0.0006181872381072663,0.0010774383300612169,-0.0005087004793065333,-2.4689522393333788e-05,-0.000850409044196433,0.0009066813422722504,0.25820953220145,0.0,0.19390215326715,-0.14589127486809997,0.04029626163682333,0.004680121739753934,0.013595700894826748,-0.01694706281732027,-0.0011169604096969818,0.009479870327197033,0.005626483961045899,-0.007501839068506545,-0.003615236954848766,-0.023964993254794835,-0.035658954229946666,-0.046924754146886676,-0.0013385683129103168,0.001466039765171765,0.19390215326715,0.14589127486809997,0.5168808474867499,0.0,0.05577702310275999,0.06429668674328334,0.04735253611921167,-0.023605187972329102,-0.017424354535162,-0.007015058804986521,0.0059150174867669035,0.004432373320566767,0.03589489320504668,-0.020783161091942785,0.0015574100047881663,-0.010708412628207034,-0.00011187259784308347,-0.00032421756824571656,0.04029626163682333,-0.004680121739753934,0.05577702310275999,-0.06429668674328334,0.19485939764388338,0.0,0.029403395525291334,0.012150538321519187,0.0012984766507090828,0.0006806656076019716,0.0037854792934289825,0.010039482305964662,-0.009934151123107004,-0.008228639495540417,-0.004467523716055684,-0.004058973533264199,-0.0013491625486575004,0.001269545721377833,0.013595700894826748,0.01694706281732027,0.04735253611921167,0.023605187972329102,0.029403395525291334,-0.012150538321519187,0.06659756198797832,0.0,0.02913556536321833,0.011957119441142666,0.01512976960637767,-0.019402828596620698,0.06594998942429835,0.028843742195111658,0.0012490290401917,-0.001293970486159232,-0.0004653225269357065,-0.0007277666778305333,-0.0011169604096969818,-0.009479870327197033,-0.017424354535162,0.007015058804986521,0.0012984766507090828,-0.0006806656076019716,0.02913556536321833,-0.011957119441142666,-0.08473791483172664,0.0,-0.08588965003660169,-0.0005402097700726168,0.005360832982701583,-0.0062130819726818306,0.003624577992531766,-0.005213395818125632,0.00044655955953722023,0.0006064768566058314,0.005626483961045899,0.007501839068506545,0.0059150174867669035,-0.004432373320566767,0.0037854792934289825,-0.010039482305964662,0.01512976960637767,0.019402828596620698,-0.08588965003660169,0.0005402097700726168,0.031382766111796176,0.0,-0.00899158789789515,0.03662866442207833,0.003663598000765849,0.014702357469940069,-0.0006181872381072663,-0.0010774383300612169,-0.003615236954848766,0.023964993254794835,0.03589489320504668,0.020783161091942785,-0.009934151123107004,0.008228639495540417,0.06594998942429835,-0.028843742195111658,0.005360832982701583,0.0062130819726818306,-0.00899158789789515,-0.03662866442207833,-0.022705667419747666,0.0,-0.0012535687011625335,0.009481816155824918,-0.0005087004793065333,2.4689522393333788e-05,-0.035658954229946666,0.046924754146886676,0.0015574100047881663,0.010708412628207034,-0.004467523716055684,0.004058973533264199,0.0012490290401917,0.001293970486159232,0.003624577992531766,0.005213395818125632,0.003663598000765849,-0.014702357469940069,-0.0012535687011625335,-0.009481816155824918,0.037691105976225,0.0,0.9997807245469671
0.20299999999999987,0.0016029118314227662,0.0,0.0012414547895456673,-1.8605722735281384e-05,0.001977605641815458,2.577261859231661e-05,-0.00021511015128111675,-0.00033692940838628315,0.001814796363677003,-0.00011397183119882355,-0.00017770645964306826,-0.0008707239611570166,0.00015832457022864975,0.0006879527166067671,-0.00035841780793761675,-0.0012434191807405256,0.0003825259126014021,-0.00033362098040519997,0.0012414547895456673,1.8605722735281384e-05,0.25333718875054995,0.0,0.19325904630808333,-0.14343386598581667,0.03960058940175,0.004685346950186616,0.013728299478309693,-0.016532164139619422,-0.0012828365989305595,0.009121821611446836,0.0059408564652322976,-0.007414096529725017,-0.0033475391232598998,-0.023270888758900998,-0.03463677130069834,-0.046357363765324996,0.001977605641815458,-2.577261859231661e-05,0.19325904630808333,0.14343386598581667,0.5216061185225668,0.0,0.05604574111653835,0.06429122564106332,0.04731118393815666,-0.023945708280277412,-0.017758118853149076,-0.007459179319861824,0.00620154727580747,0.004914538753907,0.03587426059369001,-0.020524624625741953,0.0017450747924451669,-0.009854479701341116,-0.00021511015128111675,0.00033692940838628315,0.03960058940175,-0.004685346950186616,0.05604574111653835,-0.06429122564106332,0.19592123635178338,0.0,0.029779812975113173,0.012169834768152957,0.00106213717403369,0.0007897090744521664,0.0037923135376606502,0.01011834696001502,-0.009863137631551815,-0.008202307017689384,-0.004074254030567217,-0.004014077524216984,0.001814796363677003,0.00011397183119882355,0.013728299478309693,0.016532164139619422,0.04731118393815666,0.023945708280277412,0.029779812975113173,-0.012169834768152957,0.06716027570921998,0.0,0.02927525927443333,0.011671345675508501,0.015282782687544497,-0.019255450428003147,0.06622864865487835,0.028819916738018335,0.0012073232331529502,-0.001240513801250317,-0.00017770645964306826,0.0008707239611570166,-0.0012828365989305595,-0.009121821611446836,-0.017758118853149076,0.007459179319861824,0.00106213717403369,-0.0007897090744521664,0.02927525927443333,-0.011671345675508501,-0.08499556588989998,0.0,-0.08603807105202668,-0.0006332285047629331,0.00544244760227765,-0.0061427917202181515,0.003752953771197716,-0.0051967372809764165,0.00015832457022864975,-0.0006879527166067671,0.0059408564652322976,0.007414096529725017,0.00620154727580747,-0.004914538753907,0.0037923135376606502,-0.01011834696001502,0.015282782687544497,0.019255450428003147,-0.08603807105202668,0.0006332285047629331,0.031124232700404836,0.0,-0.009089991571779166,0.03656181355437165,0.0034865959118801134,0.014644590542605314,-0.00035841780793761675,0.0012434191807405256,-0.0033475391232598998,0.023270888758900998,0.03587426059369001,0.020524624625741953,-0.009863137631551815,0.008202307017689384,0.06622864865487835,-0.028819916738018335,0.00544244760227765,0.0061427917202181515,-0.009089991571779166,-0.03656181355437165,-0.02287267739240899,0.0,-0.001500206780986683,0.009543230992589068,0.0003825259126014021,0.00033362098040519997,-0.03463677130069834,0.046357363765324996,0.0017450747924451669,0.009854479701341116,-0.004074254030567217,0.004014077524216984,0.0012073232331529502,0.001240513801250317,0.003752953771197716,0.0051967372809764165,0.0034865959118801134,-0.014644590542605314,-0.001500206780986683,-0.009543230992589068,0.03689682039658333,0.0,0.9997805409803833
0.20400000000000015,0.0016027282882511498,0.0,-0.0008167820550686086,0.0009269996120636504,-0.00133612487427546,0.0014243348731763663,0.00040664974173088323,4.543728886001665e-05,-0.0011264825705949997,0.0013823712397894,0.0007567377536925965,0.0004965473129324465,-0.0005951408011523001,-0.0002906442772416432,0.0011634247667601997,0.0006277270126797933,-3.787276334218341e-05,0.0005073226615232999,-0.0008167820550686086,-0.0009269996120636504,0.24855521691583332,0.0,0.19269576568893332,-0.14081294125288332,0.03890951138794666,0.004746460371462283,0.013845705071990604,-0.016113805850531602,-0.0014560023195589239,0.008785479831142218,0.006299551392268534,-0.007322220612126013,-0.003070497160169316,-0.022552690647933336,-0.03364404608867584,-0.04578823062400834,-0.00133612487427546,-0.0014243348731763663,0.19269576568893332,0.14081294125288332,0.5262343258005,0.0,0.05631408824093832,0.06428091175937002,0.04727817506907002,-0.02432507265867597,-0.018065106057206806,-0.007904703219008104,0.006496652114346386,0.005357377172926666,0.03585067459259667,-0.020307668401246825,0.0019213174530195672,-0.008956433594895433,0.00040664974173088323,-4.543728886001665e-05,0.03890951138794666,-0.004746460371462283,0.05631408824093832,-0.06428091175937002,0.19698369482713335,0.0,0.030106948582659165,0.012191437403165266,0.0008041533733460751,0.0008637263939251875,0.003798236283585801,0.010171677957619031,-0.009759339806373064,-0.008163439780916255,-0.003694894243155052,-0.003931214581637285,-0.0011264825705949997,-0.0013823712397894,0.013845705071990604,0.016113805850531602,0.04727817506907002,0.02432507265867597,0.030106948582659165,-0.012191437403165266,0.06771376630582332,0.0,0.029418827378515,0.011390354906355668,0.015431040829103832,-0.019127080887282856,0.06648981941178,0.028767842080758332,0.001171982269338504,-0.0011895716726633178,0.0007567377536925965,-0.0004965473129324465,-0.0014560023195589239,-0.008785479831142218,-0.018065106057206806,0.007904703219008104,0.0008041533733460751,-0.0008637263939251875,0.029418827378515,-0.011390354906355668,-0.08524437049464333,0.0,-0.086213099703935,-0.0007180071859425517,0.005518664238311429,-0.006061895868241885,0.0038765087518704182,-0.005161933746814799,-0.0005951408011523001,0.0002906442772416432,0.006299551392268534,0.007322220612126013,0.006496652114346386,-0.005357377172926666,0.003798236283585801,-0.010171677957619031,0.015431040829103832,0.019127080887282856,-0.086213099703935,0.0007180071859425517,0.030863553415217,0.0,-0.00918510382009328,0.036496455689490004,0.0033224006800057506,0.01455340257370755,0.0011634247667601997,-0.0006277270126797933,-0.003070497160169316,0.022552690647933336,0.03585067459259667,0.020307668401246825,-0.009759339806373064,0.008163439780916255,0.06648981941178,-0.028767842080758332,0.005518664238311429,0.006061895868241885,-0.00918510382009328,-0.036496455689490004,-0.023041766136305496,0.0,-0.0017679118445578339,0.009581591840015564,-3.787276334218341e-05,-0.0005073226615232999,-0.03364404608867584,0.04578823062400834,0.0019213174530195672,0.008956433594895433,-0.003694894243155052,0.003931214581637285,0.001171982269338504,0.0011895716726633178,0.0038765087518704182,0.005161933746814799,0.0033224006800057506,-0.01455340257370755,-0.0017679118445578339,-0.009581591840015564,0.03611320850748667,0.0,0.9997803574292836
0.20500000000000004,0.0016025447568584503,0.0,-0.00014079806233616667,-0.0012070805632662502,-0.00015146809565754176,-0.0019171703743403835,-0.00027260991924104,0.00029803909348871666,-0.0002511265276395515,-0.0017306536779127162,-0.000900502230821455,0.00019915632455269535,0.0005573634978146184,-0.0002658769663185501,-0.0012850038480949721,0.0003875249681873002,-0.0003281621150837002,-0.0004098002298669624,-0.00014079806233616667,0.0012070805632662502,0.24387015349803332,0.0,0.19222895221344996,-0.13799002908251667,0.03820602854880833,0.004843252252207286,0.013995829902772202,-0.015684536211744916,-0.0016244023343039828,0.00846065420890567,0.006659995184408017,-0.007215794660570591,-0.0027778116800187803,-0.02186073769804233,-0.032676941325240336,-0.04519066627199333,-0.00015146809565754176,0.0019171703743403835,0.19222895221344996,0.13799002908251667,0.5307586444127833,0.0,0.05654853826483332,0.06427112656045333,0.04723230012505166,-0.024694308552745316,-0.018361384849808482,-0.008371861761606375,0.006764668365150767,0.005811356307113917,0.03585102145167832,-0.020067314381045843,0.00206881224496675,-0.008034151690890851,-0.00027260991924104,-0.00029803909348871666,0.03820602854880833,-0.004843252252207286,0.05654853826483332,-0.06427112656045333,0.1980468494277334,0.0,0.030429372667465832,0.012226194248337137,0.000539297731856517,0.0009438668050193996,0.0038175294620759336,0.010205092757881782,-0.009625371825720172,-0.00812109230198395,-0.0033118154466520496,-0.003801669042567339,-0.0002511265276395515,0.0017306536779127162,0.013995829902772202,0.015684536211744916,0.04723230012505166,0.024694308552745316,0.030429372667465832,-0.012226194248337137,0.06825715995763999,0.0,0.02956814556813166,0.011103664938000834,0.0155745978462235,-0.018998186743100266,0.066709678563525,0.02870620362592333,0.0011602968059007332,-0.0011048928430101997,-0.000900502230821455,-0.00019915632455269535,-0.0016244023343039828,-0.00846065420890567,-0.018361384849808482,0.008371861761606375,0.000539297731856517,-0.0009438668050193996,0.02956814556813166,-0.011103664938000834,-0.08548499737402668,0.0,-0.08640914058417501,-0.0007678473404238567,0.005586058913629465,-0.0059811978743053015,0.004009029374015313,-0.0051407354183311,0.0005573634978146184,0.0002658769663185501,0.006659995184408017,0.007215794660570591,0.006764668365150767,-0.005811356307113917,0.0038175294620759336,-0.010205092757881782,0.0155745978462235,0.018998186743100266,-0.08640914058417501,0.0007678473404238567,0.030601585384542992,0.0,-0.009314168874906286,0.03640805910117999,0.003164086314895676,0.014445523423013168,-0.0012850038480949721,-0.0003875249681873002,-0.0027778116800187803,0.02186073769804233,0.03585102145167832,0.020067314381045843,-0.009625371825720172,0.00812109230198395,0.066709678563525,-0.02870620362592333,0.005586058913629465,0.0059811978743053015,-0.009314168874906286,-0.03640805910117999,-0.023212648006069328,0.0,-0.0020122441304107996,0.009607803077681182,-0.0003281621150837002,0.0004098002298669624,-0.032676941325240336,0.04519066627199333,0.00206881224496675,0.008034151690890851,-0.0033118154466520496,0.003801669042567339,0.0011602968059007332,0.0011048928430101997,0.004009029374015313,0.0051407354183311,0.003164086314895676,-0.014445523423013168,-0.0020122441304107996,-0.009607803077681182,0.035340881832424995,0.0,0.99978017389
0.20599999999999996,0.0016023612195343328,0.0,0.0009707892284001334,0.0006839090142106617,0.0014858959043590335,0.0011987392217090783,-8.949889159623334e-05,-0.0004310228324633668,0.0014116685315611964,0.0009600059738010411,0.0005027766249977298,-0.0007898509994280503,-0.00012747419793966667,0.0005556564652607432,0.0006427200792706838,-0.0012049315353394668,0.0005421499319425048,0.00010276715351703336,0.0009707892284001334,-0.0006839090142106617,0.23928895808008335,0.0,0.19184886614101662,-0.13497757081843334,0.037502494948963336,0.0049551941475191015,0.014197658892179648,-0.015266020091702887,-0.0017578298413178167,0.008119919849027503,0.00696257588246755,-0.007077505701753006,-0.002488560892139584,-0.021212190132851458,-0.03175435220507249,-0.04459371955406831,0.0014858959043590335,-0.0011987392217090783,0.19184886614101662,0.13497757081843334,0.5351714029629666,0.0,0.05678077122848833,0.06426937362577999,0.047169951163536665,-0.025012471262700432,-0.018640722201238167,-0.008871752062180932,0.006998805608211551,0.0062952003270997006,0.03583790678257501,-0.019763743788144713,0.0021379354664364664,-0.007132131203319565,-8.949889159623334e-05,0.0004310228324633668,0.037502494948963336,-0.0049551941475191015,0.05678077122848833,-0.06426937362577999,0.19911113224996663,0.0,0.0307905948545375,0.012278137254375763,0.00028815043552284986,0.0010069726982415332,0.003840793199453566,0.010230064052299419,-0.009509981400696288,-0.0080755335498835,-0.002924172568274666,-0.003647750608171669,0.0014116685315611964,-0.0009600059738010411,0.014197658892179648,0.015266020091702887,0.047169951163536665,0.025012471262700432,0.0307905948545375,-0.012278137254375763,0.06879028206914832,0.0,0.02973132828798,0.010808116453922666,0.015717683995681218,-0.01885376145272227,0.066918651556835,0.028667435282515006,0.001142747297494112,-0.0010027763567444167,0.0005027766249977298,0.0007898509994280503,-0.0017578298413178167,-0.008119919849027503,-0.018640722201238167,0.008871752062180932,0.00028815043552284986,-0.0010069726982415332,0.02973132828798,-0.010808116453922666,-0.08571856736616668,0.0,-0.08659901861715832,-0.0007829181802250783,0.005668587852400734,-0.005915130145901984,0.004129555352432596,-0.005129992216854085,-0.00012747419793966667,-0.0005556564652607432,0.00696257588246755,0.007077505701753006,0.006998805608211551,-0.0062952003270997006,0.003840793199453566,-0.010230064052299419,0.015717683995681218,0.01885376145272227,-0.08659901861715832,0.0007829181802250783,0.030339845685281832,0.0,-0.009465856794999858,0.03631534846371332,0.0030043249101724834,0.014364268850002696,0.0006427200792706838,0.0012049315353394668,-0.002488560892139584,0.021212190132851458,0.03583790678257501,0.019763743788144713,-0.009509981400696288,0.0080755335498835,0.066918651556835,-0.028667435282515006,0.005668587852400734,0.005915130145901984,-0.009465856794999858,-0.03631534846371332,-0.023385463595322842,0.0,-0.002227721088579533,0.009648946470038255,0.0005421499319425048,-0.00010276715351703336,-0.03175435220507249,0.04459371955406831,0.0021379354664364664,0.007132131203319565,-0.002924172568274666,0.003647750608171669,0.001142747297494112,0.0010027763567444167,0.004129555352432596,0.005129992216854085,0.0030043249101724834,-0.014364268850002696,-0.002227721088579533,-0.009648946470038255,0.03458003903938,0.0,0.9997799903449668
0.2070000000000002,0.00160217767795725,0.0,-0.001131952871823199,0.00026360153075487925,-0.00190142459146685,0.00022452587081191668,0.00044721602353529997,0.000234349614520662,-0.001609487644980768,0.0003838438240787835,0.00019296029293243308,0.0009226696822187366,-0.0003430114291370336,-0.0004132463099046932,0.00041543704672374954,0.001316578995308233,-0.0004968057977862313,0.0002827449301267667,-0.001131952871823199,-0.00026360153075487925,0.23481858768518335,0.0,0.19151640022835004,-0.13180261036303337,0.036819978561401664,0.005092557898760933,0.014418969288574052,-0.014848635576165059,-0.001855632680935017,0.0077620329762537,0.007222601422175733,-0.006901551530218004,-0.002215024111704584,-0.0205566909898311,-0.030868847381666994,-0.044037952173648344,-0.00190142459146685,-0.00022452587081191668,0.19151640022835004,0.13180261036303337,0.5394658208565334,0.0,0.057033496013246684,0.06426648044638167,0.047099247354685,-0.025306674951493868,-0.01887620745380466,-0.009371351159728087,0.007221666228209083,0.006775042452792734,0.035771260538688336,-0.01944892399861167,0.0021361499886871837,-0.00624701595961619,0.00044721602353529997,-0.000234349614520662,0.036819978561401664,-0.005092557898760933,0.057033496013246684,-0.06426648044638167,0.20017674883238332,0.0,0.031163034060956666,0.012328647933879631,6.183542966516844e-05,0.0010052506678575174,0.003857834453799743,0.010247178880234577,-0.009442374764343753,-0.00802121059293681,-0.002541577663159866,-0.003497488434204365,-0.001609487644980768,-0.0003838438240787835,0.014418969288574052,0.014848635576165059,0.047099247354685,0.025306674951493868,0.031163034060956666,-0.012328647933879631,0.06931351111541333,0.0,0.029920077036573338,0.010509136173384332,0.015855313644858298,-0.018708265160036836,0.067146351026145,0.02864159773240333,0.0010983568425512,-0.0009325243159786004,0.00019296029293243308,-0.0009226696822187366,-0.001855632680935017,-0.0077620329762537,-0.01887620745380466,0.009371351159728087,6.183542966516844e-05,-0.0010052506678575174,0.029920077036573338,-0.010509136173384332,-0.08594569850479834,0.0,-0.08676527951465667,-0.0007937748114349486,0.005771949582907634,-0.0058635497106097716,0.004208676073815577,-0.0051006402784932,-0.0003430114291370336,0.0004132463099046932,0.007222601422175733,0.006901551530218004,0.007221666228209083,-0.006775042452792734,0.003857834453799743,-0.010247178880234577,0.015855313644858298,0.018708265160036836,-0.08676527951465667,0.0007937748114349486,0.030078851599594333,0.0,-0.009594188242693069,0.036251275363811675,0.002844621967407584,0.01431130011850872,0.00041543704672374954,-0.001316578995308233,-0.002215024111704584,0.0205566909898311,0.035771260538688336,0.01944892399861167,-0.009442374764343753,0.00802121059293681,0.067146351026145,-0.02864159773240333,0.005771949582907634,0.0058635497106097716,-0.009594188242693069,-0.036251275363811675,-0.023560305035522495,0.0,-0.0024519391255222664,0.009699344662629884,-0.0004968057977862313,-0.0002827449301267667,-0.030868847381666994,0.044037952173648344,0.0021361499886871837,0.00624701595961619,-0.002541577663159866,0.003497488434204365,0.0010983568425512,0.0009325243159786004,0.004208676073815577,0.0051006402784932,0.002844621967407584,-0.01431130011850872,-0.0024519391255222664,-0.009699344662629884,0.033830112568785,0.0,0.999779806795717
0.20800000000000016,0.0016019941446304836,0.0,0.0005396446309898666,-0.0010055598642501782,0.0011652451550165832,-0.0015291540592114342,-0.0005064937989007501,0.00019970195329315008,0.00077413055846219,-0.00140025780977955,-0.0007911860952974632,-0.0005260935394214502,0.0005360576555100834,-3.107047592435001e-05,-0.0012317269899312004,-0.0006142090458916834,0.00018604486587802172,-0.0005489955151012998,0.0005396446309898666,0.0010055598642501782,0.23046527984714998,0.0,0.19125606397186667,-0.12849149139998334,0.036153939849495005,0.005273552395738481,0.014636065974613467,-0.014394119818489762,-0.001951291168130118,0.007416327822969313,0.007493296168262167,-0.006694161151858215,-0.0019488606958092496,-0.019857882953037084,-0.029999734400468835,-0.04351874474117833,0.0011652451550165832,0.0015291540592114342,0.19125606397186667,0.12849149139998334,0.5436366807273332,0.0,0.05728654277977834,0.06426246573821834,0.04703184445635501,-0.0256235193709371,-0.01907376525023134,-0.009836814703631165,0.007440919759803247,0.007227103669045153,0.03568198306503,-0.019189437457601665,0.002121295580195884,-0.005332996267117486,-0.0005064937989007501,-0.00019970195329315008,0.036153939849495005,-0.005273552395738481,0.05728654277977834,-0.06426246573821834,0.20124348982875,0.0,0.03150048320359783,0.01236893020130942,-0.0001492805102580102,0.0009562284842954083,0.003875452029540949,0.010256721423797464,-0.009397540961819733,-0.00796149111755362,-0.0021665412560242007,-0.0033420195202241913,0.00077413055846219,0.00140025780977955,0.014636065974613467,0.014394119818489762,0.04703184445635501,0.0256235193709371,0.03150048320359783,-0.01236893020130942,0.0698268571197583,0.0,0.030145782396218325,0.010213897928456787,0.015985370448500517,-0.018578671774873903,0.06738946810806332,0.02859837809772,0.0010472120038906682,-0.0008944419741048504,-0.0007911860952974632,0.0005260935394214502,-0.001951291168130118,-0.007416327822969313,-0.01907376525023134,0.009836814703631165,-0.0001492805102580102,-0.0009562284842954083,0.030145782396218325,-0.010213897928456787,-0.08616615488483333,0.0,-0.08693518049192336,-0.0008179847515852715,0.005869971434116933,-0.005815724675621592,0.004257156103978261,-0.005051741787044417,0.0005360576555100834,3.107047592435001e-05,0.007493296168262167,0.006694161151858215,0.007440919759803247,-0.007227103669045153,0.003875452029540949,-0.010256721423797464,0.015985370448500517,0.018578671774873903,-0.08693518049192336,0.0008179847515852715,0.02981780452485266,0.0,-0.00969217511980341,0.03621715368048668,0.0026913933706692495,0.014243550394822562,-0.0012317269899312004,0.0006142090458916834,-0.0019488606958092496,0.019857882953037084,0.03568198306503,0.019189437457601665,-0.009397540961819733,0.00796149111755362,0.06738946810806332,-0.02859837809772,0.005869971434116933,0.005815724675621592,-0.00969217511980341,-0.03621715368048668,-0.023736859943460163,0.0,-0.002695762479716383,0.009731719139277933,0.00018604486587802172,0.0005489955151012998,-0.029999734400468835,0.04351874474117833,0.002121295580195884,0.005332996267117486,-0.0021665412560242007,0.0033420195202241913,0.0010472120038906682,0.0008944419741048504,0.004257156103978261,0.005051741787044417,0.0026913933706692495,-0.014243550394822562,-0.002695762479716383,-0.009731719139277933,0.033090531890295004,0.0,0.9997796232544665
0.20899999999999977,0.0016018106185975655,0.0,0.0004039363018838517,0.0010469174127655998,0.0003137060310690967,0.0018919090777670497,0.00017501620765402517,-0.0005296402561474999,0.00048934554060205,0.001472204505647167,0.0009496055317283899,-0.00019673905744301633,-0.00031063407470906663,0.0004654160954974499,0.0012889742024589077,-0.00045905299934068333,0.0002326782406682832,0.0005421990363681633,0.0004039363018838517,-0.0010469174127655998,0.2262348948745666,0.0,0.19106787297305003,-0.1250160178346717,0.03547331528880333,0.0054910070010427,0.014871027536952812,-0.013887652280776831,-0.002055772494336033,0.007088797345175299,0.007765617290072801,-0.006462968195870449,-0.001681939039649717,-0.019149871297394167,-0.02914710162782015,-0.042989680350345,0.0003137060310690967,-0.0018919090777670497,0.19106787297305003,0.1250160178346717,0.5476786309944665,0.0,0.05749675060716499,0.064256114817265,0.04695311015701168,-0.025946041523642993,-0.019256952377166004,-0.010279282703451614,0.007625737077353998,0.007680550868958535,0.035610048172966674,-0.01895392451994212,0.0021135553178942335,-0.00437564978894188,0.00017501620765402517,0.0005296402561474999,0.03547331528880333,-0.0054910070010427,0.05749675060716499,-0.064256114817265,0.2023113007681667,0.0,0.03180404404944534,0.012414749874418353,-0.0003646210176484999,0.0009237953646690831,0.0039059536113668063,0.010268229965114402,-0.009335200961095564,-0.007913020067241665,-0.0018008204967018494,-0.0031397838410422993,0.00048934554060205,-0.001472204505647167,0.014871027536952812,0.013887652280776831,0.04695311015701168,0.025946041523642993,0.03180404404944534,-0.012414749874418353,0.07032967377146168,0.0,0.030398390425498325,0.009924829384360267,0.016110666018243167,-0.01844603882898273,0.06760898079762,0.02852959563017333,0.0010074656714296338,-0.0008318894566635655,0.0009496055317283899,0.00019673905744301633,-0.002055772494336033,-0.007088797345175299,-0.019256952377166004,0.010279282703451614,-0.0003646210176484999,-0.0009237953646690831,0.030398390425498325,-0.009924829384360267,-0.08637977226646333,0.0,-0.08711161290926499,-0.0008364711350805165,0.00594541985504786,-0.005768093885544693,0.004313487716224353,-0.005009313768900816,-0.00031063407470906663,-0.0004654160954974499,0.007765617290072801,0.006462968195870449,0.007625737077353998,-0.007680550868958535,0.0039059536113668063,-0.010268229965114402,0.016110666018243167,0.01844603882898273,-0.08711161290926499,0.0008364711350805165,0.029556098260923827,0.0,-0.009799041620518305,0.036175530863725,0.002539031695875951,0.014134960123008335,0.0012889742024589077,0.00045905299934068333,-0.001681939039649717,0.019149871297394167,0.035610048172966674,0.01895392451994212,-0.009335200961095564,0.007913020067241665,0.06760898079762,-0.02852959563017333,0.00594541985504786,0.005768093885544693,-0.009799041620518305,-0.036175530863725,-0.023914682190038502,0.0,-0.0029148331278671335,0.00974179015236295,0.0002326782406682832,-0.0005421990363681633,-0.02914710162782015,0.042989680350345,0.0021135553178942335,0.00437564978894188,-0.0018008204967018494,0.0031397838410422993,0.0010074656714296338,0.0008318894566635655,0.004313487716224353,0.005009313768900816,0.002539031695875951,-0.014134960123008335,-0.0029148331278671335,-0.00974179015236295,0.032361484888865005,0.0,0.9997794397209335
0.2100000000000003,0.0016016270846050003,0.0,-0.001045961047000333,-0.000366005733247333,-0.001577678192818,-0.0010651103001048502,0.0003143504224122329,0.0005070199072901236,-0.0013667398790472836,-0.0006339666078373124,-0.0005444320509187037,0.0008385958302733251,-0.00017879507802751475,-0.0005507848649700002,-0.0005631555988842335,0.0012544445764571496,-0.0005473358882639583,-0.00026826729352196643,-0.001045961047000333,0.000366005733247333,0.2221334057769332,0.0,0.19094082038281668,-0.12137756145756166,0.03477797427084834,0.005720393115754901,0.015151303386801866,-0.013361474022895916,-0.0021428754769067786,0.006752514126185292,0.007977416934668033,-0.0062180442883083675,-0.00142461889642855,-0.01848654699148592,-0.028341268638948335,-0.04243986678529333,-0.001577678192818,0.0010651103001048502,0.19094082038281668,0.12137756145756166,0.5515851772858998,0.0,0.057679650817309996,0.06424753820659333,0.04685176614139002,-0.02622434687056172,-0.019430201206722494,-0.010728712217401433,0.007751656803941518,0.008173831758697167,0.03553081183076332,-0.018664107369636317,0.002075480445858583,-0.003419777696995372,0.0003143504224122329,-0.0005070199072901236,0.03477797427084834,-0.005720393115754901,0.057679650817309996,-0.06424753820659333,0.20338061338629992,0.0,0.032118731762543505,0.012482791874739533,-0.00058413677241971,0.0009249127438502926,0.003948674603158214,0.010293018288121075,-0.009257533835377635,-0.007889111510721048,-0.0014571455850295497,-0.002876384766228851,-0.0013667398790472836,0.0006339666078373124,0.015151303386801866,0.013361474022895916,0.04685176614139002,0.02622434687056172,0.032118731762543505,-0.012482791874739533,0.07082167937112333,0.0,0.030664059066163336,0.00964993862519725,0.016235737189579668,-0.018285223949855087,0.06780755263874501,0.028466833418171678,0.0009624475914248332,-0.000720353421855767,-0.0005444320509187037,-0.0008385958302733251,-0.0021428754769067786,-0.006752514126185292,-0.019430201206722494,0.010728712217401433,-0.00058413677241971,-0.0009249127438502926,0.030664059066163336,-0.00964993862519725,-0.08658738792069835,0.0,-0.087280817514535,-0.0008282249494390998,0.006021017908135589,-0.005729041498109766,0.004389895776781009,-0.004982233580287351,-0.00017879507802751475,0.0005507848649700002,0.007977416934668033,0.0062180442883083675,0.007751656803941518,-0.008173831758697167,0.003948674603158214,-0.010293018288121075,0.016235737189579668,0.018285223949855087,-0.087280817514535,0.0008282249494390998,0.029294312633695155,0.0,-0.009938178358929968,0.03611853660090166,0.0023758836602135037,0.014014625856490754,-0.0005631555988842335,-0.0012544445764571496,-0.00142461889642855,0.01848654699148592,0.03553081183076332,0.018664107369636317,-0.009257533835377635,0.007889111510721048,0.06780755263874501,-0.028466833418171678,0.006021017908135589,0.005729041498109766,-0.009938178358929968,-0.03611853660090166,-0.0240936404997835,0.0,-0.0030855686677005835,0.009756846113966619,-0.0005473358882639583,0.00026826729352196643,-0.028341268638948335,0.04243986678529333,0.002075480445858583,0.003419777696995372,-0.0014571455850295497,0.002876384766228851,0.0009624475914248332,0.000720353421855767,0.004389895776781009,0.004982233580287351,0.0023758836602135037,-0.014014625856490754,-0.0030855686677005835,-0.009756846113966619,0.031643469060524,0.0,0.99977925617875
0.2110000000000002,0.0016014435313799666,0.0,0.0009533212372863403,-0.0005480017630023651,0.0018436108160690004,-0.0003862673615304933,-0.0006644443078773582,-0.00012268111352593673,0.001357881709542857,-0.00053069936082837,-0.00020867836123803166,-0.00100952358890265,0.0005542369496427526,0.00021392377783347325,-0.0005295695398059998,-0.0012864316582275504,0.0006077366494166836,-0.0001473495937930718,0.0009533212372863403,0.0005480017630023651,0.21816602173749994,0.0,0.1908343281293333,-0.11761007675776666,0.034091147655109996,0.005957551226569902,0.015457542701824516,-0.01284870593647467,-0.002190956803698433,0.006389002058084451,0.008115324256730502,-0.005964837912344901,-0.0011875167211851999,-0.01785685078403965,-0.027590290431394337,-0.041893879448424994,0.0018436108160690004,0.0003862673615304933,0.1908343281293333,0.11761007675776666,0.5553506491655332,0.0,0.057880851062834984,0.06421635890049167,0.04672581046999833,-0.026451578176796508,-0.019580311237824666,-0.011183375644354846,0.007844620671013517,0.008694885904544668,0.03538703381565667,-0.018324220958172485,0.001977655103567883,-0.0024943347111390335,-0.0006644443078773582,0.00012268111352593673,0.034091147655109996,-0.005957551226569902,0.057880851062834984,-0.06421635890049167,0.20445180455205,0.0,0.03245058529129351,0.01256109402255607,-0.000786357554806975,0.0009097292260008172,0.0039942596010649,0.010327056892104954,-0.009195564367353146,-0.007878560263998517,-0.0011499834890110387,-0.0025823286019821166,0.001357881709542857,0.00053069936082837,0.015457542701824516,0.01284870593647467,0.04672581046999833,0.026451578176796508,0.03245058529129351,-0.01256109402255607,0.07130366275732498,0.0,0.030931145688593346,0.009394158049086866,0.016357410975171165,-0.01809365021217948,0.06801356603616,0.028422244590766685,0.0008927811976933837,-0.0006049054286260002,-0.00020867836123803166,0.00100952358890265,-0.002190956803698433,-0.006389002058084451,-0.019580311237824666,0.011183375644354846,-0.000786357554806975,-0.0009097292260008172,0.030931145688593346,-0.009394158049086866,-0.08679033673502498,0.0,-0.08742147772852499,-0.0008037964879521762,0.006125925721899739,-0.005698812622289135,0.0044549345981852225,-0.004949442269640333,0.0005542369496427526,-0.00021392377783347325,0.008115324256730502,0.005964837912344901,0.007844620671013517,-0.008694885904544668,0.0039942596010649,-0.010327056892104954,0.016357410975171165,0.01809365021217948,-0.08742147772852499,0.0008037964879521762,0.029033213261400497,0.0,-0.010084427126789784,0.036069780850301665,0.002207709681353142,0.013914405909624616,-0.0005295695398059998,0.0012864316582275504,-0.0011875167211851999,0.01785685078403965,0.03538703381565667,0.018324220958172485,-0.009195564367353146,0.007878560263998517,0.06801356603616,-0.028422244590766685,0.006125925721899739,0.005698812622289135,-0.010084427126789784,-0.036069780850301665,-0.024273859337571337,0.0,-0.0032419684834794006,0.00977924059512062,0.0006077366494166836,0.0001473495937930718,-0.027590290431394337,0.041893879448424994,0.001977655103567883,0.0024943347111390335,-0.0011499834890110387,0.0025823286019821166,0.0008927811976933837,0.0006049054286260002,0.0044549345981852225,0.004949442269640333,0.002207709681353142,-0.013914405909624616,-0.0032419684834794006,-0.00977924059512062,0.030936473685251,0.0,0.9997790726172334
0.21199999999999986,0.0016012599740971997,0.0,-0.0002183492918989334,0.0010678334882935484,-0.0009769432293289164,0.0015632862337878338,0.0006014703574133832,-0.00044194450217430013,-0.0005413501154488184,0.0012951530551697332,0.0008825817510775498,0.0005894504856736934,-0.0005483501923920831,0.0003020789995295467,0.0013090075924905415,0.0004950377583964333,-0.0003704890509966999,0.000506008996707289,-0.0002183492918989334,-0.0010678334882935484,0.2143367944593,0.0,0.19075810561763326,-0.11375795930100001,0.03341976243362333,0.006224045766013058,0.015751240211571867,-0.012350883105894614,-0.0022141129415420846,0.006016916688563365,0.008245902174412269,-0.005706596716852258,-0.0009594855745666438,-0.017215723896441874,-0.026871737326597003,-0.041359369978528335,-0.0009769432293289164,-0.0015632862337878338,0.19075810561763326,0.11375795930100001,0.5589713775246999,0.0,0.058116948130074994,0.06415822706455167,0.04659163019954668,-0.02666997359581042,-0.019720450101445165,-0.011619993465064682,0.0079526054671747,0.009196926555046751,0.03519320723252833,-0.018021435042490933,0.0018376533381433832,-0.0015642756454263774,0.0006014703574133832,0.00044194450217430013,0.03341976243362333,-0.006224045766013058,0.058116948130074994,-0.06415822706455167,0.20552454127484998,0.0,0.03276262419103667,0.012629003356478983,-0.0009697591414656506,0.0008426288928156422,0.0040441218439723,0.0103615723524241,-0.009150974424715285,-0.007854431414168549,-0.0008840092725151985,-0.0022872238543759833,-0.0005413501154488184,-0.0012951530551697332,0.015751240211571867,0.012350883105894614,0.04659163019954668,0.02666997359581042,0.03276262419103667,-0.012629003356478983,0.07177651135923001,0.0,0.03119668028252999,0.009152161736908474,0.016474131928510837,-0.017892584428279068,0.06824008425068501,0.028370321683996676,0.0008101684660689169,-0.0005254176570792666,0.0008825817510775498,-0.0005894504856736934,-0.0022141129415420846,-0.006016916688563365,-0.019720450101445165,0.011619993465064682,-0.0009697591414656506,-0.0008426288928156422,0.03119668028252999,-0.009152161736908474,-0.08698923500022832,0.0,-0.08755094066889497,-0.0007846644071883881,0.006253345588120689,-0.0056629966200692165,0.004487219664267504,-0.004900361717189605,-0.0005483501923920831,-0.0003020789995295467,0.008245902174412269,0.005706596716852258,0.0079526054671747,-0.009196926555046751,0.0040441218439723,-0.0103615723524241,0.016474131928510837,0.017892584428279068,-0.08755094066889497,0.0007846644071883881,0.02877265166371833,0.0,-0.010211844099830718,0.036039093214588334,0.0020584246950650885,0.013826302090094113,0.0013090075924905415,-0.0004950377583964333,-0.0009594855745666438,0.017215723896441874,0.03519320723252833,0.018021435042490933,-0.009150974424715285,0.007854431414168549,0.06824008425068501,-0.028370321683996676,0.006253345588120689,0.0056629966200692165,-0.010211844099830718,-0.036039093214588334,-0.02445530408844066,0.0,-0.003419104146175217,0.009776463323885801,-0.0003704890509966999,-0.000506008996707289,-0.026871737326597003,0.041359369978528335,0.0018376533381433832,0.0015642756454263774,-0.0008840092725151985,0.0022872238543759833,0.0008101684660689169,0.0005254176570792666,0.004487219664267504,0.004900361717189605,0.0020584246950650885,-0.013826302090094113,-0.003419104146175217,-0.009776463323885801,0.03024029188544749,0.0,0.9997788890528999
0.21299999999999972,0.0016010764231511833,0.0,-0.0006479499179426267,-0.0008597087289208829,-0.00047631329415224994,-0.0017051833665384327,-7.287522912911654e-05,0.0007695360052263669,-0.0005297972000486882,-0.0012426797809813048,-0.0010740564179973816,0.0002168495759668152,0.00014838044903090004,-0.0006627733084534401,-0.0012558365270630971,0.0006184059859384838,-4.75116776269427e-05,-0.0006251429211908131,-0.0006479499179426267,0.0008597087289208829,0.21064865528961665,0.0,0.1907477524242333,-0.10981339081630669,0.032743160707188336,0.006532729849342976,0.016032784035225518,-0.011857740158573351,-0.002234505162705733,0.005657710797015502,0.008412452641665817,-0.0054444286573126595,-0.0007193258895402402,-0.016572335324522996,-0.026175753843989506,-0.040807332402004994,-0.00047631329415224994,0.0017051833665384327,0.1907477524242333,0.10981339081630669,0.5624447491109665,0.0,0.05835597901466002,0.064089844237475,0.04645733457328,-0.026905409888290013,-0.019869322406483505,-0.012042974752723435,0.008072295411110033,0.009673236839542703,0.03500465463562832,-0.017782096664954585,0.0016810288597254998,-0.0005880719344325998,-7.287522912911654e-05,-0.0007695360052263669,0.032743160707188336,-0.006532729849342976,0.05835597901466002,-0.064089844237475,0.2065983847612,0.0,0.033035508887946666,0.012691059983871853,-0.001161632309419215,0.0007477285491249163,0.004107135647983978,0.01039674302987029,-0.009088632657533334,-0.0078057480126467165,-0.0006630367550658182,-0.0019897872598695836,-0.0005297972000486882,0.0012426797809813048,0.016032784035225518,0.011857740158573351,0.04645733457328,0.026905409888290013,0.033035508887946666,-0.012691059983871853,0.0722401091699167,0.0,0.03145639260434501,0.008910745330756982,0.016591166150332,-0.017694322139328502,0.06845660264021498,0.02828701066296,0.0007326083380289671,-0.00045409754478757983,-0.0010740564179973816,-0.0002168495759668152,-0.002234505162705733,-0.005657710797015502,-0.019869322406483505,0.012042974752723435,-0.001161632309419215,-0.0007477285491249163,0.03145639260434501,-0.008910745330756982,-0.08718403571972835,0.0,-0.08769332702150669,-0.0007630849889566968,0.006372884625597671,-0.005609432832283149,0.00451115286358678,-0.004852887364099652,0.00014838044903090004,0.0006627733084534401,0.008412452641665817,0.0054444286573126595,0.008072295411110033,-0.009673236839542703,0.004107135647983978,-0.01039674302987029,0.016591166150332,0.017694322139328502,-0.08769332702150669,0.0007630849889566968,0.028512216532228497,0.0,-0.010339216082579365,0.03599885712049667,0.0019412517297806688,0.013723062564383015,-0.0012558365270630971,-0.0006184059859384838,-0.0007193258895402402,0.016572335324522996,0.03500465463562832,0.017782096664954585,-0.009088632657533334,0.0078057480126467165,0.06845660264021498,-0.02828701066296,0.006372884625597671,0.005609432832283149,-0.010339216082579365,-0.03599885712049667,-0.024637662489321834,0.0,-0.003595702055090333,0.009739838648455734,-4.75116776269427e-05,0.0006251429211908131,-0.026175753843989506,0.040807332402004994,0.0016810288597254998,0.0005880719344325998,-0.0006630367550658182,0.0019897872598695836,0.0007326083380289671,0.00045409754478757983,0.00451115286358678,0.004852887364099652,0.0019412517297806688,-0.013723062564383015,-0.003595702055090333,-0.009739838648455734,0.02955521241594984,0.0,0.9997787054935168
0.21400000000000027,0.0016008928741212667,0.0,0.0010631242050202169,7.374379199835023e-05,0.001513215208425057,0.0007335726430162165,-0.0005566172813830837,-0.0005587501494547717,0.0012111448114090235,0.00047680588618666676,0.0006193814223495151,-0.0009457389784220829,0.00041977790145008355,0.0005998506930151617,0.00041553957317608004,-0.001344931251283638,0.0004460854071015517,0.0004636168830094827,0.0010631242050202169,-7.374379199835023e-05,0.2071051702911167,0.0,0.19080794811513335,-0.10574377612347,0.03204858060056833,0.006866661860772278,0.016339646809320728,-0.011378801193315502,-0.0022405000735933895,0.005301897754679016,0.008570110360668548,-0.005179639166988151,-0.0004694630285503702,-0.015986157805715332,-0.025526872623822652,-0.040226699522723335,0.001513215208425057,-0.0007335726430162165,0.19080794811513335,0.10574377612347,0.5657666423216834,0.0,0.05857682377122168,0.06402019857049333,0.046313905239075,-0.02713252653768489,-0.02001150766753712,-0.012477062774337662,0.008159127345216401,0.010164752728417567,0.03481959102828334,-0.017527572829991993,0.001501246352115683,0.0004066470732055865,-0.0005566172813830837,0.0005587501494547717,0.03204858060056833,-0.006866661860772278,0.05857682377122168,-0.06402019857049333,0.20767346327309993,0.0,0.033302533305074995,0.01277268436528502,-0.0013725979022326134,0.000655068541022298,0.004175943209704985,0.010438621607817689,-0.008988551544978317,-0.007744567696537868,-0.00048444375668368347,-0.0016808113183806339,0.0012111448114090235,-0.00047680588618666676,0.016339646809320728,0.011378801193315502,0.046313905239075,0.02713252653768489,0.033302533305074995,-0.01277268436528502,0.07269355719134167,0.0,0.03170264913501167,0.008661548227197858,0.016709928262008067,-0.01749761561674227,0.0686307950929467,0.028193713730541668,0.0006515223344187999,-0.0003511115378483667,0.0006193814223495151,0.0009457389784220829,-0.0022405000735933895,-0.005301897754679016,-0.02001150766753712,0.012477062774337662,-0.0013725979022326134,-0.000655068541022298,0.03170264913501167,-0.008661548227197858,-0.08737504893112166,0.0,-0.08784095399362504,-0.000713885920035215,0.006484015350500315,-0.0055443061952310324,0.004557060994296426,-0.0048214846823596775,0.00041977790145008355,-0.0005998506930151617,0.008570110360668548,0.005179639166988151,0.008159127345216401,-0.010164752728417567,0.004175943209704985,-0.010438621607817689,0.016709928262008067,0.01749761561674227,-0.08784095399362504,0.000713885920035215,0.028252623568359336,0.0,-0.010498468256164569,0.03592502963537333,0.0018408377443897331,0.013606171558957948,0.00041553957317608004,0.001344931251283638,-0.0004694630285503702,0.015986157805715332,0.03481959102828334,0.017527572829991993,-0.008988551544978317,0.007744567696537868,0.0686307950929467,-0.028193713730541668,0.006484015350500315,0.0055443061952310324,-0.010498468256164569,-0.03592502963537333,-0.02482064714101901,0.0,-0.003740678042870567,0.00970624161447162,0.0004460854071015517,-0.0004636168830094827,-0.025526872623822652,0.040226699522723335,0.001501246352115683,-0.0004066470732055865,-0.00048444375668368347,0.0016808113183806339,0.0006515223344187999,0.0003511115378483667,0.004557060994296426,0.0048214846823596775,0.0018408377443897331,-0.013606171558957948,-0.003740678042870567,-0.00970624161447162,0.028881868489478994,0.0,0.9997785219369834
0.21499999999999989,0.0016007093104060996,0.0,-0.0007491541181622667,0.0007511862462977332,-0.0014869069487887813,0.0006063506363837327,0.0008346937439682334,-7.392812005355007e-05,-0.0011440253973093166,0.0004991345665277167,0.00023104711947781662,0.0011309460454923784,-0.0007635827377786314,-0.00010173166008155252,0.000696808373630117,0.0012458293636943,-0.0006679663117704101,-9.453209260476629e-05,-0.0007491541181622667,-0.0007511862462977332,0.20371014877379995,0.0,0.19093293289250005,-0.10156845411847006,0.031352455281472,0.007212795764906066,0.01668497514345795,-0.010927090250886895,-0.0022038072419310836,0.004937947724868151,0.008659538094951251,-0.004907851232892615,-0.00023645530380846653,-0.015472155731551,-0.024940893033143275,-0.039645156774235,-0.0014869069487887813,-0.0006063506363837327,0.19093293289250005,0.10156845411847006,0.5689324638352,0.0,0.05880824151962001,0.06394238349636165,0.04615402063438499,-0.027324140244547625,-0.02012147500250607,-0.012922848022245848,0.008198379474955867,0.01069707040712025,0.03458119941343999,-0.017208952738854668,0.0012828926187103981,0.00136162417365458,0.0008346937439682334,7.392812005355007e-05,0.031352455281472,-0.007212795764906066,0.05880824151962001,-0.06394238349636165,0.2087503729848,0.0,0.033600330737941664,0.01287797896305134,-0.0015676731884109,0.0005516287926128659,0.004229353332144018,0.010492391664788468,-0.008881471487467851,-0.007679289794301866,-0.0003289288944626665,-0.0013718277320841714,-0.0011440253973093166,-0.0004991345665277167,0.01668497514345795,0.010927090250886895,0.04615402063438499,0.027324140244547625,0.033600330737941664,-0.01287797896305134,0.07313653255566833,0.0,0.03193998623343499,0.008407002331168584,0.01682495094430448,-0.01730292737798718,0.06878643653051997,0.028130122539156668,0.0005561594754107284,-0.00024023160896084994,0.00023104711947781662,-0.0011309460454923784,-0.0022038072419310836,-0.004937947724868151,-0.02012147500250607,0.012922848022245848,-0.0015676731884109,-0.0005516287926128659,0.03193998623343499,-0.008407002331168584,-0.08756315686110168,0.0,-0.0879787513561233,-0.0006363364580958919,0.00661901163451686,-0.005483822021238465,0.004611444059165349,-0.004792569639953314,-0.0007635827377786314,0.00010173166008155252,0.008659538094951251,0.004907851232892615,0.008198379474955867,-0.01069707040712025,0.004229353332144018,-0.010492391664788468,0.01682495094430448,0.01730292737798718,-0.0879787513561233,0.0006363364580958919,0.027995334565412994,0.0,-0.010681288453776135,0.03584147292133667,0.001739793097418063,0.013508329795688147,0.000696808373630117,-0.0012458293636943,-0.00023645530380846653,0.015472155731551,0.03458119941343999,0.017208952738854668,-0.008881471487467851,0.007679289794301866,0.06878643653051997,-0.028130122539156668,0.00661901163451686,0.005483822021238465,-0.010681288453776135,-0.03584147292133667,-0.025004391891828005,0.0,-0.003874938979602817,0.009699541834173033,-0.0006679663117704101,9.453209260476629e-05,-0.024940893033143275,0.039645156774235,0.0012828926187103981,-0.00136162417365458,-0.0003289288944626665,0.0013718277320841714,0.0005561594754107284,0.00024023160896084994,0.004611444059165349,0.004792569639953314,0.001739793097418063,-0.013508329795688147,-0.003874938979602817,-0.009699541834173033,0.028220325093253167,0.0,0.9997783383657172
0.21599999999999983,0.001600525736080984,0.0,-6.85300692012833e-05,-0.0010549367135861331,0.0005353972151916168,-0.0014564784914361667,-0.0005323445625364168,0.000727422155563268,0.0004346441925222931,-0.0011016117097044286,-0.0009597003173144918,-0.0006566506617442051,0.00062129905919235,-0.0005143185054749005,-0.0014036304863756835,-0.0003583141679752499,0.0006073795438097487,-0.0003487474623123999,-6.85300692012833e-05,0.0010549367135861331,0.20046683028376658,0.0,0.19110218733981668,-0.09732164465427333,0.0306741836953905,0.0075865343922703445,0.01703929485833723,-0.010490640329973433,-0.002122879111026253,0.004574227432506252,0.008699473492772048,-0.004621914608256081,-2.4437241282846696e-05,-0.014970227807994504,-0.024389886053512503,-0.039079837040415,0.0005353972151916168,0.0014564784914361667,0.19110218733981668,0.09732164465427333,0.5719389044466001,0.0,0.059061928923928315,0.06384817946586167,0.045974761582105,-0.027486065184089678,-0.020203918727049335,-0.013345187482443751,0.008219692403883583,0.01124634112496735,0.03426776081935833,-0.01688468092386817,0.0010343963596084335,0.0022771203854193302,-0.0005323445625364168,-0.000727422155563268,0.0306741836953905,-0.0075865343922703445,0.059061928923928315,-0.06384817946586167,0.20982921576396668,0.0,0.033913009515373335,0.012977312223355152,-0.0017091369338215283,0.00040688234149834963,0.004262168409347166,0.010554460530838318,-0.008812730612888448,-0.007599814296321945,-0.00017415605216461675,-0.0010743328385279774,0.0004346441925222931,0.0011016117097044286,0.01703929485833723,0.010490640329973433,0.045974761582105,0.027486065184089678,0.033913009515373335,-0.012977312223355152,0.07356962152786835,0.0,0.032183078056683335,0.008152204018816915,0.016928142678251504,-0.017116696184013753,0.06896068958508998,0.028090594744199997,0.0004641705545444001,-0.00017131176659191506,-0.0009597003173144918,0.0006566506617442051,-0.002122879111026253,-0.004574227432506252,-0.020203918727049335,0.013345187482443751,-0.0017091369338215283,-0.00040688234149834963,0.032183078056683335,-0.008152204018816915,-0.08774882288147333,0.0,-0.088098896794855,-0.0005600901366861166,0.006787537931620752,-0.005432610571324116,0.004640887910810085,-0.004748118433134583,0.00062129905919235,0.0005143185054749005,0.008699473492772048,0.004621914608256081,0.008219692403883583,-0.01124634112496735,0.004262168409347166,-0.010554460530838318,0.016928142678251504,0.017116696184013753,-0.088098896794855,0.0005600901366861166,0.02774096966491417,0.0,-0.010845589336508917,0.03577521235397834,0.0016421125499001578,0.013444025682257834,-0.0014036304863756835,0.0003583141679752499,-2.4437241282846696e-05,0.014970227807994504,0.03426776081935833,0.01688468092386817,-0.008812730612888448,0.007599814296321945,0.06896068958508998,-0.028090594744199997,0.006787537931620752,0.005432610571324116,-0.010845589336508917,-0.03577521235397834,-0.02518923160328884,0.0,-0.004034709078763133,0.009690109733001117,0.0006073795438097487,0.0003487474623123999,-0.024389886053512503,0.039079837040415,0.0010343963596084335,-0.0022771203854193302,-0.00017415605216461675,0.0010743328385279774,0.0004641705545444001,0.00017131176659191506,0.004640887910810085,0.004748118433134583,0.0016421125499001578,-0.013444025682257834,-0.004034709078763133,-0.009690109733001117,0.027570141845215,0.0,0.9997781547833503
0.2170000000000001,0.0016003421662410826,0.0,0.00083575904279995,0.0006471243988234662,0.0007210217938164501,0.0013281493211477998,-0.00020360950197690034,-0.0009078489149158003,0.0004437453002695,0.001026104355021933,0.0011464880860692199,-0.00019429141031409986,-5.997731702578519e-05,0.0008549729722298834,0.0012386419421492832,-0.0007787320427240114,-0.00025584737104064164,0.0006663389354630265,0.00083575904279995,-0.0006471243988234662,0.19737748963348334,0.0,0.19135322666371665,-0.093024919245035,0.030018692633878,0.008006847091184361,0.01738343897380025,-0.010049070064667568,-0.0020359684887099167,0.00422701483972165,0.008743871047382602,-0.004326757257877053,0.00019131884539218657,-0.014434919618412836,-0.02385224673183983,-0.03852045612073334,0.0007210217938164501,-0.0013281493211477998,0.19135322666371665,0.093024919245035,0.5747840064355333,0.0,0.05931474332848997,0.06375881944147001,0.04578637715143999,-0.027644016981572827,-0.020292650329404343,-0.013727911302932615,0.0082364080126019,0.011781321903393652,0.03393167948222999,-0.016623478099930162,0.000783030578324317,0.0032106557183743866,-0.00020360950197690034,0.0009078489149158003,0.030018692633878,-0.008006847091184361,0.05931474332848997,-0.06375881944147001,0.21090961286663332,0.0,0.034210084518611655,0.013059851792747428,-0.001810414666335866,0.00023022095137264985,0.004283712542313078,0.010616215156955365,-0.008780563695263184,-0.007499702382933791,-2.3785561947616647e-05,-0.0007803247507860333,0.0004437453002695,-0.001026104355021933,0.01738343897380025,0.010049070064667568,0.04578637715143999,0.027644016981572827,0.034210084518611655,-0.013059851792747428,0.07399337109719167,0.0,0.032450267476358347,0.007901465413533202,0.017024180904060514,-0.01694630494445133,0.0691616212326517,0.02804420835547166,0.0003947161732866501,-0.00013833711499542338,0.0011464880860692199,0.00019429141031409986,-0.0020359684887099167,-0.00422701483972165,-0.020292650329404343,0.013727911302932615,-0.001810414666335866,-0.00023022095137264985,0.032450267476358347,-0.007901465413533202,-0.08793161187065167,0.0,-0.08822371482966998,-0.0005027880546091931,0.006956881749048445,-0.0053833263860519,0.004651560022335451,-0.004695526368379408,-5.997731702578519e-05,-0.0008549729722298834,0.008743871047382602,0.004326757257877053,0.0082364080126019,-0.011781321903393652,0.004283712542313078,-0.010616215156955365,0.017024180904060514,0.01694630494445133,-0.08822371482966998,0.0005027880546091931,0.02748894796921667,0.0,-0.010980710823058818,0.035719218712065,0.0015620916015935042,0.013382388058587684,0.0012386419421492832,0.0007787320427240114,0.00019131884539218657,0.014434919618412836,0.03393167948222999,0.016623478099930162,-0.008780563695263184,0.007499702382933791,0.0691616212326517,-0.02804420835547166,0.006956881749048445,0.0053833263860519,-0.010980710823058818,-0.035719218712065,-0.025375330969124327,0.0,-0.004211090592881817,0.00965212104254027,-0.00025584737104064164,-0.0006663389354630265,-0.02385224673183983,0.03852045612073334,0.000783030578324317,-0.0032106557183743866,-2.3785561947616647e-05,0.0007803247507860333,0.0003947161732866501,0.00013833711499542338,0.004651560022335451,0.004695526368379408,0.0015620916015935042,-0.013382388058587684,-0.004211090592881817,-0.00965212104254027,0.026931143877448167,0.0,0.9997779712058835
0.218,0.0016001586019585502,0.0,-0.0010527881156666215,0.00020329538271193653,-0.0014500433039237226,-0.00029333445976373297,0.0008259783195715668,0.00042382519424396706,-0.0009849837072763831,-0.00039365884179610024,-0.0006799603270412565,0.0009367250809763171,-0.0006070063394817998,-0.0006820130353329632,-0.00030107761888918335,0.0014461628757803948,-0.00024236713696375078,-0.0006887807977469994,-0.0010527881156666215,-0.00020329538271193653,0.19444432523671662,0.0,0.19168767834056674,-0.0886528546200517,0.029373980869241666,0.008460139704026204,0.017738185758376025,-0.009601358205335234,-0.001965227159199313,0.0038909363535998,0.008781455509872898,-0.004038533924059874,0.0004175685375554501,-0.013894727981732668,-0.023346862037413835,-0.037954031879831665,-0.0014500433039237226,0.00029333445976373297,0.19168767834056674,0.0886528546200517,0.5774653955715999,0.0,0.059530800233234996,0.06368639929252666,0.045585351127295004,-0.027796867710487,-0.020385145214971163,-0.014094260181216968,0.008211290738764147,0.012313373732434713,0.03360408330314667,-0.016385115307377667,0.0005388800321799498,0.004186824405965033,0.0008259783195715668,-0.00042382519424396706,0.029373980869241666,-0.008460139704026204,0.059530800233234996,-0.06368639929252666,0.2119916249512334,0.0,0.03448809538826166,0.013152611862512818,-0.0019139048920723167,5.816447714164991e-05,0.0042931674199604055,0.010673802963858297,-0.008732824753231765,-0.007393757956730399,9.47316539848999e-05,-0.0004721826264812333,-0.0009849837072763831,0.00039365884179610024,0.017738185758376025,0.009601358205335234,0.045585351127295004,0.027796867710487,0.03448809538826166,-0.013152611862512818,0.07440755566312499,0.0,0.03273540444806499,0.007659363630477538,0.01711753531408221,-0.016784700371571662,0.06934810235994167,0.027981971728419992,0.0003286934363559616,-8.955753277150014e-05,-0.0006799603270412565,-0.0009367250809763171,-0.001965227159199313,-0.0038909363535998,-0.020385145214971163,0.014094260181216968,-0.0019139048920723167,-5.816447714164991e-05,0.03273540444806499,-0.007659363630477538,-0.08811118169012669,0.0,-0.08834922568117665,-0.0004460613024435483,0.0071009776060513745,-0.005334399813449251,0.0046794706669273335,-0.004647738471286963,-0.0006070063394817998,0.0006820130353329632,0.008781455509872898,0.004038533924059874,0.008211290738764147,-0.012313373732434713,0.0042931674199604055,-0.010673802963858297,0.01711753531408221,0.016784700371571662,-0.08834922568117665,0.0004460613024435483,0.027238892784910002,0.0,-0.011118178792624937,0.035641757998638335,0.001497225023567685,0.013282930735305232,-0.00030107761888918335,-0.0014461628757803948,0.0004175685375554501,0.013894727981732668,0.03360408330314667,0.016385115307377667,-0.008732824753231765,0.007393757956730399,0.06934810235994167,-0.027981971728419992,0.0071009776060513745,0.005334399813449251,-0.011118178792624937,-0.035641757998638335,-0.0255626453297585,0.0,-0.004362190841054852,0.009607651923912957,-0.00024236713696375078,0.0006887807977469994,-0.023346862037413835,0.037954031879831665,0.0005388800321799498,-0.004186824405965033,9.47316539848999e-05,0.0004721826264812333,0.0003286934363559616,8.955753277150014e-05,0.0046794706669273335,0.004647738471286963,0.001497225023567685,-0.013282930735305232,-0.004362190841054852,-0.009607651923912957,0.026303661844178167,0.0,0.999777787634217
0.21899999999999986,0.0015999750302569161,0.0,0.0005646767428122902,-0.0009475455999205695,0.001140768851809083,-0.0009074677282580022,-0.0008687601298764669,0.0003713705043735498,0.0009338450843908327,-0.0003935416962724999,-0.0001681311277013831,-0.0011298311876674664,0.0009497163145421164,3.9729414868424864e-05,-0.0008315155515215664,-0.001244140570756183,0.0006571022619492833,0.00038019758612323315,0.0005646767428122902,0.0009475455999205695,0.19167006599318331,0.0,0.19209245387358334,-0.08420779363480832,0.02873823209918184,0.0089193688059421,0.018128284048738823,-0.009163967274147897,-0.0018893428136463005,0.0035487774022146677,0.008755952134875265,-0.00376817239514775,0.0006247183807314831,-0.013393278823486015,-0.022907270952007498,-0.037400629382384996,0.001140768851809083,0.0009074677282580022,0.19209245387358334,0.08420779363480832,0.5799797540832834,0.0,0.059726723578805006,0.06362336881152833,0.045370184469894985,-0.027922904976773175,-0.020448058513400497,-0.01446617839471668,0.008117065596085564,0.012879854619232214,0.03324864959428834,-0.016084733958434464,0.0002901035178961587,0.005159790989050867,-0.0008687601298764669,-0.0003713705043735498,0.02873823209918184,-0.0089193688059421,0.059726723578805006,-0.06362336881152833,0.21307601633665002,0.0,0.03477286749558501,0.013278541494963454,-0.0020250539410008074,-9.680059055126159e-05,0.004279138651692157,0.010733760743230287,-0.0086468905129475,-0.0072985663165238135,0.00016892803953578314,-0.00014697173214398552,0.0009338450843908327,0.0003935416962724999,0.018128284048738823,0.009163967274147897,0.045370184469894985,0.027922904976773175,0.03477286749558501,-0.013278541494963454,0.07481196416380004,0.0,0.03302472635763,0.007438841912737,0.01720540934095083,-0.016623968816847336,0.06951084660631333,0.027935008528680007,0.00023513281688805843,-7.883785576703349e-06,-0.0001681311277013831,0.0011298311876674664,-0.0018893428136463005,-0.0035487774022146677,-0.020448058513400497,0.01446617839471668,-0.0020250539410008074,9.680059055126159e-05,0.03302472635763,-0.007438841912737,-0.08828828746084166,0.0,-0.08847042601676501,-0.00036949666419100843,0.007241641050768852,-0.0052993845655215,0.0047354856181539675,-0.004597487994572166,0.0009497163145421164,-3.9729414868424864e-05,0.008755952134875265,0.00376817239514775,0.008117065596085564,-0.012879854619232214,0.004279138651692157,-0.010733760743230287,0.01720540934095083,0.016623968816847336,-0.08847042601676501,0.00036949666419100843,0.026991503514670334,0.0,-0.011277034670975917,0.035548599255885,0.001429610449366047,0.013153663329681004,-0.0008315155515215664,0.001244140570756183,0.0006247183807314831,0.013393278823486015,0.03324864959428834,0.016084733958434464,-0.0086468905129475,0.0072985663165238135,0.06951084660631333,-0.027935008528680007,0.007241641050768852,0.0052993845655215,-0.011277034670975917,-0.035548599255885,-0.0257512249078885,0.0,-0.004484389360559353,0.00958754330555883,0.0006571022619492833,-0.00038019758612323315,-0.022907270952007498,0.037400629382384996,0.0002901035178961587,-0.005159790989050867,0.00016892803953578314,0.00014697173214398552,0.00023513281688805843,7.883785576703349e-06,0.0047354856181539675,0.004597487994572166,0.001429610449366047,-0.013153663329681004,-0.004484389360559353,-0.00958754330555883,0.0256878373012125,0.0,0.9997776040543672
0.2200000000000002,0.0015997914427915995,0.0,0.0003225380135606516,0.0010815540831110501,-6.416509395664258e-05,0.0014384854351797002,0.0003111669272656884,-0.0009421471138535332,-0.00037006292448021514,0.0008950412376208832,0.0008835585547358333,0.0006810281059605267,-0.0006913606585896632,0.0006723158207729669,0.0014838024932454714,0.0002887607777801168,-0.0007737052980429166,0.00013888173261428316,0.0003225380135606516,-0.0010815540831110501,0.1890570348003,0.0,0.19252329937684998,-0.07971634489283498,0.02812181364848299,0.009382332666030302,0.018533791988701576,-0.008744284341740852,-0.0017822800376504396,0.003190446128819853,0.008664631029144864,-0.003510739726417417,0.0007976255906908332,-0.01291031280654575,-0.022522229542970167,-0.036874123452598336,-6.416509395664258e-05,-0.0014384854351797002,0.19252329937684998,0.07971634489283498,0.58232461944765,0.0,0.05992528332426832,0.06353977061805001,0.04513671146413999,-0.02801026976013431,-0.02047370666550484,-0.01482786782153215,0.00798675571817838,0.013477204203566432,0.03282381499753668,-0.015726368524434105,2.4417632786133202e-05,0.006087597590017201,0.0003111669272656884,0.0009421471138535332,0.02812181364848299,-0.009382332666030302,0.05992528332426832,-0.06353977061805001,0.21416338149238326,0.0,0.035065789269075005,0.013419851701430329,-0.002102398894861686,-0.0002529750527688233,0.004242293868115433,0.010798358637861017,-0.008566259749430837,-0.007211855479311451,0.00021012217323128338,0.0001804856429998458,-0.00037006292448021514,-0.0008950412376208832,0.018533791988701576,0.008744284341740852,0.04513671146413999,0.02801026976013431,0.035065789269075005,-0.013419851701430329,0.07520743468907334,0.0,0.03330772660648834,0.007248835645171352,0.017277306625113332,-0.016455525892706165,0.06967303324513334,0.02791480480546667,0.00012104608203821675,7.059015414538336e-05,0.0008835585547358333,-0.0006810281059605267,-0.0017822800376504396,-0.003190446128819853,-0.02047370666550484,0.01482786782153215,-0.002102398894861686,0.0002529750527688233,0.03330772660648834,-0.007248835645171352,-0.08846432189811332,0.0,-0.0885791770465067,-0.00028086379624879266,0.007409649920524007,-0.005288513640613798,0.004788218721653039,-0.004531531172630599,-0.0006913606585896632,-0.0006723158207729669,0.008664631029144864,0.003510739726417417,0.00798675571817838,-0.013477204203566432,0.004242293868115433,-0.010798358637861017,0.017277306625113332,0.016455525892706165,-0.0885791770465067,0.00028086379624879266,0.02674757351186584,0.0,-0.011433924156613286,0.03546942045976,0.0013550093774645133,0.0130333661364607,0.0014838024932454714,-0.0002887607777801168,0.0007976255906908332,0.01291031280654575,0.03282381499753668,0.015726368524434105,-0.008566259749430837,0.007211855479311451,0.06967303324513334,-0.02791480480546667,0.007409649920524007,0.005288513640613798,-0.011433924156613286,-0.03546942045976,-0.02594131513367633,0.0,-0.004607541362064701,0.0095710256875073,-0.0007737052980429166,-0.00013888173261428316,-0.022522229542970167,0.036874123452598336,2.4417632786133202e-05,-0.006087597590017201,0.00021012217323128338,-0.0001804856429998458,0.00012104608203821675,-7.059015414538336e-05,0.004788218721653039,0.004531531172630599,0.0013550093774645133,-0.0130333661364607,-0.004607541362064701,-0.0095710256875073,0.025083222106971663,0.0,0.9997774204595835
0.22100000000000006,0.0015996078574803836,0.0,-0.0010147775626641665,-0.0005055937115255331,-0.0010312295822391166,-0.0009673834780798836,0.0005073440539510555,0.0008927905570824383,-0.00035708600012691687,-0.00085418207470965,-0.0010793760021964667,0.0001147412103958901,-1.3175509888911495e-05,-0.0009739067252776489,-0.0012484146862191336,0.0008474610684502832,0.0005038339579742504,-0.0006174588632768751,-0.0010147775626641665,0.0005055937115255331,0.18660667699178335,0.0,0.19298189059004997,-0.07520274798725836,0.027531571719811663,0.009869013457552468,0.01892050104760975,-0.00834220800987538,-0.0016559244637872168,0.002817148376080317,0.008576395158327282,-0.0032638684542617633,0.0009683820601216836,-0.012397305744899669,-0.022163484496591498,-0.03635496449711499,-0.0010312295822391166,0.0009673834780798836,0.19298189059004997,0.07520274798725836,0.5844990105212168,0.0,0.060115404525369995,0.06343543027287667,0.044896707263933334,-0.028071897067083698,-0.020502264418508324,-0.01516384280635517,0.007877684841119104,0.014053410195010137,0.032367435164201666,-0.0153949655927535,-0.00026413556953851664,0.007002153658925184,0.0005073440539510555,-0.0008927905570824383,0.027531571719811663,-0.009869013457552468,0.060115404525369995,-0.06343543027287667,0.21525350181585,0.0,0.03534617818919667,0.013553828455107414,-0.002130959204098217,-0.00042441662952338345,0.004200340851874633,0.01086223307236921,-0.008529905989655666,-0.007118110787571641,0.00022818631645914498,0.0004927477425977836,-0.00035708600012691687,0.00085418207470965,0.01892050104760975,0.00834220800987538,0.044896707263933334,0.028071897067083698,0.03534617818919667,-0.013553828455107414,0.07559519420775003,0.0,0.033587285525266665,0.007084646216403931,0.01733497739276567,-0.016280218993980168,0.06985190977386334,0.027893674485611666,1.9028963871766546e-05,0.00012016588438350017,-0.0010793760021964667,-0.0001147412103958901,-0.0016559244637872168,-0.002817148376080317,-0.020502264418508324,0.01516384280635517,-0.002130959204098217,0.00042441662952338345,0.033587285525266665,-0.007084646216403931,-0.08864019860418335,0.0,-0.08869109121996667,-0.00019557431592238337,0.007596196127290183,-0.005294657224988433,0.004815516330772695,-0.004460145188917782,-1.3175509888911495e-05,0.0009739067252776489,0.008576395158327282,0.0032638684542617633,0.007877684841119104,-0.014053410195010137,0.004200340851874633,-0.01086223307236921,0.01733497739276567,0.016280218993980168,-0.08869109121996667,0.00019557431592238337,0.02650703238394949,0.0,-0.011567993653794064,0.03541285047605333,0.0012957635142017117,0.012935998233480277,-0.0012484146862191336,-0.0008474610684502832,0.0009683820601216836,0.012397305744899669,0.032367435164201666,0.0153949655927535,-0.008529905989655666,0.007118110787571641,0.06985190977386334,-0.027893674485611666,0.007596196127290183,0.005294657224988433,-0.011567993653794064,-0.03541285047605333,-0.0261330598778005,0.0,-0.004740344211218693,0.009517290041791136,0.0005038339579742504,0.0006174588632768751,-0.022163484496591498,0.03635496449711499,-0.00026413556953851664,-0.007002153658925184,0.00022818631645914498,-0.0004927477425977836,1.9028963871766546e-05,-0.00012016588438350017,0.004815516330772695,0.004460145188917782,0.0012957635142017117,-0.012935998233480277,-0.004740344211218693,-0.009517290041791136,0.024489471570151335,0.0,0.9997772368661832
0.22199999999999995,0.0015994242868483833,0.0,0.0010557545644492665,-0.00039887326432588334,0.00136191797917442,-0.00019732794172458537,-0.0010022095466065335,-0.00019482788703046358,0.0008335623224794333,0.00032712879083608346,0.0006761654008869516,-0.0008156865610657167,0.0007196681647044662,0.0006807108138632051,0.00028047534640146684,-0.0014611653999561716,3.3254724475016576e-05,0.0008046348726814501,0.0010557545644492665,0.00039887326432588334,0.18431985035686663,0.0,0.1934904102443,-0.07064989831731332,0.026948845464935676,0.010391682389643001,0.019290623457162488,-0.007963496948369337,-0.0015345113860029934,0.0024279654401853945,0.008531586060264853,-0.0030311388381826713,0.0011679748102440336,-0.0118677712624826,-0.021838565578105668,-0.03582290058063333,0.00136191797917442,0.00019732794172458537,0.1934904102443,0.07064989831731332,0.5865022192548002,0.0,0.060269722818778314,0.06333657022844498,0.044662195066495006,-0.028126032597996332,-0.020547716738539168,-0.015495849370408534,0.007796183443699349,0.014584710342081605,0.03194122726420834,-0.01511673261421214,-0.0005879128913283162,0.007956877123622499,-0.0010022095466065335,0.00019482788703046358,0.026948845464935676,-0.010391682389643001,0.060269722818778314,-0.06333657022844498,0.2163462117418833,0.0,0.035600823495706674,0.013690126526742433,-0.0021474771738723675,-0.0006049435800775518,0.004169439429420914,0.010920715734020337,-0.008504587997493467,-0.007008972527933754,0.00021861171660893345,0.0007784771033635978,0.0008335623224794333,-0.00032712879083608346,0.019290623457162488,0.007963496948369337,0.044662195066495006,0.028126032597996332,0.035600823495706674,-0.013690126526742433,0.07597548564319,0.0,0.03386759957212667,0.006931298550550066,0.017392725221653835,-0.01610700425947983,0.07002039802398499,0.02784254913498,-7.083999555695005e-05,0.00016354656596561675,0.0006761654008869516,0.0008156865610657167,-0.0015345113860029934,-0.0024279654401853945,-0.020547716738539168,0.015495849370408534,-0.0021474771738723675,0.0006049435800775518,0.03386759957212667,-0.006931298550550066,-0.08881637648281832,0.0,-0.08881954036290002,-0.00010317547915370001,0.007768050815529268,-0.005303100429248949,0.004836609298930101,-0.004403663091088416,0.0007196681647044662,-0.0006807108138632051,0.008531586060264853,0.0030311388381826713,0.007796183443699349,-0.014584710342081605,0.004169439429420914,-0.010920715734020337,0.017392725221653835,0.01610700425947983,-0.08881954036290002,0.00010317547915370001,0.026269623397015666,0.0,-0.011699073558803296,0.035354687909243336,0.0012742982350145515,0.01283564732464807,0.00028047534640146684,0.0014611653999561716,0.0011679748102440336,0.0118677712624826,0.03194122726420834,0.01511673261421214,-0.008504587997493467,0.007008972527933754,0.07002039802398499,-0.02784254913498,0.007768050815529268,0.005303100429248949,-0.011699073558803296,-0.035354687909243336,-0.026326209635517336,0.0,-0.004857096988559662,0.009436193723190302,3.3254724475016576e-05,-0.0008046348726814501,-0.021838565578105668,0.03582290058063333,-0.0005879128913283162,-0.007956877123622499,0.00021861171660893345,-0.0007784771033635978,-7.083999555695005e-05,-0.00016354656596561675,0.004836609298930101,0.004403663091088416,0.0012742982350145515,-0.01283564732464807,-0.004857096988559662,-0.009436193723190302,0.023906824725568144,0.0,0.9997770532875001
0.22300000000000025,0.001599240728581916,0.0,-0.0004168964458991003,0.0010488933873067665,-0.0006508507703361,0.0011642637274233666,0.0007722543061543668,-0.0006522077594616964,-0.0008008744370652501,0.0003736216400539083,9.168935173041859e-05,0.0010301264363934,-0.0010012633769236003,3.5820432323316705e-05,0.00080969493658271,0.0012154709260240035,-0.0005845035913985332,-0.0005989159315985832,-0.0004168964458991003,-0.0010488933873067665,0.1821983483112,0.0,0.19404181439026663,-0.06603201969646333,0.026342259220598668,0.01094455169474653,0.019678069546057213,-0.007615447619719666,-0.0014059530129007518,0.002018432053660547,0.008491897112038715,-0.0028087235360636006,0.0013759490125568668,-0.011389541543857582,-0.021569872716800116,-0.035302870292898345,-0.0006508507703361,-0.0011642637274233666,0.19404181439026663,0.06603201969646333,0.5883321223293165,0.0,0.06038989600982333,0.06324312168229834,0.04443050510916167,-0.028170135836984335,-0.020566377626854825,-0.01584274325836089,0.007707750008091855,0.015106830509270003,0.031540905062275006,-0.014824418653066697,-0.0009551239448719834,0.008931417964253043,0.0007722543061543668,0.0006522077594616964,0.026342259220598668,-0.01094455169474653,0.06038989600982333,-0.06324312168229834,0.2174419937062,0.0,0.03584098547327,0.013854888782266225,-0.0021733207412306505,-0.0007834117288920333,0.004147076184736898,0.010973291252832218,-0.008433731913031168,-0.006886240240542799,0.00018450172123401652,0.0010392878726193176,-0.0008008744370652501,-0.0003736216400539083,0.019678069546057213,0.007615447619719666,0.04443050510916167,0.028170135836984335,0.03584098547327,-0.013854888782266225,0.07634743266283,0.0,0.034145861632295,0.006779307994963669,0.01745856900641033,-0.01594768619334317,0.070142768102485,0.027775792388561666,-0.00018168142956468634,0.0002275562590073833,9.168935173041859e-05,-0.0010301264363934,-0.0014059530129007518,-0.002018432053660547,-0.020566377626854825,0.01584274325836089,-0.0021733207412306505,0.0007834117288920333,0.034145861632295,-0.006779307994963669,-0.08899360044206335,0.0,-0.08895475986043665,1.6495404418866573e-05,0.007922314308873652,-0.005311863265644856,0.004878008623608968,-0.004358997698701158,-0.0010012633769236003,-3.5820432323316705e-05,0.008491897112038715,0.0028087235360636006,0.007707750008091855,-0.015106830509270003,0.004147076184736898,-0.010973291252832218,0.01745856900641033,0.01594768619334317,-0.08895475986043665,-1.6495404418866573e-05,0.02603606319628616,0.0,-0.011855932939887034,0.03527904809058,0.0012770029132296184,0.012715127304407065,0.00080969493658271,-0.0012154709260240035,0.0013759490125568668,0.011389541543857582,0.031540905062275006,0.014824418653066697,-0.008433731913031168,0.006886240240542799,0.070142768102485,-0.027775792388561666,0.007922314308873652,0.005311863265644856,-0.011855932939887034,-0.03527904809058,-0.02652022504124317,0.0,-0.004949746912792868,0.009371374083003517,-0.0005845035913985332,0.0005989159315985832,-0.021569872716800116,0.035302870292898345,-0.0009551239448719834,-0.008931417964253043,0.00018450172123401652,-0.0010392878726193176,-0.00018168142956468634,-0.0002275562590073833,0.004878008623608968,0.004358997698701158,0.0012770029132296184,-0.012715127304407065,-0.004949746912792868,-0.009371374083003517,0.02333549427057575,0.0,0.9997768697218997
0.22400000000000017,0.001599057167599567,0.0,-0.0004961789622642167,-0.0010158082778731333,-0.0004915957042519506,-0.0011940769133807166,2.014305619312346e-05,0.0010395359377613498,0.00027827231501900007,-0.0008401423868963999,-0.0007617140840851169,-0.0006542106708876167,0.0006679283349822001,-0.0007399625326963503,-0.0014022211045361674,-0.00029647419109016644,0.0008910557370990664,6.637894992618371e-05,-0.0004961789622642167,0.0010158082778731333,0.1802443705321667,0.0,0.19463126947636664,-0.061369785486169996,0.02570963828594367,0.011527715784680665,0.020096343947832954,-0.0072873498625297675,-0.0012394804139102837,0.001593632216080517,0.008412249264586367,-0.002579306067797901,0.0015546494197853668,-0.0109857549023565,-0.021348542607884536,-0.03482530068732503,-0.0004915957042519506,0.0011940769133807166,0.19463126947636664,0.061369785486169996,0.5899865804155834,0.0,0.06050109263383667,0.06312335950970498,0.04419408357950501,-0.028193258908947492,-0.02052864723306077,-0.01618683265276228,0.00759947040348582,0.015650140290470817,0.031114458795593332,-0.014488069696672932,-0.0013517261400994994,0.0098627369148145,2.014305619312346e-05,-0.0010395359377613498,0.02570963828594367,-0.011527715784680665,0.06050109263383667,-0.06312335950970498,0.2185415340336333,0.0,0.03608705629384833,0.014051005458935738,-0.002173855240249233,-0.0009500887926924333,0.004119035643903839,0.011023688855114766,-0.008332704298267468,-0.006754628794689946,0.00015224221412245002,0.001286402912265801,0.00027827231501900007,0.0008401423868963999,0.020096343947832954,0.0072873498625297675,0.04419408357950501,0.028193258908947492,0.03608705629384833,-0.014051005458935738,0.07671044594942003,0.0,0.034424216290098335,0.00663072537698225,0.017526626875783668,-0.015805201329693496,0.07023834548820167,0.02772979753530583,-0.00031475977884171666,0.00029652251103273324,-0.0007617140840851169,0.0006542106708876167,-0.0012394804139102837,-0.001593632216080517,-0.02052864723306077,0.01618683265276228,-0.002173855240249233,0.0009500887926924333,0.034424216290098335,-0.00663072537698225,-0.08917294775476163,0.0,-0.08908879412610332,0.00016036699059353312,0.008091501233382765,-0.005333796584318151,0.004926719585175735,-0.004306932865862614,0.0006679283349822001,0.0007399625326963503,0.008412249264586367,0.002579306067797901,0.00759947040348582,-0.015650140290470817,0.004119035643903839,-0.011023688855114766,0.017526626875783668,0.015805201329693496,-0.08908879412610332,-0.00016036699059353312,0.0258075382642945,0.0,-0.012031220846826996,0.03521250849761334,0.0012714010495434665,0.012600108399632133,-0.0014022211045361674,0.00029647419109016644,0.0015546494197853668,0.0109857549023565,0.031114458795593332,0.014488069696672932,-0.008332704298267468,0.006754628794689946,0.07023834548820167,-0.02772979753530583,0.008091501233382765,0.005333796584318151,-0.012031220846826996,-0.03521250849761334,-0.026714802753478168,0.0,-0.005047262973760567,0.009328561815547686,0.0008910557370990664,-6.637894992618371e-05,-0.021348542607884536,0.03482530068732503,-0.0013517261400994994,-0.0098627369148145,0.00015224221412245002,-0.001286402912265801,-0.00031475977884171666,-0.00029652251103273324,0.004926719585175735,0.004306932865862614,0.0012714010495434665,-0.012600108399632133,-0.005047262973760567,-0.009328561815547686,0.022774910298654784,0.0,0.9997766861527332
0.22499999999999976,0.0015988736080358834,0.0,0.0010793933133975734,0.0003108320680582517,0.0012003971716336654,0.00036928374656106685,-0.000846697975408583,-0.0006875760583001433,0.00042319423339565014,0.0007844056284455334,0.0009737380707405799,-4.894747246891678e-05,7.020588729367008e-05,0.0009875724031626508,0.0011809936735058912,-0.0007623043725401169,-0.0007584093549169701,0.0005732295375640036,0.0010793933133975734,-0.0003108320680582517,0.17845928226323332,0.0,0.19524898907706667,-0.05669576302476666,0.02507540497754466,0.012157670636331957,0.02052181693328259,-0.006957108201376347,-0.0010296366903904503,0.0011609880416913996,0.008316427180689962,-0.0023270946487593328,0.0017141039291957666,-0.010600247888667001,-0.021142453078661035,-0.034370643212341664,0.0012003971716336654,-0.00036928374656106685,0.19524898907706667,0.05669576302476666,0.5914649780241003,0.0,0.06059327426190834,0.06296577955035834,0.043948952334163356,-0.028192239821399172,-0.02046743505695028,-0.016498803351138083,0.007491481902970348,0.016188766150831018,0.030647424557316668,-0.014174843732749964,-0.001764321027854853,0.01074768643189457,-0.000846697975408583,0.0006875760583001433,0.02507540497754466,-0.012157670636331957,0.06059327426190834,-0.06296577955035834,0.21964492857003332,0.0,0.036340550946453325,0.014255138474146887,-0.0021155012011809604,-0.0010999616368319,0.004086467921841663,0.011075782097124787,-0.008271816918747635,-0.006619994286324151,0.00014520794180723662,0.0015339921688656132,0.00042319423339565014,-0.0007844056284455334,0.02052181693328259,0.006957108201376347,0.043948952334163356,0.028192239821399172,0.036340550946453325,-0.014255138474146887,0.07706474405088003,0.0,0.03471338810756999,0.006486488326622821,0.017585452761385827,-0.015670536908339174,0.07034750007743168,0.027700347179296,-0.00042602662482975,0.0003424537691163,0.0009737380707405799,4.894747246891678e-05,-0.0010296366903904503,-0.0011609880416913996,-0.02046743505695028,0.016498803351138083,-0.0021155012011809604,0.0010999616368319,0.03471338810756999,-0.006486488326622821,-0.08935502986846502,0.0,-0.08921716957429335,0.0003035040027227633,0.008288939235207881,-0.005375459071442332,0.0049468537213087325,-0.004248022809560686,7.020588729367008e-05,-0.0009875724031626508,0.008316427180689962,0.0023270946487593328,0.007491481902970348,-0.016188766150831018,0.004086467921841663,-0.011075782097124787,0.017585452761385827,0.015670536908339174,-0.08921716957429335,-0.0003035040027227633,0.025584333353161834,0.0,-0.012192735560745233,0.035179750438131666,0.0012508293991563668,0.0125203474846505,0.0011809936735058912,0.0007623043725401169,0.0017141039291957666,0.010600247888667001,0.030647424557316668,0.014174843732749964,-0.008271816918747635,0.006619994286324151,0.07034750007743168,-0.027700347179296,0.008288939235207881,0.005375459071442332,-0.012192735560745233,-0.035179750438131666,-0.0269099177041865,0.0,-0.005165015555653632,0.009271999603354113,-0.0007584093549169701,-0.0005732295375640036,-0.021142453078661035,0.034370643212341664,-0.001764321027854853,-0.01074768643189457,0.00014520794180723662,-0.0015339921688656132,-0.00042602662482975,-0.0003424537691163,0.0049468537213087325,0.004248022809560686,0.0012508293991563668,-0.0125203474846505,-0.005165015555653632,-0.009271999603354113,0.022224310289009497,0.0,0.9997765025854998
0.22600000000000037,0.0015986900637319835,0.0,-0.0009433030826946167,0.0006000566828192501,-0.0010329339834510415,0.0006930921720719835,0.0011006209052157369,-0.0002203264111159168,-0.0008739944346999163,-0.0002341123496195167,-0.0006584951950118,0.0006945920603410642,-0.0007619042926005168,-0.0006516421478856333,-0.00028349716046796684,0.0013511154526910502,0.00018458577919758343,-0.0009778142860086786,-0.0009433030826946167,-0.0006000566828192501,0.1768431978687,0.0,0.1959382076047166,-0.05202843055461,0.024459399634289666,0.012854770036410963,0.020935545976571625,-0.00661761548146458,-0.0008078270331523934,0.0007230369670665665,0.008251386098003468,-0.0020547831790007597,0.0018893065405701827,-0.010188257870347283,-0.02094736995033323,-0.033909605736946666,-0.0010329339834510415,-0.0006930921720719835,0.1959382076047166,0.05202843055461,0.5927677564916336,0.0,0.06065224753523165,0.06281333543718,0.04370325254354501,-0.028181862728659555,-0.020433640546408526,-0.016786670101233157,0.007393804879527186,0.016684161535085507,0.030187242598048156,-0.013944465053483663,-0.0022035257747106663,0.01165072089098785,0.0011006209052157369,0.0002203264111159168,0.024459399634289666,-0.012854770036410963,0.06065224753523165,-0.06281333543718,0.2207521241322,0.0,0.03659153917535999,0.014458804730544127,-0.00202571329245973,-0.0012332929830419892,0.004067698087388809,0.011128918600086897,-0.008268704833169717,-0.006483716245596283,0.00015725537019434325,0.001786441918585469,-0.0008739944346999163,0.0002341123496195167,0.020935545976571625,0.00661761548146458,0.04370325254354501,0.028181862728659555,0.03659153917535999,-0.014458804730544127,0.07741040460064999,0.0,0.035036345928675,0.006343886173307447,0.017639666914526664,-0.015543746835328665,0.07049005326780997,0.027657902692440166,-0.000494622959524775,0.0003744302401594166,-0.0006584951950118,-0.0006945920603410642,-0.0008078270331523934,-0.0007230369670665665,-0.020433640546408526,0.016786670101233157,-0.00202571329245973,0.0012332929830419892,0.035036345928675,-0.006343886173307447,-0.08953959444567998,0.0,-0.08935485416164164,0.00043047304670021657,0.008485095976809786,-0.005423738959762069,0.0049350147877706,-0.004203046868726636,-0.0007619042926005168,0.0006516421478856333,0.008251386098003468,0.0020547831790007597,0.007393804879527186,-0.016684161535085507,0.004067698087388809,-0.011128918600086897,0.017639666914526664,0.015543746835328665,-0.08935485416164164,-0.00043047304670021657,0.025365620901609997,0.0,-0.012336743532385931,0.035172020917028333,0.0012419842281248669,0.012457996136543298,-0.00028349716046796684,-0.0013511154526910502,0.0018893065405701827,0.010188257870347283,0.030187242598048156,0.013944465053483663,-0.008268704833169717,0.006483716245596283,0.07049005326780997,-0.027657902692440166,0.008485095976809786,0.005423738959762069,-0.012336743532385931,-0.035172020917028333,-0.027105426224028166,0.0,-0.0052813987071508505,0.009196118047455801,0.00018458577919758343,0.0009778142860086786,-0.02094736995033323,0.033909605736946666,-0.0022035257747106663,-0.01165072089098785,0.00015725537019434325,-0.001786441918585469,-0.000494622959524775,-0.0003744302401594166,0.0049350147877706,0.004203046868726636,0.0012419842281248669,-0.012457996136543298,-0.0052813987071508505,-0.009196118047455801,0.021683545644961166,0.0,0.9997763190336665
0.2270000000000002,0.0015985065333628341,0.0,0.00017166174956520012,-0.0011254601623467999,0.00010340583404488325,-0.0012536693946643169,-0.0005156345078675665,0.0010166531928604498,0.0007945421403474467,-0.0004856148871279167,-1.4680802027316813e-05,-0.0009458789247809666,0.0010279471759702663,-7.112631826586341e-05,-0.0007581075504584673,-0.0011375092582592864,0.0005595211624244685,0.0008758624229559502,0.00017166174956520012,0.0011254601623467999,0.17539596923023337,0.0,0.19670252488176662,-0.04735657148807833,0.023856119695717933,0.013609821745746367,0.021348668515759152,-0.006277260985337951,-0.0005962433207594832,0.0002792817187408618,0.008197718338238303,-0.0017787111966385263,0.0020713401192439668,-0.009782037748617765,-0.020773038915465766,-0.03344901159332166,0.00010340583404488325,0.0012536693946643169,0.19670252488176662,0.04735657148807833,0.5938949388366166,0.0,0.06067804029198668,0.06268274322414835,0.04344632865401333,-0.02816479249128216,-0.020411215332813013,-0.01706478500042123,0.007276980542165149,0.017141914567168945,0.029751585282790004,-0.013751886465945166,-0.002676854131788516,0.012593690116410651,-0.0005156345078675665,-0.0010166531928604498,0.023856119695717933,-0.013609821745746367,0.06067804029198668,-0.06268274322414835,0.22186358281844992,0.0,0.036822148658281664,0.01467617550733031,-0.0019528631215075943,-0.0013535273739595385,0.004067921170094816,0.011176682256215317,-0.008254331954022915,-0.006334360114635001,0.00015744990297415006,0.002037103398752416,0.0007945421403474467,0.0004856148871279167,0.021348668515759152,0.006277260985337951,0.04344632865401333,0.02816479249128216,0.036822148658281664,-0.01467617550733031,0.07774676148427834,0.0,0.03539273529509832,0.006204137122758751,0.0176952119217394,-0.015430127283564497,0.070633108405395,0.027594627298117663,-0.0005595990992156669,0.00041970861181965177,-1.4680802027316813e-05,0.0009458789247809666,-0.0005962433207594832,-0.0002792817187408618,-0.020411215332813013,0.01706478500042123,-0.0019528631215075943,0.0013535273739595385,0.03539273529509832,-0.006204137122758751,-0.08972618182314501,0.0,-0.08948542453964167,0.0005488970512250501,0.008651566886329369,-0.005462004411616651,0.004919070049200416,-0.004174482562980799,0.0010279471759702663,7.112631826586341e-05,0.008197718338238303,0.0017787111966385263,0.007276980542165149,-0.017141914567168945,0.004067921170094816,-0.011176682256215317,0.0176952119217394,0.015430127283564497,-0.08948542453964167,-0.0005488970512250501,0.02515064173192658,0.0,-0.012487626748107598,0.03515502009622334,0.0012562424204114163,0.012365315733839373,-0.0007581075504584673,0.0011375092582592864,0.0020713401192439668,0.009782037748617765,0.029751585282790004,0.013751886465945166,-0.008254331954022915,0.006334360114635001,0.070633108405395,-0.027594627298117663,0.008651566886329369,0.005462004411616651,-0.012487626748107598,-0.03515502009622334,-0.02730092761552967,0.0,-0.005371591938958725,0.009134955989705623,0.0005595211624244685,-0.0008758624229559502,-0.020773038915465766,0.03344901159332166,-0.002676854131788516,-0.012593690116410651,0.00015744990297415006,-0.002037103398752416,-0.0005595990992156669,-0.00041970861181965177,0.004919070049200416,0.004174482562980799,0.0012562424204114163,-0.012365315733839373,-0.005371591938958725,-0.009134955989705623,0.021152844299304183,0.0,0.9997761354953834
0.22799999999999987,0.0015983230002600333,0.0,0.0007560960515396777,0.0009134250874794669,0.0009103829748646197,0.0008950334049890998,-0.0004861957872066667,-0.0010745740959134317,-0.00021138374541409982,0.0009433353217645194,0.0006618047615814315,0.0006527309235783167,-0.000695325822087592,0.0007880750073640068,0.0013439220776350165,0.0002537517139377183,-0.0010597732615377972,-0.0002656984287270501,0.0007560960515396777,-0.0009134250874794669,0.1741176129246167,0.0,0.19754265074895,-0.04269824278433518,0.023268242612527208,0.014392009219794149,0.021782133942417643,-0.0059415692664851845,-0.00038481512397413006,-0.00016301919195276654,0.00809560255298965,-0.0015079916231342007,0.002212463685229184,-0.009426315491325284,-0.020623722273163936,-0.03302127092783667,0.0009103829748646197,-0.0008950334049890998,0.19754265074895,0.04269824278433518,0.594846417728267,0.0,0.06069902007541333,0.06253634363443165,0.043173289563205014,-0.028129128352894998,-0.02035286956513083,-0.017323046122098167,0.007107581818896268,0.017605683694733747,0.02929217836442667,-0.013523704208885302,-0.0031554577077239822,0.013524127057660984,-0.0004861957872066667,0.0010745740959134317,0.023268242612527208,-0.014392009219794149,0.06069902007541333,-0.06253634363443165,0.22297986418758325,0.0,0.037031300878884996,0.0149155379726658,-0.0019018202440666486,-0.0014597648103247,0.004070260928415886,0.011214539984705165,-0.008188605799913717,-0.006161063600300018,0.00012501052045282504,0.0022824359774784825,-0.00021138374541409982,-0.0009433353217645194,0.021782133942417643,0.0059415692664851845,0.043173289563205014,0.028129128352894998,0.037031300878884996,-0.0149155379726658,0.07807333670527834,0.0,0.03576251835361334,0.006079745130377948,0.017749893826949945,-0.015331453934104672,0.07076536032655166,0.027539600693630182,-0.0006591028339170833,0.00047629978474715166,0.0006618047615814315,-0.0006527309235783167,-0.00038481512397413006,0.00016301919195276654,-0.02035286956513083,0.017323046122098167,-0.0019018202440666486,0.0014597648103247,0.03576251835361334,-0.006079745130377948,-0.0899148705801567,0.0,-0.08960088982675665,0.0006677170962675499,0.008807645060493531,-0.005498202870834585,0.00491126205405296,-0.004141104022452749,-0.000695325822087592,-0.0007880750073640068,0.00809560255298965,0.0015079916231342007,0.007107581818896268,-0.017605683694733747,0.004070260928415886,-0.011214539984705165,0.017749893826949945,0.015331453934104672,-0.08960088982675665,-0.0006677170962675499,0.024939397713345034,0.0,-0.012656707793801443,0.03512648478738666,0.0012676037063935836,0.012236279921781897,0.0013439220776350165,-0.0002537517139377183,0.002212463685229184,0.009426315491325284,0.02929217836442667,0.013523704208885302,-0.008188605799913717,0.006161063600300018,0.07076536032655166,-0.027539600693630182,0.008807645060493531,0.005498202870834585,-0.012656707793801443,-0.03512648478738666,-0.027496154054428498,0.0,-0.005448178931802738,0.009101266447871998,-0.0010597732615377972,0.0002656984287270501,-0.020623722273163936,0.03302127092783667,-0.0031554577077239822,-0.013524127057660984,0.00012501052045282504,-0.0022824359774784825,-0.0006591028339170833,-0.00047629978474715166,0.00491126205405296,0.004141104022452749,0.0012676037063935836,-0.012236279921781897,-0.005448178931802738,-0.009101266447871998,0.020632024330095068,0.0,0.9997759519553665
0.2289999999999997,0.0015981394516921162,0.0,-0.0012314917564118497,-6.0130848862573307e-05,-0.0012811813362270665,8.796486600811682e-05,0.0011852249446241002,0.00035585858528150254,-0.0005408658502876832,-0.0008394583570802335,-0.0009090208582543879,-9.118511495364294e-06,-7.24579671989548e-05,-0.0010546380127637999,-0.0011230368916587004,0.0007943539545731337,0.0009969526314813663,-0.0005470568056557001,-0.0012314917564118497,6.0130848862573307e-05,0.17300710600623334,0.0,0.19842784040704994,-0.038095913849234504,0.022721658614822362,0.015183588050460816,0.022222172449084695,-0.005606878468663336,-0.00015447364528014228,-0.0005941511625177169,0.00793709174737635,-0.001233230123234555,0.0022989745100206165,-0.009097285438059353,-0.02049517996540562,-0.032619495577090006,-0.0012811813362270665,-8.796486600811682e-05,0.19842784040704994,0.038095913849234504,0.5956238212486163,0.0,0.060721638033875015,0.06233055858515666,0.04288588460675334,-0.028065864298309495,-0.0202599991968875,-0.01754756225183235,0.006892147414198453,0.01808552018500387,0.02876296936624667,-0.013266182248526019,-0.0036094717393513006,0.014397971872340315,0.0011852249446241002,-0.00035585858528150254,0.022721658614822362,-0.015183588050460816,0.060721638033875015,-0.06233055858515666,0.22410076877493335,0.0,0.037224191829229994,0.015153761710095618,-0.0018426410709509336,-0.001546917365162667,0.004064020774376799,0.011245091175364465,-0.008128698930641411,-0.005981565101879927,6.510742949126677e-05,0.0025197533170122663,-0.0005408658502876832,0.0008394583570802335,0.022222172449084695,0.005606878468663336,0.04288588460675334,0.028065864298309495,0.037224191829229994,-0.015153761710095618,0.07839075901784336,0.0,0.036120281510613333,0.005976661319170068,0.017790019189468993,-0.015228676336505506,0.07090674835793001,0.02750166363793867,-0.0007725183598385836,0.0005171291323855834,-0.0009090208582543879,9.118511495364294e-06,-0.00015447364528014228,0.0005941511625177169,-0.0202599991968875,0.01754756225183235,-0.0018426410709509336,0.001546917365162667,0.036120281510613333,-0.005976661319170068,-0.09010615946257669,0.0,-0.08969986348116335,0.0007842371090239366,0.008985785241362971,-0.0055530201083166,0.004886344484316132,-0.004095128964499184,-7.24579671989548e-05,0.0010546380127637999,0.00793709174737635,0.001233230123234555,0.006892147414198453,-0.01808552018500387,0.004064020774376799,-0.011245091175364465,0.017790019189468993,0.015228676336505506,-0.08969986348116335,-0.0007842371090239366,0.024732008696834017,0.0,-0.0128277287284625,0.03510538775920001,0.001257681580996623,0.012112118297583924,-0.0011230368916587004,-0.0007943539545731337,0.0022989745100206165,0.009097285438059353,0.02876296936624667,0.013266182248526019,-0.008128698930641411,0.005981565101879927,0.07090674835793001,-0.02750166363793867,0.008985785241362971,0.0055530201083166,-0.0128277287284625,-0.03510538775920001,-0.027691172831190162,0.0,-0.005526223870855602,0.009060924915893448,0.0009969526314813663,0.0005470568056557001,-0.02049517996540562,0.032619495577090006,-0.0036094717393513006,-0.014397971872340315,6.510742949126677e-05,-0.0025197533170122663,-0.0007725183598385836,-0.0005171291323855834,0.004886344484316132,0.004095128964499184,0.001257681580996623,-0.012112118297583924,-0.005526223870855602,-0.009060924915893448,0.020120497496204894,0.0,0.9997757683982
0.23000000000000032,0.0015979559016894996,0.0,0.0008971767026638331,-0.0008891491996347835,0.0007912664371735352,-0.0010203562904754202,-0.0010871036565522601,0.0006616693062449165,0.000996757261207305,0.00021238845095453905,0.0006510908257773113,-0.0006167231335756835,0.0008104281942689099,0.0006936038265508832,0.00019983496219645166,-0.0013697943545454001,-0.0003653248527344837,0.00109401724169575,0.0008971767026638331,0.0008891491996347835,0.17206184683396664,0.0,0.1993522619246167,-0.03357479808998233,0.022243164444995,0.015993222651865622,0.02263821037543803,-0.005281614481880883,8.956341289202033e-05,-0.0010091226310441606,0.007777272701559499,-0.0009478491402988338,0.002372017061171385,-0.008742420516529893,-0.020399927816392563,-0.03220214117004334,0.0007912664371735352,0.0010203562904754202,0.1993522619246167,0.03357479808998233,0.5962304809218666,0.0,0.06073511983295663,0.06209264247408168,0.04259562975175667,-0.027983631184322667,-0.020182137800623827,-0.017760750278386386,0.006672214178083833,0.01853881390877693,0.028201837846273663,-0.013033459583899376,-0.004060552775108172,0.015240578760607849,-0.0010871036565522601,-0.0006616693062449165,0.022243164444995,-0.015993222651865622,0.06073511983295663,-0.06209264247408168,0.22522535768994992,0.0,0.03740741726455334,0.015361326917533745,-0.0017720113165561996,-0.0016249042652603002,0.004060838362781065,0.011278022335453948,-0.008134750121865967,-0.005821740023900616,-5.512916499811692e-06,0.0027380355956541165,0.000996757261207305,-0.00021238845095453905,0.02263821037543803,0.005281614481880883,0.04259562975175667,0.027983631184322667,0.03740741726455334,-0.015361326917533745,0.07870016491838165,0.0,0.036462765764650004,0.0058867661912718,0.017813442127906497,-0.01510526405824139,0.07107884526696498,0.027456066397928008,-0.00085991218607635,0.0005331223399677632,0.0006510908257773113,0.0006167231335756835,8.956341289202033e-05,0.0010091226310441606,-0.020182137800623827,0.017760750278386386,-0.0017720113165561996,0.0016249042652603002,0.036462765764650004,-0.0058867661912718,-0.09030034977106,0.0,-0.08979766274422502,0.0008960542284432536,0.009179921273334212,-0.005626097618160634,0.0048231374413366165,-0.004057443013626014,0.0008104281942689099,-0.0006936038265508832,0.007777272701559499,0.0009478491402988338,0.006672214178083833,-0.01853881390877693,0.004060838362781065,-0.011278022335453948,0.017813442127906497,0.01510526405824139,-0.08979766274422502,-0.0008960542284432536,0.024528141831123864,0.0,-0.01298972944825975,0.03509303185629,0.0012538472688637834,0.012021863785629637,0.00019983496219645166,0.0013697943545454001,0.002372017061171385,0.008742420516529893,0.028201837846273663,0.013033459583899376,-0.008134750121865967,0.005821740023900616,0.07107884526696498,-0.027456066397928008,0.009179921273334212,0.005626097618160634,-0.01298972944825975,-0.03509303185629,-0.027886080447353988,0.0,-0.005590950694528292,0.008987855703497699,-0.0003653248527344837,-0.00109401724169575,-0.020399927816392563,0.03220214117004334,-0.004060552775108172,-0.015240578760607849,-5.512916499811692e-06,-0.0027380355956541165,-0.00085991218607635,-0.0005331223399677632,0.0048231374413366165,0.004057443013626014,0.0012538472688637834,-0.012021863785629637,-0.005590950694528292,-0.008987855703497699,0.019618066962202786,0.0,0.9997755848407335
0.2309999999999999,0.0015977723598903169,0.0,5.547210177662152e-05,0.0012893978713911835,0.0002701034636708168,0.0012822923913626996,0.00020855229884548328,-0.0012487240557674231,-0.0008632276133889465,0.00056757356188428,-2.6087386669683163e-05,0.0008924212928006497,-0.00108543934019955,8.374500758346187e-05,0.0008621661039771147,0.001093340084448384,-0.0004820501483748668,-0.0010445117701048643,5.547210177662152e-05,-0.0012893978713911835,0.17127873091686663,0.0,0.2003198775606667,-0.0291111265052575,0.021827131343381677,0.016826820654225836,0.023026625912546044,-0.004989284034382948,0.0003248359081073169,-0.00141018471815492,0.007641342682518034,-0.0006627107418099002,0.002458636283498386,-0.008373759901459497,-0.020360399688240178,-0.031754558941825,0.0002701034636708168,-0.0012822923913626996,0.2003198775606667,0.0291111265052575,0.5966694198928668,0.0,0.06073498938596669,0.06186823148259498,0.04230064034903667,-0.027893202366886995,-0.020122336362528994,-0.017991723737408833,0.006463419167613102,0.01893767960790343,0.02767064432436534,-0.012820463965457414,-0.004554851671323616,0.0160888760217246,0.00020855229884548328,0.0012487240557674231,0.021827131343381677,-0.016826820654225836,0.06073498938596669,-0.06186823148259498,0.22635288541295,0.0,0.037574252173924995,0.01553196708341353,-0.0017157787614476832,-0.0017174978092903065,0.0040749788531043015,0.011315812306965763,-0.008168039674391933,-0.005671313354684164,-8.023445542258336e-05,0.0029212541237356514,-0.0008632276133889465,-0.00056757356188428,0.023026625912546044,0.004989284034382948,0.04230064034903667,0.027893202366886995,0.037574252173924995,-0.01553196708341353,0.07900222090641167,0.0,0.03680222427158,0.005799411147806751,0.017834042730679657,-0.014969749884241455,0.07125946918097334,0.027380269489301334,-0.0009324729090873334,0.0005373867566648499,-2.6087386669683163e-05,-0.0008924212928006497,0.0003248359081073169,0.00141018471815492,-0.020122336362528994,0.017991723737408833,-0.0017157787614476832,0.0017174978092903065,0.03680222427158,-0.005799411147806751,-0.0904975832916517,0.0,-0.08989842612631495,0.0010154292503797332,0.00935756762434255,-0.005695270138580167,0.004738022590368484,-0.004040593614704698,-0.00108543934019955,-8.374500758346187e-05,0.007641342682518034,0.0006627107418099002,0.006463419167613102,-0.01893767960790343,0.0040749788531043015,-0.011315812306965763,0.017834042730679657,0.014969749884241455,-0.08989842612631495,-0.0010154292503797332,0.02432756916915944,0.0,-0.013155405413653714,0.035062799316828326,0.0012953462659522894,0.011945024921184117,0.0008621661039771147,-0.001093340084448384,0.002458636283498386,0.008373759901459497,0.02767064432436534,0.012820463965457414,-0.008168039674391933,0.005671313354684164,0.07125946918097334,-0.027380269489301334,0.00935756762434255,0.005695270138580167,-0.013155405413653714,-0.035062799316828326,-0.028080691110318672,0.0,-0.005624692650304384,0.008902760486185051,-0.0004820501483748668,0.0010445117701048643,-0.020360399688240178,0.031754558941825,-0.004554851671323616,-0.0160888760217246,-8.023445542258336e-05,-0.0029212541237356514,-0.0009324729090873334,-0.0005373867566648499,0.004738022590368484,0.004040593614704698,0.0012953462659522894,-0.011945024921184117,-0.005624692650304384,-0.008902760486185051,0.019125077035182465,0.0,0.9997754012916501
0.2319999999999998,0.001597588821991,0.0,-0.00101731880135995,-0.0008576266619548999,-0.0011775390053021004,-0.00061574723198105,0.0008133024497903499,0.0009479628090359997,0.00019935508920825013,-0.0010268211440066163,-0.0006109082128783935,-0.0006359862528920033,0.0007234649929951217,-0.0008370994616854688,-0.0013919634934770923,-0.00013322253515938334,0.001069548815123278,0.0004319095450480166,-0.00101731880135995,0.0008576266619548999,0.17065582758736667,0.0,0.20131763663295005,-0.02467713660134651,0.021444419524181146,0.01767112961110767,0.023412847752730316,-0.004741367776817167,0.0005465140252595333,-0.00179965522788385,0.007486865207785151,-0.00038695117956393015,0.0025288807710367,-0.008055142942743718,-0.020373143160578328,-0.03131531313239667,-0.0011775390053021004,0.00061574723198105,0.20131763663295005,0.02467713660134651,0.5969421418063665,0.0,0.06072433705046667,0.061636256170974985,0.04199262498378335,-0.027791647690482334,-0.020027690588685993,-0.018226700694409834,0.006239172221355832,0.01931519904240815,0.027164929018220665,-0.012563406318826697,-0.005087707170688977,0.016926373629991835,0.0008133024497903499,-0.0009479628090359997,0.021444419524181146,-0.01767112961110767,0.06072433705046667,-0.061636256170974985,0.22748279329448337,0.0,0.03771767355219,0.01567905604066733,-0.0016757365823344378,-0.00183263149645264,0.004101425897943566,0.011341337578746169,-0.008154632422730932,-0.005495336517197649,-0.00016225160252049975,0.00307163864591465,0.00019935508920825013,0.0010268211440066163,0.023412847752730316,0.004741367776817167,0.04199262498378335,0.027791647690482334,0.03771767355219,-0.01567905604066733,0.07929708704817665,0.0,0.037140933033561675,0.005715808313166981,0.017863917205523498,-0.014843757355654923,0.071406703026135,0.027285520054023318,-0.0010339316370369498,0.0005327830021284501,-0.0006109082128783935,0.0006359862528920033,0.0005465140252595333,0.00179965522788385,-0.020027690588685993,0.018226700694409834,-0.0016757365823344378,0.00183263149645264,0.037140933033561675,-0.005715808313166981,-0.09069830002832664,0.0,-0.08999276821195333,0.0011534469653298233,0.009516628683216887,-0.005752644170484132,0.004662880714231685,-0.004024848423976183,0.0007234649929951217,0.0008370994616854688,0.007486865207785151,0.00038695117956393015,0.006239172221355832,-0.01931519904240815,0.004101425897943566,-0.011341337578746169,0.017863917205523498,0.014843757355654923,-0.08999276821195333,-0.0011534469653298233,0.024130956674444516,0.0,-0.013341033445291084,0.034999601116738326,0.0013749573907426496,0.011855492788694669,-0.0013919634934770923,0.00013322253515938334,0.0025288807710367,0.008055142942743718,0.027164929018220665,0.012563406318826697,-0.008154632422730932,0.005495336517197649,0.071406703026135,-0.027285520054023318,0.009516628683216887,0.005752644170484132,-0.013341033445291084,-0.034999601116738326,-0.02827458315190051,0.0,-0.005645095466311917,0.008827123893589448,0.001069548815123278,-0.0004319095450480166,-0.020373143160578328,0.03131531313239667,-0.005087707170688977,-0.016926373629991835,-0.00016225160252049975,-0.00307163864591465,-0.0010339316370369498,-0.0005327830021284501,0.004662880714231685,0.004024848423976183,0.0013749573907426496,-0.011855492788694669,-0.005645095466311917,-0.008827123893589448,0.018641705693044647,0.0,0.99977521774585
0.23300000000000015,0.0015974052720887169,0.0,0.0013602008693882504,-0.00016026876335080835,0.0012257174099239328,-0.0005002765196523002,-0.0012513407293192336,-6.853140111933041e-06,0.0006027733789726497,0.0008636869232073169,0.0008576389511019835,1.369419724398498e-05,8.505591823410021e-05,0.001102670220687467,0.0010623952185329006,-0.0009087610283398047,-0.00109329981456146,0.0004089463452581498,0.0013602008693882504,0.00016026876335080835,0.17019186957069998,0.0,0.20233974553206666,-0.02028743904469683,0.021088948046377332,0.018516809955389228,0.023808606024770675,-0.004516443726458528,0.0007716700756279666,-0.0021732421599551023,0.007276590285673437,-0.0001065222390926503,0.0025517969096236336,-0.007807789575695,-0.02042059423368716,-0.030913868098926666,0.0012257174099239328,0.0005002765196523002,0.20233974553206666,0.02028743904469683,0.5970502384577501,0.0,0.06070094803544166,0.061345398122916665,0.04167638217998666,-0.027679688375522003,-0.019874684315397895,-0.0184374978340335,0.005976499187700283,0.019704082125419305,0.026635746874472503,-0.0122476162054125,-0.005609764774384199,0.017717236039823163,-0.0012513407293192336,6.853140111933041e-06,0.021088948046377332,-0.018516809955389228,0.06070094803544166,-0.061345398122916665,0.2286141672406833,0.0,0.03785853048906499,0.015808790461178997,-0.0016203893232780832,-0.0019428205221924553,0.004119880048332684,0.011339620286659413,-0.008105648716350769,-0.005296365482539648,-0.0002424898973851682,0.0032174725047544503,0.0006027733789726497,-0.0008636869232073169,0.023808606024770675,0.004516443726458528,0.04167638217998666,0.027679688375522003,0.03785853048906499,-0.015808790461178997,0.079585278988825,0.0,0.037468801117859996,0.005642302967456232,0.01789561522192183,-0.014730081334458531,0.07152680520053165,0.027200598411357333,-0.001163370817219317,0.0005068101435773668,0.0008576389511019835,-1.369419724398498e-05,0.0007716700756279666,0.0021732421599551023,-0.019874684315397895,0.0184374978340335,-0.0016203893232780832,0.0019428205221924553,0.037468801117859996,-0.005642302967456232,-0.0909032567640083,0.0,-0.09008586927446664,0.0013066229556445079,0.00969127412363935,-0.005818372934273682,0.004601086452716918,-0.003989231795527485,8.505591823410021e-05,-0.001102670220687467,0.007276590285673437,0.0001065222390926503,0.005976499187700283,-0.019704082125419305,0.004119880048332684,-0.011339620286659413,0.01789561522192183,0.014730081334458531,-0.09008586927446664,-0.0013066229556445079,0.023939338837682716,0.0,-0.013541877103438332,0.03493024615614167,0.0014515879196652334,0.011772071575778002,0.0010623952185329006,0.0009087610283398047,0.0025517969096236336,0.007807789575695,0.026635746874472503,0.0122476162054125,-0.008105648716350769,0.005296365482539648,0.07152680520053165,-0.027200598411357333,0.00969127412363935,0.005818372934273682,-0.013541877103438332,-0.03493024615614167,-0.02846750162570366,0.0,-0.005682814335898867,0.00874147962878017,-0.00109329981456146,-0.0004089463452581498,-0.02042059423368716,0.030913868098926666,-0.005609764774384199,-0.017717236039823163,-0.0002424898973851682,-0.0032174725047544503,-0.001163370817219317,-0.0005068101435773668,0.004601086452716918,0.003989231795527485,0.0014515879196652334,-0.011772071575778002,-0.005682814335898867,-0.00874147962878017,0.018167494209940568,0.0,0.9997750341888002
0.234,0.0015972217149196831,0.0,-0.0008238045779473349,0.0011181429739812493,-0.00042093142124914986,0.001233584053049804,0.0008500321326901331,-0.0009280528191928965,-0.0010353059495017284,-0.00016576799356661666,-0.000600215807702467,0.000578052012890439,-0.000845980710673888,-0.0007080238360096666,-8.319192351729992e-05,0.0013895858887820666,0.0005389905643599334,-0.0010395423506351165,-0.0008238045779473349,-0.0011181429739812493,0.1698850218163167,0.0,0.20336769253715,-0.0159601846080833,0.02078000040465533,0.019368088635704807,0.024197834120891968,-0.004287815540436289,0.001017564402729607,-0.002530799903889,0.007041658347041887,0.00019611479348606657,0.002557839555962183,-0.007581075303163815,-0.0205023025519885,-0.03052258515519349,-0.00042093142124914986,-0.001233584053049804,0.20336769253715,0.0159601846080833,0.5969965132915667,0.0,0.06064035272506334,0.06100422482566333,0.041353764526516665,-0.02756252575576651,-0.019698381028513314,-0.01862769274308317,0.0056863459519552175,0.020071985904558186,0.026073381833604355,-0.01192779235928648,-0.006109734433325816,0.01846107044595393,0.0008500321326901331,0.0009280528191928965,0.02078000040465533,-0.019368088635704807,0.06064035272506334,-0.06100422482566333,0.22974572896341663,0.0,0.03802515388818999,0.015912281756756946,-0.001532349746704387,-0.0020183611446024335,0.004120241252045316,0.011324657512668668,-0.008088950508666001,-0.0051192004180775,-0.0003056225572915499,0.003391047149993366,-0.0010353059495017284,0.00016576799356661666,0.024197834120891968,0.004287815540436289,0.041353764526516665,0.02756252575576651,0.03802515388818999,-0.015912281756756946,0.07986785520654503,0.0,0.03778316254771667,0.005577398245478966,0.017907209689396165,-0.014608643699985298,0.07165460250099169,0.027127195587578336,-0.00127289671342965,0.0004594409984809168,-0.000600215807702467,-0.000578052012890439,0.001017564402729607,0.002530799903889,-0.019698381028513314,0.01862769274308317,-0.001532349746704387,0.0020183611446024335,0.03778316254771667,-0.005577398245478966,-0.09111302112634664,0.0,-0.09018020374753166,0.0014621643570204388,0.009895118173629869,-0.005907390766937252,0.004529262252677321,-0.003945564797878335,-0.000845980710673888,0.0007080238360096666,0.007041658347041887,-0.00019611479348606657,0.0056863459519552175,-0.020071985904558186,0.004120241252045316,-0.011324657512668668,0.017907209689396165,0.014608643699985298,-0.09018020374753166,-0.0014621643570204388,0.0237530508047091,0.0,-0.013733632456490001,0.03487868451802665,0.0015082859305838232,0.011729498096511666,-8.319192351729992e-05,-0.0013895858887820666,0.002557839555962183,0.007581075303163815,0.026073381833604355,0.01192779235928648,-0.008088950508666001,0.0051192004180775,0.07165460250099169,-0.027127195587578336,0.009895118173629869,0.005907390766937252,-0.013733632456490001,-0.03487868451802665,-0.02865948645146533,0.0,-0.0057376936480180215,0.008620960449099189,0.0005389905643599334,0.0010395423506351165,-0.0205023025519885,0.03052258515519349,-0.006109734433325816,-0.01846107044595393,-0.0003056225572915499,-0.003391047149993366,-0.00127289671342965,-0.0004594409984809168,0.004529262252677321,0.003945564797878335,0.0015082859305838232,-0.011729498096511666,-0.0057376936480180215,-0.008620960449099189,0.017701966403604233,0.0,0.9997748506236334
0.23499999999999982,0.0015970381661506328,0.0,-0.0002657205361855585,-0.0013748357008325496,-0.0006521281393169168,-0.0011212148425267718,0.0001332363443482001,0.0012367913955041332,0.0008263147244590498,-0.0006280972334551833,1.1604757362449923e-05,-0.0008206484432808829,0.00111621896584845,-0.00010324481657681687,-0.000938518045748833,-0.0010175016505045566,0.00030395847014330835,0.00111593391652976,-0.0002657205361855585,0.0013748357008325496,0.16973303728420003,0.0,0.2044416352806833,-0.011686105377030187,0.020527365486140998,0.020235284873719166,0.024573470409849935,-0.0040568868887389834,0.001274241401899916,-0.002885276992089834,0.006832296870435806,0.0005114784675076617,0.002594094546738333,-0.007335193652857968,-0.02063685372671367,-0.030117231146687504,-0.0006521281393169168,0.0011212148425267718,0.2044416352806833,0.011686105377030187,0.5967837015417164,0.0,0.06053726231680834,0.06068537123692166,0.04102289506517001,-0.027443884024195342,-0.019540231002572125,-0.018829362970650004,0.005392767102836167,0.0203709161602159,0.02552231859758016,-0.011643499842781336,-0.006639819105590549,0.019195264329432533,0.0001332363443482001,-0.0012367913955041332,0.020527365486140998,-0.020235284873719166,0.06053726231680834,-0.06068537123692166,0.23087682367253332,0.0,0.038223731734933326,0.015994983957114503,-0.0014312598123834316,-0.00206734776496075,0.004114641446489568,0.011319767624805915,-0.008115982444299352,-0.004976985514919777,-0.00035289987544904995,0.003601195923225767,0.0008263147244590498,0.0006280972334551833,0.024573470409849935,0.0040568868887389834,0.04102289506517001,0.027443884024195342,0.038223731734933326,-0.015994983957114503,0.08014576113863832,0.0,0.038116119410931674,0.005522941936225766,0.017900026345016147,-0.014477065927966415,0.07181602335585661,0.027049974628302664,-0.0013437110477492002,0.00040911189053128145,1.1604757362449923e-05,0.0008206484432808829,0.001274241401899916,0.002885276992089834,-0.019540231002572125,0.018829362970650004,-0.0014312598123834316,0.00206734776496075,0.038116119410931674,-0.005522941936225766,-0.09132772199470666,0.0,-0.09028643760980004,0.0016107894897104506,0.010099852249820416,-0.00600444749508847,0.00444169623124186,-0.003918077731768,0.00111621896584845,0.00010324481657681687,0.006832296870435806,-0.0005114784675076617,0.005392767102836167,-0.0203709161602159,0.004114641446489568,-0.011319767624805915,0.017900026345016147,0.014477065927966415,-0.09028643760980004,-0.0016107894897104506,0.023571547200556528,0.0,-0.013906739182650667,0.03483941513804166,0.00157556964024055,0.011718985029579736,-0.000938518045748833,0.0010175016505045566,0.002594094546738333,0.007335193652857968,0.02552231859758016,0.011643499842781336,-0.008115982444299352,0.004976985514919777,0.07181602335585661,-0.027049974628302664,0.010099852249820416,0.00600444749508847,-0.013906739182650667,-0.03483941513804166,-0.02885062219370167,0.0,-0.005794085000025531,0.00848550335464842,0.00030395847014330835,-0.00111593391652976,-0.02063685372671367,0.030117231146687504,-0.006639819105590549,-0.019195264329432533,-0.00035289987544904995,-0.003601195923225767,-0.0013437110477492002,-0.00040911189053128145,0.00444169623124186,0.003918077731768,0.00157556964024055,-0.011718985029579736,-0.005794085000025531,-0.00848550335464842,0.01724510225130065,0.0,0.9997746670670004
0.23600000000000018,0.0015968546265642002,0.0,0.0012119127870117816,0.0007561158816216998,0.0012879302441593508,0.00023742813680881664,-0.0010117822419829115,-0.0006739775464678302,-0.00010738538692777327,0.0010270840690507666,0.0005780577421554501,0.0005704550317571932,-0.0007470570157269168,0.0008806545237414499,0.0013755295747043337,3.2713777540416584e-05,-0.0009783631952144998,-0.0005942383509160846,0.0012119127870117816,-0.0007561158816216998,0.16973426155358334,0.0,0.20557667130669993,-0.007446157533463217,0.020303829474465497,0.021111685847712006,0.02494895504157493,-0.0038351618194245435,0.0015186017574282005,-0.003252230290777917,0.006636574713768316,0.000814365278362395,0.0026470756345570337,-0.00710015707796561,-0.020808699918794343,-0.02971759447253801,0.0012879302441593508,-0.00023742813680881664,0.20557667130669993,0.007446157533463217,0.5964132212417332,0.0,0.06039464330509499,0.06041300893081501,0.04067297318730166,-0.027308866794638162,-0.0193911082529285,-0.0190354627761255,0.005092803993874167,0.020604372283525095,0.024997092587878,-0.0113670192960805,-0.007226971003768046,0.019934109825993817,-0.0010117822419829115,0.0006739775464678302,0.020303829474465497,-0.021111685847712006,0.06039464330509499,-0.06041300893081501,0.23200780262758325,0.0,0.03842922645900333,0.01608147484975888,-0.0013336036621711663,-0.002117848912032516,0.004114030551821149,0.011319094746963482,-0.008124107751616517,-0.004815518158942744,-0.00040744730755630314,0.0038250914093036154,-0.00010738538692777327,-0.0010270840690507666,0.02494895504157493,0.0038351618194245435,0.04067297318730166,0.027308866794638162,0.03842922645900333,-0.01608147484975888,0.08041944426847333,0.0,0.038485984187615015,0.005491849203488434,0.017891971079171825,-0.014352431890611386,0.07198232603396,0.02696497609536484,-0.0014118226377671996,0.0003659302859215767,0.0005780577421554501,-0.0005704550317571932,0.0015186017574282005,0.003252230290777917,-0.0193911082529285,0.0190354627761255,-0.0013336036621711663,0.002117848912032516,0.038485984187615015,-0.005491849203488434,-0.09154745655546832,0.0,-0.09038394843617333,0.0017499615501588661,0.010277546672590919,-0.006085745671705451,0.004362377186037437,-0.0039013208516834987,-0.0007470570157269168,-0.0008806545237414499,0.006636574713768316,-0.000814365278362395,0.005092803993874167,-0.020604372283525095,0.004114030551821149,-0.011319094746963482,0.017891971079171825,0.014352431890611386,-0.09038394843617333,-0.0017499615501588661,0.023394211466913804,0.0,-0.014073852654206498,0.034788638494698314,0.001674203866229075,0.011691955235636332,0.0013755295747043337,-3.2713777540416584e-05,0.0026470756345570337,0.00710015707796561,0.024997092587878,0.0113670192960805,-0.008124107751616517,0.004815518158942744,0.07198232603396,-0.02696497609536484,0.010277546672590919,0.006085745671705451,-0.014073852654206498,-0.034788638494698314,-0.029040821482595333,0.0,-0.005850893012111598,0.008365043057123035,-0.0009783631952144998,0.0005942383509160846,-0.020808699918794343,0.02971759447253801,-0.007226971003768046,-0.019934109825993817,-0.00040744730755630314,-0.0038250914093036154,-0.0014118226377671996,-0.0003659302859215767,0.004362377186037437,0.0039013208516834987,0.001674203866229075,-0.011691955235636332,-0.005850893012111598,-0.008365043057123035,0.01679696577266233,0.0,0.9997744835191668
0.23700000000000007,0.0015966710812606326,0.0,-0.001423468280011578,0.00036152251948993346,-0.0010300338140924999,0.0008161791075608836,0.0011544596665512663,-0.00033256549669141304,-0.0006786110058370334,-0.0007813831162093664,-0.0007953167384302515,2.543911790389685e-05,-8.165061612690333e-05,-0.0011791656844596118,-0.0009754485251287791,0.0009521436045972667,0.0011245171993352668,-0.0002452762095429847,-0.001423468280011578,-0.00036152251948993346,0.1698874144672666,0.0,0.20679074277316678,-0.003257917097468198,0.020085505350894338,0.021981001688669833,0.025341214969386117,-0.0036139250052183813,0.0017461434569103012,-0.003633058289702733,0.006407451815791478,0.0010992284972286999,0.002666084346485065,-0.006916808655668715,-0.020985193073993665,-0.029358410142466165,-0.0010300338140924999,-0.0008161791075608836,0.20679074277316678,0.003257917097468198,0.5958862605788668,0.0,0.06022134338221665,0.06014665366433167,0.040314574715201654,-0.027148573401096655,-0.019224809384072002,-0.019208434446961832,0.0047600362601440014,0.020818384745491993,0.024453089626424666,-0.011064124434575167,-0.007816522770885428,0.02066338638283715,0.0011544596665512663,0.00033256549669141304,0.020085505350894338,-0.021981001688669833,0.06022134338221665,-0.06014665366433167,0.23313923480000004,0.0,0.03863356622691834,0.016191161103464063,-0.0012295929703048218,-0.002170734236568967,0.004109428360257718,0.011301636318045047,-0.008088998842175486,-0.004589352786352502,-0.00048560441874394815,0.004042027658308767,-0.0006786110058370334,0.0007813831162093664,0.025341214969386117,0.0036139250052183813,0.040314574715201654,0.027148573401096655,0.03863356622691834,-0.016191161103464063,0.08068934171820669,0.0,0.038872297680349985,0.005495859670339933,0.017891309867940717,-0.014245016906555183,0.07213530734730499,0.026894386154502497,-0.0015059725566428717,0.0003238325561570249,-0.0007953167384302515,-2.543911790389685e-05,0.0017461434569103012,0.003633058289702733,-0.019224809384072002,0.019208434446961832,-0.0012295929703048218,0.002170734236568967,0.038872297680349985,-0.005495859670339933,-0.09177261537893999,0.0,-0.0904688791811967,0.0018781322720099504,0.010443316241430788,-0.006157623889701253,0.004311028085349834,-0.003869555923551,-8.165061612690333e-05,0.0011791656844596118,0.006407451815791478,-0.0010992284972286999,0.0047600362601440014,-0.020818384745491993,0.004109428360257718,-0.011301636318045047,0.017891309867940717,0.014245016906555183,-0.0904688791811967,-0.0018781322720099504,0.023220731164406778,0.0,-0.014247174953573546,0.034734674356915005,0.0017721219240103782,0.011628104950104015,-0.0009754485251287791,-0.0009521436045972667,0.002666084346485065,0.006916808655668715,0.024453089626424666,0.011064124434575167,-0.008088998842175486,0.004589352786352502,0.07213530734730499,-0.026894386154502497,0.010443316241430788,0.006157623889701253,-0.014247174953573546,-0.034734674356915005,-0.029230001496694493,0.0,-0.0059211907212549,0.00824669068468966,0.0011245171993352668,0.0002452762095429847,-0.020985193073993665,0.029358410142466165,-0.007816522770885428,-0.02066338638283715,-0.00048560441874394815,-0.004042027658308767,-0.0015059725566428717,-0.0003238325561570249,0.004311028085349834,0.003869555923551,0.0017721219240103782,-0.011628104950104015,-0.0059211907212549,-0.00824669068468966,0.01635726303187267,0.0,0.9997742999665664
0.23799999999999966,0.0015964875188102003,0.0,0.0007445653274812535,-0.0012944404136072199,8.699018550273332e-05,-0.00129418894389325,-0.0005299929992036333,0.0010734281363937665,0.0010372821001136117,4.1728488406433255e-05,0.0005233725923009834,-0.0005757450182543502,0.0008987440025075652,0.0007907901309342335,1.1501063309099125e-06,-0.0013441294906986006,-0.0006564403656255431,0.0009551371454757966,0.0007445653274812535,0.0012944404136072199,0.17019026692556669,0.0,0.20806333914383332,0.0008408201957217663,0.01988212255238151,0.0228287855273275,0.025739440603168864,-0.0033780409308843407,0.0019799393069508996,-0.004018816126712565,0.006147691730613123,0.0013786996927675002,0.0026454088268058856,-0.006763365482234716,-0.021164392544295328,-0.029026247465480666,8.699018550273332e-05,0.00129418894389325,0.20806333914383332,-0.0008408201957217663,0.5952055826405167,0.0,0.06000922400953668,0.05985098798074498,0.039957087129280006,-0.026968033928165165,-0.019042848041744165,-0.019342568028349664,0.004389518123153082,0.021024731622030116,0.023846743984438177,-0.010756270373928565,-0.008348264470249785,0.021368640178975554,-0.0005299929992036333,-0.0010734281363937665,0.01988212255238151,-0.0228287855273275,0.06000922400953668,-0.05985098798074498,0.23427122830866673,0.0,0.038841808182428335,0.01631612880997152,-0.0011096997308514835,-0.0021995785979074503,0.004084533470345915,0.011271965885806685,-0.008064302055769187,-0.004339013422876707,-0.0005793936220836332,0.00425557626124815,0.0010372821001136117,-4.1728488406433255e-05,0.025739440603168864,0.0033780409308843407,0.039957087129280006,0.026968033928165165,0.038841808182428335,-0.01631612880997152,0.08095629540924333,0.0,0.03923524876669167,0.005524690624489185,0.017875320682774434,-0.014130769985827943,0.07228546665003334,0.0268481150881515,-0.0016006189045845417,0.0002818989201873783,0.0005233725923009834,0.0005757450182543502,0.0019799393069508996,0.004018816126712565,-0.019042848041744165,0.019342568028349664,-0.0011096997308514835,0.0021995785979074503,0.03923524876669167,-0.005524690624489185,-0.09200365809194003,0.0,-0.09054635291515836,0.001996131883880734,0.010622293117353236,-0.006242363469346036,0.0042679013645321165,-0.0038242077978790337,0.0008987440025075652,-0.0007907901309342335,0.006147691730613123,-0.0013786996927675002,0.004389518123153082,-0.021024731622030116,0.004084533470345915,-0.011271965885806685,0.017875320682774434,0.014130769985827943,-0.09054635291515836,-0.001996131883880734,0.023050699994962686,0.0,-0.01441808532620657,0.03469548882540667,0.0018277054941301498,0.011554726065009258,1.1501063309099125e-06,0.0013441294906986006,0.0026454088268058856,0.006763365482234716,0.023846743984438177,0.010756270373928565,-0.008064302055769187,0.004339013422876707,0.07228546665003334,-0.0268481150881515,0.010622293117353236,0.006242363469346036,-0.01441808532620657,-0.03469548882540667,-0.02941835548115549,0.0,-0.00599505974328837,0.008101828928520858,-0.0006564403656255431,-0.0009551371454757966,-0.021164392544295328,0.029026247465480666,-0.008348264470249785,-0.021368640178975554,-0.0005793936220836332,-0.00425557626124815,-0.0016006189045845417,-0.0002818989201873783,0.0042679013645321165,0.0038242077978790337,0.0018277054941301498,-0.011554726065009258,-0.00599505974328837,-0.008101828928520858,0.015925569171712332,0.0,0.9997741163963668
0.2390000000000003,0.0015963039543593837,0.0,0.00042357911644636307,0.0014326449524245998,0.0008869406166368495,0.0009267907498200667,-0.00041564043960001654,-0.0010970962395865829,-0.0007450581311916401,0.0007247390574004498,4.246324031959661e-05,0.0007741839242203808,-0.0012161447433156531,7.232230740055007e-05,0.0009509478047176981,0.0009211629867042785,-0.00017710231993131668,-0.0011350335138408673,0.00042357911644636307,-0.0014326449524245998,0.17063926901768336,0.0,0.20939171828861664,0.004836516676742867,0.019715893543560833,0.02366136061333633,0.026121300394341167,-0.003141851919586015,0.0022361932925821838,-0.0044032042769984485,0.005912968549138456,0.0016513321482840334,0.0026311814931147615,-0.006590162615587167,-0.021381237356231327,-0.02868225831783533,0.0008869406166368495,-0.0009267907498200667,0.20939171828861664,-0.004836516676742867,0.5943752019031167,0.0,0.05976145346845501,0.05956221757426499,0.0396045749766925,-0.026771474136324,-0.018872578041761002,-0.019485663605888496,0.004023176867560251,0.02119730850125893,0.023207175148812167,-0.010486195397328068,-0.008850445369911503,0.022053967956847737,-0.00041564043960001654,0.0010970962395865829,0.019715893543560833,-0.02366136061333633,0.05976145346845501,-0.05956221757426499,0.23540375082663337,0.0,0.039058623593905016,0.0164442132674411,-0.000984062723853217,-0.0022064980814402732,0.004041170580614218,0.011258701168826882,-0.008098871344165615,-0.004126342928167672,-0.0006751698701815832,0.0044740820900772155,-0.0007450581311916401,-0.0007247390574004498,0.026121300394341167,0.003141851919586015,0.0396045749766925,0.026771474136324,0.039058623593905016,-0.0164442132674411,0.08122110339451834,0.0,0.03956948709961667,0.005559935099150052,0.017828135697737224,-0.013984360595120609,0.07245633456142667,0.026810485121607497,-0.0016614923853168315,0.00025377953294513007,4.246324031959661e-05,-0.0007741839242203808,0.0022361932925821838,0.0044032042769984485,-0.018872578041761002,0.019485663605888496,-0.000984062723853217,0.0022064980814402732,0.03956948709961667,-0.005559935099150052,-0.09224069549700332,0.0,-0.09063045061863331,0.0021078142477879967,0.010806587917017864,-0.006340057770620316,0.0041999502840656495,-0.0037985302621567985,-0.0012161447433156531,-7.232230740055007e-05,0.005912968549138456,-0.0016513321482840334,0.004023176867560251,-0.02119730850125893,0.004041170580614218,-0.011258701168826882,0.017828135697737224,0.013984360595120609,-0.09063045061863331,-0.0021078142477879967,0.022883463745948004,0.0,-0.014579257197976392,0.03466597794616333,0.0018555313034058717,0.011503494956072167,0.0009509478047176981,-0.0009211629867042785,0.0026311814931147615,0.006590162615587167,0.023207175148812167,0.010486195397328068,-0.008098871344165615,0.004126342928167672,0.07245633456142667,-0.026810485121607497,0.010806587917017864,0.006340057770620316,-0.014579257197976392,-0.03466597794616333,-0.02960625407264332,0.0,-0.006044773753988849,0.007944032348875012,-0.00017710231993131668,0.0011350335138408673,-0.021381237356231327,0.02868225831783533,-0.008850445369911503,-0.022053967956847737,-0.0006751698701815832,-0.0044740820900772155,-0.0016614923853168315,-0.00025377953294513007,0.0041999502840656495,0.0037985302621567985,0.0018555313034058717,-0.011503494956072167,-0.006044773753988849,-0.007944032348875012,0.015501789551580832,0.0,0.9997739328242996
0.24000000000000019,0.001596120398782933,0.0,-0.0013339859121760686,-0.0006693816254219669,-0.0012991951104681999,5.68090152480149e-05,0.0010446471584575248,0.00039621128462219164,-1.5466509145795075e-05,-0.0010449323537378675,-0.0005915159922322734,-0.0005182358895394133,0.0008443992784426499,-0.0009245458566706004,-0.0013045402994660512,4.984823908104994e-05,0.0009012314701227176,0.0006833708870647668,-0.0013339859121760686,0.0006693816254219669,0.17123058430236665,0.0,0.2107754432096,0.008744986029890617,0.019582061863321922,0.02450288165279917,0.026481476810101167,-0.0029393430961667496,0.002499582505363731,-0.004786631322213066,0.0057234913543911655,0.0018984258032226735,0.0026442349055722336,-0.006408221820965101,-0.021652288277001504,-0.028321852284708997,-0.0012991951104681999,-5.68090152480149e-05,0.2107754432096,-0.008744986029890617,0.5933985455397501,0.0,0.059503622024575015,0.059327728721483335,0.03925324576542384,-0.02655143725807567,-0.018711920953909836,-0.019661946934661657,0.0036919026358601167,0.021331908882481664,0.02258902860798234,-0.010250312494620216,-0.009391801237619199,0.02272112316572701,0.0010446471584575248,-0.00039621128462219164,0.019582061863321922,-0.02450288165279917,0.059503622024575015,-0.059327728721483335,0.23653742687233342,0.0,0.0392747861207,0.016577003608584648,-0.0008607829755366495,-0.0022258288237130943,0.0039992225838434165,0.011274845153636501,-0.008169627585048677,-0.003931451932981962,-0.0007679687621194,0.004679459587092902,-1.5466509145795075e-05,0.0010449323537378675,0.026481476810101167,0.0029393430961667496,0.03925324576542384,0.02655143725807567,0.0392747861207,-0.016577003608584648,0.08148400752496666,0.0,0.03989820946692168,0.005598769089286934,0.017768889806015663,-0.0138200775463671,0.07263500131848333,0.026760547085437333,-0.00170630890365947,0.00024407215362131664,-0.0005915159922322734,0.0005182358895394133,0.002499582505363731,0.004786631322213066,-0.018711920953909836,0.019661946934661657,-0.0008607829755366495,0.0022258288237130943,0.03989820946692168,-0.005598769089286934,-0.0924837078724517,0.0,-0.09071554335775171,0.0022218385968479004,0.01096726261887408,-0.006428206456284502,0.004108066808613466,-0.0038034343670897007,0.0008443992784426499,0.0009245458566706004,0.0057234913543911655,-0.0018984258032226735,0.0036919026358601167,-0.021331908882481664,0.0039992225838434165,-0.011274845153636501,0.017768889806015663,0.0138200775463671,-0.09071554335775171,-0.0022218385968479004,0.022718661049802472,0.0,-0.014744445402542519,0.03462189420240832,0.0019076260678311068,0.01146511407925916,-0.0013045402994660512,-4.984823908104994e-05,0.0026442349055722336,0.006408221820965101,0.02258902860798234,0.010250312494620216,-0.008169627585048677,0.003931451932981962,0.07263500131848333,-0.026760547085437333,0.01096726261887408,0.006428206456284502,-0.014744445402542519,-0.03462189420240832,-0.02979385074271217,0.0,-0.0060639752248507536,0.007809625028236401,0.0009012314701227176,-0.0006833708870647668,-0.021652288277001504,0.028321852284708997,-0.009391801237619199,-0.02272112316572701,-0.0007679687621194,-0.004679459587092902,-0.00170630890365947,-0.00024407215362131664,0.004108066808613466,0.0038034343670897007,0.0019076260678311068,-0.01146511407925916,-0.0060639752248507536,-0.007809625028236401,0.015085962188035826,0.0,0.9997737492610667
0.24099999999999977,0.0015959368488068333,0.0,0.0014130559108376998,-0.0005146605315895764,0.0008204125523436664,-0.001060950012113533,-0.0009252537463139168,0.0005093992920895501,0.0007845752792010162,0.0007134885211971331,0.0007886035585019317,-6.607020416887488e-05,3.1902849246483094e-05,0.0012778525763506201,0.0008518660280414554,-0.0009604158427649318,-0.0011223298575733336,0.00013193272935080176,0.0014130559108376998,0.0005146605315895764,0.17196083129356662,0.0,0.2121911561393666,0.012572668434582933,0.019460127287276006,0.025370600606251847,0.0268381327069815,-0.002781782713771,0.0027507745356693514,-0.0051672128016084515,0.005535745953141819,0.002117233809833817,0.0026508897111846164,-0.006277278105160316,-0.021945185519834327,-0.027977485138227166,0.0008204125523436664,0.001060950012113533,0.2121911561393666,-0.012572668434582933,0.5922781544010667,0.0,0.059248082154663345,0.05912743344025002,0.03890507919169665,-0.026309328049198506,-0.01852406805452184,-0.019830353051439164,0.0033682728720182834,0.021469948298635678,0.02199858700688907,-0.010006552511947812,-0.009967505057963132,0.023366735859667174,-0.0009252537463139168,-0.0005093992920895501,0.019460127287276006,-0.025370600606251847,0.059248082154663345,-0.05912743344025002,0.23767306160205,0.0,0.03947911048518498,0.01671605590551844,-0.0007304818440950986,-0.002266576466856911,0.003971218898626979,0.01130161880655791,-0.008231705750867483,-0.0036886669215083685,-0.0008552832570861667,0.004849794483157741,0.0007845752792010162,-0.0007134885211971331,0.0268381327069815,0.002781782713771,0.03890507919169665,0.026309328049198506,0.03947911048518498,-0.01671605590551844,0.08174483829787668,0.0,0.040225527207721656,0.0056483463168425264,0.01772757045558575,-0.013673967433914108,0.07277887692913,0.026697173829819,-0.0017762962801220834,0.00023670469335303332,0.0007886035585019317,6.607020416887488e-05,0.0027507745356693514,0.0051672128016084515,-0.01852406805452184,0.019830353051439164,-0.0007304818440950986,0.002266576466856911,0.040225527207721656,-0.0056483463168425264,-0.09273299757153,0.0,-0.09078675258992167,0.0023437420918990997,0.01110253541519902,-0.006499685263637798,0.004024685142306251,-0.0038070176960401324,3.1902849246483094e-05,-0.0012778525763506201,0.005535745953141819,-0.002117233809833817,0.0033682728720182834,-0.021469948298635678,0.003971218898626979,-0.01130161880655791,0.01772757045558575,0.013673967433914108,-0.09078675258992167,-0.0023437420918990997,0.02255671059057191,0.0,-0.014933254098142399,0.03455498854672499,0.0019932697869148317,0.011410559474919417,0.0008518660280414554,0.0009604158427649318,0.0026508897111846164,0.006277278105160316,0.02199858700688907,0.010006552511947812,-0.008231705750867483,0.0036886669215083685,0.07277887692913,-0.026697173829819,0.01110253541519902,0.006499685263637798,-0.014933254098142399,-0.03455498854672499,-0.02998087218028684,0.0,-0.0060722889016378,0.007692681029753706,-0.0011223298575733336,-0.00013193272935080176,-0.021945185519834327,0.027977485138227166,-0.009967505057963132,-0.023366735859667174,-0.0008552832570861667,-0.004849794483157741,-0.0017762962801220834,-0.00023670469335303332,0.004024685142306251,0.0038070176960401324,0.0019932697869148317,-0.011410559474919417,-0.0060722889016378,-0.007692681029753706,0.014677902421238878,0.0,0.9997735657027
0.24200000000000035,0.001595753289139717,0.0,-0.0006054424225762166,0.0013864364316691802,0.0002819270453937629,0.0013432912879659835,0.00021971016550565003,-0.000992948991453663,-0.0010758325095064833,8.722465483184655e-05,-0.0004943493067168666,0.0006034742329206501,-0.0009146482980776336,-0.0008950141056094835,9.84293162629001e-05,0.0012518765642831652,0.0007408425239722403,-0.0008743955283409666,-0.0006054424225762166,-0.0013864364316691802,0.17282665286425003,0.0,0.2136218341347334,0.016300393941249748,0.019357405040170386,0.02625918506864866,0.027205973279215,-0.0026472324920263504,0.003000116639580817,-0.005531207837385125,0.005313458913718515,0.0023316067463815798,0.0026243998332919323,-0.006216244593863257,-0.02223585706884234,-0.027666560569509002,0.0002819270453937629,-0.0013432912879659835,0.2136218341347334,-0.016300393941249748,0.5910171081662167,0.0,0.05897537638194333,0.058905835161698346,0.03857155525333949,-0.026072973628311007,-0.018283580281335827,-0.01995641933257884,0.0030123261270206835,0.021641670716189214,0.02140633149744203,-0.009754313013064014,-0.01051381998152583,0.023995445414190332,0.00021971016550565003,0.000992948991453663,0.019357405040170386,-0.02625918506864866,0.05897537638194333,-0.058905835161698346,0.2388107540260167,0.0,0.03968083371269502,0.016852766400364184,-0.0005880618720018082,-0.002294360488343113,0.0039437168878035484,0.01131451063617903,-0.008292322466529237,-0.003410281508682418,-0.0009356369069133171,0.005004354838081087,-0.0010758325095064833,-8.722465483184655e-05,0.027205973279215,0.0026472324920263504,0.03857155525333949,0.026072973628311007,0.03968083371269502,-0.016852766400364184,0.08200355421385333,0.0,0.040530805191519984,0.005700969686953476,0.017702452641279884,-0.013555653397848554,0.07287904914709335,0.02663663945404868,-0.001864981315393,0.00022307823720718337,-0.0004943493067168666,-0.0006034742329206501,0.003000116639580817,0.005531207837385125,-0.018283580281335827,0.01995641933257884,-0.0005880618720018082,0.002294360488343113,0.040530805191519984,-0.005700969686953476,-0.09298903285935665,0.0,-0.0908568005246733,0.002473979345108931,0.011243528774105971,-0.006577011900329383,0.003959853014800783,-0.0037872086682071327,-0.0009146482980776336,0.0008950141056094835,0.005313458913718515,-0.0023316067463815798,0.0030123261270206835,-0.021641670716189214,0.0039437168878035484,-0.01131451063617903,0.017702452641279884,0.013555653397848554,-0.0908568005246733,-0.002473979345108931,0.02239835664471231,0.0,-0.015146864105078163,0.034485974026006685,0.002067697120807908,0.011343051347478768,9.84293162629001e-05,-0.0012518765642831652,0.0026243998332919323,0.006216244593863257,0.02140633149744203,0.009754313013064014,-0.008292322466529237,0.003410281508682418,0.07287904914709335,-0.02663663945404868,0.011243528774105971,0.006577011900329383,-0.015146864105078163,-0.034485974026006685,-0.030166993737464492,0.0,-0.006078453109990266,0.007557520686974332,0.0007408425239722403,0.0008743955283409666,-0.02223585706884234,0.027666560569509002,-0.01051381998152583,-0.023995445414190332,-0.0009356369069133171,-0.005004354838081087,-0.001864981315393,-0.00022307823720718337,0.003959853014800783,0.0037872086682071327,0.002067697120807908,-0.011343051347478768,-0.006078453109990266,-0.007557520686974332,0.014277229528707415,0.0,0.9997733821357001
0.24300000000000022,0.001595569725162183,0.0,-0.0005983844132648119,-0.001381445425275328,-0.0012152199198505,-0.0006794663771116333,0.0005743228985662833,0.0008092101353239167,0.000677676296993015,-0.0008530057957067834,-8.396953241468326e-05,-0.0007591182807479335,0.0012729110494317682,-9.017751096816364e-06,-0.0009544801905125996,-0.0007806943080730253,4.797077052057343e-05,0.0011552068818737498,-0.0005983844132648119,0.001381445425275328,0.1738240322011667,0.0,0.21502984354779997,0.01991069392734984,0.019306279095602098,0.027147356230100835,0.027572639605487496,-0.0025202552635284915,0.003277546478250451,-0.0058645237967696025,0.005077591440697724,0.002556207051018694,0.002594179023202467,-0.0061771286180026495,-0.022544622838576663,-0.02736752980061383,-0.0012152199198505,0.0006794663771116333,0.21502984354779997,-0.01991069392734984,0.5896198724062499,0.0,0.058657361381230004,0.058651534247475004,0.038247605298899506,-0.025859678270665657,-0.017997134224443,-0.02006134100357083,0.0026304877484739165,0.0218186629519395,0.02081055119900927,-0.009535195616076688,-0.011016165006030225,0.02460357432536699,0.0005743228985662833,-0.0008092101353239167,0.019306279095602098,-0.027147356230100835,0.058657361381230004,-0.058651534247475004,0.2399499505064167,0.0,0.03989775365736001,0.016982268977810435,-0.0004447362491669814,-0.0022837420983766337,0.0038959038898629342,0.011313628101474422,-0.008385503834886149,-0.0031815761381376504,-0.0010219499903413997,0.0051800136886401334,0.000677676296993015,0.0008530057957067834,0.027572639605487496,0.0025202552635284915,0.038247605298899506,0.025859678270665657,0.03989775365736001,-0.016982268977810435,0.08226012727374164,0.0,0.04080255322180501,0.005740037825551151,0.017662929364272665,-0.013443026206809079,0.07296097999239166,0.026578574169726997,-0.0019301534365710328,0.00021774304070309994,-8.396953241468326e-05,0.0007591182807479335,0.003277546478250451,0.0058645237967696025,-0.017997134224443,0.02006134100357083,-0.0004447362491669814,0.0022837420983766337,0.04080255322180501,-0.005740037825551151,-0.09325187982825502,0.0,-0.09093507666367667,0.002608549378048701,0.011404943191607763,-0.0066787818912108,0.0038856406022063513,-0.0037696346270969664,0.0012729110494317682,9.017751096816364e-06,0.005077591440697724,-0.002556207051018694,0.0026304877484739165,-0.0218186629519395,0.0038959038898629342,-0.011313628101474422,0.017662929364272665,0.013443026206809079,-0.09093507666367667,-0.002608549378048701,0.022244032278499772,0.0,-0.015367712719092496,0.03442476257320334,0.002102251608108355,0.011296988952814417,-0.0009544801905125996,0.0007806943080730253,0.002594179023202467,0.0061771286180026495,0.02081055119900927,0.009535195616076688,-0.008385503834886149,0.0031815761381376504,0.07296097999239166,-0.026578574169726997,0.011404943191607763,0.0066787818912108,-0.015367712719092496,-0.03442476257320334,-0.030352168485966002,0.0,-0.006070631505961068,0.007404731659330851,4.797077052057343e-05,-0.0011552068818737498,-0.022544622838576663,0.02736752980061383,-0.011016165006030225,-0.02460357432536699,-0.0010219499903413997,-0.0051800136886401334,-0.0019301534365710328,-0.00021774304070309994,0.0038856406022063513,0.0037696346270969664,0.002102251608108355,-0.011296988952814417,-0.006070631505961068,-0.007404731659330851,0.01388366248729432,0.0,0.9997731985645832
0.2439999999999998,0.0015953861735357325,0.0,0.0014223922442700486,0.0004793411423685332,0.0013481360252363334,-0.00047944939472815973,-0.0009607279580438351,-8.574296899631336e-05,0.00016656859625541656,0.0010774248519808086,0.0005952427410400332,0.00046018679798774,-0.0009040187836048334,0.0009121671141021748,0.0012177882013883338,-0.00015765333798976658,-0.0008229955632150498,-0.0008052838044233668,0.0014223922442700486,-0.0004793411423685332,0.17494868442149994,0.0,0.21643101700634995,0.023410630138742897,0.01932935636819684,0.02803107129411717,0.02792366310593417,-0.0024161279336760016,0.0035833718872500006,-0.0061752415445259995,0.0048616423828288504,0.002776786824521578,0.002601212512639467,-0.0061255975828222505,-0.022902140833198838,-0.02706874877315018,0.0013481360252363334,0.00047944939472815973,0.21643101700634995,-0.023410630138742897,0.5880911173986667,0.0,0.05831597858733502,0.05841455373725667,0.03792260783438399,-0.02566251165161283,-0.017688946140687493,-0.020181475844653015,0.0022565391518575987,0.021959562877270335,0.020248397519831797,-0.009361624409788764,-0.011541824385925731,0.0251833457343955,-0.0009607279580438351,8.574296899631336e-05,0.01932935636819684,-0.02803107129411717,0.05831597858733502,-0.05841455373725667,0.24109063293929994,0.0,0.04013685478432167,0.017119948970238063,-0.00031253334769925007,-0.0022499858086157966,0.0038356847621967825,0.011317559772644455,-0.008511580734141128,-0.0030294914493071024,-0.0011278517227501664,0.005380085279084016,0.00016656859625541656,-0.0010774248519808086,0.02792366310593417,0.0024161279336760016,0.03792260783438399,0.02566251165161283,0.04013685478432167,-0.017119948970238063,0.08251417425266334,0.0,0.041073029001465006,0.0057751917044328175,0.017606944872423,-0.013336400053005558,0.073059961335865,0.02651143773046317,-0.0019669351675913353,0.00023135799125239496,0.0005952427410400332,-0.00046018679798774,0.0035833718872500006,0.0061752415445259995,-0.017688946140687493,0.020181475844653015,-0.00031253334769925007,0.0022499858086157966,0.041073029001465006,-0.0057751917044328175,-0.09352125021495998,0.0,-0.09102592807373999,0.002741329387691216,0.011566530408431194,-0.0067932918445423335,0.0037869558680619832,-0.0037829771487650336,-0.0009040187836048334,-0.0009121671141021748,0.0048616423828288504,-0.002776786824521578,0.0022565391518575987,-0.021959562877270335,0.0038356847621967825,-0.011317559772644455,0.017606944872423,0.013336400053005558,-0.09102592807373999,-0.002741329387691216,0.022093768016193453,0.0,-0.015587540807051997,0.03436231018378666,0.002135379625152501,0.011287684707813139,0.0012177882013883338,0.00015765333798976658,0.002601212512639467,0.0061255975828222505,0.020248397519831797,0.009361624409788764,-0.008511580734141128,0.0030294914493071024,0.073059961335865,-0.02651143773046317,0.011566530408431194,0.0067932918445423335,-0.015587540807051997,-0.03436231018378666,-0.030536422356176998,0.0,-0.0060557257698983,0.007271184824257948,-0.0008229955632150498,0.0008052838044233668,-0.022902140833198838,0.02706874877315018,-0.011541824385925731,-0.0251833457343955,-0.0011278517227501664,-0.005380085279084016,-0.0019669351675913353,-0.00023135799125239496,0.0037869558680619832,0.0037829771487650336,0.002135379625152501,-0.011287684707813139,-0.0060557257698983,-0.007271184824257948,0.01349692437440052,0.0,0.9997730150051501
0.2449999999999997,0.0015952026355401999,0.0,-0.0013291784807153838,0.0007465078329286866,-0.0005511275094027115,0.0013939386763755339,0.0006469505082507633,-0.0006872578308890667,-0.0009103283685022169,-0.0006008222016433,-0.0007271018768900001,0.00012188085691946782,6.643895835424923e-06,-0.0013090810998582327,-0.0007240787658146498,0.0010008229245688067,0.001145649637176667,9.46106021116703e-06,-0.0013291784807153838,-0.0007465078329286866,0.17619664028396667,0.0,0.2178265157216667,0.026808700046137834,0.019411144129806192,0.028914142909000167,0.028265657516480504,-0.002349078041527533,0.0038822424502120497,-0.00648598858095334,0.004655003860830066,0.002976416815395032,0.002631851629156501,-0.006090551077398782,-0.02328082507709884,-0.026777819063933322,-0.0005511275094027115,-0.0013939386763755339,0.2178265157216667,-0.026808700046137834,0.5864346633873334,0.0,0.05797525906683165,0.05821772585638501,0.037592587050566006,-0.02546545671602367,-0.0173711148146995,-0.020295743271011902,0.00189050232446775,0.022063067470646947,0.019733154009406503,-0.009194294515348334,-0.012132460557705551,0.025735280456571332,0.0006469505082507633,0.0006872578308890667,0.019411144129806192,-0.028914142909000167,0.05797525906683165,-0.05821772585638501,0.24223365744384998,0.0,0.040372987925299995,0.017279184517940624,-0.00018837382043433316,-0.002213510044962467,0.0037856929908547843,0.011326795810660874,-0.00863198492706575,-0.002876349840889883,-0.0012440920824715671,0.005567766953521766,-0.0009103283685022169,0.0006008222016433,0.028265657516480504,0.002349078041527533,0.037592587050566006,0.02546545671602367,0.040372987925299995,-0.017279184517940624,0.08276522571561333,0.0,0.04136701314720167,0.005835947506733615,0.017560421809727833,-0.013261459991656304,0.07315680379381168,0.02643080085312982,-0.0020120402491431368,0.00025095223246358325,-0.0007271018768900001,-0.00012188085691946782,0.0038822424502120497,0.00648598858095334,-0.0173711148146995,0.020295743271011902,-0.00018837382043433316,0.002213510044962467,0.04136701314720167,-0.005835947506733615,-0.09379719891027331,0.0,-0.09110063921218839,0.0028669570029748017,0.011705969042553149,-0.0068971850392011026,0.003688364459169534,-0.003806550074136049,6.643895835424923e-06,0.0013090810998582327,0.004655003860830066,-0.002976416815395032,0.00189050232446775,-0.022063067470646947,0.0037856929908547843,-0.011326795810660874,0.017560421809727833,0.013261459991656304,-0.09110063921218839,-0.0028669570029748017,0.021947609475139664,0.0,-0.015807591712861006,0.03428030917923,0.002210671970333749,0.011282166906466363,-0.0007240787658146498,-0.0010008229245688067,0.002631851629156501,0.006090551077398782,0.019733154009406503,0.009194294515348334,-0.00863198492706575,0.002876349840889883,0.07315680379381168,-0.02643080085312982,0.011705969042553149,0.0068971850392011026,-0.015807591712861006,-0.03428030917923,-0.030719603486900653,0.0,-0.006054981872475778,0.0071604057888033,0.001145649637176667,-9.46106021116703e-06,-0.02328082507709884,0.026777819063933322,-0.012132460557705551,-0.025735280456571332,-0.0012440920824715671,-0.005567766953521766,-0.0020120402491431368,-0.00025095223246358325,0.003688364459169534,0.003806550074136049,0.002210671970333749,-0.011282166906466363,-0.006054981872475778,-0.0071604057888033,0.013116634914998333,0.0,0.9997728314592164
0.24600000000000033,0.001595019095872883,0.0,0.0003656084296068351,-0.0015210361794757005,-0.0007054258462153124,-0.0013968287815909997,0.00013200261375676315,0.0009425937846760337,0.00105733297173737,-0.0002752582818837184,0.0003736598530457502,-0.0006029061441655664,0.0009195262446284163,0.0009496148584213331,-0.00022400305737381668,-0.0012202837907921997,-0.0008346231992953503,0.0007856037375100836,0.0003656084296068351,0.0015210361794757005,0.17756389075735,0.0,0.21924449159491663,0.03009013336439983,0.019525814292929846,0.029787629303265326,0.028622594147641,-0.0023004595592800337,0.004153772710445352,-0.006804982836052252,0.0044268812878459326,0.0031646059295757996,0.002635391540767316,-0.006104320256577416,-0.023634266230854666,-0.026504034493087674,-0.0007054258462153124,0.0013968287815909997,0.21924449159491663,-0.03009013336439983,0.5846542074541333,0.0,0.057619994654364994,0.05802993994579833,0.03727844740418917,-0.025276314669656172,-0.017044758284873014,-0.0203629593928265,0.0014966117028139335,0.022163564654349655,0.019228975467112663,-0.009007195812928383,-0.012743422080411838,0.026289291406028144,0.00013200261375676315,-0.0009425937846760337,0.019525814292929846,-0.029787629303265326,0.057619994654364994,-0.05802993994579833,0.24337974102974996,0.0,0.040591863379986666,0.01745634692494993,-6.348596011259986e-05,-0.0021662353832677668,0.00374899285495472,0.011317562518987651,-0.008733321036344917,-0.002661314591760429,-0.0013552802299705167,0.005720534346306529,0.00105733297173737,0.0002752582818837184,0.028622594147641,0.0023004595592800337,0.03727844740418917,0.025276314669656172,0.040591863379986666,-0.01745634692494993,0.08301325321728667,0.0,0.04167380141093999,0.005932521984044149,0.017536542410420335,-0.013227423131507968,0.07323098076819999,0.026349704307870182,-0.0020831369267099624,0.00026400035200328846,0.0003736598530457502,0.0006029061441655664,0.004153772710445352,0.006804982836052252,-0.017044758284873014,0.0203629593928265,-6.348596011259986e-05,0.0021662353832677668,0.04167380141093999,-0.005932521984044149,-0.09408024467227334,0.0,-0.09116376765648505,0.002982464184922341,0.0118334910704036,-0.006996314944584787,0.0036168761663451666,-0.003800446481962715,0.0009195262446284163,-0.0009496148584213331,0.0044268812878459326,-0.0031646059295757996,0.0014966117028139335,-0.022163564654349655,0.00374899285495472,-0.011317562518987651,0.017536542410420335,0.013227423131507968,-0.09116376765648505,-0.002982464184922341,0.021805678835859522,0.0,-0.016023878148288595,0.03418950056752001,0.0023063599977541497,0.011246808156760537,-0.00022400305737381668,0.0012202837907921997,0.002635391540767316,0.006104320256577416,0.019228975467112663,0.009007195812928383,-0.008733321036344917,0.002661314591760429,0.07323098076819999,-0.026349704307870182,0.0118334910704036,0.006996314944584787,-0.016023878148288595,-0.03418950056752001,-0.030901502837296323,0.0,-0.0060672611460279,0.007032408236084133,-0.0008346231992953503,-0.0007856037375100836,-0.023634266230854666,0.026504034493087674,-0.012743422080411838,-0.026289291406028144,-0.0013552802299705167,-0.005720534346306529,-0.0020831369267099624,-0.00026400035200328846,0.0036168761663451666,0.003800446481962715,0.0023063599977541497,-0.011246808156760537,-0.0060672611460279,-0.007032408236084133,0.012742605031335456,0.0,0.9997726479118331
0.24699999999999991,0.0015948355421656333,0.0,0.0008803953300897797,0.0013265086198774281,0.0015408963850549494,0.0004329253142198997,-0.0008174113532388734,-0.0005351893632513734,-0.0005012320045428499,0.0009642088770379999,0.00020517494460043346,0.0006471602416141335,-0.001319128578177367,-2.3989155801649343e-05,0.001034554542956672,0.0006893266543909164,6.703950383869855e-05,-0.0011337691217850664,0.0008803953300897797,-0.0013265086198774281,0.17904559509258325,0.0,0.22067889230883328,0.033222564967713,0.01966436097001769,0.03061243299134483,0.028990627736868002,-0.0022439991404452505,0.004421990988204034,-0.007120122258091899,0.004181813497287411,0.0033561947437796445,0.00259618281411223,-0.006143014493449982,-0.023967504654485168,-0.026234876698474165,0.0015408963850549494,-0.0004329253142198997,0.22067889230883328,-0.033222564967713,0.5827547492246998,0.0,0.05720953647595665,0.05780941639733166,0.036976242824049994,-0.025103282327821833,-0.01670612518798283,-0.020384158043948098,0.001063038635102583,0.02226064036186162,0.018688470233675994,-0.008821721275194299,-0.013316945771336198,0.026861121653115456,-0.0008174113532388734,0.0005351893632513734,0.01966436097001769,-0.03061243299134483,0.05720953647595665,-0.05780941639733166,0.24452876009289995,0.0,0.040801097168000004,0.01763842340613607,5.519257247175377e-05,-0.002086776794788533,0.0037034876577661346,0.011277906661685258,-0.008832216487157136,-0.002438613565527087,-0.0014674726065663666,0.005851166383899706,-0.0005012320045428499,-0.0009642088770379999,0.028990627736868002,0.0022439991404452505,0.036976242824049994,0.025103282327821833,0.040801097168000004,-0.01763842340613607,0.08325852737172833,0.0,0.04195898362129833,0.006043739531361653,0.017505260058041663,-0.013200868479637851,0.07329247923625996,0.026270792046001842,-0.0021591242079242656,0.0002799582033297615,0.00020517494460043346,-0.0006471602416141335,0.004421990988204034,0.007120122258091899,-0.01670612518798283,0.020384158043948098,5.519257247175377e-05,0.002086776794788533,0.04195898362129833,-0.006043739531361653,-0.09437078659671333,0.0,-0.09123520839094836,0.0030900151072045497,0.011965626727788054,-0.007111090277264023,0.0035582868080359007,-0.0037694703468786677,-0.001319128578177367,2.3989155801649343e-05,0.004181813497287411,-0.0033561947437796445,0.001063038635102583,-0.02226064036186162,0.0037034876577661346,-0.011277906661685258,0.017505260058041663,0.013200868479637851,-0.09123520839094836,-0.0030900151072045497,0.021667839433314517,0.0,-0.016220197637213957,0.034107000366661665,0.002372151448304627,0.011189855718415355,0.001034554542956672,-0.0006893266543909164,0.00259618281411223,0.006143014493449982,0.018688470233675994,0.008821721275194299,-0.008832216487157136,0.002438613565527087,0.07329247923625996,-0.026270792046001842,0.011965626727788054,0.007111090277264023,-0.016220197637213957,-0.034107000366661665,-0.03108202166809049,0.0,-0.006063353396375186,0.006875970515975752,6.703950383869855e-05,0.0011337691217850664,-0.023967504654485168,0.026234876698474165,-0.013316945771336198,-0.026861121653115456,-0.0014674726065663666,-0.005851166383899706,-0.0021591242079242656,-0.0002799582033297615,0.0035582868080359007,0.0037694703468786677,0.002372151448304627,-0.011189855718415355,-0.006063353396375186,-0.006875970515975752,0.012374965858199352,0.0,0.9997724643509833
0.24799999999999978,0.0015946519884720838,0.0,-0.0015888407329998247,-0.00023855832396799993,-0.0013830354919789,0.0008470508590366001,0.0009545496923877336,-0.00026067613045450017,-0.00037479504807303316,-0.0010020742572947013,-0.0006067868791646003,-0.00026338244575644824,0.0009481491890612832,-0.0009273002510580331,-0.0012236092053360536,0.00027063467608736677,0.0007112299431337,0.0008372494471197666,-0.0015888407329998247,0.00023855832396799993,0.18063612225205003,0.0,0.22213419848695004,0.036203581538982316,0.01983161441328139,0.03136462334576984,0.02934356758561182,-0.0021873222939668272,0.004711056468679101,-0.007425481093663168,0.003957110829060567,0.003543733188953421,0.0025493915644265613,-0.0061643648109011824,-0.024333063350226943,-0.025957006062669333,-0.0013830354919789,-0.0008470508590366001,0.22213419848695004,-0.036203581538982316,0.5807424316944668,0.0,0.05675456964277335,0.05757710943749502,0.03665987725459584,-0.02493207499375834,-0.016359647454557834,-0.02040487700544304,0.0006343166239643165,0.02232074678142541,0.018111914742336647,-0.0086552523721991,-0.013873703643878932,0.027423291705365057,0.0009545496923877336,0.00026067613045450017,0.01983161441328139,-0.03136462334576984,0.05675456964277335,-0.05757710943749502,0.24568030616188333,0.0,0.04101904260380166,0.0178226972361985,0.0001533255726837666,-0.0019829320511918504,0.003636303059734037,0.011228006703390348,-0.008934511443107002,-0.0022871273078437326,-0.0015925540254051072,0.005977041713970605,-0.00037479504807303316,0.0010020742572947013,0.02934356758561182,0.0021873222939668272,0.03665987725459584,0.02493207499375834,0.04101904260380166,-0.0178226972361985,0.08350104729263667,0.0,0.04221422805931166,0.006153578043841649,0.017438398358934005,-0.013149628421341068,0.07337838204108,0.02618164935496799,-0.0022256875944762005,0.00030881818040624456,-0.0006067868791646003,0.00026338244575644824,0.004711056468679101,0.007425481093663168,-0.016359647454557834,0.02040487700544304,0.0001533255726837666,0.0019829320511918504,0.04221422805931166,-0.006153578043841649,-0.09466874286515001,0.0,-0.09132687511338836,0.003193712848250133,0.0120969004417548,-0.007237900677881482,0.003481270656465467,-0.0037581186916792473,0.0009481491890612832,0.0009273002510580331,0.003957110829060567,-0.003543733188953421,0.0006343166239643165,-0.02232074678142541,0.003636303059734037,-0.011228006703390348,0.017438398358934005,0.013149628421341068,-0.09132687511338836,-0.003193712848250133,0.02153366940390184,0.0,-0.01639083885818852,0.03403120187046667,0.002412672666280967,0.011146673170915762,-0.0012236092053360536,-0.00027063467608736677,0.0025493915644265613,0.0061643648109011824,0.018111914742336647,0.0086552523721991,-0.008934511443107002,0.0022871273078437326,0.07337838204108,-0.02618164935496799,0.0120969004417548,0.007237900677881482,-0.01639083885818852,-0.03403120187046667,-0.03126104990894183,0.0,-0.006032518738213193,0.006734766753954752,0.0007112299431337,-0.0008372494471197666,-0.024333063350226943,0.025957006062669333,-0.013873703643878932,-0.027423291705365057,-0.0015925540254051072,-0.005977041713970605,-0.0022256875944762005,-0.00030881818040624456,0.003481270656465467,0.0037581186916792473,0.002412672666280967,-0.011146673170915762,-0.006032518738213193,-0.006734766753954752,0.012013844770021808,0.0,0.9997722807898162
0.2490000000000002,0.0015944684445329167,0.0,0.001253306577901016,-0.0010403919577665318,0.00031289647932387156,-0.0016328319350625766,-0.00040562825412363663,0.0008888838266898834,0.00098124494852115,0.00038154189192457993,0.0005963408251185667,-0.00027807942820403324,-5.7133939337764126e-06,0.0013500361452023,0.0006523334441626699,-0.0010889765708372364,-0.0010402276427566002,-9.484270609746668e-05,0.001253306577901016,0.0010403919577665318,0.18233040834895,0.0,0.22361878170981664,0.039061318058681654,0.02002231681549933,0.03207433269509933,0.029671820812977496,-0.0021591679779880994,0.005004500465733299,-0.007729008961563798,0.0037666701836555168,0.0037091424383099035,0.0025140834098526165,-0.00617955330283885,-0.024748962922258595,-0.025680881002028,0.00031289647932387156,0.0016328319350625766,0.22361878170981664,-0.039061318058681654,0.5786224569524335,0.0,0.05631257618111999,0.05738188554014335,0.03632269958133817,-0.024739469803106505,-0.016013379724347552,-0.020443629102306002,0.0002483115950836333,0.022340560930836376,0.017529214102952984,-0.00848630982679485,-0.014471292675729032,0.02793093620640328,-0.00040562825412363663,-0.0008888838266898834,0.02002231681549933,-0.03207433269509933,0.05631257618111999,-0.05738188554014335,0.24683459544003333,0.0,0.041242281064055,0.018004147465824835,0.0002347957679094267,-0.0018893806656418801,0.0035638405269082163,0.011194424314070502,-0.009026654851154269,-0.002178761574840384,-0.0017112049039596003,0.006091996560179099,0.00098124494852115,-0.00038154189192457993,0.029671820812977496,0.0021591679779880994,0.03632269958133817,0.024739469803106505,0.041242281064055,-0.018004147465824835,0.08374064468293003,0.0,0.04245949727629333,0.006273019110135485,0.017350404535696494,-0.013084731404599807,0.07349278486995167,0.02606995320724933,-0.002301244130011283,0.0003330679282963199,0.0005963408251185667,0.00027807942820403324,0.005004500465733299,0.007729008961563798,-0.016013379724347552,0.020443629102306002,0.0002347957679094267,0.0018893806656418801,0.04245949727629333,-0.006273019110135485,-0.09497409409589166,0.0,-0.09141827271099497,0.0033004342383294847,0.012207114535332162,-0.0073527463905189334,0.0033837325226984665,-0.0037793002320991183,-5.7133939337764126e-06,-0.0013500361452023,0.0037666701836555168,-0.0037091424383099035,0.0002483115950836333,-0.022340560930836376,0.0035638405269082163,-0.011194424314070502,0.017350404535696494,0.013084731404599807,-0.09141827271099497,-0.0033004342383294847,0.021402947929815556,0.0,-0.016546918266297003,0.03394568158231835,0.0024796092536802173,0.011125029234532482,0.0006523334441626699,0.0010889765708372364,0.0025140834098526165,0.00617955330283885,0.017529214102952984,0.00848630982679485,-0.009026654851154269,0.002178761574840384,0.07349278486995167,-0.02606995320724933,0.012207114535332162,0.0073527463905189334,-0.016546918266297003,-0.03394568158231835,-0.03143825246871051,0.0,-0.005994409413017999,0.0066377957430367165,-0.0010402276427566002,9.484270609746668e-05,-0.024748962922258595,0.025680881002028,-0.014471292675729032,-0.02793093620640328,-0.0017112049039596003,-0.006091996560179099,-0.002301244130011283,-0.0003330679282963199,0.0033837325226984665,0.0037793002320991183,0.0024796092536802173,-0.011125029234532482,-0.005994409413017999,-0.0066377957430367165,0.011658922003860202,0.0,0.9997720972377836
0.25,0.0015942849066048171,0.0,-7.762494023231681e-05,0.0016571558953980233,0.00104308524322673,0.0013689115175569663,-0.0004242822822519332,-0.0008593801799012333,-0.0009313625985060782,0.00047512024089613663,-0.00018567200262400733,0.0006308137883124991,-0.0009638967072052503,-0.0009660004316239669,0.00034641362128446675,0.0012289450160875822,0.0007741491331432002,-0.0006250030863871818,-7.762494023231681e-05,-0.0016571558953980233,0.18412421723325004,0.0,0.22512245739610004,0.04181052249022,0.02021891361099901,0.032787334282421934,0.030000504313264835,-0.0021599030182051174,0.005275205982894507,-0.00802984608277603,0.0035850995501851375,0.0038563125660470003,0.002457665456008484,-0.0062355131315515715,-0.02517291445302585,-0.025426039671416992,0.00104308524322673,-0.0013689115175569663,0.22512245739610004,-0.04181052249022,0.5763986992502167,0.0,0.055898178349101685,0.05722317808649998,0.035992612110229506,-0.02452441115287533,-0.01567049952331825,-0.02046764004525516,-0.00012537396871176648,0.02236698619249451,0.016948992027426165,-0.00828505060966223,-0.015107746900282402,0.028381071991801843,-0.0004242822822519332,0.0008593801799012333,0.02021891361099901,-0.032787334282421934,0.055898178349101685,-0.05722317808649998,0.24799186903423337,0.0,0.04145416548082,0.018162928804788165,0.00031882437974570005,-0.0018207735513150812,0.0035100012764794674,0.011177707651041797,-0.009108483256983518,-0.0020258596110615903,-0.0017922360772965407,0.006187641017512599,-0.0009313625985060782,-0.00047512024089613663,0.030000504313264835,0.0021599030182051174,0.035992612110229506,0.02452441115287533,0.04145416548082,-0.018162928804788165,0.08397754799010168,0.0,0.04270371436588668,0.006414094151213233,0.017275204224623933,-0.01303365038194527,0.07360331961994333,0.025935876792992328,-0.0024064524834761666,0.0003260498365692835,-0.00018567200262400733,-0.0006308137883124991,0.005275205982894507,0.00802984608277603,-0.01567049952331825,0.02046764004525516,0.00031882437974570005,0.0018207735513150812,0.04270371436588668,-0.006414094151213233,-0.09528737313730169,0.0,-0.09149111981636834,0.0034140862670332664,0.012293664668867749,-0.0074501837367166686,0.00329400862642508,-0.0037935086415195438,-0.0009638967072052503,0.0009660004316239669,0.0035850995501851375,-0.0038563125660470003,-0.00012537396871176648,-0.02236698619249451,0.0035100012764794674,-0.011177707651041797,0.017275204224623933,0.01303365038194527,-0.09149111981636834,-0.0034140862670332664,0.021276015142888835,0.0,-0.01670165949650917,0.03384829234925669,0.002585748656683616,0.011098535566458182,0.00034641362128446675,-0.0012289450160875822,0.002457665456008484,0.0062355131315515715,0.016948992027426165,0.00828505060966223,-0.009108483256983518,0.0020258596110615903,0.07360331961994333,-0.025935876792992328,0.012293664668867749,0.0074501837367166686,-0.01670165949650917,-0.03384829234925669,-0.03161299734521601,0.0,-0.005955570657819683,0.006553471342322583,0.0007741491331432002,0.0006250030863871818,-0.02517291445302585,0.025426039671416992,-0.015107746900282402,-0.028381071991801843,-0.0017922360772965407,-0.006187641017512599,-0.0024064524834761666,-0.0003260498365692835,0.00329400862642508,0.0037935086415195438,0.002585748656683616,-0.011098535566458182,-0.005955570657819683,-0.006553471342322583,0.011309650617336442,0.0,0.9997719136927333
0.2509999999999998,0.001594101359426417,0.0,-0.0011751107716886995,-0.0011956919692957002,-0.0017557178714758283,-0.0001435336433483668,0.0009200381075704334,0.00023678599029484994,0.0002716721961970503,-0.0010068803687935885,-0.00034622984812109997,-0.0005550846608001668,0.0013518852110136284,-7.442895526134768e-06,-0.0011239761739739694,-0.0005900453728652667,-0.00013837373839438495,0.0009458047342368999,-0.0011751107716886995,0.0011956919692957002,0.1860135257930167,0.0,0.22663934801451666,0.04444299530589333,0.020411440336890005,0.0335000113480175,0.030358414314841663,-0.00215985888048205,0.005531629690717347,-0.008307771734195042,0.003392576627674619,0.004007782278757168,0.0023518506547222837,-0.0063461193797561,-0.025584766358429996,-0.025199711029248333,-0.0017557178714758283,0.0001435336433483668,0.22663934801451666,-0.04444299530589333,0.5740749651013334,0.0,0.055460544496058334,0.057056190535931674,0.035689081866533176,-0.024310693136520557,-0.015317622512214364,-0.020450740721626674,-0.0005366836956280828,0.02242730996900848,0.016354898672400982,-0.008068929183381184,-0.015729312242757854,0.02880673970849166,0.0009200381075704334,-0.00023678599029484994,0.020411440336890005,-0.0335000113480175,0.055460544496058334,-0.057056190535931674,0.24915156746058337,0.0,0.04166270395576834,0.018286161469826333,0.0004061863803086482,-0.0017577529363961666,0.0034743331771127832,0.011155138689726134,-0.009192427748356735,-0.0018331453476548504,-0.001848976703956133,0.006282699538576917,0.0002716721961970503,0.0010068803687935885,0.030358414314841663,0.00215985888048205,0.035689081866533176,0.024310693136520557,0.04166270395576834,-0.018286161469826333,0.08421238096391834,0.0,0.04293159004853335,0.006558487500243667,0.01721547654841291,-0.012996866215131164,0.0737032705022567,0.0257945960072395,-0.0025342409293682,0.0002914786186431833,-0.00034622984812109997,0.0005550846608001668,0.005531629690717347,0.008307771734195042,-0.015317622512214364,0.020450740721626674,0.0004061863803086482,0.0017577529363961666,0.04293159004853335,-0.006558487500243667,-0.09560915919493332,0.0,-0.09156757340618331,0.0035342245337394804,0.012380500490226664,-0.007551975922122016,0.003224247228017383,-0.003775295633933909,0.0013518852110136284,7.442895526134768e-06,0.003392576627674619,-0.004007782278757168,-0.0005366836956280828,-0.02242730996900848,0.0034743331771127832,-0.011155138689726134,0.01721547654841291,0.012996866215131164,-0.09156757340618331,-0.0035342245337394804,0.021153317202299033,0.0,-0.016860044420741335,0.033758621216318334,0.002686176700399516,0.011053543156762756,-0.0011239761739739694,0.0005900453728652667,0.0023518506547222837,0.0063461193797561,0.016354898672400982,0.008068929183381184,-0.009192427748356735,0.0018331453476548504,0.0737032705022567,-0.0257945960072395,0.012380500490226664,0.007551975922122016,-0.016860044420741335,-0.033758621216318334,-0.03178464191864833,0.0,-0.005896270914751601,0.006448777186522117,-0.00013837373839438495,-0.0009458047342368999,-0.025584766358429996,0.025199711029248333,-0.015729312242757854,-0.02880673970849166,-0.001848976703956133,-0.006282699538576917,-0.0025342409293682,-0.0002914786186431833,0.003224247228017383,0.003775295633933909,0.002686176700399516,-0.011053543156762756,-0.005896270914751601,-0.006448777186522117,0.010965673370504385,0.0,0.9997717301374835
0.2520000000000002,0.0015939178082880665,0.0,0.0016787941529443503,-6.19505503137333e-05,0.001294920277277233,-0.001212305588966033,-0.0007848476890043335,0.0005322788332254167,0.0005527956997285219,0.0008730253307154688,0.0006405967692405415,0.000124430405712366,-0.0009234416206645638,0.0009626059687010172,0.0011955291939645615,-0.0004169862491020835,-0.0005098798613197665,-0.0007640854042325,0.0016787941529443503,6.19505503137333e-05,0.1879940499055333,0.0,0.22813152637663334,0.046952645988628326,0.020604081606176303,0.03416660787904116,0.03073970130287533,-0.0021504613646041175,0.005809752755513848,-0.008544853827565903,0.0032051734584189143,0.004168939518851931,0.002228003207892534,-0.00647505275885659,-0.026020734492655666,-0.024995754617858832,0.001294920277277233,0.001212305588966033,0.22813152637663334,-0.046952645988628326,0.5716560316916333,0.0,0.05495778476364833,0.05686126300926497,0.035388622897769,-0.02410591968258408,-0.014930150158956709,-0.020406498122745,-0.0009761767897634166,0.0224824044644853,0.015747559607580033,-0.007877858697420033,-0.0163123387619207,0.02920476579739083,-0.0007848476890043335,-0.0005322788332254167,0.020604081606176303,-0.03416660787904116,0.05495778476364833,-0.05686126300926497,0.2503125885973167,0.0,0.041892863002741663,0.018384325735897336,0.00047890456037153335,-0.001689585028308802,0.0034322602837157635,0.011114685087373823,-0.009270720351808518,-0.0016901533133361697,-0.0019332629323646337,0.006397090768925092,0.0005527956997285219,-0.0008730253307154688,0.03073970130287533,0.0021504613646041175,0.035388622897769,0.02410591968258408,0.041892863002741663,-0.018384325735897336,0.08444544129291502,0.0,0.04312349195015333,0.006678046899471985,0.017139089857897864,-0.012950515890397417,0.0738141846283267,0.025653984376054498,-0.0026604603230468,0.0002505123938159499,0.0006405967692405415,-0.000124430405712366,0.005809752755513848,0.008544853827565903,-0.014930150158956709,0.020406498122745,0.00047890456037153335,0.001689585028308802,0.04312349195015333,-0.006678046899471985,-0.09593925377349165,0.0,-0.09165418639848665,0.0036559582004824557,0.012484783850378649,-0.0076727518243036325,0.0031522630852710166,-0.0037586193682810137,-0.0009234416206645638,-0.0009626059687010172,0.0032051734584189143,-0.004168939518851931,-0.0009761767897634166,-0.0224824044644853,0.0034322602837157635,-0.011114685087373823,0.017139089857897864,0.012950515890397417,-0.09165418639848665,-0.0036559582004824557,0.021034925720008167,0.0,-0.017018613083731007,0.03368215962266,0.002746105949401917,0.011011235949313462,0.0011955291939645615,0.0004169862491020835,0.002228003207892534,0.00647505275885659,0.015747559607580033,0.007877858697420033,-0.009270720351808518,0.0016901533133361697,0.0738141846283267,-0.025653984376054498,0.012484783850378649,0.0076727518243036325,-0.017018613083731007,-0.03368215962266,-0.03195288159080766,0.0,-0.005812814579739933,0.0063460539522048505,-0.0005098798613197665,0.0007640854042325,-0.026020734492655666,0.024995754617858832,-0.0163123387619207,-0.02920476579739083,-0.0019332629323646337,-0.006397090768925092,-0.0026604603230468,-0.0002505123938159499,0.0031522630852710166,0.0037586193682810137,0.002746105949401917,-0.011011235949313462,-0.005812814579739933,-0.0063460539522048505,0.010626726927285711,0.0,0.9997715465784663
0.25300000000000006,0.0015937342699195666,0.0,-0.001088824219308383,0.0012965454626786563,3.4176163600936556e-05,0.0017895872420124546,8.992187519596997e-05,-0.0009447760536434999,-0.0010026254715973,-0.00018099680722380492,-0.0005414084224965518,0.0003742601791852784,-4.949531681453321e-05,-0.0013370983544679826,-0.0005053408241565302,0.0011843406196607666,0.0008562788431133163,0.00020922538008741673,-0.001088824219308383,-0.0012965454626786563,0.1900619347777001,0.0,0.22960884915723337,0.04935795033530001,0.020815364442420905,0.03478636321653916,0.031121263453233166,-0.002163745373371467,0.006122777014062366,-0.008747841503224532,0.003046510297153816,0.004325533152638199,0.0021351697758602364,-0.006597132226748048,-0.02651649336999467,-0.02482158939007483,3.4176163600936556e-05,-0.0017895872420124546,0.22960884915723337,-0.04935795033530001,0.5691465642666167,0.0,0.054439566385115,0.05667903974022334,0.035078526624493504,-0.023897316394294356,-0.014512386193385234,-0.020366135466036498,-0.0013970987674520499,0.022494776305845333,0.015162417032007833,-0.007719197946535646,-0.016899798150065915,0.029533018507791508,8.992187519596997e-05,0.0009447760536434999,0.020815364442420905,-0.03478636321653916,0.054439566385115,-0.05667903974022334,0.25147447833548336,0.0,0.042154689436855,0.018478079786107996,0.0005356885906049199,-0.001637258986547277,0.003379712036060434,0.01107912728241548,-0.009333931553653418,-0.0016197977457215833,-0.0020662392018201345,0.006530198515624385,-0.0010026254715973,0.00018099680722380492,0.031121263453233166,0.002163745373371467,0.035078526624493504,0.023897316394294356,0.042154689436855,-0.018478079786107996,0.08467653792244499,0.0,0.043296955391550006,0.006782034190224164,0.017039709242317166,-0.012897637383919849,0.07396609485787167,0.025514269364153828,-0.0027736378530323676,0.00020141534843681676,-0.0005414084224965518,-0.0003742601791852784,0.006122777014062366,0.008747841503224532,-0.014512386193385234,0.020366135466036498,0.0005356885906049199,0.001637258986547277,0.043296955391550006,-0.006782034190224164,-0.096276838980705,0.0,-0.09173715670455666,0.003769128316478034,0.01259659432149225,-0.007801087188605885,0.0030613897180833123,-0.0037806836953745006,-4.949531681453321e-05,0.0013370983544679826,0.003046510297153816,-0.004325533152638199,-0.0013970987674520499,-0.022494776305845333,0.003379712036060434,-0.01107912728241548,0.017039709242317166,0.012897637383919849,-0.09173715670455666,-0.003769128316478034,0.020920501451004003,0.0,-0.017179453432237497,0.033610612032085,0.0027957767930031,0.010999015990530069,-0.0005053408241565302,-0.0011843406196607666,0.0021351697758602364,0.006597132226748048,0.015162417032007833,0.007719197946535646,-0.009333931553653418,0.0016197977457215833,0.07396609485787167,-0.025514269364153828,0.01259659432149225,0.007801087188605885,-0.017179453432237497,-0.033610612032085,-0.03211767816949933,0.0,-0.005739760090958,0.006277818318682785,0.0008562788431133163,-0.00020922538008741673,-0.02651649336999467,0.02482158939007483,-0.016899798150065915,-0.029533018507791508,-0.0020662392018201345,-0.006530198515624385,-0.0027736378530323676,-0.00020141534843681676,0.0030613897180833123,0.0037806836953745006,0.0027957767930031,-0.010999015990530069,-0.005739760090958,-0.006277818318682785,0.010292129159680224,0.0,0.9997713630323504
0.25399999999999967,0.0015935507460930994,0.0,-0.00020818876002233981,-0.0017117852763523886,-0.0013893189566505826,-0.001195481741238167,0.0007009204026940664,0.0006632855895667083,0.0008042901809805004,-0.0006100456333493748,0.00011283051538728842,-0.0006586616768262134,0.0009985952146293114,0.0009144805665320167,-0.0005574037270835499,-0.0012059320798511334,-0.000746619028040383,0.00041888272312607327,-0.00020818876002233981,0.0017117852763523886,0.192213759138,0.0,0.23106594429220007,0.05165990813539,0.021058996459705433,0.03539732819103583,0.031492790968153835,-0.002226302769154017,0.006440498977466105,-0.008935220119379512,0.0029101126331600494,0.004470938731183567,0.002068798132075405,-0.006731548456543481,-0.027040744102421497,-0.02467400659130815,-0.0013893189566505826,0.001195481741238167,0.23106594429220007,-0.05165990813539,0.5665503589507167,0.0,0.053960885305105,0.05653876398758669,0.03478433115742307,-0.023665362664223047,-0.014102403643388082,-0.020327194974993506,-0.0018008530406794499,0.022479004221795204,0.01462873990784183,-0.0075681861082786,-0.01752465608164683,0.029771589431478996,0.0007009204026940664,-0.0006632855895667083,0.021058996459705433,-0.03539732819103583,0.053960885305105,-0.05653876398758669,0.25263761749943325,0.0,0.04241394384329833,0.01857086056185934,0.0005961083528530833,-0.0016131585172590667,0.003341295022182075,0.011069242733043985,-0.009400290214062867,-0.0015345903088828563,-0.0022108731816416496,0.006668764122092339,0.0008042901809805004,0.0006100456333493748,0.031492790968153835,0.002226302769154017,0.03478433115742307,0.023665362664223047,0.04241394384329833,-0.01857086056185934,0.08490584197669662,0.0,0.043474873529621656,0.00690767684299713,0.016945646031885996,-0.012865327928311366,0.07413595357039167,0.025376194421506168,-0.002881544177429584,0.00012579169947989465,0.00011283051538728842,0.0006586616768262134,0.006440498977466105,0.008935220119379512,-0.014102403643388082,0.020327194974993506,0.0005961083528530833,0.0016131585172590667,0.043474873529621656,-0.00690767684299713,-0.09662132019702166,0.0,-0.09178044627262336,0.003859080304557269,0.012695957740278997,-0.007916950191038599,0.0029671370907278665,-0.0038168339145050506,0.0009985952146293114,-0.0009144805665320167,0.0029101126331600494,-0.004470938731183567,-0.0018008530406794499,-0.022479004221795204,0.003341295022182075,-0.011069242733043985,0.016945646031885996,0.012865327928311366,-0.09178044627262336,-0.003859080304557269,0.020809507785683672,0.0,-0.017345210384596164,0.033529377656295004,0.0028795505227177673,0.011004308598253102,-0.0005574037270835499,0.0012059320798511334,0.002068798132075405,0.006731548456543481,0.01462873990784183,0.0075681861082786,-0.009400290214062867,0.0015345903088828563,0.07413595357039167,-0.025376194421506168,0.012695957740278997,0.007916950191038599,-0.017345210384596164,-0.033529377656295004,-0.03227906414662583,0.0,-0.0056951231509230725,0.006222508928966799,-0.000746619028040383,-0.00041888272312607327,-0.027040744102421497,0.02467400659130815,-0.01752465608164683,-0.029771589431478996,-0.0022108731816416496,-0.006668764122092339,-0.002881544177429584,-0.00012579169947989465,0.0029671370907278665,0.0038168339145050506,0.0028795505227177673,-0.011004308598253102,-0.0056951231509230725,-0.006222508928966799,0.009960927748228534,0.0,0.9997711795014667
0.25500000000000034,0.0015933672212635165,0.0,0.001393532151311717,0.0010616322070584466,0.0018636990088858492,-0.0002330446749409999,-0.0009976795520473551,0.00012817239592906657,-0.00010245511185351166,0.0009998984463108836,0.00040530015236258494,0.000541521273268633,-0.0013533447046020998,6.0883460966100157e-05,0.0013016962965041502,0.00041664284838144485,0.0002648163421384617,-0.0008065617280028551,0.001393532151311717,-0.0010616322070584466,0.19444527248916665,0.0,0.23253508849524998,0.053829236846671666,0.0213355154988778,0.03601206307968467,0.031870374709043164,-0.0023204587524965053,0.006733459032764001,-0.009117848127769381,0.002769985547272417,0.004619463485275412,0.0019834038238228983,-0.006897994345689234,-0.027552146024896005,-0.024533797049126494,0.0018636990088858492,0.0002330446749409999,0.23253508849524998,-0.053829236846671666,0.5638713976612666,0.0,0.05349245001143499,0.056426592184140006,0.034545312475927334,-0.023415083215676168,-0.013727860222136198,-0.020268432925368497,-0.00224219632365235,0.022470083816893208,0.014135924940601664,-0.007427863211174967,-0.0181651860182685,0.029975783307655664,-0.0009976795520473551,-0.00012817239592906657,0.0213355154988778,-0.03601206307968467,0.05349245001143499,-0.056426592184140006,0.25380234621735,0.0,0.04264797896257,0.018658412672466,0.0006677886506396004,-0.001596027374682833,0.003333824046525,0.011066674652564652,-0.009504234249180567,-0.00137646719248248,-0.0023357922588018156,0.006802241390015961,-0.00010245511185351166,-0.0009998984463108836,0.031870374709043164,0.0023204587524965053,0.034545312475927334,0.023415083215676168,0.04264797896257,-0.018658412672466,0.08513434671468502,0.0,0.04366013594181168,0.007065836414715366,0.016879887653168998,-0.012861039970725735,0.07429815903950836,0.02525304602291099,-0.002994666595269131,2.4074094566768072e-05,0.00040530015236258494,-0.000541521273268633,0.006733459032764001,0.009117848127769381,-0.013727860222136198,0.020268432925368497,0.0006677886506396004,0.001596027374682833,0.04366013594181168,-0.007065836414715366,-0.09697248873368167,0.0,-0.09180490246777667,0.003919590882491432,0.012787595500185501,-0.008025895002653764,0.002890916736993933,-0.0038179364965059337,-0.0013533447046020998,-6.0883460966100157e-05,0.002769985547272417,-0.004619463485275412,-0.00224219632365235,-0.022470083816893208,0.003333824046525,-0.011066674652564652,0.016879887653168998,0.012861039970725735,-0.09180490246777667,-0.003919590882491432,0.020701190815021323,0.0,-0.017515609808288365,0.033447474591255,0.002987037762622517,0.010991036960716885,0.0013016962965041502,-0.00041664284838144485,0.0019834038238228983,0.006897994345689234,0.014135924940601664,0.007427863211174967,-0.009504234249180567,0.00137646719248248,0.07429815903950836,-0.02525304602291099,0.012787595500185501,0.008025895002653764,-0.017515609808288365,-0.033447474591255,-0.03243720298075916,0.0,-0.005652377855120197,0.006134583946288339,0.0002648163421384617,0.0008065617280028551,-0.027552146024896005,0.024533797049126494,-0.0181651860182685,-0.029975783307655664,-0.0023357922588018156,-0.006802241390015961,-0.002994666595269131,-2.4074094566768072e-05,0.002890916736993933,0.0038179364965059337,0.002987037762622517,-0.010991036960716885,-0.005652377855120197,-0.006134583946288339,0.009632766564471314,0.0,0.9997709959685168
0.25600000000000017,0.001593183681586966,0.0,-0.0017400357512044556,0.00025183205870874995,-0.0011025263282394837,0.0015389745328836496,0.0005907581304926499,-0.0008776470105407035,-0.000646186321609209,-0.0007556023347825167,-0.0006777350013708001,-7.889368607777375e-05,0.000898040623441755,-0.0009967828195513162,-0.00122271072075909,0.0006826674499544667,0.0003443858300448333,0.0007738404850270001,-0.0017400357512044556,-0.00025183205870874995,0.19675058444818333,0.0,0.23401458498775,0.05581924244389332,0.02162981091858328,0.03658728723739716,0.03224820525441465,-0.0024177809074262214,0.007016534811860249,-0.009291352717255565,0.0026187997148328524,0.0047763790377468645,0.0018656483686857997,-0.0070762260477493675,-0.028060880904353006,-0.024382400820265004,-0.0011025263282394837,-0.0015389745328836496,0.23401458498775,-0.05581924244389332,0.5611153427988665,0.0,0.05296461936641001,0.05630461367331665,0.034337261371837666,-0.023161465924818832,-0.013369411040897335,-0.020183365301359165,-0.0027375344166519332,0.022454300482401286,0.013648580860513838,-0.007337402641331346,-0.018781158174427836,0.030200420812204167,0.0005907581304926499,0.0008776470105407035,0.02162981091858328,-0.03658728723739716,0.05296461936641001,-0.05630461367331665,0.2549685151200167,0.0,0.04286813483553333,0.018745267920438166,0.0007329612990315165,-0.0015661361051403162,0.0033307030223849623,0.011041344388451866,-0.00963781800655217,-0.0012043784175125689,-0.0024577515306875826,0.006916040579108082,-0.000646186321609209,0.0007556023347825167,0.03224820525441465,0.0024177809074262214,0.034337261371837666,0.023161465924818832,0.04286813483553333,-0.018745267920438166,0.08536303125856168,0.0,0.04383037194961167,0.007223280151088701,0.01681975655615583,-0.012855319949287283,0.07445041586015333,0.025151062707517505,-0.003109160807323101,-8.373776923143325e-05,-0.0006777350013708001,7.889368607777375e-05,0.007016534811860249,0.009291352717255565,-0.013369411040897335,0.020183365301359165,0.0007329612990315165,0.0015661361051403162,0.04383037194961167,-0.007223280151088701,-0.09732999447828167,0.0,-0.09184395663171167,0.003960836091990103,0.012886135979875505,-0.008143400662216733,0.002823546241086967,-0.003788928056637534,0.000898040623441755,0.0009967828195513162,0.0026187997148328524,-0.0047763790377468645,-0.0027375344166519332,-0.022454300482401286,0.0033307030223849623,-0.011041344388451866,0.01681975655615583,0.012855319949287283,-0.09184395663171167,-0.003960836091990103,0.020594653531863162,0.0,-0.017683089967197828,0.03337514185853333,0.0030738886129356327,0.010948248739089636,-0.00122271072075909,-0.0006826674499544667,0.0018656483686857997,0.0070762260477493675,0.013648580860513838,0.007337402641331346,-0.00963781800655217,0.0012043784175125689,0.07445041586015333,-0.025151062707517505,0.012886135979875505,0.008143400662216733,-0.017683089967197828,-0.03337514185853333,-0.03259251249957551,0.0,-0.0055855150183697164,0.006021134889784418,0.0003443858300448333,-0.0007738404850270001,-0.028060880904353006,0.024382400820265004,-0.018781158174427836,-0.030200420812204167,-0.0024577515306875826,-0.006916040579108082,-0.003109160807323101,8.373776923143325e-05,0.002823546241086967,0.003788928056637534,0.0030738886129356327,-0.010948248739089636,-0.0055855150183697164,-0.006021134889784418,0.0093080085603226,0.0,0.9997708124216002
0.2569999999999998,0.0015930001393115172,0.0,0.0010262065868780334,-0.0014225570906582496,-0.0003775907517192665,-0.00185044225297695,0.0002870842889228865,0.0010645725643846336,0.0009704161575546828,5.720202342711489e-05,0.0005374721648017163,-0.0004278404846718,9.270119132895006e-05,0.001338204562595682,0.0003506798275387748,-0.0014058903384451334,-0.0007678879561432133,-0.000324012214855753,0.0010262065868780334,0.0014225570906582496,0.19912260753084993,0.0,0.23550686155671663,0.05761852519431999,0.021935077074467832,0.037098639580694676,0.03259042057713683,-0.002527963824119233,0.007317397330010949,-0.009451719463154214,0.0024751983526917496,0.0049252203431638135,0.001750174678208396,-0.007236905021552132,-0.028609555832859,-0.02421957680529416,-0.0003775907517192665,0.00185044225297695,0.23550686155671663,-0.05761852519431999,0.5582895028453166,0.0,0.05239796916426166,0.056174350428216696,0.03410534982602218,-0.02290493885813233,-0.013000041906795663,-0.020098699109605003,-0.0032300134487887166,0.022399985328575393,0.0131594804666403,-0.007302135846100381,-0.01937402126240767,0.030429183637088,0.0002870842889228865,-0.0010645725643846336,0.021935077074467832,-0.037098639580694676,0.05239796916426166,-0.056174350428216696,0.2561359861506333,0.0,0.04309799634891502,0.018847042962569005,0.0007821817625173832,-0.0015330265140976833,0.003297130712111266,0.01100296712322135,-0.009761915889023032,-0.0010913286223106161,-0.002597914231171534,0.007003050080892784,0.0009704161575546828,-5.720202342711489e-05,0.03259042057713683,0.002527963824119233,0.03410534982602218,0.02290493885813233,0.04309799634891502,-0.018847042962569005,0.08559184286778668,0.0,0.043978863173718324,0.007351952860305435,0.016733670598049335,-0.012826339361571817,0.07461614870515997,0.02506295634125683,-0.003213678348891107,-0.00018897017420050336,0.0005374721648017163,0.0004278404846718,0.007317397330010949,0.009451719463154214,-0.013000041906795663,0.020098699109605003,0.0007821817625173832,0.0015330265140976833,0.043978863173718324,-0.007351952860305435,-0.09769291705657168,0.0,-0.09189877898014501,0.003992042234096883,0.012989503352767,-0.008263303396702185,0.002743838207874735,-0.0037805760591847915,9.270119132895006e-05,-0.001338204562595682,0.0024751983526917496,-0.0049252203431638135,-0.0032300134487887166,-0.022399985328575393,0.003297130712111266,-0.01100296712322135,0.016733670598049335,0.012826339361571817,-0.09189877898014501,-0.003992042234096883,0.020489145205301165,0.0,-0.0178465109135258,0.033306509772021674,0.0031333843765585997,0.010908518299967989,0.0003506798275387748,0.0014058903384451334,0.001750174678208396,0.007236905021552132,0.0131594804666403,0.007302135846100381,-0.009761915889023032,0.0010913286223106161,0.07461614870515997,-0.02506295634125683,0.012989503352767,0.008263303396702185,-0.0178465109135258,-0.033306509772021674,-0.03274549580774149,0.0,-0.005512786968717009,0.0059327322200793675,-0.0007678879561432133,0.000324012214855753,-0.028609555832859,0.02421957680529416,-0.01937402126240767,-0.030429183637088,-0.002597914231171534,-0.007003050080892784,-0.003213678348891107,0.00018897017420050336,0.002743838207874735,0.0037805760591847915,0.0031333843765585997,-0.010908518299967989,-0.005512786968717009,-0.0059327322200793675,0.008986956996733981,0.0,0.999770628871533
0.2579999999999996,0.0015928166027757667,0.0,0.0003074364818361834,0.0017285471115350971,0.0016322203563346135,0.000981436503144305,-0.0010316356599657335,-0.0004657215024764949,-0.0006984037196749329,0.0006424246623853203,-8.943552192589172e-05,0.000682712076219983,-0.001042134093359134,-0.000871089892856116,0.0008207559602347318,0.0012722426676380065,0.0007503711209823331,-0.0002981425465122832,0.0003074364818361834,-0.0017285471115350971,0.20155446548596662,0.0,0.2370171036465834,0.059239181614369994,0.02226804661645409,0.03758291663819368,0.032871453888173335,-0.002684635380710684,0.007619046257205583,-0.009606058757578605,0.0023486275814897095,0.005047738663047275,0.001654339665706863,-0.0073907613972280664,-0.02919982252608468,-0.024053463001896338,0.0016322203563346135,-0.000981436503144305,0.2370171036465834,-0.059239181614369994,0.5554008826203166,0.0,0.05188025486418833,0.056061861200578336,0.03384577042939785,-0.022625245676577185,-0.012627782377612466,-0.02003735140690085,-0.0036798115390453165,0.02231168393340334,0.012688800303663468,-0.007277977627713983,-0.01996790608765166,0.030604901737462317,-0.0010316356599657335,0.0004657215024764949,0.02226804661645409,-0.03758291663819368,0.05188025486418833,-0.056061861200578336,0.25730520304495,0.0,0.04333239609185666,0.018958565310384833,0.0008285573865380832,-0.0015090442178948829,0.003238429929507726,0.01099031958685432,-0.00987408673062543,-0.0010076735021238496,-0.002727042328414117,0.007080488533238668,-0.0006984037196749329,-0.0006424246623853203,0.032871453888173335,0.002684635380710684,0.03384577042939785,0.022625245676577185,0.04333239609185666,-0.018958565310384833,0.08582027305740333,0.0,0.04412584121489165,0.007468969212076643,0.016630422594501166,-0.012789030855900317,0.07479531839118998,0.024979218295666666,-0.0033081982540506118,-0.00030849163656783337,-8.943552192589172e-05,-0.000682712076219983,0.007619046257205583,0.009606058757578605,-0.012627782377612466,0.02003735140690085,0.0008285573865380832,0.0015090442178948829,0.04412584121489165,-0.007468969212076643,-0.09806028391154333,0.0,-0.0919340758217717,0.0040160427367616726,0.013077610745820829,-0.0083639178822604,0.0026520234894324307,-0.003805008634655149,-0.001042134093359134,0.000871089892856116,0.0023486275814897095,-0.005047738663047275,-0.0036798115390453165,-0.02231168393340334,0.003238429929507726,-0.01099031958685432,0.016630422594501166,0.012789030855900317,-0.0919340758217717,-0.0040160427367616726,0.020384270101076678,0.0,-0.018012799317687164,0.03322484591299667,0.003204394097849061,0.010897538270932332,0.0008207559602347318,-0.0012722426676380065,0.001654339665706863,0.0073907613972280664,0.012688800303663468,0.007277977627713983,-0.00987408673062543,0.0010076735021238496,0.07479531839118998,-0.024979218295666666,0.013077610745820829,0.0083639178822604,-0.018012799317687164,-0.03322484591299667,-0.03289650867538867,0.0,-0.005460630112199869,0.005881403080021266,0.0007503711209823331,0.0002981425465122832,-0.02919982252608468,0.024053463001896338,-0.01996790608765166,-0.030604901737462317,-0.002727042328414117,-0.007080488533238668,-0.0033081982540506118,0.00030849163656783337,0.0026520234894324307,0.003805008634655149,0.003204394097849061,-0.010897538270932332,-0.005460630112199869,-0.005881403080021266,0.008669327001965125,0.0,0.9997704453271833
0.25900000000000023,0.0015926330669671159,0.0,-0.0014456926309995663,-0.00099453192267985,-0.0018712770352555448,0.0005516545268346664,0.0010300200369541001,-0.0005138642041834182,2.8438667609333448e-05,-0.000934323422826766,-0.00040939070860769464,-0.0005469841804976502,0.0013559232784987679,-0.00014794189099904978,-0.0015402135416431163,-0.0002909297193938933,-0.0003139779856159831,0.0007137409550779832,-0.0014456926309995663,0.00099453192267985,0.20403925578981666,0.0,0.23853789751228333,0.06068013474980332,0.02264785728607047,0.03808023626162335,0.03310905321833999,-0.00288459176034295,0.007878266740840315,-0.009761964162744484,0.0022198891124286827,0.005145232996703416,0.0015442161710727167,-0.007569762380250635,-0.029788535218895,-0.023881543175937662,-0.0018712770352555448,-0.0005516545268346664,0.23853789751228333,-0.06068013474980332,0.5524559894236,0.0,0.05142051656612166,0.05596990405905999,0.033608672995038495,-0.022315325595598165,-0.012276031467982621,-0.019984585101846246,-0.004130922892762034,0.0222232140234046,0.012242427352643118,-0.007232680881974168,-0.020563601520873,0.03072541291915243,0.0010300200369541001,0.0005138642041834182,0.02264785728607047,-0.03808023626162335,0.05142051656612166,-0.05596990405905999,0.2584763852928832,0.0,0.04355771682161669,0.01904797910606134,0.0008829157262141834,-0.0014851899402856328,0.003185053976205383,0.011012270327216765,-0.010014766138541333,-0.0008817635663488161,-0.0028008708297783476,0.0071742004223392325,2.8438667609333448e-05,0.000934323422826766,0.03310905321833999,0.00288459176034295,0.033608672995038495,0.022315325595598165,0.04355771682161669,-0.01904797910606134,0.08604876501803167,0.0,0.044285968814718336,0.007604418537364949,0.016545818694595163,-0.01276305302203917,0.07495954052192501,0.0248952434189185,-0.0033995522906759435,-0.00046255628239455005,-0.00040939070860769464,0.0005469841804976502,0.007878266740840315,0.009761964162744484,-0.012276031467982621,0.019984585101846246,0.0008829157262141834,0.0014851899402856328,0.044285968814718336,-0.007604418537364949,-0.09843202021582499,0.0,-0.091941169778825,0.004041378248619101,0.013143032592761833,-0.008442671257790508,0.0025679903601787337,-0.003814949735239217,0.0013559232784987679,0.00014794189099904978,0.0022198891124286827,-0.005145232996703416,-0.004130922892762034,-0.0222232140234046,0.003185053976205383,-0.011012270327216765,0.016545818694595163,0.01276305302203917,-0.091941169778825,-0.004041378248619101,0.020280113359886835,0.0,-0.018189402729895998,0.03312943433917833,0.003305867373716856,0.010897157177509633,-0.0015402135416431163,0.0002909297193938933,0.0015442161710727167,0.007569762380250635,0.012242427352643118,0.007232680881974168,-0.010014766138541333,0.0008817635663488161,0.07495954052192501,-0.0248952434189185,0.013143032592761833,0.008442671257790508,-0.018189402729895998,-0.03312943433917833,-0.03304568373084734,0.0,-0.005411335744563134,0.005824705399332078,-0.0003139779856159831,-0.0007137409550779832,-0.029788535218895,0.023881543175937662,-0.020563601520873,-0.03072541291915243,-0.0028008708297783476,-0.0071742004223392325,-0.0033995522906759435,0.00046255628239455005,0.0025679903601787337,0.003814949735239217,0.003305867373716856,-0.010897157177509633,-0.005411335744563134,-0.005824705399332078,0.008354823779600501,0.0,0.9997702617841333
0.25999999999999984,0.001592449515699783,0.0,0.00170076484218135,-0.0003300066283694636,0.0008901159077142838,-0.0017840082310783827,-0.00028013175114208324,0.0011328521371263335,0.0006350008245567166,0.0006709002367968386,0.000661839349981515,9.89158466224502e-05,-0.0008117259671351498,0.0010689354898085002,0.0013001648568649797,-0.0009192009771687599,-0.00025086507620073324,-0.0007104200860891336,0.00170076484218135,0.0003300066283694636,0.2065699058787666,0.0,0.24006887124614998,0.06193884975738665,0.02306322251507405,0.03857844235514167,0.033336900067200005,-0.0030865242362473166,0.008091446717438763,-0.009907539151687999,0.0020689591102003835,0.005227622907943472,0.0013881584619358496,-0.0077850724696838505,-0.030360362914142174,-0.023702895322304008,0.0008901159077142838,0.0017840082310783827,0.24006887124614998,-0.06193884975738665,0.5494613410320836,0.0,0.05094023046102667,0.05587505798287999,0.033410860940248345,-0.022007257737647497,-0.011933311720789383,-0.019906363875120372,-0.004633949715615591,0.022145960555085824,0.011805118867678367,-0.0071934460593082485,-0.02114067349540984,0.030847019826650175,-0.00028013175114208324,-0.0011328521371263335,0.02306322251507405,-0.03857844235514167,0.05094023046102667,-0.05587505798287999,0.2596489459285333,0.0,0.04379245713241332,0.019102435112620997,0.0009354803968372999,-0.0014499298411315077,0.0031450436206952336,0.011031813423166864,-0.01018596210450413,-0.0007255929643097668,-0.00283767420945425,0.007284904018224843,0.0006350008245567166,-0.0006709002367968386,0.033336900067200005,0.0030865242362473166,0.033410860940248345,0.022007257737647497,0.04379245713241332,-0.019102435112620997,0.08627844744200001,0.0,0.044450803505348344,0.007744281745943286,0.016488627169557502,-0.012747338676943835,0.07509947160520831,0.02481205299817517,-0.003485203091393202,-0.000644488631346042,0.000661839349981515,-9.89158466224502e-05,0.008091446717438763,0.009907539151687999,-0.011933311720789383,0.019906363875120372,0.0009354803968372999,0.0014499298411315077,0.044450803505348344,-0.007744281745943286,-0.09880888582438664,0.0,-0.0919625478638,0.004084642250628684,0.013203271578159502,-0.00851876997890181,0.002501280654634501,-0.0037809022964145006,-0.0008117259671351498,-0.0010689354898085002,0.0020689591102003835,-0.005227622907943472,-0.004633949715615591,-0.022145960555085824,0.0031450436206952336,-0.011031813423166864,0.016488627169557502,0.012747338676943835,-0.0919625478638,-0.004084642250628684,0.020177174526742333,0.0,-0.018380227465673502,0.03304025173915,0.003406059762442019,0.010879840949458125,0.0013001648568649797,0.0009192009771687599,0.0013881584619358496,0.0077850724696838505,0.011805118867678367,0.0071934460593082485,-0.01018596210450413,0.0007255929643097668,0.07509947160520831,-0.02481205299817517,0.013203271578159502,0.00851876997890181,-0.018380227465673502,-0.03304025173915,-0.03319296385451666,0.0,-0.005329769422774186,0.005741526799777065,-0.00025086507620073324,0.0007104200860891336,-0.030360362914142174,0.023702895322304008,-0.02114067349540984,-0.030847019826650175,-0.00283767420945425,-0.007284904018224843,-0.003485203091393202,0.000644488631346042,0.002501280654634501,0.0037809022964145006,0.003406059762442019,-0.010879840949458125,-0.005329769422774186,-0.005741526799777065,0.008043663580325544,0.0,0.9997700782252836
0.2609999999999997,0.001592265954278567,0.0,-0.0009139769028690835,0.0014275163803571665,0.0007038170956061351,0.0018861543724391,-0.0006891834343280116,-0.0009659967491436498,-0.0009028468427480002,-2.4979539049499982e-05,-0.0005299849273805552,0.0003757721215239334,-0.00023340321150982184,-0.0012964427752740718,-0.0002525671646752331,0.0015934021334317152,0.0006369283565953334,0.0003389138321778666,-0.0009139769028690835,-0.0014275163803571665,0.20913958238989994,0.0,0.24157117504775005,0.06302765763652833,0.023480127696157007,0.03903207925519833,0.03355807038304166,-0.0032753441068538703,0.008301471748688886,-0.01001642716569598,0.001903081683323745,0.005289444404457552,0.0012125259067898666,-0.008019290500743785,-0.030942739679899498,-0.023527804797860995,0.0007038170956061351,-0.0018861543724391,0.24157117504775005,-0.06302765763652833,0.5464237221757667,0.0,0.05039796524398667,0.05576387728359499,0.03319947413257967,-0.0217255735342115,-0.011553851573468835,-0.01978280177859865,-0.005157556001447458,0.02204826012770383,0.01137462534509921,-0.007183947227584831,-0.02168748621822897,0.030980614450919677,-0.0006891834343280116,0.0009659967491436498,0.023480127696157007,-0.03903207925519833,0.05039796524398667,-0.05576387728359499,0.26082207261090007,0.0,0.04406196646806817,0.019148740815160673,0.0009723724868381998,-0.0014108383752734416,0.0030944211984590504,0.011015166452168632,-0.010323882933682336,-0.0006074740030615998,-0.0028998394257548333,0.0073819510269363675,-0.0009028468427480002,2.4979539049499982e-05,0.03355807038304166,0.0032753441068538703,0.03319947413257967,0.0217255735342115,0.04406196646806817,-0.019148740815160673,0.08650929443336669,0.0,0.044598989065688335,0.007846841840271778,0.016427965175155497,-0.012730720005862301,0.07522390549549333,0.024724860055339658,-0.0035481136678155167,-0.0008293342961840784,-0.0005299849273805552,-0.0003757721215239334,0.008301471748688886,0.01001642716569598,-0.011553851573468835,0.01978280177859865,0.0009723724868381998,0.0014108383752734416,0.044598989065688335,-0.007846841840271778,-0.09919114170024165,0.0,-0.09200412860049333,0.004148097127991384,0.01327067112717517,-0.008600416843771332,0.002443768850826449,-0.0037403435375684157,-0.00023340321150982184,0.0012964427752740718,0.001903081683323745,-0.005289444404457552,-0.005157556001447458,-0.02204826012770383,0.0030944211984590504,-0.011015166452168632,0.016427965175155497,0.012730720005862301,-0.09200412860049333,-0.004148097127991384,0.020076155890710167,0.0,-0.018581571572408164,0.03296037349225333,0.0034675545466440003,0.010850880151136222,-0.0002525671646752331,-0.0015934021334317152,0.0012125259067898666,0.008019290500743785,0.01137462534509921,0.007183947227584831,-0.010323882933682336,0.0006074740030615998,0.07522390549549333,-0.024724860055339658,0.01327067112717517,0.008600416843771332,-0.018581571572408164,-0.03296037349225333,-0.033338184312784166,0.0,-0.005224092413537815,0.005665238606348269,0.0006369283565953334,-0.0003389138321778666,-0.030942739679899498,0.023527804797860995,-0.02168748621822897,-0.030980614450919677,-0.0028998394257548333,-0.0073819510269363675,-0.0035481136678155167,0.0008293342961840784,0.002443768850826449,0.0037403435375684157,0.0034675545466440003,-0.010850880151136222,-0.005224092413537815,-0.005665238606348269,0.00773612721436385,0.0,0.9997698946563002
0.26200000000000034,0.001592082400484417,0.0,-0.00041098873927906677,-0.0016194098269759003,-0.0018846702140848334,-0.000766228631298517,0.0012159411906986003,7.633422066988321e-05,0.0006298419190628001,-0.0006065043842173166,0.00013177868324313317,-0.0006159648470795265,0.0011164281144405,0.0006981994239725671,-0.0009949629364666736,-0.0013288963752044335,-0.0006578836620654001,0.00018204045601570018,-0.00041098873927906677,0.0016194098269759003,0.21174271535169992,0.0,0.2430520788149001,0.06397980551415833,0.023898945915057528,0.03943882689418,0.03375765309523165,-0.0034889013982673336,0.008536905701736748,-0.010082333170841517,0.001742629043412033,0.005321177026964834,0.0010628431060752666,-0.008260339073371396,-0.03155674475499933,-0.023382849455663837,-0.0018846702140848334,0.000766228631298517,0.2430520788149001,-0.06397980551415833,0.5433491155468168,0.0,0.049857210299064994,0.05565855545476834,0.032949750979583484,-0.021454557711574496,-0.011122283972833881,-0.01963074368985301,-0.005640627607904615,0.021903875541707033,0.010973596051452471,-0.007178169020731508,-0.02221920457941184,0.031065130258706487,0.0012159411906986003,-7.633422066988321e-05,0.023898945915057528,-0.03943882689418,0.049857210299064994,-0.05565855545476834,0.26199575969348343,0.0,0.04436896282868866,0.019213636521513058,0.0009961584242166835,-0.0013828805365183499,0.0030218382012636,0.01098286545628475,-0.010396535630942986,-0.0005339732847513337,-0.0030106718330769164,0.007453008474582233,0.0006298419190628001,0.0006065043842173166,0.03375765309523165,0.0034889013982673336,0.032949750979583484,0.021454557711574496,0.04436896282868866,-0.019213636521513058,0.08673990220675502,0.0,0.044736379159335,0.00791568206432575,0.01635217543173683,-0.01272203426576975,0.07535975623838834,0.024631875965656327,-0.00357355637709085,-0.0010074855352922402,0.00013177868324313317,0.0006159648470795265,0.008536905701736748,0.010082333170841517,-0.011122283972833881,0.01963074368985301,0.0009961584242166835,0.0013828805365183499,0.044736379159335,-0.00791568206432575,-0.09957803153833336,0.0,-0.09203686391072832,0.004215694038308035,0.013335629324933495,-0.00867750700054625,0.0023901254298427,-0.0037354611862268684,0.0011164281144405,-0.0006981994239725671,0.001742629043412033,-0.005321177026964834,-0.005640627607904615,-0.021903875541707033,0.0030218382012636,-0.01098286545628475,0.01635217543173683,0.01272203426576975,-0.09203686391072832,-0.004215694038308035,0.01997752717162083,0.0,-0.018790242675007163,0.03288076384964667,0.0035070296959553507,0.010842526317625603,-0.0009949629364666736,0.0013288963752044335,0.0010628431060752666,0.008260339073371396,0.010973596051452471,0.007178169020731508,-0.010396535630942986,0.0005339732847513337,0.07535975623838834,-0.024631875965656327,0.013335629324933495,0.00867750700054625,-0.018790242675007163,-0.03288076384964667,-0.03348113319786166,0.0,-0.0051383976984151845,0.00561703013764835,-0.0006578836620654001,-0.00018204045601570018,-0.03155674475499933,0.023382849455663837,-0.02221920457941184,-0.031065130258706487,-0.0030106718330769164,-0.007453008474582233,-0.00357355637709085,0.0010074855352922402,0.0023901254298427,0.0037354611862268684,0.0035070296959553507,-0.010842526317625603,-0.0051383976984151845,-0.00561703013764835,0.007431773460167931,0.0,0.9997697110952
0.26299999999999996,0.0015918988576433173,0.0,0.0014528981048651669,0.0008197000044080069,0.001882315066218473,-0.0008989372811060004,-0.0008471371116763498,0.0009425470595273505,3.3232828555165984e-06,0.0008488959498925335,0.00031416078512816665,0.0005257814703179684,-0.0012825750216192333,0.00035019745427211646,0.0017074407757552838,0.00022248591827965,0.0003263584831065001,-0.0005586418330036665,0.0014528981048651669,-0.0008197000044080069,0.21437472782981673,0.0,0.2444937263653667,0.06480313640636332,0.02435298357058018,0.03981825475497666,0.03392799115056834,-0.0037562463539689015,0.00877479966998498,-0.010126220767448868,0.0015918130176071667,0.00532963594171677,0.0009361842413890282,-0.008514974700328583,-0.032174229489820676,-0.0232697591778695,0.001882315066218473,0.0008989372811060004,0.2444937263653667,-0.06480313640636332,0.5402425256343167,0.0,0.04936652183157501,0.05557450189466832,0.03271261308773033,-0.021159114819745552,-0.010676859170298283,-0.019470774896568992,-0.0060916907156421665,0.021716494830326984,0.010619814712480153,-0.007144489519706063,-0.02274658050150536,0.031056208096624006,-0.0008471371116763498,-0.0009425470595273505,0.02435298357058018,-0.03981825475497666,0.04936652183157501,-0.05557450189466832,0.2631704776885834,0.0,0.044681431956914666,0.019284382320138672,0.0010189418150653698,-0.0013677607795941316,0.002945931035253917,0.010968058032496997,-0.010457626672226635,-0.00043774340990136707,-0.0031369769424806665,0.007526399686543251,3.3232828555165984e-06,-0.0008488959498925335,0.03392799115056834,0.0037562463539689015,0.03271261308773033,0.021159114819745552,0.044681431956914666,-0.019284382320138672,0.08696956377431998,0.0,0.04487215886275167,0.008000705280825866,0.016286254715228668,-0.012736124913996082,0.07550171205655996,0.02453348866208184,-0.0035642254855677504,-0.0011830005071597832,0.00031416078512816665,-0.0005257814703179684,0.00877479966998498,0.010126220767448868,-0.010676859170298283,0.019470774896568992,0.0010189418150653698,0.0013677607795941316,0.04487215886275167,-0.008000705280825866,-0.09996896943642672,0.0,-0.09202507036955503,0.004272039105466268,0.013381658849820836,-0.008740195219761446,0.002345944501022467,-0.0037434700687949516,-0.0012825750216192333,-0.00035019745427211646,0.0015918130176071667,-0.00532963594171677,-0.0060916907156421665,-0.021716494830326984,0.002945931035253917,-0.010968058032496997,0.016286254715228668,0.012736124913996082,-0.09202507036955503,-0.004272039105466268,0.01988131908380184,0.0,-0.018997138829857162,0.032792693406640004,0.003569637142191599,0.01086020305289655,0.0017074407757552838,-0.00022248591827965,0.0009361842413890282,0.008514974700328583,0.010619814712480153,0.007144489519706063,-0.010457626672226635,0.00043774340990136707,0.07550171205655996,-0.02453348866208184,0.013381658849820836,0.008740195219761446,-0.018997138829857162,-0.032792693406640004,-0.033621660972908,0.0,-0.005078637891797014,0.005563911703046417,0.0003263584831065001,0.0005586418330036665,-0.032174229489820676,0.0232697591778695,-0.02274658050150536,-0.031056208096624006,-0.0031369769424806665,-0.007526399686543251,-0.0035642254855677504,0.0011830005071597832,0.002345944501022467,0.0037434700687949516,0.003569637142191599,-0.01086020305289655,-0.005078637891797014,-0.005563911703046417,0.007129645085350216,0.0,0.9997695275446835
0.26399999999999973,0.0015917153120926166,0.0,-0.001599623209954183,0.0004693954970952664,-0.0006362714375876282,0.0020528023573028564,-0.00018994656415103502,-0.0013168308676774667,-0.0006066659145438082,-0.0005654929040227417,-0.0005786753385739666,-0.00015050555255513486,0.0006215783772603169,-0.0011757448874878634,-0.001393149742449117,0.0010854903292946813,0.00013985815059571504,0.0006060130414531701,-0.001599623209954183,-0.0004693954970952664,0.2170308440462333,0.0,0.2459150035734667,0.06548776130462165,0.02484950827158533,0.04016837182682498,0.03409244850326667,-0.004045292092069149,0.008989639000130167,-0.01017336273286035,0.0014355191850194502,0.005335227722579803,0.0007910508376938432,-0.008791976321243632,-0.032773602493596676,-0.023167289911332503,-0.0006362714375876282,-0.0020528023573028564,0.2459150035734667,-0.06548776130462165,0.53710880000485,0.0,0.04887778262439835,0.05551695634948165,0.03254997176220433,-0.020846533726859386,-0.010258892954882864,-0.019302857238708625,-0.006572772402436333,0.02150575320570254,0.0103049231186545,-0.007107382226997495,-0.023278775590033995,0.031009307369506176,-0.00018994656415103502,0.0013168308676774667,0.02484950827158533,-0.04016837182682498,0.04887778262439835,-0.05551695634948165,0.2643463167681833,0.0,0.044984889343972816,0.019344465944529703,0.0010444566166306498,-0.0013551878812364847,0.0028932214372197045,0.010956913134133488,-0.010570363489555234,-0.00028735313690093624,-0.0032582705933173178,0.0076183571047357184,-0.0006066659145438082,0.0005654929040227417,0.03409244850326667,0.004045292092069149,0.03254997176220433,0.020846533726859386,0.044984889343972816,-0.019344465944529703,0.08719910130672501,0.0,0.04500540809579667,0.008123732118402168,0.016252827818004665,-0.012770224654541166,0.07564437040648336,0.02443203940036884,-0.0035370607735765998,-0.0013516228061450331,-0.0005786753385739666,0.00015050555255513486,0.008989639000130167,0.01017336273286035,-0.010258892954882864,0.019302857238708625,0.0010444566166306498,0.0013551878812364847,0.04500540809579667,-0.008123732118402168,-0.10036431445420665,0.0,-0.09200563150163496,0.004318148776877582,0.013413508962182335,-0.008800328975193466,0.0023179261252564997,-0.003716343490054849,0.0006215783772603169,0.0011757448874878634,0.0014355191850194502,-0.005335227722579803,-0.006572772402436333,-0.02150575320570254,0.0028932214372197045,-0.010956913134133488,0.016252827818004665,0.012770224654541166,-0.09200563150163496,-0.004318148776877582,0.019787204998456667,0.0,-0.01919148032271517,0.03271244207201833,0.003660948534415983,0.010873854231349107,-0.001393149742449117,-0.0010854903292946813,0.0007910508376938432,0.008791976321243632,0.0103049231186545,0.007107382226997495,-0.010570363489555234,0.00028735313690093624,0.07564437040648336,-0.02443203940036884,0.013413508962182335,0.008800328975193466,-0.01919148032271517,-0.03271244207201833,-0.033759635365688004,0.0,-0.00500327399875295,0.005470986913297615,0.00013985815059571504,-0.0006060130414531701,-0.032773602493596676,0.023167289911332503,-0.023278775590033995,-0.031009307369506176,-0.0032582705933173178,-0.0076183571047357184,-0.0035370607735765998,0.0013516228061450331,0.0023179261252564997,0.003716343490054849,0.003660948534415983,-0.010873854231349107,-0.00500327399875295,-0.005470986913297615,0.006829311374593919,0.0,0.999769343990833
0.26500000000000024,0.0015915317516663671,0.0,0.0007681707486225165,-0.0014684849125503499,-0.0010797804131665975,-0.001897358056557217,0.0011703881456618832,0.0007702523798567651,0.0008048915862780167,-5.65158359712049e-05,0.0005080958044898633,-0.00029914871153653336,0.00043487938690606626,0.0012525110664550836,0.00021875228629418322,-0.0017798177422485503,-0.0004935520062019498,-0.0003411086773926667,0.0007681707486225165,0.0014684849125503499,0.21970557473295002,0.0,0.2473168634833833,0.06600820566361833,0.025338492149517715,0.04045737890116165,0.034266652092126655,-0.004312927341238318,0.009204433349906067,-0.010223831283919689,0.0012666193438174665,0.005341289583297338,0.0006151015970490462,-0.009083651301400165,-0.033370784038018325,-0.023063992285014833,-0.0010797804131665975,0.001897358056557217,0.2473168634833833,-0.06600820566361833,0.5339533783445666,0.0,0.04831593464858501,0.055476095561376663,0.032429323378079834,-0.020543829425605068,-0.009854950139303152,-0.019109265664335334,-0.007087978592485551,0.021265003052895814,0.010001399076044732,-0.007119042749540171,-0.02382376970283667,0.030989644078436664,0.0011703881456618832,-0.0007702523798567651,0.025338492149517715,-0.04045737890116165,0.04831593464858501,-0.055476095561376663,0.26552316650238333,0.0,0.045281128482334995,0.01940933322537565,0.0010630164309723663,-0.0013439666112200004,0.0028541131233704663,0.010902654691149935,-0.010709124429909731,-0.0001282127941149137,-0.003389885937372251,0.007686975243129299,0.0008048915862780167,5.65158359712049e-05,0.034266652092126655,0.004312927341238318,0.032429323378079834,0.020543829425605068,0.045281128482334995,-0.01940933322537565,0.08742907758913167,0.0,0.045119072382015,0.008249751027125886,0.016227720488341084,-0.01280298631050067,0.07578413427665999,0.02432367576537667,-0.0035032724292971334,-0.0015017354967819662,0.0005080958044898633,0.00029914871153653336,0.009204433349906067,0.010223831283919689,-0.009854950139303152,0.019109265664335334,0.0010630164309723663,0.0013439666112200004,0.045119072382015,-0.008249751027125886,-0.10076454918117168,0.0,-0.092017598233865,0.004362030109674098,0.013442510093938,-0.008869885424625067,0.002301583907523463,-0.0036620767860331685,0.00043487938690606626,-0.0012525110664550836,0.0012666193438174665,-0.005341289583297338,-0.007087978592485551,-0.021265003052895814,0.0028541131233704663,-0.010902654691149935,0.016227720488341084,0.01280298631050067,-0.092017598233865,-0.004362030109674098,0.019694761466738504,0.0,-0.019364325683696833,0.032653246468643336,0.003743712682781833,0.01085865805128892,0.00021875228629418322,0.0017798177422485503,0.0006151015970490462,0.009083651301400165,0.010001399076044732,0.007119042749540171,-0.010709124429909731,0.0001282127941149137,0.07578413427665999,-0.02432367576537667,0.013442510093938,0.008869885424625067,-0.019364325683696833,-0.032653246468643336,-0.0338947976143045,0.0,-0.004893262016541225,0.005357005539214134,-0.0004935520062019498,0.0003411086773926667,-0.033370784038018325,0.023063992285014833,-0.02382376970283667,-0.030989644078436664,-0.003389885937372251,-0.007686975243129299,-0.0035032724292971334,0.0015017354967819662,0.002301583907523463,0.0036620767860331685,0.003743712682781833,-0.01085865805128892,-0.004893262016541225,-0.005357005539214134,0.006531016831253387,0.0,0.9997691604232668
0.266,0.0015913481893661831,0.0,0.0005312357733471331,0.0015691348312836667,0.0021263004532721336,0.0004976342053851668,-0.0014216504506535839,0.0003863156984089833,-0.00048623420119127164,0.0006089073699407083,-0.00016052976631211822,0.0005653434121500668,-0.0012307818666667941,-0.0005439095420628597,0.0011361529164124029,0.001440273864505005,0.0005644474746640117,-8.888851294344678e-05,0.0005312357733471331,-0.0015691348312836667,0.22239282238296668,0.0,0.2487242310174333,0.06635892966241833,0.025782540126076465,0.04068231226775501,0.03443163536077,-0.0045720114685418155,0.009459158227393799,-0.010265430781670415,0.0011027047666164482,0.00533537417506009,0.00043788234494141637,-0.00937584662029345,-0.033997439284735004,-0.022972799358076,0.0021263004532721336,-0.0004976342053851668,0.2487242310174333,-0.06635892966241833,0.5307825941166168,0.0,0.04770225801898165,0.055447686887858345,0.03227932072714916,-0.02024955987408542,-0.00942728697809595,-0.018896775732529337,-0.007565486148939565,0.020981874631982794,0.009693846342679568,-0.0071810367864708164,-0.024386815305934496,0.030972565471862834,-0.0014216504506535839,-0.0003863156984089833,0.025782540126076465,-0.04068231226775501,0.04770225801898165,-0.055447686887858345,0.26670135047446664,0.0,0.04557151386566002,0.019507280739176635,0.0010704856920985496,-0.0013424079824112167,0.002793781359428317,0.010799044195730769,-0.0108131575091221,-5.227922709999917e-06,-0.003541219526826649,0.0076962634004924734,-0.00048623420119127164,-0.0006089073699407083,0.03443163536077,0.0045720114685418155,0.03227932072714916,0.02024955987408542,0.04557151386566002,-0.019507280739176635,0.08765841382526164,0.0,0.04521020139176833,0.008345930936616865,0.016173551872389377,-0.012821921579625301,0.07593769698445164,0.024207699355063,-0.0034614667817925993,-0.00163077272523693,-0.00016052976631211822,-0.0005653434121500668,0.009459158227393799,0.010265430781670415,-0.00942728697809595,0.018896775732529337,0.0010704856920985496,0.0013424079824112167,0.04521020139176833,-0.008345930936616865,-0.10116913042397999,0.0,-0.09205070781638833,0.004399085055724233,0.013470153239307336,-0.008941284567689667,0.0022886741759293667,-0.003637043272709582,-0.0012307818666667941,0.0005439095420628597,0.0011027047666164482,-0.00533537417506009,-0.007565486148939565,-0.020981874631982794,0.002793781359428317,-0.010799044195730769,0.016173551872389377,0.012821921579625301,-0.09205070781638833,-0.004399085055724233,0.01960353811402784,0.0,-0.01951963052871967,0.032612152182565,0.0038006380635873175,0.010833358823400278,0.0011361529164124029,-0.001440273864505005,0.00043788234494141637,0.00937584662029345,0.009693846342679568,0.0071810367864708164,-0.0108131575091221,5.227922709999917e-06,0.07593769698445164,-0.024207699355063,0.013470153239307336,0.008941284567689667,-0.01951963052871967,-0.032612152182565,-0.03402678225602684,0.0,-0.0047839343250288165,0.005263064212365733,0.0005644474746640117,8.888851294344678e-05,-0.033997439284735004,0.022972799358076,-0.024386815305934496,-0.030972565471862834,-0.003541219526826649,-0.0076962634004924734,-0.0034614667817925993,0.00163077272523693,0.0022886741759293667,0.003637043272709582,0.0038006380635873175,-0.010833358823400278,-0.0047839343250288165,-0.005263064212365733,0.006234822430515787,0.0,0.9997689768534497
0.2669999999999998,0.0015911646334859503,0.0,-0.0015145803287540333,-0.0007229710437867231,-0.0018024279709163173,0.001241187376279324,0.0006568184733245168,-0.0013853171448453998,-0.00011984232266739021,-0.000748401795555,-0.0002608755437648826,-0.0005268392173829096,0.0012807143015562165,-0.0005300579500086764,-0.0018854301185988113,-0.00019856157014321664,-0.00031278267181575017,0.0004386148986736334,-0.0015145803287540333,0.0007229710437867231,0.2250866821671167,0.0,0.2501523598782334,0.06654223731664999,0.02621412941024099,0.040876164717106665,0.03455349332046,-0.004865946254790866,0.00973944624360512,-0.010302643754000248,0.0009649868314357652,0.0053105434383474,0.00027609389197659164,-0.009669131131063349,-0.03464990591565834,-0.02290263966917117,-0.0018024279709163173,-0.001241187376279324,0.2501523598782334,-0.06654223731664999,0.527602793683,0.0,0.04712239954085336,0.055424716357864987,0.03210105517925267,-0.019937545214212322,-0.008977078411958413,-0.018696884747926502,-0.00796087485106829,0.02067062489879935,0.009390013849950798,-0.007253446503549254,-0.024955872035656666,0.030885062332759828,0.0006568184733245168,0.0013853171448453998,0.02621412941024099,-0.040876164717106665,0.04712239954085336,-0.055424716357864987,0.2678815899551166,0.0,0.04584688776486498,0.019627704051367333,0.0010773290419702833,-0.0013523022487137008,0.002697723272224466,0.010691538213310583,-0.010902095495988648,9.54960188265002e-05,-0.0036968924003153336,0.00768678508663031,-0.00011984232266739021,0.000748401795555,0.03455349332046,0.004865946254790866,0.03210105517925267,0.019937545214212322,0.04584688776486498,-0.019627704051367333,0.08788577004630833,0.0,0.045295600392571654,0.008429062967645302,0.016090487380238085,-0.012832040727549015,0.07611795045026831,0.024090167295907166,-0.0034140696391449944,-0.0017520353739717955,-0.0002608755437648826,0.0005268392173829096,0.00973944624360512,0.010302643754000248,-0.008977078411958413,0.018696884747926502,0.0010773290419702833,0.0013523022487137008,0.045295600392571654,-0.008429062967645302,-0.10157689377417832,0.0,-0.09206063400857502,0.004419989605225768,0.013485554093370168,-0.008998419492000285,0.0022736700645930997,-0.003659541500774718,0.0012807143015562165,0.0005300579500086764,0.0009649868314357652,-0.0053105434383474,-0.00796087485106829,-0.02067062489879935,0.002697723272224466,-0.010691538213310583,0.016090487380238085,0.012832040727549015,-0.09206063400857502,-0.004419989605225768,0.019512949473695994,0.0,-0.01966402012499417,0.03257637385357999,0.0038579402851037685,0.010830447026568133,-0.0018854301185988113,0.00019856157014321664,0.00027609389197659164,0.009669131131063349,0.009390013849950798,0.007253446503549254,-0.010902095495988648,-9.54960188265002e-05,0.07611795045026831,-0.024090167295907166,0.013485554093370168,0.008998419492000285,-0.01966402012499417,-0.03257637385357999,-0.03415536311354788,0.0,-0.004702355226441869,0.005189199720668445,-0.00031278267181575017,-0.0004386148986736334,-0.03464990591565834,0.02290263966917117,-0.024955872035656666,-0.030885062332759828,-0.0036968924003153336,-0.00768678508663031,-0.0034140696391449944,0.0017520353739717955,0.0022736700645930997,0.003659541500774718,0.0038579402851037685,-0.010830447026568133,-0.004702355226441869,-0.005189199720668445,0.005940100218843134,0.0,0.9997687932904333
0.2680000000000003,0.001590981079107517,0.0,0.001607790736991917,-0.0005721751228254332,0.00030508107889225006,-0.0021968086046434804,0.0006352053113926969,0.0014371268768950582,0.0006273559972661834,0.0004171071279423331,0.0005449772529368999,0.00021629320596104173,-0.0005261829762767489,0.001311001558457967,0.00148997527042953,-0.0012459447473010495,-8.40308187842664e-05,-0.0005028177073856366,0.001607790736991917,0.0005721751228254332,0.227780870597,0.0,0.2515840996354835,0.06654869189782332,0.026682028654122492,0.041059088063224995,0.034638729784075,-0.0051918302234277005,0.009986481284122679,-0.010355038582845021,0.0008485932429725833,0.005275090400349484,0.00010732838641082143,-0.00997233470825435,-0.035297821048625,-0.02283780727673116,0.00030508107889225006,0.0021968086046434804,0.2515840996354835,-0.06654869189782332,0.5244205694852666,0.0,0.046592494882260006,0.05540249953065667,0.031962091017840276,-0.019607359093363495,-0.008546313104644699,-0.018522146966459336,-0.008318366923642066,0.02036369232989418,0.009099758143548254,-0.007323716694656101,-0.025520565774926663,0.030722843159809672,0.0006352053113926969,-0.0014371268768950582,0.026682028654122492,-0.041059088063224995,0.046592494882260006,-0.05540249953065667,0.2690639455712667,0.0,0.046111072420988324,0.019728963021628996,0.0010961411288186497,-0.0013670494410639679,0.002589808055744983,0.010603842063815408,-0.011052399376178799,0.00019627540518893366,-0.0038440652801705836,0.007718247429853498,0.0006273559972661834,-0.0004171071279423331,0.034638729784075,0.0051918302234277005,0.031962091017840276,0.019607359093363495,0.046111072420988324,-0.019728963021628996,0.088111409952335,0.0,0.045385892732306664,0.008531899118959834,0.016008006495590667,-0.01283718311411273,0.07631694092092996,0.023971805691879837,-0.0033682572252154218,-0.0018801740815359961,0.0005449772529368999,-0.00021629320596104173,0.009986481284122679,0.010355038582845021,-0.008546313104644699,0.018522146966459336,0.0010961411288186497,0.0013670494410639679,0.045385892732306664,-0.008531899118959834,-0.10198739651852332,0.0,-0.09204340739354833,0.004431338525245603,0.013484003730835003,-0.009041575103973782,0.0022549441260179062,-0.00368451831379025,-0.0005261829762767489,-0.001311001558457967,0.0008485932429725833,-0.005275090400349484,-0.008318366923642066,-0.02036369232989418,0.002589808055744983,-0.010603842063815408,0.016008006495590667,0.01283718311411273,-0.09204340739354833,-0.004431338525245603,0.019422488088765,0.0,-0.019799250422734335,0.032545240603390015,0.0039357551484998175,0.010848810206603882,0.00148997527042953,0.0012459447473010495,0.00010732838641082143,0.00997233470825435,0.009099758143548254,0.007323716694656101,-0.011052399376178799,-0.00019627540518893366,0.07631694092092996,-0.023971805691879837,0.013484003730835003,0.009041575103973782,-0.019799250422734335,-0.032545240603390015,-0.03428050935936306,0.0,-0.004619180663590099,0.005103644442095975,-8.40308187842664e-05,0.0005028177073856366,-0.035297821048625,0.02283780727673116,-0.025520565774926663,-0.030722843159809672,-0.0038440652801705836,-0.007718247429853498,-0.0033682572252154218,0.0018801740815359961,0.0022549441260179062,0.00368451831379025,0.0039357551484998175,-0.010848810206603882,-0.004619180663590099,-0.005103644442095975,0.005646250832052101,0.0,0.9997686097281833
0.2690000000000001,0.0015907975103129162,0.0,-0.0007315295834363116,0.0015569675958121663,0.0014143925325071503,0.0017440892161834666,-0.001517065727479601,-0.0004903618640638761,-0.000740432506119255,0.0001656579195938619,-0.0005459863582733004,0.00020266960753738815,-0.0005695890831198864,-0.0012915537502088997,-0.0001393133052448201,0.0019451657043651172,0.0003786773517739168,0.00030301705344872677,-0.0007315295834363116,-0.0015569675958121663,0.2304687641771666,0.0,0.25302350572605,0.06637649347423001,0.027177516142266888,0.04122783447693167,0.034734498103055005,-0.00550872405232045,0.010177750720472247,-0.010420557071291695,0.0007346919225568665,0.005237753322587033,-8.979052211038351e-05,-0.010289292270186033,-0.03593162863582168,-0.022768127346301667,0.0014143925325071503,-0.0017440892161834666,0.25302350572605,-0.06637649347423001,0.5212425596889166,0.0,0.04605088776653667,0.055384470385276684,0.031883334566790524,-0.019297054967106993,-0.008150783292663215,-0.018346221932399834,-0.008690673514153008,0.020077252009472298,0.008821263708173675,-0.0074331891340952755,-0.026088350380406165,0.03055008734704167,-0.001517065727479601,0.0004903618640638761,0.027177516142266888,-0.04122783447693167,0.04605088776653667,-0.055384470385276684,0.2702477747839834,0.0,0.046388282360466666,0.019796992666140333,0.0011286885626428168,-0.0013810575220897171,0.0025025381528172336,0.010502859924925782,-0.01126204166381542,0.0002726175600923997,-0.003989595788977816,0.007773935731086573,-0.000740432506119255,-0.0001656579195938619,0.034734498103055005,0.00550872405232045,0.031883334566790524,0.019297054967106993,0.046388282360466666,-0.019796992666140333,0.08833650019228502,0.0,0.04547986313409667,0.008644563471264332,0.015942131580761833,-0.012837666093989751,0.07652281417667167,0.023848435624262674,-0.0033270045284854335,-0.00201248519788345,-0.0005459863582733004,-0.00020266960753738815,0.010177750720472247,0.010420557071291695,-0.008150783292663215,0.018346221932399834,0.0011286885626428168,0.0013810575220897171,0.04547986313409667,-0.008644563471264332,-0.10240123037588336,0.0,-0.09204784796245666,0.0044531712916565,0.013478618215563136,-0.009085574913083818,0.0022309834427038833,-0.0036783888235977992,-0.0005695890831198864,0.0012915537502088997,0.0007346919225568665,-0.005237753322587033,-0.008690673514153008,-0.020077252009472298,0.0025025381528172336,-0.010502859924925782,0.015942131580761833,0.012837666093989751,-0.09204784796245666,-0.0044531712916565,0.019332080917941995,0.0,-0.019933816580598,0.03253475293417833,0.0040108793572050366,0.010860300830046883,-0.0001393133052448201,-0.0019451657043651172,-8.979052211038351e-05,0.010289292270186033,0.008821263708173675,0.0074331891340952755,-0.01126204166381542,-0.0002726175600923997,0.07652281417667167,-0.023848435624262674,0.013478618215563136,0.009085574913083818,-0.019933816580598,-0.03253475293417833,-0.03440208869878644,0.0,-0.004501948744181888,0.005005885295428084,0.0003786773517739168,-0.00030301705344872677,-0.03593162863582168,0.022768127346301667,-0.026088350380406165,-0.03055008734704167,-0.003989595788977816,-0.007773935731086573,-0.0033270045284854335,0.00201248519788345,0.0022309834427038833,0.0036783888235977992,0.0040108793572050366,-0.010860300830046883,-0.004501948744181888,-0.005005885295428084,0.00535326795563018,0.0,0.9997684261515
0.2699999999999997,0.001590613932346134,0.0,-0.0006062806219791836,-0.0016127074621371,-0.0022434954891016176,-0.00015271585792533306,0.00139693942726668,-0.0008188928848199165,0.0004021907049368634,-0.0006432988734941652,0.0002757625888627833,-0.0005070281345864734,0.0013208016403655838,0.0004867573047196801,-0.0013096952676470341,-0.0014418368445480501,-0.000462280103360405,9.239407066766578e-06,-0.0006062806219791836,0.0016127074621371,0.23314393425391663,0.0,0.2544523883734666,0.06604152596877998,0.027653455187697504,0.041373258849296664,0.03485643652631999,-0.005806973323096201,0.010349170101658,-0.010463964230830515,0.0006254627874360668,0.0051901126649458226,-0.00029201664807943325,-0.010611845693976453,-0.036561971569370015,-0.022703437736876338,-0.0022434954891016176,0.00015271585792533306,0.2544523883734666,-0.06604152596877998,0.5180752451269834,0.0,0.04546618122168,0.05536510370082834,0.031799964695215996,-0.019026841058447822,-0.007750305800099038,-0.0181277635302869,-0.009054343932640783,0.019800075757678646,0.008551692698390567,-0.0075967194564956165,-0.02665628778278344,0.03037964352610949,0.00139693942726668,0.0008188928848199165,0.027653455187697504,-0.041373258849296664,0.04546618122168,-0.05536510370082834,0.27143248699191674,0.0,0.04668482657528498,0.019855441274875835,0.0011704768526747166,-0.0013934292041528505,0.00243771072976285,0.010354328427776794,-0.011435208433191684,0.0002921818232171417,-0.004139418844892599,0.007790200161416417,0.0004021907049368634,0.0006432988734941652,0.03485643652631999,0.005806973323096201,0.031799964695215996,0.019026841058447822,0.04668482657528498,-0.019855441274875835,0.08856097097863834,0.0,0.04556877895073667,0.008722777327656833,0.01587852537226183,-0.01283498081490302,0.07672443812212999,0.02371588253072612,-0.0032833495970070988,-0.0021308090687622663,0.0002757625888627833,0.0005070281345864734,0.010349170101658,0.010463964230830515,-0.007750305800099038,0.0181277635302869,0.0011704768526747166,0.0013934292041528505,0.04556877895073667,-0.008722777327656833,-0.10281859155689498,0.0,-0.09207375731289331,0.004487085471260367,0.013482075669755317,-0.009133723686631786,0.0022029683166441935,-0.003670403484832342,0.0013208016403655838,-0.0004867573047196801,0.0006254627874360668,-0.0051901126649458226,-0.009054343932640783,-0.019800075757678646,0.00243771072976285,-0.010354328427776794,0.01587852537226183,0.01283498081490302,-0.09207375731289331,-0.004487085471260367,0.019242065291237502,0.0,-0.020082619030478668,0.032541780959871675,0.004046205758024623,0.010848996292936801,-0.0013096952676470341,0.0014418368445480501,-0.00029201664807943325,0.010611845693976453,0.008551692698390567,0.0075967194564956165,-0.011435208433191684,-0.0002921818232171417,0.07672443812212999,-0.02371588253072612,0.013482075669755317,0.009133723686631786,-0.020082619030478668,-0.032541780959871675,-0.03451975079738765,0.0,-0.004375705712145027,0.004935093156202517,-0.000462280103360405,-9.239407066766578e-06,-0.036561971569370015,0.022703437736876338,-0.02665628778278344,-0.03037964352610949,-0.004139418844892599,-0.007790200161416417,-0.0032833495970070988,0.0021308090687622663,0.0022029683166441935,0.003670403484832342,0.004046205758024623,-0.010848996292936801,-0.004375705712145027,-0.004935093156202517,0.005061268345324366,0.0,0.9997682425667166
0.2710000000000004,0.0015904303628362,0.0,0.0015864741691153617,0.0007004361104954502,0.0016215844621879497,-0.001562173766896567,-0.00029062961752846655,0.0016287737578485832,0.00017368444038228325,0.0007295424162167169,0.00011417800693521654,0.0005579897597347885,-0.0012792715297699334,0.0006113005530933666,0.001972960691725419,3.109969398533339e-05,0.0003327482841571834,-0.00029332205935310673,0.0015864741691153617,-0.0007004361104954502,0.23580117737773335,0.0,0.25587872544365003,0.06557933179863334,0.028110925962685926,0.04150846869436168,0.034972552584551654,-0.006126668892922849,0.010526857813936497,-0.010462340353937597,0.00054098233189475,0.005122838801114834,-0.0004598680097311335,-0.0109332075665609,-0.03719326851388334,-0.022667708522435163,0.0016215844621879497,0.001562173766896567,0.25587872544365003,-0.06557933179863334,0.5149241563283,0.0,0.04489453632429499,0.05533941089892835,0.03167491631753391,-0.01877989697893805,-0.0073141076269742835,-0.0178666074046975,-0.009360545387202155,0.0195256934031956,0.008301476876943886,-0.007766430871059998,-0.027195500654644825,0.030149069951655498,-0.00029062961752846655,-0.0016287737578485832,0.028110925962685926,-0.04150846869436168,0.04489453632429499,-0.05533941089892835,0.27261805311458337,0.0,0.04699264959948166,0.0199221864235535,0.0012194862561016437,-0.0014045348303996785,0.0023754856563301067,0.010188521854723114,-0.011530148107118018,0.00026656589838214734,-0.004297299799266184,0.0077618541871606475,0.00017368444038228325,-0.0007295424162167169,0.034972552584551654,0.006126668892922849,0.03167491631753391,0.01877989697893805,0.04699264959948166,-0.0199221864235535,0.08878342360506666,0.0,0.045660115613264995,0.008756661964151818,0.015809948508542164,-0.012837671815931456,0.07694039226658998,0.023582729146384554,-0.003228855360188355,-0.0022279844712084487,0.00011417800693521654,-0.0005579897597347885,0.010526857813936497,0.010462340353937597,-0.0073141076269742835,0.0178666074046975,0.0012194862561016437,0.0014045348303996785,0.045660115613264995,-0.008756661964151818,-0.10323830553521668,0.0,-0.09208079377876005,0.004512521009674733,0.013491861734565345,-0.009176035769866519,0.002176068825511822,-0.0036965666033725677,-0.0012792715297699334,-0.0006113005530933666,0.00054098233189475,-0.005122838801114834,-0.009360545387202155,-0.0195256934031956,0.0023754856563301067,-0.010188521854723114,0.015809948508542164,0.012837671815931456,-0.09208079377876005,-0.004512521009674733,0.019152609354443833,0.0,-0.020257910629186495,0.032547911597605,0.004044944114543591,0.0108360658438153,0.001972960691725419,-3.109969398533339e-05,-0.0004598680097311335,0.0109332075665609,0.008301476876943886,0.007766430871059998,-0.011530148107118018,-0.00026656589838214734,0.07694039226658998,-0.023582729146384554,0.013491861734565345,0.009176035769866519,-0.020257910629186495,-0.032547911597605,-0.03463322875577801,0.0,-0.004287857205646816,0.004903218179806961,0.0003327482841571834,0.00029332205935310673,-0.03719326851388334,0.022667708522435163,-0.027195500654644825,-0.030149069951655498,-0.004297299799266184,-0.0077618541871606475,-0.003228855360188355,0.0022279844712084487,0.002176068825511822,0.0036965666033725677,0.004044944114543591,-0.0108360658438153,-0.004287857205646816,-0.004903218179806961,0.004769743137041256,0.0,0.9997680589894
0.2720000000000002,0.0015902468056137333,0.0,-0.001642184411904117,0.0006274851994313501,7.36911737197004e-05,0.002288790077609918,-0.0010884264966520328,-0.0013030228758972504,-0.0006370391499586997,-0.00037736473239698994,-0.00043963571511323313,-0.00034043926681613315,0.00046845051834162773,-0.0013423927115835163,-0.0013981358811029005,0.0014513852993681099,-6.0262715676001595e-05,0.00043013151869301654,-0.001642184411904117,-0.0006274851994313501,0.23843626302866677,0.0,0.25725129882293335,0.06499904301121834,0.028592254352275838,0.041628471944476685,0.03504871365967333,-0.0064920779854460335,0.010678421095121531,-0.010433029132224797,0.0004845652387925334,0.005042732163712199,-0.00059071695446073,-0.011248830703307382,-0.03780225820256667,-0.02265858149477983,7.36911737197004e-05,-0.002288790077609918,0.25725129882293335,-0.06499904301121834,0.5117940585070999,0.0,0.044380890211198336,0.05530324324905498,0.031559421389113,-0.0185261269156155,-0.0068705045192199495,-0.01759839095147345,-0.00962450148876967,0.019252958159098468,0.008087197800580002,-0.007900533867901587,-0.027673278799194068,0.0298192245885865,-0.0010884264966520328,0.0013030228758972504,0.028592254352275838,-0.041628471944476685,0.044380890211198336,-0.05530324324905498,0.2738044891471,0.0,0.04729572471552333,0.0199814086908575,0.0012774829984277167,-0.0014154371742647518,0.002313055276396885,0.010052957975713832,-0.011615583560946729,0.00023139515435476675,-0.004474209834941581,0.007740807508988131,-0.0006370391499586997,0.00037736473239698994,0.03504871365967333,0.0064920779854460335,0.031559421389113,0.0185261269156155,0.04729572471552333,-0.0199814086908575,0.08900331455494664,0.0,0.04574962201369501,0.008788974724288114,0.015751235019088834,-0.01284672110313685,0.07716609457347835,0.023458811264097202,-0.003165918867831118,-0.0023109981005427905,-0.00043963571511323313,0.00034043926681613315,0.010678421095121531,0.010433029132224797,-0.0068705045192199495,0.01759839095147345,0.0012774829984277167,0.0014154371742647518,0.04574962201369501,-0.008788974724288114,-0.10365890616813835,0.0,-0.09203285955051,0.004511756115247817,0.01349647500059757,-0.009205047787393783,0.002148129495269417,-0.0037324905794254353,0.00046845051834162773,0.0013423927115835163,0.0004845652387925334,-0.005042732163712199,-0.00962450148876967,-0.019252958159098468,0.002313055276396885,-0.010052957975713832,0.015751235019088834,0.01284672110313685,-0.09203285955051,-0.004511756115247817,0.019063364904629503,0.0,-0.020450082938330998,0.03253480547293,0.0040417622249295,0.01084299042361858,-0.0013981358811029005,-0.0014513852993681099,-0.00059071695446073,0.011248830703307382,0.008087197800580002,0.007900533867901587,-0.011615583560946729,-0.00023139515435476675,0.07716609457347835,-0.023458811264097202,0.01349647500059757,0.009205047787393783,-0.020450082938330998,-0.03253480547293,-0.03474273965136434,0.0,-0.00423097411559655,0.004870641220123755,-6.0262715676001595e-05,-0.00043013151869301654,-0.03780225820256667,0.02265858149477983,-0.027673278799194068,-0.0298192245885865,-0.004474209834941581,-0.007740807508988131,-0.003165918867831118,0.0023109981005427905,0.002148129495269417,0.0037324905794254353,0.0040417622249295,-0.01084299042361858,-0.00423097411559655,-0.004870641220123755,0.004477784295624016,0.0,0.9997678754241669
0.2729999999999998,0.00159006324809875,0.0,0.0007422825251992465,-0.0016138199318484175,-0.0017695998408873497,-0.0015470863519980664,0.0017462243999329836,3.657878305369166e-05,0.0007032824807996001,-0.0001979852132117666,0.0005347923721418184,-4.637281768493323e-05,0.0006103886722622833,0.0012581214037986166,-9.646835441085e-05,-0.002031765145562645,-0.00022947152750919995,-0.0003736080187943834,0.0007422825251992465,0.0016138199318484175,0.2410450527169167,0.0,0.2585648657795834,0.06430138284903,0.02910745194865099,0.04171227544866,0.03510691719216834,-0.006867042420172934,0.01077680945866178,-0.010407218412274051,0.0004315765640068501,0.004965821188246367,-0.00071763667289435,-0.011556871563786115,-0.03838141373258331,-0.0226562817738565,-0.0017695998408873497,0.0015470863519980664,0.2585648657795834,-0.06430138284903,0.5086894697783166,0.0,0.04388815312433333,0.055277996304566666,0.0315179185975485,-0.018269037188042833,-0.0064635373322818,-0.01734530332645196,-0.009913573848552118,0.01897729693234467,0.007917034242530731,-0.008030201109108383,-0.02811841499772535,0.02944695915150367,0.0017462243999329836,-3.657878305369166e-05,0.02910745194865099,-0.04171227544866,0.04388815312433333,-0.055277996304566666,0.2749914768178667,0.0,0.04759782427394333,0.02001922790612766,0.0013431850234653332,-0.0014227897751413266,0.0022826795991044996,0.009944343833524652,-0.011751524799971085,0.00019242224708081664,-0.004672325685717108,0.007746004758373383,0.0007032824807996001,0.0001979852132117666,0.03510691719216834,0.006867042420172934,0.0315179185975485,0.018269037188042833,0.04759782427394333,-0.02001922790612766,0.08922185459158499,0.0,0.04582824916464834,0.008854175890768484,0.015721894184710337,-0.012857952217257503,0.07738727481988335,0.023346104513886325,-0.0031059562268074157,-0.002384473589407896,0.0005347923721418184,4.637281768493323e-05,0.01077680945866178,0.010407218412274051,-0.0064635373322818,0.01734530332645196,0.0013431850234653332,0.0014227897751413266,0.04582824916464834,-0.008854175890768484,-0.10408002060666505,0.0,-0.09197525582948335,0.004490797160484231,0.013498485135632999,-0.009233818456926833,0.0021106167791764335,-0.0037282668423765175,0.0006103886722622833,-0.0012581214037986166,0.0004315765640068501,-0.004965821188246367,-0.009913573848552118,-0.01897729693234467,0.0022826795991044996,-0.009944343833524652,0.015721894184710337,0.012857952217257503,-0.09197525582948335,-0.004490797160484231,0.018973648924570995,0.0,-0.020645363584546998,0.032515268182605,0.0040500007573751,0.010857712612836495,-9.646835441085e-05,0.002031765145562645,-0.00071763667289435,0.011556871563786115,0.007917034242530731,0.008030201109108383,-0.011751524799971085,-0.00019242224708081664,0.07738727481988335,-0.023346104513886325,0.013498485135632999,0.009233818456926833,-0.020645363584546998,-0.032515268182605,-0.034848837271376,0.0,-0.004156933502522904,0.00480592350192305,-0.00022947152750919995,0.0003736080187943834,-0.03838141373258331,0.0226562817738565,-0.02811841499772535,-0.02944695915150367,-0.004672325685717108,-0.007746004758373383,-0.0031059562268074157,0.002384473589407896,0.0021106167791764335,0.0037282668423765175,0.0040500007573751,-0.010857712612836495,-0.004156933502522904,-0.00480592350192305,0.004184983659809985,0.0,0.9997676918591832
0.2740000000000004,0.0015898796791441834,0.0,0.000611712273721,0.0016693212540373334,0.0023802231261117993,-0.00021635810704211366,-0.0012376091910674164,0.00131226113114115,-0.00032954460887011635,0.0006287816442085682,-0.0003385638149364781,0.00039415881399576665,-0.0012932172797114501,-0.0004332984188247033,0.0015308958086577328,0.001331374005433117,0.00042237090555228147,0.00014609280501814154,0.000611712273721,-0.0016693212540373334,0.24362330565216667,0.0,0.25982034813321664,0.06348037896084001,0.029600368777742168,0.04174562047608501,0.03517773133392332,-0.007202417265406898,0.010859548435692264,-0.010378792291635765,0.0003677557159172168,0.00489164246818455,-0.0008551054561111673,-0.011860130096359044,-0.038940501640345,-0.022650658779588495,0.0023802231261117993,0.00021635810704211366,0.25982034813321664,-0.06348037896084001,0.5056147269566499,0.0,0.04335040519077498,0.05527668969136168,0.03150762420188471,-0.01802236543358084,-0.006084291298417417,-0.017076186072054474,-0.010243928925203651,0.01868290186769009,0.007777172361471166,-0.008205760751810785,-0.028586087042018662,0.029090597789965502,-0.0012376091910674164,-0.00131226113114115,0.029600368777742168,-0.04174562047608501,0.04335040519077498,-0.05527668969136168,0.27617878991824996,0.0,0.04789531310508333,0.020048976356285494,0.0014081336849321668,-0.001425877602517071,0.0022996184825917693,0.00981539831478428,-0.011890933800593874,0.0001387062270699004,-0.004862925546513501,0.007737893955991609,-0.00032954460887011635,-0.0006287816442085682,0.03517773133392332,0.007202417265406898,0.03150762420188471,0.01802236543358084,0.04789531310508333,-0.020048976356285494,0.08944018176378163,0.0,0.045889845767505,0.008928746531493285,0.015711181820081,-0.012868968467696501,0.0775849451526083,0.023233658225886907,-0.0030515056542493504,-0.0024483225340476327,-0.0003385638149364781,-0.00039415881399576665,0.010859548435692264,0.010378792291635765,-0.006084291298417417,0.017076186072054474,0.0014081336849321668,0.001425877602517071,0.045889845767505,-0.008928746531493285,-0.10450200901881496,0.0,-0.09195006347397833,0.004464388158566615,0.013504011298022953,-0.009271850148379434,0.002063321939283358,-0.0036826879995698666,-0.0012932172797114501,0.0004332984188247033,0.0003677557159172168,-0.00489164246818455,-0.010243928925203651,-0.01868290186769009,0.0022996184825917693,-0.00981539831478428,0.015711181820081,0.012868968467696501,-0.09195006347397833,-0.004464388158566615,0.018882923153172537,0.0,-0.020839004458589997,0.032502792971828336,0.004047304010348111,0.010848552072181581,0.0015308958086577328,-0.001331374005433117,-0.0008551054561111673,0.011860130096359044,0.007777172361471166,0.008205760751810785,-0.011890933800593874,-0.0001387062270699004,0.0775849451526083,-0.023233658225886907,0.013504011298022953,0.009271850148379434,-0.020839004458589997,-0.032502792971828336,-0.03495183509319432,0.0,-0.004056758613411728,0.004729615144523783,0.00042237090555228147,-0.00014609280501814154,-0.038940501640345,0.022650658779588495,-0.028586087042018662,-0.029090597789965502,-0.004862925546513501,-0.007737893955991609,-0.0030515056542493504,0.0024483225340476327,0.002063321939283358,0.0036826879995698666,0.004047304010348111,-0.010848552072181581,-0.004056758613411728,-0.004729615144523783,0.0038915452716350323,0.0,0.9997675082827833
0.2750000000000002,0.0015896961122145166,0.0,-0.0016146072316670548,-0.0007442546631906168,-0.0014795699652615667,0.0018875086715163995,-0.00015832737243149012,-0.0018613474260904999,-0.00022811388449318353,-0.0006360803300191821,-3.354535698421651e-05,-0.0005076739276331383,0.0011957750542315496,-0.0006194548379066671,-0.0020307664273493116,0.00017874761203676655,-0.00040940443816306707,0.00017193281437770668,-0.0016146072316670548,0.0007442546631906168,0.24616668861696667,0.0,0.26104526763098324,0.06254414409513498,0.030026164132373332,0.041748385118366656,0.03524573348218667,-0.007501799186857649,0.010979914531456334,-0.010319117450301016,0.0003110671604710334,0.00481140847952698,-0.0009844685452735998,-0.012169399131211147,-0.03949312786305167,-0.022651861517455844,-0.0014795699652615667,-0.0018875086715163995,0.26104526763098324,-0.06254414409513498,0.5025741685729999,0.0,0.042779871727590006,0.05529858385782333,0.031440554095875095,-0.017776798812478668,-0.005693948301616024,-0.016762627849564615,-0.010561687918782118,0.018365602485123818,0.007641124251282601,-0.0084067154121334,-0.029079704152709582,0.028724539643859067,-0.00015832737243149012,0.0018613474260904999,0.030026164132373332,-0.041748385118366656,0.042779871727590006,-0.05529858385782333,0.2773666734691666,0.0,0.04817627245102,0.020100169204613997,0.0014624234925915067,-0.001436146436569362,0.002329731005252178,0.009649100112575701,-0.011968838344051472,8.087975703071663e-05,-0.005020773293404944,0.007694358430279682,-0.00022811388449318353,0.0006360803300191821,0.03524573348218667,0.007501799186857649,0.031440554095875095,0.017776798812478668,0.04817627245102,-0.020100169204613997,0.08965761046805164,0.0,0.04594615593894335,0.008971674128392977,0.015688126371758003,-0.012883309828185332,0.07776901397618836,0.023117738713373467,-0.002991369620270584,-0.0025069210328522206,-3.354535698421651e-05,0.0005076739276331383,0.010979914531456334,0.010319117450301016,-0.005693948301616024,0.016762627849564615,0.0014624234925915067,0.001436146436569362,0.04594615593894335,-0.008971674128392977,-0.10492436220390665,0.0,-0.09194402906718334,0.004430676321753968,0.013513914552238982,-0.009307264535459485,0.0020216876584429003,-0.0036421036158175595,0.0011957750542315496,0.0006194548379066671,0.0003110671604710334,-0.00481140847952698,-0.010561687918782118,-0.018365602485123818,0.002329731005252178,-0.009649100112575701,0.015688126371758003,0.012883309828185332,-0.09194402906718334,-0.004430676321753968,0.018790908039064674,0.0,-0.021037044130856997,0.03249180302376,0.004021036242188084,0.010816874528319014,-0.0020307664273493116,-0.00017874761203676655,-0.0009844685452735998,0.012169399131211147,0.007641124251282601,0.0084067154121334,-0.011968838344051472,-8.087975703071663e-05,0.07776901397618836,-0.023117738713373467,0.013513914552238982,0.009307264535459485,-0.021037044130856997,-0.03249180302376,-0.035051638476798666,0.0,-0.003974110532583322,0.00467360906530213,-0.00040940443816306707,-0.00017193281437770668,-0.03949312786305167,0.022651861517455844,-0.029079704152709582,-0.028724539643859067,-0.005020773293404944,-0.007694358430279682,-0.002991369620270584,0.0025069210328522206,0.0020216876584429003,0.0036421036158175595,0.004021036242188084,-0.010816874528319014,-0.003974110532583322,-0.00467360906530213,0.0035975801104446503,0.0,0.9997673247083333
0.27599999999999986,0.001589512555412584,0.0,0.001685186541837605,-0.0006140200071668383,-0.00037756825830406656,-0.00237808919410569,0.0015475129696566339,0.0011357207782949832,0.0005953915308197556,0.00023721462086663143,0.00037016819690651343,0.00033928702649957675,-0.0003894814465308834,0.001284254927082733,0.0013080262371707035,-0.0016080200903509326,0.000160385353687633,-0.0003956374210647716,0.001685186541837605,0.0006140200071668383,0.24867118233951668,0.0,0.26224424217898334,0.06149776025495666,0.030415006394892162,0.041736101968315,0.035266450652225,-0.007803905306666271,0.011124941360214198,-0.010231815247842429,0.0002801100693541334,0.004724818408750698,-0.00109697464369795,-0.012494598543622283,-0.040031337036408335,-0.02266192282280984,-0.00037756825830406656,0.00237808919410569,0.26224424217898334,-0.06149776025495666,0.4995718034623499,0.0,0.042249114975725,0.05532864518556664,0.03131898215652714,-0.01750606529366667,-0.005285897438641482,-0.016433265648208916,-0.01082767434818175,0.018034951888144683,0.007497012243033869,-0.008578841137250218,-0.02954380775475316,0.02829777831434833,0.0015475129696566339,-0.0011357207782949832,0.030415006394892162,-0.041736101968315,0.042249114975725,-0.05532864518556664,0.27855582595323336,0.0,0.048435472172155006,0.020179813277831325,0.0015062004529996815,-0.0014693571664783777,0.0023334226124788406,0.009477511106505227,-0.012020712378737036,3.633589222473953e-05,-0.005167113318879633,0.007652152789896594,0.0005953915308197556,-0.00023721462086663143,0.035266450652225,0.007803905306666271,0.03131898215652714,0.01750606529366667,0.048435472172155006,-0.020179813277831325,0.08987268100951501,0.0,0.046010193547598326,0.008991243799430015,0.01563815924605817,-0.012899381973668834,0.07795542418002167,0.023007316211802745,-0.0029189903152355163,-0.0025747901832794988,0.00037016819690651343,-0.00033928702649957675,0.011124941360214198,0.010231815247842429,-0.005285897438641482,0.016433265648208916,0.0015062004529996815,0.0014693571664783777,0.046010193547598326,-0.008991243799430015,-0.10534564153433669,0.0,-0.09191601247272167,0.004379058525205933,0.013521742753049222,-0.009322278449686581,0.00199219248988245,-0.0036281027386965937,-0.0003894814465308834,-0.001284254927082733,0.0002801100693541334,-0.004724818408750698,-0.01082767434818175,-0.018034951888144683,0.0023334226124788406,-0.009477511106505227,0.01563815924605817,0.012899381973668834,-0.09191601247272167,-0.004379058525205933,0.018697287544603567,0.0,-0.02123479543436101,0.03246652823398667,0.003993810269393667,0.01079875787901315,0.0013080262371707035,0.0016080200903509326,-0.00109697464369795,0.012494598543622283,0.007497012243033869,0.008578841137250218,-0.012020712378737036,-3.633589222473953e-05,0.07795542418002167,-0.023007316211802745,0.013521742753049222,0.009322278449686581,-0.02123479543436101,-0.03246652823398667,-0.03514822573736467,0.0,-0.003928279375983056,0.004626105003189533,0.000160385353687633,0.0003956374210647716,-0.040031337036408335,0.02266192282280984,-0.02954380775475316,-0.02829777831434833,-0.005167113318879633,-0.007652152789896594,-0.0029189903152355163,0.0025747901832794988,0.00199219248988245,0.0036281027386965937,0.003993810269393667,-0.01079875787901315,-0.003928279375983056,-0.004626105003189533,0.0033027155508942837,0.0,0.9997671411442168
0.27699999999999975,0.0015893290036236671,0.0,-0.0007773069816885916,0.0016369506732344,0.002011461684988467,0.0013804220551838998,-0.0018937818452668504,0.00041171808443637813,-0.0005493954736831833,0.0002810670514660167,-0.0005006494356132964,8.514117281383314e-06,-0.0006395840274581499,-0.0011564450015160337,0.00023208805861033672,0.002077463539575734,0.00016636172538671672,0.0003713620472513336,-0.0007773069816885916,-0.0016369506732344,0.2511325758316333,0.0,0.2633907904226833,0.06033837189261664,0.030817334231730505,0.04169089964606333,0.035241877737428345,-0.008109035361756516,0.011240854428188847,-0.010155266027332206,0.00026098781403037676,0.004643277212432665,-0.0012176047256701379,-0.012831613218256115,-0.04054226987620999,-0.022662148207258672,0.002011461684988467,-0.0013804220551838998,0.2633907904226833,-0.06033837189261664,0.49661186076220004,0.0,0.041779298039515994,0.05535770051204001,0.03122318960779853,-0.017206952769533945,-0.004895286418727806,-0.016132377575022522,-0.011072928377285409,0.01769192067621208,0.007352102512236283,-0.008725465692396999,-0.029962153882951127,0.027825858247525006,-0.0018937818452668504,-0.00041171808443637813,0.030817334231730505,-0.04169089964606333,0.041779298039515994,-0.05535770051204001,0.27974661106379994,0.0,0.048689661522469986,0.020265484241957503,0.001552260515690617,-0.0015262851964961976,0.0023260863780262047,0.009324380850608402,-0.012128693478374815,-1.1053645538350657e-05,-0.005337256142932516,0.007650926497146193,-0.0005493954736831833,-0.0002810670514660167,0.035241877737428345,0.008109035361756516,0.03122318960779853,0.017206952769533945,0.048689661522469986,-0.020265484241957503,0.09008523460026333,0.0,0.04607867075663166,0.00903061640814945,0.015573237224844334,-0.012908703756596002,0.07814649913729331,0.022903616897889403,-0.0028343643278974325,-0.002662132166296635,-0.0005006494356132964,-8.514117281383314e-06,0.011240854428188847,0.010155266027332206,-0.004895286418727806,0.016132377575022522,0.001552260515690617,0.0015262851964961976,0.04607867075663166,-0.00903061640814945,-0.105765122939945,0.0,-0.09187129864695502,0.004316637623317266,0.013524851650492472,-0.009319102893931435,0.001962650157466556,-0.003608524573600666,-0.0006395840274581499,0.0011564450015160337,0.00026098781403037676,-0.004643277212432665,-0.011072928377285409,-0.01769192067621208,0.0023260863780262047,-0.009324380850608402,0.015573237224844334,0.012908703756596002,-0.09187129864695502,-0.004316637623317266,0.018601683210480124,0.0,-0.021416910714890835,0.03243023155947668,0.003990945208064401,0.010812790249273117,0.00023208805861033672,-0.002077463539575734,-0.0012176047256701379,0.012831613218256115,0.007352102512236283,0.008725465692396999,-0.012128693478374815,1.1053645538350657e-05,0.07814649913729331,-0.022903616897889403,0.013524851650492472,0.009319102893931435,-0.021416910714890835,-0.03243023155947668,-0.035241923953994496,0.0,-0.0038759261710676987,0.004555960478822922,0.00016636172538671672,-0.0003713620472513336,-0.04054226987620999,0.022662148207258672,-0.029962153882951127,-0.027825858247525006,-0.005337256142932516,-0.007650926497146193,-0.0028343643278974325,0.002662132166296635,0.001962650157466556,0.003608524573600666,0.003990945208064401,-0.010812790249273117,-0.0038759261710676987,-0.004555960478822922,0.0030067100062727997,0.0,0.9997669575843832
0.2780000000000003,0.0015891454412819833,0.0,-0.0006133702846002832,-0.0017007901515631832,-0.0024233915436940334,0.0004777944453720204,0.0009649105762242333,-0.0016703019328062336,0.0001548419786795951,-0.0005795925081331935,0.00036615496838618325,-0.0003557939417728802,0.0012400057187687663,0.0003190093492697998,-0.0016181475773162895,-0.0012822227230077136,-0.00036305230832666655,-0.0001420778911482832,-0.0006133702846002832,0.0017007901515631832,0.2535468010288501,0.0,0.2645005672183334,0.05907446245181498,0.031229660645437505,0.04161094510127499,0.035233858038128354,-0.008384639927186443,0.011315417955423132,-0.010098945221228218,0.00023312134604974992,0.0045788023397814,-0.0013722085267686326,-0.013177741532502266,-0.04103081046699499,-0.02264453651639299,-0.0024233915436940334,-0.0004777944453720204,0.2645005672183334,-0.05907446245181498,0.49369845520843353,0.0,0.041323432895569515,0.05538934311539334,0.031171457112162005,-0.01691109028432505,-0.004544686388781517,-0.015849669947029563,-0.011339821536171519,0.01732969940836305,0.007213355327039218,-0.008906640266222074,-0.030387986550892684,0.027364518167309667,0.0009649105762242333,0.0016703019328062336,0.031229660645437505,-0.04161094510127499,0.041323432895569515,-0.05538934311539334,0.2809389398127333,0.0,0.048964906493616664,0.020342388585344498,0.0016126567164224499,-0.0015897426965287406,0.002358753810014066,0.00917348800439027,-0.01228111975604,-8.62467778463807e-05,-0.005519910890509636,0.007671674550561683,0.0001548419786795951,0.0005795925081331935,0.035233858038128354,0.008384639927186443,0.031171457112162005,0.01691109028432505,0.048964906493616664,-0.020342388585344498,0.09029616042072168,0.0,0.046153356050478336,0.009097535232452832,0.015510416123634197,-0.012914357943797835,0.078343477129235,0.022794012219842823,-0.0027384021926262683,-0.002762140679486651,0.00036615496838618325,0.0003557939417728802,0.011315417955423132,0.010098945221228218,-0.004544686388781517,0.015849669947029563,0.0016126567164224499,0.0015897426965287406,0.046153356050478336,-0.009097535232452832,-0.10618366494025998,0.0,-0.09186233092884999,0.004267638748493657,0.013530869000875145,-0.00931204910541408,0.0019254298260537167,-0.003555257430591428,0.0012400057187687663,-0.0003190093492697998,0.00023312134604974992,-0.0045788023397814,-0.011339821536171519,-0.01732969940836305,0.002358753810014066,-0.00917348800439027,0.015510416123634197,0.012914357943797835,-0.09186233092884999,-0.004267638748493657,0.018503986472821858,0.0,-0.021585878478045672,0.032408265891343324,0.0040044345501261,0.010834233436330614,-0.0016181475773162895,0.0012822227230077136,-0.0013722085267686326,0.013177741532502266,0.007213355327039218,0.008906640266222074,-0.01228111975604,8.62467778463807e-05,0.078343477129235,-0.022794012219842823,0.013530869000875145,0.00931204910541408,-0.021585878478045672,-0.032408265891343324,-0.03533287486259383,0.0,-0.0037820736989976427,0.004471887627570667,-0.00036305230832666655,0.0001420778911482832,-0.04103081046699499,0.02264453651639299,-0.030387986550892684,-0.027364518167309667,-0.005519910890509636,-0.007671674550561683,-0.0027384021926262683,0.002762140679486651,0.0019254298260537167,0.003555257430591428,0.0040044345501261,-0.010834233436330614,-0.0037820736989976427,-0.004471887627570667,0.0027098254326204997,0.0,0.9997667740144833
0.27899999999999997,0.001588961873791883,0.0,0.001629325893443685,0.0007282234225554501,0.0013536155434925663,-0.0020728544987365168,0.0005882620201436218,0.0018246078805021152,0.000309073370263705,0.0004895892359148835,-3.4645248998779967e-05,0.0005308310697247164,-0.0010437960167462795,0.0006787804662949014,0.0020143043325091545,-0.0002439562132796397,0.0003451629578788834,-0.00013928742002974673,0.001629325893443685,-0.0007282234225554501,0.25591023518594996,0.0,0.26558248858503325,0.05772439028312999,0.03161639649661334,0.041527702836088344,0.035272478874845,-0.008625929504904338,0.011381216058475564,-0.010020372945897934,0.00020635195745649998,0.0045270044457938995,-0.0015453201516693834,-0.013541034181075062,-0.041502098440058324,-0.02262185983877484,0.0013536155434925663,0.0020728544987365168,0.26558248858503325,-0.05772439028312999,0.49083532642449984,0.0,0.04085013938475584,0.05542041786058833,0.031088527174097998,-0.016635862338924032,-0.004211736204627585,-0.015529119272199913,-0.011608381203835337,0.01695031241856133,0.00707649006128371,-0.00913263451048107,-0.03083921537866884,0.02691218865881417,0.0005882620201436218,-0.0018246078805021152,0.03161639649661334,-0.041527702836088344,0.04085013938475584,-0.05542041786058833,0.28213267844981665,0.0,0.049261668137175,0.02042510503112804,0.001691108087626667,-0.0016450846817836564,0.0024424602888487835,0.009002478324527365,-0.012382016692818899,-0.00017067486436816108,-0.005670347041074444,0.007668283796739153,0.000309073370263705,-0.0004895892359148835,0.035272478874845,0.008625929504904338,0.031088527174097998,0.016635862338924032,0.049261668137175,-0.02042510503112804,0.09050530852084335,0.0,0.046241179921404994,0.00915082428807495,0.015447245825664405,-0.012928875431023334,0.07854035986034165,0.022666358649234004,-0.002634736330397067,-0.0028537779301874002,-3.4645248998779967e-05,-0.0005308310697247164,0.011381216058475564,0.010020372945897934,-0.004211736204627585,0.015529119272199913,0.001691108087626667,0.0016450846817836564,0.046241179921404994,-0.00915082428807495,-0.10660213049134498,0.0,-0.09188432132059332,0.004235301305986996,0.013547001884660863,-0.009298657149126166,0.0018971184863195336,-0.0034940810591224235,-0.0010437960167462795,-0.0006787804662949014,0.00020635195745649998,-0.0045270044457938995,-0.011608381203835337,-0.01695031241856133,0.0024424602888487835,-0.009002478324527365,0.015447245825664405,0.012928875431023334,-0.09188432132059332,-0.004235301305986996,0.018404442351963084,0.0,-0.02176175066368067,0.03240329739150999,0.00400761820496383,0.010831625516440317,0.0020143043325091545,0.0002439562132796397,-0.0015453201516693834,0.013541034181075062,0.00707649006128371,0.00913263451048107,-0.012382016692818899,0.00017067486436816108,0.07854035986034165,-0.022666358649234004,0.013547001884660863,0.009298657149126166,-0.02176175066368067,-0.03240329739150999,-0.035420591241131665,0.0,-0.0036812634773512325,0.004414857401648527,0.0003451629578788834,0.00013928742002974673,-0.041502098440058324,0.02262185983877484,-0.03083921537866884,-0.02691218865881417,-0.005670347041074444,-0.007668283796739153,-0.002634736330397067,0.0028537779301874002,0.0018971184863195336,0.0034940810591224235,0.00400761820496383,-0.010831625516440317,-0.0036812634773512325,-0.004414857401648527,0.0024123593651794333,0.0,0.9997665904397831
0.27999999999999986,0.0015887783186547,0.0,-0.0016398028249366202,0.0006623804010361996,0.000574995563985577,0.002407069959061349,-0.0017587978042167298,-0.0007514567603886002,-0.0005451622905344997,-9.671335594636678e-05,-0.0003365393588741701,-0.00044360031464794685,0.00020497439284679995,-0.0012125243155561003,-0.0012329299362283835,0.0016081622781833258,-0.00014188470532677328,0.0003258022055935501,-0.0016398028249366202,-0.0006623804010361996,0.2582202311782167,0.0,0.26666610348763337,0.056319918939031655,0.03199606604474901,0.04146919018332667,0.03531844458353,-0.008874451595608816,0.011450523216639134,-0.009891871890851299,0.0002022404418889834,0.004472029059872265,-0.0017005216921562618,-0.013931101838466574,-0.041953812219708335,-0.022615267893843,0.000574995563985577,-0.002407069959061349,0.26666610348763337,-0.056319918939031655,0.48802516551380004,0.0,0.040392755556662156,0.055449586034293355,0.030946924019907777,-0.01636528118429529,-0.0038652343387302903,-0.015162876171735517,-0.011831219153898601,0.0165705965016138,0.006945262351036399,-0.009349789759680812,-0.031249356311913667,0.02642697388013183,-0.0017587978042167298,0.0007514567603886002,0.03199606604474901,-0.04146919018332667,0.040392755556662156,-0.055449586034293355,0.2833282619973168,0.0,0.049574849180158344,0.020540069603347626,0.0017884251431679,-0.001691168531483533,0.0025349769763432996,0.008831604884903043,-0.01240472535490733,-0.00023136733925166643,-0.00578843082125162,0.007632869668994347,-0.0005451622905344997,9.671335594636678e-05,0.03531844458353,0.008874451595608816,0.030946924019907777,0.01636528118429529,0.049574849180158344,-0.020540069603347626,0.09071100571006331,0.0,0.04634969716626668,0.009170846431036866,0.015378958131927635,-0.012957685381565168,0.07875615116311331,0.022530591040916665,-0.002528465295408033,-0.0029229574098525745,-0.0003365393588741701,0.00044360031464794685,0.011450523216639134,0.009891871890851299,-0.0038652343387302903,0.015162876171735517,0.0017884251431679,0.001691168531483533,0.04634969716626668,-0.009170846431036866,-0.10701984544431337,0.0,-0.09189468668199169,0.0041968388279781665,0.013572746569632485,-0.0092663608113931,0.0018944927452043568,-0.0034628740038194655,0.00020497439284679995,0.0012125243155561003,0.0002022404418889834,-0.004472029059872265,-0.011831219153898601,-0.0165705965016138,0.0025349769763432996,-0.008831604884903043,0.015378958131927635,0.012957685381565168,-0.09189468668199169,-0.0041968388279781665,0.018303156597678408,0.0,-0.02195934304780467,0.032397710204129994,0.003993932963074557,0.0108193292888372,-0.0012329299362283835,-0.0016081622781833258,-0.0017005216921562618,0.013931101838466574,0.006945262351036399,0.009349789759680812,-0.01240472535490733,0.00023136733925166643,0.07875615116311331,-0.022530591040916665,0.013572746569632485,0.0092663608113931,-0.02195934304780467,-0.032397710204129994,-0.03550440315985333,0.0,-0.003623525190654271,0.004390821441270186,-0.00014188470532677328,-0.0003258022055935501,-0.041953812219708335,0.022615267893843,-0.031249356311913667,-0.02642697388013183,-0.00578843082125162,-0.007632869668994347,-0.002528465295408033,0.0029229574098525745,0.0018944927452043568,0.0034628740038194655,0.003993932963074557,-0.0108193292888372,-0.003623525190654271,-0.004390821441270186,0.002114056165274015,0.0,0.9997664068768497
0.2810000000000002,0.001588594779799917,0.0,0.0006793061390393501,-0.001629625360364133,-0.0021738594148614783,-0.0012406708834509829,0.0017111808596900985,-0.0008441368726984838,0.0004130497272908167,-0.0003283203650418669,0.0005641743757150003,0.00011879682796739977,0.0007349052788253002,0.0009684334518607669,-0.00029509663654213135,-0.0020228792370263504,-0.00013016021777286676,-0.00032617219015576674,0.0006793061390393501,0.001629625360364133,0.2604750236425834,0.0,0.2676966308932,0.05487260014934332,0.032413130964588636,0.04140067839247666,0.035324045689273345,-0.009158927535838466,0.011488242841364682,-0.009741410036563971,0.00021712101242963338,0.004407926657172865,-0.0018261874983632582,-0.014332576803915831,-0.04237825818844166,-0.022625843549679663,-0.0021738594148614783,0.0012406708834509829,0.2676966308932,-0.05487260014934332,0.4852697908923667,0.0,0.039977933978853165,0.05546711792648669,0.030817372633533766,-0.01607622430443399,-0.003507345986388167,-0.014803134731160237,-0.012006868953732345,0.01619035341079075,0.006841291744086684,-0.00952926483672063,-0.03155633528560382,0.025904420207398315,0.0017111808596900985,0.0008441368726984838,0.032413130964588636,-0.04140067839247666,0.039977933978853165,-0.05546711792648669,0.2845264292109999,0.0,0.04989456247978999,0.02068357620515933,0.001909703832020983,-0.001727295108590116,0.0026073175243240838,0.008696413745796636,-0.01242444537060505,-0.000280433638038184,-0.005923411622088441,0.007584145475919167,0.0004130497272908167,0.0003283203650418669,0.035324045689273345,0.009158927535838466,0.030817372633533766,0.01607622430443399,0.04989456247978999,-0.02068357620515933,0.090912067640935,0.0,0.04645400379424832,0.009191718213432934,0.015311352626298616,-0.012988687450975582,0.07899491917799337,0.02240351632235334,-0.00242468423625275,-0.0029689060425912373,0.0005641743757150003,-0.00011879682796739977,0.011488242841364682,0.009741410036563971,-0.003507345986388167,0.014803134731160237,0.001909703832020983,0.001727295108590116,0.04645400379424832,-0.009191718213432934,-0.10743551793653337,0.0,-0.09186044128683832,0.00413389385080056,0.013601399541791003,-0.00921222251119812,0.0019001412179956332,-0.003449856522531581,0.0007349052788253002,-0.0009684334518607669,0.00021712101242963338,-0.004407926657172865,-0.012006868953732345,-0.01619035341079075,0.0026073175243240838,-0.008696413745796636,0.015311352626298616,0.012988687450975582,-0.09186044128683832,-0.00413389385080056,0.01819974288991573,0.0,-0.022163782524338496,0.032375644958181675,0.003980827801454934,0.010831591672705596,-0.00029509663654213135,0.0020228792370263504,-0.0018261874983632582,0.014332576803915831,0.006841291744086684,0.00952926483672063,-0.01242444537060505,0.000280433638038184,0.07899491917799337,-0.02240351632235334,0.013601399541791003,0.00921222251119812,-0.022163782524338496,-0.032375644958181675,-0.035584264537095,0.0,-0.003590235767537243,0.004363347262438149,-0.00013016021777286676,0.00032617219015576674,-0.04237825818844166,0.022625843549679663,-0.03155633528560382,-0.025904420207398315,-0.005923411622088441,-0.007584145475919167,-0.00242468423625275,0.0029689060425912373,0.0019001412179956332,0.003449856522531581,0.003980827801454934,-0.010831591672705596,-0.003590235767537243,-0.004363347262438149,0.0018143567476005332,0.0,0.9997662233302833
0.282,0.0015884112447620325,0.0,0.0006701839552136835,0.001621924041937508,0.002452064203064701,-0.0007234171423074996,-0.0005010419900174666,0.0018393435885629833,-2.194924418356672e-05,0.0004968582558793501,-0.0005105931050129416,0.00029641041867349495,-0.0011798362757270246,-0.00012609249694497178,0.001650967214691137,0.001200518031522502,0.00033522124001605344,0.0001541081894304183,0.0006701839552136835,-0.001621924041937508,0.2626732284417167,0.0,0.26866053684811675,0.05337802101130333,0.032865957717575674,0.04128282334423165,0.03531836305676166,-0.00946077178164118,0.011476730974433212,-0.009609232723930836,0.00022467073015166664,0.004346466753709166,-0.0019413566032903,-0.014721591657977453,-0.04279234937652833,-0.0226531291625495,0.002452064203064701,0.0007234171423074996,0.26866053684811675,-0.05337802101130333,0.48257092626301673,0.0,0.039577753888694826,0.055486866596708345,0.03076706514590447,-0.01578518626276995,-0.003162673948353177,-0.014485476003524268,-0.0121844969191694,0.01579318093803645,0.006787786863002043,-0.009714768333619731,-0.03181171841376652,0.02538407090777107,-0.0005010419900174666,-0.0018393435885629833,0.032865957717575674,-0.04128282334423165,0.039577753888694826,-0.055486866596708345,0.28572757667218335,0.0,0.05022379370279332,0.020830286063826,0.002053321374424075,-0.0017393147679023487,0.0026909254719217667,0.008605525150129837,-0.012484529477803548,-0.0003525373859543504,-0.006090007677623415,0.007522361149253858,-2.194924418356672e-05,-0.0004968582558793501,0.03531836305676166,0.00946077178164118,0.03076706514590447,0.01578518626276995,0.05022379370279332,-0.020830286063826,0.09110911719435669,0.0,0.04653180066375999,0.009248285802335603,0.015264771483661344,-0.013014916725081701,0.07925293980080998,0.022289323572857792,-0.0023310069712857524,-0.002993331581858134,-0.0005105931050129416,-0.00029641041867349495,0.011476730974433212,0.009609232723930836,-0.003162673948353177,0.014485476003524268,0.002053321374424075,0.0017393147679023487,0.04653180066375999,-0.009248285802335603,-0.10784894845917002,0.0,-0.09182545465605334,0.004056494044292301,0.013634198956607465,-0.009152679373427319,0.00188194916281415,-0.0034184094129375083,-0.0011798362757270246,0.00012609249694497178,0.00022467073015166664,-0.004346466753709166,-0.0121844969191694,-0.01579318093803645,0.0026909254719217667,-0.008605525150129837,0.015264771483661344,0.013014916725081701,-0.09182545465605334,-0.004056494044292301,0.018093494652257142,0.0,-0.022361343925751828,0.032355682289888325,0.003981309347727531,0.01086630985345747,0.001650967214691137,-0.001200518031522502,-0.0019413566032903,0.014721591657977453,0.006787786863002043,0.009714768333619731,-0.012484529477803548,0.0003525373859543504,0.07925293980080998,-0.022289323572857792,0.013634198956607465,0.009152679373427319,-0.022361343925751828,-0.032355682289888325,-0.03566069160679167,0.0,-0.003526978085348617,0.0043159951162857,0.00033522124001605344,-0.0001541081894304183,-0.04279234937652833,0.0226531291625495,-0.03181171841376652,-0.02538407090777107,-0.006090007677623415,-0.007522361149253858,-0.0023310069712857524,0.002993331581858134,0.00188194916281415,0.0034184094129375083,0.003981309347727531,-0.01086630985345747,-0.003526978085348617,-0.0043159951162857,0.0015129253856115403,0.0,0.9997660397878836
0.28299999999999986,0.0015882277015199172,0.0,-0.0015987913742900833,-0.0006530980145989,-0.001213878245982017,0.0022963685831283664,-0.0010369431435570493,-0.0016256135446927713,-0.00033539248279132775,-0.00031046585861009996,0.0001723663146663853,-0.0005774248617448835,0.0008765584940023502,-0.0007556987222464388,-0.0019926447895699585,0.0003371118545496835,-0.00038292226434034996,0.00012151228147962665,-0.0015987913742900833,0.0006530980145989,0.2648132032268667,0.0,0.26956586906509994,0.051812937112223345,0.03329925510725666,0.04112190682642,0.035340642495051665,-0.009745106311136432,0.011452171446403035,-0.009485260159341606,0.00021869613766411835,0.0042843901385275175,-0.002055059381253133,-0.015094253013734597,-0.04320453369077833,-0.02270167764527216,-0.001213878245982017,-0.0022963685831283664,0.26956586906509994,-0.051812937112223345,0.47993075135808333,0.0,0.03914933078077717,0.055529056387354996,0.030751921003419416,-0.015516006408336716,-0.0028366956355525344,-0.014170241709047066,-0.012381576228249007,0.015373279395975714,0.006785759087120968,-0.009951613491770378,-0.03209610265364666,0.024871367525207657,-0.0010369431435570493,0.0016256135446927713,0.03329925510725666,-0.04112190682642,0.03914933078077717,-0.055529056387354996,0.28693179720026657,0.0,0.05055159737361669,0.02096798389661071,0.0022072116589831004,-0.0017158826752448667,0.0028185682601325496,0.008528573453579567,-0.012529059703329947,-0.00043236863019878875,-0.006233134610834249,0.007435116583801283,-0.00033539248279132775,0.00031046585861009996,0.035340642495051665,0.009745106311136432,0.030751921003419416,0.015516006408336716,0.05055159737361669,-0.02096798389661071,0.09130319770644166,0.0,0.0465847352715883,0.009321946471634219,0.01525156718575493,-0.013038732084066883,0.07950344965360837,0.022170688992540283,-0.0022540438403148657,-0.0029961671457239174,0.0001723663146663853,0.0005774248617448835,0.011452171446403035,0.009485260159341606,-0.0028366956355525344,0.014170241709047066,0.0022072116589831004,0.0017158826752448667,0.0465847352715883,-0.009321946471634219,-0.10826086585467669,0.0,-0.09182250345655331,0.003980097366944554,0.013670511201603496,-0.009096425607411059,0.0018394326113639337,-0.0033689281338813836,0.0008765584940023502,0.0007556987222464388,0.00021869613766411835,-0.0042843901385275175,-0.012381576228249007,-0.015373279395975714,0.0028185682601325496,-0.008528573453579567,0.01525156718575493,0.013038732084066883,-0.09182250345655331,-0.003980097366944554,0.01798383885341317,0.0,-0.022554758334072833,0.032353837605121664,0.003982792464051622,0.010882217853800384,-0.0019926447895699585,-0.0003371118545496835,-0.002055059381253133,0.015094253013734597,0.006785759087120968,0.009951613491770378,-0.012529059703329947,0.00043236863019878875,0.07950344965360837,-0.022170688992540283,0.013670511201603496,0.009096425607411059,-0.022554758334072833,-0.032353837605121664,-0.03573386689457168,0.0,-0.0034367618168830313,0.00427466064109005,-0.00038292226434034996,-0.00012151228147962665,-0.04320453369077833,0.02270167764527216,-0.03209610265364666,-0.024871367525207657,-0.006233134610834249,-0.007435116583801283,-0.0022540438403148657,0.0029961671457239174,0.0018394326113639337,0.0033689281338813836,0.003982792464051622,-0.010882217853800384,-0.0034367618168830313,-0.00427466064109005,0.0012095729399368496,0.0,0.9997658562370166
0.2840000000000002,0.0015880441616689827,0.0,0.001567820836439985,-0.0006627272702115667,-0.0008200740267634325,-0.0024770802318900267,0.001954997924398983,0.00031776692781853357,0.00040832335873732667,-6.460834875411675e-05,0.0002779569523297366,0.0005449107749085499,-6.0719341510433566e-05,0.0011489691140886998,0.0011524389395608672,-0.0016670145630356332,0.00020743925921844986,-0.00038324562217883855,0.001567820836439985,0.0006627272702115667,0.2668924532065667,0.0,0.2704521213634834,0.05016629804362002,0.03368843190196834,0.04095383247102834,0.03535634679058666,-0.010010405814767188,0.011455417060364464,-0.009337108580489433,0.00022126028014641657,0.0041972352645317824,-0.002156273788512765,-0.015465602838925114,-0.043609337988316677,-0.022774918097904995,-0.0008200740267634325,0.0024770802318900267,0.2704521213634834,-0.05016629804362002,0.47735201039236663,0.0,0.03870591467912784,0.05560767745578332,0.03069602032850217,-0.015259137788247747,-0.0025121677370085,-0.013810917911567681,-0.012560589625193408,0.014952828141227835,0.006814701349614099,-0.010214713171141854,-0.03239666006471434,0.024331862442819666,0.001954997924398983,-0.00031776692781853357,0.03368843190196834,-0.04095383247102834,0.03870591467912784,-0.05560767745578332,0.28813935225084997,0.0,0.05085467226613334,0.021117071166123564,0.0023611898673117342,-0.0016736334367154172,0.0029589475410019407,0.008435814819863436,-0.012511982556439804,-0.0004771276575842348,-0.0063135152609203864,0.007329048818975676,0.00040832335873732667,6.460834875411675e-05,0.03535634679058666,0.010010405814767188,0.03069602032850217,0.015259137788247747,0.05085467226613334,-0.021117071166123564,0.09149384656483998,0.0,0.04663539338003001,0.009371013215084236,0.015261764241702731,-0.013061521710635866,0.07973667619047833,0.02203923501950785,-0.002190779777694717,-0.002982812073358017,0.0002779569523297366,-0.0005449107749085499,0.011455417060364464,0.009337108580489433,-0.0025121677370085,0.013810917911567681,0.0023611898673117342,0.0016736334367154172,0.04663539338003001,-0.009371013215084236,-0.10867113582031332,0.0,-0.09183240812159167,0.0038997000365885858,0.0137058281124789,-0.0090355574812767,0.0018048541704449033,-0.0033374881723068493,-6.0719341510433566e-05,-0.0011489691140886998,0.00022126028014641657,-0.0041972352645317824,-0.012560589625193408,-0.014952828141227835,0.0029589475410019407,-0.008435814819863436,0.015261764241702731,0.013061521710635866,-0.09183240812159167,-0.0038997000365885858,0.017870491913408507,0.0,-0.02275266728293217,0.032361123268954996,0.003966143474379544,0.010863705975099865,0.0011524389395608672,0.0016670145630356332,-0.002156273788512765,0.015465602838925114,0.006814701349614099,0.010214713171141854,-0.012511982556439804,0.0004771276575842348,0.07973667619047833,-0.02203923501950785,0.0137058281124789,0.0090355574812767,-0.02275266728293217,-0.032361123268954996,-0.035803337337281665,0.0,-0.003376355520754663,0.004259750396815266,0.00020743925921844986,0.00038324562217883855,-0.043609337988316677,0.022774918097904995,-0.03239666006471434,-0.024331862442819666,-0.0063135152609203864,-0.007329048818975676,-0.002190779777694717,0.002982812073358017,0.0018048541704449033,0.0033374881723068493,0.003966143474379544,-0.010863705975099865,-0.003376355520754663,-0.004259750396815266,0.0009039473578899435,0.0,0.9997656726899332
0.2850000000000001,0.0015878606308261998,0.0,-0.0006615264429716168,0.0015634416797725833,0.0023737331114752655,0.0011073696569991669,-0.0015706066980775166,0.0012964039561290653,-0.00017250425628165025,0.00033829272913530006,-0.0005772358208940329,-0.00020752345697579503,-0.000776806918466233,-0.0008626457462547667,0.0003995861435113614,0.0020260315792208195,0.00014213722429469975,0.00044565505307811166,-0.0006615264429716168,-0.0015634416797725833,0.2689079236103166,0.0,0.2713121493091334,0.04842802957301,0.034065877739976665,0.04077315499465835,0.03529745513787,-0.010287744054656513,0.011476503008513323,-0.009176472741090382,0.0002467975811455666,0.0040709781544265656,-0.0022441120934362834,-0.01583932386681605,-0.04399928704861001,-0.02285931905190267,0.0023737331114752655,-0.0011073696569991669,0.2713121493091334,-0.04842802957301,0.4748374855405,0.0,0.038297331164028156,0.05570498400367832,0.030611797786144496,-0.014993140351958478,-0.0021767851959086397,-0.0134255368189916,-0.01268919753174205,0.014555127217300186,0.006858682703304201,-0.010455979897760547,-0.03264058761792034,0.023758201078912824,-0.0015706066980775166,-0.0012964039561290653,0.034065877739976665,-0.04077315499465835,0.038297331164028156,-0.05570498400367832,0.28935094660706684,0.0,0.051112376392221666,0.02129067810894676,0.002517277178531767,-0.0016419621702358051,0.003055404047787234,0.00832704408271603,-0.012481382688082961,-0.0005024198839804331,-0.0063727458579764485,0.007220310471509201,-0.00017250425628165025,-0.00033829272913530006,0.03529745513787,0.010287744054656513,0.030611797786144496,0.014993140351958478,0.051112376392221666,-0.02129067810894676,0.09167969967834998,0.0,0.046693330915683326,0.009393145614299502,0.015268946582218165,-0.013077424969694,0.07995900759882667,0.021910772092442153,-0.002130676657649334,-0.002972705313977018,-0.0005772358208940329,0.00020752345697579503,0.011476503008513323,0.009176472741090382,-0.0021767851959086397,0.0134255368189916,0.002517277178531767,0.0016419621702358051,0.046693330915683326,-0.009393145614299502,-0.10907844886780499,0.0,-0.09182059342170332,0.003800628495342668,0.013736624095880664,-0.008962388193357549,0.0017874804456782883,-0.003339214082824468,-0.000776806918466233,0.0008626457462547667,0.0002467975811455666,-0.0040709781544265656,-0.01268919753174205,-0.014555127217300186,0.003055404047787234,-0.00832704408271603,0.015268946582218165,0.013077424969694,-0.09182059342170332,-0.003800628495342668,0.017753253413450125,0.0,-0.0229461347046895,0.03235740440222666,0.0039343124172869,0.010841950975404432,0.0003995861435113614,-0.0020260315792208195,-0.0022441120934362834,0.01583932386681605,0.006858682703304201,0.010455979897760547,-0.012481382688082961,0.0005024198839804331,0.07995900759882667,-0.021910772092442153,0.013736624095880664,0.008962388193357549,-0.0229461347046895,-0.03235740440222666,-0.03586882681786834,0.0,-0.0033598713950391905,0.004251465706196033,0.00014213722429469975,-0.00044565505307811166,-0.04399928704861001,0.02285931905190267,-0.03264058761792034,-0.023758201078912824,-0.0063727458579764485,-0.007220310471509201,-0.002130676657649334,0.002972705313977018,0.0017874804456782883,0.003339214082824468,0.0039343124172869,-0.010841950975404432,-0.0033598713950391905,-0.004251465706196033,0.0005955953568094004,0.0,0.9997654891512001
0.2859999999999998,0.0015876771008256666,0.0,-0.0005977636483979166,-0.0015884310562584059,-0.0024751070183321507,0.0009582764267225838,8.061188278297159e-05,-0.0020651736204952164,-0.0001620805700471383,-0.0003180475227926998,0.0005634959600927665,-0.0002391221050105934,0.0011614692728137896,6.726920004413646e-05,-0.0017480293990379669,-0.0011435899607266317,-0.00045057961726586646,-0.00022515613529675024,-0.0005977636483979166,0.0015884310562584059,0.2708557017444833,0.0,0.27209712546991666,0.046572610781341665,0.03445130037309617,0.040536177266561675,0.03516616782222834,-0.010589825690553199,0.011486673935910298,-0.009049276679158409,0.00028150927369511685,0.003922440026177818,-0.0023407363979659665,-0.016197147953138768,-0.04438038364632999,-0.022933396464902493,-0.0024751070183321507,-0.0009582764267225838,0.27209712546991666,-0.046572610781341665,0.4723908788889332,0.0,0.03793495009894116,0.055795349733785006,0.030573741153950337,-0.01473461062587888,-0.0018477443540528245,-0.013058143299931166,-0.012789455170889967,0.014173159887275149,0.006916839966939713,-0.010683535829977497,-0.03283151164557117,0.023174518850565325,8.061188278297159e-05,0.0020651736204952164,0.03445130037309617,-0.040536177266561675,0.03793495009894116,-0.055795349733785006,0.2905668532665667,0.0,0.05133058194881334,0.021463577508743004,0.0026798968260287,-0.001626505884519317,0.0031135941193758325,0.008219435295501999,-0.01249769376182104,-0.0005747176341524742,-0.006469987311142233,0.007116958083506401,-0.0001620805700471383,0.0003180475227926998,0.03516616782222834,0.010589825690553199,0.030573741153950337,0.01473461062587888,0.05133058194881334,-0.021463577508743004,0.09186053480521836,0.0,0.04674652810689498,0.009421002782752116,0.015257947462145465,-0.01308210116175725,0.08017306447225334,0.02179776844060614,-0.0020645049272305102,-0.0029786751835747497,0.0005634959600927665,0.0002391221050105934,0.011486673935910298,0.009049276679158409,-0.0018477443540528245,0.013058143299931166,0.0026798968260287,0.001626505884519317,0.04674652810689498,-0.009421002782752116,-0.10948182680535835,0.0,-0.09180103789297167,0.0036878071757739227,0.013769374222235665,-0.008884976722745517,0.0017592099858980497,-0.0033475048578704833,0.0011614692728137896,-6.726920004413646e-05,0.00028150927369511685,-0.003922440026177818,-0.012789455170889967,-0.014173159887275149,0.0031135941193758325,-0.008219435295501999,0.015257947462145465,0.01308210116175725,-0.09180103789297167,-0.0036878071757739227,0.0176319153674002,0.0,-0.023116539765787335,0.03234334275434834,0.003910871125023895,0.010846068653589015,-0.0017480293990379669,0.0011435899607266317,-0.0023407363979659665,0.016197147953138768,0.006916839966939713,0.010683535829977497,-0.01249769376182104,0.0005747176341524742,0.08017306447225334,-0.02179776844060614,0.013769374222235665,0.008884976722745517,-0.023116539765787335,-0.03234334275434834,-0.03593083250179499,0.0,-0.003331789661804153,0.004227196568013283,-0.00045057961726586646,0.00022515613529675024,-0.04438038364632999,0.022933396464902493,-0.03283151164557117,-0.023174518850565325,-0.006469987311142233,-0.007116958083506401,-0.0020645049272305102,0.0029786751835747497,0.0017592099858980497,0.0033475048578704833,0.003910871125023895,-0.010846068653589015,-0.003331789661804153,-0.004227196568013283,0.00028440374778769333,0.0,0.9997653056143166
0.28700000000000025,0.0015874935529696834,0.0,0.0015117089422567948,0.0007159171050870668,0.0010768785334379235,-0.0024717981767009454,0.0014716529299390506,0.0014648916637836596,0.00032975218351759993,6.130893455049992e-05,-0.0002538203506321004,0.0005639017405578704,-0.0008547366935189462,0.0007715449942732436,0.002021473938317301,-0.0004415873432007999,0.0005182783420401999,-0.00015776209084948992,0.0015117089422567948,-0.0007159171050870668,0.27273101872656663,0.0,0.27282732032530005,0.04457688446828666,0.034821595569022,0.040242585079001664,0.03502962720836834,-0.010900039937521503,0.011485822687400645,-0.008959380598167307,0.00031362845434218994,0.0037752148065863665,-0.002470148091060918,-0.01653309382754503,-0.04475651168328001,-0.022985156474402507,0.0010768785334379235,0.0024717981767009454,0.27282732032530005,-0.04457688446828666,0.4700171788628499,0.0,0.037583925645293156,0.05587387243152667,0.03059265431057318,-0.014527007366731749,-0.0015562203188480338,-0.01270259562201928,-0.012897306466858228,0.01379283404609353,0.0069919039834374225,-0.010950453101054653,-0.03304955302695916,0.022583954807465997,0.0014716529299390506,-0.0014648916637836596,0.034821595569022,-0.040242585079001664,0.037583925645293156,-0.05587387243152667,0.29178658881633335,0.0,0.05153885933025166,0.02160791902237801,0.002839589643412267,-0.0016087339838429993,0.0031914611998863007,0.008120502123027588,-0.012536036978938101,-0.0007047415982022839,-0.006593726770277951,0.0070214553863218515,0.00032975218351759993,-6.130893455049992e-05,0.03502962720836834,0.010900039937521503,0.03059265431057318,0.014527007366731749,0.05153885933025166,-0.02160791902237801,0.09203744913477997,0.0,0.04679706918462333,0.00946869246088685,0.015244189568693218,-0.013077207706054656,0.0803771540748183,0.02168850199895999,-0.0019943976102382655,-0.0029934831715148504,-0.0002538203506321004,-0.0005639017405578704,0.011485822687400645,0.008959380598167307,-0.0015562203188480338,0.01270259562201928,0.002839589643412267,0.0016087339838429993,0.04679706918462333,-0.00946869246088685,-0.10988178164588835,0.0,-0.09182340176014663,0.0035857878645746562,0.013811952993288829,-0.008817375560604863,0.0017053740458864838,-0.0033356624335953164,-0.0008547366935189462,-0.0007715449942732436,0.00031362845434218994,-0.0037752148065863665,-0.012897306466858228,-0.01379283404609353,0.0031914611998863007,-0.008120502123027588,0.015244189568693218,0.013077207706054656,-0.09182340176014663,-0.0035857878645746562,0.01750646732440443,0.0,-0.023264435976361506,0.03234209596349,0.0039056033611275017,0.01086223698893115,0.002021473938317301,0.0004415873432007999,-0.002470148091060918,0.01653309382754503,0.0069919039834374225,0.010950453101054653,-0.012536036978938101,0.0007047415982022839,0.0803771540748183,-0.02168850199895999,0.013811952993288829,0.008817375560604863,-0.023264435976361506,-0.03234209596349,-0.03598988236828166,0.0,-0.0032594520505263287,0.004203004829594616,0.0005182783420401999,0.00015776209084948992,-0.04475651168328001,0.022985156474402507,-0.03304955302695916,-0.022583954807465997,-0.006593726770277951,-0.0070214553863218515,-0.0019943976102382655,0.0029934831715148504,0.0017053740458864838,0.0033356624335953164,0.0039056033611275017,-0.01086223698893115,-0.0032594520505263287,-0.004203004829594616,-2.9410345003640397e-05,0.0,0.9997651220585666
0.28800000000000014,0.0015873099904935995,0.0,-0.0015357848747922208,0.00054113601880156,0.0010054469625786165,0.0025217479763895833,-0.0020875416661895662,9.751732199738325e-05,-0.00023699733896185015,0.00020400927226025512,-0.0001997357376629684,-0.0005994104909018167,3.918229907063243e-05,-0.0011460669862390495,-0.0010806492482615998,0.0017295944458770988,-0.0002939883048757828,0.0004893692826339733,-0.0015357848747922208,-0.00054113601880156,0.27452838216110004,0.0,0.2735420888052667,0.042442139383033345,0.035158677865777005,0.039939120991759815,0.03490952684973665,-0.01119987178271998,0.011485290910691571,-0.008855969606594951,0.0003593320270772667,0.0036275088836367863,-0.0026318493233737066,-0.01686382104177512,-0.04510875540546999,-0.023005801823439167,0.0010054469625786165,-0.0025217479763895833,0.2735420888052667,-0.042442139383033345,0.46772210678029985,0.0,0.03722235373485283,0.05594077429010834,0.030592903802693503,-0.014374500386470713,-0.0013178426030796332,-0.012306572778630535,-0.013000097501040869,0.013425075472814242,0.007070800693798516,-0.01125669825707332,-0.033306850182683166,0.02195884349539254,-0.0020875416661895662,-9.751732199738325e-05,0.035158677865777005,-0.039939120991759815,0.03722235373485283,-0.05594077429010834,0.29300935215888335,0.0,0.05174757574233167,0.021732093950163005,0.0029871997672146953,-0.001581836023213218,0.003305320572745266,0.00801501632732925,-0.01253262164666835,-0.000823942841693176,-0.006688050202747782,0.006936908523592555,-0.00023699733896185015,-0.00020400927226025512,0.03490952684973665,0.01119987178271998,0.030592903802693503,0.014374500386470713,0.05174757574233167,-0.021732093950163005,0.09221101322454167,0.0,0.04685853205454501,0.009507200013621321,0.015241606433495446,-0.013066041713490748,0.08055631384649335,0.021567000859299038,-0.00193663679843465,-0.003007742123917083,-0.0001997357376629684,0.0005994104909018167,0.011485290910691571,0.008855969606594951,-0.0013178426030796332,0.012306572778630535,0.0029871997672146953,0.001581836023213218,0.04685853205454501,-0.009507200013621321,-0.11027916126025832,0.0,-0.09187480375424498,0.003500683044768633,0.013859508761092,-0.008758519952540579,0.0016576719260388583,-0.0033130950261589086,3.918229907063243e-05,0.0011460669862390495,0.0003593320270772667,-0.0036275088836367863,-0.013000097501040869,-0.013425075472814242,0.003305320572745266,-0.00801501632732925,0.015241606433495446,0.013066041713490748,-0.09187480375424498,-0.003500683044768633,0.01737720814876549,0.0,-0.023407725175216335,0.032352651657185,0.0039012078392537323,0.0108560140859301,-0.0010806492482615998,-0.0017295944458770988,-0.0026318493233737066,0.01686382104177512,0.007070800693798516,0.01125669825707332,-0.01253262164666835,0.000823942841693176,0.08055631384649335,-0.021567000859299038,0.013859508761092,0.008758519952540579,-0.023407725175216335,-0.032352651657185,-0.036045736284060007,0.0,-0.0031888250836668705,0.00421064812995608,-0.0002939883048757828,-0.0004893692826339733,-0.04510875540546999,0.023005801823439167,-0.033306850182683166,-0.02195884349539254,-0.006688050202747782,-0.006936908523592555,-0.00193663679843465,0.003007742123917083,0.0016576719260388583,0.0033130950261589086,0.0039012078392537323,-0.0108560140859301,-0.0031888250836668705,-0.00421064812995608,-0.0003455364310261466,0.0,0.9997649384885164
0.2889999999999999,0.0015871264301289833,0.0,0.0006962459411162384,-0.0014315312193732997,-0.0025165583640325245,-0.0010295189566685333,0.0013231883804456,-0.0016409724671455823,-1.0343615463733347e-05,-0.00029454384272556655,0.0005587599683144149,0.0003166050983140497,0.0008038786069057101,0.0008404320391111284,-0.0004922478191497668,-0.0019780649220942277,-0.00011177240612320154,-0.0005738361208494666,0.0006962459411162384,0.0014315312193732997,0.27624264028394996,0.0,0.27429616614479996,0.040202146831366664,0.03550097576695066,0.0396534062708355,0.03476420024265283,-0.011502321660146113,0.011477817424717892,-0.00871111562889707,0.00043728503713644646,0.0034637943785479335,-0.002807934206247134,-0.017207762180643574,-0.04542478297713001,-0.022991822267033495,-0.0025165583640325245,0.0010295189566685333,0.27429616614479996,-0.040202146831366664,0.4655103793994166,0.0,0.03687488323537666,0.05599843376998333,0.030546645987693227,-0.014244577309083616,-0.0011187942542416633,-0.011858751865580032,-0.013061380153673915,0.013096145287516903,0.007138521426666266,-0.011546417802578333,-0.03352262656880302,0.021308615095117004,0.0013231883804456,0.0016409724671455823,0.03550097576695066,-0.0396534062708355,0.03687488323537666,-0.05599843376998333,0.2942348777040001,0.0,0.05195519158363833,0.021868306441560504,0.0031337350447264993,-0.001559355088682683,0.003406902961728215,0.007893711790878631,-0.012487397011490606,-0.0008956435338527696,-0.0067495260724712,0.006858592512764486,-1.0343615463733347e-05,0.00029454384272556655,0.03476420024265283,0.011502321660146113,0.030546645987693227,0.014244577309083616,0.05195519158363833,-0.021868306441560504,0.09238038758815666,0.0,0.04694176114370668,0.009510807464010783,0.015241067033041962,-0.013055495402943987,0.08072476996205499,0.021447596457485753,-0.0019032826264962835,-0.003027041039523367,0.0005587599683144149,-0.0003166050983140497,0.011477817424717892,0.00871111562889707,-0.0011187942542416633,0.011858751865580032,0.0031337350447264993,0.001559355088682683,0.04694176114370668,-0.009510807464010783,-0.110673541564775,0.0,-0.09191686638872665,0.003413969438881484,0.013904576696371336,-0.00869890336751775,0.0016463899542772736,-0.0032979754186141406,0.0008038786069057101,-0.0008404320391111284,0.00043728503713644646,-0.0034637943785479335,-0.013061380153673915,-0.013096145287516903,0.003406902961728215,-0.007893711790878631,0.015241067033041962,0.013055495402943987,-0.09191686638872665,-0.003413969438881484,0.017244498192994805,0.0,-0.02356485026505267,0.032353266582016656,0.0038824058268018503,0.010828365484550054,-0.0004922478191497668,0.0019780649220942277,-0.002807934206247134,0.017207762180643574,0.007138521426666266,0.011546417802578333,-0.012487397011490606,0.0008956435338527696,0.08072476996205499,-0.021447596457485753,0.013904576696371336,0.00869890336751775,-0.02356485026505267,-0.032353266582016656,-0.03609795927146834,0.0,-0.0031680177073698168,0.004243146504487467,-0.00011177240612320154,0.0005738361208494666,-0.04542478297713001,0.022991822267033495,-0.03352262656880302,-0.021308615095117004,-0.0067495260724712,-0.006858592512764486,-0.0019032826264962835,0.003027041039523367,0.0016463899542772736,0.0032979754186141406,0.0038824058268018503,-0.010828365484550054,-0.0031680177073698168,-0.004243146504487467,-0.0006636538415614669,0.0,0.9997647549208666
0.28999999999999954,0.0015869428762020665,0.0,0.0004896078314532148,0.0014873481773783582,0.0025109228304073055,-0.0011166180367550695,0.0003553791592025833,0.0020847303903651668,0.00022686591476613304,0.0001622391209478999,-0.0006308359602937902,0.0001350457782356051,-0.0011815026812053335,-1.8428412678388197e-05,0.0017731357244866726,0.0010267523054875484,0.00046965769810531336,0.0003585134699769799,0.0004896078314532148,-0.0014873481773783582,0.2778696777796333,0.0,0.27503373362133327,0.037879810314220004,0.03587438897818333,0.039340368098826156,0.03456389031141018,-0.011830387553133986,0.011442004996533998,-0.008549857101713583,0.0005385888641933836,0.003288201863286601,-0.002983286997036851,-0.01755314960190224,-0.04570858814215166,-0.022945238527819156,0.0025109228304073055,0.0011166180367550695,0.27503373362133327,-0.037879810314220004,0.46338535942956666,0.0,0.036554681890145005,0.05602694401435168,0.030520749500891547,-0.014120621371663538,-0.0009361907780781729,-0.011404421409968899,-0.013079031851858386,0.012797644171223385,0.007202701378116783,-0.0117915061090109,-0.03364940771435284,0.020683877310336916,0.0003553791592025833,-0.0020847303903651668,0.03587438897818333,-0.039340368098826156,0.036554681890145005,-0.05602694401435168,0.2954631953692665,0.0,0.052152003074975,0.02201281037709583,0.003299849949124117,-0.0015439377849039493,0.0034648661679539676,0.0077702050140150145,-0.012449506858762598,-0.0009686277310149156,-0.006828118645555191,0.006764065610984817,0.00022686591476613304,-0.0001622391209478999,0.03456389031141018,0.011830387553133986,0.030520749500891547,0.014120621371663538,0.052152003074975,-0.02201281037709583,0.09254479224739333,0.0,0.04701790877534666,0.009491588476692746,0.015225398886965214,-0.013045365813191727,0.08089174612993663,0.02135346233753151,-0.0018905382418600838,-0.0030571631807394498,-0.0006308359602937902,-0.0001350457782356051,0.011442004996533998,0.008549857101713583,-0.0009361907780781729,0.011404421409968899,0.003299849949124117,0.0015439377849039493,0.04701790877534666,-0.009491588476692746,-0.11106364390416996,0.0,-0.0919295596677333,0.003312229176038482,0.013948653973090336,-0.008634945871278952,0.0016471711586467921,-0.0032775577591110574,-0.0011815026812053335,1.8428412678388197e-05,0.0005385888641933836,-0.003288201863286601,-0.013079031851858386,-0.012797644171223385,0.0034648661679539676,-0.0077702050140150145,0.015225398886965214,0.013045365813191727,-0.0919295596677333,-0.003312229176038482,0.01710852152734455,0.0,-0.023726880427375,0.032325329390286664,0.0038587756249679347,0.010815136142882922,0.0017731357244866726,-0.0010267523054875484,-0.002983286997036851,0.01755314960190224,0.007202701378116783,0.0117915061090109,-0.012449506858762598,0.0009686277310149156,0.08089174612993663,-0.02135346233753151,0.013948653973090336,0.008634945871278952,-0.023726880427375,-0.032325329390286664,-0.03614698737941167,0.0,-0.003165276503250251,0.004266868900741482,0.00046965769810531336,-0.0003585134699769799,-0.04570858814215166,0.022945238527819156,-0.03364940771435284,-0.020683877310336916,-0.006828118645555191,-0.006764065610984817,-0.0018905382418600838,0.0030571631807394498,0.0016471711586467921,0.0032775577591110574,0.0038587756249679347,-0.010815136142882922,-0.003165276503250251,-0.004266868900741482,-0.0009832865863743183,0.0,0.9997645713594333
0.29100000000000026,0.001586759317939367,0.0,-0.0013533953875216663,-0.0007019642012294333,-0.0009835652156644683,0.0026302374747809326,-0.0017812531157223295,-0.0011429533460324335,-0.00024281283815329996,8.593485746073343e-05,0.0003765040228731,-0.0005253340571734,0.0008353932319990497,-0.0008348956124752613,-0.0019576063085588904,0.0005453016002420501,-0.0006018283345981168,2.9706333624203188e-05,-0.0013533953875216663,0.0007019642012294333,0.2794064091665999,0.0,0.27572754637398333,0.03548341439502783,0.036248584858984995,0.03896636702959967,0.03435978016242166,-0.012183913708274504,0.011377024847173752,-0.008393237541718597,0.0006359000945311013,0.00312667486919735,-0.003155399594583716,-0.017881359186057467,-0.04598049374510002,-0.022887657258244667,-0.0009835652156644683,-0.0026302374747809326,0.27572754637398333,-0.03548341439502783,0.4613501015779667,0.0,0.036226563241173,0.05602210414140833,0.030577313897673146,-0.014028782902742287,-0.0007682700599125803,-0.010979600798142584,-0.013094369584870435,0.012492940267128985,0.007288330393165472,-0.0120284821550043,-0.033756777330926614,0.020100450502548165,-0.0017812531157223295,0.0011429533460324335,0.036248584858984995,-0.03896636702959967,0.036226563241173,-0.05602210414140833,0.2966937413873499,0.0,0.052355679754491645,0.022131163624181993,0.0034826453874646185,-0.0015162232147510502,0.003516007143756618,0.00767502066624565,-0.012433288526978002,-0.0010789470100335018,-0.006934104285308617,0.006639227724996183,-0.00024281283815329996,-8.593485746073343e-05,0.03435978016242166,0.012183913708274504,0.030577313897673146,0.014028782902742287,0.052355679754491645,-0.022131163624181993,0.0927049526877717,0.0,0.047056683688629995,0.009479238286873092,0.015208431181627898,-0.013029801134377052,0.08106782739500831,0.02128485404909425,-0.001892479676214317,-0.0030904094465029827,0.0003765040228731,0.0005253340571734,0.011377024847173752,0.008393237541718597,-0.0007682700599125803,0.010979600798142584,0.0034826453874646185,0.0015162232147510502,0.047056683688629995,-0.009479238286873092,-0.11144900201645999,0.0,-0.09195374317524999,0.0032101068283501006,0.014000168989049173,-0.008576524566183467,0.0016145200378775196,-0.00322631151060305,0.0008353932319990497,0.0008348956124752613,0.0006359000945311013,-0.00312667486919735,-0.013094369584870435,-0.012492940267128985,0.003516007143756618,-0.00767502066624565,0.015208431181627898,0.013029801134377052,-0.09195374317524999,-0.0032101068283501006,0.016969306562313664,0.0,-0.02388019004761801,0.03228697570866835,0.0038484924799991665,0.0108339314249442,-0.0019576063085588904,-0.0005453016002420501,-0.003155399594583716,0.017881359186057467,0.007288330393165472,0.0120284821550043,-0.012433288526978002,0.0010789470100335018,0.08106782739500831,-0.02128485404909425,0.014000168989049173,0.008576524566183467,-0.02388019004761801,-0.03228697570866835,-0.03619387300597666,0.0,-0.0031241202208542726,0.004278226843299015,-0.0006018283345981168,-2.9706333624203188e-05,-0.04598049374510002,0.022887657258244667,-0.033756777330926614,-0.020100450502548165,-0.006934104285308617,-0.006639227724996183,-0.001892479676214317,0.0030904094465029827,0.0016145200378775196,0.00322631151060305,0.0038484924799991665,-0.0108339314249442,-0.0031241202208542726,-0.004278226843299015,-0.0013040078837893176,0.0,0.9997643877940501
0.292,0.0015865757462789995,0.0,0.0013922374059578996,-0.0004454550650460364,-0.0011866946106307665,-0.0026032295639241997,0.002075870573503747,-0.0005320588745936497,4.711802633939844e-05,-0.00023223303750180002,9.080554853025005e-05,0.0006424431791104833,3.0169014399416686e-05,0.0011737274454264664,0.0009678518514139115,-0.001745967369694133,0.00045758391936297807,-0.0004144821230545667,0.0013922374059578996,0.0004454550650460364,0.2808502889610666,0.0,0.2763784259995999,0.033013143212301505,0.03657213817376167,0.038563797969535005,0.03420201048878334,-0.012531263860494664,0.011301767659268543,-0.00821348589451115,0.0007247675679344169,0.0029826704218426344,-0.0033178407305469652,-0.01819224156117297,-0.04623375015088666,-0.022833049305553157,-0.0011866946106307665,0.0026032295639241997,0.2763784259995999,-0.033013143212301505,0.4594078066678335,0.0,0.03585132498259783,0.05600488779766833,0.030670182482630332,-0.013977336905299047,-0.0006318329913038016,-0.010558920164675405,-0.01312437247416812,0.012168016615573226,0.0074049955359667815,-0.012289115838641767,-0.03390972963107664,0.019510056879155673,0.002075870573503747,0.0005320588745936497,0.03657213817376167,-0.038563797969535005,0.03585132498259783,-0.05600488779766833,0.29792546495999994,0.0,0.05258217105653,0.02220783863125633,0.0036637057867868134,-0.0014584574593443991,0.0036028394137682844,0.007611134235016582,-0.012411100569032682,-0.0011743065596472692,-0.007011340877306691,0.0065085784285959436,4.711802633939844e-05,0.00023223303750180002,0.03420201048878334,0.012531263860494664,0.030670182482630332,0.013977336905299047,0.05258217105653,-0.02220783863125633,0.09286226919850496,0.0,0.04705726628461166,0.009473130616110818,0.015217807048426662,-0.01300607452440578,0.08123869680890168,0.021215858326796937,-0.0019134250128205826,-0.0031211530387746504,9.080554853025005e-05,-0.0006424431791104833,0.011301767659268543,0.00821348589451115,-0.0006318329913038016,0.010558920164675405,0.0036637057867868134,0.0014584574593443991,0.04705726628461166,-0.009473130616110818,-0.11183026930875335,0.0,-0.09200154847409331,0.0031219880638582325,0.014051677918808165,-0.008522755352144647,0.0015495875360636634,-0.003146993237604834,3.0169014399416686e-05,-0.0011737274454264664,0.0007247675679344169,-0.0029826704218426344,-0.01312437247416812,-0.012168016615573226,0.0036028394137682844,-0.007611134235016582,0.015217807048426662,0.01300607452440578,-0.09200154847409331,-0.0031219880638582325,0.016826860363789865,0.0,-0.024022291464828,0.03225748356759,0.003847659226236367,0.010849617094774748,0.0009678518514139115,0.001745967369694133,-0.0033178407305469652,0.01819224156117297,0.0074049955359667815,0.012289115838641767,-0.012411100569032682,0.0011743065596472692,0.08123869680890168,-0.021215858326796937,0.014051677918808165,0.008522755352144647,-0.024022291464828,-0.03225748356759,-0.03623904081189333,0.0,-0.0030563847335582997,0.004301388167816834,0.00045758391936297807,0.0004144821230545667,-0.04623375015088666,0.022833049305553157,-0.03390972963107664,-0.019510056879155673,-0.007011340877306691,-0.0065085784285959436,-0.0019134250128205826,0.0031211530387746504,0.0015495875360636634,0.003146993237604834,0.003847659226236367,-0.010849617094774748,-0.0030563847335582997,-0.004301388167816834,-0.0016257515621387927,0.0,0.9997642042145334
0.29299999999999965,0.0015863921763312667,0.0,-0.0006370636406571999,0.0012549362483661169,0.0027044942981406723,0.0009905710626346334,-0.001038205598841078,0.0019419520921795488,0.00017880336960735015,0.00015335862568571665,-0.0005131837194860999,-0.0003939474167411833,-0.0008751150978531416,-0.0008033050754851334,0.0005606176360979147,0.0019036935836609901,-8.002814676141669e-05,0.0006162032532105817,-0.0006370636406571999,-0.0012549362483661169,0.28219890146108323,0.0,0.2770308671476666,0.030488430389442666,0.03684217958035334,0.03818392974639266,0.034055306147099326,-0.012845550777313338,0.011230539038195058,-0.007980633173222418,0.0008255800826540166,0.0028295580813330417,-0.003460123020355632,-0.018500171751337034,-0.04645529040638333,-0.022776632486015986,0.0027044942981406723,-0.0009905710626346334,0.2770308671476666,-0.030488430389442666,0.4575610465239333,0.0,0.035453946211338676,0.056015232221171676,0.030723498958346508,-0.013926116842126956,-0.0005250088251214438,-0.010105686903599765,-0.013142867111532112,0.011844561946798495,0.007539517508128864,-0.01254822838039628,-0.03407156555028678,0.0188868321857252,-0.001038205598841078,-0.0019419520921795488,0.03684217958035334,-0.03818392974639266,0.035453946211338676,-0.056015232221171676,0.2991577640845667,0.0,0.05282120198888998,0.022270936220117332,0.003849684928836616,-0.001374894599758833,0.0037073997108178674,0.007547621883682332,-0.012378448755793166,-0.0012019183688613832,-0.007028575159212384,0.006406918640656382,0.00017880336960735015,-0.00015335862568571665,0.034055306147099326,0.012845550777313338,0.030723498958346508,0.013926116842126956,0.05282120198888998,-0.022270936220117332,0.0930169304048117,0.0,0.04705171634683833,0.009445093281892419,0.01525658468509717,-0.012984341620221718,0.08139652380190335,0.021136134105546156,-0.0019531222976233822,-0.0031529596881985514,-0.0005131837194860999,0.0003939474167411833,0.011230539038195058,0.007980633173222418,-0.0005250088251214438,0.010105686903599765,0.003849684928836616,0.001374894599758833,0.04705171634683833,-0.009445093281892419,-0.11220755082976502,0.0,-0.09204370360570334,0.0030380396008515345,0.0140894141037775,-0.008458921497707368,0.0014965399533083,-0.003069241800671166,-0.0008751150978531416,0.0008033050754851334,0.0008255800826540166,-0.0028295580813330417,-0.013142867111532112,-0.011844561946798495,0.0037073997108178674,-0.007547621883682332,0.01525658468509717,0.012984341620221718,-0.09204370360570334,-0.0030380396008515345,0.01668119057510135,0.0,-0.024160359224114674,0.03223455424160666,0.0038383143654555996,0.010826279740320965,0.0005606176360979147,-0.0019036935836609901,-0.003460123020355632,0.018500171751337034,0.007539517508128864,0.01254822838039628,-0.012378448755793166,0.0012019183688613832,0.08139652380190335,-0.021136134105546156,0.0140894141037775,0.008458921497707368,-0.024160359224114674,-0.03223455424160666,-0.03628207847132,0.0,-0.003019214535147185,0.004340058893581534,-8.002814676141669e-05,-0.0006162032532105817,-0.04645529040638333,0.022776632486015986,-0.03407156555028678,-0.0188868321857252,-0.007028575159212384,-0.006406918640656382,-0.0019531222976233822,0.0031529596881985514,0.0014965399533083,0.003069241800671166,0.0038383143654555996,-0.010826279740320965,-0.003019214535147185,-0.004340058893581534,-0.0019485752877624334,0.0,0.9997640206369831
0.29400000000000015,0.0015862086170361667,0.0,-0.0004170900341161999,-0.0013160128654786777,-0.0026001972646446173,0.0012535223213197496,-0.0007587680705916333,-0.0021296866282761334,-0.00024224390061583484,7.784414230936652e-05,0.0006345238884982347,-7.257005080773328e-05,0.0012186671937602334,-4.8454218284008436e-05,-0.0017634395966568826,-0.0009508474313961165,-0.0003519104467005532,-0.00050296786544588,-0.0004170900341161999,0.0013160128654786777,0.2834503997729167,0.0,0.27767321486453334,0.027930462417036686,0.037083490371603335,0.03781014651514216,0.033849003206055,-0.01313664364025372,0.01115944225994194,-0.007714919631765969,0.0009468101749467502,0.0026526670835056777,-0.0035816028949054333,-0.018808863453216088,-0.046654721312821654,-0.02270987623948443,-0.0026001972646446173,-0.0012535223213197496,0.27767321486453334,-0.027930462417036686,0.4558108803534334,0.0,0.03508264306573799,0.056048975358229995,0.03074776894956283,-0.013844110891900362,-0.0004150797329227812,-0.009628642319031468,-0.013128191077848841,0.011537539908023147,0.007685752713322213,-0.012772775353134968,-0.034186181242975504,0.01827525547739033,-0.0007587680705916333,0.0021296866282761334,0.037083490371603335,-0.03781014651514216,0.03508264306573799,-0.056048975358229995,0.30039090383889994,0.0,0.05303891751306667,0.02233858427444034,0.004067496784463674,-0.0012764016169863831,0.003786153031532883,0.00746297359131032,-0.012364137784930748,-0.0012092783477167044,-0.007026826489877917,0.006322078305085866,-0.00024224390061583484,-7.784414230936652e-05,0.033849003206055,0.01313664364025372,0.03074776894956283,0.013844110891900362,0.05303891751306667,-0.02233858427444034,0.09316806616897667,0.0,0.047060676780518326,0.009387847671970968,0.015299204869670837,-0.012972797707154133,0.08155144674255999,0.0210615565424035,-0.0019898815227605503,-0.003191208794990372,0.0006345238884982347,7.257005080773328e-05,0.01115944225994194,0.007714919631765969,-0.0004150797329227812,0.009628642319031468,0.004067496784463674,0.0012764016169863831,0.047060676780518326,-0.009387847671970968,-0.11257976470462834,0.0,-0.09205797254684836,0.002941244829359889,0.014115641289844836,-0.008378690531082818,0.0014685606559842366,-0.0030135117921326867,0.0012186671937602334,4.8454218284008436e-05,0.0009468101749467502,-0.0026526670835056777,-0.013128191077848841,-0.011537539908023147,0.003786153031532883,-0.00746297359131032,0.015299204869670837,0.012972797707154133,-0.09205797254684836,-0.002941244829359889,0.01653224031445285,0.0,-0.024287108342075998,0.032202222165065006,0.0038162990679260172,0.010782521872789972,-0.0017634395966568826,0.0009508474313961165,-0.0035816028949054333,0.018808863453216088,0.007685752713322213,0.012772775353134968,-0.012364137784930748,0.0012092783477167044,0.08155144674255999,-0.0210615565424035,0.014115641289844836,0.008378690531082818,-0.024287108342075998,-0.032202222165065006,-0.036322778605685,0.0,-0.003019736591821277,0.00437124474099315,-0.0003519104467005532,0.00050296786544588,-0.046654721312821654,0.02270987623948443,-0.034186181242975504,-0.01827525547739033,-0.007026826489877917,-0.006322078305085866,-0.0019898815227605503,0.003191208794990372,0.0014685606559842366,0.0030135117921326867,0.0038162990679260172,-0.010782521872789972,-0.003019736591821277,-0.00437124474099315,-0.0022723186851066465,0.0,0.9997638370703331
0.2950000000000001,0.001586025063035834,0.0,0.0011933200525656672,0.0006487609214658665,0.0009353388940956495,-0.0027550453920147508,0.002103041153915884,0.000911458452836833,7.727544296643329e-05,-0.0002649276009073167,-0.0004080703828512219,0.00048570244600840487,-0.0008473649218532332,0.0009050512196190706,0.0019285379181108308,-0.0005708015804516997,0.0005988825048335168,0.00012406758577972855,0.0011933200525656672,-0.0006487609214658665,0.2846035455551001,0.0,0.2782285836135834,0.025340152987442348,0.037284058925913334,0.03739352685068349,0.033588508906349825,-0.013428062407188237,0.011083693426020218,-0.0074602071585707095,0.0010685983055324165,0.0024726100860559173,-0.0036900979478206673,-0.019106121971605265,-0.04685605018170499,-0.02264639130019107,0.0009353388940956495,0.0027550453920147508,0.2782285836135834,-0.025340152987442348,0.45415817754006654,0.0,0.03472764110864483,0.05606631364864668,0.030810499193850347,-0.013762013635028306,-0.00028749504715093184,-0.009163078737797065,-0.013097399148942158,0.011227888503950099,0.007850826029632366,-0.012983627444791517,-0.034284463671384005,0.01769905357247763,0.002103041153915884,-0.000911458452836833,0.037284058925913334,-0.03739352685068349,0.03472764110864483,-0.05606631364864668,0.30162473669080003,0.0,0.053226991278915,0.02238526343685633,0.0043164691994309005,-0.0011611591872266384,0.0038469251736975713,0.007379340337076749,-0.012376016794668675,-0.001279784776132713,-0.007052625955016951,0.006219284727854149,7.727544296643329e-05,0.0002649276009073167,0.033588508906349825,0.013428062407188237,0.030810499193850347,0.013762013635028306,0.053226991278915,-0.02238526343685633,0.09331562098166168,0.0,0.04707176271752335,0.0093266483172145,0.015326866042112171,-0.012966926866850284,0.08172240892724499,0.021002873677262,-0.0019980023817391117,-0.0032293696691149004,-0.0004080703828512219,-0.00048570244600840487,0.011083693426020218,0.0074602071585707095,-0.00028749504715093184,0.009163078737797065,0.0043164691994309005,0.0011611591872266384,0.04707176271752335,-0.0093266483172145,-0.11294593512922832,0.0,-0.09206618392545832,0.0028375478894574293,0.014150789605416334,-0.008293016533706782,0.001430932646166667,-0.0029742478725484,-0.0008473649218532332,-0.0009050512196190706,0.0010685983055324165,-0.0024726100860559173,-0.013097399148942158,-0.011227888503950099,0.0038469251736975713,-0.007379340337076749,0.015326866042112171,0.012966926866850284,-0.09206618392545832,-0.0028375478894574293,0.016379984354480834,0.0,-0.024383234794553166,0.03215744013378166,0.0037983949916024677,0.010763874502777698,0.0019285379181108308,0.0005708015804516997,-0.0036900979478206673,0.019106121971605265,0.007850826029632366,0.012983627444791517,-0.012376016794668675,0.001279784776132713,0.08172240892724499,-0.021002873677262,0.014150789605416334,0.008293016533706782,-0.024383234794553166,-0.03215744013378166,-0.03636170480465166,0.0,-0.003006758238037151,0.004391731653630619,0.0005988825048335168,-0.00012406758577972855,-0.04685605018170499,0.02264639130019107,-0.034284463671384005,-0.01769905357247763,-0.007052625955016951,-0.006219284727854149,-0.0019980023817391117,0.0032293696691149004,0.001430932646166667,0.0029742478725484,0.0037983949916024677,-0.010763874502777698,-0.003006758238037151,-0.004391731653630619,-0.002596796742374559,0.0,0.9997636535086833
0.2959999999999997,0.0015858414978024002,0.0,-0.0012645238684064898,0.0003568598928551164,0.0012895652160921799,0.002638201804033317,-0.002131116001146967,0.0008901072268299496,0.00017650400312064357,0.00022684045698650006,-3.912210778111196e-05,-0.0006447306659241951,-4.8632682484980874e-05,-0.0012362226189157896,-0.0009609612711060003,0.0017352194032350832,-0.0005328607378197718,0.0003194728040312058,-0.0012645238684064898,-0.0003568598928551164,0.2856573243514001,0.0,0.2786900985973,0.022702721465683664,0.03741965763490666,0.03695100930028816,0.03334154522818183,-0.01372494371363451,0.011003813538554933,-0.007223437000926534,0.001177408923860215,0.0023123913501865998,-0.0037917339179928686,-0.019387993224749,-0.04706081566732167,-0.02260046609151352,0.0012895652160921799,-0.002638201804033317,0.2786900985973,-0.022702721465683664,0.45260474265654993,0.0,0.03434467934880316,0.05606483048411833,0.03091929092654467,-0.01372731258454924,-0.00017189253447608648,-0.008717957154849331,-0.01307549232521663,0.010901422488127813,0.008036743679340914,-0.013233991281251085,-0.03442749567456318,0.017105233036834953,-0.002131116001146967,-0.0008901072268299496,0.03741965763490666,-0.03695100930028816,0.03434467934880316,-0.05606483048411833,0.30285842404765007,0.0,0.053423272099148336,0.022394416867057978,0.004555281646151517,-0.0010216781033009332,0.0039350933026477495,0.007331500165865217,-0.012385484119416996,-0.001404207062132051,-0.007098356389323398,0.006107820266145263,0.00017650400312064357,-0.00022684045698650006,0.03334154522818183,0.01372494371363451,0.03091929092654467,0.01372731258454924,0.053423272099148336,-0.022394416867057978,0.09346079172931167,0.0,0.047080577770388335,0.009284605683781966,0.015349333927916502,-0.012959102943909288,0.08191742238546501,0.020947715720568496,-0.001980470872706613,-0.003256813190345183,-3.912210778111196e-05,0.0006447306659241951,0.011003813538554933,0.007223437000926534,-0.00017189253447608648,0.008717957154849331,0.004555281646151517,0.0010216781033009332,0.047080577770388335,-0.009284605683781966,-0.1133065075410767,0.0,-0.0921045348142733,0.0027472624170269497,0.01420505734109417,-0.008210691403668733,0.0013658981563239249,-0.0029406999538826696,-4.8632682484980874e-05,0.0012362226189157896,0.001177408923860215,-0.0023123913501865998,-0.01307549232521663,-0.010901422488127813,0.0039350933026477495,-0.007331500165865217,0.015349333927916502,0.012959102943909288,-0.0921045348142733,-0.0027472624170269497,0.01622452847116653,0.0,-0.024447225256660002,0.03212265088315333,0.0037975885570318978,0.010771547391890738,-0.0009609612711060003,-0.0017352194032350832,-0.0037917339179928686,0.019387993224749,0.008036743679340914,0.013233991281251085,-0.012385484119416996,0.001404207062132051,0.08191742238546501,-0.020947715720568496,0.01420505734109417,0.008210691403668733,-0.024447225256660002,-0.03212265088315333,-0.03639936991611666,0.0,-0.0029590294346138746,0.004425846841341419,-0.0005328607378197718,-0.0003194728040312058,-0.04706081566732167,0.02260046609151352,-0.03442749567456318,-0.017105233036834953,-0.007098356389323398,-0.006107820266145263,-0.001980470872706613,0.003256813190345183,0.0013658981563239249,0.0029406999538826696,0.0037975885570318978,-0.010771547391890738,-0.0029590294346138746,-0.004425846841341419,-0.0029223053606315295,0.0,0.9997634699359833
0.29700000000000026,0.0015856579257685828,0.0,0.0006170047625988999,-0.001098916463219666,-0.0027718911561254323,-0.0009600041870836837,0.0008366659826025935,-0.0021817854809827943,-0.00028434700371174175,-5.311017887183114e-06,0.0004890595165583949,0.00045693410000803857,0.0009168974560282,0.000827379677973902,-0.0005303526065320999,-0.0018749229929375826,0.00018650378235546668,-0.0006018327244288166,0.0006170047625988999,0.001098916463219666,0.2866100968634333,0.0,0.2791001152648334,0.02001373137165475,0.03750790216005499,0.03653713050147249,0.03311934230375467,-0.01400421433754187,0.010909168579813553,-0.006976623141350014,0.001292829463881012,0.0021647761283994514,-0.0038891963122632497,-0.01966334828218216,-0.04724510662045498,-0.022551489266531086,-0.0027718911561254323,0.0009600041870836837,0.2791001152648334,-0.02001373137165475,0.4511529655634001,0.0,0.033940911815574674,0.05607701902950168,0.031000993249666337,-0.01372933041521393,-0.00010356727885054826,-0.0082676892824246,-0.013054248196894066,0.010579251629277649,0.008228652132964798,-0.013522533265468518,-0.034586589431355334,0.016447760646244383,0.0008366659826025935,0.0021817854809827943,0.03750790216005499,-0.03653713050147249,0.033940911815574674,-0.05607701902950168,0.3040914728962001,0.0,0.05364903359191334,0.02239477960696384,0.004757295895342735,-0.0008578403663764167,0.004058988845375266,0.007309479449219402,-0.012371191081322699,-0.0014995941069878532,-0.0071377316151883495,0.006023629093794782,-0.00028434700371174175,5.311017887183114e-06,0.03311934230375467,0.01400421433754187,0.031000993249666337,0.01372933041521393,0.05364903359191334,-0.02239477960696384,0.0936043400783817,0.0,0.04710719777724166,0.0092510231584533,0.01537530232888217,-0.012952580538733497,0.08210389141272997,0.020883122337307995,-0.001966276833276302,-0.0032781165832922155,0.0004890595165583949,-0.00045693410000803857,0.010909168579813553,0.006976623141350014,-0.00010356727885054826,0.0082676892824246,0.004757295895342735,0.0008578403663764167,0.04710719777724166,-0.0092510231584533,-0.11366240106319167,0.0,-0.09214831251480002,0.0026667336647839333,0.014263356687390998,-0.008125845638038833,0.0013133889538258137,-0.002921105306896765,0.0009168974560282,-0.000827379677973902,0.001292829463881012,-0.0021647761283994514,-0.013054248196894066,-0.010579251629277649,0.004058988845375266,-0.007309479449219402,0.01537530232888217,0.012952580538733497,-0.09214831251480002,-0.0026667336647839333,0.016065907401142717,0.0,-0.02449794454875383,0.03210720438424999,0.0038073394430920998,0.010760080308795099,-0.0005303526065320999,0.0018749229929375826,-0.0038891963122632497,0.01966334828218216,0.008228652132964798,0.013522533265468518,-0.012371191081322699,0.0014995941069878532,0.08210389141272997,-0.020883122337307995,0.014263356687390998,0.008125845638038833,-0.02449794454875383,-0.03210720438424999,-0.03643549969106999,0.0,-0.0029228974041808687,0.004484711184846617,0.00018650378235546668,0.0006018327244288166,-0.04724510662045498,0.022551489266531086,-0.034586589431355334,-0.016447760646244383,-0.0071377316151883495,-0.006023629093794782,-0.001966276833276302,0.0032781165832922155,0.0013133889538258137,0.002921105306896765,0.0038073394430920998,-0.010760080308795099,-0.0029228974041808687,-0.004484711184846617,-0.0032492536173853322,0.0,0.9997632863564333
0.2979999999999998,0.0015854743642391158,0.0,0.0003219767350860334,0.0011804311532455166,0.0025945137013671164,-0.0012964366225054504,0.0010432746647994831,0.002122460036476401,0.00018712295251780003,-0.00019630710626286675,-0.0006925936666775333,-7.734742887333214e-06,-0.0012472672226994802,6.312459396610011e-05,0.0016956610744511675,0.0009370749690082788,0.00026304891922497,0.0005734297882864865,0.0003219767350860334,-0.0011804311532455166,0.28746007678275004,0.0,0.27953400320403343,0.01729969432497133,0.037607973956796666,0.03615242905280117,0.0328706855379855,-0.014258208001270454,0.01078363292390947,-0.0067146380885268015,0.0014359990563582998,0.002009092689998484,-0.003984930765119357,-0.01994595607480649,-0.04741356170963499,-0.02247643273153739,0.0025945137013671164,0.0012964366225054504,0.27953400320403343,-0.01729969432497133,0.44980412038205014,0.0,0.033573985646423825,0.05611908204113,0.031025555976232324,-0.01372900318030823,-7.388915609737997e-05,-0.00780367447218721,-0.013010969008355468,0.01029528856169083,0.008419605123053784,-0.013800780620159384,-0.034691680793105154,0.01578084574945164,0.0010432746647994831,-0.002122460036476401,0.037607973956796666,-0.03615242905280117,0.033573985646423825,-0.05611908204113,0.3053245162295166,0.0,0.05388732225606667,0.022426625770118874,0.0049402973312516335,-0.0006758878475503001,0.004175201764931634,0.00727765925192941,-0.0123438865902807,-0.0015433145253968502,-0.007177337420184233,0.005957194968505952,0.00018712295251780003,0.00019630710626286675,0.0328706855379855,0.014258208001270454,0.031025555976232324,0.01372900318030823,0.05388732225606667,-0.022426625770118874,0.09374568830209334,0.0,0.04717949200574502,0.009207400839567097,0.015394344163359832,-0.012961443645850912,0.08227910929536665,0.020827972572611327,-0.001967561365317477,-0.0033085689560771333,-0.0006925936666775333,7.734742887333214e-06,0.01078363292390947,0.0067146380885268015,-7.388915609737997e-05,0.00780367447218721,0.0049402973312516335,0.0006758878475503001,0.04717949200574502,-0.009207400839567097,-0.11401341596954664,0.0,-0.09216944607633336,0.0025714570704003454,0.014312867139254167,-0.008034565620337832,0.0013108824666747535,-0.0029276000761802655,-0.0012472672226994802,-6.312459396610011e-05,0.0014359990563582998,-0.002009092689998484,-0.013010969008355468,-0.01029528856169083,0.004175201764931634,-0.00727765925192941,0.015394344163359832,0.012961443645850912,-0.09216944607633336,-0.0025714570704003454,0.015903884410384962,0.0,-0.024560242118714833,0.032095631292021656,0.00381674783583464,0.010713973944674889,0.0016956610744511675,-0.0009370749690082788,-0.003984930765119357,0.01994595607480649,0.008419605123053784,0.013800780620159384,-0.0123438865902807,0.0015433145253968502,0.08227910929536665,-0.020827972572611327,0.014312867139254167,0.008034565620337832,-0.024560242118714833,-0.032095631292021656,-0.03646973783472166,0.0,-0.0029388372211505685,0.004543188814212863,0.00026304891922497,-0.0005734297882864865,-0.04741356170963499,0.02247643273153739,-0.034691680793105154,-0.01578084574945164,-0.007177337420184233,-0.005957194968505952,-0.001967561365317477,0.0033085689560771333,0.0013108824666747535,0.0029276000761802655,0.00381674783583464,-0.010713973944674889,-0.0029388372211505685,-0.004543188814212863,-0.003577503879063533,0.0,0.9997631027874831
0.29899999999999977,0.0015852908176907997,0.0,-0.0010213253877358135,-0.0006185986015411336,-0.0008571705961346835,0.0027474080793814357,-0.0022788211287829503,-0.0006785270155300152,1.4694394097016731e-05,0.00025763865932954997,0.0005421540209579162,-0.00046254927087673324,0.0008510904633253162,-0.0009242748351953328,-0.0018560246889135934,0.0005504822561253831,-0.0005844643687511169,-0.00025291363877349336,-0.0010213253877358135,0.0006185986015411336,0.28820659838850005,0.0,0.2799375394049667,0.01459222848650705,0.03772777425335834,0.03573266795649584,0.032570406851713,-0.014515822680165586,0.010625742584908702,-0.006466232578029566,0.0015935051794727496,0.0018469270015915168,-0.004073659929478485,-0.02022829678912284,-0.047584613705413344,-0.022393040012841956,-0.0008571705961346835,-0.0027474080793814357,0.2799375394049667,-0.01459222848650705,0.4485580317667665,0.0,0.033252490264749676,0.05615015613492166,0.031051875471234995,-0.013731647472275893,-4.712962335988377e-05,-0.007355018656560256,-0.012939745242022006,0.010047277082746216,0.008622082728999265,-0.014046594403348236,-0.034746276856708676,0.01518010800527328,-0.0022788211287829503,0.0006785270155300152,0.03772777425335834,-0.03573266795649584,0.033252490264749676,-0.05615015613492166,0.3065583119501999,0.0,0.05410500865784333,0.02248229809819949,0.005122321338308066,-0.0004768060489599837,0.004254383298555733,0.007233722340768249,-0.012311983258105915,-0.0015963119286238699,-0.007232580799562796,0.005856433839990966,1.4694394097016731e-05,-0.00025763865932954997,0.032570406851713,0.014515822680165586,0.031051875471234995,0.013731647472275893,0.05410500865784333,-0.02248229809819949,0.09388427227554502,0.0,0.04727481647656999,0.009153807756128646,0.015386431333279995,-0.0129869338440921,0.08246142191761,0.02081029608702233,-0.0019684678610556996,-0.003352355561480503,0.0005421540209579162,0.00046254927087673324,0.010625742584908702,0.006466232578029566,-4.712962335988377e-05,0.007355018656560256,0.005122321338308066,0.0004768060489599837,0.04727481647656999,-0.009153807756128646,-0.11435841895306999,0.0,-0.09216431899899831,0.002449961128457882,0.014363994396696167,-0.00794236777963533,0.0013294229933468202,-0.002950150504036949,0.0008510904633253162,0.0009242748351953328,0.0015935051794727496,-0.0018469270015915168,-0.012939745242022006,-0.010047277082746216,0.004254383298555733,-0.007233722340768249,0.015386431333279995,0.0129869338440921,-0.09216431899899831,-0.002449961128457882,0.01573814761033045,0.0,-0.02463301288638683,0.03206063306958167,0.0038254780352296523,0.010672551203779763,-0.0018560246889135934,-0.0005504822561253831,-0.004073659929478485,0.02022829678912284,0.008622082728999265,0.014046594403348236,-0.012311983258105915,0.0015963119286238699,0.08246142191761,-0.02081029608702233,0.014363994396696167,0.00794236777963533,-0.02463301288638683,-0.03206063306958167,-0.03650277424443835,0.0,-0.0029788545366353,0.004575896039699688,-0.0005844643687511169,0.00025291363877349336,-0.047584613705413344,0.022393040012841956,-0.034746276856708676,-0.01518010800527328,-0.007232580799562796,-0.005856433839990966,-0.0019684678610556996,0.003352355561480503,0.0013294229933468202,0.002950150504036949,0.0038254780352296523,-0.010672551203779763,-0.0029788545366353,-0.004575896039699688,-0.0039065403779999985,0.0,0.9997629192333503
0.3000000000000004,0.001585107274765433,0.0,0.0011163819717899084,-0.00023498740550230025,-0.0013741992333494665,-0.002541012398346818,0.0020674299765405784,-0.0012036244576357998,-0.0002015998766130333,-0.0001520603977448666,-0.0001091484466241,0.000726228713425467,5.317598467492668e-05,0.0012296423961349818,0.0009044441052937333,-0.0016867872369321516,0.0006294744020178679,-0.00020222181718854848,0.0011163819717899084,0.00023498740550230025,0.28885060994714995,0.0,0.2802755617361667,0.011900913307330816,0.037830937980336175,0.03526211573715184,0.03227461737544699,-0.014812791006205661,0.010454208154425769,-0.006243098868182198,0.0017301090471523648,0.0017024031840929834,-0.00414472043625935,-0.020495539857298836,-0.04775707601662335,-0.02234931437975483,-0.0013741992333494665,0.002541012398346818,0.2802755617361667,-0.011900913307330816,0.4474141961439834,0.0,0.03292187549439266,0.05615821065411334,0.031141137003484844,-0.01378704421682117,-1.5763367227399614e-05,-0.006950919515439597,-0.012864320834090283,0.009805283163969666,0.0088483111588331,-0.014289929454713744,-0.0348214721721905,0.01462231279438952,0.0020674299765405784,0.0012036244576357998,0.037830937980336175,-0.03526211573715184,0.03292187549439266,-0.05615821065411334,0.30779282884391673,0.0,0.05432359600965333,0.02253741604950583,0.005277128481318397,-0.0002625932861627002,0.004315549341402384,0.007218365667747167,-0.012263783152426815,-0.0016793899309357836,-0.007289835628250918,0.0057068754553877,-0.0002015998766130333,0.0001520603977448666,0.03227461737544699,0.014812791006205661,0.031141137003484844,0.01378704421682117,0.05432359600965333,-0.02253741604950583,0.09402076111651834,0.0,0.04735004208910166,0.009106934268549981,0.01535829555620333,-0.013016104707541935,0.08266932909167997,0.020834558001077155,-0.00196534959916805,-0.003403073179923166,-0.0001091484466241,-0.000726228713425467,0.010454208154425769,0.006243098868182198,-1.5763367227399614e-05,0.006950919515439597,0.005277128481318397,0.0002625932861627002,0.04735004208910166,-0.009106934268549981,-0.114696822157935,0.0,-0.09217153630376335,0.0023207209320792997,0.014434322858385164,-0.007859645196936502,0.0013152482680554502,-0.002966849149746052,5.317598467492668e-05,-0.0012296423961349818,0.0017301090471523648,-0.0017024031840929834,-0.012864320834090283,-0.009805283163969666,0.004315549341402384,-0.007218365667747167,0.01535829555620333,0.013016104707541935,-0.09217153630376335,-0.0023207209320792997,0.01556853795810038,0.0,-0.024707014680264996,0.03201233129719999,0.0038405191572810004,0.010665263906360046,0.0009044441052937333,0.0016867872369321516,-0.00414472043625935,0.020495539857298836,0.0088483111588331,0.014289929454713744,-0.012263783152426815,0.0016793899309357836,0.08266932909167997,-0.020834558001077155,0.014434322858385164,0.007859645196936502,-0.024707014680264996,-0.03201233129719999,-0.036536066346330005,0.0,-0.0029987969925613965,0.0045909405819540994,0.0006294744020178679,0.00020222181718854848,-0.04775707601662335,0.02234931437975483,-0.0348214721721905,-0.01462231279438952,-0.007289835628250918,-0.0057068754553877,-0.00196534959916805,0.003403073179923166,0.0013152482680554502,0.002966849149746052,0.0038405191572810004,-0.010665263906360046,-0.0029987969925613965,-0.0045909405819540994,-0.004236417096855431,0.0,0.9997627356830832
0.30099999999999993,0.0015849237250452832,0.0,-0.00060704535343725,0.0008733856780928271,0.002789325213355116,0.0008136618668508736,-0.0005413473907898834,0.00238328302085415,0.00024761617037025006,-6.335501153694559e-05,-0.00041483209990036626,-0.0006315385449902499,-0.0008888987298646165,-0.0007868282256583496,0.0005541616025659836,0.0017979949259089504,-0.00036505854016193187,0.0005894755259592333,-0.00060704535343725,-0.0008733856780928271,0.28939323074500006,0.0,0.28055892799015,0.009206277542026272,0.03790160104907066,0.03479365215164767,0.032028256249906,-0.015132462452145749,0.010281347361311083,-0.006015009751243847,0.0018394271463656666,0.0015772418682219176,-0.0041880489253575655,-0.02074172128064734,-0.04789710490064001,-0.022345783131307174,0.002789325213355116,-0.0008136618668508736,0.28055892799015,-0.009206277542026272,0.4463726590828667,0.0,0.032558104285709676,0.056177808525831666,0.031254776445090664,-0.013901257694131138,-1.5054196238916628e-05,-0.006578633907153504,-0.01280142180573688,0.00955815581836145,0.009094590327773898,-0.014543986834685382,-0.03492854102324817,0.014026570629627703,-0.0005413473907898834,-0.00238328302085415,0.03790160104907066,-0.03479365215164767,0.032558104285709676,-0.056177808525831666,0.3090280421511001,0.0,0.05457713105645,0.02259487537490045,0.005369550276777175,-3.9575377093141726e-05,0.004384165659951199,0.00724268895319662,-0.012201870833005814,-0.0017261408598181667,-0.007322364938560018,0.005555446745510101,0.00024761617037025006,6.335501153694559e-05,0.032028256249906,0.015132462452145749,0.031254776445090664,0.013901257694131138,0.05457713105645,-0.02259487537490045,0.09415612316574329,0.0,0.04739071277043833,0.009070678835614583,0.015338268281076,-0.01303620422957975,0.08286797178377167,0.020872762691488835,-0.0019756938182796,-0.0034662366442335833,-0.00041483209990036626,0.0006315385449902499,0.010281347361311083,0.006015009751243847,-1.5054196238916628e-05,0.006578633907153504,0.005369550276777175,3.9575377093141726e-05,0.04739071277043833,-0.009070678835614583,-0.11502909110246502,0.0,-0.09219137645415836,0.0021993368801131335,0.014512481174136001,-0.0077831062771519305,0.0012716261219181998,-0.002970179669528834,-0.0008888987298646165,0.0007868282256583496,0.0018394271463656666,-0.0015772418682219176,-0.01280142180573688,-0.00955815581836145,0.004384165659951199,-0.00724268895319662,0.015338268281076,0.01303620422957975,-0.09219137645415836,-0.0021993368801131335,0.015394929317872392,0.0,-0.024779757631009335,0.03197391096233668,0.0038586637874682,0.010657014295039782,0.0005541616025659836,-0.0017979949259089504,-0.0041880489253575655,0.02074172128064734,0.009094590327773898,0.014543986834685382,-0.012201870833005814,0.0017261408598181667,0.08286797178377167,-0.020872762691488835,0.014512481174136001,0.0077831062771519305,-0.024779757631009335,-0.03197391096233668,-0.03657044287743168,0.0,-0.0030083441788623703,0.0046029899269327676,-0.00036505854016193187,-0.0005894755259592333,-0.04789710490064001,0.022345783131307174,-0.03492854102324817,-0.014026570629627703,-0.007322364938560018,-0.005555446745510101,-0.0019756938182796,0.0034662366442335833,0.0012716261219181998,0.002970179669528834,0.0038586637874682,-0.010657014295039782,-0.0030083441788623703,-0.0046029899269327676,-0.004567822081578515,0.0,0.9997625521255171
0.3019999999999997,0.001584740182148683,0.0,-0.0001428162949188832,-0.00098827283553755,-0.0025257302424128,0.0014209220155568336,-0.0014573124025396497,-0.002072317107090935,-0.00011538374598319987,0.00023904300332157,0.0007429055691008483,0.0001926063574570667,0.00115784187511794,-8.469491241967147e-05,-0.0016687189604830304,-0.0008581371738860486,-0.00011431199921448327,-0.0007033668346036499,-0.0001428162949188832,0.00098827283553755,0.2898343341728333,0.0,0.2808527996913999,0.006498300984277601,0.037968007583543996,0.034369501491856,0.031793530597439335,-0.015422255414622721,0.010104399429036117,-0.005756356011195968,0.0019503228337544403,0.001439285045902522,-0.004207056228750833,-0.020974592264701337,-0.04799948359401835,-0.02234158016572733,-0.0025257302424128,-0.0014209220155568336,0.2808527996913999,-0.006498300984277601,0.44543371996989994,0.0,0.032217734345993,0.056238598027536675,0.031318799933808,-0.01401530641662803,-6.842763787756659e-05,-0.00620740167948094,-0.012740122064093437,0.009323175940696782,0.009353669746978337,-0.014773163964410167,-0.035013697742278,0.013389020628618352,-0.0014573124025396497,0.002072317107090935,0.037968007583543996,-0.034369501491856,0.032217734345993,-0.056238598027536675,0.3102645772504666,0.0,0.054852026772808336,0.02267412846040216,0.005417838092658836,0.00019006328940894,0.004450222591132872,0.0072591973985466065,-0.012158474180490415,-0.0016982773926909336,-0.0073321005310898685,0.005440618005983638,-0.00011538374598319987,-0.00023904300332157,0.031793530597439335,0.015422255414622721,0.031318799933808,0.01401530641662803,0.054852026772808336,-0.02267412846040216,0.09429015103463333,0.0,0.047427674875321665,0.009029560475138284,0.0153466913308365,-0.013051571384923027,0.08302759894693165,0.0209062267818145,-0.0019983678917916007,-0.0035511464672821486,0.0007429055691008483,-0.0001926063574570667,0.010104399429036117,0.005756356011195968,-6.842763787756659e-05,0.00620740167948094,0.005417838092658836,-0.00019006328940894,0.047427674875321665,-0.009029560475138284,-0.11535548589311831,0.0,-0.09219682772650334,0.0020781676094057833,0.014574497421178164,-0.0077009182079868675,0.0012490759870080648,-0.002967053470995416,0.00115784187511794,8.469491241967147e-05,0.0019503228337544403,-0.001439285045902522,-0.012740122064093437,-0.009323175940696782,0.004450222591132872,-0.0072591973985466065,0.0153466913308365,0.013051571384923027,-0.09219682772650334,-0.0020781676094057833,0.01521712538704222,0.0,-0.024859941245436494,0.03194487391976499,0.0038680149923551,0.010601647561031944,-0.0016687189604830304,0.0008581371738860486,-0.004207056228750833,0.020974592264701337,0.009353669746978337,0.014773163964410167,-0.012158474180490415,0.0016982773926909336,0.08302759894693165,-0.0209062267818145,0.014574497421178164,0.0077009182079868675,-0.024859941245436494,-0.03194487391976499,-0.03660576974323,0.0,-0.003046830006448738,0.004600002225215251,-0.00011431199921448327,0.0007033668346036499,-0.04799948359401835,0.02234158016572733,-0.035013697742278,-0.013389020628618352,-0.0073321005310898685,-0.005440618005983638,-0.0019983678917916007,0.0035511464672821486,0.0012490759870080648,0.002967053470995416,0.0038680149923551,-0.010601647561031944,-0.003046830006448738,-0.004600002225215251,-0.004901023784964015,0.0,0.9997623685752
0.30300000000000044,0.001584556653021717,0.0,0.0007379954472362171,0.0006247496512154832,0.0007297789866311836,-0.002789009647609533,0.0026083194564939837,0.00030137792354412163,-0.00011170039138902246,-0.0002615290161266834,-0.000686927109134967,0.00034942978290888996,-0.0007581231997654357,0.0008682735693146499,0.0018064309797884168,-0.0006033495007427998,0.0005639259340384999,0.00044113592737375006,0.0007379954472362171,-0.0006247496512154832,0.29017325844263325,0.0,0.2811497333964,0.0037866878434976007,0.038041808374070514,0.03395894740024267,0.031508205103639005,-0.01567038923870569,0.009924310276125748,-0.0054807838463571835,0.002082430072571833,0.0012660372037028667,-0.004214470369455001,-0.0211967831644885,-0.04809297497297001,-0.0223244572898035,0.0007297789866311836,0.002789009647609533,0.2811497333964,-0.0037866878434976007,0.4445971713486,0.0,0.031939980787462165,0.05630694441559166,0.031338456215816005,-0.014091978115196031,-0.0001485503178639165,-0.005829374230039682,-0.012661099204653832,0.009108245102368665,0.0096293031721988,-0.014952110117605747,-0.035070897873245986,0.012775335247960404,0.0026083194564939837,-0.00030137792354412163,0.038041808374070514,-0.03395894740024267,0.031939980787462165,-0.05630694441559166,0.31150309253208336,0.0,0.05509550928078503,0.022764057155649425,0.005469342468197484,0.0004323107142367,0.0044895996486472335,0.007226213785334404,-0.012145067586104836,-0.001658169198136033,-0.007338283337074115,0.005336114413029719,-0.00011170039138902246,0.0002615290161266834,0.031508205103639005,0.01567038923870569,0.031338456215816005,0.014091978115196031,0.05509550928078503,-0.022764057155649425,0.09442203280718668,0.0,0.047482480033464995,0.00897511495239677,0.015375011821939833,-0.013069378709823552,0.0831650780568283,0.020942484632621838,-0.001998920977386701,-0.0036506816146479834,-0.000686927109134967,-0.00034942978290888996,0.009924310276125748,0.0054807838463571835,-0.0001485503178639165,0.005829374230039682,0.005469342468197484,-0.0004323107142367,0.047482480033464995,-0.00897511495239677,-0.11567546984864494,0.0,-0.09218218638300167,0.001948224365353833,0.014620154792183664,-0.0076149023292296485,0.0012595992716759666,-0.0029643159920375154,-0.0007581231997654357,-0.0008682735693146499,0.002082430072571833,-0.0012660372037028667,-0.012661099204653832,-0.009108245102368665,0.0044895996486472335,-0.007226213785334404,0.015375011821939833,0.013069378709823552,-0.09218218638300167,-0.001948224365353833,0.01503510672983957,0.0,-0.024945524509963665,0.031901127982520004,0.003859581228442034,0.010513196055594419,0.0018064309797884168,0.0006033495007427998,-0.004214470369455001,0.0211967831644885,0.0096293031721988,0.014952110117605747,-0.012145067586104836,0.001658169198136033,0.0831650780568283,-0.020942484632621838,0.014620154792183664,0.0076149023292296485,-0.024945524509963665,-0.031901127982520004,-0.036642010102195,0.0,-0.00311376834134588,0.004561029075592844,0.0005639259340384999,-0.00044113592737375006,-0.04809297497297001,0.0223244572898035,-0.035070897873245986,-0.012775335247960404,-0.007338283337074115,-0.005336114413029719,-0.001998920977386701,0.0036506816146479834,0.0012595992716759666,0.0029643159920375154,0.003859581228442034,-0.010513196055594419,-0.00311376834134588,-0.004561029075592844,-0.005235553523279883,0.0,0.9997621850392666
0.304,0.0015843731291599336,0.0,-0.0009476244775966316,-3.7937044276510014e-06,0.0014862650613210004,0.002488735027897117,-0.0020326509678740504,0.0017763964512168165,0.00029935321101136613,8.763798364595005e-05,0.00028829573680726276,-0.0007222605532969994,-7.329539144151689e-05,-0.0011279567344695501,-0.000857194878316283,0.001728580705607033,-0.0007150409931676232,7.590464012418994e-05,-0.0009476244775966316,3.7937044276510014e-06,0.2904100589610334,0.0,0.2813660643655333,0.0010735747325533334,0.038090149640098506,0.033522005564090164,0.03118498217476885,-0.015911140815184816,0.009754283126843717,-0.005210965838022931,0.0022216209905244833,0.0010775648662568666,-0.0042122086041425,-0.021399151593736006,-0.04818188417884501,-0.022333102171944837,0.0014862650613210004,-0.002488735027897117,0.2813660643655333,-0.0010735747325533334,0.44386296297993333,0.0,0.03167457983517033,0.05633723439943499,0.03138276403013467,-0.014171214112487838,-0.00023037745765072524,-0.0054602541644621,-0.012569650241413996,0.008887385026112244,0.009919581017400701,-0.015114094360662614,-0.03515316297087267,0.012183664325071186,-0.0020326509678740504,-0.0017763964512168165,0.038090149640098506,-0.033522005564090164,0.03167457983517033,-0.05633723439943499,0.3127430964922166,0.0,0.05529678532894333,0.022831316084098226,0.005528947912161521,0.0006874367373440463,0.0045096765653301184,0.007171410465183318,-0.0121302696728045,-0.0016699895013292684,-0.007343486539471466,0.005197805672852867,0.00029935321101136613,-8.763798364595005e-05,0.03118498217476885,0.015911140815184816,0.03138276403013467,0.014171214112487838,0.05529678532894333,-0.022831316084098226,0.09455189412138498,0.0,0.04753390791304334,0.008919559584370601,0.015402596509623664,-0.013082421288973124,0.08331540418122335,0.020989354441384996,-0.0019552508829942016,-0.0037446891007948827,0.00028829573680726276,0.0007222605532969994,0.009754283126843717,0.005210965838022931,-0.00023037745765072524,0.0054602541644621,0.005528947912161521,-0.0006874367373440463,0.04753390791304334,-0.008919559584370601,-0.11598871952085332,0.0,-0.09217529878935334,0.0018264076729024334,0.014673566686079494,-0.0075429662312292475,0.0012652529544820998,-0.0029622646103237673,-7.329539144151689e-05,0.0011279567344695501,0.0022216209905244833,-0.0010775648662568666,-0.012569650241413996,-0.008887385026112244,0.0045096765653301184,-0.007171410465183318,0.015402596509623664,0.013082421288973124,-0.09217529878935334,-0.0018264076729024334,0.014849343525224616,0.0,-0.025017491599204335,0.031835258326104995,0.0038355101343905337,0.010444642289037633,-0.000857194878316283,-0.001728580705607033,-0.0042122086041425,0.021399151593736006,0.009919581017400701,0.015114094360662614,-0.0121302696728045,0.0016699895013292684,0.08331540418122335,-0.020989354441384996,0.014673566686079494,0.0075429662312292475,-0.025017491599204335,-0.031835258326104995,-0.036679802483103346,0.0,-0.0031700619568163176,0.004498651125937447,-0.0007150409931676232,-7.590464012418994e-05,-0.04818188417884501,0.022333102171944837,-0.03515316297087267,-0.012183664325071186,-0.007343486539471466,-0.005197805672852867,-0.0019552508829942016,0.0037446891007948827,0.0012652529544820998,0.0029622646103237673,0.0038355101343905337,-0.010444642289037633,-0.0031700619568163176,-0.004498651125937447,-0.005571205697191317,0.0,0.9997620015077329
0.3049999999999998,0.0015841895905726005,0.0,0.0007087852240124167,-0.0005831201463608965,-0.002848795283627866,-0.0007376364086456168,7.834169349150167e-05,-0.002766335415271666,-0.00027325884492405,0.00019551315574423183,0.00028129417311367175,0.0007448921298969667,0.0008303185258586335,0.0006982222529264095,-0.0006072873204744085,-0.0018308330352009943,0.00046713924202429995,-0.0005577585376154349,0.0007087852240124167,0.0005831201463608965,0.2905448863182166,0.0,0.28149274891605003,-0.0016727918490021829,0.03809865484532617,0.033086275288029675,0.030887270523193504,-0.016162175441525286,0.009595258194320517,-0.004942722869256249,0.0023558078781943602,0.0009018192921463419,-0.004193338654727333,-0.021578587142461976,-0.048235938796461694,-0.0223792219020135,-0.002848795283627866,0.0007376364086456168,0.28149274891605003,0.0016727918490021829,0.4432322735793666,0.0,0.03135995661122916,0.05634282151357,0.03147072364300417,-0.014297709889178016,-0.00034325603739560013,-0.005112961452272141,-0.012488750049777035,0.008636491933833852,0.010210502253147203,-0.01530948369846152,-0.03527025905027251,0.011538260553395765,7.834169349150167e-05,0.002766335415271666,0.03809865484532617,-0.033086275288029675,0.03135995661122916,-0.05634282151357,0.31398364628505,0.0,0.055505737237936684,0.02287183929400245,0.005560925913038532,0.0009356732752514831,0.0045382129458750005,0.007145711321275382,-0.01209559881664873,-0.0017052110364667835,-0.007337237039751916,0.005038644908147165,-0.00027325884492405,-0.00019551315574423183,0.030887270523193504,0.016162175441525286,0.03147072364300417,0.014297709889178016,0.055505737237936684,-0.02287183929400245,0.09468072874009167,0.0,0.04756132694112666,0.008880364697273551,0.015428737066244,-0.013074681855029349,0.08348999183629499,0.0210304072670775,-0.0018865643647235006,-0.0038239523726291682,0.00028129417311367175,-0.0007448921298969667,0.009595258194320517,0.004942722869256249,-0.00034325603739560013,0.005112961452272141,0.005560925913038532,-0.0009356732752514831,0.04756132694112666,-0.008880364697273551,-0.11629629845003668,0.0,-0.0922021114343167,0.0017395849941727504,0.014747297870183,-0.007490869935754182,0.0012524101169901329,-0.0029566256868490655,0.0008303185258586335,-0.0006982222529264095,0.0023558078781943602,-0.0009018192921463419,-0.012488750049777035,-0.008636491933833852,0.0045382129458750005,-0.007145711321275382,0.015428737066244,0.013074681855029349,-0.0922021114343167,-0.0017395849941727504,0.014660626639295883,0.0,-0.02506518810619082,0.03177647220644999,0.0038049808252185167,0.010409107373392783,-0.0006072873204744085,0.0018308330352009943,-0.004193338654727333,0.021578587142461976,0.010210502253147203,0.01530948369846152,-0.01209559881664873,0.0017052110364667835,0.08348999183629499,-0.0210304072670775,0.014747297870183,0.007490869935754182,-0.02506518810619082,-0.03177647220644999,-0.03671954601959668,0.0,-0.0031983451575146506,0.004446517682626387,0.00046713924202429995,0.0005577585376154349,-0.048235938796461694,0.0223792219020135,-0.03527025905027251,-0.011538260553395765,-0.007337237039751916,-0.005038644908147165,-0.0018865643647235006,0.0038239523726291682,0.0012524101169901329,0.0029566256868490655,0.0038049808252185167,-0.010409107373392783,-0.0031983451575146506,-0.004446517682626387,-0.005908688721098102,0.0,0.9997618179615835
0.30599999999999977,0.0015840060388753834,0.0,-0.00015629408735028327,0.0008797328368801334,0.0025761294158043666,-0.0014835616445908314,0.0020381144106769336,0.0019777617257902397,1.9336642015633198e-05,-0.00034117338611856855,-0.0007402095129281667,-0.0003562480040198763,-0.0010392953462911997,0.00012537192121959997,0.0017180913797492751,0.0008636930746160832,4.2913724553474964e-05,0.0007266799651475831,-0.00015629408735028327,-0.0008797328368801334,0.29057605066858333,0.0,0.2815697742851167,-0.004488097613855216,0.038098807396825494,0.032696587065687996,0.03062041106420649,-0.016385854268470165,0.009420608164264514,-0.004663422034879949,0.0025065002654205337,0.0007362141551619169,-0.004167026551678901,-0.02174236207532094,-0.048244253938661684,-0.02240917454788333,0.0025761294158043666,0.0014835616445908314,0.2815697742851167,0.004488097613855216,0.4427077058331333,0.0,0.03101791770641533,0.05635333825319667,0.031539260142455824,-0.014439472701916516,-0.0005288447506536161,-0.004784735634706823,-0.01241763725666244,0.008369431921429565,0.010486137658091152,-0.01552875785383215,-0.035355545126771165,0.010820334885756412,0.0020381144106769336,-0.0019777617257902397,0.038098807396825494,-0.032696587065687996,0.03101791770641533,-0.05635333825319667,0.3152244164565499,0.0,0.055745448192035,0.02290972173194932,0.005562458241814884,0.0011626282276015166,0.004585515640710331,0.007134635733589583,-0.012065236780215451,-0.0017063619897925368,-0.007319763305879399,0.0049048766122296306,1.9336642015633198e-05,0.00034117338611856855,0.03062041106420649,0.016385854268470165,0.031539260142455824,0.014439472701916516,0.055745448192035,-0.02290972173194932,0.09480885502747165,0.0,0.04757760311778833,0.00885244165880905,0.015466154511355882,-0.013045963471456165,0.0836505347880033,0.02104187998886301,-0.0018189178339896113,-0.0038995682725462334,-0.0007402095129281667,0.0003562480040198763,0.009420608164264514,0.004663422034879949,-0.0005288447506536161,0.004784735634706823,0.005562458241814884,-0.0011626282276015166,0.04757760311778833,-0.00885244165880905,-0.11659987724158004,0.0,-0.0922331277268733,0.001685363688304145,0.014826015590364833,-0.0074418097788942345,0.0012656620942073419,-0.002948339789825419,-0.0010392953462911997,-0.00012537192121959997,0.0025065002654205337,-0.0007362141551619169,-0.01241763725666244,-0.008369431921429565,0.004585515640710331,-0.007134635733589583,0.015466154511355882,0.013045963471456165,-0.0922331277268733,-0.001685363688304145,0.014469606756443817,0.0,-0.025099646394437507,0.031739776657646664,0.0037750125913363656,0.010368148285727134,0.0017180913797492751,-0.0008636930746160832,-0.004167026551678901,0.02174236207532094,0.010486137658091152,0.01552875785383215,-0.012065236780215451,0.0017063619897925368,0.0836505347880033,-0.02104187998886301,0.014826015590364833,0.0074418097788942345,-0.025099646394437507,-0.031739776657646664,-0.03676057237180499,0.0,-0.00322625223845385,0.00441372985476245,4.2913724553474964e-05,-0.0007266799651475831,-0.048244253938661684,0.02240917454788333,-0.035355545126771165,-0.010820334885756412,-0.007319763305879399,-0.0049048766122296306,-0.0018189178339896113,0.0038995682725462334,0.0012656620942073419,0.002948339789825419,0.0037750125913363656,-0.010368148285727134,-0.00322625223845385,-0.00441372985476245,-0.006248556764935217,0.0,0.9997616344022832
0.3070000000000001,0.0015838224892378836,0.0,-0.0004673278249012,-0.0007723058662263933,-0.0007724647456293035,0.0028686609243803508,-0.0028909015300311166,0.00019192485731491665,0.0002410001579693651,0.00022874742131004345,0.0008085720280562663,-0.00025998414270967,0.0006219745265445504,-0.0008236236280316933,-0.0018307938815083666,0.0006236560762156161,-0.00051813801056087,-0.0004901256108316498,-0.0004673278249012,0.0007723058662263933,0.2905004390488834,0.0,0.28166676244811667,-0.007363882376080806,0.03812933595049118,0.03232739658382818,0.030335795183986828,-0.016551399440987012,0.009206547449170583,-0.00438650958706765,0.002699141436703383,0.0005646288011737521,-0.004154070296765,-0.021906957398016645,-0.04825383715659167,-0.02238746608924246,-0.0007724647456293035,-0.0028686609243803508,0.28166676244811667,0.007363882376080806,0.44229178934831664,0.0,0.03071003601129415,0.05636966463937167,0.031560252414109834,-0.014543240334497998,-0.0007704843305779794,-0.004469168481709635,-0.012331259954805338,0.00812607641799407,0.010749678518276733,-0.01573605836609469,-0.035381714446183,0.010113400227215647,-0.0028909015300311166,-0.00019192485731491665,0.03812933595049118,-0.03232739658382818,0.03071003601129415,-0.05636966463937167,0.3164656526145667,0.0,0.05599091161172,0.02296037221726823,0.005572596429066147,0.0013810154212734497,0.004636747599950261,0.00708036988083545,-0.012055303461157468,-0.0016863890569614713,-0.007295756896100417,0.004798598191955034,0.0002410001579693651,-0.00022874742131004345,0.030335795183986828,0.016551399440987012,0.031560252414109834,0.014543240334497998,0.05599091161172,-0.02296037221726823,0.09493551523781332,0.0,0.04762000514696499,0.008821462415647267,0.015517913210554964,-0.01302092894150557,0.08379456093864832,0.021035734524778495,-0.0017471477877542164,-0.00398309946078809,0.0008085720280562663,0.00025998414270967,0.009206547449170583,0.00438650958706765,-0.0007704843305779794,0.004469168481709635,0.005572596429066147,-0.0013810154212734497,0.04762000514696499,-0.008821462415647267,-0.11690017879952666,0.0,-0.09225238399292167,0.00163630019771115,0.014896463973011418,-0.007384491302717852,0.0013381515240729832,-0.0029444785922020005,0.0006219745265445504,0.0008236236280316933,0.002699141436703383,-0.0005646288011737521,-0.012331259954805338,-0.00812607641799407,0.004636747599950261,-0.00708036988083545,0.015517913210554964,0.01302092894150557,-0.09225238399292167,-0.00163630019771115,0.01427668039612408,0.0,-0.025147287663155167,0.031706480260269995,0.003746012677123682,0.010303670917412343,-0.0018307938815083666,-0.0006236560762156161,-0.004154070296765,0.021906957398016645,0.010749678518276733,0.01573605836609469,-0.012055303461157468,0.0016863890569614713,0.08379456093864832,-0.021035734524778495,0.014896463973011418,0.007384491302717852,-0.025147287663155167,-0.031706480260269995,-0.03680197212901667,0.0,-0.003278067243715334,0.004375262545298584,-0.00051813801056087,0.0004901256108316498,-0.04825383715659167,0.02238746608924246,-0.035381714446183,-0.010113400227215647,-0.007295756896100417,-0.004798598191955034,-0.0017471477877542164,0.00398309946078809,0.0013381515240729832,0.0029444785922020005,0.003746012677123682,-0.010303670917412343,-0.003278067243715334,-0.004375262545298584,-0.006590297360822975,0.0,0.9997614508453668
0.3079999999999999,0.0015836389448743505,0.0,0.0008890983565550001,0.0002869479091688335,-0.001496627965872492,-0.0025636326004057847,0.0018141327898280166,-0.0022889042513390325,-0.0003249681380719884,3.6556270505674664e-05,-0.0004292042700401831,0.0007700237734783165,0.00014921201180168676,0.0010026446461305135,0.0008417203797380336,-0.001759542337695718,0.0006978316674419833,2.3020811881167155e-06,0.0008890983565550001,-0.0002869479091688335,0.2903162942990499,0.0,0.28173055358648347,-0.010249871285503965,0.03816282431274699,0.031903070768743325,0.030014938445048503,-0.01668670902145101,0.008958235131171924,-0.004138944819587724,0.002924503904694084,0.00039752949077393325,-0.004150036923397917,-0.022073734183214507,-0.04828668226463835,-0.022352573519809942,-0.001496627965872492,0.0025636326004057847,0.28173055358648347,0.010249871285503965,0.44198560705513323,0.0,0.03042236750294534,0.056357154219264995,0.031591286684281,-0.014624676350693,-0.0010172326883683797,-0.004173810258017034,-0.012213688623231866,0.007919180718212033,0.011016639495690584,-0.015933163517690266,-0.035403417761183845,0.00947570800926445,0.0018141327898280166,0.0022889042513390325,0.03816282431274699,-0.031903070768743325,0.03042236750294534,-0.056357154219264995,0.31770709971381667,0.0,0.05621084422497501,0.02300382769832243,0.005599720033717303,0.001609569288091483,0.004677046522790315,0.0069777392415287885,-0.012033890927857116,-0.0016966827620302502,-0.007252468420104217,0.004681873886073048,-0.0003249681380719884,-3.6556270505674664e-05,0.030014938445048503,0.01668670902145101,0.031591286684281,0.014624676350693,0.05621084422497501,-0.02300382769832243,0.09506031027079498,0.0,0.04768158154036166,0.008780681619508651,0.015560121484686105,-0.013013450480961728,0.08394926832550498,0.02104659201095367,-0.001656332552441983,-0.004070300559806919,-0.0004292042700401831,-0.0007700237734783165,0.008958235131171924,0.004138944819587724,-0.0010172326883683797,0.004173810258017034,0.005599720033717303,-0.001609569288091483,0.04768158154036166,-0.008780681619508651,-0.11719687996915669,0.0,-0.09226444297258334,0.0015781467526902336,0.014968377283267848,-0.007327427319087565,0.0014361980785722833,-0.0029464653098311023,0.00014921201180168676,-0.0010026446461305135,0.002924503904694084,-0.00039752949077393325,-0.012213688623231866,-0.007919180718212033,0.004677046522790315,-0.0069777392415287885,0.015560121484686105,0.013013450480961728,-0.09226444297258334,-0.0015781467526902336,0.014082255419254786,0.0,-0.025208723521959665,0.03164690970906167,0.0037102354919889666,0.010251127236344753,0.0008417203797380336,0.001759542337695718,-0.004150036923397917,0.022073734183214507,0.011016639495690584,0.015933163517690266,-0.012033890927857116,0.0016966827620302502,0.08394926832550498,-0.02104659201095367,0.014968377283267848,0.007327427319087565,-0.025208723521959665,-0.03164690970906167,-0.03684394675229,0.0,-0.003335915279542405,0.004317165389889766,0.0006978316674419833,-2.3020811881167155e-06,-0.04828668226463835,0.022352573519809942,-0.035403417761183845,-0.00947570800926445,-0.007252468420104217,-0.004681873886073048,-0.001656332552441983,0.004070300559806919,0.0014361980785722833,0.0029464653098311023,0.0037102354919889666,-0.010251127236344753,-0.003335915279542405,-0.004317165389889766,-0.0069331116877632834,0.0,0.9997612672943166
0.3089999999999999,0.0015834553945496003,0.0,-0.0008820728213774501,0.00036209976372432006,0.002895389731203266,0.0007517519906029002,0.00045949684711338345,0.002892707928820064,0.00018055126726756663,-0.00028460702152777016,-0.00022753966351593492,-0.0008887571694213503,-0.0007944890670388334,-0.000550610939918295,0.0006628503317314998,0.0018336595237620496,-0.0005189595180715916,0.0004680275091014233,-0.0008820728213774501,-0.00036209976372432006,0.29002462111206667,0.0,0.2817363906674167,-0.013110917013545578,0.03815575879060283,0.03141474050369933,0.029712785885141334,-0.016851431691402814,0.008695593793927894,-0.003920863232466432,0.0031486615463681496,0.0002642120116301335,-0.004126199028927367,-0.022237198718316902,-0.048305431430443344,-0.022357548720486835,0.002895389731203266,-0.0007517519906029002,0.2817363906674167,0.013110917013545578,0.44178881459341673,0.0,0.030086788426659503,0.05633163582681831,0.03169705082142999,-0.014744704869684832,-0.0012580067074278848,-0.003917927717683642,-0.012084812669017515,0.007725376961819083,0.011291514236265354,-0.01615246363502695,-0.03546541605076885,0.008864039138327066,0.00045949684711338345,-0.002892707928820064,0.03815575879060283,-0.03141474050369933,0.030086788426659503,-0.05633163582681831,0.3189479424675834,0.0,0.056436527601958345,0.023028689069558347,0.005604214399700767,0.0018328895656213168,0.004704864841067116,0.006884901205251533,-0.011976460317106552,-0.0017294394132663833,-0.007179475217549114,0.004554301693013199,0.00018055126726756663,0.00028460702152777016,0.029712785885141334,0.016851431691402814,0.03169705082142999,0.014744704869684832,0.056436527601958345,-0.023028689069558347,0.095183947252345,0.0,0.047723658171816695,0.008731318815000482,0.01557999738639737,-0.013011342661592717,0.08414135513190833,0.02108986769885416,-0.0015643855920395844,-0.004156593393640816,-0.00022753966351593492,0.0008887571694213503,0.008695593793927894,0.003920863232466432,-0.0012580067074278848,0.003917927717683642,0.005604214399700767,-0.0018328895656213168,0.047723658171816695,-0.008731318815000482,-0.11748977959714832,0.0,-0.09229419807670501,0.0015269200443491818,0.015060723014990085,-0.007282257396017167,0.0015083460406933001,-0.00294592562158606,-0.0007944890670388334,0.000550610939918295,0.0031486615463681496,-0.0002642120116301335,-0.012084812669017515,-0.007725376961819083,0.004704864841067116,-0.006884901205251533,0.01557999738639737,0.013011342661592717,-0.09229419807670501,-0.0015269200443491818,0.013886824666519934,0.0,-0.025270738739670662,0.031577340368938334,0.0036631477376989677,0.010244896550778098,0.0006628503317314998,-0.0018336595237620496,-0.004126199028927367,0.022237198718316902,0.011291514236265354,0.01615246363502695,-0.011976460317106552,0.0017294394132663833,0.08414135513190833,-0.02108986769885416,0.015060723014990085,0.007282257396017167,-0.025270738739670662,-0.031577340368938334,-0.036887569334219994,0.0,-0.0033742075896217322,0.00425996686569329,-0.0005189595180715916,-0.0004680275091014233,-0.048305431430443344,0.022357548720486835,-0.03546541605076885,-0.008864039138327066,-0.007179475217549114,-0.004554301693013199,-0.0015643855920395844,0.004156593393640816,0.0015083460406933001,0.00294592562158606,0.0036631477376989677,-0.010244896550778098,-0.0033742075896217322,-0.00425996686569329,-0.007277172819250262,0.0,0.9997610837359665
0.30999999999999994,0.0015832718290535498,0.0,0.00043709430664163506,-0.0008498187539963197,-0.0025943582656872436,0.0015313015084947022,-0.0024710401794324826,-0.0016226674927173,0.00011116246517098333,0.00033625021751639114,0.0008114453737482721,0.0004914137142048662,0.0008859093190527482,-0.0002140232756641636,-0.001765533586275417,-0.0008045274824911915,8.934701962773346e-05,-0.0007056472509911163,0.00043709430664163506,0.0008498187539963197,0.28962704343296664,0.0,0.2816980127017,-0.015954995430059044,0.038114467489095166,0.030918239500676917,0.029465326376641336,-0.017046818210390415,0.008423261901180182,-0.0037062843205512186,0.003363359087165542,0.00016241997683236626,-0.004064884554975633,-0.022390309683717382,-0.04827236897761666,-0.022382018426050334,-0.0025943582656872436,-0.0015313015084947022,0.2816980127017,0.015954995430059044,0.4417006361352666,0.0,0.029701077811764003,0.05633841990271666,0.03184742017343716,-0.014903866822598838,-0.0015215653167208363,-0.0037106324149598353,-0.011966798613513898,0.007532077570185949,0.0115634793938639,-0.016388013214595803,-0.03552479864965832,0.008224665481636502,-0.0024710401794324826,0.0016226674927173,0.038114467489095166,-0.030918239500676917,0.029701077811764003,-0.05633841990271666,0.32018805561233327,0.0,0.05670228010990166,0.023053692381987,0.0055596462223759845,0.0020236693298649844,0.0047295747967722335,0.006823772753142115,-0.0119165333327416,-0.0017313523903816172,-0.007097299647506615,0.004459438736483117,0.00011116246517098333,-0.00033625021751639114,0.029465326376641336,0.017046818210390415,0.03184742017343716,0.014903866822598838,0.05670228010990166,-0.023053692381987,0.09530696786102169,0.0,0.04772794915646668,0.008670831859725791,0.015597800974267452,-0.01299458199068692,0.08433349546924164,0.021139169008923157,-0.0014974412328482172,-0.004253738532946383,0.0008114453737482721,-0.0004914137142048662,0.008423261901180182,0.0037062843205512186,-0.0015215653167208363,0.0037106324149598353,0.0055596462223759845,-0.0020236693298649844,0.04772794915646668,-0.008670831859725791,-0.117779210117915,0.0,-0.09232611266268168,0.0014900125346185553,0.01516665326752333,-0.007237831163751943,0.0015572643736772335,-0.0029355017828545027,0.0008859093190527482,0.0002140232756641636,0.003363359087165542,-0.00016241997683236626,-0.011966798613513898,-0.007532077570185949,0.0047295747967722335,-0.006823772753142115,0.015597800974267452,0.01299458199068692,-0.09232611266268168,-0.0014900125346185553,0.013690614013772083,0.0,-0.025327939731512338,0.03152518604707332,0.003606276719028816,0.010254491583812248,-0.001765533586275417,0.0008045274824911915,-0.004064884554975633,0.022390309683717382,0.0115634793938639,0.016388013214595803,-0.0119165333327416,0.0017313523903816172,0.08433349546924164,-0.021139169008923157,0.01516665326752333,0.007237831163751943,-0.025327939731512338,-0.03152518604707332,-0.036933292958708334,0.0,-0.003400142351013118,0.004217399975520617,8.934701962773346e-05,0.0007056472509911163,-0.04827236897761666,0.022382018426050334,-0.03552479864965832,-0.008224665481636502,-0.007097299647506615,-0.004459438736483117,-0.0014974412328482172,0.004253738532946383,0.0015572643736772335,0.0029355017828545027,0.003606276719028816,-0.010254491583812248,-0.003400142351013118,-0.004217399975520617,-0.007623185644607856,0.0,0.9997609001636831
0.311,0.0015830882638511836,0.0,0.00024209824315106647,0.0009395289468638036,0.0007196068250682493,-0.002906179909503399,0.0028986603429885164,-0.0007854773855863232,-0.0003375604420725837,-0.00014854177198166653,-0.0009422818630372335,0.00022442801391943308,-0.00042596177488093306,0.0007668830006879498,0.0018133968776996997,-0.0007195132698759621,0.0003941823113844399,0.00060094028582125,0.00024209824315106647,-0.0009395289468638036,0.28912395518128337,0.0,0.28167111814390006,-0.018787804821748515,0.03807986187202017,0.03044336136163216,0.029229549357870165,-0.017214019712874493,0.008134675699390317,-0.0034854915367966014,0.00359498906874733,5.447092456523289e-05,-0.003978548370269782,-0.022531560548047346,-0.04822286156239,-0.022381664957686245,0.0007196068250682493,0.002906179909503399,0.28167111814390006,0.018787804821748515,0.4417202437085168,0.0,0.029355319865178493,0.05639153587908999,0.031966779368653164,-0.015040422320940668,-0.0018113354900103624,-0.003537736701750019,-0.011855836709758184,0.007362151018906151,0.011832567769431054,-0.016600994434232262,-0.035536785155225,0.007586710381371783,0.0028986603429885164,0.0007854773855863232,0.03807986187202017,-0.03044336136163216,0.029355319865178493,-0.05639153587908999,0.3214281205939666,0.0,0.056987973586973314,0.023094243776414,0.0054850174604837675,0.0021937124113639837,0.004760766911187762,0.006742619773243199,-0.011898764284602301,-0.0016997311854796333,-0.00703785276535166,0.0044123902231771326,-0.0003375604420725837,0.00014854177198166653,0.029229549357870165,0.017214019712874493,0.031966779368653164,0.015040422320940668,0.056987973586973314,-0.023094243776414,0.09542870829574003,0.0,0.047727251832605004,0.008597599747686964,0.015643209921178833,-0.012966301446788163,0.08448694553997003,0.021173656886101337,-0.0014438642607695798,-0.004367766699363734,-0.0009422818630372335,-0.00022442801391943308,0.008134675699390317,0.0034854915367966014,-0.0018113354900103624,0.003537736701750019,0.0054850174604837675,-0.0021937124113639837,0.047727251832605004,-0.008597599747686964,-0.11806503004852505,0.0,-0.09233814410135666,0.0014455091905866669,0.015261135553683502,-0.0071751870566906465,0.0016203238920553824,-0.0029159741092950196,-0.00042596177488093306,-0.0007668830006879498,0.00359498906874733,-5.447092456523289e-05,-0.011855836709758184,-0.007362151018906151,0.004760766911187762,-0.006742619773243199,0.015643209921178833,0.012966301446788163,-0.09233814410135666,-0.0014455091905866669,0.013493368109645498,0.0,-0.025390021298196168,0.03148446597281167,0.0035443510571543995,0.010223639304111104,0.0018133968776996997,0.0007195132698759621,-0.003978548370269782,0.022531560548047346,0.011832567769431054,0.016600994434232262,-0.011898764284602301,0.0016997311854796333,0.08448694553997003,-0.021173656886101337,0.015261135553683502,0.0071751870566906465,-0.025390021298196168,-0.03148446597281167,-0.03698068642895668,0.0,-0.0034363534122305328,0.004165933691142918,0.0003941823113844399,-0.00060094028582125,-0.04822286156239,0.022381664957686245,-0.035536785155225,-0.007586710381371783,-0.00703785276535166,-0.0044123902231771326,-0.0014438642607695798,0.004367766699363734,0.0016203238920553824,0.0029159741092950196,0.0035443510571543995,-0.010223639304111104,-0.0034363534122305328,-0.004165933691142918,-0.00797105108503152,0.0,0.9997607165902667
0.31199999999999994,0.0015829047080940836,0.0,-0.0008493308895849385,-0.0005586834594318998,0.001564131793561863,0.0024993158157937336,-0.0013365398522057297,0.002732973529560334,0.0003618394563673015,-0.00014383733793485004,0.0005308771685534816,-0.0008245516492421165,-0.00023600191807165007,-0.000821065421558525,-0.0007493980717310165,0.0018402692685111663,-0.0006956185267835333,-0.00018456866233478326,-0.0008493308895849385,0.0005586834594318998,0.28851594592171664,0.0,0.28164445974373337,-0.021576497942071615,0.03804596127402968,0.029954927435823668,0.02894910291180183,-0.017333744910043577,0.007839021917946866,-0.003273652270030834,0.003859872418711142,-7.946476711825013e-05,-0.0038846584117606512,-0.022658063539417527,-0.04820251115760999,-0.02237226787238967,0.001564131793561863,-0.0024993158157937336,0.28164445974373337,0.021576497942071615,0.44184597050655017,0.0,0.029093854060957835,0.05645631919713002,0.03204385289695751,-0.015130100049827667,-0.002091062415713934,-0.003375082751011216,-0.01173472335896362,0.0072367176562081,0.012121003936126924,-0.01677466857980797,-0.035544526862435,0.006998314960002996,-0.0013365398522057297,-0.002732973529560334,0.03804596127402968,-0.029954927435823668,0.029093854060957835,-0.05645631919713002,0.3226684479276166,0.0,0.057241485316945,0.023123114405156665,0.005400002442074851,0.0023773722923015883,0.004796803967522433,0.0065991291579114,-0.011899619742897582,-0.0016885683934118997,-0.007000533809678352,0.004378048802027832,0.0003618394563673015,0.00014383733793485004,0.02894910291180183,0.017333744910043577,0.03204385289695751,0.015130100049827667,0.057241485316945,-0.023123114405156665,0.09554857469807836,0.0,0.04774818715343332,0.008519351312159999,0.015710392985106163,-0.012940318350947833,0.08461779401253997,0.021204761665609497,-0.00136607990339705,-0.0044774528258259665,0.0005308771685534816,0.0008245516492421165,0.007839021917946866,0.003273652270030834,-0.002091062415713934,0.003375082751011216,0.005400002442074851,-0.0023773722923015883,0.04774818715343332,-0.008519351312159999,-0.11834637129373167,0.0,-0.0923374567235,0.0013767134163793012,0.015335394185266327,-0.0071011483213218336,0.001699543972208651,-0.0028951693292320743,-0.00023600191807165007,0.000821065421558525,0.003859872418711142,7.946476711825013e-05,-0.01173472335896362,-0.0072367176562081,0.004796803967522433,-0.0065991291579114,0.015710392985106163,0.012940318350947833,-0.0923374567235,-0.0013767134163793012,0.013294713470826051,0.0,-0.02545776316302433,0.031426718171283334,0.0034769295612117044,0.010151539404495084,-0.0007493980717310165,-0.0018402692685111663,-0.0038846584117606512,0.022658063539417527,0.012121003936126924,0.01677466857980797,-0.011899619742897582,0.0016885683934118997,0.08461779401253997,-0.021204761665609497,0.015335394185266327,0.0071011483213218336,-0.02545776316302433,-0.031426718171283334,-0.03702962594142999,0.0,-0.0034820579710866865,0.004080112284654799,-0.0006956185267835333,0.00018456866233478326,-0.04820251115760999,0.02237226787238967,-0.035544526862435,-0.006998314960002996,-0.007000533809678352,-0.004378048802027832,-0.00136607990339705,0.0044774528258259665,0.001699543972208651,0.0028951693292320743,0.0034769295612117044,-0.010151539404495084,-0.0034820579710866865,-0.004080112284654799,-0.008320026970451703,0.0,0.9997605330276002
0.31300000000000006,0.0015827211554481997,0.0,0.0010648144355896,-0.00015467036651064985,-0.00285569502458795,-0.0006180142518745166,-0.0011651247855974135,-0.002831202710205324,-0.0001661654022360134,0.00038977616194283326,0.00018194628759086654,0.0009763620473305333,0.0007131846005475571,0.0003970497675782834,-0.0008017870014568884,-0.0018548672028459166,0.0006406810604482002,-0.0003519470494347,0.0010648144355896,0.00015467036651064985,0.2878058224417833,0.0,0.2815452618253001,-0.024285881262200167,0.037962839683176666,0.02943256214906583,0.028642806143009496,-0.017455114304780132,0.007556182067268298,-0.0030730564948235517,0.004140407811653433,-0.00021762744127013165,-0.003778824500804451,-0.02276444448982563,-0.04817692796690666,-0.022405239887805514,-0.00285569502458795,0.0006180142518745166,0.2815452618253001,0.024285881262200167,0.4420750268847667,0.0,0.028847056370209675,0.056515388307134984,0.03213641269177734,-0.015222777992774165,-0.002348469179370073,-0.003214429435260634,-0.011601831279549368,0.007137411523255281,0.012436599346541372,-0.0169295535115715,-0.03559835389828833,0.006425491509590582,-0.0011651247855974135,0.002831202710205324,0.037962839683176666,-0.02943256214906583,0.028847056370209675,-0.056515388307134984,0.3239081387364667,0.0,0.057454726852564995,0.02310700598382467,0.0052918715969189995,0.002573372686163867,0.004828268927141965,0.006436254703643699,-0.011861926612803851,-0.0017150986939863833,-0.00696241077293895,0.004324556945340449,-0.0001661654022360134,-0.00038977616194283326,0.028642806143009496,0.017455114304780132,0.03213641269177734,0.015222777992774165,0.057454726852564995,-0.02310700598382467,0.09566737478810997,0.0,0.04776710198763168,0.00844266375830075,0.015767342911899667,-0.012913216195147235,0.08476234431272502,0.021247288370424826,-0.0012554419419690504,-0.004556112750065885,0.00018194628759086654,-0.0009763620473305333,0.007556182067268298,0.0030730564948235517,-0.002348469179370073,0.003214429435260634,0.0052918715969189995,-0.002573372686163867,0.04776710198763168,-0.00844266375830075,-0.11862264190859832,0.0,-0.09234538929045,0.0013023416261417284,0.015408816977927836,-0.0070449013178130165,0.0017622666987998719,-0.002881224931153116,0.0007131846005475571,-0.0003970497675782834,0.004140407811653433,0.00021762744127013165,-0.011601831279549368,-0.007137411523255281,0.004828268927141965,-0.006436254703643699,0.015767342911899667,0.012913216195147235,-0.09234538929045,-0.0013023416261417284,0.013094704997365784,0.0,-0.025518940468811657,0.03134922268375332,0.0033996282788804006,0.010090268977357002,-0.0008017870014568884,0.0018548672028459166,-0.003778824500804451,0.02276444448982563,0.012436599346541372,0.0169295535115715,-0.011861926612803851,0.0017150986939863833,0.08476234431272502,-0.021247288370424826,0.015408816977927836,0.0070449013178130165,-0.025518940468811657,-0.03134922268375332,-0.037080716857221675,0.0,-0.0035203810933689184,0.003979027279963133,0.0006406810604482002,0.0003519470494347,-0.04817692796690666,0.022405239887805514,-0.03559835389828833,-0.006425491509590582,-0.00696241077293895,-0.004324556945340449,-0.0012554419419690504,0.004556112750065885,0.0017622666987998719,0.002881224931153116,0.0033996282788804006,-0.010090268977357002,-0.0035203810933689184,-0.003979027279963133,-0.00867008077083525,0.0,0.9997603494670668
0.314,0.0015825375874498832,0.0,-0.0007275866398579514,0.0008547922028301665,0.0024511134612588167,-0.0015940649523949661,0.0029008914360411165,0.0010263840377529503,-0.00017498756955029995,-0.00041857184249621305,-0.0008212579479146667,-0.0005883991044834335,-0.0007283404993980901,0.00022832337863033328,0.0018898449737824899,0.0007522939799106868,-0.00022234932644469655,0.0007263849289736999,-0.0007275866398579514,-0.0008547922028301665,0.2869970519627168,0.0,0.28136784649105,-0.0269388449685965,0.03782948285476501,0.02891977282389767,0.02836366287722866,-0.01760859189324519,0.0072855168083928445,-0.0028616162322488503,0.004420078936867333,-0.00034324441488247856,-0.0036515791426671323,-0.022847759921828244,-0.048088129481046654,-0.0224703811763765,0.0024511134612588167,0.0015940649523949661,0.28136784649105,0.0269388449685965,0.44240468695321666,0.0,0.02855373010293584,0.056599241483646666,0.03226635369966299,-0.015359321993680357,-0.002620872035211685,-0.0030679707482666823,-0.011473118840086333,0.00703513966972365,0.012758214536086642,-0.01708990543999122,-0.035660166654298324,0.005805844918570859,0.0029008914360411165,-0.0010263840377529503,0.03782948285476501,-0.02891977282389767,0.02855373010293584,-0.056599241483646666,0.32514642683664996,0.0,0.05766982690831002,0.023059231667430492,0.00515197314726818,0.0027424770154593284,0.004850295588894338,0.006320042245270967,-0.01178832524467845,-0.001738335594911717,-0.006920044137665132,0.004259168270357579,-0.00017498756955029995,0.00041857184249621305,0.02836366287722866,0.01760859189324519,0.03226635369966299,0.015359321993680357,0.05766982690831002,-0.023059231667430492,0.09578639139540836,0.0,0.04775757469677834,0.0083713498887846,0.015805261813236667,-0.012865702643012499,0.08492542178332166,0.02128765597959017,-0.0011391469792867172,-0.004602643547739015,-0.0008212579479146667,0.0005883991044834335,0.0072855168083928445,0.0028616162322488503,-0.002620872035211685,0.0030679707482666823,0.00515197314726818,-0.0027424770154593284,0.04775757469677834,-0.0083713498887846,-0.1188942938524633,0.0,-0.09237122149060169,0.001248277892085583,0.0154990400814885,-0.007014083438256784,0.001800608725240116,-0.002873892405849282,-0.0007283404993980901,-0.00022832337863033328,0.004420078936867333,0.00034324441488247856,-0.011473118840086333,-0.00703513966972365,0.004850295588894338,-0.006320042245270967,0.015805261813236667,0.012865702643012499,-0.09237122149060169,-0.001248277892085583,0.012893689823304308,0.0,-0.02556976805132649,0.031282458348508325,0.0033157804667979496,0.010058063393059837,0.0018898449737824899,-0.0007522939799106868,-0.0036515791426671323,0.022847759921828244,0.012758214536086642,0.01708990543999122,-0.01178832524467845,0.001738335594911717,0.08492542178332166,-0.02128765597959017,0.0154990400814885,0.007014083438256784,-0.02556976805132649,-0.031282458348508325,-0.03713424247922166,0.0,-0.003545611286375834,0.0038988082233681167,-0.00022234932644469655,-0.0007263849289736999,-0.048088129481046654,0.0224703811763765,-0.035660166654298324,-0.005805844918570859,-0.006920044137665132,-0.004259168270357579,-0.0011391469792867172,0.004602643547739015,0.001800608725240116,0.002873892405849282,0.0033157804667979496,-0.010058063393059837,-0.003545611286375834,-0.0038988082233681167,-0.00902208233530915,0.0,0.9997601658920164
0.3150000000000001,0.0015823540070175673,0.0,-4.016670978000011e-05,-0.0011564486753556033,-0.0005980005974141331,0.0028565288430222676,-0.0027143897682360674,0.0014975160792063502,0.0004204784398771568,0.0001727376376510834,0.0010181257261958013,-0.0001560605237663518,0.0003162164634011831,-0.0006462754393162499,-0.001875547520689851,0.0008058841402376066,-0.0003569247776623098,-0.0007046662616818109,-4.016670978000011e-05,0.0011564486753556033,0.2860907559100667,0.0,0.2811288959681333,-0.029584164609425503,0.03770568767095499,0.028458872739952668,0.028101937272454674,-0.017743376265112,0.007003835095357536,-0.002630527316804734,0.004708989126734642,-0.0004688513201177531,-0.0035251580766433657,-0.02290306194918482,-0.047952578038446644,-0.022502634420986167,-0.0005980005974141331,-0.0028565288430222676,0.2811288959681333,0.029584164609425503,0.4428337470461167,0.0,0.028266567363974995,0.056710943560541675,0.032369621316482335,-0.015507228835850588,-0.0029378693754357477,-0.0029451468153387163,-0.011356381808920004,0.006935127881482461,0.013061351254693737,-0.0172447165594097,-0.03565689506405833,0.0051550979830248525,-0.0027143897682360674,-0.0014975160792063502,0.03770568767095499,-0.028458872739952668,0.028266567363974995,-0.056710943560541675,0.3263834957538999,0.0,0.05789835859352168,0.023007829575740716,0.005006201140011727,0.0028779880753313,0.004876652098479015,0.006239439513628329,-0.011729470841173616,-0.001738065008463327,-0.006886151662653234,0.004201154711325697,0.0004204784398771568,-0.0001727376376510834,0.028101937272454674,0.017743376265112,0.032369621316482335,0.015507228835850588,0.05789835859352168,-0.023007829575740716,0.09590585732925332,0.0,0.047734823449201665,0.008310848827449169,0.01584003637243862,-0.0127963423072509,0.08506148547863335,0.02129760968852133,-0.001029763005510583,-0.0046345862020345996,0.0010181257261958013,0.0001560605237663518,0.007003835095357536,0.002630527316804734,-0.0029378693754357477,0.0029451468153387163,0.005006201140011727,-0.0028779880753313,0.047734823449201665,-0.008310848827449169,-0.11916217277428331,0.0,-0.09238835004241668,0.0012082063282171666,0.015592625651213502,-0.006984418986789034,0.0018498753285468297,-0.0028679367531121566,0.0003162164634011831,0.0006462754393162499,0.004708989126734642,0.0004688513201177531,-0.011356381808920004,-0.006935127881482461,0.004876652098479015,-0.006239439513628329,0.01584003637243862,0.0127963423072509,-0.09238835004241668,-0.0012082063282171666,0.012691780737049987,0.0,-0.0256155477384415,0.03123315195683666,0.003242139227053596,0.010013577517363552,-0.001875547520689851,-0.0008058841402376066,-0.0035251580766433657,0.02290306194918482,0.013061351254693737,0.0172447165594097,-0.011729470841173616,0.001738065008463327,0.08506148547863335,-0.02129760968852133,0.015592625651213502,0.006984418986789034,-0.0256155477384415,-0.03123315195683666,-0.03718949371089333,0.0,-0.003570261301427387,0.0038398792542864483,-0.0003569247776623098,0.0007046662616818109,-0.047952578038446644,0.022502634420986167,-0.03565689506405833,-0.0051550979830248525,-0.006886151662653234,-0.004201154711325697,-0.001029763005510583,0.0046345862020345996,0.0018498753285468297,0.0028679367531121566,0.003242139227053596,-0.010013577517363552,-0.003570261301427387,-0.0038398792542864483,-0.009376341994279702,0.0,0.9997599823035334
0.31600000000000006,0.0015821704308616165,0.0,0.0008567067977286002,0.0008395700892336384,-0.0015992287289762494,-0.002401329358051278,0.0006743548433045933,-0.0030392118130744,-0.0004043641517407531,0.00015318278933922484,-0.0006389894361340688,0.0008365967732397552,0.00020970418868994196,0.0006556553770387335,0.0007537405725157054,-0.0019161758257454835,0.000763457268689267,0.0002658885257725166,0.0008567067977286002,-0.0008395700892336384,0.28508631549265007,0.0,0.28087912050893327,-0.03222324911847566,0.03763150940427333,0.028025800538980163,0.02781206321026849,-0.017813827107063498,0.006699056743972042,-0.0024021963081873824,0.005016965806295766,-0.0006060351149275863,-0.0034380265337385003,-0.02293648103347871,-0.047849209019395,-0.02249156179011066,-0.0015992287289762494,0.002401329358051278,0.28087912050893327,0.03222324911847566,0.44336191168558337,0.0,0.028064242292888494,0.05681534150544501,0.03240644765872784,-0.01562502844593706,-0.0032803263412259924,-0.0028353331457399503,-0.011240588054287015,0.006873825768971591,0.013354179923354395,-0.017377240137056806,-0.035609578728361665,0.004542181499359954,0.0006743548433045933,0.0030392118130744,0.03763150940427333,-0.028025800538980163,0.028064242292888494,-0.05681534150544501,0.32761956015626664,0.0,0.058116226685183334,0.02295078231952633,0.004883851565213583,0.0030192566643772165,0.004928066739063283,0.0061329537772279,-0.011689818808961935,-0.001742707780285683,-0.006857183462571783,0.004152640951133934,-0.0004043641517407531,-0.00015318278933922484,0.02781206321026849,0.017813827107063498,0.03240644765872784,0.01562502844593706,0.058116226685183334,-0.02295078231952633,0.09602538025554333,0.0,0.04774231200843334,0.008269731262698582,0.015883445166277228,-0.012740698895983718,0.08517463175941334,0.021282773196536157,-0.0009063085058498006,-0.00465756804210165,-0.0006389894361340688,-0.0008365967732397552,0.006699056743972042,0.0024021963081873824,-0.0032803263412259924,0.0028353331457399503,0.004883851565213583,-0.0030192566643772165,0.04774231200843334,-0.008269731262698582,-0.11942669202631669,0.0,-0.09240055617057831,0.0011594136737147667,0.015671260977325338,-0.00694170035219566,0.0019331384992279832,-0.0028638004501072858,0.00020970418868994196,-0.0006556553770387335,0.005016965806295766,0.0006060351149275863,-0.011240588054287015,-0.006873825768971591,0.004928066739063283,-0.0061329537772279,0.015883445166277228,0.012740698895983718,-0.09240055617057831,-0.0011594136737147667,0.012488914158745515,0.0,-0.0256722125221965,0.031178847460903335,0.003194916121553651,0.00993592173062875,0.0007537405725157054,0.0019161758257454835,-0.0034380265337385003,0.02293648103347871,0.013354179923354395,0.017377240137056806,-0.011689818808961935,0.001742707780285683,0.08517463175941334,-0.021282773196536157,0.015671260977325338,0.00694170035219566,-0.0256722125221965,-0.031178847460903335,-0.03724564869959833,0.0,-0.0036043157870024813,0.0037713712609647823,0.000763457268689267,-0.0002658885257725166,-0.047849209019395,0.02249156179011066,-0.035609578728361665,-0.004542181499359954,-0.006857183462571783,-0.004152640951133934,-0.0009063085058498006,0.00465756804210165,0.0019331384992279832,0.0028638004501072858,0.003194916121553651,-0.00993592173062875,-0.0036043157870024813,-0.0037713712609647823,-0.009732112733398397,0.0,0.9997597987200001
0.3170000000000001,0.0015819868637243167,0.0,-0.0012495740332693001,-2.4996420596061454e-05,0.0028025514047222335,0.0005214511439195417,0.0018128057817822162,0.0025090935503206987,0.0001877311856416495,-0.00036976419984218335,-0.0001088641981842667,-0.00107572251648345,-0.000561472883221933,-0.00032406916658406665,0.0008335548267990819,0.0019027812646911333,-0.0007461955149289767,0.00034891973570100174,-0.0012495740332693001,2.4996420596061454e-05,0.2839849019841667,0.0,0.28058781961033336,-0.03479738163429167,0.03755656721684167,0.027569311565016335,0.027486931488446165,-0.01785187714778967,0.006379861822150201,-0.0021979610736077085,0.005328198140894285,-0.0007372357196157633,-0.003392530794196135,-0.02295781619823776,-0.047779860147655,-0.022492683096515666,0.0028025514047222335,-0.0005214511439195417,0.28058781961033336,0.03479738163429167,0.4439878344736335,0.0,0.02791114153527617,0.05687532346494666,0.03243250088686233,-0.015737892744363418,-0.0036176841481539825,-0.002728434971629134,-0.011104543697068014,0.006864363735736012,0.013656035474583805,-0.017490890308494565,-0.03559130801577167,0.0039691983704395525,0.0018128057817822162,-0.0025090935503206987,0.03755656721684167,-0.027569311565016335,0.02791114153527617,-0.05687532346494666,0.3288537867803333,0.0,0.058299665419251696,0.022866231098142273,0.004774625324296666,0.0031850077808346857,0.005000433858724417,0.005992976132482701,-0.011618111103384425,-0.0017653438626386833,-0.006809985525367043,0.004104547160936816,0.0001877311856416495,0.00036976419984218335,0.027486931488446165,0.01785187714778967,0.03243250088686233,0.015737892744363418,0.058299665419251696,-0.022866231098142273,0.09614531494956333,0.0,0.04777640957544334,0.008238698462380466,0.01591917979597873,-0.012726490785368767,0.08530020892307669,0.021278060263761167,-0.0007560058190274164,-0.004663986623172951,-0.0001088641981842667,0.00107572251648345,0.006379861822150201,0.0021979610736077085,-0.0036176841481539825,0.002728434971629134,0.004774625324296666,-0.0031850077808346857,0.04777640957544334,-0.008238698462380466,-0.11968787118326665,0.0,-0.09241778529925167,0.0011001418258472664,0.01574138335244483,-0.006902035551603584,0.0020247765265924166,-0.002866591488136752,-0.000561472883221933,0.00032406916658406665,0.005328198140894285,0.0007372357196157633,-0.011104543697068014,-0.006864363735736012,0.005000433858724417,-0.005992976132482701,0.01591917979597873,0.012726490785368767,-0.09241778529925167,-0.0011001418258472664,0.01228539929404565,0.0,-0.025743516306460497,0.031098638589513332,0.0031655749981034666,0.009866052501052136,0.0008335548267990819,-0.0019027812646911333,-0.003392530794196135,0.02295781619823776,0.013656035474583805,0.017490890308494565,-0.011618111103384425,0.0017653438626386833,0.08530020892307669,-0.021278060263761167,0.01574138335244483,0.006902035551603584,-0.025743516306460497,-0.031098638589513332,-0.03730286640701,0.0,-0.003640189190769714,0.0036866782814256433,-0.0007461955149289767,-0.00034891973570100174,-0.047779860147655,0.022492683096515666,-0.03559130801577167,-0.0039691983704395525,-0.006809985525367043,-0.004104547160936816,-0.0007560058190274164,0.004663986623172951,0.0020247765265924166,0.002866591488136752,0.0031655749981034666,-0.009866052501052136,-0.003640189190769714,-0.0036866782814256433,-0.01008887160947806,0.0,0.9997596151453165
0.31799999999999995,0.0015818032959237331,0.0,0.0009717597134259002,-0.0008421817082876501,-0.002321208750200968,0.0016415396942517735,-0.0030411484197888023,-0.0003262406498565931,0.00011550849146246154,0.0003924107403979998,0.0008421452851877166,0.0007307335044777818,0.0005665585867907999,-0.00014514257370410133,-0.0019336160792692162,-0.0007689395798838666,0.0003088160161587863,-0.00079036586699335,0.0009717597134259002,0.0008421817082876501,0.282790440676,0.0,0.2802654340283333,-0.03727284905946001,0.03742581136363335,0.02710145975970984,0.02717422562394117,-0.01792300414308034,0.006050063791094592,-0.002009907844768283,0.005613403098207332,-0.0008409614396405502,-0.0033553055384631316,-0.022977240425588928,-0.04767171440964501,-0.02253182889149433,-0.002321208750200968,-0.0016415396942517735,0.2802654340283333,0.03727284905946001,0.4447085199018833,0.0,0.027715734618056067,0.056922139475211644,0.03252462717014466,-0.015904891637202004,-0.003959662283195616,-0.002638149371013297,-0.010949857176943332,0.006871331242951257,0.01396024684098645,-0.017604593218956043,-0.03560346028732168,0.003380830467927529,-0.0030411484197888023,0.0003262406498565931,0.03742581136363335,-0.02710145975970984,0.027715734618056067,-0.056922139475211644,0.33008517438080004,0.0,0.058478311536245005,0.022769951337268914,0.004658921667063582,0.0033392550373768167,0.005068629583572019,0.005872968709115615,-0.01150952811578873,-0.0017755129198593332,-0.006736904667588848,0.004064865283716501,0.00011550849146246154,-0.0003924107403979998,0.02717422562394117,0.01792300414308034,0.03252462717014466,0.015904891637202004,0.058478311536245005,-0.022769951337268914,0.09626647049874167,0.0,0.04780463886758999,0.008195236374520451,0.015937456577657414,-0.012743650148588918,0.085461772858235,0.0213078730939205,-0.0006023267498289326,-0.004663829327475083,0.0008421452851877166,-0.0007307335044777818,0.006050063791094592,0.002009907844768283,-0.003959662283195616,0.002638149371013297,0.004658921667063582,-0.0033392550373768167,0.04780463886758999,-0.008195236374520451,-0.11994576143535002,0.0,-0.09244955734707334,0.0010524705078772802,0.01582328349150467,-0.006881649479652932,0.002090010372239816,-0.0028747636480352837,0.0005665585867907999,0.00014514257370410133,0.005613403098207332,0.0008409614396405502,-0.010949857176943332,-0.006871331242951257,0.005068629583572019,-0.005872968709115615,0.015937456577657414,0.012743650148588918,-0.09244955734707334,-0.0010524705078772802,0.012081936118845981,0.0,-0.025825394303571832,0.03101570261773999,0.0031338643185564326,0.009843816391376799,-0.0019336160792692162,0.0007689395798838666,-0.0033553055384631316,0.022977240425588928,0.01396024684098645,0.017604593218956043,-0.01150952811578873,0.0017755129198593332,0.085461772858235,-0.0213078730939205,0.01582328349150467,0.006881649479652932,-0.025825394303571832,-0.03101570261773999,-0.037361980251903334,0.0,-0.0036666095683879777,0.003616337140265292,0.0003088160161587863,0.00079036586699335,-0.04767171440964501,0.02253182889149433,-0.03560346028732168,-0.003380830467927529,-0.006736904667588848,-0.004064865283716501,-0.0006023267498289326,0.004663829327475083,0.002090010372239816,0.0028747636480352837,0.0031338643185564326,-0.009843816391376799,-0.0036666095683879777,-0.003616337140265292,-0.010447171614423283,0.0,0.9997594315703168
0.3190000000000002,0.0015816197200462171,0.0,-0.00016569976450445635,0.0012860099095406334,0.0004409508244557506,-0.0028100406811186122,0.002252030354792553,-0.0020382116825168337,-0.00034896957374534976,-0.0002014622216732165,-0.0011452060626163832,6.211574419953357e-05,-0.0002452223528936498,0.00045497887665797314,0.0019154107750348694,-0.0008115129410941213,0.00030732857108361664,0.00081866359949705,-0.00016569976450445635,-0.0012860099095406334,0.28150660919808335,0.0,0.2799225705697,-0.03966869846602334,0.03726093442243315,0.02667165261815517,0.02690018965340467,-0.018022711132222362,0.005701793759677165,-0.0018192978540691154,0.005860132945802651,-0.0009289311450484484,-0.0033059505025413998,-0.02298592806821686,-0.047495751575679986,-0.022563571598624006,0.0004409508244557506,0.0028100406811186122,0.2799225705697,0.03966869846602334,0.44552078229256664,0.0,0.027477494555934033,0.056989831113265006,0.03265877937049167,-0.016123819099643083,-0.00432888151772611,-0.002588755024558667,-0.010796775674362416,0.006857189730647251,0.014237216228041635,-0.017715797881343167,-0.035574563380585005,0.002775128342597278,0.002252030354792553,0.0020382116825168337,0.03726093442243315,-0.02667165261815517,0.027477494555934033,-0.056989831113265006,0.33131410898151664,0.0,0.05868513522901834,0.022702056517479703,0.004546082828005233,0.0034529759852142496,0.005131264414809191,0.005794413151748776,-0.01143030863784098,-0.001760058178955684,-0.006662094215087134,0.004053893386900521,-0.00034896957374534976,0.0002014622216732165,0.02690018965340467,0.018022711132222362,0.03265877937049167,0.016123819099643083,0.05868513522901834,-0.022702056517479703,0.09638870368629666,0.0,0.04781565786598833,0.008132736272599467,0.01595599276135108,-0.012765299538625664,0.08562171258891998,0.0213530279792485,-0.00046259589625862314,-0.0046831359182372845,-0.0011452060626163832,-6.211574419953357e-05,0.005701793759677165,0.0018192978540691154,-0.00432888151772611,0.002588755024558667,0.004546082828005233,-0.0034529759852142496,0.04781565786598833,-0.008132736272599467,-0.12020055995688335,0.0,-0.09247426690186003,0.001021450326476825,0.015912863004885165,-0.0068626136297160484,0.0021331449565048697,-0.002877218235068745,-0.0002452223528936498,-0.00045497887665797314,0.005860132945802651,0.0009289311450484484,-0.010796775674362416,-0.006857189730647251,0.005131264414809191,-0.005794413151748776,0.01595599276135108,0.012765299538625664,-0.09247426690186003,-0.001021450326476825,0.011878955997994685,0.0,-0.0259091873885905,0.030952321655540006,0.0030982320368805128,0.009840652438520666,0.0019154107750348694,0.0008115129410941213,-0.0033059505025413998,0.02298592806821686,0.014237216228041635,0.017715797881343167,-0.01143030863784098,0.001760058178955684,0.08562171258891998,-0.0213530279792485,0.015912863004885165,0.0068626136297160484,-0.0259091873885905,-0.030952321655540006,-0.037423373977715,0.0,-0.00368162463933254,0.0035756018387036502,0.00030732857108361664,-0.00081866359949705,-0.047495751575679986,0.022563571598624006,-0.035574563380585005,-0.002775128342597278,-0.006662094215087134,-0.004053893386900521,-0.00046259589625862314,0.0046831359182372845,0.0021331449565048697,0.002877218235068745,0.0030982320368805128,-0.009840652438520666,-0.00368162463933254,-0.0035756018387036502,-0.010807597954677813,0.0,0.9997592479871168
0.3200000000000002,0.0015814361536941835,0.0,-0.0007476308417422134,-0.0010606895998460165,0.0017028023913286997,0.002247906858887999,5.5451288363500045e-05,0.003043457254824283,0.0003906577342787802,-8.58441012738554e-05,0.0007921363668095684,-0.0008618900032886734,-0.00014517930664495663,-0.00044371612809546683,-0.0007824127362829679,0.001947826307897933,-0.0007764217724113733,-0.0004217824362264316,-0.0007476308417422134,0.0010606895998460165,0.28013564028875,0.0,0.2795955367872167,-0.04199229763561001,0.03711777434525933,0.026294138414724673,0.026636858172137835,-0.018090791223091,0.005339604323424115,-0.001627735962130667,0.0060828464698390984,-0.0010326121129995336,-0.003256800312216127,-0.022970245378814123,-0.04731958961274334,-0.022565516431931172,0.0017028023913286997,-0.002247906858887999,0.2795955367872167,0.04199229763561001,0.4464219411291333,0.0,0.027287668179736164,0.05706099764499003,0.03275114919103984,-0.0163353950761014,-0.004711089083464634,-0.0025765650609545793,-0.010651583763379664,0.006831669779275781,0.014481791693612146,-0.017810792555679005,-0.035489385171153326,0.002206796395072034,5.5451288363500045e-05,-0.003043457254824283,0.03711777434525933,-0.026294138414724673,0.027287668179736164,-0.05706099764499003,0.3325417794059667,0.0,0.05891451360264833,0.022675938767631337,0.004451993717694901,0.0035495737111755016,0.005219945600590314,0.0057130913363028675,-0.011421634708331596,-0.0017555622394925168,-0.006612311069014984,0.004073185810011016,0.0003906577342787802,8.58441012738554e-05,0.026636858172137835,0.018090791223091,0.03275114919103984,0.0163353950761014,0.05891451360264833,-0.022675938767631337,0.09651077556507001,0.0,0.04783859272119832,0.008066876697808917,0.01600942541986582,-0.012791353329664336,0.08575465622267667,0.021390356726906836,-0.00032028645646860795,-0.0047239602965731325,0.0007921363668095684,0.0008618900032886734,0.005339604323424115,0.001627735962130667,-0.004711089083464634,0.0025765650609545793,0.004451993717694901,-0.0035495737111755016,0.04783859272119832,-0.008066876697808917,-0.1204521517579,0.0,-0.09248477333543832,0.0009833679192912672,0.015989469647521334,-0.006815630433902132,0.0021791235496200845,-0.0028654838128655343,-0.00014517930664495663,0.00044371612809546683,0.0060828464698390984,0.0010326121129995336,-0.010651583763379664,-0.006831669779275781,0.005219945600590314,-0.0057130913363028675,0.01600942541986582,0.012791353329664336,-0.09248477333543832,-0.0009833679192912672,0.011676262582899315,0.0,-0.0259941576381395,0.03089803382050334,0.0030772160162284515,0.009805625819756948,-0.0007824127362829679,-0.001947826307897933,-0.003256800312216127,0.022970245378814123,0.014481791693612146,0.017810792555679005,-0.011421634708331596,0.0017555622394925168,0.08575465622267667,-0.021390356726906836,0.015989469647521334,0.006815630433902132,-0.0259941576381395,-0.03089803382050334,-0.037486863046134994,0.0,-0.0036861212519887334,0.003538299293289163,-0.0007764217724113733,0.0004217824362264316,-0.04731958961274334,0.022565516431931172,-0.035489385171153326,-0.002206796395072034,-0.006612311069014984,-0.004073185810011016,-0.00032028645646860795,0.0047239602965731325,0.0021791235496200845,0.0028654838128655343,0.0030772160162284515,-0.009805625819756948,-0.0036861212519887334,-0.003538299293289163,-0.011169755907993231,0.0,0.9997590644129833
0.3210000000000001,0.0015812526078912168,0.0,0.0012843347073747068,0.0002706972463707168,-0.002755196737596667,-0.00031789329778153297,-0.002347819223872941,-0.0019554850860350496,-0.0002428095753093166,0.00034629741222624996,2.429452937114966e-05,0.0011879175579915166,0.0003736969662793001,0.00020530916812978308,-0.0008510895730412507,-0.0019635760301850483,0.0008536207645265567,-0.0001962422942829166,0.0012843347073747068,-0.0002706972463707168,0.27868077788668333,0.0,0.2792951379441167,-0.04419714909858334,0.036975947879057336,0.025937814678128997,0.026347592007079656,-0.018114535995204004,0.004991463733845381,-0.0014502982813431999,0.006303848198720165,-0.0011552554836378828,-0.003218318131829423,-0.02293001094826365,-0.04718972974569167,-0.022585229340726504,-0.002755196737596667,0.00031789329778153297,0.2792951379441167,0.04419714909858334,0.44740856997716677,0.0,0.027169917120281002,0.05710097970687335,0.03278441858996433,-0.0165130642252141,-0.00507175004839115,-0.0025692693964625497,-0.01049401022322967,0.00682270854953855,0.01472792807212649,-0.01788822416263367,-0.03541289641992333,0.00167383974695065,-0.002347819223872941,0.0019554850860350496,0.036975947879057336,-0.025937814678128997,0.027169917120281002,-0.05710097970687335,0.33376870950425,0.0,0.059133739591743346,0.022664358046472675,0.004363751933569346,0.00365810108853175,0.005349882700320813,0.005587443858038085,-0.011434992575207482,-0.0017883527525605339,-0.0065832419847650986,0.004102473241255401,-0.0002428095753093166,-0.00034629741222624996,0.026347592007079656,0.018114535995204004,0.03278441858996433,0.0165130642252141,0.059133739591743346,-0.022664358046472675,0.09663185119151668,0.0,0.047886665809553315,0.008008986177189155,0.01610583970177184,-0.012834228821379332,0.08588613175657331,0.021427256974522992,-0.00015878516506092323,-0.004754973389859583,2.429452937114966e-05,-0.0011879175579915166,0.004991463733845381,0.0014502982813431999,-0.00507175004839115,0.0025692693964625497,0.004363751933569346,-0.00365810108853175,0.047886665809553315,-0.008008986177189155,-0.12070007613595,0.0,-0.09249639026538665,0.0009256572944030365,0.016048394402086837,-0.006743902073339015,0.0022300699386855276,-0.0028452134824411336,0.0003736969662793001,-0.00020530916812978308,0.006303848198720165,0.0011552554836378828,-0.01049401022322967,-0.00682270854953855,0.005349882700320813,-0.005587443858038085,0.01610583970177184,0.012834228821379332,-0.09249639026538665,-0.0009256572944030365,0.011473493782469932,0.0,-0.02607860139334533,0.030830774960608345,0.0030739724038525095,0.009741503454970582,-0.0008510895730412507,0.0019635760301850483,-0.003218318131829423,0.02293001094826365,0.01472792807212649,0.01788822416263367,-0.011434992575207482,0.0017883527525605339,0.08588613175657331,-0.021427256974522992,0.016048394402086837,0.006743902073339015,-0.02607860139334533,-0.030830774960608345,-0.03755255660232333,0.0,-0.0036741990109085835,0.0034802431878492505,0.0008536207645265567,0.0001962422942829166,-0.04718972974569167,0.022585229340726504,-0.03541289641992333,-0.00167383974695065,-0.0065832419847650986,-0.004102473241255401,-0.00015878516506092323,0.004754973389859583,0.0022300699386855276,0.0028452134824411336,0.0030739724038525095,-0.009741503454970582,-0.0036741990109085835,-0.0034802431878492505,-0.01153314135134008,0.0,0.9997588808602665
0.3219999999999995,0.0015810690773425003,0.0,-0.0011586407487592669,0.00067891077679962,0.002116942510964816,-0.0017419151127756331,0.003015831899671867,-0.0004875393507937766,-8.324166587858338e-05,-0.0004659551983472483,-0.0008472997694674548,-0.0008602036876891084,-0.0003669955311062337,9.69071662640332e-05,0.002026021275525551,0.0008116353147082331,-0.0004913538047967834,0.0007180068242166833,-0.0011586407487592669,-0.00067891077679962,0.2771481303594834,0.0,0.27898983244289993,-0.04623828325501999,0.03676279339179751,0.02559597854447738,0.026050270164126164,-0.018143555743248448,0.004674305175166616,-0.001287503576615878,0.006529129795078382,-0.0012679975669310686,-0.0031737530298159766,-0.022876402816994157,-0.04704259961958001,-0.0226588808441625,0.002116942510964816,0.0017419151127756331,0.27898983244289993,0.04623828325501999,0.44847545687166673,0.0,0.027029274611926665,0.05712792209063835,0.0328253381789395,-0.016691595936236203,-0.005414888264395835,-0.0025567184368545234,-0.010311863016280337,0.00681531946433113,0.014998180215380194,-0.01796111192398733,-0.03536223908674333,0.0011105598246814832,0.003015831899671867,0.0004875393507937766,0.03676279339179751,-0.02559597854447738,0.027029274611926665,-0.05712792209063835,0.3349945361961666,0.0,0.05933658171524001,0.022649025918664988,0.004257014906715177,0.003763872358564851,0.00548992157163145,0.00544451508229945,-0.011414311126268471,-0.0018337082592756167,-0.006553523947357617,0.004127451384824034,-8.324166587858338e-05,0.0004659551983472483,0.026050270164126164,0.018143555743248448,0.0328253381789395,0.016691595936236203,0.05933658171524001,-0.022649025918664988,0.09675213157214997,0.0,0.04792832653561501,0.007947596302405234,0.016215784423284987,-0.012883904545173169,0.086043000972605,0.021481025498728993,7.152332997553972e-06,-0.0047528734771579645,-0.0008472997694674548,0.0008602036876891084,0.004674305175166616,0.001287503576615878,-0.005414888264395835,0.0025567184368545234,0.004257014906715177,-0.003763872358564851,0.04792832653561501,-0.007947596302405234,-0.12094405969991669,0.0,-0.09251343797196164,0.0008689819648533567,0.016104788472824833,-0.006680467017809019,0.0022722766460982003,-0.0028285271668496005,-0.0003669955311062337,-9.69071662640332e-05,0.006529129795078382,0.0012679975669310686,-0.010311863016280337,-0.00681531946433113,0.00548992157163145,-0.00544451508229945,0.016215784423284987,0.012883904545173169,-0.09251343797196164,-0.0008689819648533567,0.0112707314140762,0.0,-0.026151915559840498,0.030754785624779995,0.0030643056631528497,0.009693546167437906,0.002026021275525551,-0.0008116353147082331,-0.0031737530298159766,0.022876402816994157,0.014998180215380194,0.01796111192398733,-0.011414311126268471,0.0018337082592756167,0.086043000972605,-0.021481025498728993,0.016104788472824833,0.006680467017809019,-0.026151915559840498,-0.030754785624779995,-0.037621040602918335,0.0,-0.0036452884686606992,0.003420916205458066,-0.0004913538047967834,-0.0007180068242166833,-0.04704259961958001,0.0226588808441625,-0.03536223908674333,-0.0011105598246814832,-0.006553523947357617,-0.004127451384824034,7.152332997553972e-06,0.0047528734771579645,0.0022722766460982003,0.0028285271668496005,0.0030643056631528497,-0.009693546167437906,-0.0036452884686606992,-0.003420916205458066,-0.011898257865879216,0.0,0.9997586973222834
0.3230000000000003,0.0015808855435424168,0.0,0.0004173667766429898,-0.0013054361714306265,-0.00024283254119113312,0.0027264674160556823,-0.0016179413539389666,0.0025922603965668487,0.0004358934749012999,0.0002877704955080217,0.0012314597225558841,3.183885903591654e-05,0.0001505970862443168,-0.00029704755627271684,-0.002046826884171767,0.0008439891977874932,-0.00013265802604015334,-0.00086629760494295,0.0004173667766429898,0.0013054361714306265,0.27554409004648334,0.0,0.2786665869239667,-0.04814045885133832,0.03648188147205181,0.025302136641397816,0.025793141133390998,-0.01819963072057548,0.004373558525869205,-0.001123805130169429,0.006754973572412447,-0.0013625920426235667,-0.0031027871226553673,-0.022812692277418407,-0.04681159441721667,-0.022746133060533493,-0.00024283254119113312,-0.0027264674160556823,0.2786665869239667,0.04814045885133832,0.44961688118026694,0.0,0.026795370341793506,0.05719844949624332,0.03290827869442449,-0.016894020265625545,-0.005775478768306076,-0.002573752266239643,-0.010121343704086827,0.006769999658475066,0.015274573903512665,-0.018044255187976827,-0.03527238063749667,0.000508379092308667,-0.0016179413539389666,-0.0025922603965668487,0.03648188147205181,-0.025302136641397816,0.026795370341793506,-0.05719844949624332,0.3362196315307833,0.0,0.05955403737165834,0.02264883622801866,0.004140233202120308,0.003839658570813533,0.005600383808301,0.005336838420691231,-0.01137722346925773,-0.0018686600278653002,-0.006521430908795599,0.004152496689362716,0.0004358934749012999,-0.0002877704955080217,0.025793141133390998,0.01819963072057548,0.03290827869442449,0.016894020265625545,0.05955403737165834,-0.02264883622801866,0.09687176938541998,0.0,0.047937381220936666,0.007873744499809331,0.016316554159849214,-0.012911844072358004,0.08622255699311336,0.02154407879792034,0.00015177496009015145,-0.004724963622908565,0.0012314597225558841,-3.183885903591654e-05,0.004373558525869205,0.001123805130169429,-0.005775478768306076,0.002573752266239643,0.004140233202120308,-0.003839658570813533,0.047937381220936666,-0.007873744499809331,-0.12118434305238332,0.0,-0.09252862215262833,0.0008314990336214914,0.016171649433349165,-0.006637302380701143,0.002311608236280017,-0.0028171595656536178,0.0001505970862443168,0.00029704755627271684,0.006754973572412447,0.0013625920426235667,-0.010121343704086827,-0.006769999658475066,0.005600383808301,-0.005336838420691231,0.016316554159849214,0.012911844072358004,-0.09252862215262833,-0.0008314990336214914,0.011068180902034121,0.0,-0.026207275632771664,0.030699279373924988,0.003032050728691471,0.00967210275543648,-0.002046826884171767,-0.0008439891977874932,-0.0031027871226553673,0.022812692277418407,0.015274573903512665,0.018044255187976827,-0.01137722346925773,0.0018686600278653002,0.08622255699311336,-0.02154407879792034,0.016171649433349165,0.006637302380701143,-0.026207275632771664,-0.030699279373924988,-0.03769257054490501,0.0,-0.0036054830033607466,0.003394226966326983,-0.00013265802604015334,0.00086629760494295,-0.04681159441721667,0.022746133060533493,-0.03527238063749667,-0.000508379092308667,-0.006521430908795599,-0.004152496689362716,0.00015177496009015145,0.004724963622908565,0.002311608236280017,0.0028171595656536178,0.003032050728691471,-0.00967210275543648,-0.0036054830033607466,-0.003394226966326983,-0.012266011210015637,0.0,0.9997585137815165
0.3240000000000002,0.0015807020079272335,0.0,0.0005863284922455484,0.001252170085753467,-0.0017541949337116333,-0.0020926850512669334,-0.0008976272231472552,-0.0029390729913390335,-0.0005369227716431883,0.00011234689353866672,-0.0009164928562232683,0.0008596164366513248,0.00011858550158646659,0.00028454093578044994,0.0008778379860501902,-0.002062582954434315,0.0006933585232632651,0.0005500286501262168,0.0005863284922455484,-0.001252170085753467,0.2738725457567834,0.0,0.27829739549908333,-0.049954984231073335,0.03621930895015952,0.025066688614345366,0.025576424765459824,-0.018228578468949878,0.0040740044490793475,-0.0009533316990311172,0.006987332690275017,-0.00145649358743535,-0.003019497716521757,-0.022725319357347715,-0.04653244189889668,-0.022799182770301334,-0.0017541949337116333,0.0020926850512669334,0.27829739549908333,0.049954984231073335,0.4508284055590502,0.0,0.026521943990836,0.057313225033694994,0.03296758094086167,-0.017080588527754067,-0.006153558289934005,-0.0026474930625822834,-0.009937602101869333,0.006694417408558384,0.015526338693477689,-0.018136539845283996,-0.035098352312955,-6.173585576309971e-05,-0.0008976272231472552,0.0029390729913390335,0.03621930895015952,-0.025066688614345366,0.026521943990836,-0.057313225033694994,0.33744532225013324,0.0,0.059791103261381665,0.0226743440990235,0.004034939496036681,0.003901529625442265,0.005689297652069884,0.005263072925485996,-0.011364266133083951,-0.0019132666112176172,-0.0064988360904014,0.0041831940591155825,-0.0005369227716431883,-0.00011234689353866672,0.025576424765459824,0.018228578468949878,0.03296758094086167,0.017080588527754067,0.059791103261381665,-0.0226743440990235,0.09699010998971837,0.0,0.04792576974466167,0.007800298674065634,0.016415876756976817,-0.012905231255609996,0.08638522462992333,0.021586433293464338,0.00027241457592668336,-0.0046811354260747175,-0.0009164928562232683,-0.0008596164366513248,0.0040740044490793475,0.0009533316990311172,-0.006153558289934005,0.0026474930625822834,0.004034939496036681,-0.003901529625442265,0.04792576974466167,-0.007800298674065634,-0.12142123539103333,0.0,-0.09252208590581668,0.0007982541791051952,0.016240938184750666,-0.0065897238375673805,0.002374571468083585,-0.002805176680378577,0.00011858550158646659,-0.00028454093578044994,0.006987332690275017,0.00145649358743535,-0.009937602101869333,-0.006694417408558384,0.005689297652069884,-0.005263072925485996,0.016415876756976817,0.012905231255609996,-0.09252208590581668,-0.0007982541791051952,0.010865463395683334,0.0,-0.026245554053586678,0.030670518624676665,0.0029955054468690837,0.009640714983006867,0.0008778379860501902,0.002062582954434315,-0.003019497716521757,0.022725319357347715,0.015526338693477689,0.018136539845283996,-0.011364266133083951,0.0019132666112176172,0.08638522462992333,-0.021586433293464338,0.016240938184750666,0.0065897238375673805,-0.026245554053586678,-0.030670518624676665,-0.03776657768082,0.0,-0.0035603847340159333,0.003400137918391234,0.0006933585232632651,-0.0005500286501262168,-0.04653244189889668,0.022799182770301334,-0.035098352312955,6.173585576309971e-05,-0.0064988360904014,-0.0041831940591155825,0.00027241457592668336,0.0046811354260747175,0.002374571468083585,0.002805176680378577,0.0029955054468690837,-0.009640714983006867,-0.0035603847340159333,-0.003400137918391234,-0.012636405649292,0.0,0.9997583302382336
0.3249999999999996,0.0015805184845774335,0.0,-0.0013007415536062015,-0.0004952890273372116,0.002684775756821284,0.0002372210530996533,0.0028202534823832,0.0012633959690123828,0.0003189975047483334,-0.0004667858870811503,5.1326645587933437e-05,-0.001277971143241043,-0.00027357747019270015,-0.00012008489381253349,0.0008532111501710497,0.0021049453385848667,-0.0008862201820805665,7.24973778087183e-05,-0.0013007415536062015,0.0004952890273372116,0.27213602221245,0.0,0.27791797758173326,-0.051695458403985,0.036020529790215666,0.02484974738937507,0.025361592477376786,-0.01819099082814043,0.0037849121226781325,-0.000791518484766783,0.007238160118895593,-0.0015479653103928992,-0.0029573554471559673,-0.02261249603502249,-0.04629179999740669,-0.022850920262274012,0.002684775756821284,-0.0002372210530996533,0.27791797758173326,0.051695458403985,0.45210673224428344,0.0,0.02628777858690901,0.05743705624496332,0.03295092379456834,-0.017214802122361515,-0.0065150431803675255,-0.002753901465923721,-0.009757213211138335,0.006650160454012266,0.015763566875671566,-0.0182358454559996,-0.03489164576791334,-0.0005656714435588633,0.0028202534823832,-0.0012633959690123828,0.036020529790215666,-0.02484974738937507,0.02628777858690901,-0.05743705624496332,0.33867249395950005,0.0,0.060030174163458315,0.022704738788046443,0.003932897078799631,0.0039868837501567,0.005803259430934801,0.005181033008101316,-0.011355699713822727,-0.0019815372348888495,-0.006487093955299065,0.004216765137911576,0.0003189975047483334,0.0004667858870811503,0.025361592477376786,0.01819099082814043,0.03295092379456834,0.017214802122361515,0.060030174163458315,-0.022704738788046443,0.09710657963993997,0.0,0.047929645145453344,0.007746346035693967,0.01653068682313955,-0.012887652519485503,0.08653542316588332,0.021606218800438674,0.0003816050355029684,-0.004611863745653816,5.1326645587933437e-05,0.001277971143241043,0.0037849121226781325,0.000791518484766783,-0.0065150431803675255,0.002753901465923721,0.003932897078799631,-0.0039868837501567,0.047929645145453344,-0.007746346035693967,-0.12165475260331664,0.0,-0.09251095926222336,0.0007480832378877832,0.016302764528223997,-0.0065213065561065845,0.0024721794287634173,-0.002794304040450051,-0.00027357747019270015,0.00012008489381253349,0.007238160118895593,0.0015479653103928992,-0.009757213211138335,-0.006650160454012266,0.005803259430934801,-0.005181033008101316,0.01653068682313955,0.012887652519485503,-0.09251095926222336,-0.0007480832378877832,0.010661799903057635,0.0,-0.02628363318965001,0.03064994001286833,0.0029801646363512334,0.009588820405851899,0.0008532111501710497,-0.0021049453385848667,-0.0029573554471559673,0.02261249603502249,0.015763566875671566,0.0182358454559996,-0.011355699713822727,0.0019815372348888495,0.08653542316588332,-0.021606218800438674,0.016302764528223997,0.0065213065561065845,-0.02628363318965001,-0.03064994001286833,-0.037842323423340006,0.0,-0.0035128596534961948,0.0034068279631112534,-0.0008862201820805665,-7.24973778087183e-05,-0.04629179999740669,0.022850920262274012,-0.03489164576791334,0.0005656714435588633,-0.006487093955299065,-0.004216765137911576,0.0003816050355029684,0.004611863745653816,0.0024721794287634173,0.002794304040450051,0.0029801646363512334,-0.009588820405851899,-0.0035128596534961948,-0.0034068279631112534,-0.013008923709856504,0.0,0.9997581467072334
0.32600000000000023,0.0015803349751087165,0.0,0.001299395032636483,-0.0005583708939790832,-0.0020276408373824982,0.0016978968116182157,-0.002806122686188466,0.0012681713077437485,0.0001038368245273069,0.0005810480922719837,0.0008652933889879801,0.0009743833793534197,0.0002718861006219831,-8.133675612340012e-05,-0.0021142607503790165,-0.0008889961323109015,0.0005977671902556834,-0.0006732245169810165,0.001299395032636483,0.0005583708939790832,0.2703385876450333,0.0,0.27751881162165,-0.05332536705338502,0.035818140274069335,0.024613889982781866,0.025133667294160878,-0.018118484193817733,0.003513354325246749,-0.0006541094860426171,0.0075055974159167664,-0.0016070291199694671,-0.002919431749683383,-0.02248556941582195,-0.046075114580919986,-0.022949928918546674,-0.0020276408373824982,-0.0016978968116182157,0.27751881162165,0.05332536705338502,0.45344812219848324,0.0,0.02605721936777251,0.05754980847635332,0.03291445950173165,-0.017328377137210284,-0.006845306705162353,-0.002864584039798618,-0.009572760806145164,0.006669546491222266,0.01601854058498632,-0.01833867977551263,-0.034701940834858336,-0.0010589102590514167,-0.002806122686188466,-0.0012681713077437485,0.035818140274069335,-0.024613889982781866,0.02605721936777251,-0.05754980847635332,0.3399008301407499,0.0,0.060252938085313325,0.022715905139553336,0.003802974481194234,0.004092057996000464,0.005953921991528615,0.0050843362759462165,-0.011294625385889151,-0.002039516552175465,-0.006476147500534467,0.004244885857780234,0.0001038368245273069,-0.0005810480922719837,0.025133667294160878,0.018118484193817733,0.03291445950173165,0.017328377137210284,0.060252938085313325,-0.022715905139553336,0.09722157610864667,0.0,0.04794899749074001,0.007700744792802297,0.01664198804655748,-0.012885316428784667,0.08669151146,0.021632743622042833,0.00048194708946815,-0.0045105150660607165,0.0008652933889879801,-0.0009743833793534197,0.003513354325246749,0.0006541094860426171,-0.006845306705162353,0.002864584039798618,0.003802974481194234,-0.004092057996000464,0.04794899749074001,-0.007700744792802297,-0.12188475792220001,0.0,-0.09250344059893828,0.0006849031773885832,0.016360234346062666,-0.006450457265185352,0.002584413698177286,-0.0027929696689089336,0.0002718861006219831,8.133675612340012e-05,0.0075055974159167664,0.0016070291199694671,-0.009572760806145164,-0.006669546491222266,0.005953921991528615,-0.0050843362759462165,0.01664198804655748,0.012885316428784667,-0.09250344059893828,-0.0006849031773885832,0.010456886158969598,0.0,-0.02632892024425167,0.030616399429721664,0.002973763523848817,0.009554628766530685,-0.0021142607503790165,0.0008889961323109015,-0.002919431749683383,0.02248556941582195,0.01601854058498632,0.01833867977551263,-0.011294625385889151,0.002039516552175465,0.08669151146,-0.021632743622042833,0.016360234346062666,0.006450457265185352,-0.02632892024425167,-0.030616399429721664,-0.037919822532979985,0.0,-0.0034661879074458736,0.003399461938092883,0.0005977671902556834,0.0006732245169810165,-0.046075114580919986,0.022949928918546674,-0.034701940834858336,0.0010589102590514167,-0.006476147500534467,-0.004244885857780234,0.00048194708946815,0.0045105150660607165,0.002584413698177286,0.0027929696689089336,0.002973763523848817,-0.009554628766530685,-0.0034661879074458736,-0.003399461938092883,-0.013383793581233504,0.0,0.9997579631905503
0.3270000000000003,0.001580151466488617,0.0,-0.0005727799553592333,0.0013220704698283662,0.00022959449233140802,-0.002593141392628015,0.0009196109961878169,-0.002902281719695567,-0.0005081292080800984,-0.00034221189132508837,-0.0013271580288002495,-0.00010593346862871666,-0.00012043556813103326,0.0002239413173394666,0.002132611595523667,-0.0008611394566655003,2.8991667547766536e-05,0.0009290162338894335,-0.0005727799553592333,-0.0013220704698283662,0.26848556569865,0.0,0.27711686176160005,-0.054837624567455,0.03555304619912583,0.024380227561877393,0.02492822472793655,-0.018063988402750215,0.003237060148441416,-0.0005353102658900626,0.0077723719797610545,-0.00162670889486095,-0.0028741844978718988,-0.022359506792972016,-0.04580675759023165,-0.023069977809242657,0.00022959449233140802,0.002593141392628015,0.27711686176160005,0.054837624567455,0.45484796689884993,0.0,0.025751068901717675,0.05769423620181834,0.03295483198479833,-0.01748146814658357,-0.0071638104979264,-0.00300195168396965,-0.00939633152023183,0.006708543713507127,0.016291624596986642,-0.01844542467403757,-0.03450129002197333,-0.0015751629948438136,0.0009196109961878169,0.002902281719695567,0.03555304619912583,-0.024380227561877393,0.025751068901717675,-0.05769423620181834,0.34112997171545,0.0,0.060476045743936675,0.022720463227416006,0.0036475365044964974,0.004179448718618486,0.006102625327821932,0.005014292648833617,-0.01118135553028388,-0.0020502824480208488,-0.006469474156287218,0.004268867695838784,-0.0005081292080800984,0.00034221189132508837,0.02492822472793655,0.018063988402750215,0.03295483198479833,0.01748146814658357,0.060476045743936675,-0.022720463227416006,0.09733564589348001,0.0,0.047972276517886665,0.007633714910073831,0.01672540427383017,-0.012897528315955998,0.08686481504694336,0.021688119560478,0.0005656608480022001,-0.004402588024915183,-0.0013271580288002495,0.00010593346862871666,0.003237060148441416,0.0005353102658900626,-0.0071638104979264,0.00300195168396965,0.0036475365044964974,-0.004179448718618486,0.047972276517886665,-0.007633714910073831,-0.12211104532205003,0.0,-0.092500473024915,0.00062785784763035,0.01642544939964117,-0.006399677131623852,0.0026881126229619896,-0.0028008483535841506,-0.00012043556813103326,-0.0002239413173394666,0.0077723719797610545,0.00162670889486095,-0.00939633152023183,-0.006708543713507127,0.006102625327821932,-0.005014292648833617,0.01672540427383017,0.012897528315955998,-0.092500473024915,-0.00062785784763035,0.010250959790858832,0.0,-0.026379228000771672,0.030587843607656675,0.00294313821920845,0.009564039246860435,0.002132611595523667,0.0008611394566655003,-0.0028741844978718988,0.022359506792972016,0.016291624596986642,0.01844542467403757,-0.01118135553028388,0.0020502824480208488,0.08686481504694336,-0.021688119560478,0.01642544939964117,0.006399677131623852,-0.026379228000771672,-0.030587843607656675,-0.03799964280186999,0.0,-0.0034249273380108063,0.003400150044713716,2.8991667547766536e-05,-0.0009290162338894335,-0.04580675759023165,0.023069977809242657,-0.03450129002197333,0.0015751629948438136,-0.006469474156287218,-0.004268867695838784,0.0005656608480022001,0.004402588024915183,0.0026881126229619896,0.0028008483535841506,0.00294313821920845,-0.009564039246860435,-0.0034249273380108063,-0.003400150044713716,-0.013761793665403,0.0,0.9997577796745499
0.3279999999999997,0.0015799679477328673,0.0,-0.0004921370382454332,-0.0013619972754987492,0.0016478865703395407,0.0019606669056793325,0.001540071297429113,0.0025962692708782556,0.0006032562259544115,-0.00012914494577901655,0.0010432938409509049,-0.000868659738450685,-9.071324318548181e-05,-0.0002068120022764836,-0.0008984861944759048,0.002116309099921852,-0.0006669376305110548,-0.0006996625882907333,-0.0004921370382454332,0.0013619972754987492,0.26658060896235003,0.0,0.27670203107323343,-0.05626693884092497,0.03526940772653649,0.024172869172238102,0.024769419381548457,-0.018018681952111804,0.002934728068744899,-0.0004216538516203835,0.008023008619642467,-0.0016405608845609337,-0.0028003752665833755,-0.02222963457926707,-0.04548068696985,-0.023152763613581005,0.0016478865703395407,-0.0019606669056793325,0.27670203107323343,0.05626693884092497,0.4563021576219667,0.0,0.02538880323122484,0.05789400572988834,0.033056993145660005,-0.017670438065310868,-0.007470735918312138,-0.003199439329035367,-0.009241604859636331,0.006716314856423799,0.016537407074742137,-0.018551164566267105,-0.034242385137772176,-0.002059182942914267,0.001540071297429113,-0.0025962692708782556,0.03526940772653649,-0.024172869172238102,0.02538880323122484,-0.05789400572988834,0.34236072558441666,0.0,0.060712980249665,0.02274105228835767,0.0034951324851673917,0.004241653210975734,0.0062275595097661006,0.004997731897759733,-0.011073572341048199,-0.0020311639947691,-0.006485396006784668,0.004298275175646068,0.0006032562259544115,0.00012914494577901655,0.024769419381548457,0.018018681952111804,0.033056993145660005,0.017670438065310868,0.060712980249665,-0.02274105228835767,0.09744842680297165,0.0,0.048006420176024994,0.00754189182044458,0.016788374213008928,-0.012898647345523168,0.08702291857778167,0.021751242572107334,0.0006394848077839833,-0.0043185512238992215,0.0010432938409509049,0.000868659738450685,0.002934728068744899,0.0004216538516203835,-0.007470735918312138,0.003199439329035367,0.0034951324851673917,-0.004241653210975734,0.048006420176024994,-0.00754189182044458,-0.12233335161661665,0.0,-0.09248474987832668,0.000577386551730717,0.01649660020995517,-0.006356533952293452,0.002780457526605967,-0.0028045000449855332,-9.071324318548181e-05,0.0002068120022764836,0.008023008619642467,0.0016405608845609337,-0.009241604859636331,-0.006716314856423799,0.0062275595097661006,-0.004997731897759733,0.016788374213008928,0.012898647345523168,-0.09248474987832668,-0.000577386551730717,0.010043937580696568,0.0,-0.026430416270230003,0.030583096567881666,0.002885852181333033,0.009585519435761518,-0.0008984861944759048,-0.002116309099921852,-0.0028003752665833755,0.02222963457926707,0.016537407074742137,0.018551164566267105,-0.011073572341048199,0.0020311639947691,0.08702291857778167,-0.021751242572107334,0.01649660020995517,0.006356533952293452,-0.026430416270230003,-0.030583096567881666,-0.03808190133781667,0.0,-0.0033898865099885487,0.0034268315786629092,-0.0006669376305110548,0.0006996625882907333,-0.04548068696985,0.023152763613581005,-0.034242385137772176,0.002059182942914267,-0.006485396006784668,-0.004298275175646068,0.0006394848077839833,0.0043185512238992215,0.002780457526605967,0.0028045000449855332,0.002885852181333033,-0.009585519435761518,-0.0033898865099885487,-0.0034268315786629092,-0.014142975397182187,0.0,0.9997575961485498
0.32900000000000035,0.0015797844332538335,0.0,0.0012893658912903835,0.0006302811937443901,-0.0024823510896499943,-0.00020077071952196666,-0.0029656179764214505,-0.0005579383597339864,-0.0003298621843462198,0.0005209697343089998,-0.00013752673673106484,0.0013683986773070833,0.0002032263349396833,5.7175754400549985e-05,-0.0008916822973626167,-0.0021279106409735665,0.0009887985222203767,9.99387861799233e-05,0.0012893658912903835,-0.0006302811937443901,0.26462569659696655,0.0,0.2762944780362,-0.057634206290283325,0.03504285197843216,0.02397456521058583,0.02463428292821897,-0.017945228946585536,0.0026178121857859168,-0.0003176161847742497,0.0082581060515948,-0.00167691445139105,-0.0027104194561973502,-0.02208349139427123,-0.04517497444276332,-0.023214916655883,-0.0024823510896499943,0.00020077071952196666,0.2762944780362,0.057634206290283325,0.4578077054098,0.0,0.02507395508978383,0.05811156314322333,0.03311665093531216,-0.017843013561315235,-0.00773813281090085,-0.003434755368091535,-0.009101833700918946,0.006710386168711766,0.016728389622070343,-0.018652665960940902,-0.03394904054745166,-0.0024629045720068955,-0.0029656179764214505,0.0005579383597339864,0.03504285197843216,-0.02397456521058583,0.02507395508978383,-0.05811156314322333,0.34359417080078347,0.0,0.06096110805989833,0.022780647441759,0.003346119835433676,0.004302413508776552,0.0063644747221998504,0.005013413102860503,-0.011000341058852415,-0.002025349671550884,-0.006535455194753067,0.004334143800815565,-0.0003298621843462198,-0.0005209697343089998,0.02463428292821897,0.017945228946585536,0.03311665093531216,0.017843013561315235,0.06096110805989833,-0.022780647441759,0.09755905679300002,0.0,0.04808024249823168,0.007451797929340134,0.01686706219016787,-0.012879091201883332,0.08714541461027167,0.021797819372493164,0.0007223158392891966,-0.004252229613407751,-0.00013752673673106484,-0.0013683986773070833,0.0026178121857859168,0.0003176161847742497,-0.00773813281090085,0.003434755368091535,0.003346119835433676,-0.004302413508776552,0.04808024249823168,-0.007451797929340134,-0.1225513247325167,0.0,-0.09246524480285499,0.000514172974822922,0.0165635072661065,-0.006291621840799079,0.002863456544401703,-0.0027907114962620267,0.0002032263349396833,-5.7175754400549985e-05,0.0082581060515948,0.00167691445139105,-0.009101833700918946,-0.006710386168711766,0.0063644747221998504,-0.005013413102860503,0.01686706219016787,0.012879091201883332,-0.09246524480285499,-0.000514172974822922,0.009835097222595169,0.0,-0.02649168096164499,0.03058605755699501,0.0028330978572110007,0.009579847506629147,-0.0008916822973626167,0.0021279106409735665,-0.0027104194561973502,0.02208349139427123,0.016728389622070343,0.018652665960940902,-0.011000341058852415,0.002025349671550884,0.08714541461027167,-0.021797819372493164,0.0165635072661065,0.006291621840799079,-0.02649168096164499,-0.03058605755699501,-0.038166158722758324,0.0,-0.0033550336925491546,0.0034591602005418585,0.0009887985222203767,-9.99387861799233e-05,-0.04517497444276332,0.023214916655883,-0.03394904054745166,0.0024629045720068955,-0.006535455194753067,-0.004334143800815565,0.0007223158392891966,0.004252229613407751,0.002863456544401703,0.0027907114962620267,0.0028330978572110007,-0.009579847506629147,-0.0033550336925491546,-0.0034591602005418585,-0.014526615174616371,0.0,0.9997574126267496
0.32999999999999974,0.001579600931864117,0.0,-0.0013539857860464918,0.0004494415662086669,0.0018071298004416004,-0.0015687561926921838,0.0023763022241983342,-0.0018690892101628164,-0.00015637881751963346,-0.0006172495478576501,-0.0008566377990985051,-0.001092543375359933,-0.00017003455105636358,9.550710327158336e-05,0.0021690941979415073,0.0008434946210794753,-0.0008249013670477929,0.0005760084938183167,-0.0013539857860464918,-0.0004494415662086669,0.26262375701096663,0.0,0.2759157942904333,-0.058909162665930014,0.03484443071170632,0.023764813009148504,0.024486431887519162,-0.017852670516925507,0.0023130660973293498,-0.00023574415415778346,0.00848994074575484,-0.0017241241469916335,-0.0026187819612696396,-0.0219175076800552,-0.04492152915972333,-0.02331550735099733,0.0018071298004416004,0.0015687561926921838,0.2759157942904333,0.058909162665930014,0.4593617021037499,0.0,0.024837277003577896,0.058300552011401656,0.03309855586000118,-0.01798821127734965,-0.007958631726245448,-0.0036512466240639944,-0.008955751610591842,0.006736040582051071,0.01689890736802133,-0.018739509650645376,-0.03367220839948933,-0.002839531476469169,0.0023763022241983342,0.0018690892101628164,0.03484443071170632,-0.023764813009148504,0.024837277003577896,-0.058300552011401656,0.3448305750446833,0.0,0.061205750144590024,0.02282518662773334,0.0031743763703417755,0.004361583347460932,0.006551918135430716,0.005023768090692036,-0.010923537651568383,-0.002024309681955465,-0.006611973666718664,0.004361272441494649,-0.00015637881751963346,0.0006172495478576501,0.024486431887519162,0.017852670516925507,0.03309855586000118,0.01798821127734965,0.061205750144590024,-0.02282518662773334,0.09766727556704831,0.0,0.04819825818119168,0.0073750363925228135,0.01697306335569846,-0.01285327845487457,0.087252142207485,0.021836830538889837,0.0008178216149390167,-0.004175411448922952,-0.0008566377990985051,0.001092543375359933,0.0023130660973293498,0.00023574415415778346,-0.007958631726245448,0.0036512466240639944,0.0031743763703417755,-0.004361583347460932,0.04819825818119168,-0.0073750363925228135,-0.1227646572816,0.0,-0.09246661022257002,0.00043333329439566696,0.01662493792355667,-0.0062024686920574,0.0029272509326552253,-0.0027591954399316504,-0.00017003455105636358,-9.550710327158336e-05,0.00848994074575484,0.0017241241469916335,-0.008955751610591842,-0.006736040582051071,0.006551918135430716,-0.005023768090692036,0.01697306335569846,0.01285327845487457,-0.09246661022257002,-0.00043333329439566696,0.009623834212916684,0.0,-0.026568720570409994,0.03056612552882499,0.0027984115560574165,0.009553344730717213,0.0021690941979415073,-0.0008434946210794753,-0.0026187819612696396,0.0219175076800552,0.01689890736802133,0.018739509650645376,-0.010923537651568383,0.002024309681955465,0.087252142207485,-0.021836830538889837,0.01662493792355667,0.0062024686920574,-0.026568720570409994,-0.03056612552882499,-0.0382523542859,0.0,-0.0033104796462305004,0.003470200300248984,-0.0008249013670477929,-0.0005760084938183167,-0.04492152915972333,0.02331550735099733,-0.03367220839948933,0.002839531476469169,-0.006611973666718664,-0.004361272441494649,0.0008178216149390167,0.004175411448922952,0.0029272509326552253,0.0027591954399316504,0.0027984115560574165,-0.009553344730717213,-0.0033104796462305004,-0.003470200300248984,-0.01491250418590745,0.0,0.9997572291172332
0.3309999999999998,0.0015794174364095997,0.0,0.0006692857684831797,-0.0012695029721559164,-0.0001324692608751336,0.002299556980243866,-0.00015616700037309196,0.003015964391063116,0.0005977741169179,0.0003064750237974334,0.0013912706613773333,0.00021128541443877154,3.651026853815006e-05,-0.00016656849471131667,-0.0021421095189982997,0.0009622825672143847,0.00023692925895223323,-0.0009825524409299497,0.0006692857684831797,0.0012695029721559164,0.2605796641324167,0.0,0.2755575088162,-0.060060430135613345,0.03458480229148083,0.023568551937152665,0.02433831728947135,-0.01778086211102853,0.0020199950376278805,-0.00017746598379135063,0.008725362561497552,-0.0017597607204430461,-0.002513549396076108,-0.021742464100669195,-0.04465139874693335,-0.023441131296299336,-0.0001324692608751336,-0.002299556980243866,0.2755575088162,0.060060430135613345,0.46096012909613326,0.0,0.024597819434428337,0.05847814343135501,0.033082633069303,-0.01814730764218767,-0.0081665843307952,-0.00384172510285744,-0.008793077804179253,0.006778823300249533,0.017092145245256842,-0.018797377053220595,-0.03339912827911183,-0.003255264384347533,-0.00015616700037309196,-0.003015964391063116,0.03458480229148083,-0.023568551937152665,0.024597819434428337,-0.05847814343135501,0.3460694717205333,0.0,0.061438542738688325,0.022862572211619334,0.0029756480814047987,0.0043861883035875475,0.006765127630437484,0.005024553587769609,-0.010815425298951915,-0.0019802339005805334,-0.006701491804419484,0.004364940584808,0.0005977741169179,-0.0003064750237974334,0.02433831728947135,0.01778086211102853,0.033082633069303,0.01814730764218767,0.061438542738688325,-0.022862572211619334,0.09777332217678669,0.0,0.04832844431721002,0.007289217888128269,0.01707637916064509,-0.012829835775825948,0.08736448820704501,0.021885983232051324,0.0009118694126425825,-0.004082696221801283,0.0013912706613773333,-0.00021128541443877154,0.0020199950376278805,0.00017746598379135063,-0.0081665843307952,0.00384172510285744,0.0029756480814047987,-0.0043861883035875475,0.04832844431721002,-0.007289217888128269,-0.12297314135468329,0.0,-0.09248594384162,0.0003528980894064699,0.016687338520269667,-0.00611640606033532,0.0029652257895340355,-0.0027194480712275835,3.651026853815006e-05,0.00016656849471131667,0.008725362561497552,0.0017597607204430461,-0.008793077804179253,-0.006778823300249533,0.006765127630437484,-0.005024553587769609,0.01707637916064509,0.012829835775825948,-0.09248594384162,-0.0003528980894064699,0.009410301566251552,0.0,-0.026649739728823334,0.03052390987519834,0.0027565016628304335,0.009535868760451784,-0.0021421095189982997,-0.0009622825672143847,-0.002513549396076108,0.021742464100669195,0.017092145245256842,0.018797377053220595,-0.010815425298951915,0.0019802339005805334,0.08736448820704501,-0.021885983232051324,0.016687338520269667,0.00611640606033532,-0.026649739728823334,-0.03052390987519834,-0.03834095935413502,0.0,-0.003258261337797333,0.003474091813714733,0.00023692925895223323,0.0009825524409299497,-0.04465139874693335,0.023441131296299336,-0.03339912827911183,0.003255264384347533,-0.006701491804419484,-0.004364940584808,0.0009118694126425825,0.004082696221801283,0.0029652257895340355,0.0027194480712275835,0.0027565016628304335,-0.009535868760451784,-0.003258261337797333,-0.003474091813714733,-0.015301159804797682,0.0,0.9997570456149666
0.3320000000000004,0.0015792339267051328,0.0,0.0003912166442329517,0.0013874634290751617,-0.0015134610970521502,-0.0016568834827625834,-0.002174346284315947,-0.00209459106292543,-0.0006406928505316003,0.00026249104098056687,-0.0011774525430725664,0.0008219764666817334,0.00011531234517809984,0.00010594112234371661,0.0008436136102354332,-0.002205744272260554,0.00047922537070107645,0.000891354468577233,0.0003912166442329517,-0.0013874634290751617,0.25849746753541675,0.0,0.27521061661775004,-0.06111449426892834,0.03426853576509436,0.023410698783230495,0.02423431556005766,-0.01773067712460848,0.0017208776756563668,-0.00013768320920723367,0.008964986492994483,-0.0017955278977866995,-0.0023761219170683164,-0.021567766230072432,-0.04431397207719501,-0.023516310080227008,-0.0015134610970521502,0.0016568834827625834,0.27521061661775004,0.06111449426892834,0.46259868102693347,0.0,0.02430611828114634,0.05870517888902334,0.033120088965861334,-0.0183336763857724,-0.008391040116904124,-0.004056118348195319,-0.008613056147696951,0.006778506454395883,0.017296198098378998,-0.01882953628521823,-0.033091996531688005,-0.0036771090892031345,-0.002174346284315947,0.00209459106292543,0.03426853576509436,-0.023410698783230495,0.02430611828114634,-0.05870517888902334,0.3473109002652,0.0,0.06167603290011169,0.02289322975841033,0.0027771690813451133,0.004364801579337916,0.006941821593479835,0.005035510960683601,-0.010705818047675699,-0.0018928268265648667,-0.006806994035096316,0.004347988091923915,-0.0006406928505316003,-0.00026249104098056687,0.02423431556005766,0.01773067712460848,0.033120088965861334,0.0183336763857724,0.06167603290011169,-0.02289322975841033,0.0978771809930967,0.0,0.048446093731946666,0.007181085553608104,0.0171540355117171,-0.01279293608550965,0.08748658960436331,0.02194048736648067,0.0009936396376004984,-0.003992173557518449,-0.0011774525430725664,-0.0008219764666817334,0.0017208776756563668,0.00013768320920723367,-0.008391040116904124,0.004056118348195319,0.0027771690813451133,-0.004364801579337916,0.048446093731946666,-0.007181085553608104,-0.12317664478316666,0.0,-0.09250432067576497,0.00028304017801679995,0.01675739127209717,-0.006046950520236081,0.0029912905206059344,-0.002674416556441367,0.00011531234517809984,-0.00010594112234371661,0.008964986492994483,0.0017955278977866995,-0.008613056147696951,-0.006778506454395883,0.006941821593479835,-0.005035510960683601,0.0171540355117171,0.01279293608550965,-0.09250432067576497,-0.00028304017801679995,0.00919477677093653,0.0,-0.026725716596221673,0.030487772782189997,0.002687666905388066,0.009526286395795046,0.0008436136102354332,0.002205744272260554,-0.0023761219170683164,0.021567766230072432,0.017296198098378998,0.01882953628521823,-0.010705818047675699,0.0018928268265648667,0.08748658960436331,-0.02194048736648067,0.01675739127209717,0.006046950520236081,-0.026725716596221673,-0.030487772782189997,-0.038432113104674995,0.0,-0.0032105649588307075,0.0035097280240167336,0.00047922537070107645,-0.000891354468577233,-0.04431397207719501,0.023516310080227008,-0.033091996531688005,0.0036771090892031345,-0.006806994035096316,-0.004347988091923915,0.0009936396376004984,0.003992173557518449,0.0029912905206059344,0.002674416556441367,0.002687666905388066,-0.009526286395795046,-0.0032105649588307075,-0.0035097280240167336,-0.015692620532492367,0.0,0.999756862097483
0.33299999999999985,0.0015790504031638003,0.0,-0.00123178184728395,-0.000711906591542535,0.0022004885857156158,8.155958926927016e-05,0.003022807150584277,-0.00028301609977743325,0.0002243892894842165,-0.0006509857328053235,0.0002790606295081302,-0.0014415440768556838,-0.00016038758730178333,4.876003333646674e-05,0.00096590646031711,0.002161895156711801,-0.0009425987799040335,-0.00034595004687865003,-0.00123178184728395,0.000711906591542535,0.2563788955691333,0.0,0.2748253490035833,-0.06211281825183833,0.03399019722696566,0.023260067996888668,0.024175457831271664,-0.017658020657124178,0.001424593424741217,-0.0001145331007192481,0.009210515201155976,-0.0018514704270973994,-0.0022216780901015334,-0.02138358837381726,-0.043948011213364994,-0.023521683378712823,0.0022004885857156158,-8.155958926927016e-05,0.2748253490035833,0.06211281825183833,0.4642741159265998,0.0,0.02402722201777117,0.058977352335516674,0.03313787743291017,-0.018496873518739184,-0.00861784170793843,-0.0043124013282678335,-0.008408411341169932,0.006724614023725684,0.017461681181167168,-0.01885097361987197,-0.03275865965020584,-0.004033411822830184,0.003022807150584277,0.00028301609977743325,0.03399019722696566,-0.023260067996888668,0.02402722201777117,-0.058977352335516674,0.34855540426358317,0.0,0.06192740040568167,0.022918881061347336,0.0025880900681808493,0.004323116549655567,0.00706983175019845,0.005055131368110229,-0.010625380107909399,-0.0018131062658258,-0.0069386742636703335,0.004320407640766384,0.0002243892894842165,0.0006509857328053235,0.024175457831271664,0.017658020657124178,0.03313787743291017,0.018496873518739184,0.06192740040568167,-0.022918881061347336,0.09797861763756667,0.0,0.048550256750143336,0.007073958898083999,0.017220051675306935,-0.0127261137438151,0.08759233165348004,0.021976487755570005,0.0010634960924169499,-0.0039051684883270837,0.0002790606295081302,0.0014415440768556838,0.001424593424741217,0.0001145331007192481,-0.00861784170793843,0.0043124013282678335,0.0025880900681808493,-0.004323116549655567,0.048550256750143336,-0.007073958898083999,-0.12337510619559997,0.0,-0.09250115569673832,0.00021079342236904984,0.016832858357987503,-0.005976345674380001,0.0030249002974882034,-0.0026197567035456666,-0.00016038758730178333,-4.876003333646674e-05,0.009210515201155976,0.0018514704270973994,-0.008408411341169932,-0.006724614023725684,0.00706983175019845,-0.005055131368110229,0.017220051675306935,0.0127261137438151,-0.09250115569673832,-0.00021079342236904984,0.008976915674270058,0.0,-0.026800741660828343,0.030458431503601658,0.002614173103047128,0.009499668080642633,0.00096590646031711,-0.002161895156711801,-0.0022216780901015334,0.02138358837381726,0.017461681181167168,0.01885097361987197,-0.010625380107909399,0.0018131062658258,0.08759233165348004,-0.021976487755570005,0.016832858357987503,0.005976345674380001,-0.026800741660828343,-0.030458431503601658,-0.038525280302738336,0.0,-0.0031762750450145924,0.003582679673107402,-0.0009425987799040335,0.00034595004687865003,-0.043948011213364994,0.023521683378712823,-0.03275865965020584,0.004033411822830184,-0.0069386742636703335,-0.004320407640766384,0.0010634960924169499,0.0039051684883270837,0.0030249002974882034,0.0026197567035456666,0.002614173103047128,-0.009499668080642633,-0.0031762750450145924,-0.003582679673107402,-0.016085934408988412,0.0,0.9997566785671833
0.33399999999999974,0.001578866879486117,0.0,0.001341252532329492,-0.000359866598114383,-0.0015738720104412002,0.0014736669038666675,-0.0017734570359506003,0.002490627045816099,0.00033129279314415,0.0005974599645064419,0.0008206694918589667,0.0012562695513464452,6.735306519196686e-05,-0.00015893183896320014,-0.002216612834939266,-0.0008341907328066999,0.0009125827193162833,-0.00036070440550496516,0.001341252532329492,0.000359866598114383,0.2542252518126167,0.0,0.27441937501090014,-0.06306396398780166,0.033785295446444576,0.02307724585714515,0.024122864681509502,-0.01754438461558467,0.0011620376411663668,-0.00010886099588461716,0.009467873738915285,-0.00191090734430015,-0.0020884071694458007,-0.021180408270875497,-0.043616217549708326,-0.023527982784623334,-0.0015738720104412002,-0.0014736669038666675,0.27441937501090014,0.06306396398780166,0.4659842658992501,0.0,0.023835141028626668,0.059246306317696666,0.033076892343880664,-0.018601412086692692,-0.008835440081988019,-0.004562375463639499,-0.008178575003915152,0.006680227513473782,0.017590034415269507,-0.018874417241812318,-0.03244483777757934,-0.004338992831327667,-0.0017734570359506003,-0.002490627045816099,0.033785295446444576,-0.02307724585714515,0.023835141028626668,-0.059246306317696666,0.3498031552345501,0.0,0.06218801947032168,0.022940872482889667,0.0023879577340366665,0.004276127219396842,0.007207560368050132,0.005060906623069008,-0.010559467575778013,-0.0017484871943605,-0.007092496785036367,0.004277482578428115,0.00033129279314415,-0.0005974599645064419,0.024122864681509502,0.01754438461558467,0.033076892343880664,0.018601412086692692,0.06218801947032168,-0.022940872482889667,0.09807786804165998,0.0,0.04865513482875999,0.006996682584214533,0.017301560061127833,-0.01264469844100292,0.08769171712008335,0.02199779706223499,0.0011181267024895506,-0.003800836215865134,0.0008206694918589667,-0.0012562695513464452,0.0011620376411663668,0.00010886099588461716,-0.008835440081988019,0.004562375463639499,0.0023879577340366665,-0.004276127219396842,0.04865513482875999,-0.006996682584214533,-0.12356870027748332,0.0,-0.09249928280569,0.00012601362202975015,0.01691194143795566,-0.005891939469851667,0.003071112067572048,-0.0025595135374429324,6.735306519196686e-05,0.00015893183896320014,0.009467873738915285,0.00191090734430015,-0.008178575003915152,-0.006680227513473782,0.007207560368050132,-0.005060906623069008,0.017301560061127833,0.01264469844100292,-0.09249928280569,-0.00012601362202975015,0.008756179113589314,0.0,-0.026890380442411665,0.030415648038064992,0.002567241139643866,0.00946257659323158,-0.002216612834939266,0.0008341907328066999,-0.0020884071694458007,0.021180408270875497,0.017590034415269507,0.018874417241812318,-0.010559467575778013,0.0017484871943605,0.08769171712008335,-0.02199779706223499,0.01691194143795566,0.005891939469851667,-0.026890380442411665,-0.030415648038064992,-0.03862001573637001,0.0,-0.0031524701422815837,0.003658347774751701,0.0009125827193162833,0.00036070440550496516,-0.043616217549708326,0.023527982784623334,-0.03244483777757934,0.004338992831327667,-0.007092496785036367,-0.004277482578428115,0.0011181267024895506,0.003800836215865134,0.003071112067572048,0.0025595135374429324,0.002567241139643866,-0.00946257659323158,-0.0031524701422815837,-0.003658347774751701,-0.016480375931201503,0.0,0.9997564950358835
0.3350000000000005,0.0015786833574863333,0.0,-0.0006860784642554046,0.0011817010541749168,5.9735050302633454e-05,-0.0021060075458947166,-0.0007072403825015836,-0.0029726247187680664,-0.0006741000484429497,-0.00014827448020158325,-0.0014960683494386665,-0.0003492068487001003,7.082507984133333e-05,0.0001420764319195983,0.00214787233053776,-0.0009745255918656669,-0.0004163338061929667,0.0008527574826322833,-0.0006860784642554046,-0.0011817010541749168,0.2520395951533334,0.0,0.27398845231210006,-0.06393352901337333,0.033569968053217,0.022876232225605187,0.02405771268710367,-0.017405304490103336,0.0009382646640289334,-0.00012465472089601622,0.009737258032841718,-0.0019350350369257833,-0.0019842229934605173,-0.020963007962174082,-0.04329101580689168,-0.02356919109009266,5.9735050302633454e-05,0.0021060075458947166,0.27398845231210006,0.06393352901337333,0.4677266853449836,0.0,0.023684897012322355,0.05948771153356502,0.033010851624289496,-0.018675127616927814,-0.009063211500203271,-0.004771737690028756,-0.007939704161151832,0.0066921160651223326,0.017732128718473003,-0.018894224314884682,-0.03215154899123033,-0.004671413141663822,-0.0007072403825015836,0.0029726247187680664,0.033569968053217,-0.022876232225605187,0.023684897012322355,-0.05948771153356502,0.3510535629449666,0.0,0.06243363700383666,0.02294685797945733,0.0021667515151654673,0.004198591892503152,0.007388384343311667,0.005046707222329551,-0.010484138370182052,-0.0016453543603734834,-0.007243686132813583,0.004197756719763767,-0.0006741000484429497,0.00014827448020158325,0.02405771268710367,0.017405304490103336,0.033010851624289496,0.018675127616927814,0.06243363700383666,-0.02294685797945733,0.09817586851067835,0.0,0.048749551300140005,0.006936152763778714,0.017383501856447558,-0.012575474029931017,0.08779672431372999,0.022034562565223167,0.0011526625086094335,-0.0036717198819991494,-0.0014960683494386665,0.0003492068487001003,0.0009382646640289334,0.00012465472089601622,-0.009063211500203271,0.004771737690028756,0.0021667515151654673,-0.004198591892503152,0.048749551300140005,-0.006936152763778714,-0.12375776732585003,0.0,-0.09250418673573665,3.661749606033826e-05,0.016992317299459502,-0.005808077916227016,0.003123721034584001,-0.002509075713444973,7.082507984133333e-05,-0.0001420764319195983,0.009737258032841718,0.0019350350369257833,-0.007939704161151832,-0.0066921160651223326,0.007388384343311667,-0.005046707222329551,0.017383501856447558,0.012575474029931017,-0.09250418673573665,-3.661749606033826e-05,0.008532688956336293,0.0,-0.026988040695478336,0.030347729751754995,0.00253482015303525,0.009450729124795932,0.00214787233053776,0.0009745255918656669,-0.0019842229934605173,0.020963007962174082,0.017732128718473003,0.018894224314884682,-0.010484138370182052,0.0016453543603734834,0.08779672431372999,-0.022034562565223167,0.016992317299459502,0.005808077916227016,-0.026988040695478336,-0.030347729751754995,-0.03871669081117001,0.0,-0.003135648170196951,0.0037188549055689833,-0.0004163338061929667,-0.0008527574826322833,-0.04329101580689168,0.02356919109009266,-0.03215154899123033,0.004671413141663822,-0.007243686132813583,-0.004197756719763767,0.0011526625086094335,0.0036717198819991494,0.003123721034584001,0.002509075713444973,0.00253482015303525,-0.009450729124795932,-0.003135648170196951,-0.0037188549055689833,-0.016876314624064834,0.0,0.9997563115061665
0.3359999999999998,0.0015784998254804667,0.0,-0.00032574182260181663,-0.0013172345912541498,0.0014303228650147663,0.0014900659646861168,0.0026747204322355887,0.001419634398381966,0.00055351621704321,-0.00041622980737511333,0.0013571874116440998,-0.0008044403637990448,-0.00015112058170833323,-1.3411197409899892e-05,-0.0008409511754302717,0.002180725124107934,-0.0002598111691876835,-0.0008825085244267,-0.00032574182260181663,0.0013172345912541498,0.24982570308289992,0.0,0.27355540960351665,-0.06471398153196833,0.03328936538060451,0.022710837066858336,0.024003116624625072,-0.01725852078983198,0.0007256683957722632,-0.0001628966863936176,0.010007235100899485,-0.0019214336057116132,-0.001876858123593984,-0.020750063253297018,-0.042917676913761686,-0.023589186326196165,0.0014303228650147663,-0.0014900659646861168,0.27355540960351665,0.06471398153196833,0.46949799850258345,0.0,0.02350194908319152,0.059754490835106686,0.0330502084109815,-0.018761758931416666,-0.009313511508413,-0.004980681998029533,-0.007709081436055001,0.006723581987078817,0.017908458627251995,-0.01891220494752726,-0.03184921290430849,-0.005037073641837365,0.0026747204322355887,-0.001419634398381966,0.03328936538060451,-0.022710837066858336,0.02350194908319152,-0.059754490835106686,0.3523059484203333,0.0,0.06266903676921834,0.02292793982109633,0.001953251122947299,0.004070406233630635,0.007568658512427764,0.005033895470486501,-0.010414545512096767,-0.0014836084100317303,-0.007381066869424348,0.004070534410468667,0.00055351621704321,0.00041622980737511333,0.024003116624625072,0.01725852078983198,0.0330502084109815,0.018761758931416666,0.06266903676921834,-0.02292793982109633,0.09827366362367834,0.0,0.04882777735993666,0.006860298327299668,0.017440389836078898,-0.012527546704580665,0.08791460900505503,0.022108244357713178,0.0011771046502423992,-0.0035431437289057672,0.0013571874116440998,0.0008044403637990448,0.0007256683957722632,0.0001628966863936176,-0.009313511508413,0.004980681998029533,0.001953251122947299,-0.004070406233630635,0.04882777735993666,-0.006860298327299668,-0.12394235634288332,0.0,-0.09250451678510835,-4.66651896532666e-05,0.017073345271144503,-0.00574416223069105,0.0031822702002346176,-0.0024738956221625804,-0.00015112058170833323,1.3411197409899892e-05,0.010007235100899485,0.0019214336057116132,-0.007709081436055001,-0.006723581987078817,0.007568658512427764,-0.005033895470486501,0.017440389836078898,0.012527546704580665,-0.09250451678510835,4.66651896532666e-05,0.008306976279887367,0.0,-0.027076874491411666,0.03028006422640999,0.002479687778429501,0.009474597168165674,-0.0008409511754302717,-0.002180725124107934,-0.001876858123593984,0.020750063253297018,0.017908458627251995,0.01891220494752726,-0.010414545512096767,0.0014836084100317303,0.08791460900505503,-0.022108244357713178,0.017073345271144503,0.00574416223069105,-0.027076874491411666,-0.03028006422640999,-0.038816097899820004,0.0,-0.003134185039001384,0.003789823234070834,-0.0002598111691876835,0.0008825085244267,-0.042917676913761686,0.023589186326196165,-0.03184921290430849,0.005037073641837365,-0.007381066869424348,-0.004070534410468667,0.0011771046502423992,0.0035431437289057672,0.0031822702002346176,0.0024738956221625804,0.002479687778429501,-0.009474597168165674,-0.003134185039001384,-0.003789823234070834,-0.017274207524969828,0.0,0.9997561279673838
0.33699999999999986,0.0015783162749430167,0.0,0.0011293763353957334,0.0007119359322251166,-0.002024619618754767,-2.4640042589349844e-05,-0.002805585933983299,0.0010715160799396413,-4.5616326444702086e-05,0.0006756801111779167,-0.0004178169561621161,0.0015636061134701668,9.805573762220002e-05,-0.0001415397905463716,-0.0009238099787951835,-0.002118981340521685,0.0007573716929222496,0.00048556245956303355,0.0011293763353957334,-0.0007119359322251166,0.24758585019123336,0.0,0.2730981265053,-0.06542574569600332,0.03300157110771534,0.022587428432200005,0.023965170590363558,-0.0170939058141597,0.0005134642494936503,-0.00021025791736656625,0.01026051818139979,-0.001905144066489337,-0.0017443957713342167,-0.02054240849808514,-0.04250705937146501,-0.02354991957176967,-0.002024619618754767,2.4640042589349844e-05,0.2730981265053,0.06542574569600332,0.47129484763531676,0.0,0.02331085665032341,0.06007401386800001,0.033165801603194336,-0.01884827875973434,-0.009554552470270488,-0.005225813945232133,-0.007485587510389398,0.006723193589758683,0.01806962250801417,-0.018944540145516924,-0.03153000981758184,-0.005363015329457749,-0.002805585933983299,-0.0010715160799396413,0.03300157110771534,-0.022587428432200005,0.02331085665032341,-0.06007401386800001,0.3535604588546166,0.0,0.06290727423119334,0.02289522696753633,0.0017704041266094837,0.003918059480215267,0.007700584418938517,0.0050433651417473,-0.010378410644688935,-0.0013197263747694165,-0.007519922159481516,0.003910161141267017,-4.5616326444702086e-05,-0.0006756801111779167,0.023965170590363558,0.0170939058141597,0.033165801603194336,0.01884827875973434,0.06290727423119334,-0.02289522696753633,0.09837190492613335,0.0,0.04890160136451331,0.006775941195477499,0.017480788962628505,-0.012482934834699366,0.08802169015953669,0.022200030450726504,0.0012096304785602003,-0.0034354154470234337,-0.0004178169561621161,-0.0015636061134701668,0.0005134642494936503,0.00021025791736656625,-0.009554552470270488,0.005225813945232133,0.0017704041266094837,-0.003918059480215267,0.04890160136451331,-0.006775941195477499,-0.12412232497300005,0.0,-0.092477150883125,-0.00012735734546679992,0.017149382975771336,-0.0056969856629502345,0.0032500512647311497,-0.002440933972113975,9.805573762220002e-05,0.0001415397905463716,0.01026051818139979,0.001905144066489337,-0.007485587510389398,-0.006723193589758683,0.007700584418938517,-0.0050433651417473,0.017480788962628505,0.012482934834699366,-0.092477150883125,0.00012735734546679992,0.008079072516521199,0.0,-0.02715471223447167,0.030230631498363327,0.002396775969013032,0.009503325376885039,-0.0009238099787951835,0.002118981340521685,-0.0017443957713342167,0.02054240849808514,0.01806962250801417,0.018944540145516924,-0.010378410644688935,0.0013197263747694165,0.08802169015953669,-0.022200030450726504,0.017149382975771336,0.0056969856629502345,-0.02715471223447167,-0.030230631498363327,-0.03891860265237834,0.0,-0.0031580683796968334,0.0038887511891051666,0.0007573716929222496,-0.00048556245956303355,-0.04250705937146501,0.02354991957176967,-0.03153000981758184,0.005363015329457749,-0.007519922159481516,-0.003910161141267017,0.0012096304785602003,0.0034354154470234337,0.0032500512647311497,0.002440933972113975,0.002396775969013032,-0.009503325376885039,-0.0031580683796968334,-0.0038887511891051666,-0.017673578364019896,0.0,0.9997559444094335
0.3379999999999999,0.001578132723193483,0.0,-0.001265442019121799,0.0002701904507897336,0.0014010932222735168,-0.0013769344775197835,0.001025564741352945,-0.002817490705011127,-0.00046759596192273326,-0.00047503806207737845,-0.0008175991137642666,-0.0014345901427369166,6.51608371790828e-05,0.0001831720096798166,0.0021382528102465346,0.0008244459341886665,-0.0008780977563903099,9.932284467366673e-05,-0.001265442019121799,-0.0002701904507897336,0.24532181825246668,0.0,0.27262634123361656,-0.06607566272368666,0.03277897750517396,0.022469569940331793,0.02391368839449297,-0.01690108077135425,0.0003171815749660161,-0.00025129602698658395,0.010492019795629316,-0.0019025119281112167,-0.001602434780987287,-0.020325647388431064,-0.04211461429523167,-0.02351771776903659,0.0014010932222735168,0.0013769344775197835,0.27262634123361656,0.06607566272368666,0.47311449809850004,0.0,0.023189472512321483,0.060394282099560014,0.03323840576878601,-0.018892304185838663,-0.009757557744033281,-0.0054662467856645665,-0.007264900751162149,0.006716700997642351,0.018177425772867666,-0.01901083742711167,-0.031213232896958664,-0.005619773074870717,0.001025564741352945,0.002817490705011127,0.03277897750517396,-0.022469569940331793,0.023189472512321483,-0.060394282099560014,0.3548176429128332,0.0,0.06314572551244665,0.02287565329316983,0.0016072961456747976,0.0037721428757630216,0.007815057678972736,0.005077740174147884,-0.010372763813717684,-0.0012098404628501497,-0.007667502029744399,0.00373608113125846,-0.00046759596192273326,0.00047503806207737845,0.02391368839449297,0.01690108077135425,0.03323840576878601,0.018892304185838663,0.06314572551244665,-0.02287565329316983,0.09847103528630001,0.0,0.048994714672458334,0.006722672625234932,0.017540879361182662,-0.012423523298796533,0.08810622192429167,0.022289418037113498,0.0012495582836000328,-0.0033336719347453994,-0.0008175991137642666,0.0014345901427369166,0.0003171815749660161,0.00025129602698658395,-0.009757557744033281,0.0054662467856645665,0.0016072961456747976,-0.0037721428757630216,0.048994714672458334,-0.006722672625234932,-0.12429786954515,0.0,-0.09244054783553998,-0.0002165993469556332,0.017215932864856672,-0.005650330361351632,0.003318858975443434,-0.0023995432636739,6.51608371790828e-05,-0.0001831720096798166,0.010492019795629316,0.0019025119281112167,-0.007264900751162149,-0.006716700997642351,0.007815057678972736,-0.005077740174147884,0.017540879361182662,0.012423523298796533,-0.09244054783553998,0.0002165993469556332,0.00784845621439035,0.0,-0.02723923044373333,0.030185053775230015,0.002316792504961917,0.009513348006248269,0.0021382528102465346,-0.0008244459341886665,-0.001602434780987287,0.020325647388431064,0.018177425772867666,0.01901083742711167,-0.010372763813717684,0.0012098404628501497,0.08810622192429167,-0.022289418037113498,0.017215932864856672,0.005650330361351632,-0.02723923044373333,-0.030185053775230015,-0.03902417397048666,0.0,-0.003198966390031851,0.00398901116158345,-0.0008780977563903099,-9.932284467366673e-05,-0.04211461429523167,0.02351771776903659,-0.031213232896958664,0.005619773074870717,-0.007667502029744399,-0.00373608113125846,0.0012495582836000328,0.0033336719347453994,0.003318858975443434,0.0023995432636739,0.002316792504961917,-0.009513348006248269,-0.003198966390031851,-0.00398901116158345,-0.018073779121946455,0.0,0.9997557608498835
0.3389999999999999,0.0015779491822506167,0.0,0.0007030738658294451,-0.0010455867368850682,-1.6381020293036773e-05,0.0018805360115773902,0.0014582917593996502,0.0026192677576940826,0.0006887144033222301,-3.0498479330730074e-05,0.0016109689522820498,0.0004645843582068285,-0.0001913040721556333,-5.937441138438339e-05,-0.0020761871223284496,0.0009492428981923831,0.0006142873078636332,-0.0006146296979413515,0.0007030738658294451,0.0010455867368850682,0.24303715979170004,0.0,0.27217841571711665,-0.06663019576282833,0.03258595724421714,0.022359569403757336,0.023824443275716676,-0.01669305960954207,0.0001426509922473166,-0.0002854873675245964,0.010712509430840272,-0.0018899880756637834,-0.001466527383875103,-0.020092388751956,-0.04174378860983001,-0.023567038300084973,-1.6381020293036773e-05,-0.0018805360115773902,0.27217841571711665,0.06663019576282833,0.4749542157323832,0.0,0.023136072591176966,0.06065575456869499,0.033241928748526835,-0.0188932093992481,-0.009940196252897668,-0.005641547795418922,-0.00705490682908882,0.006765430814374665,0.0182676199200415,-0.019099342021729002,-0.03089304915450368,-0.005868270688883501,0.0014582917593996502,-0.0026192677576940826,0.03258595724421714,-0.022359569403757336,0.023136072591176966,-0.06065575456869499,0.35607774933009995,0.0,0.06336367229651334,0.022874932589651006,0.0014541216775228662,0.0036217259811693356,0.007974589218070715,0.005128208038232305,-0.010371235182922803,-0.0011296740684847448,-0.007795194050953622,0.0035486696626361,0.0006887144033222301,3.0498479330730074e-05,0.023824443275716676,0.01669305960954207,0.033241928748526835,0.0188932093992481,0.06336367229651334,-0.022874932589651006,0.09857183912612165,0.0,0.04911274758026998,0.006709109584688624,0.01762525564994533,-0.012349582832354255,0.08818278227684999,0.022387949437652835,0.0012798670642518671,-0.003218211985460032,0.0016109689522820498,-0.0004645843582068285,0.0001426509922473166,0.0002854873675245964,-0.009940196252897668,0.005641547795418922,0.0014541216775228662,-0.0036217259811693356,0.04911274758026998,-0.006709109584688624,-0.12446965458876669,0.0,-0.09243170962858668,-0.0003110543995538169,0.01727592940784917,-0.005597881612796163,0.003374085940392522,-0.0023548487150858006,-0.0001913040721556333,5.937441138438339e-05,0.010712509430840272,0.0018899880756637834,-0.00705490682908882,-0.006765430814374665,0.007974589218070715,-0.005128208038232305,0.01762525564994533,0.012349582832354255,-0.09243170962858668,0.0003110543995538169,0.007614820911192383,0.0,-0.027330990100303324,0.030121453682251654,0.0022574323257357,0.009513691492628889,-0.0020761871223284496,-0.0009492428981923831,-0.001466527383875103,0.020092388751956,0.0182676199200415,0.019099342021729002,-0.010371235182922803,0.0011296740684847448,0.08818278227684999,-0.022387949437652835,0.01727592940784917,0.005597881612796163,-0.027330990100303324,-0.030121453682251654,-0.039133217728761646,0.0,-0.0032346757072403117,0.004063461472126512,0.0006142873078636332,0.0006146296979413515,-0.04174378860983001,0.023567038300084973,-0.03089304915450368,0.005868270688883501,-0.007795194050953622,-0.0035486696626361,0.0012798670642518671,0.003218211985460032,0.003374085940392522,0.0023548487150858006,0.0022574323257357,-0.009513691492628889,-0.0032346757072403117,-0.004063461472126512,-0.018475284454253584,0.0,0.9997555773020501
0.3399999999999999,0.0015777656484557176,0.0,0.00019772006177569851,0.0012359526643755184,-0.0012607599327747162,-0.0012766556899753165,-0.002924790531229417,-0.000605519134386333,-0.00046667082261928327,0.0005712082564550002,-0.0015069485087551603,0.0007922692388917333,0.0001677159940625666,-0.00012627687191950007,0.0007924624766176665,-0.0021415441874286898,-8.75414078934128e-05,0.0008563996430171838,0.00019772006177569851,-0.0012359526643755184,0.24073725943766663,0.0,0.2717766986914834,-0.06705806590242666,0.032349972835333606,0.02231063999687283,0.023721470309208837,-0.016491393662049283,-3.226312896713338e-05,-0.0003239809363355169,0.01092774269543072,-0.001850445256200433,-0.0013220231849470465,-0.019853326717603165,-0.041342480833845,-0.02366025277783055,-0.0012607599327747162,0.0012766556899753165,0.2717766986914834,0.06705806590242666,0.47681008612761666,0.0,0.023080364180433147,0.060880172744045,0.03326249926283817,-0.018893926741313304,-0.010127844915664385,-0.005769733592163334,-0.00686449276188652,0.0068619335388287826,0.018390195312768844,-0.019176338325630603,-0.03053480256719767,-0.006143113302920149,-0.002924790531229417,0.000605519134386333,0.032349972835333606,-0.02231063999687283,0.023080364180433147,-0.060880172744045,0.3573403622580667,0.0,0.06355465496596165,0.02286489793323718,0.0013303146330528003,0.003440395992243568,0.008170216585982267,0.005187910450422151,-0.010368335795846836,-0.001029564621887417,-0.007868663221341086,0.0033395941480717285,-0.00046667082261928327,-0.0005712082564550002,0.023721470309208837,0.016491393662049283,0.03326249926283817,0.018893926741313304,0.06355465496596165,-0.02286489793323718,0.09867524160732835,0.0,0.04924055757007834,0.006696709659476151,0.017700639287969996,-0.01227341043699443,0.08826353836481332,0.02250531513708817,0.0012977849896061004,-0.003097729635686159,-0.0015069485087551603,-0.0007922692388917333,-3.226312896713338e-05,0.0003239809363355169,-0.010127844915664385,0.005769733592163334,0.0013303146330528003,-0.003440395992243568,0.04924055757007834,-0.006696709659476151,-0.1246382159955,0.0,-0.09245036529426005,-0.00039748849995470035,0.017332930181412166,-0.005548253161113267,0.0034144022821929795,-0.002312641383555966,0.0001677159940625666,0.00012627687191950007,0.01092774269543072,0.001850445256200433,-0.00686449276188652,-0.0068619335388287826,0.008170216585982267,-0.005187910450422151,0.017700639287969996,0.01227341043699443,-0.09245036529426005,0.00039748849995470035,0.007378511760238016,0.0,-0.02740890769235334,0.030044747377380006,0.0021994480561741995,0.00951806694222405,0.0007924624766176665,0.0021415441874286898,-0.0013220231849470465,0.019853326717603165,0.018390195312768844,0.019176338325630603,-0.010368335795846836,0.001029564621887417,0.08826353836481332,-0.02250531513708817,0.017332930181412166,0.005548253161113267,-0.02740890769235334,-0.030044747377380006,-0.03924651184141666,0.0,-0.0032613915603977002,0.0041281300328814005,-8.75414078934128e-05,-0.0008563996430171838,-0.041342480833845,0.02366025277783055,-0.03053480256719767,0.006143113302920149,-0.007868663221341086,-0.0033395941480717285,0.0012977849896061004,0.003097729635686159,0.0034144022821929795,0.002312641383555966,0.0021994480561741995,-0.00951806694222405,-0.0032613915603977002,-0.0041281300328814005,-0.018879105241788152,0.0,0.9997553937606832
0.341,0.0015775821043425163,0.0,-0.0009798327240792368,-0.0007771776701434833,0.0017275189177856003,1.1241826850832427e-06,0.002349238824682402,-0.0018284423939936164,-0.00011885761274636671,-0.0007688596468284985,0.0005427794284765616,-0.0016460235931163665,-1.0227324191997387e-05,0.00023581827060673325,0.000940404871179416,0.002086772283561992,-0.00048291022856698334,-0.0007213478707036333,-0.0009798327240792368,0.0007771776701434833,0.23842642748766665,0.0,0.27142910068883336,-0.06738152691825999,0.032086960239654336,0.022333765552702334,0.02364710637314533,-0.016298756008517965,-0.00022360204778918354,-0.00036822991835699947,0.011137450387898876,-0.0018059478831802997,-0.001148361721078233,-0.01961870062084183,-0.04089913012596166,-0.02371374393772684,0.0017275189177856003,-1.1241826850832427e-06,0.27142910068883336,0.06738152691825999,0.4786776444548834,0.0,0.02300472470168035,0.06113562343388334,0.03333108326395366,-0.01891775743230006,-0.010303586348798167,-0.005917253501673307,-0.006683372035312066,0.006941765218992,0.01853453695513567,-0.01923316145472498,-0.03013839558493617,-0.006385023499815584,0.002349238824682402,0.0018284423939936164,0.032086960239654336,-0.022333765552702334,0.02300472470168035,-0.06113562343388334,0.35860517430605005,0.0,0.06374425631314333,0.022829709403649836,0.0012539043406455334,0.003239847718016734,0.008330149063630266,0.005244933682811034,-0.010373880315258823,-0.0009260287692313113,-0.007895094181009631,0.003117508174495183,-0.00011885761274636671,0.0007688596468284985,0.02364710637314533,0.016298756008517965,0.03333108326395366,0.01891775743230006,0.06374425631314333,-0.022829709403649836,0.09878160240556835,0.0,0.04936900904898166,0.0066630714275983,0.017750316215758868,-0.012196148678731629,0.08835650440591498,0.0226225316406805,0.0013118525972240168,-0.002993732441955288,0.0005427794284765616,0.0016460235931163665,-0.00022360204778918354,0.00036822991835699947,-0.010303586348798167,0.005917253501673307,0.0012539043406455334,-0.003239847718016734,0.04936900904898166,-0.0066630714275983,-0.12480352627228332,0.0,-0.09247553950949501,-0.00047681162908789923,0.01738740029051717,-0.005508844158067533,0.003453983386119192,-0.002262349996371167,-1.0227324191997387e-05,-0.00023581827060673325,0.011137450387898876,0.0018059478831802997,-0.006683372035312066,-0.006941765218992,0.008330149063630266,-0.005244933682811034,0.017750316215758868,0.012196148678731629,-0.09247553950949501,0.00047681162908789923,0.0071398243522992335,0.0,-0.027474310063165,0.02997983769475667,0.0021233842369393166,0.009516466553711833,0.000940404871179416,-0.002086772283561992,-0.001148361721078233,0.01961870062084183,0.01853453695513567,0.01923316145472498,-0.010373880315258823,0.0009260287692313113,0.08835650440591498,-0.0226225316406805,0.01738740029051717,0.005508844158067533,-0.027474310063165,-0.02997983769475667,-0.03936423392226332,0.0,-0.003296489821669392,0.004215362819921049,-0.00048291022856698334,0.0007213478707036333,-0.04089913012596166,0.02371374393772684,-0.03013839558493617,0.006385023499815584,-0.007895094181009631,-0.003117508174495183,0.0013118525972240168,0.002993732441955288,0.003453983386119192,0.002262349996371167,0.0021233842369393166,-0.009516466553711833,-0.003296489821669392,-0.004215362819921049,-0.019285284706850096,0.0,0.9997552102095001
0.34199999999999986,0.0015773985514041665,0.0,0.0012266597804064668,-9.426052270109196e-05,-0.0011903611242518998,0.0011907964004720163,-0.00011456022464551684,0.0029815643030317003,0.0006620678491846668,0.00044887658134215027,0.0007767198396693384,0.0015814803620582483,-0.0001785042227291165,-0.00018481996188643356,-0.002140708157044933,-0.0008279321799710166,0.0008537695914622499,0.00025065330343925,0.0012266597804064668,9.426052270109196e-05,0.23610692908771672,0.0,0.2710804450625001,-0.06764079168416663,0.0318645603753565,0.0223577444123705,0.02360346438106533,-0.01610230564720657,-0.0004164322324080168,-0.0004038500925793172,0.011347691324653067,-0.001771529481938417,-0.0009573753159002002,-0.01938026003909784,-0.04044880095936832,-0.02372680551736066,-0.0011903611242518998,-0.0011907964004720163,0.2710804450625001,0.06764079168416663,0.48055335845538333,0.0,0.022954610516700943,0.061409241253758344,0.033351914920011334,-0.018934088885508498,-0.010434917288379334,-0.0060907792671173015,-0.006495239056667767,0.006992649519973021,0.018648911830503507,-0.01928716084407966,-0.029739193536249667,-0.006531437537512999,-0.00011456022464551684,-0.0029815643030317003,0.0318645603753565,-0.0223577444123705,0.022954610516700943,-0.061409241253758344,0.3598721851881166,0.0,0.06394610807497335,0.022782749489137003,0.0012098644369880748,0.0030519968825503878,0.008431534842207267,0.005281808234091334,-0.010377130679875635,-0.0008732461759918834,-0.007906096026940033,0.0029090924750534157,0.0006620678491846668,-0.00044887658134215027,0.02360346438106533,0.01610230564720657,0.033351914920011334,0.018934088885508498,0.06394610807497335,-0.022782749489137003,0.09889069944345001,0.0,0.049492472489548335,0.006635864802617501,0.017788253812929353,-0.012104129389784267,0.08844530677288999,0.02270843561127034,0.0013126011264679971,-0.0029060930059106667,0.0007767198396693384,-0.0015814803620582483,-0.0004164322324080168,0.0004038500925793172,-0.010434917288379334,0.0060907792671173015,0.0012098644369880748,-0.0030519968825503878,0.049492472489548335,-0.006635864802617501,-0.1249653863150833,0.0,-0.09248954208698668,-0.0005624269757497714,0.017434984128616503,-0.005472511675762167,0.0035006109338191344,-0.0021952799318552024,-0.0001785042227291165,0.00018481996188643356,0.011347691324653067,0.001771529481938417,-0.006495239056667767,-0.006992649519973021,0.008431534842207267,-0.005281808234091334,0.017788253812929353,0.012104129389784267,-0.09248954208698668,0.0005624269757497714,0.006898424106883768,0.0,-0.027551375504058336,0.02992704778073333,0.002044019905770667,0.009494863618884733,-0.002140708157044933,0.0008279321799710166,-0.0009573753159002002,0.01938026003909784,0.018648911830503507,0.01928716084407966,-0.010377130679875635,0.0008732461759918834,0.08844530677288999,-0.02270843561127034,0.017434984128616503,0.005472511675762167,-0.027551375504058336,-0.02992704778073333,-0.03948567691884166,0.0,-0.0033519839887922844,0.004320178095480899,0.0008537695914622499,-0.00025065330343925,-0.04044880095936832,0.02372680551736066,-0.029739193536249667,0.006531437537512999,-0.007906096026940033,-0.0029090924750534157,0.0013126011264679971,0.0029060930059106667,0.0035006109338191344,0.0021952799318552024,0.002044019905770667,-0.009494863618884733,-0.0033519839887922844,-0.004320178095480899,-0.019692904949872428,0.0,0.9997550266490663
0.343,0.001577215003115533,0.0,-0.0008111800703467138,0.0008841209961101001,1.0549445892666731e-05,-0.0016543172879165285,-0.002210408791174334,-0.002020584664393975,-0.0008070318513252501,0.00016936614827802655,-0.0016786569250012001,-0.0005950541755127784,0.00025347971580813345,-5.648943267310003e-06,0.0021075747414366673,-0.0009199641753242335,-0.0008339531003984167,0.0003750020030221332,-0.0008111800703467138,-0.0008841209961101001,0.23378055995728336,0.0,0.27073598208308325,-0.06785902146385665,0.03169041216257926,0.02232751505115072,0.023570765014016,-0.015904057639086585,-0.0005906386726468001,-0.0004215629151960035,0.011568401630314386,-0.0017204680067002714,-0.0007815251645894502,-0.019129191763468,-0.04001278946513334,-0.023769817917273162,1.0549445892666731e-05,0.0016543172879165285,0.27073598208308325,0.06785902146385665,0.4824352276954,0.0,0.022952880888495335,0.06164661281251001,0.03327063219012267,-0.01891830705370592,-0.010542490638716016,-0.006244425958406316,-0.006312528773506499,0.007072770315259268,0.0187321669958415,-0.019345251992545328,-0.02935994350766733,-0.006610228169158647,-0.002210408791174334,0.002020584664393975,0.03169041216257926,-0.02232751505115072,0.022952880888495335,-0.06164661281251001,0.36114119738673345,0.0,0.06415947675535999,0.022739275589934667,0.0011773951492285832,0.002880178813979359,0.008536558882584151,0.005300671655304717,-0.010364401593542131,-0.0008562866899789666,-0.007907446125635533,0.002730052934105233,-0.0008070318513252501,-0.00016936614827802655,0.023570765014016,0.015904057639086585,0.03327063219012267,0.01891830705370592,0.06415947675535999,-0.022739275589934667,0.09900256594937834,0.0,0.04961205656119001,0.006644983963479215,0.017827245284891272,-0.011999852790940667,0.08853361611213834,0.02277060611094966,0.0012747900857117333,-0.0028206833520503165,-0.0016786569250012001,0.0005950541755127784,-0.0005906386726468001,0.0004215629151960035,-0.010542490638716016,0.006244425958406316,0.0011773951492285832,-0.002880178813979359,0.04961205656119001,-0.006644983963479215,-0.1251241362543,0.0,-0.09252036452833333,-0.0006527415356514251,0.01748218893100133,-0.005428305107908485,0.003549990105561268,-0.0021238041360486484,0.00025347971580813345,5.648943267310003e-06,0.011568401630314386,0.0017204680067002714,-0.006312528773506499,-0.007072770315259268,0.008536558882584151,-0.005300671655304717,0.017827245284891272,0.011999852790940667,-0.09252036452833333,0.0006527415356514251,0.006653896949665622,0.0,-0.02765586042672001,0.029870521521556666,0.0019861328269425165,0.009469692411069867,0.0021075747414366673,0.0009199641753242335,-0.0007815251645894502,0.019129191763468,0.0187321669958415,0.019345251992545328,-0.010364401593542131,0.0008562866899789666,0.08853361611213834,-0.02277060611094966,0.01748218893100133,0.005428305107908485,-0.02765586042672001,-0.029870521521556666,-0.03961015373365002,0.0,-0.0034174657868737443,0.004407481440440459,-0.0008339531003984167,-0.0003750020030221332,-0.04001278946513334,0.023769817917273162,-0.02935994350766733,0.006610228169158647,-0.007907446125635533,-0.002730052934105233,0.0012747900857117333,0.0028206833520503165,0.003549990105561268,0.0021238041360486484,0.0019861328269425165,-0.009469692411069867,-0.0034174657868737443,-0.004407481440440459,-0.02010152986014206,0.0,0.9997548430934834
0.3440000000000001,0.0015770314604362837,0.0,-3.554309212632986e-06,-0.0011893575277421168,0.0011421630414496337,0.0011638662916700021,0.002963097284922253,-0.0003655596740894669,0.0004600347716072499,-0.0007279855449618649,0.0016329962480899163,-0.0007407986418910164,-0.00014434271836056677,0.00018859180250771693,-0.0008666713610900501,0.002130238333032083,0.00037720635422638335,-0.0008530813791233667,-3.554309212632986e-06,0.0011893575277421168,0.23144990566293344,0.0,0.27038443482424995,-0.06801980297431333,0.03149811740273085,0.02226463366045867,0.02355741856122849,-0.01570862734552372,-0.0007516452705002418,-0.00043638931703028286,0.011793771321975982,-0.0016235957892498168,-0.0006286128503278668,-0.018871586249042168,-0.039560105719203334,-0.023839177511664165,0.0011421630414496337,-0.0011638662916700021,0.27038443482424995,0.06801980297431333,0.4843216280170666,0.0,0.022951451081039523,0.061840216769398326,0.03317749909115217,-0.018898150111855243,-0.01067088506632283,-0.006375900499016,-0.006164447236959818,0.0072111721512161065,0.018831099971493834,-0.019378198579095167,-0.028978910972487667,-0.006683344444801274,0.002963097284922253,0.0003655596740894669,0.03149811740273085,-0.02226463366045867,0.022951451081039523,-0.061840216769398326,0.3624114049284333,0.0,0.06437113985310498,0.02267563655419617,0.0011617689386958833,0.002700229935364167,0.008684979689423552,0.0053210753483014,-0.010351357202757185,-0.0008021186282308,-0.007869416188713601,0.0025708743923312503,0.0004600347716072499,0.0007279855449618649,0.02355741856122849,0.01570862734552372,0.03317749909115217,0.018898150111855243,0.06437113985310498,-0.02267563655419617,0.09911786934488001,0.0,0.04971848155952832,0.0066655900068882295,0.0178458898412815,-0.011907707414480951,0.08861591038297502,0.022836758197402336,0.0011976566492271489,-0.0027343762111373673,0.0016329962480899163,0.0007407986418910164,-0.0007516452705002418,0.00043638931703028286,-0.01067088506632283,0.006375900499016,0.0011617689386958833,-0.002700229935364167,0.04971848155952832,-0.0066655900068882295,-0.12528052269401663,0.0,-0.092573939981645,-0.0007312987926739333,0.01753884713585416,-0.005375373226418498,0.0036006860709708664,-0.0020663615271565103,-0.00014434271836056677,-0.00018859180250771693,0.011793771321975982,0.0016235957892498168,-0.006164447236959818,-0.0072111721512161065,0.008684979689423552,-0.0053210753483014,0.0178458898412815,0.011907707414480951,-0.092573939981645,0.0007312987926739333,0.0064066243946042,0.0,-0.027765626434773327,0.02979962154483233,0.0019395717604609518,0.009468212199352264,-0.0008666713610900501,-0.002130238333032083,-0.0006286128503278668,0.018871586249042168,0.018831099971493834,0.019378198579095167,-0.010351357202757185,0.0008021186282308,0.08861591038297502,-0.022836758197402336,0.01753884713585416,0.005375373226418498,-0.027765626434773327,-0.02979962154483233,-0.03973774043510668,0.0,-0.0034780955255384,0.004465303291584969,0.00037720635422638335,0.0008530813791233667,-0.039560105719203334,0.023839177511664165,-0.028978910972487667,0.006683344444801274,-0.007869416188713601,-0.0025708743923312503,0.0011976566492271489,0.0027343762111373673,0.0036006860709708664,0.0020663615271565103,0.0019395717604609518,-0.009468212199352264,-0.0034780955255384,-0.004465303291584969,-0.020511541135799654,0.0,0.9997546595432164
0.3449999999999999,0.0015768479104904336,0.0,0.0008135401157771949,0.0008836789835518668,-0.0016069149557314173,1.8104963373665254e-06,-0.0016323909974716503,0.0024642773052292806,0.00021421088895560682,0.0008582617049268445,-0.0006670685953673039,0.0016793571092771503,-6.279439476500006e-05,-0.00022624219178456675,-0.000840946624646384,-0.0021378703016162828,0.0003081707675478117,0.0009002566046941534,0.0008135401157771949,-0.0008836789835518668,0.2291172399960166,0.0,0.27004009441216664,-0.06812180533923669,0.031263729197506994,0.022212532062961997,0.023596256986076865,-0.01551775373762983,-0.00091840043330021,-0.00047001181138519324,0.012011650012124108,-0.001498027681842783,-0.0004724754402133335,-0.018627020428371333,-0.039083182044115,-0.023849942558884164,-0.0016069149557314173,-1.8104963373665254e-06,0.27004009441216664,0.06812180533923669,0.4862102389395334,0.0,0.022915140609183916,0.06206387944733668,0.03318448592026384,-0.01892161077432156,-0.010813018275164251,-0.006545394553104334,-0.0060501492591415506,0.007357641772262181,0.01896481098062658,-0.01936790700181453,-0.02859590122070916,-0.006743606341790566,-0.0016323909974716503,-0.0024642773052292806,0.031263729197506994,-0.022212532062961997,0.022915140609183916,-0.06206387944733668,0.3636818012257666,0.0,0.06459686319305,0.022567751513220165,0.00117947889277045,0.0025108920423274664,0.008830231759329033,0.00534879397739955,-0.010365077584885179,-0.0006933700023897566,-0.0077861215361279,0.0024113735082537825,0.00021421088895560682,-0.0008582617049268445,0.023596256986076865,0.01551775373762983,0.03318448592026384,0.01892161077432156,0.06459686319305,-0.022567751513220165,0.09923718907743667,0.0,0.04981742747480166,0.0066566731431361515,0.017830799867353333,-0.011846891618375531,0.08869650647057667,0.022917261892525177,0.0011154045482899837,-0.0026586551876846163,-0.0006670685953673039,-0.0016793571092771503,-0.00091840043330021,0.00047001181138519324,-0.010813018275164251,0.006545394553104334,0.00117947889277045,-0.0025108920423274664,0.04981742747480166,-0.0066566731431361515,-0.12543477663315,0.0,-0.09263316049965999,-0.0007938652235974666,0.017606323387858114,-0.0053230791271093505,0.003660394814351083,-0.0020180404515922333,-6.279439476500006e-05,0.00022624219178456675,0.012011650012124108,0.001498027681842783,-0.0060501492591415506,-0.007357641772262181,0.008830231759329033,-0.00534879397739955,0.017830799867353333,0.011846891618375531,-0.09263316049965999,0.0007938652235974666,0.0061574138849818825,0.0,-0.02785735168040166,0.029735909004812665,0.0018729831078167166,0.00948691537203985,-0.000840946624646384,0.0021378703016162828,-0.0004724754402133335,0.018627020428371333,0.01896481098062658,0.01936790700181453,-0.010365077584885179,0.0006933700023897566,0.08869650647057667,-0.022917261892525177,0.017606323387858114,0.0053230791271093505,-0.02785735168040166,-0.029735909004812665,-0.03986871203131501,0.0,-0.0035396513311189664,0.004520717356955218,0.0003081707675478117,-0.0009002566046941534,-0.039083182044115,0.023849942558884164,-0.02859590122070916,0.006743606341790566,-0.0077861215361279,-0.0024113735082537825,0.0011154045482899837,0.0026586551876846163,0.003660394814351083,0.0020180404515922333,0.0018729831078167166,-0.00948691537203985,-0.0035396513311189664,-0.004520717356955218,-0.02092276638373667,0.0,0.9997544759862664
0.34600000000000003,0.0015766643435289162,0.0,-0.0012032045658090002,-9.361553160969985e-05,0.0010953373198014833,-0.0011361780573767167,-0.0008109744275162831,-0.0028141829277612174,-0.0007644593981760148,-0.0004329424250424,-0.0007039758720819767,-0.0016798360870136338,0.00022475026127249985,0.00010083525211228343,0.0020813063243299164,0.0009669098048537832,-0.0008602800344032167,-0.0004752050290893501,-0.0012032045658090002,9.361553160969985e-05,0.22678325233460006,0.0,0.26966129996839994,-0.06818117007960332,0.03102953753936471,0.022149323572282335,0.023679998002728502,-0.015327497352107535,-0.001086504539354038,-0.0005162764866017661,0.012218683532216956,-0.0013826106404598883,-0.00029264969999439494,-0.018396104046781162,-0.038614385840366666,-0.02377170107896718,0.0010953373198014833,0.0011361780573767167,0.26966129996839994,0.06818117007960332,0.4880986167372999,0.0,0.022869122101126852,0.06235204963998001,0.033254612721075334,-0.018982015158379027,-0.010923389945299395,-0.006773322493614131,-0.005937030945338873,0.00746516087246194,0.019084646792128495,-0.019336926493789385,-0.028243422909218163,-0.006738939617281215,-0.0008109744275162831,0.0028141829277612174,0.03102953753936471,-0.022149323572282335,0.022869122101126852,-0.06235204963998001,0.36495214646486673,0.0,0.06484936411347834,0.02243486507838444,0.0012123503175994691,0.002339600413948615,0.008914079211197782,0.005371030459436099,-0.010399441222538544,-0.0005908535191974068,-0.007700060398683436,0.002238138172362734,-0.0007644593981760148,0.0004329424250424,0.023679998002728502,0.015327497352107535,0.033254612721075334,0.018982015158379027,0.06484936411347834,-0.02243486507838444,0.09936050635695,0.0,0.049914077550478324,0.006630966367692317,0.01779717348983771,-0.011804840737867136,0.08876636819140334,0.022992581956027002,0.0010554991835074004,-0.0025977139000840487,-0.0007039758720819767,0.0016798360870136338,-0.001086504539354038,0.0005162764866017661,-0.010923389945299395,0.006773322493614131,0.0012123503175994691,-0.002339600413948615,0.049914077550478324,-0.006630966367692317,-0.12558665740510003,0.0,-0.092665884870745,-0.0008510501042350003,0.017669357945060398,-0.005276057919069198,0.003726984387068015,-0.0019613471531433166,0.00022475026127249985,-0.00010083525211228343,0.012218683532216956,0.0013826106404598883,-0.005937030945338873,-0.00746516087246194,0.008914079211197782,-0.005371030459436099,0.01779717348983771,0.011804840737867136,-0.092665884870745,0.0008510501042350003,0.005906483944844052,0.0,-0.027933760160938337,0.029698244553281163,0.0017825128005669836,0.009499346303544553,0.0020813063243299164,-0.0009669098048537832,-0.00029264969999439494,0.018396104046781162,0.019084646792128495,0.019336926493789385,-0.010399441222538544,0.0005908535191974068,0.08876636819140334,-0.022992581956027002,0.017669357945060398,0.005276057919069198,-0.027933760160938337,-0.029698244553281163,-0.040002774330783336,0.0,-0.0036199481530611653,0.004584072142470322,-0.0008602800344032167,0.0004752050290893501,-0.038614385840366666,0.02377170107896718,-0.028243422909218163,0.006738939617281215,-0.007700060398683436,-0.002238138172362734,0.0010554991835074004,0.0025977139000840487,0.003726984387068015,0.0019613471531433166,0.0017825128005669836,-0.009499346303544553,-0.0036199481530611653,-0.004584072142470322,-0.021333946034390337,0.0,0.9997542924116831
0.34700000000000003,0.0015764807760262835,0.0,0.0009302077806459334,-0.000752740743042883,4.210872658349985e-05,0.001540159562567803,0.00265560537430285,0.0012040911309493506,0.0008306916816662001,-0.00025088970451503996,0.0016857036440005983,0.0007052138190091337,-0.00023328467093916672,0.00010973993162598335,-0.002164185476182087,0.0007587713737856502,0.001001410879862567,-0.00021558829883936665,0.0009302077806459334,0.000752740743042883,0.2244484110295166,0.0,0.26923133747543326,-0.06820867626951,0.030829024417094505,0.022031537192041664,0.0237650535014696,-0.0151364182306775,-0.0012380156534480666,-0.0005551198008622154,0.012418676926917166,-0.0012882208215837015,-0.00010094966744731683,-0.01816198578074517,-0.03817220502359668,-0.023680105095650668,4.210872658349985e-05,-0.001540159562567803,0.26923133747543326,0.06820867626951,0.4899849041207166,0.0,0.02285138276264352,0.06265895567713166,0.03327823240724482,-0.019033674886667948,-0.011006187939923816,-0.007007467457162848,-0.005811130219234229,0.007564777283763316,0.019150643637297585,-0.019325117798934883,-0.027934623788738414,-0.0066672250481250635,0.00265560537430285,-0.0012040911309493506,0.030829024417094505,-0.022031537192041664,0.02285138276264352,-0.06265895567713166,0.3662228877077499,0.0,0.06511828856387333,0.022321033152879827,0.0012311371402048167,0.0021980040962475316,0.008959439446174762,0.0053950211770827,-0.010431069105687215,-0.0005373202711788835,-0.007644738253334399,0.002050431460032949,0.0008306916816662001,0.00025088970451503996,0.0237650535014696,0.0151364182306775,0.03327823240724482,0.019033674886667948,0.06511828856387333,-0.022321033152879827,0.09948769225212335,0.0,0.050009448318875,0.006638054635994249,0.017770519656908002,-0.011758897439383183,0.08881819144875833,0.02305618427869183,0.0010066848938714798,-0.002538717098067455,0.0016857036440005983,-0.0007052138190091337,-0.0012380156534480666,0.0005551198008622154,-0.011006187939923816,0.007007467457162848,0.0012311371402048167,-0.0021980040962475316,0.050009448318875,-0.006638054635994249,-0.12573650113186668,0.0,-0.09268391878008995,-0.0009060175629479168,0.017719369157899793,-0.0052299686285624,0.003779932772840067,-0.0018985064881835996,-0.00023328467093916672,-0.00010973993162598335,0.012418676926917166,0.0012882208215837015,-0.005811130219234229,-0.007564777283763316,0.008959439446174762,-0.0053950211770827,0.017770519656908002,0.011758897439383183,-0.09268391878008995,0.0009060175629479168,0.0056535964442860995,0.0,-0.028012739443454993,0.029676442527139166,0.001695137598481333,0.009499324976916206,-0.002164185476182087,-0.0007587713737856502,-0.00010094966744731683,0.01816198578074517,0.019150643637297585,0.019325117798934883,-0.010431069105687215,0.0005373202711788835,0.08881819144875833,-0.02305618427869183,0.017719369157899793,0.0052299686285624,-0.028012739443454993,-0.029676442527139166,-0.04013940638915167,0.0,-0.003716019173376117,0.004623308594379631,0.001001410879862567,0.00021558829883936665,-0.03817220502359668,0.023680105095650668,-0.027934623788738414,0.0066672250481250635,-0.007644738253334399,-0.002050431460032949,0.0010066848938714798,0.002538717098067455,0.003779932772840067,0.0018985064881835996,0.001695137598481333,-0.009499324976916206,-0.003716019173376117,-0.004623308594379631,-0.021743955972437497,0.0,0.9997541088371336
0.348,0.001576297219851116,0.0,-0.00015978211962646647,0.0011852493634626332,-0.0010824267179443002,-0.0010225064745009338,-0.002634089926274149,0.0012265321303523502,-0.000395239281193005,0.0007873256296080335,-0.0016983560191952732,0.0006658068248223784,6.46908869003549e-05,-0.0002621424297746834,0.0010092770302352503,-0.0020605616076336494,-0.0006429913863366248,0.00084407479645503,-0.00015978211962646647,-0.0011852493634626332,0.22211467236215002,0.0,0.26877883761430005,-0.06817566812604665,0.030634624562598002,0.0218894380277695,0.02383270624878377,-0.014941041986554491,-0.0013701159375014667,-0.0005919902166337133,0.012614925110988502,-0.0011991396454574164,8.61574354190334e-05,-0.01791594527056933,-0.037733397124835005,-0.023638443264750335,-0.0010824267179443002,0.0010225064745009338,0.26877883761430005,0.06817566812604665,0.49186745422995,0.0,0.022856376695298438,0.062934545955515,0.03324983262915633,-0.019065033521447734,-0.011115750014267364,-0.0072032648768634334,-0.005688692806961867,0.007706576389374384,0.019193534017613163,-0.019328520372272836,-0.02762916521055233,-0.006586434914675186,-0.002634089926274149,-0.0012265321303523502,0.030634624562598002,-0.0218894380277695,0.022856376695298438,-0.062934545955515,0.36749461286679996,0.0,0.06537628776782668,0.02223483840336433,0.001242894408853875,0.002072195777696717,0.00903110439640727,0.005450187695237284,-0.010467016814948767,-0.0005017096289538167,-0.0075959023932601856,0.0018566769670917498,-0.000395239281193005,-0.0007873256296080335,0.02383270624878377,0.014941041986554491,0.03324983262915633,0.019065033521447734,0.06537628776782668,-0.02223483840336433,0.09961928026462334,0.0,0.05010618625577498,0.006687903816073932,0.017750443866802152,-0.01170139888722328,0.08885169213417506,0.023131582885584496,0.0009493918224288499,-0.0024691821177467124,-0.0016983560191952732,-0.0006658068248223784,-0.0013701159375014667,0.0005919902166337133,-0.011115750014267364,0.0072032648768634334,0.001242894408853875,-0.002072195777696717,0.05010618625577498,-0.006687903816073932,-0.12588564957673334,0.0,-0.0927224498285383,-0.0009438018540093,0.017770027663392186,-0.00517991648994515,0.0038041384738935666,-0.0018453975712776106,6.46908869003549e-05,0.0002621424297746834,0.012614925110988502,0.0011991396454574164,-0.005688692806961867,-0.007706576389374384,0.00903110439640727,-0.005450187695237284,0.017750443866802152,0.01170139888722328,-0.0927224498285383,0.0009438018540093,0.0053990078682123665,0.0,-0.028086841495119995,0.029646472853932838,0.001629372989890116,0.00950274994655075,0.0010092770302352503,0.0020605616076336494,8.61574354190334e-05,0.01791594527056933,0.019193534017613163,0.019328520372272836,-0.010467016814948767,0.0005017096289538167,0.08885169213417506,-0.023131582885584496,0.017770027663392186,0.00517991648994515,-0.028086841495119995,-0.029646472853932838,-0.04027885681644166,0.0,-0.003798982948039717,0.004620120726343701,-0.0006429913863366248,-0.00084407479645503,-0.037733397124835005,0.023638443264750335,-0.02762916521055233,0.006586434914675186,-0.0075959023932601856,-0.0018566769670917498,0.0009493918224288499,0.0024691821177467124,0.0038041384738935666,0.0018453975712776106,0.001629372989890116,-0.00950274994655075,-0.003798982948039717,-0.004620120726343701,-0.0221528931448865,0.0,0.9997539252738998
0.34900000000000014,0.0015761136719013333,0.0,-0.0007072262277694834,-0.000995441416346107,0.0014186545126421502,-4.788818587893339e-05,0.0007726202400951635,-0.0027862882731185834,-0.0003195536159284267,-0.0008488746581513334,0.0007688782198787667,-0.0016552891738182219,0.00017316967039159985,0.0002366695302318501,0.0007164002527964669,0.002187681524611057,-6.273178195662157e-05,-0.0010842711834516798,-0.0007072262277694834,0.000995441416346107,0.21978579305685003,0.0,0.2683418858712,-0.06803534960931165,0.030416124846994495,0.02180074258520849,0.023905992456334686,-0.014739554514971172,-0.0014934774593050113,-0.000658194407756533,0.012807795864472294,-0.0011126382386143668,0.0002772857757902197,-0.017667957367456834,-0.03728007260256332,-0.023606129094236497,0.0014186545126421502,4.788818587893339e-05,0.2683418858712,0.06803534960931165,0.4937432468553999,0.0,0.022856398267337284,0.06319504942688332,0.03325318990968866,-0.01911101747114658,-0.011263808787117881,-0.007383398450841314,-0.005571226962457951,0.00787401734198558,0.019264044758650165,-0.01930594921190997,-0.027295250563343008,-0.006522066354547124,0.0007726202400951635,0.0027862882731185834,0.030416124846994495,-0.02180074258520849,0.022856398267337284,-0.06319504942688332,0.3687673783801499,0.0,0.06561689691252333,0.022141455412363165,0.0012770109067383668,0.0019499854477641994,0.009134326982421533,0.005539848502167617,-0.010532997586369747,-0.00045484407416581014,-0.007508839192077167,0.0016632597888067344,-0.0003195536159284267,0.0008488746581513334,0.023905992456334686,0.014739554514971172,0.03325318990968866,0.01911101747114658,0.06561689691252333,-0.022141455412363165,0.09975613310535833,0.0,0.05021243269570667,0.006738065226479599,0.017718970056526933,-0.011636981346778598,0.08887275038545164,0.023226925936604675,0.0008950799983570416,-0.0023878606437738497,0.0007688782198787667,0.0016552891738182219,-0.0014934774593050113,0.000658194407756533,-0.011263808787117881,0.007383398450841314,0.0012770109067383668,-0.0019499854477641994,0.05021243269570667,-0.006738065226479599,-0.12603545773491664,0.0,-0.09278040819616501,-0.0009560317198678497,0.017834811847785164,-0.005129507993388083,0.0038068866521538502,-0.0018011791556022717,0.00017316967039159985,-0.0002366695302318501,0.012807795864472294,0.0011126382386143668,-0.005571226962457951,-0.00787401734198558,0.009134326982421533,-0.005539848502167617,0.017718970056526933,0.011636981346778598,-0.09278040819616501,0.0009560317198678497,0.0051436969342011,0.0,-0.028127671883315004,0.0296013121691315,0.0015750690617913731,0.009513677268619082,0.0007164002527964669,-0.002187681524611057,0.0002772857757902197,0.017667957367456834,0.019264044758650165,0.01930594921190997,-0.010532997586369747,0.00045484407416581014,0.08887275038545164,-0.023226925936604675,0.017834811847785164,0.005129507993388083,-0.028127671883315004,-0.0296013121691315,-0.04042191315691001,0.0,-0.003855810772520616,0.0046067355196281684,-6.273178195662157e-05,0.0010842711834516798,-0.03728007260256332,0.023606129094236497,-0.027295250563343008,0.006522066354547124,-0.007508839192077167,-0.0016632597888067344,0.0008950799983570416,0.0023878606437738497,0.0038068866521538502,0.0018011791556022717,0.0015750690617913731,-0.009513677268619082,-0.003855810772520616,-0.0046067355196281684,-0.02256124939383634,0.0,0.9997537417181831
0.3500000000000002,0.0015759301159449166,0.0,0.0012230087771694,0.00024616003834876155,-0.0009065554645722665,0.0009899348575876333,0.0016356755679203998,0.0023762924048458495,0.0008538195900230168,0.00033770164090629314,0.0005957899974236832,0.0017394800719552337,-0.00032005065967148985,-4.398080779641339e-05,-0.0020434001022881505,-0.0010865120664944998,0.0007694778378714099,0.0008001082324558001,0.0012230087771694,-0.00024616003834876155,0.2174655665745333,0.0,0.26794866101274994,-0.06777906140724836,0.03018774380957017,0.02177804420064751,0.02399918507679046,-0.0145354833717975,-0.001605983196683899,-0.0007598197005911331,0.013005091173682383,-0.0010492138310022948,0.0004896594052420251,-0.017425391642231166,-0.03683620008465332,-0.023526261181032328,-0.0009065554645722665,-0.0009899348575876333,0.26794866101274994,0.06777906140724836,0.4956079175361667,0.0,0.022861537102949518,0.06349048531691669,0.03329700590957033,-0.019191542744264347,-0.011398918143794156,-0.007584447177782167,-0.005423284752805719,0.008019976977231983,0.019355967528910792,-0.019250137315049563,-0.02696243610641851,-0.006437961532370916,0.0016356755679203998,-0.0023762924048458495,0.03018774380957017,-0.02177804420064751,0.022861537102949518,-0.06349048531691669,0.3700411766539667,0.0,0.06586486370495166,0.022032739762265326,0.0013323408612694503,0.0018354940978634498,0.009216360446212348,0.005615583599926252,-0.0106155547171804,-0.00042510305039911666,-0.007381912384229492,0.001463834473208167,0.0008538195900230168,-0.00033770164090629314,0.02399918507679046,0.0145354833717975,0.03329700590957033,0.019191542744264347,0.06586486370495166,-0.022032739762265326,0.09989841804128166,0.0,0.05033185016623166,0.006762612756534529,0.017679150944284863,-0.011564239796385833,0.08890267457096833,0.02332056681772016,0.0008632184147175334,-0.002303794180925485,0.0005957899974236832,-0.0017394800719552337,-0.001605983196683899,0.0007598197005911331,-0.011398918143794156,0.007584447177782167,0.0013323408612694503,-0.0018354940978634498,0.05033185016623166,-0.006762612756534529,-0.12618624794841668,0.0,-0.09283433814536335,-0.0009598965063966661,0.01790651376618705,-0.005087482983313165,0.0038033723875223998,-0.0017457663177222183,-0.00032005065967148985,4.398080779641339e-05,0.013005091173682383,0.0010492138310022948,-0.005423284752805719,-0.008019976977231983,0.009216360446212348,-0.005615583599926252,0.017679150944284863,0.011564239796385833,-0.09283433814536335,0.0009598965063966661,0.004888365892812171,0.0,-0.028138673791701672,0.029554351766003503,0.001518424962519935,0.009515222266845366,-0.0020434001022881505,0.0010865120664944998,0.0004896594052420251,0.017425391642231166,0.019355967528910792,0.019250137315049563,-0.0106155547171804,0.00042510305039911666,0.08890267457096833,-0.02332056681772016,0.01790651376618705,0.005087482983313165,-0.028138673791701672,-0.029554351766003503,-0.04056882279062835,0.0,-0.003908815271749483,0.0046184166541056995,0.0007694778378714099,-0.0008001082324558001,-0.03683620008465332,0.023526261181032328,-0.02696243610641851,0.006437961532370916,-0.007381912384229492,-0.001463834473208167,0.0008632184147175334,0.002303794180925485,0.0038033723875223998,0.0017457663177222183,0.001518424962519935,-0.009515222266845366,-0.003908815271749483,-0.0046184166541056995,-0.022968745920723663,0.0,0.9997535581545832
0.3509999999999994,0.0015757465548373502,0.0,-0.00105639955879065,0.0006610442342856166,-5.348373730478303e-05,-0.001279936910145133,-0.0028825801543451495,-0.00025950416947188366,-0.00082491825411059,0.00040143656648033353,-0.001652670690536238,-0.0008425338522474635,0.0002807080466420601,-0.0002034193423875165,0.0022314152779264107,-0.0006422353184707836,-0.0011361206452582668,-0.0001137170604593617,-0.00105639955879065,-0.0006610442342856166,0.21515725575921663,0.0,0.26754987358051674,-0.06742160733438332,0.029966777271155504,0.021756477105983163,0.024088982713253233,-0.014333079276451798,-0.0016934483915718925,-0.0008586829020981012,0.013216515768730954,-0.0010113131598029831,0.000712721959576697,-0.017179226240044025,-0.036413982155983335,-0.023421536361967008,-5.348373730478303e-05,0.001279936910145133,0.26754987358051674,0.06742160733438332,0.4974570809287501,0.0,0.022901754968543703,0.06379503899251833,0.03327718060440783,-0.019269286666044598,-0.011492345891903752,-0.007786602394200567,-0.005219820437860965,0.008158722664499015,0.01942003813742414,-0.019198057710402,-0.026659179252039995,-0.006302010635059896,-0.0028825801543451495,0.00025950416947188366,0.029966777271155504,-0.021756477105983163,0.022901754968543703,-0.06379503899251833,0.37131631502401663,0.0,0.06612486073856666,0.021939559128017462,0.0013856093266747947,0.0017339629227532672,0.009267437806380932,0.005635169946341801,-0.010668487861196334,-0.0004450954725667333,-0.007250589608711638,0.0012531435236601337,-0.00082491825411059,-0.00040143656648033353,0.024088982713253233,0.014333079276451798,0.03327718060440783,0.019269286666044598,0.06612486073856666,-0.021939559128017462,0.10004536957565831,0.0,0.05044394680657165,0.00678580814175621,0.017651520707057167,-0.01147409574458572,0.08893382725933831,0.02338701111800018,0.0008387155537504002,-0.0022278730049847028,-0.001652670690536238,0.0008425338522474635,-0.0016934483915718925,0.0008586829020981012,-0.011492345891903752,0.007786602394200567,0.0013856093266747947,-0.0017339629227532672,0.05044394680657165,-0.00678580814175621,-0.12633758315719998,0.0,-0.09286683623086166,-0.0009773760302229503,0.017965024074617,-0.0050546796123247684,0.0037968117654295346,-0.001675423140238883,0.0002807080466420601,0.0002034193423875165,0.013216515768730954,0.0010113131598029831,-0.005219820437860965,-0.008158722664499015,0.009267437806380932,-0.005635169946341801,0.017651520707057167,0.01147409574458572,-0.09286683623086166,0.0009773760302229503,0.004632913465836477,0.0,-0.02815485492775166,0.02950673531243967,0.001466344081428803,0.00949978487928605,0.0022314152779264107,0.0006422353184707836,0.000712721959576697,0.017179226240044025,0.01942003813742414,0.019198057710402,-0.010668487861196334,0.0004450954725667333,0.08893382725933831,-0.02338701111800018,0.017965024074617,0.0050546796123247684,-0.02815485492775166,-0.02950673531243967,-0.040719084547545005,0.0,-0.003981647672679378,0.004639031877727484,-0.0011361206452582668,0.0001137170604593617,-0.036413982155983335,0.023421536361967008,-0.026659179252039995,0.006302010635059896,-0.007250589608711638,-0.0012531435236601337,0.0008387155537504002,0.0022278730049847028,0.0037968117654295346,0.001675423140238883,0.001466344081428803,-0.00949978487928605,-0.003981647672679378,-0.004639031877727484,-0.0233746390171755,0.0,0.9997533745864334
0.3520000000000002,0.0015755630029568332,0.0,0.0003113501437158866,-0.0011871647582406184,0.0009009934868124404,0.000867099555575902,0.0020538084159122173,-0.0020552564230900336,0.00027732518803533305,-0.0008880584958837433,0.0017809547900817827,-0.0005396392560439666,-5.705415032223338e-05,0.00035806632011660015,-0.0011456915573526897,0.0020157888833726,0.0009623304688994169,-0.0006702038405756931,0.0003113501437158866,0.0011871647582406184,0.2128643662640333,0.0,0.26715620590813327,-0.06697505731071333,0.029746195526769333,0.021707796171762602,0.02416347739801022,-0.014133579609906181,-0.001750995029725433,-0.0009240189976798265,0.013441855345118735,-0.0009653073379335666,0.0009156472668856438,-0.016921244812971182,-0.03599178663334001,-0.023357783938424335,0.0009009934868124404,-0.000867099555575902,0.26715620590813327,0.06697505731071333,0.49928731661144987,0.0,0.02298435066783216,0.06404535767302666,0.033150021052438,-0.01930202444471701,-0.0115897936496041,-0.007957604051140984,-0.004992358523755218,0.008345981726418499,0.019456205981437418,-0.01916795059984876,-0.026360816798371493,-0.0061368522543599376,0.0020538084159122173,0.0020552564230900336,0.029746195526769333,-0.021707796171762602,0.02298435066783216,-0.06404535767302666,0.3725930068100834,0.0,0.06638950873477667,0.021875427320972866,0.001437008628866258,0.0016448829214593765,0.009352203572611401,0.0056262043264056665,-0.010694643449323553,-0.0004886121589730164,-0.007129294879559705,0.001045822495955565,0.00027732518803533305,0.0008880584958837433,0.02416347739801022,0.014133579609906181,0.033150021052438,0.01930202444471701,0.06638950873477667,-0.021875427320972866,0.10019635526682999,0.0,0.050539015811768326,0.0068350367305214325,0.017642760088357794,-0.01137082923946997,0.08895734442899503,0.02343790307446667,0.0007870110704745335,-0.0021676325104512833,0.0017809547900817827,0.0005396392560439666,-0.001750995029725433,0.0009240189976798265,-0.0115897936496041,0.007957604051140984,0.001437008628866258,-0.0016448829214593765,0.050539015811768326,-0.0068350367305214325,-0.12648930029066663,0.0,-0.09290871720237998,-0.001006212507336583,0.018015376720639832,-0.005024746030847301,0.0037883898758401995,-0.001610547731987665,-5.705415032223338e-05,-0.00035806632011660015,0.013441855345118735,0.0009653073379335666,-0.004992358523755218,-0.008345981726418499,0.009352203572611401,-0.0056262043264056665,0.017642760088357794,0.01137082923946997,-0.09290871720237998,0.001006212507336583,0.0043770572343669175,0.0,-0.02819823562643001,0.029449042190154824,0.001431353054570635,0.009488602172029369,-0.0011456915573526897,-0.0020157888833726,0.0009156472668856438,0.016921244812971182,0.019456205981437418,0.01916795059984876,-0.010694643449323553,0.0004886121589730164,0.08895734442899503,-0.02343790307446667,0.018015376720639832,0.005024746030847301,-0.02819823562643001,-0.029449042190154824,-0.04087232263103833,0.0,-0.004061607974417815,0.004635525469671533,0.0009623304688994169,0.0006702038405756931,-0.03599178663334001,0.023357783938424335,-0.026360816798371493,0.0061368522543599376,-0.007129294879559705,-0.001045822495955565,0.0007870110704745335,0.0021676325104512833,0.0037883898758401995,0.001610547731987665,0.001431353054570635,-0.009488602172029369,-0.004061607974417815,-0.004635525469671533,-0.02377885124077833,0.0,0.9997531910268666
0.35300000000000026,0.001575379461523883,0.0,0.0005812147560449666,0.0010713974302192667,-0.00123800164251055,-7.633677119816549e-06,0.0002526125500996865,0.0028884178796950368,0.00046477758081655987,0.0008370064228914316,-0.0009201497331903368,0.00161398587982462,-0.00023268361323955004,-0.00029905411014411674,-0.0005758250873611664,-0.0022337262585636055,-0.000287478905528245,0.0011550294094208832,0.0005812147560449666,-0.0010713974302192667,0.21059129066691662,0.0,0.26677460421676663,-0.06641736857339833,0.029500063815704504,0.021670721793472455,0.02424841588563379,-0.013926829231078547,-0.0017886841642650998,-0.0009771029308550832,0.013662527777482293,-0.0008838964653579165,0.0010900305983937997,-0.016655446112343618,-0.035546576543816676,-0.023324492639403997,-0.00123800164251055,7.633677119816549e-06,0.26677460421676663,0.06641736857339833,0.501095385474,0.0,0.0230787336766515,0.06422297478029,0.033005127001911334,-0.0192929167428159,-0.011728218860507834,-0.008116688753087315,-0.004792601124587261,0.0085846386767883,0.019512356121031922,-0.01911750043550003,-0.026021141783364787,-0.005978663658304501,0.0002526125500996865,-0.0028884178796950368,0.029500063815704504,-0.021670721793472455,0.0230787336766515,-0.06422297478029,0.3738706737928499,0.0,0.06665347740284165,0.021799792108133806,0.0015051140689625931,0.0015628783429038166,0.00950570882438245,0.005638552867780101,-0.010746361027258915,-0.0005087124415398167,-0.006984385232002197,0.0008707789177191835,0.00046477758081655987,-0.0008370064228914316,0.02424841588563379,0.013926829231078547,0.033005127001911334,0.0192929167428159,0.06665347740284165,-0.021799792108133806,0.10035158609875332,0.0,0.05062202276771,0.0068862911023079626,0.01762503672610745,-0.011271470412712146,0.08895395407609502,0.023488470179551166,0.0007047777828480085,-0.0021195322855751333,-0.0009201497331903368,-0.00161398587982462,-0.0017886841642650998,0.0009771029308550832,-0.011728218860507834,0.008116688753087315,0.0015051140689625931,-0.0015628783429038166,0.05062202276771,-0.0068862911023079626,-0.12664167736705004,0.0,-0.09296539958990506,-0.0010293805133321382,0.01807734736401917,-0.004993224663715785,0.003790600608332917,-0.0015647487113545331,-0.00023268361323955004,0.00029905411014411674,0.013662527777482293,0.0008838964653579165,-0.004792601124587261,-0.0085846386767883,0.00950570882438245,-0.005638552867780101,0.01762503672610745,0.011271470412712146,-0.09296539958990506,0.0010293805133321382,0.00412108989932975,0.0,-0.02824250465825501,0.02936774664802533,0.0014007113985259416,0.009499761846703935,-0.0005758250873611664,0.0022337262585636055,0.0010900305983937997,0.016655446112343618,0.019512356121031922,0.01911750043550003,-0.010746361027258915,0.0005087124415398167,0.08895395407609502,-0.023488470179551166,0.01807734736401917,0.004993224663715785,-0.02824250465825501,-0.02936774664802533,-0.04102876333461167,0.0,-0.00412133972207859,0.004615990519817683,-0.000287478905528245,-0.0011550294094208832,-0.035546576543816676,0.023324492639403997,-0.026021141783364787,0.005978663658304501,-0.006984385232002197,-0.0008707789177191835,0.0007047777828480085,0.0021195322855751333,0.003790600608332917,0.0015647487113545331,0.0014007113985259416,-0.009499761846703935,-0.00412133972207859,-0.004615990519817683,-0.024181957213150824,0.0,0.9997530074783835
0.35399999999999954,0.0015751959177464,0.0,-0.0011583283072784335,-0.00037505208024046663,0.0008808962860777668,-0.0008473767722024275,-0.0023548676207520336,-0.0016483845401525515,-0.0009384387584742762,-0.00023942868276623827,-0.0004440181285072165,-0.0018013682277579833,0.0003985382440541169,3.87882308954343e-05,0.0019452519333977708,0.0012116906909557838,-0.0005581310257816064,-0.0010650174390351003,-0.0011583283072784335,0.00037505208024046663,0.20834240822371664,0.0,0.26642993281180005,-0.06574504308880666,0.02922367423277249,0.021673371486598245,0.024368938378814917,-0.013712031754466347,-0.0018231912212348085,-0.0010532574491739614,0.013867960079369938,-0.0007834313821560667,0.0012598355510739965,-0.016397289936308183,-0.035108363170558335,-0.023255864129877332,0.0008808962860777668,0.0008473767722024275,0.26642993281180005,0.06574504308880666,0.5028772823701334,0.0,0.023181500556658914,0.06439201703515168,0.03294023849366683,-0.019281782522293116,-0.011863196619910137,-0.008311441974520616,-0.004625823472080803,0.008820529716071699,0.019606880411982056,-0.019016604105264498,-0.025662777314873864,-0.005821543041157633,-0.0023548676207520336,0.0016483845401525515,0.02922367423277249,-0.021673371486598245,0.023181500556658914,-0.06439201703515168,0.3751482035797332,0.0,0.06694220007261165,0.021684718198904496,0.0015917543112474338,0.0014842658515053,0.0096747107561644,0.005662349254101749,-0.010840519033204018,-0.0005011610086625668,-0.006785491985328954,0.0007350538195524003,-0.0009384387584742762,0.00023942868276623827,0.024368938378814917,0.013712031754466347,0.03294023849366683,0.019281782522293116,0.06694220007261165,-0.021684718198904496,0.10051112434449834,0.0,0.05071323181406835,0.0068983899340485195,0.017587530157784716,-0.011190208261160732,0.08893351967899833,0.0235296271696255,0.0006253850197091332,-0.0020777316743923672,-0.0004440181285072165,0.0018013682277579833,-0.0018231912212348085,0.0010532574491739614,-0.011863196619910137,0.008311441974520616,0.0015917543112474338,-0.0014842658515053,0.05071323181406835,-0.0068983899340485195,-0.12679446665591668,0.0,-0.09302080509595835,-0.0010484178999504577,0.018153547375598836,-0.004962995962165918,0.003816071790280017,-0.0015235350976939683,0.0003985382440541169,-3.87882308954343e-05,0.013867960079369938,0.0007834313821560667,-0.004625823472080803,-0.008820529716071699,0.0096747107561644,-0.005662349254101749,0.017587530157784716,0.011190208261160732,-0.09302080509595835,0.0010484178999504577,0.0038655387809814995,0.0,-0.028263210788016677,0.029275176235587504,0.0013473255207017668,0.009516463172807686,0.0019452519333977708,-0.0012116906909557838,0.0012598355510739965,0.016397289936308183,0.019606880411982056,0.019016604105264498,-0.010840519033204018,0.0005011610086625668,0.08893351967899833,-0.0235296271696255,0.018153547375598836,0.004962995962165918,-0.028263210788016677,-0.029275176235587504,-0.041188451135736666,0.0,-0.004168078698415934,0.004616615599706203,-0.0005581310257816064,0.0010650174390351003,-0.035108363170558335,0.023255864129877332,-0.025662777314873864,0.005821543041157633,-0.006785491985328954,-0.0007350538195524003,0.0006253850197091332,0.0020777316743923672,0.003816071790280017,0.0015235350976939683,0.0013473255207017668,-0.009516463172807686,-0.004168078698415934,-0.004616615599706203,-0.02458401149772899,0.0,0.9997528239278998
0.3550000000000003,0.0015750123618421998,0.0,0.0010723760713488067,-0.0005274578985903667,-3.864080990331682e-05,0.0012051562854424002,0.0027464536308725663,-0.0007337456635089165,0.0008033284059749503,-0.0005104880686080833,0.0015658763965059664,0.000982905801146737,-0.00032753753678546675,0.00026997966177183335,-0.002222801634770032,0.00046899909942371676,0.001150689403934347,0.0004383053044647729,0.0010723760713488067,0.0005274578985903667,0.20612089039801668,0.0,0.26607420557381667,-0.06497766294899834,0.028925683918349907,0.021674797581893668,0.024504706964323553,-0.013501879004217033,-0.0018612341653673292,-0.0011373666908245316,0.01406471571196798,-0.0006930102140340666,0.0014443731112575848,-0.016150258995914265,-0.03470744612046333,-0.02314038851864901,-3.864080990331682e-05,-0.0012051562854424002,0.26607420557381667,0.06497766294899834,0.50462895346135,0.0,0.023319597037467398,0.06458717364942333,0.032917523940580326,-0.019280452983995434,-0.011938388992931257,-0.008539818537567589,-0.004462398738003566,0.009027815659464105,0.019689896713078144,-0.018899209107208992,-0.025337441211404837,-0.005629759690888951,0.0027464536308725663,0.0007337456635089165,0.028925683918349907,-0.021674797581893668,0.023319597037467398,-0.06458717364942333,0.37642508580676676,0.0,0.0672605719625,0.021556396442791663,0.0016728956513643498,0.001402687711095033,0.00979868362992258,0.005651588273837549,-0.010931474916858063,-0.0004957818277171616,-0.006551901668627115,0.0006064165771716371,0.0008033284059749503,0.0005104880686080833,0.024504706964323553,0.013501879004217033,0.032917523940580326,0.019280452983995434,0.0672605719625,-0.021556396442791663,0.10067398084520167,0.0,0.05080615626772166,0.006880807369587566,0.017550564288075117,-0.01112619542246312,0.08890311366197169,0.02353864101879783,0.0005733024060315832,-0.0020442609764709666,0.0015658763965059664,-0.000982905801146737,-0.0018612341653673292,0.0011373666908245316,-0.011938388992931257,0.008539818537567589,0.0016728956513643498,-0.001402687711095033,0.05080615626772166,-0.006880807369587566,-0.1269466068707333,0.0,-0.0930499984651,-0.0010822861250194989,0.01821724854130066,-0.004936338849667613,0.0038609073272944847,-0.001470655049198425,-0.00032753753678546675,-0.00026997966177183335,0.01406471571196798,0.0006930102140340666,-0.004462398738003566,-0.009027815659464105,0.00979868362992258,-0.005651588273837549,0.017550564288075117,0.01112619542246312,-0.0930499984651,0.0010822861250194989,0.0036102422497622014,0.0,-0.028274106121079997,0.029195741155822838,0.0012657688880691063,0.009513907478695816,-0.002222801634770032,-0.00046899909942371676,0.0014443731112575848,0.016150258995914265,0.019689896713078144,0.018899209107208992,-0.010931474916858063,0.0004957818277171616,0.08890311366197169,-0.02353864101879783,0.01821724854130066,0.004936338849667613,-0.028274106121079997,-0.029195741155822838,-0.041350608157421656,0.0,-0.004232226558617422,0.004632233142472463,0.001150689403934347,-0.0004383053044647729,-0.03470744612046333,0.02314038851864901,-0.025337441211404837,0.005629759690888951,-0.006551901668627115,-0.0006064165771716371,0.0005733024060315832,0.0020442609764709666,0.0038609073272944847,0.001470655049198425,0.0012657688880691063,-0.009513907478695816,-0.004232226558617422,-0.004632233142472463,-0.02498430973048966,0.0,0.9997526403643832
0.35600000000000037,0.0015748288100000498,0.0,-0.0003835512728712632,0.0010829516644070497,-0.0008004273827976115,-0.000905571600864008,-0.0012106045878423463,0.00253665697130257,-0.0001780936720436999,0.0009163300930265037,-0.0017830866143539262,0.0003816913418583065,4.355869760123346e-05,-0.0004493427853852984,0.0012381313691427341,-0.0018710458015580738,-0.0012042955393796882,0.0004441228063061284,-0.0003835512728712632,-0.0010829516644070497,0.2039294601527666,0.0,0.26568464724220003,-0.06413608776980667,0.028618840593096703,0.021630765898049156,0.024624503700029752,-0.013307711631330559,-0.0019047262540467793,-0.0011937301092877007,0.014254762982110378,-0.0006097335840029334,0.0016330887818371833,-0.015902201511364872,-0.034322180695659996,-0.023036653062848005,-0.0008004273827976115,0.000905571600864008,0.26568464724220003,0.06413608776980667,0.5063470945838001,0.0,0.023497922231203793,0.06477952348364167,0.03284230459240868,-0.01926227596115831,-0.011977443975577819,-0.008763913840781417,-0.004299694122664867,0.009241450191708482,0.019724612744305925,-0.01881347523979,-0.0250420463540605,-0.005390704709954685,-0.0012106045878423463,-0.00253665697130257,0.028618840593096703,-0.021630765898049156,0.023497922231203793,-0.06477952348364167,0.3777014581369667,0.0,0.06758864996130001,0.021448830709916333,0.001737376822023538,0.0013158075532379502,0.009895898180675933,0.005618437803133466,-0.0109882694363613,-0.0005100047008960667,-0.006319096020105166,0.0004578396548529618,-0.0001780936720436999,-0.0009163300930265037,0.024624503700029752,0.013307711631330559,0.03284230459240868,0.01926227596115831,0.06758864996130001,-0.021448830709916333,0.10083896213738501,0.0,0.05087680643270335,0.006881414052433049,0.017529447112770668,-0.011074443386748052,0.08886577955853163,0.023519039079418342,0.0005348919057879167,-0.0020206192998029,-0.0017830866143539262,-0.0003816913418583065,-0.0019047262540467793,0.0011937301092877007,-0.011977443975577819,0.008763913840781417,0.001737376822023538,-0.0013158075532379502,0.05087680643270335,-0.006881414052433049,-0.12709730160603333,0.0,-0.09306896445890997,-0.0011336036572348817,0.018252883344482676,-0.004910603143434818,0.003907172506836236,-0.0014159947752025472,4.355869760123346e-05,0.0004493427853852984,0.014254762982110378,0.0006097335840029334,-0.004299694122664867,-0.009241450191708482,0.009895898180675933,-0.005618437803133466,0.017529447112770668,0.011074443386748052,-0.09306896445890997,0.0011336036572348817,0.0033544814698692168,0.0,-0.028302884284874995,0.029135647368794836,0.0011777004981237164,0.009499221282393352,0.0012381313691427341,0.0018710458015580738,0.0016330887818371833,0.015902201511364872,0.019724612744305925,0.01881347523979,-0.0109882694363613,0.0005100047008960667,0.08886577955853163,-0.023519039079418342,0.018252883344482676,0.004910603143434818,-0.028302884284874995,-0.029135647368794836,-0.04151422109624166,0.0,-0.004311241892251254,0.004618995077341667,-0.0012042955393796882,-0.0004441228063061284,-0.034322180695659996,0.023036653062848005,-0.0250420463540605,0.005390704709954685,-0.006319096020105166,-0.0004578396548529618,0.0005348919057879167,0.0020206192998029,0.003907172506836236,0.0014159947752025472,0.0011777004981237164,-0.009499221282393352,-0.004311241892251254,-0.004618995077341667,-0.025382305783309,0.0,0.99975245680515
0.3569999999999996,0.0015746452735976998,0.0,-0.0004607224517943164,-0.0010070600268302266,0.0012182474428359513,0.00012259766770260014,-0.0011087189221388168,-0.0025423811556105984,-0.000546472863713633,-0.00075701828320185,0.0009978025441724693,-0.0014713028197602743,0.0003137984254732833,0.00036921947548743984,0.0004432895745049835,0.002169403073683789,0.0006450307261625831,-0.0011772039111317043,-0.0004607224517943164,0.0010070600268302266,0.2017713801637167,0.0,0.26529526182480007,-0.06321289945508832,0.028315835974404756,0.02156792151705517,0.02473179916825203,-0.013122325367839449,-0.001959237910149422,-0.0012369842767281994,0.014425243579709835,-0.0005132721681529967,0.001808917684365683,-0.01564441551590185,-0.03391595540509833,-0.022978240699381335,0.0012182474428359513,-0.00012259766770260014,0.26529526182480007,0.06321289945508832,0.5080289549437667,0.0,0.023687637499914444,0.06493894556637667,0.03271682574828317,-0.01921190759443287,-0.012038558993219041,-0.008970662361462501,-0.004162551707324375,0.009485900954239032,0.019738876569955963,-0.018738627981979165,-0.0247222970869105,-0.005127498458009999,-0.0011087189221388168,0.0025423811556105984,0.028315835974404756,-0.02156792151705517,0.023687637499914444,-0.06493894556637667,0.37897752966715015,0.0,0.06790916488523499,0.021351155767855165,0.0017963968403444835,0.0012338351199988836,0.010010752679541985,0.005623389748057553,-0.01104267936623688,-0.0005335390030293348,-0.0060862722372430345,0.000311901599343433,-0.000546472863713633,0.00075701828320185,0.02473179916825203,0.013122325367839449,0.03271682574828317,0.01921190759443287,0.06790916488523499,-0.021351155767855165,0.10100605630801666,0.0,0.050921959294058315,0.006915297208820752,0.017503840879868945,-0.011031698559694618,0.08882386117006329,0.02349663005060933,0.000489270594037275,-0.001995016049020288,0.0009978025441724693,0.0014713028197602743,-0.001959237910149422,0.0012369842767281994,-0.012038558993219041,0.008970662361462501,0.0017963968403444835,-0.0012338351199988836,0.050921959294058315,-0.006915297208820752,-0.12724703806591664,0.0,-0.09310764144024168,-0.0011752539200021888,0.01828058036252133,-0.004881797263590555,0.003942092453897017,-0.0013756522924932148,0.0003137984254732833,-0.00036921947548743984,0.014425243579709835,0.0005132721681529967,-0.004162551707324375,-0.009485900954239032,0.010010752679541985,-0.005623389748057553,0.017503840879868945,0.011031698559694618,-0.09310764144024168,0.0011752539200021888,0.0030980494966393337,0.0,-0.028337400887686666,0.02907620892330016,0.0011038308258602052,0.00949181296918285,0.0004432895745049835,-0.002169403073683789,0.001808917684365683,0.01564441551590185,0.019738876569955963,0.018738627981979165,-0.01104267936623688,0.0005335390030293348,0.08882386117006329,-0.02349663005060933,0.01828058036252133,0.004881797263590555,-0.028337400887686666,-0.02907620892330016,-0.041679059163935,0.0,-0.004368349266099366,0.004570936091228799,0.0006450307261625831,0.0011772039111317043,-0.03391595540509833,0.022978240699381335,-0.0247222970869105,0.005127498458009999,-0.0060862722372430345,-0.000311901599343433,0.000489270594037275,0.001995016049020288,0.003942092453897017,0.0013756522924932148,0.0011038308258602052,-0.00949181296918285,-0.004368349266099366,-0.004570936091228799,-0.025778245361729502,0.0,0.9997522732610503
0.35800000000000026,0.0015744617487801833,0.0,0.0010073807729861217,0.0003980485095335166,-0.0009673220390168401,0.0007398711717860666,0.0026085763013855507,0.0008149551267083336,0.0009280862934096502,0.00010241851702144987,0.0002779984930680998,0.0017071960648637184,-0.0005212730010252498,-3.486429578133353e-05,-0.0018290167018547169,-0.0012144218243601282,0.0003020172034305168,0.0013614360767307003,0.0010073807729861217,-0.0003980485095335166,0.19965061215013333,0.0,0.26494782328600003,-0.06218979289613501,0.028027636005238825,0.021541798740930655,0.024845078469851702,-0.012937337079572838,-0.002027713025607047,-0.001321975605465983,0.014571293951103919,-0.00040902058496075,0.0019764655452247826,-0.01538611700092985,-0.03350469727684333,-0.022927536164800328,-0.0009673220390168401,-0.0007398711717860666,0.26494782328600003,0.06218979289613501,0.5096712272008,0.0,0.023870456986887435,0.065080642014975,0.03262110532385633,-0.019162214726483058,-0.012114040418879292,-0.009172876322545688,-0.004047491426726134,0.009730176920851352,0.019771244169975975,-0.018614821640164834,-0.02437679981329367,-0.004855721731498199,0.0026085763013855507,-0.0008149551267083336,0.028027636005238825,-0.021541798740930655,0.023870456986887435,-0.065080642014975,0.38025297409174996,0.0,0.06823172271886832,0.021231161890035,0.0018591061273546367,0.0011639652570808164,0.0101271060229061,0.00567456790505015,-0.011123460828609587,-0.0005635586047218002,-0.005829707555037018,0.00021208723023704182,0.0009280862934096502,-0.00010241851702144987,0.024845078469851702,0.012937337079572838,0.03262110532385633,0.019162214726483058,0.06823172271886832,-0.021231161890035,0.10117595324515664,0.0,0.05096863194647836,0.006949466469062368,0.017452323267211002,-0.010995669976775129,0.08878773215862167,0.023474014069836,0.0004427754113960565,-0.0019502111327380546,0.0002779984930680998,-0.0017071960648637184,-0.002027713025607047,0.001321975605465983,-0.012114040418879292,0.009172876322545688,0.0018591061273546367,-0.0011639652570808164,0.05096863194647836,-0.006949466469062368,-0.12739703013536668,0.0,-0.0931640576457,-0.0011881714357294163,0.018323291575471832,-0.0048504068401932976,0.00396395357860275,-0.001343310153114394,-0.0005212730010252498,3.486429578133353e-05,0.014571293951103919,0.00040902058496075,-0.004047491426726134,-0.009730176920851352,0.0101271060229061,-0.00567456790505015,0.017452323267211002,0.010995669976775129,-0.0931640576457,0.0011881714357294163,0.002841705445320149,0.0,-0.02834113930131,0.02900625449969917,0.0010447149628658502,0.009485432008314353,-0.0018290167018547169,0.0012144218243601282,0.0019764655452247826,0.01538611700092985,0.019771244169975975,0.018614821640164834,-0.011123460828609587,0.0005635586047218002,0.08878773215862167,-0.023474014069836,0.018323291575471832,0.0048504068401932976,-0.02834113930131,-0.02900625449969917,-0.04184531506254667,0.0,-0.004396856736254808,0.00453360271226815,0.0003020172034305168,-0.0013614360767307003,-0.03350469727684333,0.022927536164800328,-0.02437679981329367,0.004855721731498199,-0.005829707555037018,-0.00021208723023704182,0.0004427754113960565,0.0019502111327380546,0.00396395357860275,0.001343310153114394,0.0010447149628658502,-0.009485432008314353,-0.004396856736254808,-0.00453360271226815,-0.026172498954724344,0.0,0.9997520897295669
0.3590000000000005,0.0015742782184515996,0.0,-0.0009752109465689997,0.0003962449769186002,0.0001880593509885335,-0.0011672286635877665,-0.002286824406085528,0.0014378493035757999,-0.000669653892232067,0.0006162673454228497,-0.0013492237492173887,-0.00102238525270407,0.0004251693906239833,-0.00036404626284339324,0.002148035841134209,-0.00042155718657541677,-0.0011686273700916648,-0.0008545561670496499,-0.0009752109465689997,-0.0003962449769186002,0.19757052363551666,0.0,0.2646697585295999,-0.06107676101072166,0.027749609114028337,0.02155603647440634,0.024958233713100495,-0.012761677103478836,-0.0020968011916605417,-0.0014597759867804312,0.014714384326213208,-0.00032067795957083344,0.0021509089466077167,-0.015137310555575751,-0.03313413363831833,-0.022851173536746667,0.0001880593509885335,0.0011672286635877665,0.2646697585295999,0.06107676101072166,0.5112703421210333,0.0,0.024061433953600955,0.06523886228494333,0.032566718938462,-0.019158724492969233,-0.012149526905275185,-0.009363488019027583,-0.003910892363665081,0.009943656746212311,0.019807185772636147,-0.018442963416819547,-0.024073815395207834,-0.004566437698264666,-0.002286824406085528,-0.0014378493035757999,0.027749609114028337,-0.02155603647440634,0.024061433953600955,-0.06523886228494333,0.3815275037324334,0.0,0.06857438568860497,0.021102326243702167,0.0019183543268414668,0.0010939671474157334,0.010206804881364733,0.005701788687404683,-0.011191503677244198,-0.0006120574589069667,-0.005547763388948532,0.0001586152663284349,-0.000669653892232067,-0.0006162673454228497,0.024958233713100495,0.012761677103478836,0.032566718938462,0.019158724492969233,0.06857438568860497,-0.021102326243702167,0.10134853814901502,0.0,0.051035251164781685,0.006964889949852633,0.017391082444081104,-0.010962690094727168,0.08878655830734836,0.023436929602135673,0.00041138608403728323,-0.001889443701479383,-0.0013492237492173887,0.00102238525270407,-0.0020968011916605417,0.0014597759867804312,-0.012149526905275185,0.009363488019027583,0.0019183543268414668,-0.0010939671474157334,0.051035251164781685,-0.006964889949852633,-0.12754784433091662,0.0,-0.09322580692174998,-0.0011911336553640007,0.018374261891783494,-0.004821736825820124,0.003974479991526532,-0.0012989220961245232,0.0004251693906239833,0.00036404626284339324,0.014714384326213208,0.00032067795957083344,-0.003910892363665081,-0.009943656746212311,0.010206804881364733,-0.005701788687404683,0.017391082444081104,0.010962690094727168,-0.09322580692174998,0.0011911336553640007,0.0025861239213485435,0.0,-0.02832219395677016,0.028942799581958518,0.0009923101119252336,0.009464754470674899,0.002148035841134209,0.00042155718657541677,0.0021509089466077167,0.015137310555575751,0.019807185772636147,0.018442963416819547,-0.011191503677244198,0.0006120574589069667,0.08878655830734836,-0.023436929602135673,0.018374261891783494,0.004821736825820124,-0.02832219395677016,-0.028942799581958518,-0.042012635318233356,0.0,-0.004433969436236964,0.004530590429588749,-0.0011686273700916648,0.0008545561670496499,-0.03313413363831833,0.022851173536746667,-0.024073815395207834,0.004566437698264666,-0.005547763388948532,-0.0001586152663284349,0.00041138608403728323,0.001889443701479383,0.003974479991526532,0.0012989220961245232,0.0009923101119252336,-0.009464754470674899,-0.004433969436236964,-0.004530590429588749,-0.026564923936757488,0.0,0.99975190619185
0.3599999999999997,0.0015740946848596836,0.0,0.00042049639590411664,-0.000906717268960375,0.0006496304159511433,0.0009598245476978169,0.0003752360280823902,-0.0026617294205397153,-2.8170703161039553e-05,-0.0008745182634942333,0.0016480768192559672,-0.0001957772791628667,-6.333097075476671e-05,0.0005898002675121217,-0.0012227046161816869,0.0018104871533293498,0.0015014561990211663,-0.00013831417575553993,0.00042049639590411664,0.000906717268960375,0.19553371718336665,0.0,0.26441646150346665,-0.059890411855018325,0.027462336581241528,0.021571206714351,0.025045265792344226,-0.012614644831845493,-0.0021512047663200503,-0.0016006923248457587,0.014869844071651048,-0.00023900284964429992,0.00232462139840606,-0.014892512066742834,-0.032794478483561665,-0.022763947099514,0.0006496304159511433,-0.0009598245476978169,0.26441646150346665,0.059890411855018325,0.5128232339984001,0.0,0.024257682321514984,0.06539122547272166,0.032459198557838,-0.019191665462255363,-0.012141071599881766,-0.009510507717718919,-0.0037240108680871033,0.010158268599154203,0.0198004920065439,-0.018278367779309173,-0.02383877945492451,-0.004245342533587252,0.0003752360280823902,0.0026617294205397153,0.027462336581241528,-0.021571206714351,0.024257682321514984,-0.06539122547272166,0.3828013905386166,0.0,0.06892146523981499,0.021008860222421835,0.0019712092989844945,0.001015913669825555,0.010276953515520099,0.0056596698846366495,-0.011189170282471649,-0.0006774670886971265,-0.005263943312343715,0.00011309366858273823,-2.8170703161039553e-05,0.0008745182634942333,0.025045265792344226,0.012614644831845493,0.032459198557838,0.019191665462255363,0.06892146523981499,-0.021008860222421835,0.10152270266028832,0.0,0.05108954453682833,0.0069823097246497125,0.017344022904103053,-0.010927495416800633,0.08881942391500001,0.023381949297833163,0.0003865021058160502,-0.0018343665449014413,0.0016480768192559672,0.0001957772791628667,-0.0021512047663200503,0.0016006923248457587,-0.012141071599881766,0.009510507717718919,0.0019712092989844945,-0.001015913669825555,0.05108954453682833,-0.0069823097246497125,-0.12769914367875004,0.0,-0.09328125682768668,-0.0012093768467775835,0.01840891891818166,-0.004795691449282982,0.0039731051620391,-0.0012440463672492251,-6.333097075476671e-05,-0.0005898002675121217,0.014869844071651048,0.00023900284964429992,-0.0037240108680871033,-0.010158268599154203,0.010276953515520099,-0.0056596698846366495,0.017344022904103053,0.010927495416800633,-0.09328125682768668,0.0012093768467775835,0.002331142255592216,0.0,-0.028326681148400163,0.028893096223954338,0.0009502353022077835,0.009441248007347601,-0.0012227046161816869,-0.0018104871533293498,0.00232462139840606,0.014892512066742834,0.0198004920065439,0.018278367779309173,-0.011189170282471649,0.0006774670886971265,0.08881942391500001,-0.023381949297833163,0.01840891891818166,0.004795691449282982,-0.028326681148400163,-0.028893096223954338,-0.04218028532119167,0.0,-0.00450004221917155,0.004525707285480565,0.0015014561990211663,0.00013831417575553993,-0.032794478483561665,0.022763947099514,-0.02383877945492451,0.004245342533587252,-0.005263943312343715,-0.00011309366858273823,0.0003865021058160502,0.0018343665449014413,0.0039731051620391,0.0012440463672492251,0.0009502353022077835,-0.009441248007347601,-0.00450004221917155,-0.004525707285480565,-0.026955129670404497,0.0,0.9997517226506837
0.3610000000000004,0.0015739111614986002,0.0,0.00027507631221159996,0.0009040481073544335,-0.0011457199991524668,-0.00025065447155906675,0.0017934042889049668,0.0020019904703880336,0.0006605058192499602,0.0005427899660558501,-0.0010291014520877333,0.0012505352920655498,-0.00037798992035254994,-0.0004964138484773498,-0.000411746384098257,-0.002136885503375834,-0.0010614208757495356,0.0011423907143329668,0.00027507631221159996,-0.0009040481073544335,0.19354254230990003,0.0,0.26420373713516665,-0.05864957699649834,0.027169816160092997,0.0215812080728825,0.02510789534584119,-0.012502122102271836,-0.00219160826556255,-0.0017109352324924997,0.015026155435497412,-0.0001218982377347831,0.002468603124802863,-0.014645520604814003,-0.03244023278502333,-0.022694372055723833,-0.0011457199991524668,0.00025065447155906675,0.26420373713516665,0.05864957699649834,0.5143277253588666,0.0,0.024434747375118134,0.06549313219634999,0.03225748429394766,-0.01921423709809028,-0.012146803138134826,-0.009614222851285683,-0.003510801760188915,0.0104250203947511,0.019751339833253098,-0.018135986092097163,-0.023623497605558,-0.0038957225324344,0.0017934042889049668,-0.0020019904703880336,0.027169816160092997,-0.0215812080728825,0.024434747375118134,-0.06549313219634999,0.38407516562015,0.0,0.06926511919215668,0.020961606595043168,0.0020260583668266193,0.000951362098263383,0.010406808095801018,0.005599439646906053,-0.011141487548082371,-0.0007420076186035674,-0.004995159851376927,6.436297932943346e-05,0.0006605058192499602,-0.0005427899660558501,0.02510789534584119,0.012502122102271836,0.03225748429394766,0.01921423709809028,0.06926511919215668,-0.020961606595043168,0.1016976105986483,0.0,0.05110809956823167,0.0070191464466112345,0.0173089258912532,-0.010893695645551614,0.08887578111562333,0.023332605963102833,0.0003427804521428716,-0.0017984966020117117,-0.0010291014520877333,-0.0012505352920655498,-0.00219160826556255,0.0017109352324924997,-0.012146803138134826,0.009614222851285683,0.0020260583668266193,-0.000951362098263383,0.05110809956823167,-0.0070191464466112345,-0.12785067731131666,0.0,-0.09334968730194168,-0.001235260514906085,0.018434589906922164,-0.0047684225038905495,0.003964105687490499,-0.0012000047887895748,-0.00037798992035254994,0.0004964138484773498,0.015026155435497412,0.0001218982377347831,-0.003510801760188915,-0.0104250203947511,0.010406808095801018,-0.005599439646906053,0.0173089258912532,0.010893695645551614,-0.09334968730194168,0.001235260514906085,0.0020764405646557516,0.0,-0.028376525877028998,0.028842830015780006,0.0009317448340601181,0.009442605431663365,-0.000411746384098257,0.002136885503375834,0.002468603124802863,0.014645520604814003,0.019751339833253098,0.018135986092097163,-0.011141487548082371,0.0007420076186035674,0.08887578111562333,-0.023332605963102833,0.018434589906922164,0.0047684225038905495,-0.028376525877028998,-0.028842830015780006,-0.042348133214775,0.0,-0.004569137853346949,0.004489573936358017,-0.0010614208757495356,-0.0011423907143329668,-0.03244023278502333,0.022694372055723833,-0.023623497605558,0.0038957225324344,-0.004995159851376927,-6.436297932943346e-05,0.0003427804521428716,0.0017984966020117117,0.003964105687490499,0.0012000047887895748,0.0009317448340601181,-0.009442605431663365,-0.004569137853346949,-0.004489573936358017,-0.027343045967447296,0.0,0.999751539119983
0.3619999999999996,0.0015737276476046331,0.0,-0.000774562169944117,-0.00048479786316582666,0.0010019738243299834,-0.00063654509264455,-0.0026897990317595695,8.798872656720011e-05,-0.0008341351005972503,0.00013446574959015019,-0.00010911222637303818,-0.0015738014433901671,0.0006444751832616735,9.688225897988312e-05,0.0017842538468552922,0.0012305137080181666,1.679169030723001e-05,-0.0015825892208905332,-0.000774562169944117,0.00048479786316582666,0.19159923474494997,0.0,0.26403461149195,-0.057354177677598324,0.026878898460021432,0.021615780973944662,0.025179000727481818,-0.012400883517433738,-0.0022186911684817165,-0.0018155420421645167,0.015162282025237499,4.661837367965823e-05,0.0025726191545185446,-0.014400435608603187,-0.03206445017474667,-0.022620260508658663,0.0010019738243299834,0.00063654509264455,0.26403461149195,0.057354177677598324,0.5157822142670833,0.0,0.024567945209717907,0.06552316108307002,0.03204682987920216,-0.01920660435049595,-0.012194344651682992,-0.009708819381301966,-0.0033132591281673503,0.010729169387784026,0.019701629391614465,-0.01795803103888583,-0.023385605685552167,-0.0035388490946151505,-0.0026897990317595695,-8.798872656720011e-05,0.026878898460021432,-0.021615780973944662,0.024567945209717907,-0.06552316108307002,0.3853487929139333,0.0,0.06961382925842667,0.020920770241486846,0.0020874408941910613,0.0009166830105172668,0.010603672381765347,0.005585317358595112,-0.011117336218355933,-0.0008029629699918328,-0.004735129620011818,5.344067997328352e-05,-0.0008341351005972503,-0.00013446574959015019,0.025179000727481818,0.012400883517433738,0.03204682987920216,0.01920660435049595,0.06961382925842667,-0.020920770241486846,0.10187331397125338,0.0,0.05111209095841667,0.0070547481653843724,0.01725768180781192,-0.010871233411607286,0.08892688670186337,0.023296396766455837,0.00027187256972391663,-0.0017733319568195,-0.00010911222637303818,0.0015738014433901671,-0.0022186911684817165,0.0018155420421645167,-0.012194344651682992,0.009708819381301966,0.0020874408941910613,-0.0009166830105172668,0.05111209095841667,-0.0070547481653843724,-0.12800282047125006,0.0,-0.09342466142043,-0.001245218921976712,0.01848070167070766,-0.004740865555057634,0.003959912634981296,-0.0011747649941509888,0.0006444751832616735,-9.688225897988312e-05,0.015162282025237499,-4.661837367965823e-05,-0.0033132591281673503,-0.010729169387784026,0.010603672381765347,-0.005585317358595112,0.01725768180781192,0.010871233411607286,-0.09342466142043,0.001245218921976712,0.0018224181794205335,0.0,-0.0284341939281935,0.028771404908556834,0.0009310183202515881,0.009469645791904967,0.0017842538468552922,-0.0012305137080181666,0.0025726191545185446,0.014400435608603187,0.019701629391614465,0.01795803103888583,-0.011117336218355933,0.0008029629699918328,0.08892688670186337,-0.023296396766455837,0.01848070167070766,0.004740865555057634,-0.0284341939281935,-0.028771404908556834,-0.04251672355208167,0.0,-0.004618426249281751,0.004447971077566283,1.679169030723001e-05,0.0015825892208905332,-0.03206445017474667,0.022620260508658663,-0.023385605685552167,0.0035388490946151505,-0.004735129620011818,-5.344067997328352e-05,0.00027187256972391663,0.0017733319568195,0.003959912634981296,0.0011747649941509888,0.0009310183202515881,-0.009469645791904967,-0.004618426249281751,-0.004447971077566283,-0.027728802101999194,0.0,0.9997513555989831
0.36299999999999966,0.0015735441282189332,0.0,0.0008818124022674836,-0.0001428245027990761,-0.00023425636090055005,0.0011392739681087068,0.0016533086208687833,-0.0021306029306085166,0.00042863374099436676,-0.0006943579421132734,0.0011405374958560835,0.0010420343998876682,-0.0005476075756603332,0.0003958909655089649,-0.0021341954275161668,0.00035349282036723515,0.001054360422614,0.0011811252982484599,0.0008818124022674836,0.0001428245027990761,0.1897054523387333,0.0,0.26392672981375004,-0.05601185530697667,0.026577656376768333,0.02169279473846199,0.025281441478495276,-0.012293405154406968,-0.0022252658873171145,-0.0019397926247814669,0.015285853902475976,0.0002373661101599532,0.002663104207809633,-0.0141671877930306,-0.03171817852954667,-0.0225016207313715,-0.00023425636090055005,-0.0011392739681087068,0.26392672981375004,0.05601185530697667,0.5171852547863001,0.0,0.024673795201528834,0.06552059224994831,0.03192717050118151,-0.019202152635007335,-0.012236238041399101,-0.009811184550500267,-0.0031367184612209834,0.011010974442250318,0.0196707780260198,-0.017716159487391463,-0.02316095407753388,-0.003203175996670851,0.0016533086208687833,0.0021306029306085166,0.026577656376768333,-0.02169279473846199,0.024673795201528834,-0.06552059224994831,0.38662168636288335,0.0,0.06998858935787335,0.02087004758193267,0.002156915244860504,0.0008950278723471419,0.010812758042061749,0.005593927683498701,-0.011121695473184503,-0.0008671401602727733,-0.004469968240244685,0.00011233642769051686,0.00042863374099436676,0.0006943579421132734,0.025281441478495276,0.012293405154406968,0.03192717050118151,0.019202152635007335,0.06998858935787335,-0.02087004758193267,0.10204967054231834,0.0,0.05114893581885666,0.007061833727060929,0.017188166762951537,-0.010865967915909363,0.08897252700275333,0.023259309975868166,0.0001930833098285501,-0.001749322886313181,0.0011405374958560835,-0.0010420343998876682,-0.0022252658873171145,0.0019397926247814669,-0.012236238041399101,0.009811184550500267,0.002156915244860504,-0.0008950278723471419,0.05114893581885666,-0.007061833727060929,-0.1281557772393,0.0,-0.09349633965616165,-0.0012438481021349505,0.01855578140748233,-0.004719684917741134,0.003969147051480036,-0.0011487094877828453,-0.0005476075756603332,-0.0003958909655089649,0.015285853902475976,-0.0002373661101599532,-0.0031367184612209834,-0.011010974442250318,0.010812758042061749,-0.005593927683498701,0.017188166762951537,0.010865967915909363,-0.09349633965616165,0.0012438481021349505,0.001569724468139944,0.0,-0.02846942751648,0.028690217993873005,0.0009199158201317834,0.009494433473355369,-0.0021341954275161668,-0.00035349282036723515,0.002663104207809633,0.0141671877930306,0.0196707780260198,0.017716159487391463,-0.011121695473184503,0.0008671401602727733,0.08897252700275333,-0.023259309975868166,0.01855578140748233,0.004719684917741134,-0.02846942751648,-0.028690217993873005,-0.042686241611958324,0.0,-0.004670337308234966,0.0044368905750664855,0.001054360422614,-0.0011811252982484599,-0.03171817852954667,0.0225016207313715,-0.02316095407753388,0.003203175996670851,-0.004469968240244685,-0.00011233642769051686,0.0001930833098285501,0.001749322886313181,0.003969147051480036,0.0011487094877828453,0.0009199158201317834,-0.009494433473355369,-0.004670337308234966,-0.0044368905750664855,-0.02811214170322843,0.0,0.9997511720720499
0.3640000000000005,0.0015733605923703496,0.0,-0.0005432086371659832,0.0006649992839882667,-0.00064136540396745,-0.0009210687268610333,0.0005881805777573665,0.0026414413923764824,0.0002354889141201415,0.0007283782204372351,-0.0015164711078019333,4.978448340874165e-05,0.0001228840038007833,-0.0006878355022695166,0.0012829965625889735,-0.0017346647412259306,-0.0015756399744487185,-0.00017011583197223338,-0.0005432086371659832,-0.0006649992839882667,0.18786199222165,0.0,0.2638293479796,-0.054630213527183336,0.026245397782206328,0.021789842207784668,0.025397164975523103,-0.012193054211440414,-0.0022111512440098615,-0.002047935251617775,0.015412379976794769,0.00042738671034840356,0.0027657394567880337,-0.013944071322494998,-0.03141923270623333,-0.022338327990458835,-0.00064136540396745,0.0009210687268610333,0.2638293479796,0.054630213527183336,0.5185356428430333,0.0,0.024782248983886195,0.06551594739592834,0.03187224452661584,-0.01922040784580342,-0.01223150161849478,-0.00990213493159275,-0.0029611383885564486,0.011260022590130064,0.019619170956620604,-0.01746756034538615,-0.022986015838673386,-0.0028883917499065116,0.0005881805777573665,-0.0026414413923764824,0.026245397782206328,-0.021789842207784668,0.024782248983886195,-0.06551594739592834,0.3878937539204,0.0,0.07036908606415833,0.020837888820166666,0.0022395275496840334,0.0008609109825838832,0.01100869829485268,0.005564629381948748,-0.011102435629376668,-0.0009241827497182833,-0.004189583390398067,0.00020953001571693335,0.0002354889141201415,-0.0007283782204372351,0.025397164975523103,0.012193054211440414,0.03187224452661584,0.01922040784580342,0.07036908606415833,-0.020837888820166666,0.10222557956863501,0.0,0.051208572727078315,0.007044932736626205,0.01712455036113283,-0.010872763429392085,0.08901277477784998,0.023211893943017,0.0001283577648499665,-0.0017296571353085123,-0.0015164711078019333,-4.978448340874165e-05,-0.0022111512440098615,0.002047935251617775,-0.01223150161849478,0.00990213493159275,0.0022395275496840334,-0.0008609109825838832,0.051208572727078315,-0.007044932736626205,-0.12830880283584997,0.0,-0.09354847596113,-0.0012592802125516573,0.018626710833219998,-0.004705415129015665,0.0039913142870643655,-0.001105326396498308,0.0001228840038007833,0.0006878355022695166,0.015412379976794769,-0.00042738671034840356,-0.0029611383885564486,-0.011260022590130064,0.01100869829485268,-0.005564629381948748,0.01712455036113283,0.010872763429392085,-0.09354847596113,0.0012592802125516573,0.0013181389652778398,0.0,-0.028500699105980003,0.028624320059936162,0.0008804434233408334,0.009503632156422703,0.0012829965625889735,0.0017346647412259306,0.0027657394567880337,0.013944071322494998,0.019619170956620604,0.01746756034538615,-0.011102435629376668,0.0009241827497182833,0.08901277477784998,-0.023211893943017,0.018626710833219998,0.004705415129015665,-0.028500699105980003,-0.028624320059936162,-0.04285621552043165,0.0,-0.004749358836383883,0.004435249164401601,-0.0015756399744487185,0.00017011583197223338,-0.03141923270623333,0.022338327990458835,-0.022986015838673386,0.0028883917499065116,-0.004189583390398067,-0.00020953001571693335,0.0001283577648499665,0.0017296571353085123,0.0039913142870643655,0.001105326396498308,0.0008804434233408334,-0.009503632156422703,-0.004749358836383883,-0.004435249164401601,-0.028492461225957166,0.0,0.9997509885292167
0.36499999999999966,0.001573177055708967,0.0,-3.2792286462234786e-05,-0.0008174943960622519,0.0010962186670718166,0.00016724158483919044,-0.00241109160345405,-0.0012540866959496334,-0.0006646324964755501,-0.00028327138023226693,0.001019833820649733,-0.001073175186983475,0.0004015219780144667,0.0006039721655450169,0.0003059301502590666,0.0021211120217561174,0.0012962695075370337,-0.0009325577691783165,-3.2792286462234786e-05,0.0008174943960622519,0.18606968060224996,0.0,0.26370830122091665,-0.05321217211537166,0.025895026804199663,0.021881560095607086,0.025506472873611668,-0.012115187824217666,-0.0021960685465184024,-0.0020988531529197384,0.015529721815453703,0.0006291819256143163,0.0028699145226322785,-0.01372147149323083,-0.031125150599973325,-0.022163634241329,0.0010962186670718166,-0.00016724158483919044,0.26370830122091665,0.05321217211537166,0.5198321177395001,0.0,0.024897684908669993,0.06550563250401335,0.031794595826754,-0.019229154167434776,-0.01221386609048455,-0.009976932404205824,-0.0027927428289190336,0.011534543811304846,0.0195187025172519,-0.017274061299537617,-0.022835291709538668,-0.0025560271778129772,-0.00241109160345405,0.0012540866959496334,0.025895026804199663,-0.021881560095607086,0.024897684908669993,-0.06550563250401335,0.38916546025711657,0.0,0.07072906759637666,0.020837965410516492,0.002336936540291849,0.0008242147000016672,0.011221316495085837,0.00551937189563912,-0.01104972588629508,-0.0009654949280655747,-0.0038919878538126672,0.00029844091053151685,-0.0006646324964755501,0.00028327138023226693,0.025506472873611668,0.012115187824217666,0.031794595826754,0.019229154167434776,0.07072906759637666,-0.020837965410516492,0.10239985416107503,0.0,0.05124337934406333,0.007024116218812219,0.017077446976722203,-0.010886488232188303,0.08904370342126998,0.023167711635418326,7.536669153752848e-05,-0.0017186637837815974,0.001019833820649733,0.001073175186983475,-0.0021960685465184024,0.0020988531529197384,-0.01221386609048455,0.009976932404205824,0.002336936540291849,-0.0008242147000016672,0.05124337934406333,-0.007024116218812219,-0.1284606460854,0.0,-0.09358774611929833,-0.0012994517014897164,0.018667043457841995,-0.004693503029773851,0.004021382688593681,-0.0010597144706758336,0.0004015219780144667,-0.0006039721655450169,0.015529721815453703,-0.0006291819256143163,-0.0027927428289190336,-0.011534543811304846,0.011221316495085837,-0.00551937189563912,0.017077446976722203,0.010886488232188303,-0.09358774611929833,0.0012994517014897164,0.0010667173054558835,0.0,-0.028559846968048322,0.028578676962838164,0.0008271846538896999,0.009514970952042966,0.0003059301502590666,-0.0021211120217561174,0.0028699145226322785,0.01372147149323083,0.0195187025172519,0.017274061299537617,-0.01104972588629508,0.0009654949280655747,0.08904370342126998,-0.023167711635418326,0.018667043457841995,0.004693503029773851,-0.028559846968048322,-0.028578676962838164,-0.04302632819621,0.0,-0.004833009259703733,0.004397626397128067,0.0012962695075370337,0.0009325577691783165,-0.031125150599973325,0.022163634241329,-0.022835291709538668,0.0025560271778129772,-0.0038919878538126672,-0.00029844091053151685,7.536669153752848e-05,0.0017186637837815974,0.004021382688593681,0.0010597144706758336,0.0008271846538896999,-0.009514970952042966,-0.004833009259703733,-0.004397626397128067,-0.02886922785416234,0.0,0.9997508049853167
0.36599999999999977,0.0015729935294560497,0.0,0.0005566976890465168,0.0005718183439987716,-0.0008753921701095335,0.0006845265653505635,0.0025300692288904173,-0.0010232982756660201,0.0006342311951948831,-0.00029640114796845743,1.5452889722214855e-05,0.0014317513709113697,-0.000736945741688845,-0.0001604530610528997,-0.001705151452857383,-0.0012705701706690164,-0.00034408085127117337,0.0015708255189964,0.0005566976890465168,-0.0005718183439987716,0.18432993544266668,0.0,0.26357672766851664,-0.05174659377912501,0.02556396370416433,0.02197368354986114,0.02562467771806733,-0.01203599631086457,-0.0021971896975709663,-0.002119778470557017,0.015613100422794013,0.0008530167851797998,0.002953089313491925,-0.013496408624262114,-0.030803640692704994,-0.02199382304720356,-0.0008753921701095335,-0.0006845265653505635,0.26357672766851664,0.05174659377912501,0.5210730329455666,0.0,0.025003208356268503,0.06547957916013834,0.03168760619295483,-0.019190803657619094,-0.012235273275211301,-0.010059167776562898,-0.0026680010112438337,0.01186118260612695,0.0193997146103946,-0.017109717739168206,-0.022656418011481334,-0.0021781954540751,0.0025300692288904173,0.0010232982756660201,0.02556396370416433,-0.02197368354986114,0.025003208356268503,-0.06547957916013834,0.3904371793613002,0.0,0.07107303161025667,0.020836594794129172,0.0024346480381708512,0.000808485784998333,0.01145689691805035,0.0055343365759382,-0.011010763438643593,-0.0010082402044335767,-0.0035895367933047166,0.000388450121372175,0.0006342311951948831,0.00029640114796845743,0.02562467771806733,0.01203599631086457,0.03168760619295483,0.019190803657619094,0.07107303161025667,-0.020836594794129172,0.10257247931896837,0.0,0.051248171572306656,0.007005915530236265,0.0170202911020592,-0.010906782281226785,0.08905794525275001,0.023140859966282172,1.7837854242299963e-05,-0.0017078277003266344,1.5452889722214855e-05,-0.0014317513709113697,-0.0021971896975709663,0.002119778470557017,-0.012235273275211301,0.010059167776562898,0.0024346480381708512,-0.000808485784998333,0.051248171572306656,-0.007005915530236265,-0.12861077246105,0.0,-0.09362658805187,-0.0013360374466570833,0.018695402424442335,-0.0046849214981758616,0.004054209707360998,-0.0010317093321349283,-0.000736945741688845,0.0001604530610528997,0.015613100422794013,-0.0008530167851797998,-0.0026680010112438337,-0.01186118260612695,0.01145689691805035,-0.0055343365759382,0.0170202911020592,0.010906782281226785,-0.09362658805187,0.0013360374466570833,0.0008149903675067385,0.0,-0.02862878718185833,0.028534548621801166,0.0007846168464978418,0.009539624070480649,-0.001705151452857383,0.0012705701706690164,0.002953089313491925,0.013496408624262114,0.0193997146103946,0.017109717739168206,-0.011010763438643593,0.0010082402044335767,0.08905794525275001,-0.023140859966282172,0.018695402424442335,0.0046849214981758616,-0.02862878718185833,-0.028534548621801166,-0.04319697864039166,0.0,-0.004885639316147771,0.004333331607384816,-0.00034408085127117337,-0.0015708255189964,-0.030803640692704994,0.02199382304720356,-0.022656418011481334,0.0021781954540751,-0.0035895367933047166,-0.000388450121372175,1.7837854242299963e-05,0.0017078277003266344,0.004054209707360998,0.0010317093321349283,0.0007846168464978418,-0.009539624070480649,-0.004885639316147771,-0.004333331607384816,-0.02924223841231233,0.0,0.9997506214519999
0.36700000000000055,0.0015728100107581665,0.0,-0.0007949528605940983,-4.062314084688328e-05,9.10739030385999e-05,-0.00107623793911595,-0.0008738921264742891,0.0026004419680684334,-0.00019129777075511657,0.0006505046812464998,-0.000968867219969743,-0.0009918339930446653,0.0006599316954436169,-0.0004162916129844167,0.0020991082951786824,-0.00031253079762393656,-0.0007936079269738332,-0.0014045739010318799,-0.0007949528605940983,4.062314084688328e-05,0.18264497311230005,0.0,0.2634637271335,-0.050216026215143324,0.025269347683072665,0.02208523953904335,0.025768132208739674,-0.011921129744943014,-0.002210625133177734,-0.0021695777802545582,0.015664914101490162,0.0010742000669932584,0.0030216032539436,-0.013274121219132498,-0.030482981515746667,-0.0218169559681083,9.10739030385999e-05,0.00107623793911595,0.2634637271335,0.050216026215143324,0.5222560573529168,0.0,0.0250964089384385,0.06544472053054,0.03161645771670249,-0.019126670718655907,-0.012285914582378996,-0.010152803852781951,-0.002602560267274984,0.012185705505737802,0.019302709474583932,-0.016911167007906364,-0.022454090222809423,-0.0017738709590778509,-0.0008738921264742891,-0.0026004419680684334,0.025269347683072665,-0.02208523953904335,0.0250964089384385,-0.06544472053054,0.39170854086213325,0.0,0.07141799856343001,0.020799232361559793,0.002523366055754616,0.0008054437382177,0.01166557994477725,0.005611172320145696,-0.010997868461718203,-0.00107265034692169,-0.0033048145580037575,0.0005246563473747981,-0.00019129777075511657,-0.0006505046812464998,0.025768132208739674,0.011921129744943014,0.03161645771670249,0.019126670718655907,0.07141799856343001,-0.020799232361559793,0.10274427361586169,0.0,0.05126942801822001,0.006980955752948301,0.01693042380609149,-0.010931140688189936,0.08906157989293503,0.02311934940725634,-4.651116588799996e-05,-0.0016840014140306334,-0.000968867219969743,0.0009918339930446653,-0.002210625133177734,0.0021695777802545582,-0.012285914582378996,0.010152803852781951,0.002523366055754616,-0.0008054437382177,0.05126942801822001,-0.006980955752948301,-0.12875978855745002,0.0,-0.09366079757092499,-0.0013450952087013216,0.01874371624981517,-0.004685258686315152,0.004080623187118779,-0.0010104340063495337,0.0006599316954436169,0.0004162916129844167,0.015664914101490162,-0.0010742000669932584,-0.002602560267274984,-0.012185705505737802,0.01166557994477725,-0.005611172320145696,0.01693042380609149,0.010931140688189936,-0.09366079757092499,0.0013450952087013216,0.0005635415964916286,0.0,-0.02866060095844166,0.02848014713448817,0.0007538020066056067,0.009556879376325603,0.0020991082951786824,0.00031253079762393656,0.0030216032539436,0.013274121219132498,0.019302709474583932,0.016911167007906364,-0.010997868461718203,0.00107265034692169,0.08906157989293503,-0.02311934940725634,0.01874371624981517,0.004685258686315152,-0.02866060095844166,-0.02848014713448817,-0.04336857407948669,0.0,-0.00491858532575451,0.004293395070194034,-0.0007936079269738332,0.0014045739010318799,-0.030482981515746667,0.0218169559681083,-0.022454090222809423,0.0017738709590778509,-0.0033048145580037575,-0.0005246563473747981,-4.651116588799996e-05,0.0016840014140306334,0.004080623187118779,0.0010104340063495337,0.0007538020066056067,-0.009556879376325603,-0.00491858532575451,-0.004293395070194034,-0.029611395987756504,0.0,0.9997504379252499
0.3679999999999997,0.0015726264844758,0.0,0.000601452936509033,-0.0005067914633193166,0.0006813407274288498,0.0007492197138711335,-0.0014231170414116165,-0.0023687783973982495,-0.00034873247806475687,-0.0005354924776457,0.0013556842632930265,4.322477410917165e-05,-0.00018776161886256682,0.0007810321273177333,-0.0012600918444996335,0.001720048970508545,0.0015381082264803493,0.00052817318101005,0.000601452936509033,0.0005067914633193166,0.18101708304835,0.0,0.26339761588381666,-0.048622167743129996,0.024994844532161997,0.022221257337066622,0.02591842648807716,-0.011775463197459252,-0.0022244680594512003,-0.0022492981198192334,0.01571353272590033,0.0012649821528436169,0.0030984355658389344,-0.013057507033737167,-0.030199627579305003,-0.021634387506732317,0.0006813407274288498,-0.0007492197138711335,0.26339761588381666,0.048622167743129996,0.5233788255091666,0.0,0.02520247018768585,0.06541838281869834,0.031592605906914824,-0.01909134892946771,-0.012328490764783559,-0.010225416863922103,-0.0025667690699371732,0.012464227135624301,0.01921785743290933,-0.016690172016097245,-0.02228345563683986,-0.0013706482824988328,-0.0014231170414116165,0.0023687783973982495,0.024994844532161997,-0.022221257337066622,0.02520247018768585,-0.06541838281869834,0.39297897972720003,0.0,0.0717561380569,0.020740554339238913,0.002617268020770949,0.0007856114159550499,0.011826418181992173,0.005672248081581883,-0.0109639662328919,-0.0011419087940672849,-0.0030459598933680492,0.0007101752785322166,-0.00034873247806475687,0.0005354924776457,0.02591842648807716,0.011775463197459252,0.031592605906914824,0.01909134892946771,0.0717561380569,-0.020740554339238913,0.10291555162666834,0.0,0.051329735958435,0.006942339876427076,0.01682663088061018,-0.010950048007230647,0.08908539962797163,0.023089124467765672,-9.996875519083318e-05,-0.0016514692833955414,0.0013556842632930265,-4.322477410917165e-05,-0.0022244680594512003,0.0022492981198192334,-0.012328490764783559,0.010225416863922103,0.002617268020770949,-0.0007856114159550499,0.051329735958435,-0.006942339876427076,-0.1289083287163667,0.0,-0.09368939999131998,-0.0013421769897257545,0.0188079459866325,-0.004694792537283017,0.004092937185570303,-0.0009677972249831653,-0.00018776161886256682,-0.0007810321273177333,0.01571353272590033,-0.0012649821528436169,-0.0025667690699371732,-0.012464227135624301,0.011826418181992173,-0.005672248081581883,0.01682663088061018,0.010950048007230647,-0.09368939999131998,0.0013421769897257545,0.0003129867936233602,0.0,-0.028662840772364997,0.02843031048719833,0.0007191450234295499,0.00954948416580493,-0.0012600918444996335,-0.001720048970508545,0.0030984355658389344,0.013057507033737167,0.01921785743290933,0.016690172016097245,-0.0109639662328919,0.0011419087940672849,0.08908539962797163,-0.023089124467765672,0.0188079459866325,0.004694792537283017,-0.028662840772364997,-0.02843031048719833,-0.04354086729255835,0.0,-0.0049711318707801365,0.0042864028708636155,0.0015381082264803493,-0.00052817318101005,-0.030199627579305003,0.021634387506732317,-0.02228345563683986,0.0013706482824988328,-0.0030459598933680492,-0.0007101752785322166,-9.996875519083318e-05,0.0016514692833955414,0.004092937185570303,0.0009677972249831653,0.0007191450234295499,-0.00954948416580493,-0.0049711318707801365,-0.0042864028708636155,-0.02997660278836617,0.0,0.9997502543926003
0.36899999999999983,0.0015724429544750167,0.0,-0.0001037116414772503,0.0007614493164014335,-0.0009625286807007668,-1.9569659889816542e-05,0.0027509920453497516,0.00045431547625424714,0.0005872403282112885,8.414834085270008e-05,-0.0009868779079643,0.0008974660450827267,-0.000411973645943493,-0.0007151901092652167,-0.00035048371913070053,-0.0021155518714818886,-0.0015270238691668181,0.0006384230347305168,-0.0001037116414772503,-0.0007614493164014335,0.17944844157883336,0.0,0.2633350499897334,-0.04696662901932832,0.024718424207269007,0.022372973673297224,0.026043070655131992,-0.011634532552998837,-0.0022437457753533654,-0.002312683553220428,0.01576613253441217,0.0014399168735399635,0.0031757756300511506,-0.012849803907585503,-0.029933016979814337,-0.02145948086792933,-0.0009625286807007668,1.9569659889816542e-05,0.2633350499897334,0.04696662901932832,0.5244391919308334,0.0,0.025317646084554432,0.06538721476965667,0.0315312542509375,-0.019087199238653676,-0.012376936268100982,-0.010254433325824795,-0.002530537767827642,0.012745344979897065,0.019106266777864533,-0.01651182156072935,-0.022164756368663434,-0.0009470977671350884,0.0027509920453497516,-0.00045431547625424714,0.024718424207269007,-0.022372973673297224,0.025317646084554432,-0.06538721476965667,0.39424827263148327,0.0,0.07205320370171502,0.020690427725718167,0.002727552805860667,0.0007556325340523327,0.0119905675612324,0.005693151037772866,-0.010877722539895801,-0.001181311055665205,-0.002798155845070733,0.0008984660337297667,0.0005872403282112885,-8.414834085270008e-05,0.026043070655131992,0.011634532552998837,0.0315312542509375,0.019087199238653676,0.07205320370171502,-0.020690427725718167,0.10308575862172499,0.0,0.05137989660422335,0.006889965275178147,0.01673329262317817,-0.010952155861537546,0.08913045940273166,0.02304908655632432,-0.00012925103604218338,-0.0016280494247503414,-0.0009868779079643,-0.0008974660450827267,-0.0022437457753533654,0.002312683553220428,-0.012376936268100982,0.010254433325824795,0.002727552805860667,-0.0007556325340523327,0.05137989660422335,-0.006889965275178147,-0.12905599388810002,0.0,-0.09370743911763667,-0.0013527586714638334,0.01885528466817916,-0.004701076398707942,0.004094968146959744,-0.0009056438522983448,-0.000411973645943493,0.0007151901092652167,0.01576613253441217,-0.0014399168735399635,-0.002530537767827642,-0.012745344979897065,0.0119905675612324,-0.005693151037772866,0.01673329262317817,0.010952155861537546,-0.09370743911763667,0.0013527586714638334,6.31180237848502e-05,0.0,-0.028693604326973342,0.028392145248112496,0.0006831308640085514,0.009538360177273133,-0.00035048371913070053,0.0021155518714818886,0.0031757756300511506,0.012849803907585503,0.019106266777864533,0.01651182156072935,-0.010877722539895801,0.001181311055665205,0.08913045940273166,-0.02304908655632432,0.01885528466817916,0.004701076398707942,-0.028693604326973342,-0.028392145248112496,-0.04371338496436834,0.0,-0.005045845077487183,0.004262910883793151,-0.0015270238691668181,-0.0006384230347305168,-0.029933016979814337,0.02145948086792933,-0.022164756368663434,0.0009470977671350884,-0.002798155845070733,-0.0008984660337297667,-0.00012925103604218338,0.0016280494247503414,0.004094968146959744,0.0009056438522983448,0.0006831308640085514,-0.009538360177273133,-0.005045845077487183,-0.004262910883793151,-0.030337776033723837,0.0,0.9997500708551333
0.37,0.0015722594352494004,0.0,-0.00042514712907323324,-0.0006404144931976399,0.0006715911767102414,-0.0006842853015419999,-0.0021504201840303163,0.0018165510844852506,-0.00043512241403364355,0.0003420440783863363,8.78136193279052e-05,-0.001303474001722637,0.0008078091122956666,0.00024826808325031653,0.0017661885410579698,0.0012316612941720333,0.0007170042585799666,-0.00152577510675496,-0.00042514712907323324,0.0006404144931976399,0.17794116603663335,0.0,0.26329227848851666,-0.04525934257330501,0.024448730911258494,0.022534914159663497,0.026146371889076,-0.011511907198296954,-0.0022835319563259,-0.002351409821750607,0.015804272841412996,0.0016377785986496,0.003218111472749289,-0.012661555029644663,-0.0296479274906425,-0.021297885763370498,0.0006715911767102414,0.0006842853015419999,0.26329227848851666,0.04525934257330501,0.5254349848468166,0.0,0.025409111157140406,0.06533659900327667,0.031384051543248,-0.019070083923325164,-0.012475497364289163,-0.010269669178267604,-0.0025091418289645835,0.013094888545219955,0.018967755585731796,-0.01638153029418623,-0.0220738096648705,-0.00046160425344672406,-0.0021504201840303163,-0.0018165510844852506,0.024448730911258494,-0.022534914159663497,0.025409111157140406,-0.06533659900327667,0.3955165103974666,0.0,0.07232443343127497,0.0206491117186975,0.0028334136549560155,0.0007549595486033667,0.012204710932738515,0.005744418688549451,-0.010778969939121594,-0.0011946819157351502,-0.0025548489947314354,0.00106559299849275,-0.00043512241403364355,-0.0003420440783863363,0.026146371889076,0.011511907198296954,0.031384051543248,0.019070083923325164,0.07232443343127497,-0.0206491117186975,0.10325432650621837,0.0,0.051392512786415004,0.006828553017732466,0.016648216560232496,-0.0109419583370224,0.08919082176411999,0.0230102775992445,-0.00014427503703518308,-0.001620668546376417,8.78136193279052e-05,0.001303474001722637,-0.0022835319563259,0.002351409821750607,-0.012475497364289163,0.010269669178267604,0.0028334136549560155,-0.0007549595486033667,0.051392512786415004,-0.006828553017732466,-0.12920191451105,0.0,-0.09373105850380999,-0.001371320154750367,0.018890018606689,-0.0046945899106788005,0.004097222253695294,-0.0008513741115057002,0.0008078091122956666,-0.00024826808325031653,0.015804272841412996,-0.0016377785986496,-0.0025091418289645835,-0.013094888545219955,0.012204710932738515,-0.005744418688549451,0.016648216560232496,0.0109419583370224,-0.09373105850380999,0.001371320154750367,-0.00018648772266619993,0.0,-0.028783135720603325,0.02835283972755383,0.0006682466568199634,0.009557103756869165,0.0017661885410579698,-0.0012316612941720333,0.003218111472749289,0.012661555029644663,0.018967755585731796,0.01638153029418623,-0.010778969939121594,0.0011946819157351502,0.08919082176411999,-0.0230102775992445,0.018890018606689,0.0046945899106788005,-0.028783135720603325,-0.02835283972755383,-0.04388609993298832,0.0,-0.005110140279894604,0.004199412312527717,0.0007170042585799666,0.00152577510675496,-0.0296479274906425,0.021297885763370498,-0.0220738096648705,0.00046160425344672406,-0.0025548489947314354,-0.00106559299849275,-0.00014427503703518308,0.001620668546376417,0.004097222253695294,0.0008513741115057002,0.0006682466568199634,-0.009557103756869165,-0.005110140279894604,-0.004199412312527717,-0.0306948577273345,0.0,0.9997498873284502
0.37099999999999983,0.0015720759267196169,0.0,0.0007675445252105547,0.00020232208851103344,6.133547337343356e-05,0.0009599699389383466,7.372140366400237e-06,-0.002838932561826965,6.074964926855026e-05,-0.0005079094614348335,0.0008116430395274701,0.0009837114406195835,-0.0007707880415660167,0.00037735161162305006,-0.0021285550790122823,0.00039135911975891647,0.0005092613454839499,0.001622516105349084,0.0007675445252105547,-0.00020232208851103344,0.17649708785243334,0.0,0.26328552521731663,-0.04351099134932666,0.02419410292846736,0.02270038338456233,0.026257700340018498,-0.011383804872740466,-0.002337830987876987,-0.0024066396649873997,0.015813415900259996,0.0018658529089343,0.0032176606383132844,-0.012494995482565172,-0.029356007334853336,-0.021132852169148505,6.133547337343356e-05,-0.0009599699389383466,0.26328552521731663,0.04351099134932666,0.5263642886048834,0.0,0.0254479820202436,0.06525011154257332,0.031210520254174666,-0.019021791052342855,-0.012624032344112367,-0.010310084460952431,-0.0025345759622084313,0.013477326320200324,0.018832423568594398,-0.016222296806518287,-0.021990960865113242,7.554007775453317e-05,7.372140366400237e-06,0.002838932561826965,0.02419410292846736,-0.02270038338456233,0.0254479820202436,-0.06525011154257332,0.39678353339739997,0.0,0.07260669672803835,0.020591790236273333,0.002914396687737267,0.000790131101569792,0.012436474112162758,0.0058691715300979675,-0.010709845465131733,-0.0012183060001619407,-0.0023430754199524496,0.0012456039232093502,6.074964926855026e-05,0.0005079094614348335,0.026257700340018498,0.011383804872740466,0.031210520254174666,0.019021791052342855,0.07260669672803835,-0.020591790236273333,0.10342133643648335,0.0,0.05140566196495498,0.006765206329226168,0.01655013561330333,-0.01093407715057176,0.08925131903329,0.022966375713204833,-0.00016378677719025025,-0.0016184868650080159,0.0008116430395274701,-0.0009837114406195835,-0.002337830987876987,0.0024066396649873997,-0.012624032344112367,0.010310084460952431,0.002914396687737267,-0.000790131101569792,0.05140566196495498,-0.006765206329226168,-0.12934606231948337,0.0,-0.09375212704517168,-0.0013747540080356003,0.018953009436460343,-0.0046823909005779315,0.004102074042159951,-0.00081165219406685,-0.0007707880415660167,-0.00037735161162305006,0.015813415900259996,-0.0018658529089343,-0.0025345759622084313,-0.013477326320200324,0.012436474112162758,-0.0058691715300979675,0.01655013561330333,0.01093407715057176,-0.09375212704517168,0.0013747540080356003,-0.0004355482794900498,0.0,-0.028887343631756667,0.02829031219281566,0.0006735513924812834,0.009598090512849898,-0.0021285550790122823,-0.00039135911975891647,0.0032176606383132844,0.012494995482565172,0.018832423568594398,0.016222296806518287,-0.010709845465131733,0.0012183060001619407,0.08925131903329,-0.022966375713204833,0.018953009436460343,0.0046823909005779315,-0.028887343631756667,-0.02829031219281566,-0.04405923326840499,0.0,-0.005156085229001816,0.004134085362513599,0.0005092613454839499,-0.001622516105349084,-0.029356007334853336,0.021132852169148505,-0.021990960865113242,-7.554007775453317e-05,-0.0023430754199524496,-0.0012456039232093502,-0.00016378677719025025,0.0016184868650080159,0.004102074042159951,0.00081165219406685,0.0006735513924812834,-0.009598090512849898,-0.005156085229001816,-0.004134085362513599,-0.031047774537979165,0.0,0.99974970381315
0.37199999999999994,0.0015718924137539168,0.0,-0.0007262373454289086,0.00037363611106626664,-0.0007487708062874666,-0.0005590467526600501,0.0021769639214402497,0.0018417495933805332,0.0002810278914485383,0.00034745731288746666,-0.0012421549335544662,-0.00015286326045854838,0.0003017498958405267,-0.0008125320292245736,0.001240498631509073,-0.0017927360614998162,-0.0014756721274049001,-0.0008500885460919535,-0.0007262373454289086,-0.00037363611106626664,0.17511725376259998,0.0,0.2633510529632167,-0.04174811720890833,0.023939667434564833,0.022872626496662798,0.026389683467503665,-0.011238197396531768,-0.0023872041018990343,-0.0024966256434078462,0.01581162651319332,0.0020976407254859,0.0032103017731295327,-0.012341784081717672,-0.02910925175191083,-0.020955052357285498,-0.0007487708062874666,0.0005590467526600501,0.2633510529632167,0.04174811720890833,0.5272262997652001,0.0,0.025453089738096617,0.06513420297441332,0.03110184857265834,-0.018984446103601227,-0.01277672147464081,-0.010371962191323202,-0.002597799129977439,0.013806184368471131,0.018712379218346734,-0.015995144188907334,-0.021937723676238037,0.0005958684089407167,0.0021769639214402497,-0.0018417495933805332,0.023939667434564833,-0.022872626496662798,0.025453089738096617,-0.06513420297441332,0.3980487785154833,0.0,0.07291833064977665,0.020523499004756432,0.002991044348245466,0.0008337983312984833,0.012637533692116799,0.006014601193071966,-0.010655295709609216,-0.0012551177802893703,-0.0021874098070622005,0.0014717259631844802,0.0002810278914485383,-0.00034745731288746666,0.026389683467503665,0.011238197396531768,0.03110184857265834,0.018984446103601227,0.07291833064977665,-0.020523499004756432,0.10358684489629834,0.0,0.05147457792066499,0.0067029848730314435,0.016444909149086504,-0.010934065155669406,0.08932377835950334,0.02290368337254783,-0.0001849156013604,-0.0016120847810641402,-0.0012421549335544662,0.00015286326045854838,-0.0023872041018990343,0.0024966256434078462,-0.01277672147464081,0.010371962191323202,0.002991044348245466,-0.0008337983312984833,0.05147457792066499,-0.0067029848730314435,-0.12948913619138333,0.0,-0.09377229343294831,-0.0013660793290248333,0.019065912338718665,-0.0046784793185676524,0.004101976758560726,-0.0007620697483665415,0.0003017498958405267,0.0008125320292245736,0.01581162651319332,-0.0020976407254859,-0.002597799129977439,-0.013806184368471131,0.012637533692116799,-0.006014601193071966,0.016444909149086504,0.010934065155669406,-0.09377229343294831,0.0013660793290248333,-0.0006834843991548173,0.0,-0.02896913592960999,0.028211751666806666,0.0006680828603782316,0.009620894820222069,0.001240498631509073,0.0017927360614998162,0.0032103017731295327,0.012341784081717672,0.018712379218346734,0.015995144188907334,-0.010655295709609216,0.0012551177802893703,0.08932377835950334,-0.02290368337254783,0.019065912338718665,0.0046784793185676524,-0.02896913592960999,-0.028211751666806666,-0.044232522937935,0.0,-0.005219786446003232,0.004100627306025501,-0.0014756721274049001,0.0008500885460919535,-0.02910925175191083,0.020955052357285498,-0.021937723676238037,-0.0005958684089407167,-0.0021874098070622005,-0.0014717259631844802,-0.0001849156013604,0.0016120847810641402,0.004101976758560726,0.0007620697483665415,0.0006680828603782316,-0.009620894820222069,-0.005219786446003232,-0.004100627306025501,-0.03139640553254717,0.0,0.9997495202919665
0.37300000000000016,0.001571708884113017,0.0,0.00029685047122896837,-0.0007656508332478233,0.0008769217410848333,-0.00020709100072593514,-0.002805105862314048,0.0004816689382336168,-0.00035866911149981675,-3.136159173523356e-05,0.0009845166577549832,-0.0007437321486914234,0.0003451288957716416,0.0008098285477713334,0.00038967793884796855,0.0021558695581313492,0.0016703513919412505,-0.00037062418280695003,0.00029685047122896837,0.0007656508332478233,0.17380162718590006,0.0,0.2634459534049833,-0.039987328569658344,0.023659482118337676,0.023058440537150487,0.026519785715901665,-0.011100895740311001,-0.002427893595749234,-0.002580823197362798,0.01581663064390613,0.002322826632804917,0.0032229416123284007,-0.012197882464000836,-0.0289158448288105,-0.020770765970006502,0.0008769217410848333,0.00020709100072593514,0.2634459534049833,0.039987328569658344,0.5280215886745999,0.0,0.02545689672887951,0.06499839607080167,0.03105361683561283,-0.018986450127294833,-0.012907748773154834,-0.01043293967475508,-0.002664777529830517,0.014075072849833,0.018579911307476167,-0.015761871303549498,-0.021927460670142,0.0010672464091117837,-0.002805105862314048,-0.0004816689382336168,0.023659482118337676,-0.023058440537150487,0.02545689672887951,-0.06499839607080167,0.39931199266176676,0.0,0.07322740199442165,0.020472163414933152,0.003094550447970701,0.00088265637887967,0.012818942321541422,0.006127715659342082,-0.01058568286094379,-0.0012639805878464734,-0.0020575635556641164,0.0017280279644616245,-0.00035866911149981675,3.136159173523356e-05,0.026519785715901665,0.011100895740311001,0.03105361683561283,0.018986450127294833,0.07322740199442165,-0.020472163414933152,0.10375013010539837,0.0,0.051575742644071686,0.006636605873298952,0.01635889814664283,-0.0109344482350851,0.089405600675585,0.02282080037555516,-0.00018851938782695857,-0.0015989036157045,0.0009845166577549832,0.0007437321486914234,-0.002427893595749234,0.002580823197362798,-0.012907748773154834,0.01043293967475508,0.003094550447970701,-0.00088265637887967,0.051575742644071686,-0.006636605873298952,-0.12963118944406668,0.0,-0.09379009509371164,-0.0013730990968807905,0.01919606067657183,-0.00467904732285129,0.004095632135412509,-0.0006892754164946336,0.0003451288957716416,-0.0008098285477713334,0.01581663064390613,-0.002322826632804917,-0.002664777529830517,-0.014075072849833,0.012818942321541422,-0.006127715659342082,0.01635889814664283,0.0109344482350851,-0.09379009509371164,0.0013730990968807905,-0.00093060579588325,0.0,-0.029050745848970015,0.028143124834508003,0.0006339299232273334,0.009615776272252784,0.00038967793884796855,-0.0021558695581313492,0.0032229416123284007,0.012197882464000836,0.018579911307476167,0.015761871303549498,-0.01058568286094379,0.0012639805878464734,0.089405600675585,-0.02282080037555516,0.01919606067657183,0.00467904732285129,-0.029050745848970015,-0.028143124834508003,-0.04440524781646335,0.0,-0.005316641769620702,0.004067877015285313,0.0016703513919412505,0.00037062418280695003,-0.0289158448288105,0.020770765970006502,-0.021927460670142,-0.0010672464091117837,-0.0020575635556641164,-0.0017280279644616245,-0.00018851938782695857,0.0015989036157045,0.004095632135412509,0.0006892754164946336,0.0006339299232273334,-0.009615776272252784,-0.005316641769620702,-0.004067877015285313,-0.031740667699801675,0.0,0.9997493367554998
0.3739999999999998,0.0015715253521569504,0.0,0.0002861977664768998,0.0007726951996364496,-0.00041326271138985,0.0008044623764374762,0.0014397285398992635,-0.0024333313777296344,0.0002166548280453335,-0.00017119499500791666,-0.00018064735608043332,0.0011948878343124335,-0.0008270346629599068,-0.00036598484619079487,-0.0018023340534536673,-0.0012406572395634334,-0.0009920639179359831,0.0014153809081398328,0.0002861977664768998,-0.0007726951996364496,0.17254994389895004,0.0,0.26353315285946666,-0.03822451925659999,0.023358579709303686,0.023253140942685328,0.02663399710005133,-0.010994727254126282,-0.00247522233481375,-0.00263255925783145,0.01581377610043534,0.0025556676630850658,0.003240546474092,-0.012067646938539667,-0.02873633109134216,-0.020584577338690003,-0.00041326271138985,-0.0008044623764374762,0.26353315285946666,0.03822451925659999,0.5287506824415834,0.0,0.025471090255871486,0.06485647506740333,0.030994547706940153,-0.018999933194384217,-0.013029215205986966,-0.010508528517216151,-0.0027381512520094835,0.014359095456318999,0.018418729707354163,-0.015586385947223995,-0.02194689901802283,0.0015350811799321666,0.0014397285398992635,0.0024333313777296344,0.023358579709303686,-0.023253140942685328,0.025471090255871486,-0.06485647506740333,0.4005734091544167,0.0,0.07352276378043499,0.020443960401698533,0.0032089411070017767,0.0009696775384507836,0.013015948848814664,0.006245888840131467,-0.010511792515219213,-0.001229810309115033,-0.0019078553310884331,0.001990235063756283,0.0002166548280453335,0.00017119499500791666,0.02663399710005133,0.010994727254126282,0.030994547706940153,0.018999933194384217,0.07352276378043499,-0.020443960401698533,0.10391010353167002,0.0,0.05165145621864166,0.006558326812736818,0.0163033421717595,-0.010937403069493505,0.08948461040538166,0.022733515441209166,-0.00017852384760132857,-0.0015762790802197496,-0.00018064735608043332,-0.0011948878343124335,-0.00247522233481375,0.00263255925783145,-0.013029215205986966,0.010508528517216151,0.0032089411070017767,-0.0009696775384507836,0.05165145621864166,-0.006558326812736818,-0.12977114637068327,0.0,-0.09381139395428502,-0.0014064014791449163,0.019307816776845333,-0.004667973024800901,0.00408940684974945,-0.0006179486291893999,-0.0008270346629599068,0.00036598484619079487,0.01581377610043534,-0.0025556676630850658,-0.0027381512520094835,-0.014359095456318999,0.013015948848814664,-0.006245888840131467,0.0163033421717595,0.010937403069493505,-0.09381139395428502,0.0014064014791449163,-0.0011780214342663163,0.0,-0.02916448692872333,0.028095469986302673,0.0005881742731868248,0.009617309111296652,-0.0018023340534536673,0.0012406572395634334,0.003240546474092,0.012067646938539667,0.018418729707354163,0.015586385947223995,-0.010511792515219213,0.001229810309115033,0.08948461040538166,-0.022733515441209166,0.019307816776845333,0.004667973024800901,-0.02916448692872333,-0.028095469986302673,-0.044576916255379996,0.0,-0.005407252565480381,0.003994980581773848,-0.0009920639179359831,-0.0014153809081398328,-0.02873633109134216,0.020584577338690003,-0.02194689901802283,-0.0015350811799321666,-0.0019078553310884331,-0.001990235063756283,-0.00017852384760132857,0.0015762790802197496,0.00408940684974945,0.0006179486291893999,0.0005881742731868248,-0.009617309111296652,-0.005407252565480381,-0.003994980581773848,-0.03208042710213866,0.0,0.9997491532164002
0.375,0.0015713418284445666,0.0,-0.0007487771139084601,-0.00038221739444445,-0.0003530752110247534,-0.0008559813012932067,0.000895782360347957,0.002654952100676567,-4.3193132841483295e-05,0.00020468041343804993,-0.0006751865603642503,-0.00095567486713166,0.0008817690158766671,-0.00030644253012849994,0.002138986949211032,-0.00040928064348829974,-0.00022724590054094522,-0.0017265022140418838,-0.0007487771139084601,0.00038221739444445,0.17136231398530002,0.0,0.26361962851745,-0.03644959050197434,0.02307044924051831,0.02343719665042636,0.02675436858416151,-0.010897081606556969,-0.002531628839955867,-0.0026927588881897188,0.015778911486695735,0.002793218074928277,0.003244470501261634,-0.011945993035790973,-0.028549777714398664,-0.02039396227707367,-0.0003530752110247534,0.0008559813012932067,0.26361962851745,0.03644959050197434,0.5294132192049334,0.0,0.025488586933256254,0.06471169858413332,0.030902264646165335,-0.018986050946219232,-0.013148086699273837,-0.01063322750611172,-0.0028519404173058746,0.014675214743053167,0.01824626480311859,-0.0154356333905695,-0.021972486225908163,0.0020389014047871496,0.000895782360347957,-0.002654952100676567,0.02307044924051831,-0.02343719665042636,0.025488586933256254,-0.06471169858413332,0.40183341258869987,0.0,0.07383007675820501,0.020415478744415166,0.003289551048816849,0.0010988563311176832,0.013210721863865595,0.0064215162936489155,-0.010459824431596848,-0.001191723584154933,-0.0017557885222104685,0.002269006706235356,-4.3193132841483295e-05,-0.00020468041343804993,0.02675436858416151,0.010897081606556969,0.030902264646165335,0.018986050946219232,0.07383007675820501,-0.020415478744415166,0.10406637938530833,0.0,0.05170103801306333,0.006478638446980211,0.016256689085579337,-0.010956895134227837,0.08955278296267331,0.022655327257644832,-0.00018494770293122563,-0.0015411554119834615,-0.0006751865603642503,0.00095567486713166,-0.002531628839955867,0.0026927588881897188,-0.013148086699273837,0.01063322750611172,0.003289551048816849,-0.0010988563311176832,0.05170103801306333,-0.006478638446980211,-0.12990819568045,0.0,-0.09383323710247833,-0.0014405291103304465,0.01941125891691833,-0.004647816726252144,0.004079631615375868,-0.0005731071223036166,0.0008817690158766671,0.00030644253012849994,0.015778911486695735,-0.002793218074928277,-0.0028519404173058746,-0.014675214743053167,0.013210721863865595,-0.0064215162936489155,0.016256689085579337,0.010956895134227837,-0.09383323710247833,0.0014405291103304465,-0.001426338082620452,0.0,-0.029278668394733334,0.028051497275165163,0.0005525114199636468,0.009641035886884098,0.002138986949211032,0.00040928064348829974,0.003244470501261634,0.011945993035790973,0.01824626480311859,0.0154356333905695,-0.010459824431596848,0.001191723584154933,0.08955278296267331,-0.022655327257644832,0.01941125891691833,0.004647816726252144,-0.029278668394733334,-0.028051497275165163,-0.04474763289359498,0.0,-0.0054608170158235185,0.0039032351492665003,-0.00022724590054094522,0.0017265022140418838,-0.028549777714398664,0.02039396227707367,-0.021972486225908163,-0.0020389014047871496,-0.0017557885222104685,-0.002269006706235356,-0.00018494770293122563,0.0015411554119834615,0.004079631615375868,0.0005731071223036166,0.0005525114199636468,-0.009641035886884098,-0.0054608170158235185,-0.0039032351492665003,-0.03241553065072534,0.0,0.9997489696853502
0.3760000000000002,0.001571158309594,0.0,0.0008229007224326969,-0.0002448152208080532,0.0008660355858220795,0.00026372641656145014,-0.0025671880412015827,-0.0010429101416382996,-6.609268658812623e-05,-0.00012675301704984985,0.0011113596998097,0.00022444782574481667,-0.0004389745892768097,0.0008535259887417402,-0.0012065953150259502,0.0018058255676777497,0.0013325176831434002,0.0011276658263918997,0.0008229007224326969,0.0002448152208080532,0.17023934483185005,0.0,0.2637259745850166,-0.03466002435274865,0.022818423151739597,0.02360047065863734,0.026898799953606,-0.0107739446987601,-0.002576085327629182,-0.002808549667125332,0.015719756903167615,0.0030035064094258153,0.003252619511224397,-0.01181600579487867,-0.028381608823142338,-0.020201298752483828,0.0008660355858220795,-0.00026372641656145014,0.2637259745850166,0.03466002435274865,0.53000863429255,0.0,0.025505413025306508,0.06455069971265001,0.0308210480690705,-0.018960163297042996,-0.0132467179120993,-0.010797895983967975,-0.003007622174009372,0.014943126976135998,0.0180825878663946,-0.015238479130174334,-0.02199526127870883,0.00253785153187905,-0.0025671880412015827,0.0010429101416382996,0.022818423151739597,-0.02360047065863734,0.025505413025306508,-0.06455069971265001,0.40309178510880006,0.0,0.07416214120088833,0.020368940694488448,0.0033347929229642684,0.0012305083970162128,0.01335278273526453,0.006619786711243736,-0.010412385934382035,-0.001180869666833467,-0.001662754933771067,0.0025822018219783895,-6.609268658812623e-05,0.00012675301704984985,0.026898799953606,0.0107739446987601,0.0308210480690705,0.018960163297042996,0.07416214120088833,-0.020368940694488448,0.10421960456774998,0.0,0.05177360196055334,0.0064190412004988175,0.016196956362459002,-0.010994803214007165,0.08962098463770166,0.022584356525684825,-0.00022233096181906975,-0.0014959590220861158,0.0011113596998097,-0.00022444782574481667,-0.002576085327629182,0.002808549667125332,-0.0132467179120993,0.010797895983967975,0.0033347929229642684,-0.0012305083970162128,0.05177360196055334,-0.0064190412004988175,-0.13004318812818333,0.0,-0.09384655283283497,-0.0014485593457508438,0.019536919805677337,-0.004643434947748984,0.004046397065869833,-0.0005466923990212835,-0.0004389745892768097,-0.0008535259887417402,0.015719756903167615,-0.0030035064094258153,-0.003007622174009372,-0.014943126976135998,0.01335278273526453,-0.006619786711243736,0.016196956362459002,0.010994803214007165,-0.09384655283283497,0.0014485593457508438,-0.0016749572897202004,0.0,-0.02933430748855,0.02799547045066083,0.00052560069149782,0.009651905445945649,-0.0012065953150259502,-0.0018058255676777497,0.003252619511224397,0.01181600579487867,0.0180825878663946,0.015238479130174334,-0.010412385934382035,0.001180869666833467,0.08962098463770166,-0.022584356525684825,0.019536919805677337,0.004643434947748984,-0.02933430748855,-0.02799547045066083,-0.044917664159171665,0.0,-0.005507020107304053,0.00383837127592025,0.0013325176831434002,-0.0011276658263918997,-0.028381608823142338,0.020201298752483828,-0.02199526127870883,-0.00253785153187905,-0.001662754933771067,-0.0025822018219783895,-0.00022233096181906975,0.0014959590220861158,0.004046397065869833,0.0005466923990212835,0.00052560069149782,-0.009651905445945649,-0.005507020107304053,-0.00383837127592025,-0.032745931374292665,0.0,0.9997487861593499
0.37699999999999984,0.0015709747798401334,0.0,-0.00043431896808796493,0.0007447500000786532,-0.000686220132057095,0.00046729834209826676,0.002426865974057816,-0.0012599491312247797,5.754651122848649e-05,3.0449270006400355e-05,-0.0009446762631807133,0.00059280035520007,-0.00028478444959203,-0.0009442235773369668,-0.0004453016160287328,-0.0021244234172616673,-0.0017570447160061952,4.692180972545018e-05,-0.00043431896808796493,-0.0007447500000786532,0.1691815640858834,0.0,0.26387431688893326,-0.03286256674970833,0.022600082331017412,0.023758011923352286,0.027049932427795666,-0.0106294117285782,-0.0025915195588916665,-0.002956717611897717,0.015666521804588173,0.0031665617940521435,0.003294665681468199,-0.011672204178669996,-0.02824710710692117,-0.020020434819913665,-0.000686220132057095,-0.00046729834209826676,0.26387431688893326,0.03286256674970833,0.5305371794419833,0.0,0.02553820022006316,0.06437181748795666,0.03077098933527418,-0.01896818894760866,-0.01331978995634281,-0.010957968716438152,-0.003162348119912866,0.015116262497457662,0.017921293729525233,-0.015007694134883337,-0.022021318790436662,0.0029772041407287527,0.002426865974057816,0.0012599491312247797,0.022600082331017412,-0.023758011923352286,0.02553820022006316,-0.06437181748795666,0.40434793767790006,0.0,0.07449973855730668,0.020316314589769017,0.00338565068297735,0.0013421978943919835,0.013451198537988235,0.006771934176973082,-0.010333832729907318,-0.00116364931266155,-0.0016399825092485,0.00291982310557957,5.754651122848649e-05,-3.0449270006400355e-05,0.027049932427795666,0.0106294117285782,0.03077098933527418,0.01896818894760866,0.07449973855730668,-0.020316314589769017,0.10437067322065499,0.0,0.05188464123587501,0.006379097680387817,0.016134335753172083,-0.011034044419526932,0.08971707130042667,0.022521811831176398,-0.0002706670138723838,-0.0014474929301194833,-0.0009446762631807133,-0.00059280035520007,-0.0025915195588916665,0.002956717611897717,-0.01331978995634281,0.010957968716438152,0.00338565068297735,-0.0013421978943919835,0.05188464123587501,-0.006379097680387817,-0.13017773820668335,0.0,-0.09386167888245835,-0.0014382317013370166,0.019679005969270667,-0.004667159941332501,0.003979010471361084,-0.0005153387325726333,-0.00028478444959203,0.0009442235773369668,0.015666521804588173,-0.0031665617940521435,-0.003162348119912866,-0.015116262497457662,0.013451198537988235,-0.006771934176973082,0.016134335753172083,0.011034044419526932,-0.09386167888245835,0.0014382317013370166,-0.0019231051104978334,0.0,-0.029341927137591668,0.027944091466576493,0.0004935348044341766,0.009625979464678096,-0.0004453016160287328,0.0021244234172616673,0.003294665681468199,0.011672204178669996,0.017921293729525233,0.015007694134883337,-0.010333832729907318,0.00116364931266155,0.08971707130042667,-0.022521811831176398,0.019679005969270667,0.004667159941332501,-0.029341927137591668,-0.027944091466576493,-0.04508705342270667,0.0,-0.005579688449967547,0.003793357244787717,-0.0017570447160061952,-4.692180972545018e-05,-0.02824710710692117,0.020020434819913665,-0.022021318790436662,-0.0029772041407287527,-0.0016399825092485,-0.00291982310557957,-0.0002706670138723838,0.0014474929301194833,0.003979010471361084,0.0005153387325726333,0.0004935348044341766,-0.009625979464678096,-0.005579688449967547,-0.003793357244787717,-0.03307182984404016,0.0,0.9997486026224499
0.37800000000000006,0.0015707912430323171,0.0,-0.00018113606578188684,-0.0008452140489035182,7.842250656398305e-05,-0.0007446750871732504,-0.0005980965606818818,0.0026359470645042336,-4.812120971833291e-06,-2.9625792901468074e-05,0.00027014903203406986,-0.001077224783380117,0.0008836774846805831,0.0005022940464477695,0.0018265826426910078,0.00115785942454905,0.001303359948533102,-0.0012218462001572928,-0.00018113606578188684,0.0008452140489035182,0.16818952515653332,0.0,0.2640211338654833,-0.031040875724629,0.022405060790966085,0.023926085196991173,0.027179578682481165,-0.010495754823021352,-0.00258903220622505,-0.00308659356165179,0.015620998088337168,0.0032988526059762064,0.00336242745355377,-0.011532310532591915,-0.028113838516228506,-0.019849148319213007,7.842250656398305e-05,0.0007446750871732504,0.2640211338654833,0.031040875724629,0.5309991015635334,0.0,0.025589661216110005,0.06417543233393332,0.030688621458479226,-0.019008448362135947,-0.013393815624027782,-0.011099157151221567,-0.0032923410769198835,0.015263907442689663,0.017745859650543015,-0.014813492115888331,-0.022059178244909168,0.003386625083059314,-0.0005980965606818818,-0.0026359470645042336,0.022405060790966085,-0.023926085196991173,0.025589661216110005,-0.06417543233393332,0.4056014739928833,0.0,0.07481440403748998,0.0202740504544742,0.0034415040996114837,0.0014564548498538173,0.013564315998876936,0.006893117379697288,-0.010228324686072402,-0.0010827095187079334,-0.0016391981996361168,0.0032584029366697067,-4.812120971833291e-06,2.9625792901468074e-05,0.027179578682481165,0.010495754823021352,0.030688621458479226,0.019008448362135947,0.07481440403748998,-0.0202740504544742,0.1045198539491267,0.0,0.05198206119142001,0.006328073780081428,0.016086991017741983,-0.011058193043621083,0.08982795428231831,0.022473623008783045,-0.0003106496219482999,-0.0014046409940733163,0.00027014903203406986,0.001077224783380117,-0.00258903220622505,0.00308659356165179,-0.013393815624027782,0.011099157151221567,0.0034415040996114837,-0.0014564548498538173,0.05198206119142001,-0.006328073780081428,-0.13031224913136671,0.0,-0.09387671426434331,-0.0014316594779184835,0.019793467274440663,-0.004694131529093499,0.0038947828948366833,-0.00048234643889336645,0.0008836774846805831,-0.0005022940464477695,0.015620998088337168,-0.0032988526059762064,-0.0032923410769198835,-0.015263907442689663,0.013564315998876936,-0.006893117379697288,0.016086991017741983,0.011058193043621083,-0.09387671426434331,0.0014316594779184835,-0.0021707996157657003,0.0,-0.029364223633368335,0.02791066065522701,0.0004556257078488534,0.0095980815975259,0.0018265826426910078,-0.00115785942454905,0.00336242745355377,0.011532310532591915,0.017745859650543015,0.014813492115888331,-0.010228324686072402,0.0010827095187079334,0.08982795428231831,-0.022473623008783045,0.019793467274440663,0.004694131529093499,-0.029364223633368335,-0.02791066065522701,-0.04525583699007334,0.0,-0.0056528766154915,0.00372131390863655,0.001303359948533102,0.0012218462001572928,-0.028113838516228506,0.019849148319213007,-0.022059178244909168,-0.003386625083059314,-0.0016391981996361168,-0.0032584029366697067,-0.0003106496219482999,0.0014046409940733163,0.0038947828948366833,0.00048234643889336645,0.0004556257078488534,-0.0095980815975259,-0.0056528766154915,-0.00372131390863655,-0.033393441089767835,0.0,0.9997484190780167
0.37900000000000017,0.0015706077144653835,0.0,0.0007263940782783498,0.0005127099241385162,0.00046189684264496704,0.0005162407629419001,-0.0016252139395403005,-0.002142115865910279,3.3999386936716504e-05,7.411616442955002e-05,0.0005427269614540717,0.000964696681354335,-0.0010157583450001995,0.0002414715144351881,-0.0020860603806438665,0.0004952171837274829,-0.00015502923604336654,0.001810655658161735,0.0007263940782783498,-0.0005127099241385162,0.16726423462926662,0.0,0.26418001045803335,-0.02917977019762365,0.022233474700200803,0.0241022581958455,0.027296424938540665,-0.010382211677107867,-0.002587548703593179,-0.003206198048696433,0.015560532969335837,0.0034293169771869507,0.003418837910857287,-0.011416285523981865,-0.02795600819622034,-0.0196715704729875,0.00046189684264496704,-0.0005162407629419001,0.26418001045803335,0.02917977019762365,0.5313933206567832,0.0,0.025636433533593,0.06396788123935168,0.030517579341856546,-0.01903421811764438,-0.013486222860420288,-0.011254707759645195,-0.0034259667200791694,0.01546672183441224,0.017559793165964562,-0.014663420060238297,-0.022121954543840337,0.003836115030058151,-0.0016252139395403005,0.002142115865910279,0.022233474700200803,-0.0241022581958455,0.025636433533593,-0.06396788123935168,0.4068524808407666,0.0,0.07513044688708334,0.02024293747282533,0.0034449304653217817,0.0015820552853018836,0.013709211504943268,0.007064805549459564,-0.010138251646663498,-0.0009466090914985535,-0.0016378733681238881,0.003585384142477867,3.3999386936716504e-05,-7.411616442955002e-05,0.027296424938540665,0.010382211677107867,0.030517579341856546,0.01903421811764438,0.07513044688708334,-0.02024293747282533,0.10466686351883665,0.0,0.05204406618882666,0.006251408000668497,0.016056338113909434,-0.01107136602537525,0.08993691574453663,0.022447613053961,-0.0003526211727706165,-0.0013762954676922667,0.0005427269614540717,-0.000964696681354335,-0.002587548703593179,0.003206198048696433,-0.013486222860420288,0.011254707759645195,0.0034449304653217817,-0.0015820552853018836,0.05204406618882666,-0.006251408000668497,-0.13044584818186672,0.0,-0.09389530266717834,-0.0014288258898821837,0.019869001001045838,-0.00470204932592627,0.0038157311967071,-0.00046966461240702197,-0.0010157583450001995,-0.0002414715144351881,0.015560532969335837,-0.0034293169771869507,-0.0034259667200791694,-0.01546672183441224,0.013709211504943268,-0.007064805549459564,0.016056338113909434,0.01107136602537525,-0.09389530266717834,0.0014288258898821837,-0.002418305390577867,0.0,-0.029427550644608325,0.027881048788776012,0.00042921022602219994,0.009613166214504,-0.0020860603806438665,-0.0004952171837274829,0.003418837910857287,0.011416285523981865,0.017559793165964562,0.014663420060238297,-0.010138251646663498,0.0009466090914985535,0.08993691574453663,-0.022447613053961,0.019869001001045838,0.00470204932592627,-0.029427550644608325,-0.027881048788776012,-0.04542440441183167,0.0,-0.005685339477870334,0.003613528019647749,-0.00015502923604336654,-0.001810655658161735,-0.02795600819622034,0.0196715704729875,-0.022121954543840337,-0.003836115030058151,-0.0016378733681238881,-0.003585384142477867,-0.0003526211727706165,0.0013762954676922667,0.0038157311967071,0.00046966461240702197,0.00042921022602219994,-0.009613166214504,-0.005685339477870334,-0.003613528019647749,-0.033710713833349004,0.0,0.9997482355420996
0.37999999999999995,0.0015704241945016502,0.0,-0.0009218502950344668,0.00013713420708198344,-0.0006353803526149668,1.1191477867806647e-05,0.002687357389880683,0.00011295645368843375,-0.00012246350494234977,-5.3809742299833437e-05,-0.0010508716726974666,-0.00033757232595342496,0.0005841188755398962,-0.0008819457345072332,0.0011026017693150168,-0.001813971870548333,-0.0011138908614872502,-0.0014573182690279995,-0.0009218502950344668,-0.00013713420708198344,0.16640686271939995,0.0,0.2643632723361501,-0.027288399156093674,0.022074869838601612,0.024269156853581834,0.027424308444956004,-0.010263320156689836,-0.0025778812642211243,-0.0033570189452722093,0.01547565785432817,0.0035649013305068,0.0034519896615100507,-0.011317859704806449,-0.027794645481415494,-0.019479366901510833,-0.0006353803526149668,-1.1191477867806647e-05,0.2643632723361501,0.027288399156093674,0.5317182055499,0.0,0.02563251750240699,0.06373726741103668,0.03028287460492752,-0.019019896041125566,-0.013580069902112699,-0.011443945185702934,-0.00358879750334165,0.015686602299544737,0.017374133369498883,-0.014481951853630779,-0.022207220442605494,0.004328534161822773,0.002687357389880683,-0.00011295645368843375,0.022074869838601612,-0.024269156853581834,0.02563251750240699,-0.06373726741103668,0.4081010779719,0.0,0.07547177896685998,0.020209250847129597,0.0033776641660422163,0.0016815499739917333,0.013836443915187329,0.007304214328243601,-0.010074148598037368,-0.0008194509820934335,-0.0016813320624759465,0.0038925947601979173,-0.00012246350494234977,5.3809742299833437e-05,0.027424308444956004,0.010263320156689836,0.03028287460492752,0.019019896041125566,0.07547177896685998,-0.020209250847129597,0.1048119196490683,0.0,0.052105844384594986,0.006180331042347282,0.0160219185908397,-0.011082884123306843,0.09003406295462671,0.022437015585862627,-0.000412070109830467,-0.0013671407837222336,-0.0010508716726974666,0.00033757232595342496,-0.0025778812642211243,0.0033570189452722093,-0.013580069902112699,0.011443945185702934,0.0033776641660422163,-0.0016815499739917333,0.052105844384594986,-0.006180331042347282,-0.13057835041020002,0.0,-0.09390325674505169,-0.0014127500827463165,0.019940640505055833,-0.004711205607156501,0.00374152946635215,-0.00047780747809165813,0.0005841188755398962,0.0008819457345072332,0.01547565785432817,-0.0035649013305068,-0.00358879750334165,-0.015686602299544737,0.013836443915187329,-0.007304214328243601,0.0160219185908397,0.011082884123306843,-0.09390325674505169,0.0014127500827463165,-0.002665277212401665,0.0,-0.029489268784329996,0.02782613809135667,0.0004196203094594499,0.009651383666824002,0.0011026017693150168,0.001813971870548333,0.0034519896615100507,0.011317859704806449,0.017374133369498883,0.014481951853630779,-0.010074148598037368,0.0008194509820934335,0.09003406295462671,-0.022437015585862627,0.019940640505055833,0.004711205607156501,-0.029489268784329996,-0.02782613809135667,-0.04559338870393501,0.0,-0.00568715442465675,0.003505841857248533,-0.0011138908614872502,0.0014573182690279995,-0.027794645481415494,0.019479366901510833,-0.022207220442605494,-0.004328534161822773,-0.0016813320624759465,-0.0038925947601979173,-0.000412070109830467,0.0013671407837222336,0.00374152946635215,0.00047780747809165813,0.0004196203094594499,-0.009651383666824002,-0.00568715442465675,-0.003505841857248533,-0.03402342174314517,0.0,0.9997480520152002
0.38100000000000017,0.0015702406675401838,0.0,0.0005951067659158514,-0.0007626568111848719,0.0003217600728672002,-0.0004491558897034836,-0.0017805028328421685,0.002017324657355817,0.00019238067865216663,-6.0235902991883587e-05,0.0010056991871515,-0.0004707044902912582,0.00018862853548185003,0.0010398894041553667,0.0004998310581503999,0.002044546491904267,0.0018157804525341249,0.00032998632556405016,0.0005951067659158514,0.0007626568111848719,0.16561778816338332,0.0,0.2646130521683833,-0.025409149055032665,0.021912268083965885,0.024435042517201157,0.027567583747064656,-0.010127695335753504,-0.0025421653808473587,-0.0035326351087148497,0.01539182094276903,0.0036957681707193166,0.0034891637933188763,-0.011222102827681768,-0.027670988504239335,-0.019286259020098666,0.0003217600728672002,0.0004491558897034836,0.2646130521683833,0.025409149055032665,0.5319735638384001,0.0,0.02556733002710447,0.06348337143619834,0.030066203307512158,-0.018999625186338735,-0.013657008947161871,-0.011642437474394666,-0.003756221498123166,0.01583785495094975,0.0171944183846617,-0.014232079792154632,-0.022297735363159828,0.004800805754923101,-0.0017805028328421685,-0.002017324657355817,0.021912268083965885,-0.024435042517201157,0.02556733002710447,-0.06348337143619834,0.4093470991402166,0.0,0.07583434311816166,0.020179991252422067,0.003296042297667633,0.0017335445432288827,0.013918241140537147,0.007547603400487933,-0.010013564316742832,-0.0007199342931740664,-0.0018092629397677168,0.004168727649141267,0.00019238067865216663,6.0235902991883587e-05,0.027567583747064656,0.010127695335753504,0.030066203307512158,0.018999625186338735,0.07583434311816166,-0.020179991252422067,0.10495590204206498,0.0,0.05221211598702834,0.006143831005427485,0.015976111920266538,-0.011090741680727682,0.09014095800227499,0.022429501281843543,-0.00047305679852575086,-0.0013730890557975336,0.0010056991871515,0.0004707044902912582,-0.0025421653808473587,0.0035326351087148497,-0.013657008947161871,0.011642437474394666,0.003296042297667633,-0.0017335445432288827,0.05221211598702834,-0.006143831005427485,-0.13071097325328332,0.0,-0.09391326778389,-0.0013846988929755943,0.02003565342991633,-0.004753698140158484,0.0036622872620441834,-0.0004805194347706667,0.00018862853548185003,-0.0010398894041553667,0.01539182094276903,-0.0036957681707193166,-0.003756221498123166,-0.01583785495094975,0.013918241140537147,-0.007547603400487933,0.015976111920266538,0.011090741680727682,-0.09391326778389,0.0013846988929755943,-0.0029111739738681007,0.0,-0.02952685081911,0.027751605354549503,0.0004076640068158265,0.009653943504610166,0.0004998310581503999,-0.002044546491904267,0.0034891637933188763,0.011222102827681768,0.0171944183846617,0.014232079792154632,-0.010013564316742832,0.0007199342931740664,0.09014095800227499,-0.022429501281843543,0.02003565342991633,0.004753698140158484,-0.02952685081911,-0.027751605354549503,-0.04576312362377834,0.0,-0.005700766688601201,0.003418311323400092,0.0018157804525341249,-0.00032998632556405016,-0.027670988504239335,0.019286259020098666,-0.022297735363159828,-0.004800805754923101,-0.0018092629397677168,-0.004168727649141267,-0.00047305679852575086,0.0013730890557975336,0.0036622872620441834,0.0004805194347706667,0.0004076640068158265,-0.009653943504610166,-0.005700766688601201,-0.003418311323400092,-0.03433145451956185,0.0,0.9997478684810166
0.38200000000000034,0.001570057120442016,0.0,8.020819862734011e-05,0.0009820004929876115,0.0001645753925068167,0.00044851434754978177,-0.0004566033637109764,-0.0026440163440595503,-0.00013958743166125003,0.00025032449800364994,-0.0004102863562942167,0.0010457529493573,-0.0008553306015268332,-0.0006128915923840699,-0.001780590296184284,-0.0010802729857041999,-0.0015845372497228665,0.000989541823067984,8.020819862734011e-05,-0.0009820004929876115,0.16489591492541666,0.0,0.2648964498336833,-0.023568506416285367,0.021734439748555306,0.02462898790580084,0.027703797645230833,-0.010006192330745366,-0.002493024242540477,-0.0036800204908127997,0.015324102949411026,0.0038256770478547002,0.0035482901025975628,-0.011134103372594304,-0.02758190670499717,-0.019096805936776907,0.0001645753925068167,-0.00044851434754978177,0.2648964498336833,0.023568506416285367,0.5321611274125333,0.0,0.025465425688627898,0.06321107547884668,0.029897302875619258,-0.01900268177810342,-0.013718095685968863,-0.011828961352276828,-0.0038979982261589654,0.01592705623463511,0.01701794013685241,-0.013975189469512329,-0.022383318867234003,0.005236667467075253,-0.0004566033637109764,0.0026440163440595503,0.021734439748555306,-0.02462898790580084,0.025465425688627898,-0.06321107547884668,0.4105905897038834,0.0,0.07618215285822334,0.020173208076952016,0.0032392337714571,0.001767397460491967,0.01397944861152418,0.00776217433498195,-0.009965859920460934,-0.0006029295632662662,-0.0019864746856326962,0.0044175420934653665,-0.00013958743166125003,-0.00025032449800364994,0.027703797645230833,0.010006192330745366,0.029897302875619258,0.01900268177810342,0.07618215285822334,-0.020173208076952016,0.10509915080538497,0.0,0.052341429372103315,0.006119503499237931,0.01593573540862904,-0.011084957259929458,0.09024754325350498,0.022415944611932026,-0.0005072119366684161,-0.001383446866731767,-0.0004102863562942167,-0.0010457529493573,-0.002493024242540477,0.0036800204908127997,-0.013718095685968863,0.011828961352276828,0.0032392337714571,-0.001767397460491967,0.052341429372103315,-0.006119503499237931,-0.13084451261506666,0.0,-0.09393299386470003,-0.0013695163568703832,0.020128871051518667,-0.004814015866785134,0.0035865828080014115,-0.00045952073521268315,-0.0008553306015268332,0.0006128915923840699,0.015324102949411026,-0.0038256770478547002,-0.0038979982261589654,-0.01592705623463511,0.01397944861152418,-0.00776217433498195,0.01593573540862904,0.011084957259929458,-0.09393299386470003,0.0013695163568703832,-0.003156392624669317,0.0,-0.029571816132409997,0.027688032724443836,0.00037406575236558523,0.009611437831537166,-0.001780590296184284,0.0010802729857041999,0.0035482901025975628,0.011134103372594304,0.01701794013685241,0.013975189469512329,-0.009965859920460934,0.0006029295632662662,0.09024754325350498,-0.022415944611932026,0.020128871051518667,0.004814015866785134,-0.029571816132409997,-0.027688032724443836,-0.04593341580682001,0.0,-0.005728008472843135,0.003326255514797232,-0.0015845372497228665,-0.000989541823067984,-0.02758190670499717,0.019096805936776907,-0.022383318867234003,-0.005236667467075253,-0.0019864746856326962,-0.0044175420934653665,-0.0005072119366684161,0.001383446866731767,0.0035865828080014115,0.00045952073521268315,0.00037406575236558523,-0.009611437831537166,-0.005728008472843135,-0.003326255514797232,-0.03463483399429666,0.0,0.9997476849266669
0.3829999999999994,0.0015698735668142167,0.0,-0.0007327011796815668,-0.0006795078618287755,-0.00042855250129311684,-0.00013327613749708993,0.002332259746100633,0.0013041557398893661,-0.00011079277995143348,-0.00035154162380958767,-0.0004258520281209666,-0.0010415153931255833,0.001040878084858,-0.00014833721434566685,0.0019907907926410336,-0.0004930051713710331,0.00050734126541265,-0.0018330059755007505,-0.0007327011796815668,0.0006795078618287755,0.16423963756718332,0.0,0.2651731857067499,-0.02175482307887928,0.021542151439060818,0.024862264932669832,0.027824957728816834,-0.009929680405787535,-0.0024589616936124487,-0.0037868452877514495,0.015246544937566683,0.003969129461623715,0.003608481774203832,-0.011066974631507635,-0.027503570042969657,-0.018896252664664697,-0.00042855250129311684,0.00013327613749708993,0.2651731857067499,0.02175482307887928,0.5322825232443334,0.0,0.025349588095402834,0.06293676470368667,0.029737447781365108,-0.019006855192150795,-0.013755496872914736,-0.0120186158281035,-0.004040538441954585,0.016038566697682288,0.016850651963334965,-0.013766096532039496,-0.022491915282993505,0.00569079423317946,0.002332259746100633,-0.0013041557398893661,0.021542151439060818,-0.024862264932669832,0.025349588095402834,-0.06293676470368667,0.41183194538679996,0.0,0.07651595355929,0.020187969662315664,0.0031702946761274155,0.0018055399884440095,0.014033623682816104,0.007995068887426213,-0.00996872211830891,-0.00045682476144011673,-0.0021567815084581584,0.004656811699518201,-0.00011079277995143348,0.00035154162380958767,0.027824957728816834,0.009929680405787535,0.029737447781365108,0.019006855192150795,0.07651595355929,-0.020187969662315664,0.10524079811890667,0.0,0.05245327744205333,0.006065816693375203,0.015918172612958217,-0.011068941267954185,0.09032637070189335,0.02239535424131008,-0.0005199475428290698,-0.0013940240270914831,-0.0004258520281209666,0.0010415153931255833,-0.0024589616936124487,0.0037868452877514495,-0.013755496872914736,0.0120186158281035,0.0031702946761274155,-0.0018055399884440095,0.05245327744205333,-0.006065816693375203,-0.1309778242006333,0.0,-0.09396197597500167,-0.0013834122335183335,0.02018987982888349,-0.0048492440926148645,0.0035339880729506495,-0.00042909510616598345,0.001040878084858,0.00014833721434566685,0.015246544937566683,-0.003969129461623715,-0.004040538441954585,-0.016038566697682288,0.014033623682816104,-0.007995068887426213,0.015918172612958217,0.011068941267954185,-0.09396197597500167,0.0013834122335183335,-0.003402234322942249,0.0,-0.029651184363183335,0.02765038130680634,0.0003269215728180352,0.009571218816687667,0.0019907907926410336,0.0004930051713710331,0.003608481774203832,0.011066974631507635,0.016850651963334965,0.013766096532039496,-0.00996872211830891,0.00045682476144011673,0.09032637070189335,-0.02239535424131008,0.02018987982888349,0.0048492440926148645,-0.029651184363183335,-0.02765038130680634,-0.04610385381306501,0.0,-0.005727211957258049,0.003211206263399168,0.00050734126541265,0.0018330059755007505,-0.027503570042969657,0.018896252664664697,-0.022491915282993505,-0.00569079423317946,-0.0021567815084581584,-0.004656811699518201,-0.0005199475428290698,0.0013940240270914831,0.0035339880729506495,0.00042909510616598345,0.0003269215728180352,-0.009571218816687667,-0.005727211957258049,-0.003211206263399168,-0.03493336418153334,0.0,0.9997475013660665
0.38400000000000023,0.001569690016723417,0.0,0.0010157340789054014,-1.0196806609126697e-05,0.0003816368307297168,-0.00025197198683670906,-0.00247618495294,0.00096908642948605,0.0003954664230375033,0.00018822702566934297,0.0010058667199885167,0.0004613589811078163,-0.0006510752774458433,0.0008217341102458498,-0.0010353058624119247,0.0017325977853381003,0.0008900117294537834,0.0017151478524602575,0.0010157340789054014,1.0196806609126697e-05,0.16364782008599998,0.0,0.2654351917536333,-0.019958505695198196,0.021338691951430802,0.0251088450562025,0.02795075991220417,-0.009880499422327521,-0.0024351563393275864,-0.003901152541934033,0.015131699123364485,0.0041209824856846,0.0036436250209807503,-0.011011866136151755,-0.027438538247186003,-0.018687771073331527,0.0003816368307297168,0.00025197198683670906,0.2654351917536333,0.019958505695198196,0.5323381379766833,0.0,0.02522016620888933,0.06267549115705166,0.0295587381060845,-0.01897607707567981,-0.013741887442168402,-0.012225181514946662,-0.004230793821880751,0.016183038265484916,0.01669434492801293,-0.013569405368955002,-0.022646746912486825,0.006193610712511166,-0.00247618495294,-0.00096908642948605,0.021338691951430802,-0.0251088450562025,0.02522016620888933,-0.06267549115705166,0.41307171548011656,0.0,0.07686060868797003,0.020202184648605497,0.0030601953895627843,0.0018195739452159406,0.014051250560564114,0.008271817412887801,-0.010018963371859821,-0.00033886545180271665,-0.002330199697146967,0.004881442508400067,0.0003954664230375033,-0.00018822702566934297,0.02795075991220417,0.009880499422327521,0.0295587381060845,0.01897607707567981,0.07686060868797003,-0.020202184648605497,0.10537983186859003,0.0,0.05255109349050835,0.005992020895375453,0.015907577438520008,-0.011061129917259153,0.09037147557205166,0.022369139124369122,-0.0005398945862888729,-0.0014095711557984662,0.0010058667199885167,-0.0004613589811078163,-0.0024351563393275864,0.003901152541934033,-0.013741887442168402,0.012225181514946662,0.0030601953895627843,-0.0018195739452159406,0.05255109349050835,-0.005992020895375453,-0.13110922822718335,0.0,-0.09398611603443337,-0.0014102625630170171,0.020230625521091,-0.004860006137307519,0.0035032152398973837,-0.0004086118095929833,-0.0006510752774458433,-0.0008217341102458498,0.015131699123364485,-0.0041209824856846,-0.004230793821880751,-0.016183038265484916,0.014051250560564114,-0.008271817412887801,0.015907577438520008,0.011061129917259153,-0.09398611603443337,0.0014102625630170171,-0.0036497168296789556,0.0,-0.029732513812738327,0.027621782427036164,0.00028948347771525336,0.009551251484482,-0.0010353058624119247,-0.0017325977853381003,0.0036436250209807503,0.011011866136151755,0.01669434492801293,0.013569405368955002,-0.010018963371859821,0.00033886545180271665,0.09037147557205166,-0.022369139124369122,0.020230625521091,0.004860006137307519,-0.029732513812738327,-0.027621782427036164,-0.04627417450536667,0.0,-0.005683082619610248,0.003098644993511569,0.0008900117294537834,-0.0017151478524602575,-0.027438538247186003,0.018687771073331527,-0.022646746912486825,-0.006193610712511166,-0.002330199697146967,-0.004881442508400067,-0.0005398945862888729,0.0014095711557984662,0.0035032152398973837,0.0004086118095929833,0.00028948347771525336,-0.009551251484482,-0.005683082619610248,-0.003098644993511569,-0.035226758057448335,0.0,0.9997473178086003
0.3850000000000004,0.0015695064664985,0.0,-0.000729791524017862,0.0007129664029617166,-9.875292476916763e-06,0.0004722693578818234,0.0008239327211259143,-0.002502401157471083,-0.00047746553299263375,0.00017019154848391685,-0.0010259569429160165,0.00033470019855010014,-0.00010011615592623339,-0.0010306770885203501,-0.0005001133531813818,-0.0019340708867582176,-0.0018436549929135668,-0.0006566256364742049,-0.000729791524017862,-0.0007129664029617166,0.16311976933461672,0.0,0.26569618329030004,-0.01819519815224517,0.021132548219907506,0.0253443601157986,0.028089370513356172,-0.00982520316054653,-0.002392723845659933,-0.0040529900480143636,0.015000387017269067,0.004255903623532617,0.0036589529477883483,-0.010947235603555362,-0.027407319819174335,-0.0185055039749976,-9.875292476916763e-06,-0.0004722693578818234,0.26569618329030004,0.01819519815224517,0.5323285058837166,0.0,0.02507645320387817,0.06242038760950501,0.029392089130299264,-0.018928258968820486,-0.013669701710091272,-0.012427734745800164,-0.004460444993035366,0.016274582153458155,0.01653726463014189,-0.013330945211913513,-0.02281883681979817,0.006695873107582516,0.0008239327211259143,0.002502401157471083,0.021132548219907506,-0.0253443601157986,0.02507645320387817,-0.06242038760950501,0.41430991127620004,0.0,0.07721234691760669,0.020198569860631826,0.002958861175745967,0.0017899971470971658,0.014012283598638422,0.0085249498076253,-0.010063060267948303,-0.00028158759855061676,-0.0025536303625761105,0.0050571724843673374,-0.00047746553299263375,-0.00017019154848391685,0.028089370513356172,0.00982520316054653,0.029392089130299264,0.018928258968820486,0.07721234691760669,-0.020198569860631826,0.10551644298949833,0.0,0.05266616599467166,0.0059435871419860125,0.015871732664951586,-0.011072303534184598,0.09040799998854834,0.02233875915907948,-0.0005694824425642072,-0.001431356048475567,-0.0010259569429160165,-0.00033470019855010014,-0.002392723845659933,0.0040529900480143636,-0.013669701710091272,0.012427734745800164,0.002958861175745967,-0.0017899971470971658,0.05266616599467166,-0.0059435871419860125,-0.13123886305139995,0.0,-0.09399574189385329,-0.001424637883032534,0.02028201972652217,-0.0048916106246441856,0.003468615806263799,-0.0003962997729238167,-0.00010011615592623339,0.0010306770885203501,0.015000387017269067,-0.004255903623532617,-0.004460444993035366,-0.016274582153458155,0.014012283598638422,-0.0085249498076253,0.015871732664951586,0.011072303534184598,-0.09399574189385329,0.001424637883032534,-0.0038987257186562166,0.0,-0.02977104671144333,0.0275829514980425,0.0002692628626751165,0.009509444256130132,-0.0005001133531813818,0.0019340708867582176,0.0036589529477883483,0.010947235603555362,0.01653726463014189,0.013330945211913513,-0.010063060267948303,0.00028158759855061676,0.09040799998854834,-0.02233875915907948,0.02028201972652217,0.0048916106246441856,-0.02977104671144333,-0.0275829514980425,-0.04644425791782832,0.0,-0.005635228513394403,0.0030180847377781167,-0.0018436549929135668,0.0006566256364742049,-0.027407319819174335,0.0185055039749976,-0.02281883681979817,-0.006695873107582516,-0.0025536303625761105,-0.0050571724843673374,-0.0005694824425642072,0.001431356048475567,0.003468615806263799,0.0003962997729238167,0.0002692628626751165,-0.009509444256130132,-0.005635228513394403,-0.0030180847377781167,-0.03551515501146833,0.0,0.9997471342511002
0.3859999999999995,0.0015693229002333674,0.0,5.250032484698351e-05,-0.0010031608772165838,-0.0004104586062434831,-0.0002592637412219167,0.001380916859734383,0.002193572573694117,0.0002620648197901582,-0.0005244371950658413,0.0005099932100459901,-0.0009263177283598532,0.0007824118049454498,0.0006563915436929914,0.0017243785305156732,0.0009893696223592,0.0018298771143147481,-0.0007851593777721383,5.250032484698351e-05,0.0010031608772165838,0.16265446731058328,0.0,0.26598430700424996,-0.016482238872534003,0.02094219147439484,0.02557997761582781,0.028222544760796168,-0.009768923097570081,-0.002329947570547767,-0.00420826341179589,0.014892618638291052,0.004366882465620366,0.003676233629763312,-0.010870719157792218,-0.027400174956473,-0.01837103045829155,-0.0004104586062434831,0.0002592637412219167,0.26598430700424996,0.016482238872534003,0.5322556637096333,0.0,0.024942649920405666,0.06215830560324999,0.029277577884253076,-0.018912087817716652,-0.013573152791346677,-0.012602401833995518,-0.004678282271254561,0.016278369307281628,0.016370377194559797,-0.013077932543549378,-0.022965686417778172,0.007143531632594032,0.001380916859734383,-0.002193572573694117,0.02094219147439484,-0.02557997761582781,0.024942649920405666,-0.06215830560324999,0.4155459998144166,0.0,0.07755004464455165,0.020180070443489673,0.0029257631975590334,0.0017536962973442008,0.013953435355423482,0.008691324488849851,-0.010080765138335281,-0.00023951780266074672,-0.002820277533072184,0.005172945388822032,0.0002620648197901582,0.0005244371950658413,0.028222544760796168,0.009768923097570081,0.029277577884253076,0.018912087817716652,0.07755004464455165,-0.020180070443489673,0.10565170534078001,0.0,0.05280360841836332,0.005925015707216032,0.01580840293664437,-0.011092012807384167,0.09046884003467168,0.02231123751285828,-0.0005832615409808688,-0.0014517966107608995,0.0005099932100459901,0.0009263177283598532,-0.002329947570547767,0.00420826341179589,-0.013573152791346677,0.012602401833995518,0.0029257631975590334,-0.0017536962973442008,0.05280360841836332,-0.005925015707216032,-0.13136818177071663,0.0,-0.0940074470995533,-0.0014281614256068166,0.020344820269149005,-0.0049599263077311105,0.0034153844797334657,-0.00037617857397683824,0.0007824118049454498,-0.0006563915436929914,0.014892618638291052,-0.004366882465620366,-0.004678282271254561,-0.016278369307281628,0.013953435355423482,-0.008691324488849851,0.01580840293664437,0.011092012807384167,-0.0940074470995533,0.0014281614256068166,-0.00414875846190075,0.0,-0.02978399742310333,0.02754700681291065,0.00025114772165720796,0.009424395263811265,0.0017243785305156732,-0.0009893696223592,0.003676233629763312,0.010870719157792218,0.016370377194559797,0.013077932543549378,-0.010080765138335281,0.00023951780266074672,0.09046884003467168,-0.02231123751285828,0.020344820269149005,0.0049599263077311105,-0.02978399742310333,-0.02754700681291065,-0.04661401499562668,0.0,-0.005614188196269519,0.0029569629442338335,0.0018298771143147481,0.0007851593777721383,-0.027400174956473,0.01837103045829155,-0.022965686417778172,-0.007143531632594032,-0.002820277533072184,-0.005172945388822032,-0.0005832615409808688,0.0014517966107608995,0.0034153844797334657,0.00037617857397683824,0.00025114772165720796,-0.009424395263811265,-0.005614188196269519,-0.0029569629442338335,-0.035799253169925,0.0,0.9997469506777502
0.38700000000000034,0.0015691393223330496,0.0,0.0006171130957055,0.0007706230653969936,0.0004548765756253833,-0.00019094058287256666,-0.0025217039989060995,-0.0003298503821516497,0.000203282759705583,0.0006321866573641804,0.0002670554641170155,0.0010050764323353367,-0.001014666795039566,7.379101496526328e-05,-0.001900278001821217,0.0005437896274704916,-0.0008265583692834803,0.0018647321155722165,0.0006171130957055,-0.0007706230653969936,0.1622507592258833,0.0,0.2662575460675833,-0.014794999296321271,0.020783758904544165,0.025829073531968828,0.028328855736248174,-0.009744552165771485,-0.0022722274565442685,-0.0043311129377152065,0.014801547827571081,0.004471307740994381,0.0036929706090669512,-0.010800523905235098,-0.02738065579230199,-0.018258375572970564,0.0004548765756253833,0.00019094058287256666,0.2662575460675833,0.014794999296321271,0.5321218068931332,0.0,0.024833553875596003,0.061880034706275,0.029186944608260452,-0.018925353355948648,-0.013486356234093617,-0.012754744252646166,-0.00487000882537745,0.016278166906307324,0.0162025134688565,-0.01286985120995557,-0.023097489051521328,0.007553034013896032,-0.0025217039989060995,0.0003298503821516497,0.020783758904544165,-0.025829073531968828,0.024833553875596003,-0.061880034706275,0.4167793243171499,0.0,0.07786471355998169,0.020154109590051504,0.00293398826955725,0.0017452616592531956,0.013917169153506713,0.008811384060599567,-0.0101093980121259,-0.00015842078995623318,-0.0030739652220389993,0.005259216588531229,0.000203282759705583,-0.0006321866573641804,0.028328855736248174,0.009744552165771485,0.029186944608260452,0.018925353355948648,0.07786471355998169,-0.020154109590051504,0.10578603511486499,0.0,0.05292629500036331,0.005884404111976654,0.015737258807225797,-0.011104956850327448,0.09053990306259997,0.02228597003202828,-0.000572561908606383,-0.0014715867542063337,0.0002670554641170155,-0.0010050764323353367,-0.0022722274565442685,0.0043311129377152065,-0.013486356234093617,0.012754744252646166,0.00293398826955725,-0.0017452616592531956,0.05292629500036331,-0.005884404111976654,-0.13149739643816669,0.0,-0.094018744425425,-0.0014386162099944495,0.020391719220016494,-0.005019120142949417,0.003362251758633367,-0.00034882048323283337,-0.001014666795039566,-7.379101496526328e-05,0.014801547827571081,-0.004471307740994381,-0.00487000882537745,-0.016278166906307324,0.013917169153506713,-0.008811384060599567,0.015737258807225797,0.011104956850327448,-0.094018744425425,0.0014386162099944495,-0.004399873468896148,0.0,-0.029818002458504998,0.027528607060016166,0.0002219905419661999,0.009344831231031935,-0.001900278001821217,-0.0005437896274704916,0.0036929706090669512,0.010800523905235098,0.0162025134688565,0.01286985120995557,-0.0101093980121259,0.00015842078995623318,0.09053990306259997,-0.02228597003202828,0.020391719220016494,0.005019120142949417,-0.029818002458504998,-0.027528607060016166,-0.04678334711713166,0.0,-0.005588726235051702,0.0028843300417659974,-0.0008265583692834803,-0.0018647321155722165,-0.02738065579230199,0.018258375572970564,-0.023097489051521328,-0.007553034013896032,-0.0030739652220389993,-0.005259216588531229,-0.000572561908606383,0.0014715867542063337,0.003362251758633367,0.00034882048323283337,0.0002219905419661999,-0.009344831231031935,-0.005588726235051702,-0.0028843300417659974,-0.03607968075666666,0.0,0.9997467670924166
0.3880000000000005,0.0015689557495871499,0.0,-0.00097772827436583,-0.0001524664500310499,-0.00015016102508252671,0.0004691951351082166,0.0018404723906606114,-0.0017030734120371165,-0.0006454838070907836,-0.0003315887115535003,-0.0008697410600817166,-0.0005301231651109667,0.0006896036418044163,-0.0007508747558493084,0.0009334243734091834,-0.0017206932417936003,-0.00068795391030137,-0.001968028454087634,-0.00097772827436583,0.0001524664500310499,0.16190816091510002,0.0,0.2665207686221,-0.01310525621535194,0.020660102768676938,0.026082751963089998,0.028415948530005005,-0.009752617639462858,-0.0022245295610276547,-0.004445438826406508,0.014697233789595218,0.0045821498851812,0.003681667927024855,-0.010751649000459851,-0.02734368834203832,-0.01814070486179657,-0.00015016102508252671,-0.0004691951351082166,0.2665207686221,0.01310525621535194,0.5319273414157835,0.0,0.024735564286637837,0.06159877555154667,0.029059511884699962,-0.018919862393016813,-0.013404396422002866,-0.01290167652364872,-0.005075396750835782,0.016353061787634935,0.016037932709685385,-0.012707416149213587,-0.023263986897967003,0.007968163161269397,0.0018404723906606114,0.0017030734120371165,0.020660102768676938,-0.026082751963089998,0.024735564286637837,-0.06159877555154667,0.4180096342328834,0.0,0.07818919698252,0.020123801871129495,0.0029192366794252005,0.0017358665585944187,0.013897417513462454,0.008966965574921533,-0.010173448791184,-5.036734335920025e-05,-0.003288942800485616,0.005336359202118316,-0.0006454838070907836,0.0003315887115535003,0.028415948530005005,0.009752617639462858,0.029059511884699962,0.018919862393016813,0.07818919698252,-0.020123801871129495,0.10591863394718999,0.0,0.05302941397215332,0.0057960165986514585,0.015667931439637447,-0.011114372194860448,0.09061152028046164,0.02226030841033206,-0.0005583488715870152,-0.0015033003614578829,-0.0008697410600817166,0.0005301231651109667,-0.0022245295610276547,0.004445438826406508,-0.013404396422002866,0.01290167652364872,0.0029192366794252005,-0.0017358665585944187,0.05302941397215332,-0.0057960165986514585,-0.13162501069395,0.0,-0.09402556250307498,-0.001456688492366003,0.020420372055199008,-0.005035347200185707,0.0033307971572134483,-0.0003314683096084316,0.0006896036418044163,0.0007508747558493084,0.014697233789595218,-0.0045821498851812,-0.005075396750835782,-0.016353061787634935,0.013897417513462454,-0.008966965574921533,0.015667931439637447,0.011114372194860448,-0.09402556250307498,0.001456688492366003,-0.004652295429602835,0.0,-0.029884450042773323,0.027515596599071164,0.00019151312679000014,0.009322713722195796,0.0009334243734091834,0.0017206932417936003,0.003681667927024855,0.010751649000459851,0.016037932709685385,0.012707416149213587,-0.010173448791184,5.036734335920025e-05,0.09061152028046164,-0.02226030841033206,0.020420372055199008,0.005035347200185707,-0.029884450042773323,-0.027515596599071164,-0.04695219796165999,0.0,-0.00551945261216083,0.0028029937501098125,-0.00068795391030137,0.001968028454087634,-0.02734368834203832,0.01814070486179657,-0.023263986897967003,-0.007968163161269397,-0.003288942800485616,-0.005336359202118316,-0.0005583488715870152,0.0015033003614578829,0.0033307971572134483,0.0003314683096084316,0.00019151312679000014,-0.009322713722195796,-0.00551945261216083,-0.0028029937501098125,-0.036356638662845005,0.0,0.9997465835126997
0.3889999999999996,0.0015687721840024825,0.0,0.0008217186071825318,-0.0005755033583382266,-0.0002728688224398166,-0.00042353984622054997,0.00013537043372521782,0.002486535244214633,0.0007464174890531334,-0.0002336393100493165,0.000973547720895667,-0.0002100268228913751,9.478783855483043e-06,0.001013458215626223,0.0005536918792308374,0.0018553574341336502,0.0018725276063624979,0.0009693440849385525,0.0008217186071825318,0.0005755033583382266,0.1616266705377833,0.0,0.26679038858805,-0.011420997741048133,0.0205551055654096,0.026322599079528167,0.028495400203920496,-0.009754559442399875,-0.0021625387201177912,-0.004583364272740623,0.014583303724146216,0.004696302701255835,0.0036318584607407914,-0.0107155526172421,-0.02731329141860933,-0.01802714459243587,-0.0002728688224398166,0.00042353984622054997,0.26679038858805,0.011420997741048133,0.5316718344729834,0.0,0.024608859741728165,0.06131190811934832,0.02887498594418951,-0.01887581761616408,-0.01331114452654713,-0.013044175881692087,-0.005309042625897467,0.01646225224317505,0.015853383368584318,-0.0125372570564678,-0.023466508501849167,0.00838197673136402,0.00013537043372521782,-0.002486535244214633,0.0205551055654096,-0.026322599079528167,0.024608859741728165,-0.06131190811934832,0.4192368587181,0.0,0.07853000790899832,0.020081436421440894,0.0028895725134137,0.0016899786421928627,0.013860880984365269,0.0091517781185854,-0.010235601245909802,4.64463920175167e-05,-0.0034942235595106065,0.005374306290135106,0.0007464174890531334,0.0002336393100493165,0.028495400203920496,0.009754559442399875,0.02887498594418951,0.01887581761616408,0.07853000790899832,-0.020081436421440894,0.10604904100727838,0.0,0.05313688367240333,0.005707603523194351,0.015581616940332032,-0.01112990352881984,0.090681519343855,0.022233028502266383,-0.0005525867938986434,-0.0015501385750157535,0.000973547720895667,0.0002100268228913751,-0.0021625387201177912,0.004583364272740623,-0.01331114452654713,0.013044175881692087,0.0028895725134137,-0.0016899786421928627,0.05313688367240333,-0.005707603523194351,-0.13175022765188327,0.0,-0.09401132109858504,-0.0014664081552992455,0.020453726569875662,-0.005043081837922953,0.0033100149190941172,-0.0003302048899656999,9.478783855483043e-06,-0.001013458215626223,0.014583303724146216,-0.004696302701255835,-0.005309042625897467,-0.01646225224317505,0.013860880984365269,-0.0091517781185854,0.015581616940332032,0.01112990352881984,-0.09401132109858504,0.0014664081552992455,-0.00490558189598755,0.0,-0.029951431675575003,0.027474921838906166,0.00017206966628326636,0.009332378773537348,0.0005536918792308374,-0.0018553574341336502,0.0036318584607407914,0.0107155526172421,0.015853383368584318,0.0125372570564678,-0.010235601245909802,-4.64463920175167e-05,0.090681519343855,-0.022233028502266383,0.020453726569875662,0.005043081837922953,-0.029951431675575003,-0.027474921838906166,-0.047120685340568354,0.0,-0.0054250311123435835,0.002735429969216567,0.0018725276063624979,-0.0009693440849385525,-0.02731329141860933,0.01802714459243587,-0.023466508501849167,-0.00838197673136402,-0.0034942235595106065,-0.005374306290135106,-0.0005525867938986434,0.0015501385750157535,0.0033100149190941172,0.0003302048899656999,0.00017206966628326636,-0.009332378773537348,-0.0054250311123435835,-0.002735429969216567,-0.03663028209216667,0.0,0.9997463999397335
0.39000000000000035,0.0015685886112512672,0.0,-0.0001954087060267819,0.00098975959857203,0.0005402892823095712,1.9097836428375238e-05,-0.002001280453900916,-0.0014633578730860303,-0.0004077076898164668,0.0007530928377517828,-0.0005485275778323,0.0008164501083056384,-0.00069897617670429,-0.000711918040698102,-0.0016830303440890332,-0.0009150797514340882,-0.0020371447642133335,0.0005783334236972836,-0.0001954087060267819,-0.00098975959857203,0.1614057140786667,0.0,0.26713353346740004,-0.00978166589137167,0.020461325438328463,0.026560551694063666,0.02857137489567351,-0.009732084362504702,-0.0020817874068394496,-0.004724153249255894,0.014494982818678144,0.004813331409384016,0.0035702200003628485,-0.010677001082681718,-0.027306985713876502,-0.017933089681605997,0.0005402892823095712,-1.9097836428375238e-05,0.26713353346740004,0.00978166589137167,0.5313562520234834,0.0,0.024436296489247493,0.06101203155132999,0.028687313136608793,-0.018832833166014043,-0.013223769648531952,-0.01317785441025448,-0.0055225585370709505,0.016536182190548684,0.01563439887561385,-0.012337120147621648,-0.023649059909514998,0.008757263106240238,-0.002001280453900916,0.0014633578730860303,0.020461325438328463,-0.026560551694063666,0.024436296489247493,-0.06101203155132999,0.4204606477507834,0.0,0.07887199453092167,0.020033997189997602,0.0028984624157008514,0.0016399337546051666,0.013808857801917837,0.009301480919594268,-0.010266828923801286,0.0001367843834671335,-0.003713666165452822,0.005343693903653016,-0.0004077076898164668,-0.0007530928377517828,0.02857137489567351,0.009732084362504702,0.028687313136608793,0.018832833166014043,0.07887199453092167,-0.020033997189997602,0.10617819036539504,0.0,0.05326935945104833,0.005668087081684222,0.015466716857339984,-0.011150461258536684,0.09077200368293833,0.022207644456135937,-0.0005390622632015164,-0.0015955006391306333,-0.0005485275778323,-0.0008164501083056384,-0.0020817874068394496,0.004724153249255894,-0.013223769648531952,0.01317785441025448,0.0028984624157008514,-0.0016399337546051666,0.05326935945104833,-0.005668087081684222,-0.13187422851220004,0.0,-0.09399467417459166,-0.0014649802180709106,0.020506114958177498,-0.005089947272726434,0.0032759536724511497,-0.00033092948194935005,-0.00069897617670429,0.000711918040698102,0.014494982818678144,-0.004813331409384016,-0.0055225585370709505,-0.016536182190548684,0.013808857801917837,-0.009301480919594268,0.015466716857339984,0.011150461258536684,-0.09399467417459166,0.0014649802180709106,-0.005158910702221511,0.0,-0.030013403783441663,0.027405735427056002,0.00015580673610065006,0.009312129901873467,-0.0016830303440890332,0.0009150797514340882,0.0035702200003628485,0.010677001082681718,0.01563439887561385,0.012337120147621648,-0.010266828923801286,-0.0001367843834671335,0.09077200368293833,-0.022207644456135937,0.020506114958177498,0.005089947272726434,-0.030013403783441663,-0.027405735427056002,-0.047289048772365,0.0,-0.0053556833531067825,0.0026796433460864366,-0.0020371447642133335,-0.0005783334236972836,-0.027306985713876502,0.017933089681605997,-0.023649059909514998,-0.008757263106240238,-0.003713666165452822,-0.005343693903653016,-0.0005390622632015164,0.0015955006391306333,0.0032759536724511497,0.00033092948194935005,0.00015580673610065006,-0.009312129901873467,-0.0053556833531067825,-0.0026796433460864366,-0.03690098848311999,0.0,0.9997462163596167
0.3909999999999994,0.0015684050196010499,0.0,-0.0005310085060336642,-0.0008550840184896951,-0.00035969571674483687,0.00046348887019516676,0.0023846486222221666,-0.0006295681788823002,-0.0002677025699430334,-0.0009078990371668084,-0.00018769395857176657,-0.0009653860783404351,0.0009854628265212498,1.6195411812299898e-05,0.0018129600879447155,-0.0005285441884390502,0.0011044522753257601,-0.0018214794894841166,-0.0005310085060336642,0.0008550840184896951,0.1612432047332834,0.0,0.26753705830008345,-0.008210067992815316,0.020388143335914984,0.026817435373391166,0.028636623379449826,-0.009715252113007247,-0.0020100047418585834,-0.00482564435304239,0.014433821417324851,0.004942132600809346,0.00352532866660515,-0.010638947376332314,-0.027314947126721667,-0.017831379563443217,-0.00035969571674483687,-0.00046348887019516676,0.26753705830008345,0.008210067992815316,0.5309833052471501,0.0,0.024225327582583188,0.060692407626243325,0.028544704108912203,-0.018817681120931913,-0.013163028613983779,-0.01330710684941592,-0.00567887754270375,0.016596704852419722,0.015400943908056165,-0.01214456339012445,-0.02378411110827783,0.00910157108667653,0.0023846486222221666,0.0006295681788823002,0.020388143335914984,-0.026817435373391166,0.024225327582583188,-0.060692407626243325,0.4216808461688668,0.0,0.07919444829219167,0.020005688093110596,0.0029364370686097837,0.0016335915842460669,0.013761379942733168,0.009412441256379,-0.010310300196260818,0.00024381950982925,-0.0039322077160589995,0.005275663717154668,-0.0002677025699430334,0.0009078990371668084,0.028636623379449826,0.009715252113007247,0.028544704108912203,0.018817681120931913,0.07919444829219167,-0.020005688093110596,0.10630695563681831,0.0,0.05340793962057332,0.005653897572481534,0.01534541488050784,-0.011163900886454116,0.090872298109915,0.022177599325362243,-0.00050675947337485,-0.0016251088851627002,-0.00018769395857176657,0.0009653860783404351,-0.0020100047418585834,0.00482564435304239,-0.013163028613983779,0.01330710684941592,0.0029364370686097837,-0.0016335915842460669,0.05340793962057332,-0.005653897572481534,-0.13199826840031664,0.0,-0.093989042089,-0.0014701363993754998,0.020560969507029337,-0.005155501528725883,0.0032320136290963837,-0.000318840869930245,0.0009854628265212498,-1.6195411812299898e-05,0.014433821417324851,-0.004942132600809346,-0.00567887754270375,-0.016596704852419722,0.013761379942733168,-0.009412441256379,0.01534541488050784,0.011163900886454116,-0.093989042089,0.0014701363993754998,-0.005412161973809095,0.0,-0.030091764407826658,0.027338015194305662,0.0001233688480729701,0.009256751182155529,0.0018129600879447155,0.0005285441884390502,0.00352532866660515,0.010638947376332314,0.015400943908056165,0.01214456339012445,-0.010310300196260818,-0.00024381950982925,0.090872298109915,-0.022177599325362243,0.020560969507029337,0.005155501528725883,-0.030091764407826658,-0.027338015194305662,-0.04745735187724165,0.0,-0.005310758974384168,0.002612043008907566,0.0011044522753257601,0.0018214794894841166,-0.027314947126721667,0.017831379563443217,-0.02378411110827783,-0.00910157108667653,-0.0039322077160589995,-0.005275663717154668,-0.00050675947337485,0.0016251088851627002,0.0032320136290963837,0.000318840869930245,0.0001233688480729701,-0.009256751182155529,-0.005310758974384168,-0.002612043008907566,-0.03716890179348333,0.0,0.9997460327606167
0.3919999999999997,0.0015682214243234167,0.0,0.0009768819919531162,0.0002523654704160333,-0.00011555815275768334,-0.0006000450363716665,-0.0010173243396944666,0.002236636856065499,0.000909331738139067,0.00047905642347479505,0.0008197329560861648,0.0005448992331530334,-0.0007172813247690049,0.0006730526058051268,-0.0008988136449224165,0.0016156819315549169,0.0004271384369079,0.0021031060972304,0.0009768819919531162,-0.0002523654704160333,0.16113628547029998,0.0,0.2679644323333334,-0.00669087499469985,0.020342863675836445,0.027091812687355336,0.028694034771541494,-0.009730469788614911,-0.00195965689552455,-0.004895130501812634,0.014358939943970191,0.005079255698760079,0.003492811891362277,-0.01061718561381885,-0.027338780448745003,-0.017688104519642492,-0.00011555815275768334,0.0006000450363716665,0.2679644323333334,0.00669087499469985,0.5305554982477333,0.0,0.023989463897602273,0.060365025321966664,0.028427688780855477,-0.018803814810500252,-0.013104264032915935,-0.01342998864596195,-0.005820371298023066,0.016714885328972782,0.015181608777615707,-0.011989735737138582,-0.023927331344762,0.009455314383169917,-0.0010173243396944666,-0.002236636856065499,0.020342863675836445,-0.027091812687355336,0.023989463897602273,-0.060365025321966664,0.4228979230484499,0.0,0.07951856001550667,0.020012498270353247,0.0029370768333461506,0.001644007667505783,0.013702798008420993,0.009545896326347615,-0.010417936481430053,0.0003520494863589168,-0.004129295899836217,0.005219186329566742,0.000909331738139067,-0.00047905642347479505,0.028694034771541494,0.009730469788614911,0.028427688780855477,0.018803814810500252,0.07951856001550667,-0.020012498270353247,0.10643441200070167,0.0,0.053541187458146657,0.005615206653525676,0.015254418326294232,-0.011166961511780017,0.09095515846102668,0.02212904071193439,-0.0004753362511440497,-0.0016499371789570336,0.0008197329560861648,-0.0005448992331530334,-0.00195965689552455,0.004895130501812634,-0.013104264032915935,0.01342998864596195,0.0029370768333461506,-0.001644007667505783,0.053541187458146657,-0.005615206653525676,-0.13212166994335,0.0,-0.0939957822060717,-0.0014965795560047783,0.02060173118094366,-0.005186322272842099,0.003201708624109962,-0.00029961748987947326,-0.0007172813247690049,-0.0006730526058051268,0.014358939943970191,-0.005079255698760079,-0.005820371298023066,-0.016714885328972782,0.013702798008420993,-0.009545896326347615,0.015254418326294232,0.011166961511780017,-0.0939957822060717,0.0014965795560047783,-0.00566605785606945,0.0,-0.03018837164278667,0.027291720630149337,7.418926932174999e-05,0.009213102811107932,-0.0008988136449224165,-0.0016156819315549169,0.003492811891362277,0.01061718561381885,0.015181608777615707,0.011989735737138582,-0.010417936481430053,-0.0003520494863589168,0.09095515846102668,-0.02212904071193439,0.02060173118094366,0.005186322272842099,-0.03018837164278667,-0.027291720630149337,-0.04762521365835999,0.0,-0.0052428555736788885,0.0025360491583518168,0.0004271384369079,-0.0021031060972304,-0.027338780448745003,0.017688104519642492,-0.023927331344762,-0.009455314383169917,-0.004129295899836217,-0.005219186329566742,-0.0004753362511440497,0.0016499371789570336,0.003201708624109962,0.00029961748987947326,7.418926932174999e-05,-0.009213102811107932,-0.0052428555736788885,-0.0025360491583518168,-0.037433549575588324,0.0,0.9997458491585004
0.3930000000000004,0.0015680378371859159,0.0,-0.0008660586807531669,0.0005246596056503002,0.0005301105682268004,0.00035074321467570363,-0.0010690830601771003,-0.0022066990025720996,-0.0010360557345248666,0.000341578699845517,-0.0009578719396971766,0.00019210622722288324,5.70289067651616e-05,-0.0009793548340857837,-0.00048229731818661656,-0.0017377317034333005,-0.001738203323043567,-0.0012616361670687482,-0.0008660586807531669,-0.0005246596056503002,0.1610826601073833,0.0,0.26840641817899996,-0.005207453738109516,0.020312706983044476,0.02736333771116517,0.02876119414140883,-0.009755170638793316,-0.001905816706543083,-0.0049735170705144495,0.014245283877481283,0.0052035279036879555,0.0034557321476146657,-0.010610581487947085,-0.027395788597617498,-0.0175187179794485,0.0005301105682268004,-0.00035074321467570363,0.26840641817899996,0.005207453738109516,0.53007401083335,0.0,0.023738070322423168,0.06005190479941499,0.028289296970895647,-0.01875588849136456,-0.013000908382666241,-0.013531380038140304,-0.006004693029235431,0.016880322833529738,0.014970264008388572,-0.011849928366973432,-0.024129497538527996,0.009829289625559783,-0.0010690830601771003,0.0022066990025720996,0.020312706983044476,-0.02736333771116517,0.023738070322423168,-0.06005190479941499,0.42411278904041666,0.0,0.07986737487029667,0.020039809622502062,0.0028900965179109003,0.0016118920597372598,0.01360429098903142,0.009715891633174883,-0.01056630034143603,0.0004203449630340667,-0.004309496195094251,0.0051615467797656136,-0.0010360557345248666,-0.000341578699845517,0.02876119414140883,0.009755170638793316,0.028289296970895647,0.01875588849136456,0.07986737487029667,-0.020039809622502062,0.10655888051659002,0.0,0.05368152727180999,0.005566257895285901,0.01519640823748285,-0.011171692567567702,0.09100790003942663,0.022058863032895604,-0.00046571139739913335,-0.00168654891931885,-0.0009578719396971766,-0.00019210622722288324,-0.001905816706543083,0.0049735170705144495,-0.013000908382666241,0.013531380038140304,0.0028900965179109003,-0.0016118920597372598,0.05368152727180999,-0.005566257895285901,-0.13224306953935006,0.0,-0.09400236826652662,-0.0015324515982314143,0.02063212354711633,-0.005186793759732482,0.003185144606832017,-0.00028695369018203777,5.70289067651616e-05,0.0009793548340857837,0.014245283877481283,-0.0052035279036879555,-0.006004693029235431,-0.016880322833529738,0.01360429098903142,-0.009715891633174883,0.01519640823748285,0.011171692567567702,-0.09400236826652662,0.0015324515982314143,-0.005921229190539283,0.0,-0.030269048720843347,0.027254297815660838,2.966397254398166e-05,0.009191862046305415,-0.00048229731818661656,0.0017377317034333005,0.0034557321476146657,0.010610581487947085,0.014970264008388572,0.011849928366973432,-0.01056630034143603,-0.0004203449630340667,0.09100790003942663,-0.022058863032895604,0.02063212354711633,0.005186793759732482,-0.030269048720843347,-0.027254297815660838,-0.04779198282131836,0.0,-0.005140717411854651,0.0024820960498119615,-0.001738203323043567,0.0012616361670687482,-0.027395788597617498,0.0175187179794485,-0.024129497538527996,-0.009829289625559783,-0.004309496195094251,-0.0051615467797656136,-0.00046571139739913335,0.00168654891931885,0.003185144606832017,0.00028695369018203777,2.966397254398166e-05,-0.009191862046305415,-0.005140717411854651,-0.0024820960498119615,-0.03769443121969833,0.0,0.9997456655643
0.3939999999999995,0.0015678542564789833,0.0,0.00021278461379163304,-0.000977243636894293,-0.0006763257246606506,0.00016864144649186703,0.002364156236433372,0.0005909140258324675,0.0005031015741812296,-0.0010360562314325006,0.00054503330231705,-0.0007996583752785498,0.0006301226419743321,0.0007357567503688537,0.0015340931507146665,0.0008678658388723867,0.002121519803917142,-0.0002345499478906167,0.00021278461379163304,0.000977243636894293,0.16108096392745,0.0,0.26887019377324994,-0.0037605194720281834,0.020288184022273077,0.02761823518790067,0.028848887211022006,-0.009759928165401607,-0.0018257318058063667,-0.0050699934422598816,0.014116187321807146,0.005296247750433301,0.0034186462938532902,-0.010598764956599336,-0.027488748553911015,-0.017366890441622828,-0.0006763257246606506,-0.00016864144649186703,0.26887019377324994,0.0037605194720281834,0.5295397221750333,0.0,0.023476435015726993,0.05975954822077667,0.028135875106979576,-0.018691743150561338,-0.012847569838099787,-0.01360626854619983,-0.006215483423562385,0.01700924261363555,0.014745778156690797,-0.011688056810575682,-0.024350124050414833,0.010203750395856269,0.002364156236433372,-0.0005909140258324675,0.020288184022273077,-0.02761823518790067,0.023476435015726993,-0.05975954822077667,0.4253258816029667,0.0,0.08022036267295167,0.020063270113552002,0.0028510140678579664,0.0015514840704866997,0.013484993083215007,0.009855235123832165,-0.010693941162883615,0.0004416160025996335,-0.00448149418860395,0.005054176142635955,0.0005031015741812296,0.0010360562314325006,0.028848887211022006,0.009759928165401607,0.028135875106979576,0.018691743150561338,0.08022036267295167,-0.020063270113552002,0.10668027346750335,0.0,0.05383071869049998,0.00556281956680715,0.015139890775474483,-0.011192570817899546,0.09104431204636171,0.021982015787116702,-0.00046644943050571524,-0.0017302835325834168,0.00054503330231705,0.0007996583752785498,-0.0018257318058063667,0.0050699934422598816,-0.012847569838099787,0.01360626854619983,0.0028510140678579664,-0.0015514840704866997,0.05383071869049998,-0.00556281956680715,-0.13236301079985002,0.0,-0.09400044501114499,-0.0015530150509632658,0.020662916971691,-0.005213253154145416,0.003155247064881251,-0.0002872032159583332,0.0006301226419743321,-0.0007357567503688537,0.014116187321807146,-0.005296247750433301,-0.006215483423562385,-0.01700924261363555,0.013484993083215007,-0.009855235123832165,0.015139890775474483,0.011192570817899546,-0.09400044501114499,0.0015530150509632658,-0.006177345237448351,0.0,-0.030307011213703328,0.02720909300113516,6.651475511599882e-06,0.00914930084741115,0.0015340931507146665,-0.0008678658388723867,0.0034186462938532902,0.010598764956599336,0.014745778156690797,0.011688056810575682,-0.010693941162883615,-0.0004416160025996335,0.09104431204636171,-0.021982015787116702,0.020662916971691,0.005213253154145416,-0.030307011213703328,-0.02720909300113516,-0.04795723566690498,0.0,-0.005049947227347227,0.0024574962625184826,0.002121519803917142,0.0002345499478906167,-0.027488748553911015,0.017366890441622828,-0.024350124050414833,-0.010203750395856269,-0.00448149418860395,-0.005054176142635955,-0.00046644943050571524,0.0017302835325834168,0.003155247064881251,0.0002872032159583332,6.651475511599882e-06,-0.00914930084741115,-0.005049947227347227,-0.0024574962625184826,-0.03795162174923835,0.0,0.9997454819760332
0.3949999999999997,0.0015676706688280166,0.0,0.0005296853412910496,0.0008088540362070548,0.0003507739233169665,-0.0006921800576259094,-0.0019366232008722118,0.0014189635073526665,0.00042115380581728373,0.0011443393442368004,0.00017188550168653494,0.0009531565284549001,-0.0009555257163763265,-7.754490940208334e-05,-0.0016587676186420415,0.0004830180459331333,-0.0014178898458963329,0.001591119787754367,0.0005296853412910496,-0.0008088540362070548,0.16113013636249995,0.0,0.2693649881265167,-0.002350981298696142,0.020280698257024762,0.02785373748690183,0.028953023148854663,-0.00975698211596455,-0.00173203121916995,-0.005156631952853807,0.01399770763162864,0.005361956817907649,0.0033998933380598334,-0.010575633808653583,-0.027596158603907333,-0.01724114007097783,0.0003507739233169665,0.0006921800576259094,0.2693649881265167,0.002350981298696142,0.5289541054315665,0.0,0.023214976562960832,0.05947872670131334,0.028023637213968798,-0.018653158727529998,-0.012678539848764655,-0.013669536172205832,-0.006399559809305433,0.01706957140325468,0.01451410718980267,-0.01151609238071003,-0.024524702946550816,0.010575580358214005,-0.0019366232008722118,-0.0014189635073526665,0.020280698257024762,-0.02785373748690183,0.023214976562960832,-0.05947872670131334,0.42653712161135,0.0,0.08055618259252503,0.02008342510532947,0.0028418405242978504,0.0015281633336896839,0.013394853299914529,0.00992368138066701,-0.01080121942948902,0.00044002758994360005,-0.004637135770829034,0.004903127421256003,0.00042115380581728373,-0.0011443393442368004,0.028953023148854663,0.00975698211596455,0.028023637213968798,0.018653158727529998,0.08055618259252503,-0.02008342510532947,0.10679997160454165,0.0,0.053973135221069994,0.00560678360052996,0.015075409044066384,-0.0112286874056484,0.09109245646413165,0.021914105203777356,-0.00045385701810113317,-0.0017625613691195005,0.00017188550168653494,-0.0009531565284549001,-0.00173203121916995,0.005156631952853807,-0.012678539848764655,0.013669536172205832,0.0028418405242978504,-0.0015281633336896839,0.053973135221069994,-0.00560678360052996,-0.13248358944458333,0.0,-0.09400508067669502,-0.0015546689895865496,0.02069316428481034,-0.005282543304039118,0.003099789048666473,-0.00029228124442253324,-0.0009555257163763265,7.754490940208334e-05,0.01399770763162864,-0.005361956817907649,-0.006399559809305433,-0.01706957140325468,0.013394853299914529,-0.00992368138066701,0.015075409044066384,0.0112286874056484,-0.09400508067669502,0.0015546689895865496,-0.006433649817839851,0.0,-0.030318157525515,0.02717314849125333,-1.560034670349854e-06,0.00906640439090895,-0.0016587676186420415,-0.0004830180459331333,0.0033998933380598334,0.010575633808653583,0.01451410718980267,0.01151609238071003,-0.01080121942948902,-0.00044002758994360005,0.09109245646413165,-0.021914105203777356,0.02069316428481034,0.005282543304039118,-0.030318157525515,-0.02717314849125333,-0.048120953254136664,0.0,-0.004995703989036917,0.002439454171725177,-0.0014178898458963329,-0.001591119787754367,-0.027596158603907333,0.01724114007097783,-0.024524702946550816,-0.010575580358214005,-0.004637135770829034,-0.004903127421256003,-0.00045385701810113317,0.0017625613691195005,0.003099789048666473,0.00029228124442253324,-1.560034670349854e-06,-0.00906640439090895,-0.004995703989036917,-0.002439454171725177,-0.03820551478104835,0.0,0.9997452983808999
0.3960000000000005,0.0015674870807475172,0.0,-0.000909578103256767,-0.00019012403460093161,0.00028629367094613347,0.000767634844001823,0.00014121452542779952,-0.0023512642448575713,-0.001174981550687017,-0.0005019301228733769,-0.0008028386383361149,-0.0005592192967473833,0.0007403618819959702,-0.0006184060889627682,0.0007830795157637218,-0.0014983311313046162,-8.705133880050113e-06,-0.002152672669577599,-0.000909578103256767,0.00019012403460093161,0.16122931483884997,0.0,0.26983080519256664,-0.0009481905125451666,0.020301081217198272,0.028058558765167163,0.029058881134631825,-0.009775536253608646,-0.0016451209575181086,-0.005223677669287484,0.013867699425659923,0.005409666137545475,0.0033980799618671858,-0.010562336362104935,-0.027697505193663003,-0.017110644897655836,0.00028629367094613347,-0.000767634844001823,0.26983080519256664,0.0009481905125451666,0.5283183483445333,0.0,0.022961622669228837,0.05919261216887332,0.02795957065669367,-0.018631214187657782,-0.012509245971004581,-0.013727519860263004,-0.006562896537710334,0.017115078767747725,0.014303314586694853,-0.0113692417476906,-0.024676190753737167,0.010954356217829956,0.00014121452542779952,0.0023512642448575713,0.020301081217198272,-0.028058558765167163,0.022961622669228837,-0.05919261216887332,0.4277464395551169,0.0,0.08088640085552165,0.020117943966959987,0.002819785811891461,0.0015381167885305837,0.013332919410727222,0.009963647023783618,-0.010941674018901068,0.00042675930377916667,-0.004760696386075732,0.004765354065153766,-0.001174981550687017,0.0005019301228733769,0.029058881134631825,0.009775536253608646,0.02795957065669367,0.018631214187657782,0.08088640085552165,-0.020117943966959987,0.10691833295329665,0.0,0.054095784918596686,0.005635065190259362,0.015027135013302032,-0.011267153170257383,0.09114265440709166,0.02184352855052848,-0.00042633309818712167,-0.0017800152657331504,-0.0008028386383361149,0.0005592192967473833,-0.0016451209575181086,0.005223677669287484,-0.012509245971004581,0.013727519860263004,0.002819785811891461,-0.0015381167885305837,0.054095784918596686,-0.005635065190259362,-0.13260565501458332,0.0,-0.09401060319113504,-0.0015533945103221498,0.02071418171987166,-0.005342701732259885,0.003042447442738207,-0.0002913119745131332,0.0007403618819959702,0.0006184060889627682,0.013867699425659923,-0.005409666137545475,-0.006562896537710334,-0.017115078767747725,0.013332919410727222,-0.009963647023783618,0.015027135013302032,0.011267153170257383,-0.09401060319113504,0.0015533945103221498,-0.006689933639964053,0.0,-0.03032542379627001,0.027164703076576677,-1.2747091519796882e-05,0.008987192367626464,0.0007830795157637218,0.0014983311313046162,0.0033980799618671858,0.010562336362104935,0.014303314586694853,0.0113692417476906,-0.010941674018901068,-0.00042675930377916667,0.09114265440709166,-0.02184352855052848,0.02071418171987166,0.005342701732259885,-0.03032542379627001,-0.027164703076576677,-0.048283029907659994,0.0,-0.004939285122758792,0.002417823864518297,-8.705133880050113e-06,0.002152672669577599,-0.027697505193663003,0.017110644897655836,-0.024676190753737167,-0.010954356217829956,-0.004760696386075732,-0.004765354065153766,-0.00042633309818712167,0.0017800152657331504,0.003042447442738207,0.0002913119745131332,-1.2747091519796882e-05,-0.008987192367626464,-0.004939285122758792,-0.002417823864518297,-0.03845618942440833,0.0,0.9997451147858
0.39699999999999963,0.0015673035104888332,0.0,0.0007428238176881831,-0.0005122456180561169,-0.0007478862607707501,-0.0003423263649614499,0.0016915136422595834,0.001591890928670633,0.001200423879380593,-0.0005292510348164661,0.0009721011241899151,-0.0001699454227825166,-0.00011753934806009679,0.0009716291753851833,0.0005224363306230189,0.0015633575570708999,0.0014731227069951498,0.001608761267479633,0.0007428238176881831,0.0005122456180561169,0.16137860436184998,0.0,0.27026324631611665,0.00048127286877045047,0.020343335502113345,0.02823044726931617,0.029163558494017982,-0.00980670366780782,-0.0015608555290933135,-0.005301227551630482,0.013697452896595966,0.005440758109800741,0.0033894396680060287,-0.010581802391936202,-0.027801673947779673,-0.016968961216152507,-0.0007478862607707501,0.0003423263649614499,0.27026324631611665,-0.00048127286877045047,0.5276319539875334,0.0,0.022722274036849312,0.0589193288658,0.027882948061146506,-0.018577943153561052,-0.012321617748305268,-0.01376770345565648,-0.0067653437147466656,0.017188337162465085,0.014113941046005937,-0.011251973877301468,-0.024884138647922507,0.01133306541689782,0.0016915136422595834,-0.001591890928670633,0.020343335502113345,-0.02823044726931617,0.022722274036849312,-0.0589193288658,0.4289542619219668,0.0,0.08125463273502834,0.0201748430621676,0.0027669068968376328,0.0015053112123745637,0.013254914625447499,0.010029092787655618,-0.011128348668813787,0.00039059134086158324,-0.004841573381032469,0.004668858430703419,0.001200423879380593,0.0005292510348164661,0.029163558494017982,0.00980670366780782,0.027882948061146506,0.018577943153561052,0.08125463273502834,-0.0201748430621676,0.10703376673865335,0.0,0.05422246225725501,0.005618047844052765,0.01501214137848998,-0.011304470248710168,0.09119242754753998,0.02175738212879699,-0.00040496272671150166,-0.001796286219654666,0.0009721011241899151,0.0001699454227825166,-0.0015608555290933135,0.005301227551630482,-0.012321617748305268,0.01376770345565648,0.0027669068968376328,-0.0015053112123745637,0.05422246225725501,-0.005618047844052765,-0.13272813123891666,0.0,-0.09400950524141669,-0.0015527971244945684,0.0207345914377445,-0.005357924807402352,0.00300600283659435,-0.0002838993006769817,-0.00011753934806009679,-0.0009716291753851833,0.013697452896595966,-0.005440758109800741,-0.0067653437147466656,-0.017188337162465085,0.013254914625447499,-0.010029092787655618,0.01501214137848998,0.011304470248710168,-0.09400950524141669,0.0015527971244945684,-0.006946305909933001,0.0,-0.03033198984778833,0.027171449739515005,-2.654975718378843e-05,0.008957307164435466,0.0005224363306230189,-0.0015633575570708999,0.0033894396680060287,0.010581802391936202,0.014113941046005937,0.011251973877301468,-0.011128348668813787,-0.00039059134086158324,0.09119242754753998,-0.02175738212879699,0.0207345914377445,0.005357924807402352,-0.03033198984778833,-0.027171449739515005,-0.04844296658679167,0.0,-0.00484738750834915,0.0024093012783437,0.0014731227069951498,-0.001608761267479633,-0.027801673947779673,0.016968961216152507,-0.024884138647922507,-0.01133306541689782,-0.004841573381032469,-0.004668858430703419,-0.00040496272671150166,0.001796286219654666,0.00300600283659435,0.0002838993006769817,-2.654975718378843e-05,-0.008957307164435466,-0.00484738750834915,-0.0024093012783437,-0.03870355557646165,0.0,0.9997449312085004
0.3979999999999998,0.0015671199610972834,0.0,-0.00011794761284904907,0.00087028422095734,0.0007841087840663667,-0.0002969221580609334,-0.00229219677722985,0.00027842186739656635,-0.00044256304547683317,0.001259446514981317,-0.0005808034497084333,0.0008022479766568532,-0.0005766579009950715,-0.0007960280093130385,-0.001449510558431617,-0.0006948286876332549,-0.0021898298162689673,-0.00018441707624047504,-0.00011794761284904907,-0.00087028422095734,0.1615790770598167,0.0,0.27066801494216663,0.0019362751171431998,0.0203815082591565,0.028380788851174597,0.029259878711828332,-0.009815202665149545,-0.001463537247720537,-0.0054069865459585535,0.01350409241939828,0.005465696727452499,0.0033586734390073005,-0.01062627109321523,-0.02791575414098627,-0.0168454421115275,0.0007841087840663667,0.0002969221580609334,0.27066801494216663,-0.0019362751171431998,0.5268933728363667,0.0,0.022477691611960615,0.05868413521173,0.02774139466224234,-0.018475889657354135,-0.012105013604763383,-0.01379232211884662,-0.007018409772374532,0.017253975454604966,0.013906394268921197,-0.011132663323571514,-0.02514964273828599,0.011690027016612349,-0.00229219677722985,-0.00027842186739656635,0.0203815082591565,-0.028380788851174597,0.022477691611960615,-0.05868413521173,0.43016121329505,0.0,0.08164705533401169,0.020233016237784042,0.00272816688938655,0.0014119234853331498,0.013152471399788083,0.010104501124491037,-0.01130694733796662,0.00033352721672130016,-0.0048766806565041145,0.004579240906852436,-0.00044256304547683317,-0.001259446514981317,0.029259878711828332,0.009815202665149545,0.02774139466224234,0.018475889657354135,0.08164705533401169,-0.020233016237784042,0.10714510343746833,0.0,0.054360332779979995,0.005603914646209584,0.015003808470396,-0.011349488997064417,0.09124212439260833,0.02166465510594787,-0.0003993993307572647,-0.0018158511823232668,-0.0005808034497084333,-0.0008022479766568532,-0.001463537247720537,0.0054069865459585535,-0.012105013604763383,0.01379232211884662,0.00272816688938655,-0.0014119234853331498,0.054360332779979995,-0.005603914646209584,-0.13285051319118332,0.0,-0.09398161011427167,-0.0015382178799978855,0.020767001218375502,-0.005362648709782887,0.002977925889462267,-0.0002772563002838485,-0.0005766579009950715,0.0007960280093130385,0.01350409241939828,-0.005465696727452499,-0.007018409772374532,-0.017253975454604966,0.013152471399788083,-0.010104501124491037,0.015003808470396,0.011349488997064417,-0.09398161011427167,0.0015382178799978855,-0.007202307615755169,0.0,-0.030327940147060004,0.027158111231206664,-2.694645648823009e-05,0.008956302063152167,-0.001449510558431617,0.0006948286876332549,0.0033586734390073005,0.01062627109321523,0.013906394268921197,0.011132663323571514,-0.01130694733796662,-0.00033352721672130016,0.09124212439260833,-0.02166465510594787,0.020767001218375502,0.005362648709782887,-0.030327940147060004,-0.027158111231206664,-0.048600425256370004,0.0,-0.004744743070045717,0.0024174462730159334,-0.0021898298162689673,0.00018441707624047504,-0.02791575414098627,0.0168454421115275,-0.02514964273828599,-0.011690027016612349,-0.0048766806565041145,-0.004579240906852436,-0.0003993993307572647,0.0018158511823232668,0.002977925889462267,0.0002772563002838485,-2.694645648823009e-05,-0.008956302063152167,-0.004744743070045717,-0.0024174462730159334,-0.038947892874491664,0.0,0.9997447476519168
0.39900000000000063,0.001566936418154917,0.0,-0.0005287303613040334,-0.0006548062795137668,-0.0003314843231742685,0.0008266634621495335,0.0012367484231394004,-0.001942709258948,-0.0006360078561783325,-0.0012175052674540871,-0.00013902631581883348,-0.0009872485481002046,0.0009602822661907996,0.00017385976197763315,0.0014755866791278506,-0.0005501499307052002,0.001737336040207408,-0.0013678216137088383,-0.0005287303613040334,0.0006548062795137668,0.16183164701338335,0.0,0.27110459877665005,0.0033822878402002504,0.02040032550815955,0.028531537492964335,0.02934120417542866,-0.00979450104417459,-0.001362773960253358,-0.00551945861172445,0.013330253712661054,0.005508709894221199,0.00331465196837037,-0.01067303447755968,-0.02803475919851543,-0.016754608156111,-0.0003314843231742685,-0.0008266634621495335,0.27110459877665005,-0.0033822878402002504,0.5261017964730498,0.0,0.02220146428111561,0.05849785839602833,0.02757405627917649,-0.018360217026333663,-0.011885275334310533,-0.013832892257642683,-0.007260679118788932,0.017273788525070836,0.013660106394687798,-0.010995168629197615,-0.025393832845017502,0.012028099780586683,0.0012367484231394004,0.001942709258948,0.02040032550815955,-0.028531537492964335,0.02220146428111561,-0.05849785839602833,0.43136757285968325,0.0,0.08202527634641497,0.020280534507662,0.00273097629846245,0.001328731061922192,0.013064234627160746,0.01014757110706393,-0.011447102452040102,0.00027565788652775014,-0.004872213553208586,0.004464860651138781,-0.0006360078561783325,0.0012175052674540871,0.02934120417542866,0.00979450104417459,0.02757405627917649,0.018360217026333663,0.08202527634641497,-0.020280534507662,0.10725331930225332,0.0,0.054495705247805,0.005638612276259566,0.014974230121309032,-0.011410493434638814,0.09131387292271669,0.02158426313851117,-0.00039423410582916843,-0.0018209419537517503,-0.00013902631581883348,0.0009872485481002046,-0.001362773960253358,0.00551945861172445,-0.011885275334310533,0.013832892257642683,0.00273097629846245,-0.001328731061922192,0.054495705247805,-0.005638612276259566,-0.1329742241352167,0.0,-0.09394415526331829,-0.0015073346147438506,0.020812937492617332,-0.0054028240947033325,0.0029341483020214995,-0.0002724790791394434,0.0009602822661907996,-0.00017385976197763315,0.013330253712661054,-0.005508709894221199,-0.007260679118788932,-0.017273788525070836,0.013064234627160746,-0.01014757110706393,0.014974230121309032,0.011410493434638814,-0.09394415526331829,0.0015073346147438506,-0.007457055151977984,0.0,-0.030329964714680014,0.027121152042941674,-7.573943363333296e-06,0.008932123744410768,0.0014755866791278506,0.0005501499307052002,0.00331465196837037,0.01067303447755968,0.013660106394687798,0.010995168629197615,-0.011447102452040102,-0.00027565788652775014,0.09131387292271669,-0.02158426313851117,0.020812937492617332,0.0054028240947033325,-0.030329964714680014,-0.027121152042941674,-0.04875568449163832,0.0,-0.004671934683188641,0.00241976956044744,0.001737336040207408,0.0013678216137088383,-0.02803475919851543,0.016754608156111,-0.025393832845017502,-0.012028099780586683,-0.004872213553208586,-0.004464860651138781,-0.00039423410582916843,0.0018209419537517503,0.0029341483020214995,0.0002724790791394434,-7.573943363333296e-06,-0.008932123744410768,-0.004671934683188641,-0.00241976956044744,-0.03918974418605667,0.0,0.9997445641016166
0.39999999999999963,0.001566752867524149,0.0,0.0007929369984380734,8.958600718553169e-05,-0.00040231796037306657,-0.0008520902495851164,0.0007275796085068918,0.0021806716076142505,0.0013837741962844832,0.0003741525275931503,0.0007982298716692668,0.0006173347866896166,-0.0008027010565973802,0.0005493916886086648,-0.0006152584605432382,0.0014183004968841997,-0.0003357169448495084,0.0022147126235640673,0.0007929369984380734,-8.958600718553169e-05,0.16213566064551663,0.0,0.2715673529127666,0.004784462005371001,0.020413284355398496,0.028689984473568506,0.029396270136600837,-0.009777439315912169,-0.0012854529362093295,-0.005613815079369617,0.013175928923977887,0.005582975533812651,0.0032724476887801167,-0.010716575079128715,-0.028154903778061145,-0.016661587011560165,-0.00040231796037306657,0.0008520902495851164,0.2715673529127666,-0.004784462005371001,0.5252579917097001,0.0,0.02188869525574399,0.058344874979523335,0.027444353732229167,-0.018256744823688668,-0.011688817732060442,-0.013906799064279492,-0.007453039453874583,0.017273100097349187,0.013402586554295584,-0.010859445944827817,-0.025589093022043007,0.012367524103703849,0.0007275796085068918,-0.0021806716076142505,0.020413284355398496,-0.028689984473568506,0.02188869525574399,-0.058344874979523335,0.4325737022889334,0.0,0.08237206142829834,0.02034062228930167,0.0027395650990369833,0.0012872947921309596,0.012997169536539331,0.010161056670435402,-0.011585992866683412,0.00020921537403872538,-0.004848778817339968,0.004347890017531019,0.0013837741962844832,-0.0003741525275931503,0.029396270136600837,0.009777439315912169,0.027444353732229167,0.018256744823688668,0.08237206142829834,-0.02034062228930167,0.10735967228894001,0.0,0.05461366609140998,0.005695005711414783,0.01493914129937616,-0.011475443680515045,0.09140462646952333,0.021509580192734655,-0.00038062658005528366,-0.0017953195035707995,0.0007982298716692668,-0.0006173347866896166,-0.0012854529362093295,0.005613815079369617,-0.011688817732060442,0.013906799064279492,0.0027395650990369833,-0.0012872947921309596,0.05461366609140998,-0.005695005711414783,-0.1331006610415,0.0,-0.09391385378993333,-0.0014795159043667339,0.02086295843213583,-0.00546172585812307,0.002877943297756183,-0.0002591458437316335,-0.0008027010565973802,-0.0005493916886086648,0.013175928923977887,-0.005582975533812651,-0.007453039453874583,-0.017273100097349187,0.012997169536539331,-0.010161056670435402,0.01493914129937616,0.011475443680515045,-0.09391385378993333,0.0014795159043667339,-0.007710347205743292,0.0,-0.030360496762283327,0.02708461420893166,1.7415348666266918e-05,0.008876726022737367,-0.0006152584605432382,-0.0014183004968841997,0.0032724476887801167,0.010716575079128715,0.013402586554295584,0.010859445944827817,-0.011585992866683412,-0.00020921537403872538,0.09140462646952333,-0.021509580192734655,0.02086295843213583,0.00546172585812307,-0.030360496762283327,-0.02708461420893166,-0.04890916695475667,0.0,-0.004620381626972267,0.002399599822268801,-0.0003357169448495084,-0.0022147126235640673,-0.028154903778061145,0.016661587011560165,-0.025589093022043007,-0.012367524103703849,-0.004848778817339968,-0.004347890017531019,-0.00038062658005528366,0.0017953195035707995,0.002877943297756183,0.0002591458437316335,1.7415348666266918e-05,-0.008876726022737367,-0.004620381626972267,-0.002399599822268801,-0.039429224054603335,0.0,0.9997443805438332
0.40099999999999986,0.001566569320323266,0.0,-0.0006065762030566665,0.0004735115539676666,0.0008995794732706999,0.00032921456460536976,-0.0021521464464574172,-0.0008211711031432164,-0.0012637757347871805,0.0007977612905643153,-0.0010080430827823631,0.00012037710165556668,0.0001952472297201217,-0.0009600556040493166,-0.0005721025499061682,-0.0014016105085142084,-0.0012954272504383836,-0.00187122747159815,-0.0006065762030566665,-0.0004735115539676666,0.16248896328216667,0.0,0.2720342739613667,0.0061319569747798,0.0204429616978693,0.02885203655371133,0.0294204142608715,-0.009787524502336562,-0.0012329633207304334,-0.005701442486669635,0.013005346866996304,0.005673306734355618,0.003230432165868334,-0.01076801126599005,-0.02829566729031176,-0.01653930482772533,0.0008995794732706999,-0.00032921456460536976,0.2720342739613667,-0.0061319569747798,0.5243635971867167,0.0,0.021563445977174682,0.05821308880945667,0.02734471153301971,-0.018151864983239334,-0.01150460426788627,-0.013986041525300485,-0.007641900589160419,0.017297896287338334,0.013159786895156017,-0.010742208948561045,-0.025806197958711658,0.012702076697337566,-0.0021521464464574172,0.0008211711031432164,0.0204429616978693,-0.02885203655371133,0.021563445977174682,-0.05821308880945667,0.43378054250734993,0.0,0.08272321975488665,0.020442090838088997,0.002722245402587763,0.001219088896453857,0.012904134810888935,0.010182889186322937,-0.011752632514606058,0.0001011235505883834,-0.0048215140281106525,0.004265230178553348,-0.0012637757347871805,-0.0007977612905643153,0.0294204142608715,0.009787524502336562,0.02734471153301971,0.018151864983239334,0.08272321975488665,-0.020442090838088997,0.10746335241774332,0.0,0.054734125625815,0.005727478424857935,0.01493605751763772,-0.011524407773008302,0.09150413746551835,0.021420111933604494,-0.0003783120715374,-0.0017569758156640613,-0.0010080430827823631,-0.00012037710165556668,-0.0012329633207304334,0.005701442486669635,-0.01150460426788627,0.013986041525300485,0.002722245402587763,-0.001219088896453857,0.054734125625815,-0.005727478424857935,-0.1332292762187167,0.0,-0.09389623332163834,-0.0014703406486026266,0.0209193050507405,-0.005495583719720726,0.0028310553492829084,-0.00023214874571791995,0.0001952472297201217,0.0009600556040493166,0.013005346866996304,-0.005673306734355618,-0.007641900589160419,-0.017297896287338334,0.012904134810888935,-0.010182889186322937,0.01493605751763772,0.011524407773008302,-0.09389623332163834,0.0014703406486026266,-0.007962868589542083,0.0,-0.03041691091559667,0.027061715850713337,4.019414044840007e-05,0.008827244539876718,-0.0005721025499061682,0.0014016105085142084,0.003230432165868334,0.01076801126599005,0.013159786895156017,0.010742208948561045,-0.011752632514606058,-0.0001011235505883834,0.09150413746551835,-0.021420111933604494,0.0209193050507405,0.005495583719720726,-0.03041691091559667,-0.027061715850713337,-0.04906078176006499,0.0,-0.00455475456220705,0.0023730203134115,-0.0012954272504383836,0.00187122747159815,-0.02829566729031176,0.01653930482772533,-0.025806197958711658,-0.012702076697337566,-0.0048215140281106525,-0.004265230178553348,-0.0003783120715374,0.0017569758156640613,0.0028310553492829084,0.00023214874571791995,4.019414044840007e-05,-0.008827244539876718,-0.00455475456220705,-0.0023730203134115,-0.03966590115660165,0.0,0.9997441969893504
0.40200000000000014,0.0015663857837602334,0.0,8.581253289166669e-05,-0.0007540204170384271,-0.0008868757831501352,0.0003810152780453668,0.002019601567921833,-0.0011291237939879833,0.00028524744629724994,-0.0015192807649231411,0.0006321903701349,-0.0007783032426501136,0.0005206387548972604,0.0008353094576285153,0.00136729789884305,0.0005699474305835332,0.002244550613853932,0.00046820181433620335,8.581253289166669e-05,0.0007540204170384271,0.16288911614739998,0.0,0.27249773150231665,0.007418959983628683,0.020478520452117552,0.029017957026945176,0.02941791187899783,-0.009809438525414417,-0.0011798675038271833,-0.005804038061581592,0.01281120865212615,0.0057595120998894,0.003176554376296371,-0.01082442297533271,-0.028467787625973844,-0.016413121764386165,-0.0008868757831501352,-0.0003810152780453668,0.27249773150231665,-0.007418959983628683,0.5234203850284832,0.0,0.021246763152609826,0.058102844372213185,0.027222540719184295,-0.01802520844316337,-0.011300832815075958,-0.014037906366571666,-0.007880284617058968,0.01733642352268773,0.012910095866595467,-0.010635279841594838,-0.026087151632662994,0.013006238691399163,0.002019601567921833,0.0011291237939879833,0.020478520452117552,-0.029017957026945176,0.021246763152609826,-0.058102844372213185,0.43498928327395003,0.0,0.08309569760165168,0.020565760262474832,0.0027019045295536164,0.0010791645915865066,0.012762694458386797,0.01022461691896243,-0.011911576946504885,-5.26427260350499e-05,-0.004780524861792767,0.004200603295901466,0.00028524744629724994,0.0015192807649231411,0.02941791187899783,0.009809438525414417,0.027222540719184295,0.01802520844316337,0.08309569760165168,-0.020565760262474832,0.10756276088167667,0.0,0.05487360077800833,0.0057557159807351006,0.014965085754583453,-0.011557145641089082,0.091606616366985,0.02131228138274416,-0.00040394978057598337,-0.0017386210999332625,0.0006321903701349,0.0007783032426501136,-0.0011798675038271833,0.005804038061581592,-0.011300832815075958,0.014037906366571666,0.0027019045295536164,-0.0010791645915865066,0.05487360077800833,-0.0057557159807351006,-0.1333589307922833,0.0,-0.09388016577375,-0.0014701345071502496,0.020986163772596503,-0.005511914327126749,0.002793072189381574,-0.00020089696421886165,0.0005206387548972604,-0.0008353094576285153,0.01281120865212615,-0.0057595120998894,-0.007880284617058968,-0.01733642352268773,0.012762694458386797,-0.01022461691896243,0.014965085754583453,0.011557145641089082,-0.09388016577375,0.0014701345071502496,-0.008215321885273368,0.0,-0.030476883052931666,0.02704136753849666,7.977507137938346e-05,0.008795131106793167,0.00136729789884305,-0.0005699474305835332,0.003176554376296371,0.01082442297533271,0.012910095866595467,0.010635279841594838,-0.011911576946504885,5.26427260350499e-05,0.091606616366985,-0.02131228138274416,0.020986163772596503,0.005511914327126749,-0.030476883052931666,-0.02704136753849666,-0.049210077409571666,0.0,-0.004475913822138566,0.002360526280287251,0.002244550613853932,-0.00046820181433620335,-0.028467787625973844,0.016413121764386165,-0.026087151632662994,-0.013006238691399163,-0.004780524861792767,-0.004200603295901466,-0.00040394978057598337,0.0017386210999332625,0.002793072189381574,0.00020089696421886165,7.977507137938346e-05,-0.008795131106793167,-0.004475913822138566,-0.002360526280287251,-0.039899587582223325,0.0,0.9997440134459336
0.40299999999999975,0.00156620225175765,0.0,0.0004611150688478669,0.0005860582769631417,0.00036999602738667283,-0.0009317975628815669,-0.0004349135097008369,0.002267518145191917,0.0009461327604802172,0.0012943279891975345,7.252435672705328e-05,0.0009730469083589619,-0.0009461578510337718,-0.00023488668251783344,-0.0013456411103819834,0.0005626813563162134,-0.001943704735708534,0.0012041587250326002,0.0004611150688478669,-0.0005860582769631417,0.16333385239693338,0.0,0.2729641621387667,0.008629071519105197,0.020495215651003942,0.029193358456560826,0.029396184333487167,-0.009825877412185836,-0.0011132598034926835,-0.005913203742897047,0.012631196501154079,0.005832816212859733,0.0031076191073476345,-0.010861073754589503,-0.028651476603855832,-0.01631652163978266,0.00036999602738667283,0.0009317975628815669,0.2729641621387667,-0.008629071519105197,0.5224306974448333,0.0,0.020932879490467494,0.05800839530597617,0.027079956025335788,-0.017891302189519145,-0.011072027664283269,-0.014072474899496583,-0.008138314000455064,0.017338939398585985,0.01262698773215158,-0.010524213317179232,-0.026366486121362335,0.013291867816178167,-0.0004349135097008369,-0.002267518145191917,0.020495215651003942,-0.029193358456560826,0.020932879490467494,-0.05800839530597617,0.43620011885845017,0.0,0.08344378632382997,0.020661931425278664,0.002698495088380247,0.0009295573716743933,0.01261803893382778,0.010254119555844914,-0.012022258671729283,-0.0002145705968000499,-0.004708552037901082,0.004105062039950066,0.0009461327604802172,-0.0012943279891975345,0.029396184333487167,0.009825877412185836,0.027079956025335788,0.017891302189519145,0.08344378632382997,-0.020661931425278664,0.10765835639865501,0.0,0.05500404405128,0.005832255319071599,0.014989274278672146,-0.011598144013587948,0.09171030606546167,0.021204116876713665,-0.00043524767278938344,-0.001741266740304883,7.252435672705328e-05,-0.0009730469083589619,-0.0011132598034926835,0.005913203742897047,-0.011072027664283269,0.014072474899496583,0.002698495088380247,-0.0009295573716743933,0.05500404405128,-0.005832255319071599,-0.13349024475381668,0.0,-0.09385839540019333,-0.0014595325841253233,0.021050451750089162,-0.005560903940696149,0.0027408989395497586,-0.00018290755368503334,-0.0009461578510337718,0.00023488668251783344,0.012631196501154079,-0.005832816212859733,-0.008138314000455064,-0.017338939398585985,0.01261803893382778,-0.010254119555844914,0.014989274278672146,0.011598144013587948,-0.09385839540019333,0.0014595325841253233,-0.008467662532372865,0.0,-0.030532689185003323,0.02701667976919667,0.0001577954585696998,0.008748578841204632,-0.0013456411103819834,-0.0005626813563162134,0.0031076191073476345,0.010861073754589503,0.01262698773215158,0.010524213317179232,-0.012022258671729283,0.0002145705968000499,0.09171030606546167,-0.021204116876713665,0.021050451750089162,0.005560903940696149,-0.030532689185003323,-0.02701667976919667,-0.049356839647641655,0.0,-0.004419466856398649,0.0023518330450392993,-0.001943704735708534,-0.0012041587250326002,-0.028651476603855832,0.01631652163978266,-0.026366486121362335,-0.013291867816178167,-0.004708552037901082,-0.004105062039950066,-0.00043524767278938344,0.001741266740304883,0.0027408989395497586,0.00018290755368503334,0.0001577954585696998,-0.008748578841204632,-0.004419466856398649,-0.0023518330450392993,-0.04013065051004832,0.0,0.9997438299069
0.40399999999999997,0.0015660187067315832,0.0,-0.0007123565716641546,-0.0001262336032287185,0.0004464988106640836,0.0009510886493591501,-0.0014443206067873166,-0.0017583586007252248,-0.0016674912654298965,-0.00020698573731683668,-0.0006987629162845336,-0.0006425960651310835,0.0008207610657067671,-0.0005039558851622667,0.0005299042525075184,-0.001346549598125134,0.0005872458123746139,-0.0022027979770593057,-0.0007123565716641546,0.0001262336032287185,0.16382038399258333,0.0,0.2734591604158834,0.009744585245420616,0.02050302532870508,0.029371020944947663,0.0293644919666415,-0.009853833515026268,-0.001049803079302393,-0.006004531007566329,0.012485172687484383,0.0058932209364982,0.003033198584408418,-0.010864527054027164,-0.02883149284279315,-0.01623689932009867,0.0004464988106640836,-0.0009510886493591501,0.2734591604158834,-0.009744585245420616,0.5213978503040165,0.0,0.02061826178963333,0.05791090518106783,0.026978241001192716,-0.0177817599610594,-0.010844487055726434,-0.014116131743887662,-0.008353693156577751,0.0172934497959349,0.0123292204587685,-0.010414889440810834,-0.026580985727455004,0.013605958285352665,-0.0014443206067873166,0.0017583586007252248,0.02050302532870508,-0.029371020944947663,0.02061826178963333,-0.05791090518106783,0.43741228158459994,0.0,0.083732455479295,0.020722048538411492,0.002684035690967234,0.0008362236339422471,0.012514872259699569,0.010253185518002635,-0.012102213707258051,-0.0003699484579936832,-0.004615399397022646,0.0039730539416975,-0.0016674912654298965,0.00020698573731683668,0.0293644919666415,0.009853833515026268,0.026978241001192716,0.0177817599610594,0.083732455479295,-0.020722048538411492,0.10775240550785833,0.0,0.05509484679422834,0.005950965416652533,0.014993444924546316,-0.011661560759724056,0.09182903715689165,0.021116214315999502,-0.0004453008993311666,-0.0017377325185488216,-0.0006987629162845336,0.0006425960651310835,-0.001049803079302393,0.006004531007566329,-0.010844487055726434,0.014116131743887662,0.002684035690967234,-0.0008362236339422471,0.05509484679422834,-0.005950965416652533,-0.13362506643808333,0.0,-0.09384836763052169,-0.001436451044254865,0.021094314815152507,-0.005657806181742802,0.0026672516492631682,-0.00017984110483379226,0.0008207610657067671,0.0005039558851622667,0.012485172687484383,-0.0058932209364982,-0.008353693156577751,-0.0172934497959349,0.012514872259699569,-0.010253185518002635,0.014993444924546316,0.011661560759724056,-0.09384836763052169,0.001436451044254865,-0.008719528421796453,0.0,-0.030600240968921662,0.02701000061408833,0.0002632849755694332,0.00867338024810742,0.0005299042525075184,0.001346549598125134,0.003033198584408418,0.010864527054027164,0.0123292204587685,0.010414889440810834,-0.012102213707258051,0.0003699484579936832,0.09182903715689165,-0.021116214315999502,0.021094314815152507,0.005657806181742802,-0.030600240968921662,-0.02701000061408833,-0.04950130970765498,0.0,-0.004397972719596201,0.0023261609711599236,0.0005872458123746139,0.0022027979770593057,-0.02883149284279315,0.01623689932009867,-0.026580985727455004,-0.013605958285352665,-0.004615399397022646,-0.0039730539416975,-0.0004453008993311666,0.0017377325185488216,0.0026672516492631682,0.00017984110483379226,0.0002632849755694332,-0.00867338024810742,-0.004397972719596201,-0.0023261609711599236,-0.04035938917382665,0.0,0.9997436463541834
0.40500000000000025,0.0015658351516418,0.0,0.0006149427037890883,-0.00035964974714825,-0.0010010901816727097,-0.0003409579508450933,0.0022274329990513335,7.257432366050033e-06,0.0013561835669709788,-0.0011221690460606342,0.0009277554529415034,-1.6382897024811727e-05,-0.00021582867549338328,0.0009420125102009164,0.000589460361973647,0.0013067174228278834,0.0010745543613133333,0.0020145076340206,0.0006149427037890883,0.00035964974714825,0.16434524488956664,0.0,0.2739448262351667,0.010777951618221175,0.02052754478443523,0.029515893852121004,0.029324273583436155,-0.009918675679654003,-0.0009990596012906085,-0.006076451456292085,0.012336571931809481,0.00593075626055205,0.002958369956396682,-0.010852916125665885,-0.029017710565857828,-0.01614212162171633,-0.0010010901816727097,0.0003409579508450933,0.2739448262351667,-0.010777951618221175,0.5203256072726333,0.0,0.020318346888994834,0.05777818626021734,0.026929225292619378,-0.017694002051076466,-0.010631776967950857,-0.014159089825143,-0.008534539151210415,0.01723756339139713,0.012056724186665563,-0.010317549681976472,-0.026770273173096,0.013944110873098802,0.0022274329990513335,-7.257432366050033e-06,0.02052754478443523,-0.029515893852121004,0.020318346888994834,-0.05777818626021734,0.43862501432353346,0.0,0.08398162639267001,0.020780563321375328,0.002635851973133417,0.0007577246475152664,0.012427258124091584,0.010241315588857582,-0.012190536619899538,-0.0005472341299510333,-0.004524946706431126,0.003850820109599525,0.0013561835669709788,0.0011221690460606342,0.029324273583436155,0.009918675679654003,0.026929225292619378,0.017694002051076466,0.08398162639267001,-0.020780563321375328,0.10784601904121832,0.0,0.05515796165581334,0.006048665108023799,0.014997140474877447,-0.011731625154719816,0.09196137964940336,0.02104340923629917,-0.00044046619275924664,-0.0017216706735872335,0.0009277554529415034,1.6382897024811727e-05,-0.0009990596012906085,0.006076451456292085,-0.010631776967950857,0.014159089825143,0.002635851973133417,-0.0007577246475152664,0.05515796165581334,-0.006048665108023799,-0.1337639283175667,0.0,-0.09384481927007998,-0.0014140791184234665,0.021117905047948336,-0.005758099120845319,0.002596376465062467,-0.00017415300606185682,-0.00021582867549338328,-0.0009420125102009164,0.012336571931809481,-0.00593075626055205,-0.008534539151210415,-0.01723756339139713,0.012427258124091584,-0.010241315588857582,0.014997140474877447,0.011731625154719816,-0.09384481927007998,0.0014140791184234665,-0.008970965614573001,0.0,-0.03068103709236667,0.027035861712226664,0.00036038282475226677,0.008604176111289313,0.000589460361973647,-0.0013067174228278834,0.002958369956396682,0.010852916125665885,0.012056724186665563,0.010317549681976472,-0.012190536619899538,0.0005472341299510333,0.09196137964940336,-0.02104340923629917,0.021117905047948336,0.005758099120845319,-0.03068103709236667,-0.027035861712226664,-0.04964377747110668,0.0,-0.00438062404608998,0.0022878218671394503,0.0010745543613133333,-0.0020145076340206,-0.029017710565857828,0.01614212162171633,-0.026770273173096,-0.013944110873098802,-0.004524946706431126,-0.003850820109599525,-0.00044046619275924664,0.0017216706735872335,0.002596376465062467,0.00017415300606185682,0.00036038282475226677,-0.008604176111289313,-0.00438062404608998,-0.0022878218671394503,-0.04058558648322833,0.0,0.9997434627921169
0.40599999999999975,0.0015656516027287002,0.0,-0.0002160321772297635,0.0006887051100597667,0.0009118653774584001,-0.00044538768162499966,-0.0014059443596116836,0.00167417997935515,-0.00012660670794457314,0.0018154288735763773,-0.0006400771680124836,0.0006385218193579164,-0.0005100806098075168,-0.0008345224208709669,-0.001317010474549783,-0.0004968815878703359,-0.002154038575431284,-0.0007390938619545835,-0.0002160321772297635,-0.0006887051100597667,0.16490570906671673,0.0,0.2744200778283166,0.011765766076772948,0.02056742744088316,0.029614042240316166,0.029281343747729005,-0.010005485233336098,-0.00094806625443207,-0.00615137107393275,0.012154277270099382,0.005932711649935265,0.002873727653336834,-0.010859685363605412,-0.0292258718986045,-0.016041155622809663,0.0009118653774584001,0.00044538768162499966,0.2744200778283166,-0.011765766076772948,0.5192167515148834,0.0,0.020054491719064364,0.0576138317638565,0.02687255151387113,-0.017592004988051094,-0.01041961894679737,-0.014171921183765831,-0.008747000111335383,0.017202889114089532,0.011812940487225098,-0.010240808544839282,-0.027007389242775178,0.014251671536586567,-0.0014059443596116836,-0.00167417997935515,0.02056742744088316,-0.029614042240316166,0.020054491719064364,-0.0576138317638565,0.4398381177498501,0.0,0.08425074825635333,0.020856340375453506,0.0025911893835949664,0.0006214100198732331,0.012302575003548054,0.010242449721889963,-0.012292723132868399,-0.000758441630615365,-0.004437678646483733,0.003774686884376234,-0.00012660670794457314,-0.0018154288735763773,0.029281343747729005,0.010005485233336098,0.02687255151387113,0.017592004988051094,0.08425074825635333,-0.020856340375453506,0.1079382049457683,0.0,0.055242739674885015,0.006101462492544436,0.015017793181788497,-0.011791599314541086,0.0921118761388,0.02097262212037533,-0.0004405652084104168,-0.0017172546030888392,-0.0006400771680124836,-0.0006385218193579164,-0.00094806625443207,0.00615137107393275,-0.01041961894679737,0.014171921183765831,0.0025911893835949664,-0.0006214100198732331,0.055242739674885015,-0.006101462492544436,-0.13390561281375,0.0,-0.09383846278207666,-0.001396077865480683,0.021139331885712168,-0.005826598661303765,0.0025457018535533166,-0.00015495201435169998,-0.0005100806098075168,0.0008345224208709669,0.012154277270099382,-0.005932711649935265,-0.008747000111335383,-0.017202889114089532,0.012302575003548054,-0.010242449721889963,0.015017793181788497,0.011791599314541086,-0.09383846278207666,0.001396077865480683,-0.00922221128805977,0.0,-0.030761152238678337,0.027078815858868333,0.0004362249978680653,0.008579948195537675,-0.001317010474549783,0.0004968815878703359,0.002873727653336834,0.010859685363605412,0.011812940487225098,0.010240808544839282,-0.012292723132868399,0.000758441630615365,0.0921118761388,-0.02097262212037533,0.021139331885712168,0.005826598661303765,-0.030761152238678337,-0.027078815858868333,-0.04978423619408501,0.0,-0.004343424582472071,0.00225573534315687,-0.002154038575431284,0.0007390938619545835,-0.0292258718986045,0.016041155622809663,-0.027007389242775178,-0.014251671536586567,-0.004437678646483733,-0.003774686884376234,-0.0004405652084104168,0.0017172546030888392,0.0025457018535533166,0.00015495201435169998,0.0004362249978680653,-0.008579948195537675,-0.004343424582472071,-0.00225573534315687,-0.04080909534792167,0.0,0.99974327923625
0.407,0.001565468062666717,0.0,-0.0003264286872096646,-0.0006569414121396038,-0.0002979857113827666,0.0009220599085043341,-0.00037907436163405,-0.0021238168394153165,-0.001252580285148068,-0.0013812175908716098,2.3794434816013557e-05,-0.0008754883171137833,0.0009456516714457848,0.00024412477187064994,0.001258096162791805,-0.0005556878222358162,0.0020504881173929006,-0.0009194133148566333,-0.0003264286872096646,0.0006569414121396038,0.16550047391588343,0.0,0.27487632711450005,0.01272396592070295,0.020593933991594936,0.0296941068582195,0.029236404174887667,-0.010073514586042021,-0.0008895236020162549,-0.006232592776617798,0.011960729893095911,0.0059047175958346024,0.0027696383893304833,-0.010893898993050584,-0.02943982111454968,-0.015961617830366828,-0.0002979857113827666,-0.0009220599085043341,0.27487632711450005,-0.01272396592070295,0.5180727435806334,0.0,0.019811550502888665,0.05744604382183181,0.02675101239193429,-0.017449511797823992,-0.010193513143400147,-0.0141615839125935,-0.009006573354034831,0.0171746894019458,0.011564929518486344,-0.010183422492895647,-0.027276607754159337,0.014509238873983168,-0.00037907436163405,0.0021238168394153165,0.020593933991594936,-0.0296941068582195,0.019811550502888665,-0.05744604382183181,0.4410514529685499,0.0,0.08452597477450834,0.0209198627992318,0.0025899705074560373,0.00045184413005935,0.012142301202637252,0.010247701062215816,-0.012383833973397816,-0.0009652296728982992,-0.004329566912667332,0.0037255895225511513,-0.001252580285148068,0.0013812175908716098,0.029236404174887667,0.010073514586042021,0.02675101239193429,0.017449511797823992,0.08452597477450834,-0.0209198627992318,0.108028303707365,0.0,0.055344772893181696,0.00614937725486955,0.015038075486962834,-0.011851628969621636,0.09226200598837,0.020906341332864634,-0.0004410049597069049,-0.0017322154552107025,2.3794434816013557e-05,0.0008754883171137833,-0.0008895236020162549,0.006232592776617798,-0.010193513143400147,0.0141615839125935,0.0025899705074560373,-0.00045184413005935,0.055344772893181696,-0.00614937725486955,-0.13404940051883332,0.0,-0.0938081688309817,-0.0013689798987921828,0.021159685288580008,-0.005881445638093331,0.002497607447451917,-0.00013350144063089986,0.0009456516714457848,-0.00024412477187064994,0.011960729893095911,-0.0059047175958346024,-0.009006573354034831,-0.0171746894019458,0.012142301202637252,-0.010247701062215816,0.015038075486962834,0.011851628969621636,-0.0938081688309817,0.0013689798987921828,-0.009472915089827916,0.0,-0.030830477059879995,0.027107289148436665,0.0005086111075822418,0.008591063724667768,0.001258096162791805,0.0005556878222358162,0.0027696383893304833,0.010893898993050584,0.011564929518486344,0.010183422492895647,-0.012383833973397816,0.0009652296728982992,0.09226200598837,-0.020906341332864634,0.021159685288580008,0.005881445638093331,-0.030830477059879995,-0.027107289148436665,-0.049922707608971675,0.0,-0.004296013340242866,0.0022260133768333317,0.0020504881173929006,0.0009194133148566333,-0.02943982111454968,0.015961617830366828,-0.027276607754159337,-0.014509238873983168,-0.004329566912667332,-0.0037255895225511513,-0.0004410049597069049,0.0017322154552107025,0.002497607447451917,0.00013350144063089986,0.0005086111075822418,-0.008591063724667768,-0.004296013340242866,-0.0022260133768333317,-0.04103032332858334,0.0,0.9997430956891
0.4080000000000003,0.0015652845178826176,0.0,0.0006855867756953336,0.0002611310205480667,-0.0004874852169650001,-0.0008151817157777836,0.0018652819816105698,0.0010394044144322536,0.001918239237125933,5.162664013105657e-05,0.0005647601237244163,0.0006396859599715852,-0.0008227940257150001,0.0004929602972065832,-0.0004965026760830005,0.0012528822072378628,-0.0008591723211610368,0.0020377155340728895,0.0006855867756953336,-0.0002611310205480667,0.16612837322133334,0.0,0.2753660134909,0.013630995758694116,0.02059919147893629,0.029793553961368836,0.029198616347447325,-0.010109702717670517,-0.0008397258172454836,-0.00630166527861085,0.011793084546208367,0.005866237573202584,0.002650535641275734,-0.010942393019036973,-0.029650731747212836,-0.01590088641447467,-0.0004874852169650001,0.0008151817157777836,0.2753660134909,-0.013630995758694116,0.5168948659122499,0.0,0.019551766401410046,0.057301215676128316,0.026593104851183203,-0.017278744730616337,-0.009968828189944667,-0.014169340345351833,-0.009252303368337135,0.01713258726349707,0.011298651616895262,-0.010132471574958817,-0.027520201288750004,0.014766886492415332,0.0018652819816105698,-0.0010394044144322536,0.02059919147893629,-0.029793553961368836,0.019551766401410046,-0.057301215676128316,0.4422644910921666,0.0,0.08475609095033665,0.020950596518639567,0.002608521176728167,0.00032702710182195167,0.011996934587484048,0.010234044327244946,-0.01245614585246292,-0.0011375464682532503,-0.004191178804454002,0.0036733964391616326,0.001918239237125933,-5.162664013105657e-05,0.029198616347447325,0.010109702717670517,0.026593104851183203,0.017278744730616337,0.08475609095033665,-0.020950596518639567,0.10811753205981671,0.0,0.055426634422736654,0.0062195675626600996,0.01503709477079133,-0.01193514631371815,0.09241368243732337,0.02086334522234071,-0.0004275094527768832,-0.0017360363895084503,0.0005647601237244163,-0.0006396859599715852,-0.0008397258172454836,0.00630166527861085,-0.009968828189944667,0.014169340345351833,0.002608521176728167,-0.00032702710182195167,0.055426634422736654,-0.0062195675626600996,-0.1341960909809167,0.0,-0.09376864674919834,-0.0013274453120600167,0.021167386921308002,-0.0059512994618036,0.0024327389485972995,-0.00012064893055800179,-0.0008227940257150001,-0.0004929602972065832,0.011793084546208367,-0.005866237573202584,-0.009252303368337135,-0.01713258726349707,0.011996934587484048,-0.010234044327244946,0.01503709477079133,0.01193514631371815,-0.09376864674919834,0.0013274453120600167,-0.009722148263557912,0.0,-0.03090475661933833,0.027120090800065003,0.0005888473929409716,0.008598458649776748,-0.0004965026760830005,-0.0012528822072378628,0.002650535641275734,0.010942393019036973,0.011298651616895262,0.010132471574958817,-0.01245614585246292,0.0011375464682532503,0.09241368243732337,-0.02086334522234071,0.021167386921308002,0.0059512994618036,-0.03090475661933833,-0.027120090800065003,-0.050059671824555,0.0,-0.004255061993178234,0.002179422670530916,-0.0008591723211610368,-0.0020377155340728895,-0.029650731747212836,0.01590088641447467,-0.027520201288750004,-0.014766886492415332,-0.004191178804454002,-0.0036733964391616326,-0.0004275094527768832,0.0017360363895084503,0.0024327389485972995,0.00012064893055800179,0.0005888473929409716,-0.008598458649776748,-0.004255061993178234,-0.002179422670530916,-0.04124972359758165,0.0,0.9997429121365998
0.4089999999999998,0.0015651009557010836,0.0,-0.0006818776828078662,0.0002610574744811836,0.0009197738463318168,0.0001618198020392332,-0.0019659169820636334,0.0008018185608507085,-0.0014091104931459497,0.0013995390140406163,-0.0008390795050916484,-7.745825825506637e-05,0.00020871124714333354,-0.0009216369859848497,-0.0005147797058404999,-0.0012170977479522998,-0.0007448348710298667,-0.0020634515599505165,-0.0006818776828078662,-0.0002610574744811836,0.16678687237991666,0.0,0.27589329766435,0.014457795124249436,0.020604124722762168,0.02990276239348284,0.029168752558175328,-0.010134984611080715,-0.0008109541776708834,-0.006351338863328085,0.011639396883282437,0.005828784684223016,0.0025300096718985426,-0.01100081093434867,-0.02988178537155933,-0.01582743286933216,0.0009197738463318168,-0.0001618198020392332,0.27589329766435,-0.014457795124249436,0.51568531208585,0.0,0.019263717146520164,0.057176223745610016,0.026454932887483854,-0.01709983376425037,-0.00976760989319023,-0.014209348608256987,-0.00944218826702745,0.017090335962523073,0.011039599837355881,-0.010074710009911165,-0.027747108219666018,0.015039916741405167,-0.0019659169820636334,-0.0008018185608507085,0.020604124722762168,-0.02990276239348284,0.019263717146520164,-0.057176223745610016,0.44347693103478336,0.0,0.08492342270804665,0.02097585990086516,0.0026126925748750996,0.0002462091354461337,0.011884226805043467,0.010193981085438352,-0.012515416507622133,-0.0013124659285341474,-0.0040511597127775075,0.0036264806086541168,-0.0014091104931459497,-0.0013995390140406163,0.029168752558175328,0.010134984611080715,0.026454932887483854,0.01709983376425037,0.08492342270804665,-0.02097585990086516,0.10820717398857832,0.0,0.05548047612570502,0.006284429382265432,0.015023573541177993,-0.012033062794002332,0.09257121356402334,0.020839675703750324,-0.0004115315462808535,-0.001705783451412867,-0.0008390795050916484,7.745825825506637e-05,-0.0008109541776708834,0.006351338863328085,-0.00976760989319023,0.014209348608256987,0.0026126925748750996,-0.0002462091354461337,0.05548047612570502,-0.006284429382265432,-0.13434626174708333,0.0,-0.09373299540282834,-0.0012890238088595336,0.021161493397348827,-0.006020081843524534,0.002364092210807133,-0.00010364947496023343,0.00020871124714333354,0.0009216369859848497,0.011639396883282437,-0.005828784684223016,-0.00944218826702745,-0.017090335962523073,0.011884226805043467,-0.010193981085438352,0.015023573541177993,0.012033062794002332,-0.09373299540282834,0.0012890238088595336,-0.009969423324345517,0.0,-0.030991937365733323,0.027133299493084996,0.0006612213077487064,0.008588069708517483,-0.0005147797058404999,0.0012170977479522998,0.0025300096718985426,0.01100081093434867,0.011039599837355881,0.010074710009911165,-0.012515416507622133,0.0013124659285341474,0.09257121356402334,-0.020839675703750324,0.021161493397348827,0.006020081843524534,-0.030991937365733323,-0.027133299493084996,-0.050195806814798336,0.0,-0.004209277786792484,0.0021106911189619952,-0.0007448348710298667,0.0020634515599505165,-0.02988178537155933,0.01582743286933216,-0.027747108219666018,-0.015039916741405167,-0.0040511597127775075,-0.0036264806086541168,-0.0004115315462808535,0.001705783451412867,0.002364092210807133,0.00010364947496023343,0.0006612213077487064,-0.008588069708517483,-0.004209277786792484,-0.0021106911189619952,-0.041467169990759986,0.0,0.9997427285679165
0.4100000000000001,0.0015649173888826165,0.0,0.00031197692276089666,-0.0006643681245028431,-0.0007105212121449665,0.0005339094201851502,0.0006131634098264333,-0.002038724078745055,-3.8095572072176726e-05,-0.002042248503489584,0.0006501735448761,-0.0005212432304241168,0.0005088822429094331,0.0007925865840843166,0.0011853348957035338,0.0005068482992927834,0.0019388532835471826,0.0010128325490856669,0.00031197692276089666,0.0006643681245028431,0.1674726047645834,0.0,0.27644958764505,0.015207384908624267,0.020628844494300178,0.029999522556141325,0.0291386990246445,-0.010156059522410998,-0.0007875056254056668,-0.006398239244341269,0.011464389844204982,0.005786655235126565,0.0024142301329084176,-0.011083999867584664,-0.030160913333716673,-0.015739228168989997,-0.0007105212121449665,-0.0005339094201851502,0.27644958764505,-0.015207384908624267,0.5144468681529,0.0,0.018974441848410167,0.05706962912806834,0.026330706876289814,-0.016907685997207066,-0.009587012986542487,-0.014245682428343013,-0.009620404860553286,0.017075438855590524,0.01080717628729422,-0.010010453970685618,-0.028019322972754335,0.015260956067732178,0.0006131634098264333,0.002038724078745055,0.020628844494300178,-0.029999522556141325,0.018974441848410167,-0.05706962912806834,0.44468933532635,0.0,0.08508945077716001,0.021042553986773665,0.0026358747876452436,0.0001350333798875603,0.011764463800058762,0.01013569544889767,-0.012550364568468848,-0.0015370403784490648,-0.0039409133594498266,0.003621834873298685,-3.8095572072176726e-05,0.002042248503489584,0.0291386990246445,0.010156059522410998,0.026330706876289814,0.016907685997207066,0.08508945077716001,-0.021042553986773665,0.10829648907777,0.0,0.05555065893294333,0.006322433052078015,0.015024353008372003,-0.012109932622951331,0.09274150481427501,0.020806624027683,-0.00041755280919921693,-0.0016646849607651545,0.0006501735448761,0.0005212432304241168,-0.0007875056254056668,0.006398239244341269,-0.009587012986542487,0.014245682428343013,0.0026358747876452436,-0.0001350333798875603,0.05555065893294333,-0.006322433052078015,-0.13449888728916667,0.0,-0.09370902807964834,-0.0012731886316195333,0.021162634644869168,-0.0060543684245219975,0.0023115276462094335,-6.857015580316651e-05,0.0005088822429094331,-0.0007925865840843166,0.011464389844204982,-0.005786655235126565,-0.009620404860553286,-0.017075438855590524,0.011764463800058762,-0.01013569544889767,0.015024353008372003,0.012109932622951331,-0.09370902807964834,0.0012731886316195333,-0.010215165351789231,0.0,-0.031076928576025006,0.02715078078363167,0.0007163663809321497,0.00858288658692503,0.0011853348957035338,-0.0005068482992927834,0.0024142301329084176,0.011083999867584664,0.01080717628729422,0.010010453970685618,-0.012550364568468848,0.0015370403784490648,0.09274150481427501,-0.020806624027683,0.021162634644869168,0.0060543684245219975,-0.031076928576025006,-0.02715078078363167,-0.05033128580543334,0.0,-0.004137265365437699,0.0020384942739351997,0.0019388532835471826,-0.0010128325490856669,-0.030160913333716673,0.015739228168989997,-0.028019322972754335,-0.015260956067732178,-0.0039409133594498266,-0.003621834873298685,-0.00041755280919921693,0.0016646849607651545,0.0023115276462094335,6.857015580316651e-05,0.0007163663809321497,-0.00858288658692503,-0.004137265365437699,-0.0020384942739351997,-0.041682331270535,0.0,0.9997425449933999
0.4110000000000003,0.0015647338265135503,0.0,0.00027206659988755354,0.0006900107786583,0.00011451385092513333,-0.0008310867341199478,0.001192484971134604,0.0017835362813110474,0.0015248137663404113,0.0014084794967620508,-0.0001041709715343347,0.0008036716052159931,-0.00091030621505397,-0.00020706670740568356,-0.0011784339004571264,0.0004343472491578764,-0.0020948433195955,0.0005635066691164335,0.00027206659988755354,-0.0006900107786583,0.1681829484708167,0.0,0.27702201641623336,0.015894966896699215,0.0206660604421195,0.030105592732895314,0.029103112409624002,-0.010150415471878838,-0.0007498440988019502,-0.006451883071057049,0.011270792017683806,0.0057353288332237335,0.002300937276680233,-0.011196243540370401,-0.030473233487659672,-0.015667126891952002,0.00011451385092513333,0.0008310867341199478,0.27702201641623336,-0.015894966896699215,0.5131818415420499,0.0,0.018704567459416722,0.056992465872353334,0.02616952966931866,-0.016682171745023698,-0.009404030299645465,-0.014243321440289496,-0.009845103528342657,0.017070607146589586,0.010581269583692177,-0.009949566989920104,-0.028346397394621508,0.015384081133728633,0.001192484971134604,-0.0017835362813110474,0.0206660604421195,-0.030105592732895314,0.018704567459416722,-0.056992465872353334,0.44590300698296664,0.0,0.0853005280309783,0.021147557589098233,0.0027231439605350963,-2.4924038232700233e-05,0.011613329122855032,0.010072507682493504,-0.01253497680111332,-0.0017899050289261888,-0.00384773744636845,0.0036669186469878174,0.0015248137663404113,-0.0014084794967620508,0.029103112409624002,0.010150415471878838,0.02616952966931866,0.016682171745023698,0.0853005280309783,-0.021147557589098233,0.10838375391543496,0.0,0.05565513933470998,0.006363180378027749,0.015046736069615036,-0.012155049493597499,0.0929154035592517,0.02074486644435613,-0.0004462186950267182,-0.001643630377381561,-0.0001041709715343347,-0.0008036716052159931,-0.0007498440988019502,0.006451883071057049,-0.009404030299645465,0.014243321440289496,0.0027231439605350963,2.4924038232700233e-05,0.05565513933470998,-0.006363180378027749,-0.13465276410536664,0.0,-0.09369230644997667,-0.0012713898135497334,0.02118113028995834,-0.006058653102431685,0.0022654914022970786,-2.6483115482996623e-05,-0.00091030621505397,0.00020706670740568356,0.011270792017683806,-0.0057353288332237335,-0.009845103528342657,-0.017070607146589586,0.011613329122855032,-0.010072507682493504,0.015046736069615036,0.012155049493597499,-0.09369230644997667,0.0012713898135497334,-0.010460054505117816,0.0,-0.031141246900638336,0.027161222015591673,0.0007779747519505784,0.008596002831139931,-0.0011784339004571264,-0.0004343472491578764,0.002300937276680233,0.011196243540370401,0.010581269583692177,0.009949566989920104,-0.01253497680111332,0.0017899050289261888,0.0929154035592517,-0.02074486644435613,0.02118113028995834,0.006058653102431685,-0.031141246900638336,-0.027161222015591673,-0.050465620543351665,0.0,-0.004043135310104856,0.001980725606056656,-0.0020948433195955,-0.0005635066691164335,-0.030473233487659672,0.015667126891952002,-0.028346397394621508,-0.015384081133728633,-0.00384773744636845,-0.0036669186469878174,-0.0004462186950267182,0.001643630377381561,0.0022654914022970786,2.6483115482996623e-05,0.0007779747519505784,-0.008596002831139931,-0.004043135310104856,-0.001980725606056656,-0.041895484159854994,0.0,0.9997423614238163
0.4119999999999999,0.0015645502652165833,0.0,-0.0006894296159362333,-0.0002791314412730669,0.0005117216938092918,0.0006515974566624001,-0.0021400956830811666,-0.0002131745987486317,-0.0020981371008625097,0.00013254148652849825,-0.00044851094728702,-0.0006305604301231783,0.0007668613585853167,-0.00048397226928801647,0.0005356475187610732,-0.0011117846422610002,0.0011428678505615414,-0.0018087127310225971,-0.0006894296159362333,0.0002791314412730669,0.1689158984107667,0.0,0.2775945479148333,0.016517888414791834,0.020704017457430498,0.030260931687179977,0.02906666094162434,-0.010111756087097334,-0.0006986533136297999,-0.006496948780872283,0.011100296989931733,0.005672965106299416,0.002185319046086884,-0.01131312977179402,-0.03078295502936833,-0.01562374018101217,0.0005117216938092918,-0.0006515974566624001,0.2775945479148333,-0.016517888414791834,0.5118923385047166,0.0,0.018438229291456668,0.056943694685101666,0.025968676787513155,-0.01643205770247407,-0.009207114135429907,-0.014213021056544884,-0.010092062882286817,0.017022077040522967,0.01033732762705142,-0.009889980639245743,-0.028677314355844495,0.015471798639251414,-0.0021400956830811666,0.0002131745987486317,0.020704017457430498,-0.030260931687179977,0.018438229291456668,-0.056943694685101666,0.4471185080963834,0.0,0.08551626014926332,0.021228425544243482,0.002837856679751499,-0.00017353220803768322,0.01147808156489057,0.010009873660685013,-0.012464418995456262,-0.002011385374854183,-0.0037335429189468655,0.0037324245042700834,-0.0020981371008625097,-0.00013254148652849825,0.02906666094162434,0.010111756087097334,0.025968676787513155,0.01643205770247407,0.08551626014926332,-0.021228425544243482,0.1084687890405017,0.0,0.055748947025800015,0.006437710488351583,0.015074092606929103,-0.012200055330417337,0.09307338983192996,0.020666150516952662,-0.00047305461735151663,-0.0016260153418537837,-0.00044851094728702,0.0006305604301231783,-0.0006986533136297999,0.006496948780872283,-0.009207114135429907,0.014213021056544884,0.002837856679751499,0.00017353220803768322,0.055748947025800015,-0.006437710488351583,-0.13480830702811666,0.0,-0.09367482282779169,-0.0012582045744609534,0.021201419362257667,-0.0060677719951358015,0.002209497188971449,2.2939243946691005e-08,0.0007668613585853167,0.00048397226928801647,0.011100296989931733,-0.005672965106299416,-0.010092062882286817,-0.017022077040522967,0.01147808156489057,-0.010009873660685013,0.015074092606929103,0.012200055330417337,-0.09367482282779169,0.0012582045744609534,-0.01070408689366305,0.0,-0.03118641220707166,0.02716035501499666,0.0008719026423131667,0.008607887237911338,0.0005356475187610732,0.0011117846422610002,0.002185319046086884,0.01131312977179402,0.01033732762705142,0.009889980639245743,-0.012464418995456262,0.002011385374854183,0.09307338983192996,-0.020666150516952662,0.021201419362257667,0.0060677719951358015,-0.03118641220707166,-0.02716035501499666,-0.05059821355083167,0.0,-0.003952131127555799,0.0019345949133674999,0.0011428678505615414,0.0018087127310225971,-0.03078295502936833,0.01562374018101217,-0.028677314355844495,-0.015471798639251414,-0.0037335429189468655,-0.0037324245042700834,-0.00047305461735151663,0.0016260153418537837,0.002209497188971449,-2.2939243946691005e-08,0.0008719026423131667,-0.008607887237911338,-0.003952131127555799,-0.0019345949133674999,-0.04210729898956833,0.0,0.9997421778554665
0.4130000000000002,0.0015643666904723165,0.0,0.0006815116714759466,-0.00028162537738671647,-0.0008427831316147385,-7.840384852637887e-05,0.0014978787102442913,-0.00152062430309512,0.0013720725673607179,-0.001643756980020484,0.0007173968790209367,0.0001590831300226415,-0.0001756953410313333,0.0008583633965412666,0.00041253610306955015,0.0011536545235603666,0.0003762835464412249,0.0020900480250900643,0.0006815116714759466,0.00028162537738671647,0.1696690309672667,0.0,0.27818346826553336,0.01706554344451817,0.020755062376854504,0.030459111626840233,0.029034081703460342,-0.010071914442902487,-0.0006508366233504918,-0.006521251371204544,0.010967172498958396,0.005600480663515632,0.0020648435020737,-0.011411181896221333,-0.031089881675446664,-0.015590814417712158,-0.0008427831316147385,7.840384852637887e-05,0.27818346826553336,-0.01706554344451817,0.5105809160251166,0.0,0.01816115192205533,0.05690415573356,0.025789202555429498,-0.016199391372831367,-0.00901136637648095,-0.014176728606708778,-0.010292783562545284,0.016906402496719326,0.010085492900311754,-0.009826714705721218,-0.028992220259264657,0.015607126786866703,0.0014978787102442913,0.00152062430309512,0.020755062376854504,-0.030459111626840233,0.01816115192205533,-0.05690415573356,0.44833506104736676,0.0,0.08569138211347997,0.021249362209676534,0.002910982018548133,-0.00028035659205099037,0.011414227012765548,0.009947804025739944,-0.012354745955982268,-0.0021966903552855465,-0.003602403732368534,0.0038005714342654227,0.0013720725673607179,0.001643756980020484,0.029034081703460342,0.010071914442902487,0.025789202555429498,0.016199391372831367,0.08569138211347997,-0.021249362209676534,0.10855319412554497,0.0,0.05579920739010833,0.0065253064940573695,0.015096258874553363,-0.012266778875479669,0.09322452062696335,0.020597437798170828,-0.0004907554210882499,-0.0015758345311999904,0.0007173968790209367,-0.0001590831300226415,-0.0006508366233504918,0.006521251371204544,-0.00901136637648095,0.014176728606708778,0.002910982018548133,0.00028035659205099037,0.05579920739010833,-0.0065253064940573695,-0.13496676887203338,0.0,-0.09366656201713998,-0.00122766468944225,0.02120944349349366,-0.006095889235319133,0.002152683803582849,1.1335156495106628e-05,-0.0001756953410313333,-0.0008583633965412666,0.010967172498958396,-0.005600480663515632,-0.010292783562545284,-0.016906402496719326,0.011414227012765548,-0.009947804025739944,0.015096258874553363,0.012266778875479669,-0.09366656201713998,0.00122766468944225,-0.010946803176299254,0.0,-0.031230272135463345,0.027165904805756667,0.0009880444500616663,0.008603657508488774,0.00041253610306955015,-0.0011536545235603666,0.0020648435020737,0.011411181896221333,0.010085492900311754,0.009826714705721218,-0.012354745955982268,0.0021966903552855465,0.09322452062696335,-0.020597437798170828,0.02120944349349366,0.006095889235319133,-0.031230272135463345,-0.027165904805756667,-0.05072894021589833,0.0,-0.0038767380735011,0.0018902821884089669,0.0003762835464412249,-0.0020900480250900643,-0.031089881675446664,0.015590814417712158,-0.028992220259264657,-0.015607126786866703,-0.003602403732368534,-0.0038005714342654227,-0.0004907554210882499,0.0015758345311999904,0.002152683803582849,-1.1335156495106628e-05,0.0009880444500616663,-0.008603657508488774,-0.0038767380735011,-0.0018902821884089669,-0.04231806231793667,0.0,0.9997419942735998
0.4140000000000004,0.0015641831078440833,0.0,-0.0002856108584692217,0.0006719064349994338,0.0006523875857999163,-0.0005321845701515003,0.0002478569341766166,0.0020927361955328165,0.00025299855638886526,0.0021689861722508164,-0.0006005689419485666,0.00034859272027784827,-0.00048165575102163317,-0.0007137348049791997,-0.0011076380663487164,-0.0005048761503249002,-0.0016920293810196469,-0.0012933027680315453,-0.0002856108584692217,-0.0006719064349994338,0.17043966195926663,0.0,0.27876283308076655,0.017554167173137687,0.020830048440836833,0.030641536954573532,0.028993470690247006,-0.010058523034618605,-0.0006109596481021496,-0.006535468222911516,0.010831367173461602,0.005517212628050883,0.0019419306840516664,-0.011493860202198617,-0.03141153335345833,-0.015556096896135997,0.0006523875857999163,0.0005321845701515003,0.27876283308076655,-0.017554167173137687,0.5092504915000501,0.0,0.017888148510171346,0.05683982522767834,0.025657265675934182,-0.016006374137041937,-0.0088332168127885,-0.01411483609577447,-0.010445784531690564,0.01675161241006735,0.009851996032750332,-0.009762395535999219,-0.02931443461474616,0.015757420404664168,0.0002478569341766166,-0.0020927361955328165,0.020830048440836833,-0.030641536954573532,0.017888148510171346,-0.05683982522767834,0.4495515343162,0.0,0.08584753955555832,0.0212490525381555,0.002959265148475533,-0.00039143252871163306,0.011404290550344984,0.009882967779603982,-0.012214702784739136,-0.0023885105290269663,-0.003507598778826404,0.003890198492209083,0.00025299855638886526,-0.0021689861722508164,0.028993470690247006,0.010058523034618605,0.025657265675934182,0.016006374137041937,0.08584753955555832,-0.0212490525381555,0.10863799352840002,0.0,0.05583312299332502,0.00658565383159465,0.015120453211186002,-0.012336596977247328,0.09338165053948332,0.020541253852476838,-0.0005162813625521833,-0.0014982047329500866,-0.0006005689419485666,-0.00034859272027784827,-0.0006109596481021496,0.006535468222911516,-0.0088332168127885,0.01411483609577447,0.002959265148475533,0.00039143252871163306,0.05583312299332502,-0.00658565383159465,-0.13512822770811667,0.0,-0.09366066492640836,-0.0011967875058164833,0.02121727637259634,-0.0061209399837411855,0.0021160539557741826,2.5627990807972204e-05,-0.00048165575102163317,0.0007137348049791997,0.010831367173461602,-0.005517212628050883,-0.010445784531690564,-0.01675161241006735,0.011404290550344984,-0.009882967779603982,0.015120453211186002,0.012336596977247328,-0.09366066492640836,0.0011967875058164833,-0.011188172673152768,0.0,-0.031272446675716666,0.02718856941398333,0.0010882311565863665,0.00860054509101967,-0.0011076380663487164,0.0005048761503249002,0.0019419306840516664,0.011493860202198617,0.009851996032750332,0.009762395535999219,-0.012214702784739136,0.0023885105290269663,0.09338165053948332,-0.020541253852476838,0.02121727637259634,0.0061209399837411855,-0.031272446675716666,-0.02718856941398333,-0.050857985069129995,0.0,-0.0038033071288513668,0.001855075496184616,-0.0016920293810196469,0.0012933027680315453,-0.03141153335345833,0.015556096896135997,-0.02931443461474616,-0.015757420404664168,-0.003507598778826404,-0.003890198492209083,-0.0005162813625521833,0.0014982047329500866,0.0021160539557741826,-2.5627990807972204e-05,0.0010882311565863665,-0.00860054509101967,-0.0038033071288513668,-0.001855075496184616,-0.04252766827759166,0.0,0.9997418106837165
0.4149999999999994,0.0015639995358406836,0.0,-0.00029066371428500363,-0.000664984018432267,-0.0001220071127483501,0.0007960644045354461,-0.0017584370796334616,-0.0011134828569250937,-0.0017653265734495162,-0.001328485231220034,0.0001824967015363033,-0.0006154166446505666,0.0008337500238700182,0.00018094063857858168,0.0011226835680939499,-0.00042400132799096633,0.002123901533281799,-0.00019351309903856338,-0.00029066371428500363,0.000664984018432267,0.17122651260708335,0.0,0.2793304324958334,0.018030706920974568,0.020917907603615008,0.030784971236408,0.028940256688789988,-0.010060287305177683,-0.0005668120236948999,-0.006556894778684551,0.010666783883766066,0.005422843062634101,0.0018204416041725994,-0.011585451263079836,-0.031742803561606664,-0.015539410387914832,-0.0001220071127483501,-0.0007960644045354461,0.2793304324958334,-0.018030706920974568,0.5079029999695999,0.0,0.01764863631658415,0.05674669526818166,0.025529829365102837,-0.0158343426084346,-0.008671598928336135,-0.013997577235426663,-0.010619286562257834,0.016586271612351447,0.009638053686743666,-0.009718662159858964,-0.029655311128652495,0.015845448978670174,-0.0017584370796334616,0.0011134828569250937,0.020917907603615008,-0.030784971236408,0.01764863631658415,-0.05674669526818166,0.45076772332821674,0.0,0.08605809860764499,0.02128080433734724,0.0030590646010544334,-0.0005373807283811173,0.011389912108472676,0.009819351273424422,-0.012053810396368336,-0.0025911196803716998,-0.003482199743887268,0.004027441829107668,-0.0017653265734495162,0.001328485231220034,0.028940256688789988,0.010060287305177683,0.025529829365102837,0.0158343426084346,0.08605809860764499,-0.02128080433734724,0.10872242792399667,0.0,0.05590650492833,0.006621602660583232,0.015160136172902,-0.012389386445310232,0.09356079091584003,0.020488609879997163,-0.0005562228622584501,-0.001431487599526783,0.0001824967015363033,0.0006154166446505666,-0.0005668120236948999,0.006556894778684551,-0.008671598928336135,0.013997577235426663,0.0030590646010544334,0.0005373807283811173,0.05590650492833,-0.006621602660583232,-0.13529169476485006,0.0,-0.09365304135668504,-0.0011704514009365596,0.02124964900257217,-0.0061271454774619455,0.0021000415756448005,4.4896713567004975e-05,0.0008337500238700182,-0.00018094063857858168,0.010666783883766066,-0.005422843062634101,-0.010619286562257834,-0.016586271612351447,0.011389912108472676,-0.009819351273424422,0.015160136172902,0.012389386445310232,-0.09365304135668504,0.0011704514009365596,-0.011428578606698719,0.0,-0.031301427355824994,0.027218706615761663,0.0011543818318555496,0.008623180148994346,0.0011226835680939499,0.00042400132799096633,0.0018204416041725994,0.011585451263079836,0.009638053686743666,0.009718662159858964,-0.012053810396368336,0.0025911196803716998,0.09356079091584003,-0.020488609879997163,0.02124964900257217,0.0061271454774619455,-0.031301427355824994,-0.027218706615761663,-0.05098536775013333,0.0,-0.003721075175826316,0.0018465080366951326,0.002123901533281799,0.00019351309903856338,-0.031742803561606664,0.015539410387914832,-0.029655311128652495,-0.015845448978670174,-0.003482199743887268,-0.004027441829107668,-0.0005562228622584501,0.001431487599526783,0.0021000415756448005,-4.4896713567004975e-05,0.0011543818318555496,-0.008623180148994346,-0.003721075175826316,-0.0018465080366951326,-0.04273639513831003,0.0,0.9997416271045168
0.4160000000000003,0.0015638159793529333,0.0,0.0006762898112696668,0.0002322865933779415,-0.0004352696136175163,-0.0006440873530226167,0.0019571911352975497,-0.0006477164124822915,0.0021896317844012124,-0.0003649771955895998,0.0002527620622262704,0.0005158113280850998,-0.0007106835766204001,0.0004277977557408333,-0.00048426533145095,0.0010709003087777953,-0.0014116544777833496,0.001574474374232683,0.0006762898112696668,-0.0002322865933779415,0.17203013683056664,0.0,0.2798457064577667,0.018523554952689036,0.021003344525475996,0.030927025824539853,0.028875877171960662,-0.010058490952399938,-0.0005137141107246268,-0.006578819861301251,0.010502150927558547,0.005320069946713633,0.0016974659447427664,-0.011692630309023816,-0.03204953391889167,-0.015552838979658498,-0.0004352696136175163,0.0006440873530226167,0.2798457064577667,-0.018523554952689036,0.50653875965065,0.0,0.01743838482357503,0.05663992997787667,0.025351560667286,-0.015662950473451863,-0.00850970522204588,-0.013849301673640001,-0.010840766925668568,0.016402994826938015,0.00942122951126905,-0.009711936586739713,-0.029985376382025974,0.01588911819732485,0.0019571911352975497,0.0006477164124822915,0.021003344525475996,-0.030927025824539853,0.01743838482357503,-0.05663992997787667,0.4519839128436832,0.0,0.08631242753391997,0.02132024038991994,0.003206906858200583,-0.0006774137649200829,0.011356996473872111,0.009767781529518587,-0.011892951240846033,-0.0027545092219893002,-0.003491728206430835,0.004200058028761001,0.0021896317844012124,0.0003649771955895998,0.028875877171960662,0.010058490952399938,0.025351560667286,0.015662950473451863,0.08631242753391997,-0.02132024038991994,0.10880581618601834,0.0,0.056005066370858336,0.006661883661998515,0.015210239725114382,-0.012438127616643266,0.09373232597978332,0.020446380787405675,-0.0005920471175801832,-0.0013842900276665702,0.0002527620622262704,-0.0005158113280850998,-0.0005137141107246268,0.006578819861301251,-0.00850970522204588,0.013849301673640001,0.003206906858200583,0.0006774137649200829,0.056005066370858336,-0.006661883661998515,-0.13545702499036671,0.0,-0.09362415519110498,-0.0011273402041064886,0.02130064702598983,-0.006126816182728466,0.0020865737800838885,5.2459876359621644e-05,-0.0007106835766204001,-0.0004277977557408333,0.010502150927558547,-0.005320069946713633,-0.010840766925668568,-0.016402994826938015,0.011356996473872111,-0.009767781529518587,0.015210239725114382,0.012438127616643266,-0.09362415519110498,0.0011273402041064886,-0.011667821027703014,0.0,-0.03131486487615167,0.02723071949712501,0.0012000925355283827,0.008666562546022352,-0.00048426533145095,-0.0010709003087777953,0.0016974659447427664,0.011692630309023816,0.00942122951126905,0.009711936586739713,-0.011892951240846033,0.0027545092219893002,0.09373232597978332,-0.020446380787405675,0.02130064702598983,0.006126816182728466,-0.03131486487615167,-0.02723071949712501,-0.05111115309366332,0.0,-0.003636295943762517,0.0018614361071571666,-0.0014116544777833496,-0.001574474374232683,-0.03204953391889167,0.015552838979658498,-0.029985376382025974,-0.01588911819732485,-0.003491728206430835,-0.004200058028761001,-0.0005920471175801832,0.0013842900276665702,0.0020865737800838885,-5.2459876359621644e-05,0.0012000925355283827,-0.008666562546022352,-0.003636295943762517,-0.0018614361071571666,-0.04294499883742999,0.0,0.9997414435410504
0.4170000000000005,0.0015636324264710166,0.0,-0.0006106927645477953,0.00031238540163364993,0.000765210181509017,0.00013328611255771725,-0.0007256691097011165,0.001922641375293875,-0.0012521933300697,0.0018567328496785372,-0.0004641969423065333,-0.0001978984991182496,0.00019365530517014327,-0.0007644726344148497,-0.00041839732107938366,-0.001070933932121247,-4.3280678419238185e-05,-0.0020949778855150203,-0.0006106927645477953,-0.00031238540163364993,0.1728511829656834,0.0,0.28033662573925,0.019015568528662295,0.0210937056504515,0.031105270875743503,0.02881180205917966,-0.01006109010533285,-0.0004698258175301666,-0.006587277929214698,0.01036976231976001,0.00521345305616103,0.0015637668148359837,-0.011799850717853317,-0.032334801142525,-0.015579640996710166,0.000765210181509017,-0.00013328611255771725,0.28033662573925,-0.019015568528662295,0.5051575239281665,0.0,0.017222210227516372,0.05654094533706667,0.02513969177321933,-0.015506572727940846,-0.0083419489517047,-0.013732153953218999,-0.011056621698872468,0.016199135443290016,0.009188718048718963,-0.009734332298215069,-0.030297170604802994,0.015982968624836398,-0.0007256691097011165,-0.001922641375293875,0.0210937056504515,-0.031105270875743503,0.017222210227516372,-0.05654094533706667,0.4531995806149167,0.0,0.08654498108727998,0.021311538603278068,0.0033161416440799156,-0.0007755862236476501,0.011343599739723207,0.009734499793327482,-0.01175271029866847,-0.002854350096425651,-0.003489008582763617,0.004376203047532532,-0.0012521933300697,-0.0018567328496785372,0.02881180205917966,0.01006109010533285,0.02513969177321933,0.015506572727940846,0.08654498108727998,-0.021311538603278068,0.10888933991056832,0.0,0.05607904141556834,0.006706452922448583,0.015253076835374512,-0.012513238713741335,0.09388063211649501,0.020441537432235334,-0.0006171433226402466,-0.0013261368332987088,-0.0004641969423065333,0.0001978984991182496,-0.0004698258175301666,0.006587277929214698,-0.0083419489517047,0.013732153953218999,0.0033161416440799156,0.0007755862236476501,0.05607904141556834,-0.006706452922448583,-0.13562525407180004,0.0,-0.0935831962496667,-0.0010562219268504748,0.02134635115671766,-0.0061370626102251755,0.0020686588335214933,4.4369865279399985e-05,0.00019365530517014327,0.0007644726344148497,0.01036976231976001,-0.00521345305616103,-0.011056621698872468,-0.016199135443290016,0.011343599739723207,-0.009734499793327482,0.015253076835374512,0.012513238713741335,-0.0935831962496667,0.0010562219268504748,-0.011904787726107017,0.0,-0.03133651398491333,0.027221367225038318,0.0012389622455188996,0.008705755934354766,-0.00041839732107938366,0.001070933932121247,0.0015637668148359837,0.011799850717853317,0.009188718048718963,0.009734332298215069,-0.01175271029866847,0.002854350096425651,0.09388063211649501,-0.020441537432235334,0.02134635115671766,0.0061370626102251755,-0.03133651398491333,-0.027221367225038318,-0.05123604648002501,0.0,-0.00356072801577445,0.0018784795006462336,-4.3280678419238185e-05,0.0020949778855150203,-0.032334801142525,0.015579640996710166,-0.030297170604802994,-0.015982968624836398,-0.003489008582763617,-0.004376203047532532,-0.0006171433226402466,0.0013261368332987088,0.0020686588335214933,-4.4369865279399985e-05,0.0012389622455188996,-0.008705755934354766,-0.00356072801577445,-0.0018784795006462336,-0.043153911586858336,0.0,0.9997412599812505
0.41799999999999954,0.0015634488652241831,0.0,0.00019204032746573824,-0.0006139788643443433,-0.0006212514241619162,0.0004729073952344335,-0.001049851108598875,-0.0017835819195939498,-0.0004891048452652334,-0.0022252302316852716,0.0004227857480891933,-0.0001299801205421352,0.0003954809035247618,0.0006420255081953217,0.001033339530492758,0.0004344155487035432,0.0014625856055096001,0.00150283585650187,0.00019204032746573824,0.0006139788643443433,0.17368880504200004,0.0,0.28081800094330006,0.019468578864100732,0.021196666582635314,0.031285311594422834,0.028745856782655,-0.010081311947156751,-0.0004480437577827233,-0.006589913620268685,0.010245735718008636,0.005110284449165683,0.001419391353026707,-0.011896313969743937,-0.032640485184496665,-0.015596194003313168,-0.0006212514241619162,-0.0004729073952344335,0.28081800094330006,-0.019468578864100732,0.5037599472919667,0.0,0.016985697517685236,0.05644597445667665,0.024944089886424086,-0.015386248188328,-0.008178903525077417,-0.013666588672131332,-0.011217067666654413,0.01600130951299335,0.008952128953327948,-0.009761444814737067,-0.030616268599218666,0.016127758652447904,-0.001049851108598875,0.0017835819195939498,0.021196666582635314,-0.031285311594422834,0.016985697517685236,-0.05644597445667665,0.45441371129303315,0.0,0.086719209071305,0.02126326193860522,0.0033651747093391584,-0.000853924402138075,0.011363090280734628,0.009709137501389398,-0.0116206814712381,-0.0029318086646911838,-0.0034847780258038816,0.004538244681463398,-0.0004891048452652334,0.0022252302316852716,0.028745856782655,0.010081311947156751,0.024944089886424086,0.015386248188328,0.086719209071305,-0.02126326193860522,0.10897478029043663,0.0,0.05611697529575667,0.006731035517179993,0.015279329741288334,-0.012613273536259299,0.09401590007741169,0.020477864645960863,-0.0006545448061761,-0.0012486697146706985,0.0004227857480891933,0.0001299801205421352,-0.0004480437577827233,0.006589913620268685,-0.008178903525077417,0.013666588672131332,0.0033651747093391584,0.000853924402138075,0.05611697529575667,-0.006731035517179993,-0.13579685723031665,0.0,-0.09353749275771167,-0.0009803842441972466,0.021379759444222168,-0.006150472223888984,0.0020600611079459033,3.7391413201650035e-05,0.0003954809035247618,-0.0006420255081953217,0.010245735718008636,-0.005110284449165683,-0.011217067666654413,-0.01600130951299335,0.011363090280734628,-0.009709137501389398,0.015279329741288334,0.012613273536259299,-0.09353749275771167,0.0009803842441972466,-0.012138616670337167,0.0,-0.03137593027656667,0.027205421835875,0.0012596496445421324,0.00872724483379515,0.001033339530492758,-0.0004344155487035432,0.001419391353026707,0.011896313969743937,0.008952128953327948,0.009761444814737067,-0.0116206814712381,0.0029318086646911838,0.09401590007741169,-0.020477864645960863,0.021379759444222168,0.006150472223888984,-0.03137593027656667,-0.027205421835875,-0.05136124708338665,0.0,-0.0034900184929065664,0.0018841783295074034,0.0014625856055096001,-0.00150283585650187,-0.032640485184496665,0.015596194003313168,-0.030616268599218666,-0.016127758652447904,-0.0034847780258038816,-0.004538244681463398,-0.0006545448061761,0.0012486697146706985,0.0020600611079459033,-3.7391413201650035e-05,0.0012596496445421324,-0.00872724483379515,-0.0034900184929065664,-0.0018841783295074034,-0.04336289538573334,0.0,0.9997410764129503
0.41900000000000026,0.0015632653080968994,0.0,0.00030842776629046685,0.0005224609183677268,9.860849504279989e-05,-0.0007576656170373674,0.0020759562031742894,0.0003337789648275788,0.0019738141815841175,0.0012115055095056166,-0.0001998754257044817,0.0003233826833805166,-0.0007149431823473915,-0.00016864185888016675,-0.0010030722486316314,0.00040443857627803296,-0.0021011576638589827,-0.0001002945554534333,0.00030842776629046685,-0.0005224609183677268,0.17454119166178328,0.0,0.28130250987208333,0.019872583480985237,0.021305028905298885,0.031417114969173494,0.028667736909256825,-0.010106217899332765,-0.0004288120840358567,-0.006607318946164617,0.010094846384754953,0.005014195851905651,0.0012750189171330834,-0.011995748893814249,-0.03298613007900166,-0.015610767044634167,9.860849504279989e-05,0.0007576656170373674,0.28130250987208333,-0.019872583480985237,0.5023478309617165,0.0,0.016750976383027985,0.056345274840066656,0.02476536434151166,-0.0152906701636548,-0.00802607823290465,-0.013618343300841497,-0.011352044022654282,0.015838993703757406,0.00872367431722272,-0.009782220151224517,-0.030952345041317664,0.01622059431220037,0.0020759562031742894,-0.0003337789648275788,0.021305028905298885,-0.031417114969173494,0.016750976383027985,-0.056345274840066656,0.45562611690178334,0.0,0.08688485349437497,0.021249577158975498,0.003440473323584784,-0.000938727191542711,0.011376541275168184,0.009672430084222881,-0.011469165803071476,-0.0030245362166082773,-0.0035243670414518186,0.004696781098528585,0.0019738141815841175,-0.0012115055095056166,0.028667736909256825,0.010106217899332765,0.02476536434151166,0.0152906701636548,0.08688485349437497,-0.021249577158975498,0.10906231273882831,0.0,0.05616484210345996,0.006741425097900256,0.015300308626502336,-0.012703257239063404,0.09416628202915502,0.020529910773630314,-0.0007188210312364434,-0.001188011803649885,-0.0001998754257044817,-0.0003233826833805166,-0.0004288120840358567,0.006607318946164617,-0.00802607823290465,0.013618343300841497,0.003440473323584784,0.000938727191542711,0.05616484210345996,-0.006741425097900256,-0.1359709918705167,0.0,-0.09349473863561998,-0.0009256128740353665,0.021420094102995,-0.006151033596274077,0.0020691311258773837,3.762512812915001e-05,-0.0007149431823473915,0.00016864185888016675,0.010094846384754953,-0.005014195851905651,-0.011352044022654282,-0.015838993703757406,0.011376541275168184,-0.009672430084222881,0.015300308626502336,0.012703257239063404,-0.09349473863561998,0.0009256128740353665,-0.01236957631961007,0.0,-0.031413157814640005,0.02719369654508667,0.001252972133831951,0.008740106338578217,-0.0010030722486316314,-0.00040443857627803296,0.0012750189171330834,0.011995748893814249,0.00872367431722272,0.009782220151224517,-0.011469165803071476,0.0030245362166082773,0.09416628202915502,-0.020529910773630314,0.021420094102995,0.006151033596274077,-0.031413157814640005,-0.02719369654508667,-0.05148754250428167,0.0,-0.0034115457689222017,0.0018875227010275988,-0.0021011576638589827,0.0001002945554534333,-0.03298613007900166,0.015610767044634167,-0.030952345041317664,-0.01622059431220037,-0.0035243670414518186,-0.004696781098528585,-0.0007188210312364434,0.001188011803649885,0.0020691311258773837,-3.762512812915001e-05,0.001252972133831951,-0.008740106338578217,-0.0034115457689222017,-0.0018875227010275988,-0.04357171402947668,0.0,0.9997408928483498
0.4200000000000006,0.00156308176259225,0.0,-0.000580255032656111,-9.130085067951668e-05,0.0004469842850698148,0.0005916737042137171,-0.00163524181997735,0.0013871822132182168,-0.002259755509385847,0.0005811050384691631,-4.74664438115067e-05,-0.0003060617246451999,0.0006072914782930652,-0.0003681913503528606,0.0004254745846474167,-0.0009424413828754165,0.001588455982293014,-0.0013497560285257836,-0.000580255032656111,9.130085067951668e-05,0.17540699053203332,0.0,0.2817840615693167,0.02023568632364341,0.02141695698236877,0.03152164843798434,0.02857540646776983,-0.010116543959544666,-0.0003904239298594167,-0.006641758575266246,0.00993039467653444,0.004923565903233801,0.001140215368015243,-0.012111870672268082,-0.03334151916086833,-0.015644214180710336,0.0004469842850698148,-0.0005916737042137171,0.2817840615693167,-0.02023568632364341,0.5009230002613333,0.0,0.016534496338173516,0.05623742739340333,0.024560644594147467,-0.015187566374445604,-0.007865211062501603,-0.013562199370171966,-0.01151863248062615,0.015705907693357397,0.008499184452008264,-0.009807326324751337,-0.0312841151339545,0.01621705061514723,-0.00163524181997735,-0.0013871822132182168,0.02141695698236877,-0.03152164843798434,0.016534496338173516,-0.05623742739340333,0.45683789006626657,0.0,0.08708882999153501,0.021297497033630337,0.0035896181851327673,-0.001018273510926783,0.011347348547108933,0.009624913608615348,-0.011292503309408354,-0.0031096705075479105,-0.003602695018378117,0.004867007243934985,-0.002259755509385847,-0.0005811050384691631,0.02857540646776983,0.010116543959544666,0.024560644594147467,0.015187566374445604,0.08708882999153501,-0.021297497033630337,0.10915089287839834,0.0,0.05624088104628667,0.006771479078416483,0.0153268950500635,-0.012759602349124634,0.09432410113490336,0.020576014389727615,-0.0007915630996822067,-0.0011688443080049532,-4.74664438115067e-05,0.0003060617246451999,-0.0003904239298594167,0.006641758575266246,-0.007865211062501603,0.013562199370171966,0.0035896181851327673,0.001018273510926783,0.05624088104628667,-0.006771479078416483,-0.13614711500925003,0.0,-0.09345801082498498,-0.0008788535582762834,0.021472443825045838,-0.006140330526150549,0.002080613278254133,2.9194770332866694e-05,0.0006072914782930652,0.0003681913503528606,0.00993039467653444,-0.004923565903233801,-0.01151863248062615,-0.015705907693357397,0.011347348547108933,-0.009624913608615348,0.0153268950500635,0.012759602349124634,-0.09345801082498498,0.0008788535582762834,-0.012598332630085403,0.0,-0.031428819160761665,0.027182323419555007,0.0012436204902876587,0.0087544542335968,0.0004254745846474167,0.0009424413828754165,0.001140215368015243,0.012111870672268082,0.008499184452008264,0.009807326324751337,-0.011292503309408354,0.0031096705075479105,0.09432410113490336,-0.020576014389727615,0.021472443825045838,0.006140330526150549,-0.031428819160761665,-0.027182323419555007,-0.05161494888265168,0.0,-0.0033239824948705964,0.0018993991195621817,0.001588455982293014,0.0013497560285257836,-0.03334151916086833,0.015644214180710336,-0.0312841151339545,-0.01621705061514723,-0.003602695018378117,-0.004867007243934985,-0.0007915630996822067,0.0011688443080049532,0.002080613278254133,-2.9194770332866694e-05,0.0012436204902876587,-0.0087544542335968,-0.0033239824948705964,-0.0018993991195621817,-0.04378074968287499,0.0,0.9997407092964002
0.4209999999999996,0.0015628982227368165,0.0,0.0004346995231658121,-0.0003747382734489997,-0.0007368199303417835,-7.877615914267027e-05,1.3562695407336641e-05,-0.0021852762694669218,0.0011510927375074185,-0.0020396356851065827,0.00016721908129461668,0.0001745695265141834,-0.0001461947971529318,0.0006512370944533091,0.00033863014660515014,0.0009291715459672333,-0.00023825451238044672,0.00202986531032525,0.0004346995231658121,0.0003747382734489997,0.17628483158403335,0.0,0.28224648240873323,0.020544133478515563,0.021552640753254047,0.03165194445965783,0.028481985419722487,-0.010119651798201333,-0.00033832336629223354,-0.006678196424300785,0.009795199155872548,0.0048242976502520666,0.0010130818741365666,-0.012228255815913658,-0.03368441100652167,-0.01569366409096017,-0.0007368199303417835,7.877615914267027e-05,0.28224648240873323,-0.020544133478515563,0.49948729499629985,0.0,0.016315654486789916,0.05612448073399002,0.024325517291677753,-0.015070519559288635,-0.0076711263843178374,-0.0135145851425774,-0.011701936825223044,0.015573416510374393,0.008271929089079191,-0.009840893288689504,-0.03161612140091667,0.016190466283850964,1.3562695407336641e-05,0.0021852762694669218,0.021552640753254047,-0.03165194445965783,0.016315654486789916,-0.05612448073399002,0.45804959118264993,0.0,0.08729956036769332,0.021334216030591453,0.003744736616921216,-0.0010882973732852142,0.011297254125749516,0.009589850818203483,-0.011109993912060164,-0.0031490371820823166,-0.0036637468104742015,0.005047660429552968,0.0011510927375074185,0.0020396356851065827,0.028481985419722487,0.010119651798201333,0.024325517291677753,0.015070519559288635,0.08729956036769332,-0.021334216030591453,0.10924049534011336,0.0,0.056300594877733326,0.006829143540495265,0.01535195281254652,-0.012803437188884836,0.09445223256079834,0.020618252032832445,-0.0008522730628057333,-0.001163386216723933,0.00016721908129461668,-0.0001745695265141834,-0.00033832336629223354,0.006678196424300785,-0.0076711263843178374,0.0135145851425774,0.003744736616921216,0.0010882973732852142,0.056300594877733326,-0.006829143540495265,-0.13632617974624997,0.0,-0.09342710613295502,-0.0008096944129354583,0.021514493868065667,-0.006132574070236357,0.002080468161183866,3.0118679680300487e-06,-0.0001461947971529318,-0.0006512370944533091,0.009795199155872548,-0.0048242976502520666,-0.011701936825223044,-0.015573416510374393,0.011297254125749516,-0.009589850818203483,0.01535195281254652,0.012803437188884836,-0.09342710613295502,0.0008096944129354583,-0.012824684545963111,0.0,-0.03143184036567499,0.027170408050305,0.0012627721247170003,0.008766625540884065,0.00033863014660515014,-0.0009291715459672333,0.0010130818741365666,0.012228255815913658,0.008271929089079191,0.009840893288689504,-0.011109993912060164,0.0031490371820823166,0.09445223256079834,-0.020618252032832445,0.021514493868065667,0.006132574070236357,-0.03143184036567499,-0.027170408050305,-0.05174321413950667,0.0,-0.0032389255196741667,0.0019113596661030998,-0.00023825451238044672,-0.00202986531032525,-0.03368441100652167,0.01569366409096017,-0.03161612140091667,-0.016190466283850964,-0.0036637468104742015,-0.005047660429552968,-0.0008522730628057333,0.001163386216723933,0.002080468161183866,-3.0118679680300487e-06,0.0012627721247170003,-0.008766625540884065,-0.0032389255196741667,-0.0019113596661030998,-0.043990507145328345,0.0,0.999740525748983
0.4220000000000004,0.0015627146715852499,0.0,-1.7946852894256638e-05,0.0005544731890285,0.0005609986213838831,-0.0005108582259741816,0.001686579555706222,0.0014434663618843333,0.0006830317861106973,0.0022632357230740635,-0.0001864577879137667,-6.333895227199002e-05,-0.0003676910268540235,-0.0005090272244172666,-0.0008669586897477335,-0.00039243977116945177,-0.0011795463089810086,-0.0016317170898358492,-1.7946852894256638e-05,-0.0005544731890285,0.1771721622565333,0.0,0.28271570875346674,0.020765613502168666,0.021725110131119,0.03179888881176583,0.02839827227055898,-0.010139934025373002,-0.0002896051833048333,-0.006716425590264527,0.009694909806252237,0.0047078070848770165,0.0008859228454682337,-0.0123192517315239,-0.034039027153438345,-0.015746580758740022,0.0005609986213838831,0.0005108582259741816,0.28271570875346674,-0.020765613502168666,0.4980433753878,0.0,0.016073055492310317,0.05600295100853169,0.02411267820482903,-0.014969111313911068,-0.007448955308171636,-0.0134826859596953,-0.011828359523303812,0.015426577638603483,0.008050597448172532,-0.009872131610227701,-0.03198928086195317,0.016193254207373498,0.001686579555706222,-0.0014434663618843333,0.021725110131119,-0.03179888881176583,0.016073055492310317,-0.05600295100853169,0.4592600976447499,0.0,0.08747041312544998,0.021293356743926423,0.003846514872360467,-0.0011743516813026383,0.011270797675714452,0.009583595761793932,-0.010924190824029166,-0.0031551557739170166,-0.0036881687390333206,0.005221139091855634,0.0006830317861106973,-0.0022632357230740635,0.02839827227055898,0.010139934025373002,0.02411267820482903,0.014969111313911068,0.08747041312544998,-0.021293356743926423,0.10933267952336004,0.0,0.05631726040853499,0.006883058006119981,0.015362404670474922,-0.012859353283439722,0.09456013438951666,0.02066881220394428,-0.0009131847865717168,-0.001142184568378351,-0.0001864577879137667,6.333895227199002e-05,-0.0002896051833048333,0.006716425590264527,-0.007448955308171636,0.0134826859596953,0.003846514872360467,0.0011743516813026383,0.05631726040853499,-0.006883058006119981,-0.1365094281677,0.0,-0.09341141673795833,-0.0007173822664847365,0.02153196833133767,-0.0061330193348217675,0.002079073695073134,-2.475614404131157e-05,-0.0003676910268540235,0.0005090272244172666,0.009694909806252237,-0.0047078070848770165,-0.011828359523303812,-0.015426577638603483,0.011270797675714452,-0.009583595761793932,0.015362404670474922,0.012859353283439722,-0.09341141673795833,0.0007173822664847365,-0.0130479016862689,0.0,-0.03144527816736166,0.027178522959641665,0.0013079495365196513,0.008768593879224516,-0.0008669586897477335,0.00039243977116945177,0.0008859228454682337,0.0123192517315239,0.008050597448172532,0.009872131610227701,-0.010924190824029166,0.0031551557739170166,0.09456013438951666,-0.02066881220394428,0.02153196833133767,0.0061330193348217675,-0.03144527816736166,-0.027178522959641665,-0.051872318343875026,0.0,-0.0031657284788215168,0.001906861498215705,-0.0011795463089810086,0.0016317170898358492,-0.034039027153438345,0.015746580758740022,-0.03198928086195317,-0.016193254207373498,-0.0036881687390333206,-0.005221139091855634,-0.0009131847865717168,0.001142184568378351,0.002079073695073134,2.475614404131157e-05,0.0013079495365196513,-0.008768593879224516,-0.0031657284788215168,-0.001906861498215705,-0.044201039095685006,0.0,0.9997403421904831
0.4229999999999993,0.001562531112856616,0.0,-0.000384532839263755,-0.0003840418952425434,-2.099855788456698e-05,0.0007614161688090334,-0.0022160862768251504,0.0003627454441640166,-0.0021306570439824173,-0.0010908656555841162,0.00017054052167203484,-1.961397985260008e-05,0.0006122073791159332,6.319777510460009e-05,0.0008532436061256004,-0.0003324017821244,0.00195725445306449,0.00041419655160518316,-0.000384532839263755,0.0003840418952425434,0.1780655286327833,0.0,0.2831865106575167,0.02089231080400433,0.02190554316558534,0.03190048902221233,0.0283109486352005,-0.010183730527539495,-0.00024017808769184987,-0.006769282987528106,0.009590331935042985,0.004582721872459584,0.0007563747636422834,-0.012385774462287032,-0.034414098262995005,-0.015803921593161754,-2.099855788456698e-05,-0.0007614161688090334,0.2831865106575167,-0.02089231080400433,0.49659512440598336,0.0,0.015810938797969732,0.055843423284905006,0.023945186966944143,-0.014895907470062935,-0.007229879734269832,-0.013423619361793248,-0.011879427641139789,0.015270467915909353,0.007851619228458525,-0.009888536955616449,-0.032386303588324325,0.016155385465344018,-0.0022160862768251504,-0.0003627454441640166,0.02190554316558534,-0.03190048902221233,0.015810938797969732,-0.055843423284905006,0.4604676221270167,0.0,0.087613387892755,0.02120972879593368,0.003955259878862098,-0.0012792284144886351,0.011271498897937663,0.0095927969345489,-0.010710797393270053,-0.003164970926625576,-0.0037272931102900336,0.005370028078203919,-0.0021306570439824173,0.0010908656555841162,0.0283109486352005,0.010183730527539495,0.023945186966944143,0.014895907470062935,0.087613387892755,-0.02120972879593368,0.10942868191716001,0.0,0.05632577764333165,0.006914645801216099,0.015357926386102642,-0.012906692397250298,0.09468150250552164,0.020719680082481665,-0.0009940514218380835,-0.0011217829845571003,0.00017054052167203484,1.961397985260008e-05,-0.00024017808769184987,0.006769282987528106,-0.007229879734269832,0.013423619361793248,0.003955259878862098,0.0012792284144886351,0.05632577764333165,-0.006914645801216099,-0.13669685275923332,0.0,-0.09339900540113501,-0.0006258754511181001,0.021541104043234838,-0.006132784966897804,0.0020920000109315947,-3.5733808268350075e-05,0.0006122073791159332,-6.319777510460009e-05,0.009590331935042985,-0.004582721872459584,-0.011879427641139789,-0.015270467915909353,0.011271498897937663,-0.0095927969345489,0.015357926386102642,0.012906692397250298,-0.09339900540113501,0.0006258754511181001,-0.013268037098586243,0.0,-0.03146195194419833,0.02722138439894833,0.0013471962088399839,0.008757288779034334,0.0008532436061256004,0.0003324017821244,0.0007563747636422834,0.012385774462287032,0.007851619228458525,0.009888536955616449,-0.010710797393270053,0.003164970926625576,0.09468150250552164,-0.020719680082481665,0.021541104043234838,0.006132784966897804,-0.03146195194419833,-0.02722138439894833,-0.05200219931142168,0.0,-0.0030997180777956835,0.0018882802553119335,0.00195725445306449,-0.00041419655160518316,-0.034414098262995005,0.015803921593161754,-0.032386303588324325,-0.016155385465344018,-0.0037272931102900336,-0.005370028078203919,-0.0009940514218380835,0.0011217829845571003,0.0020920000109315947,3.5733808268350075e-05,0.0013471962088399839,-0.008757288779034334,-0.0030997180777956835,-0.0018882802553119335,-0.04441224040174,0.0,0.9997401586245166
0.4239999999999997,0.0015623475634501333,0.0,0.0005554263590431334,-2.4743044827166596e-05,-0.00048637412324616683,-0.0005560493601009971,0.0011735821956473835,-0.0019342056152688335,0.002276131866486999,-0.0007820575066301001,-0.00013297289305949007,7.611809958855013e-05,-0.00047050399542709345,0.00039821896943571176,-0.000357501669944155,0.0007966937273344164,-0.001712620500622583,0.0009936945876812095,0.0005554263590431334,2.4743044827166596e-05,0.1789623748433666,0.0,0.28367775013138335,0.02096418497851097,0.022061032187039496,0.031953383212503336,0.02820946401731734,-0.010236002739154065,-0.00017617245197488316,-0.006835574974317378,0.009467288597024467,0.004461086556291582,0.0006294904398641799,-0.012461211355294747,-0.03477573394727832,-0.015880471469388792,-0.00048637412324616683,0.0005560493601009971,0.28367775013138335,-0.02096418497851097,0.4951462167583,0.0,0.0155533720803816,0.05563105651676499,0.02379109104533373,-0.014825122424975284,-0.007033421827973361,-0.013300529896939518,-0.011921730581579925,0.015109310069363002,0.007681612741230787,-0.009907381300847848,-0.032740642259156835,0.0160107239293086,0.0011735821956473835,0.0019342056152688335,0.022061032187039496,-0.031953383212503336,0.0155533720803816,-0.05563105651676499,0.46167157888554994,0.0,0.0878070567726367,0.02116455669776495,0.004153723294779766,-0.0013643964234469385,0.011263961576216452,0.009598764847082783,-0.010468376303736834,-0.0031819668680512034,-0.0038323815911319673,0.005494520080387482,0.002276131866486999,0.0007820575066301001,0.02820946401731734,0.010236002739154065,0.02379109104533373,0.014825122424975284,0.0878070567726367,-0.02116455669776495,0.10952816908311833,0.0,0.05638350257388169,0.006948472717157084,0.015352920985475168,-0.012910855415534491,0.09483849513590496,0.020757984815389676,-0.0010828560677442832,-0.0011310459422843582,-0.00013297289305949007,-7.611809958855013e-05,-0.00017617245197488316,0.006835574974317378,-0.007033421827973361,0.013300529896939518,0.004153723294779766,0.0013643964234469385,0.05638350257388169,-0.006948472717157084,-0.1368879525037167,0.0,-0.09338706797822333,-0.0005394082569605366,0.02156877218265383,-0.006128561258009014,0.002112256907435284,-3.3975506852950045e-05,-0.00047050399542709345,-0.00039821896943571176,0.009467288597024467,-0.004461086556291582,-0.011921730581579925,-0.015109310069363002,0.011263961576216452,-0.009598764847082783,0.015352920985475168,0.012910855415534491,-0.09338706797822333,0.0005394082569605366,-0.013485952645986867,0.0,-0.03146097733496668,0.02728963372521333,0.0013662715034597269,0.008739255300059883,-0.000357501669944155,-0.0007966937273344164,0.0006294904398641799,0.012461211355294747,0.007681612741230787,0.009907381300847848,-0.010468376303736834,0.0031819668680512034,0.09483849513590496,-0.020757984815389676,0.02156877218265383,0.006128561258009014,-0.03146097733496668,-0.02728963372521333,-0.052132369365853325,0.0,-0.0030329201406328835,0.0018734941465329998,-0.001712620500622583,-0.0009936945876812095,-0.03477573394727832,0.015880471469388792,-0.032740642259156835,-0.0160107239293086,-0.0038323815911319673,-0.005494520080387482,-0.0010828560677442832,0.0011310459422843582,0.002112256907435284,3.3975506852950045e-05,0.0013662715034597269,-0.008739255300059883,-0.0030329201406328835,-0.0018734941465329998,-0.04462443755008998,0.0,0.9997399750681665
0.42500000000000043,0.0015621640270495171,0.0,-0.00037956578914332653,0.00043234840307946644,0.0007139239088450995,7.817061435343342e-05,0.000708145759866885,0.002162046041913933,-0.001000908814462295,0.0021797388080627327,0.00010311534886496684,-0.00012505196880984647,3.9711063021483255e-05,-0.0006048036104901688,-0.0002843139108075167,-0.0007765110216372784,0.0005931406338536284,-0.0018495957065942671,-0.00037956578914332653,-0.00043234840307946644,0.17986174037241662,0.0,0.2841506665815501,0.02101584049748533,0.022202725224346007,0.032007662622911416,0.028095646065354005,-0.010288279848877514,-0.00010065207621359981,-0.0068899244646701665,0.00935976338315875,0.0043422740814541665,0.0005081678832050168,-0.012564979471498705,-0.035086688435426665,-0.015976641315320932,0.0007139239088450995,-7.817061435343342e-05,0.2841506665815501,-0.02101584049748533,0.4936987375737998,0.0,0.015309089597386234,0.05537852100631834,0.023612742418033753,-0.014733913085614482,-0.0068384215021130325,-0.01313885528257876,-0.011998375227424484,0.014934212817946503,0.007534801120992851,-0.00995699028715685,-0.03303209611574367,0.015807901890835783,0.000708145759866885,-0.002162046041913933,0.022202725224346007,-0.032007662622911416,0.015309089597386234,-0.05537852100631834,0.46287238359684996,0.0,0.08806349230436333,0.021150869799943635,0.004406307402628317,-0.0014147952265154006,0.01122380988548734,0.00960315655629495,-0.010231291378067,-0.003182936235303464,-0.0039784689284719,0.005603571445522233,-0.001000908814462295,-0.0021797388080627327,0.028095646065354005,0.010288279848877514,0.023612742418033753,0.014733913085614482,0.08806349230436333,-0.021150869799943635,0.10963042539584666,0.0,0.056478522809938335,0.007002575103354298,0.01535249377255784,-0.012880724161379205,0.09498500148613,0.020782440561723563,-0.0011489226835648667,-0.0011566164104789267,0.00010311534886496684,0.00012505196880984647,-0.00010065207621359981,0.0068899244646701665,-0.0068384215021130325,0.01313885528257876,0.004406307402628317,0.0014147952265154006,0.056478522809938335,-0.007002575103354298,-0.13708323772779993,0.0,-0.09336188725387999,-0.0004369653140602335,0.02160958014057584,-0.0061245693446342325,0.0021187621928149174,-3.104045629363338e-05,3.9711063021483255e-05,0.0006048036104901688,0.00935976338315875,-0.0043422740814541665,-0.011998375227424484,-0.014934212817946503,0.01122380988548734,-0.00960315655629495,0.01535249377255784,0.012880724161379205,-0.09336188725387999,0.0004369653140602335,-0.013701951877192512,0.0,-0.03144129082095,0.027351687496423326,0.0013763427933743667,0.0087229129937467,-0.0002843139108075167,0.0007765110216372784,0.0005081678832050168,0.012564979471498705,0.007534801120992851,0.00995699028715685,-0.010231291378067,0.003182936235303464,0.09498500148613,-0.020782440561723563,0.02160958014057584,0.0061245693446342325,-0.03144129082095,-0.027351687496423326,-0.05226225298445666,0.0,-0.002961877246788533,0.0018663653836383269,0.0005931406338536284,0.0018495957065942671,-0.035086688435426665,0.015976641315320932,-0.03303209611574367,-0.015807901890835783,-0.0039784689284719,-0.005603571445522233,-0.0011489226835648667,0.0011566164104789267,0.0021187621928149174,3.104045629363338e-05,0.0013763427933743667,-0.0087229129937467,-0.002961877246788533,-0.0018663653836383269,-0.04483821685186167,0.0,0.9997397915246335
0.42599999999999943,0.001561980491336367,0.0,-2.1954534101733334e-05,-0.0005720326939591166,-0.0005590634918509502,0.0004496423462716044,-0.0021239662036272515,-0.0008582172459580501,-0.0008964175964081168,-0.0022165666761462836,-3.4782416631516715e-05,0.00020299681834484658,0.0004109565765159049,0.00042378796768626837,0.0007149256186371332,0.0003266614939775333,0.00078878992619185,0.001746475126681595,-2.1954534101733334e-05,0.0005720326939591166,0.1807627978847001,0.0,0.28461495024578326,0.02103212555609323,0.02236362161211717,0.03208836952531784,0.027985228514905165,-0.0103449976664925,-3.313853368695016e-05,-0.0069144738341407495,0.009295310858640708,0.004222683027363823,0.0003837813607499333,-0.012684551279368352,-0.03536702147303166,-0.01608288424444875,-0.0005590634918509502,-0.0004496423462716044,0.28461495024578326,-0.02103212555609323,0.49225385808353334,0.0,0.015066070587902495,0.055128700943711674,0.023429593269837155,-0.014637739524001183,-0.006621239256992499,-0.012988680449536473,-0.012064666287535282,0.014746695696634162,0.007399779440964766,-0.0100431986080268,-0.033322862045443505,0.015634296614646985,-0.0021239662036272515,0.0008582172459580501,0.02236362161211717,-0.03208836952531784,0.015066070587902495,-0.055128700943711674,0.46406973218921677,0.0,0.08832739433182497,0.021093987700786663,0.004616829828597635,-0.001470633174185705,0.011171213795720097,0.009616534818462532,-0.010023703933481915,-0.003168306126899776,-0.00411023172955095,0.005701981553074417,-0.0008964175964081168,0.0022165666761462836,0.027985228514905165,0.0103449976664925,0.023429593269837155,0.014637739524001183,0.08832739433182497,-0.021093987700786663,0.10973580771376996,0.0,0.056570277178721685,0.007049783709521165,0.015346088918583186,-0.012862397139337381,0.0950958535912983,0.0208109137805354,-0.0011956910565986167,-0.001167780229779783,-3.4782416631516715e-05,-0.00020299681834484658,-3.313853368695016e-05,0.0069144738341407495,-0.006621239256992499,0.012988680449536473,0.004616829828597635,0.001470633174185705,0.056570277178721685,-0.007049783709521165,-0.13728364585584998,0.0,-0.093330547847635,-0.0003136756395380966,0.02164460133174567,-0.0061235879275261165,0.002104317971608084,-2.0439949048721624e-05,0.0004109565765159049,-0.00042378796768626837,0.009295310858640708,-0.004222683027363823,-0.012064666287535282,-0.014746695696634162,0.011171213795720097,-0.009616534818462532,0.015346088918583186,0.012862397139337381,-0.093330547847635,0.0003136756395380966,-0.013915259521431333,0.0,-0.03143433645780334,0.027394776706231663,0.0013861397470677,0.008708576441065605,0.0007149256186371332,-0.0003266614939775333,0.0003837813607499333,0.012684551279368352,0.007399779440964766,0.0100431986080268,-0.010023703933481915,0.003168306126899776,0.0950958535912983,-0.0208109137805354,0.02164460133174567,0.0061235879275261165,-0.03143433645780334,-0.027394776706231663,-0.052391817628593323,0.0,-0.002891033025578517,0.0018536741050778167,0.00078878992619185,-0.001746475126681595,-0.03536702147303166,0.01608288424444875,-0.033322862045443505,-0.015634296614646985,-0.00411023172955095,-0.005701981553074417,-0.0011956910565986167,0.001167780229779783,0.002104317971608084,2.0439949048721624e-05,0.0013861397470677,-0.008708576441065605,-0.002891033025578517,-0.0018536741050778167,-0.04505384537495835,0.0,0.9997396079814335
0.42699999999999966,0.001561796944152,0.0,0.00038686895665364975,0.00039360557614256654,7.469948165918664e-05,-0.0007209866224976829,0.002040131415331987,-0.001091481821678317,0.0022314162058542095,0.0008728005228082587,-0.00011864582070811667,-0.00022334492541457653,-0.0005935713782262669,2.2209768665200155e-05,-0.0007016146041280283,0.000269635917740205,-0.0017614995659868831,-0.0007698598110374333,0.00038686895665364975,-0.00039360557614256654,0.18166338626886663,0.0,0.28507074968348345,0.020969818976048254,0.022537344898059326,0.03216054247108501,0.02787251784268033,-0.010400613039090003,1.8307137908366716e-05,-0.006919059949932784,0.009243683227830967,0.004115793154850897,0.0002475046492412166,-0.012802764322451716,-0.03565370185766334,-0.016188346501407862,7.469948165918664e-05,0.0007209866224976829,0.28507074968348345,-0.020969818976048254,0.4908135364799167,0.0,0.014819727491877282,0.054896902208749994,0.023274771571830256,-0.014557997354948969,-0.0063953101470039546,-0.012855392043535668,-0.012068821903813287,0.014561937405838764,0.007267015472874879,-0.010142459220665034,-0.03362903058149482,0.015475943923888487,0.002040131415331987,0.001091481821678317,0.022537344898059326,-0.03216054247108501,0.014819727491877282,-0.054896902208749994,0.46526247970379975,0.0,0.08854875555168336,0.02097902138736283,0.0047766672835685845,-0.0015474572711115212,0.011137362600099794,0.009633852847884665,-0.0098183429716055,-0.003159879403640253,-0.004223757416606901,0.005772901865000616,0.0022314162058542095,-0.0008728005228082587,0.02787251784268033,0.010400613039090003,0.023274771571830256,0.014557997354948969,0.08854875555168336,-0.02097902138736283,0.10984512895169335,0.0,0.056649074378659986,0.007057718527013367,0.015318654990569336,-0.012865529599853848,0.09519233504755166,0.02085067994400687,-0.0012530012154983068,-0.0011776777859451568,-0.00011864582070811667,0.00022334492541457653,1.8307137908366716e-05,0.006919059949932784,-0.0063953101470039546,0.012855392043535668,0.0047766672835685845,0.0015474572711115212,0.056649074378659986,-0.007057718527013367,-0.13748880595814997,0.0,-0.09328997044117499,-0.00019714225621266166,0.021672940776996674,-0.0061209438785863185,0.002083163463084433,1.0576279482733306e-05,-0.0005935713782262669,-2.2209768665200155e-05,0.009243683227830967,-0.004115793154850897,-0.012068821903813287,-0.014561937405838764,0.011137362600099794,-0.009633852847884665,0.015318654990569336,0.012865529599853848,-0.09328997044117499,0.00019714225621266166,-0.01412531834792327,0.0,-0.03145097465588833,0.027426203708858336,0.0013831182698315996,0.008684780954191153,-0.0007016146041280283,-0.000269635917740205,0.0002475046492412166,0.012802764322451716,0.007267015472874879,0.010142459220665034,-0.0098183429716055,0.003159879403640253,0.09519233504755166,-0.02085067994400687,0.021672940776996674,0.0061209438785863185,-0.03145097465588833,-0.027426203708858336,-0.052521564219851685,0.0,-0.002819166885160278,0.001826307078171383,-0.0017614995659868831,0.0007698598110374333,-0.03565370185766334,0.016188346501407862,-0.03362903058149482,-0.015475943923888487,-0.004223757416606901,-0.005772901865000616,-0.0012530012154983068,0.0011776777859451568,0.002083163463084433,-1.0576279482733306e-05,0.0013831182698315996,-0.008684780954191153,-0.002819166885160278,-0.001826307078171383,-0.045271215394998336,0.0,0.9997394244274667
0.42800000000000055,0.0015616133974994497,0.0,-0.0005434012040653117,-2.0431136171750035e-05,0.0004299578470967493,0.0005835418462040667,-0.000492323676479318,0.002287516535680377,-0.002171834642865384,0.0010130543387184836,0.00025850520955726674,0.00011336921608659165,0.00041449700457672355,-0.0004550899463243336,0.0003053558361267835,-0.0006491832480528835,0.0018382028888697828,-0.0006182474350035367,-0.0005434012040653117,2.0431136171750035e-05,0.18256036800963324,0.0,0.2855319645245,0.02082041149389734,0.02269383183906618,0.03219764050009556,0.027738718148989667,-0.010434172068284817,6.861193399745006e-05,-0.006916979480463197,0.009166262677152573,0.004037702044449351,0.00010414249283546663,-0.012929953750964167,-0.03594029885970833,-0.016292890818816068,0.0004299578470967493,-0.0005835418462040667,0.2855319645245,-0.02082041149389734,0.48938092397941674,0.0,0.014582059316715999,0.054676035078926676,0.023140558303459343,-0.014483544290553515,-0.00618691307626003,-0.012715324262875869,-0.012043113758032417,0.014391314724820498,0.0071297444616049655,-0.010240932744194619,-0.033878883342179825,0.015270211029533498,-0.000492323676479318,-0.002287516535680377,0.02269383183906618,-0.03219764050009556,0.014582059316715999,-0.054676035078926676,0.46645027371508346,0.0,0.08876216748939998,0.020890979482041723,0.004958340778805832,-0.0015941016942771296,0.01112196110241213,0.009635487503770851,-0.009583435790756881,-0.003155446600939216,-0.004367563457660017,0.0057942924427062436,-0.002171834642865384,-0.0010130543387184836,0.027738718148989667,0.010434172068284817,0.023140558303459343,0.014483544290553515,0.08876216748939998,-0.020890979482041723,0.10995804348323,0.0,0.056745001748476666,0.007044873274750977,0.015272933172005983,-0.012855206512331702,0.09531339272934831,0.0208894778461976,-0.0013200522339840114,-0.0012252337040593833,0.00025850520955726674,-0.00011336921608659165,6.861193399745006e-05,0.006916979480463197,-0.00618691307626003,0.012715324262875869,0.004958340778805832,0.0015941016942771296,0.056745001748476666,-0.007044873274750977,-0.13769714635265,0.0,-0.09324011707922167,-0.00011045011742442999,0.02171073832623451,-0.006117074881178367,0.0020652275152011706,4.935209996808338e-05,0.00041449700457672355,0.0004550899463243336,0.009166262677152573,-0.004037702044449351,-0.012043113758032417,-0.014391314724820498,0.01112196110241213,-0.009635487503770851,0.015272933172005983,0.012855206512331702,-0.09324011707922167,0.00011045011742442999,-0.014332797501707432,0.0,-0.03146722075738332,0.02745334432387499,0.0013562996425422265,0.008648067820950863,0.0003053558361267835,0.0006491832480528835,0.00010414249283546663,0.012929953750964167,0.0071297444616049655,0.010240932744194619,-0.009583435790756881,0.003155446600939216,0.09531339272934831,-0.0208894778461976,0.02171073832623451,0.006117074881178367,-0.03146722075738332,-0.02745334432387499,-0.052651802063931684,0.0,-0.002738608023695567,0.0017946697979025835,0.0018382028888697828,0.0006182474350035367,-0.03594029885970833,0.016292890818816068,-0.033878883342179825,-0.015270211029533498,-0.004367563457660017,-0.0057942924427062436,-0.0013200522339840114,0.0012252337040593833,0.0020652275152011706,-4.935209996808338e-05,0.0013562996425422265,-0.008648067820950863,-0.002738608023695567,-0.0017946697979025835,-0.04549023579308666,0.0,0.9997392408733999
0.42899999999999955,0.0015614298580094996,0.0,0.0004172332433151502,-0.00037279389753703006,-0.000710795705780934,-0.00016337149538842648,-0.0014231490437339198,-0.0018887372566713664,0.0007580959123371436,-0.002249380440785881,-0.0002984461070050665,7.28492271947e-05,2.0293865066008254e-05,0.000630979043895933,0.00019739206731893337,0.0006545099964082451,-0.0009412035973386831,0.0016937265009116824,0.0004172332433151502,0.00037279389753703006,0.1834511342139833,0.0,0.2859947784981,0.02060610682770118,0.022842952920810546,0.032221857952559496,0.02758562308469233,-0.0104363237564661,0.00012669990280156511,-0.006898794140327833,0.009074301671088901,0.003989102835359266,-2.9040815429966734e-05,-0.013083484094222355,-0.03619201540659833,-0.016400773862453834,-0.000710795705780934,0.00016337149538842648,0.2859947784981,-0.02060610682770118,0.48795877615690003,0.0,0.014353023435968152,0.05446735804484001,0.022998509779974842,-0.014388683538494769,-0.005985166548897033,-0.012568687445839187,-0.012053490490733848,0.014229207293945998,0.006988023315604734,-0.0103559971419666,-0.034038002417727996,0.015029260864284582,-0.0014231490437339198,0.0018887372566713664,0.022842952920810546,-0.032221857952559496,0.014353023435968152,-0.05446735804484001,0.46763460804163326,0.0,0.08901570303969669,0.020887955775262004,0.005181994620686566,-0.0015826328926967373,0.011090728953226235,0.009610433634185447,-0.009332448351251103,-0.0031258882695541336,-0.004559297511492252,0.005775159361383915,0.0007580959123371436,0.002249380440785881,0.02758562308469233,0.0104363237564661,0.022998509779974842,0.014388683538494769,0.08901570303969669,-0.020887955775262004,0.11007296328663002,0.0,0.05686538556931999,0.007051462601304849,0.015226186842256734,-0.012815278602539618,0.09544746429135667,0.020909686294710315,-0.0013647450204405606,-0.0013074686838125118,-0.0002984461070050665,-7.28492271947e-05,0.00012669990280156511,0.006898794140327833,-0.005985166548897033,0.012568687445839187,0.005181994620686566,0.0015826328926967373,0.05686538556931999,-0.007051462601304849,-0.13790780151360005,0.0,-0.09318483197964168,-3.960545628890564e-05,0.021752914788438337,-0.006118536581317007,0.0020378145004321005,6.593544528854368e-05,2.0293865066008254e-05,-0.000630979043895933,0.009074301671088901,-0.003989102835359266,-0.012053490490733848,-0.014229207293945998,0.011090728953226235,-0.009610433634185447,0.015226186842256734,0.012815278602539618,-0.09318483197964168,3.960545628890564e-05,-0.014538709595293296,0.0,-0.03146682212004167,0.02747028548700168,0.0013239553597793497,0.008612768907334905,0.00019739206731893337,-0.0006545099964082451,-2.9040815429966734e-05,0.013083484094222355,0.006988023315604734,0.0103559971419666,-0.009332448351251103,0.0031258882695541336,0.09544746429135667,-0.020909686294710315,0.021752914788438337,0.006118536581317007,-0.03146682212004167,-0.02747028548700168,-0.05278225103613167,0.0,-0.00264988624101915,0.0017759917116561502,-0.0009412035973386831,-0.0016937265009116824,-0.03619201540659833,0.016400773862453834,-0.034038002417727996,-0.015029260864284582,-0.004559297511492252,-0.005775159361383915,-0.0013647450204405606,0.0013074686838125118,0.0020378145004321005,-6.593544528854368e-05,0.0013239553597793497,-0.008612768907334905,-0.00264988624101915,-0.0017759917116561502,-0.045711092084953324,0.0,0.9997390573274332
0.42999999999999977,0.0015612463183293497,0.0,-5.939693099666664e-05,0.0005750732280622168,0.0006496415662903164,-0.0003785494122298168,0.002380114035347866,0.00015768126318067857,0.0010960150431113358,0.0020644984742369667,0.000206796714819533,-0.0002807873880968168,-0.00046373307434089984,-0.0004293134239419333,-0.0005645867885073498,-0.0003348945812108167,-0.00044298910880860814,-0.0018697967102724161,-5.939693099666664e-05,-0.0005750732280622168,0.18433340423668332,0.0,0.2864321641497334,0.020323317325177073,0.023033268947128333,0.032252402263147836,0.02744136466775933,-0.010422249175998882,0.0001813339664774168,-0.006848279036962867,0.009008542215832633,0.003950302849310217,-0.00014397371796555326,-0.013249856577705136,-0.036412712817408335,-0.016509321824901915,0.0006496415662903164,0.0003785494122298168,0.2864321641497334,-0.020323317325177073,0.4865491573044498,0.0,0.0141049937155193,0.05428968167744334,0.022849371136358345,-0.014274516528351565,-0.005753178738889834,-0.012436217818322161,-0.012094495160571666,0.014070493774487916,0.006846247162392682,-0.010502221009449466,-0.03418759853701334,0.014814849351200494,0.002380114035347866,-0.00015768126318067857,0.023033268947128333,-0.032252402263147836,0.0141049937155193,-0.05428968167744334,0.4688169782044,0.0,0.08928761386403664,0.02090506223928753,0.005394311484030195,-0.001573420843091373,0.011028506679016918,0.009570318064352233,-0.009099256212495185,-0.0030592117999811335,-0.0047549825155344975,0.005754577184206151,0.0010960150431113358,-0.0020644984742369667,0.02744136466775933,0.010422249175998882,0.022849371136358345,0.014274516528351565,0.08928761386403664,-0.02090506223928753,0.11018865320582166,0.0,0.056974505589405,0.0070770780347556,0.015187149376037766,-0.012783146547495485,0.09554979063395329,0.0209089523585151,-0.0013823214122021452,-0.0013799065077765252,0.000206796714819533,0.0002807873880968168,0.0001813339664774168,0.006848279036962867,-0.005753178738889834,0.012436217818322161,0.005394311484030195,0.001573420843091373,0.056974505589405,-0.0070770780347556,-0.13812125652545001,0.0,-0.09312766919906497,4.2588124014583426e-05,0.021775075047430665,-0.006125449045457333,0.0019877779663338836,5.5717051205609924e-05,-0.00046373307434089984,0.0004293134239419333,0.009008542215832633,-0.003950302849310217,-0.012094495160571666,-0.014070493774487916,0.011028506679016918,-0.009570318064352233,0.015187149376037766,0.012783146547495485,-0.09312766919906497,-4.2588124014583426e-05,-0.014742976843981064,0.0,-0.031467412160898336,0.02747313072868666,0.0013110399771492165,0.008594248076959816,-0.0005645867885073498,0.0003348945812108167,-0.00014397371796555326,0.013249856577705136,0.006846247162392682,0.010502221009449466,-0.009099256212495185,0.0030592117999811335,0.09554979063395329,-0.0209089523585151,0.021775075047430665,0.006125449045457333,-0.031467412160898336,-0.02747313072868666,-0.05291234617772834,0.0,-0.0025653647004397146,0.0017731973037305507,-0.00044298910880860814,0.0018697967102724161,-0.036412712817408335,0.016509321824901915,-0.03418759853701334,-0.014814849351200494,-0.0047549825155344975,-0.005754577184206151,-0.0013823214122021452,0.0013799065077765252,0.0019877779663338836,-5.5717051205609924e-05,0.0013110399771492165,-0.008594248076959816,-0.0025653647004397146,-0.0017731973037305507,-0.045933985942286676,0.0,0.9997388737798167
0.4310000000000001,0.0015610627601079668,0.0,-0.0003349168341753119,-0.0004790623009604199,-0.00019388026243824977,0.0007631992726425662,-0.0016697846626636669,0.0017216401268157163,-0.00222662393970765,-0.0006142144083880333,4.7639576225126685e-05,0.00039907490445971185,0.0006345946184631499,-3.9655393030049796e-05,0.0006213476308828491,-0.00014961983733463363,0.00158127617012035,0.0010819084742861996,-0.0003349168341753119,0.0004790623009604199,0.18520400655381672,0.0,0.28685574610876663,0.019936752979334928,0.023278947964708824,0.03226106522568,0.027319595160693332,-0.010413804849939463,0.0002200520360088668,-0.006778664547629449,0.008972890222094082,0.003905087966880867,-0.00025093531926246654,-0.013398281196147862,-0.036647044534680005,-0.016615632114908397,-0.00019388026243824977,-0.0007631992726425662,0.28685574610876663,-0.019936752979334928,0.48515464232079997,0.0,0.013818240666309205,0.054152340046355,0.022717129783506738,-0.014173824577591466,-0.005494564078574385,-0.012313860509793518,-0.012101853012766336,0.013924093347436052,0.006704663795903333,-0.010664899552411884,-0.03441070764618501,0.014628877812816835,-0.0016697846626636669,-0.0017216401268157163,0.023278947964708824,-0.03226106522568,0.013818240666309205,-0.054152340046355,0.4699970515978833,0.0,0.08952902642962333,0.02085167815047714,0.005574811478029685,-0.0016219028297065118,0.010961674079597012,0.009537897922529376,-0.008881849157912519,-0.002967513677412183,-0.004913911955751052,0.0057492887164697195,-0.00222662393970765,0.0006142144083880333,0.027319595160693332,0.010413804849939463,0.022717129783506738,0.014173824577591466,0.08952902642962333,-0.02085167815047714,0.11030535725172667,0.0,0.05704954122950333,0.007084319510031519,0.015143370443680165,-0.012791734165920417,0.09563173497534165,0.02090599437164669,-0.0014045725466482165,-0.0014294550097296002,4.7639576225126685e-05,-0.00039907490445971185,0.0002200520360088668,0.006778664547629449,-0.005494564078574385,0.012313860509793518,0.005574811478029685,0.0016219028297065118,0.05704954122950333,-0.007084319510031519,-0.13833794039411668,0.0,-0.09307866849951835,0.00013657541558875804,0.02177032575659017,-0.006131267618154301,0.0019300601422130158,4.2525434586848384e-05,0.0006345946184631499,3.9655393030049796e-05,0.008972890222094082,-0.003905087966880867,-0.012101853012766336,-0.013924093347436052,0.010961674079597012,-0.009537897922529376,0.015143370443680165,0.012791734165920417,-0.09307866849951835,-0.00013657541558875804,-0.014944720913213833,0.0,-0.03149225016694667,0.027480539693676673,0.0013158306192492867,0.0085908196727976,0.0006213476308828491,0.00014961983733463363,-0.00025093531926246654,0.013398281196147862,0.006704663795903333,0.010664899552411884,-0.008881849157912519,0.002967513677412183,0.09563173497534165,-0.02090599437164669,0.02177032575659017,0.006131267618154301,-0.03149225016694667,-0.027480539693676673,-0.053041822732436655,0.0,-0.0024940598436326675,0.0017742615308752167,0.00158127617012035,-0.0010819084742861996,-0.036647044534680005,0.016615632114908397,-0.03441070764618501,-0.014628877812816835,-0.004913911955751052,-0.0057492887164697195,-0.0014045725466482165,0.0014294550097296002,0.0019300601422130158,-4.2525434586848384e-05,0.0013158306192492867,-0.0085908196727976,-0.0024940598436326675,-0.0017742615308752167,-0.04615894622961501,0.0,0.9997386902148498
0.43199999999999966,0.0015608791865745163,0.0,0.0005759531365863835,0.0001362258928756498,-0.00040515873566415034,-0.0007184983485201171,-0.00023415374983259165,-0.002388048240110565,0.0019652699529682837,-0.00117671243758002,-0.0003424425078875833,-0.0002889313343898161,-0.0004354712713143751,0.0004894969403929549,-0.0003380274137911249,0.0005289902869434835,-0.0019020595795147005,0.0002607208494804,0.0005759531365863835,-0.0001362258928756498,0.18605867762303333,0.0,0.28725635667918337,0.01942861762161302,0.023528737419428798,0.032207762405546334,0.027197471024400666,-0.010418866213467715,0.00024977075656418333,-0.006717336312167547,0.008928247891774453,0.0038559422870073994,-0.00036074157073543307,-0.013516547183252287,-0.036898481371985016,-0.016716252361153032,-0.00040515873566415034,0.0007184983485201171,0.28725635667918337,-0.01942861762161302,0.4837792646442833,0.0,0.01349003876968837,0.05402372853460848,0.022592502669176947,-0.014104654488055061,-0.005260265434358647,-0.012167367708304786,-0.0120620878488595,0.01379390459080795,0.0065615857020614,-0.010815220317549832,-0.03465146311704166,0.014417821973413498,-0.00023415374983259165,0.002388048240110565,0.023528737419428798,-0.032207762405546334,0.01349003876968837,-0.05402372853460848,0.4711733796164499,0.0,0.08973724912539666,0.02074753283103603,0.005772795497144386,-0.0016768089429294183,0.010912025845674724,0.00952076494993665,-0.008655557952228518,-0.00285082129764391,-0.005053978647987448,0.005723942665081619,0.0019652699529682837,0.00117671243758002,0.027197471024400666,0.010418866213467715,0.022592502669176947,0.014104654488055061,0.08973724912539666,-0.02074753283103603,0.1104238517663667,0.0,0.057101859966850015,0.007064108543023,0.015083076044588998,-0.012816423264166947,0.09573179535223833,0.020909488626601472,-0.0014450724439339702,-0.0014859105943784501,-0.0003424425078875833,0.0002889313343898161,0.00024977075656418333,0.006717336312167547,-0.005260265434358647,0.012167367708304786,0.005772795497144386,0.0016768089429294183,0.057101859966850015,-0.007064108543023,-0.13855714747058337,0.0,-0.093023402062585,0.00022008715396546472,0.021752507960777837,-0.006134276345954415,0.0018904039964160225,3.720641370660828e-05,-0.0004354712713143751,-0.0004894969403929549,0.008928247891774453,-0.0038559422870073994,-0.0120620878488595,-0.01379390459080795,0.010912025845674724,-0.00952076494993665,0.015083076044588998,0.012816423264166947,-0.093023402062585,-0.00022008715396546472,-0.015143803752494717,0.0,-0.03152411592777833,0.027511741428133337,0.0013115734968378696,0.00858236417396179,-0.0003380274137911249,-0.0005289902869434835,-0.00036074157073543307,0.013516547183252287,0.0065615857020614,0.010815220317549832,-0.008655557952228518,0.00285082129764391,0.09573179535223833,-0.020909488626601472,0.021752507960777837,0.006134276345954415,-0.03152411592777833,-0.027511741428133337,-0.05317067031856169,0.0,-0.0024332971283142495,0.001775071840172533,-0.0019020595795147005,-0.0002607208494804,-0.036898481371985016,0.016716252361153032,-0.03465146311704166,-0.014417821973413498,-0.005053978647987448,-0.005723942665081619,-0.0014450724439339702,0.0014859105943784501,0.0018904039964160225,-3.720641370660828e-05,0.0013115734968378696,-0.00858236417396179,-0.0024332971283142495,-0.001775071840172533,-0.046385924660753315,0.0,0.9997385066344668
0.4329999999999999,0.0015606956152497333,0.0,-0.0005319112530878835,0.0003124880666330836,0.000809396399203983,0.00029052058573703353,0.0019544160326805332,0.0013702367337260497,-0.0005054371679861168,0.0022035323205950334,0.00048510183095766004,-9.600731350366721e-06,-1.1652272715599902e-05,-0.0006725225789586568,-9.935274682558174e-05,-0.0006052903291359585,0.0012250270337061248,-0.0014575958169840083,-0.0005319112530878835,-0.0003124880666330836,0.18689364461129995,0.0,0.28766203229396675,0.018839479191813484,0.023745212425051516,0.032114033434137,0.027064800300539826,-0.010438221944084333,0.00027584352501303506,-0.0066665146146930475,0.008862779082466871,0.0038146181027765807,-0.0004650386959624602,-0.01362816029859323,-0.03712868851057498,-0.016811834039480632,0.000809396399203983,-0.00029052058573703353,0.28766203229396675,-0.018839479191813484,0.48242707103756666,0.0,0.013126229257524083,0.053879365112176836,0.022449834535123746,-0.014053822216116348,-0.005083867191554483,-0.011984521466042286,-0.012033592004601782,0.013668740327976674,0.006430402635188379,-0.010960329537173403,-0.03482431168302999,0.014176048617338032,0.0019544160326805332,-0.0013702367337260497,0.023745212425051516,-0.032114033434137,0.013126229257524083,-0.053879365112176836,0.4723457862065333,0.0,0.08997554188132667,0.02069111401587729,0.0060220107687877665,-0.001656248948990251,0.01085759887356285,0.009503497562770304,-0.0084303421083246,-0.0027020229811375363,-0.005217146801796568,0.005644520080902177,-0.0005054371679861168,-0.0022035323205950334,0.027064800300539826,0.010438221944084333,0.022449834535123746,0.014053822216116348,0.08997554188132667,-0.02069111401587729,0.1105440047764367,0.0,0.05716379808489998,0.007057402217115941,0.015022253398048668,-0.012820009697595013,0.09586870956071834,0.020912423038320836,-0.0014830371759251828,-0.0015596220749408743,0.00048510183095766004,9.600731350366721e-06,0.00027584352501303506,0.0066665146146930475,-0.005083867191554483,0.011984521466042286,0.0060220107687877665,0.001656248948990251,0.05716379808489998,-0.007057402217115941,-0.13877814430408333,0.0,-0.09296039970796335,0.0002888565026933167,0.02173452416886933,-0.006142066827927451,0.0018694783269461415,2.2599653271866576e-05,-1.1652272715599902e-05,0.0006725225789586568,0.008862779082466871,-0.0038146181027765807,-0.012033592004601782,-0.013668740327976674,0.01085759887356285,-0.009503497562770304,0.015022253398048668,0.012820009697595013,-0.09296039970796335,-0.0002888565026933167,-0.01534114546006377,0.0,-0.031533935965221666,0.027566022443488342,0.0012896184838283756,0.008558190530889659,-9.935274682558174e-05,0.0006052903291359585,-0.0004650386959624602,0.01362816029859323,0.006430402635188379,0.010960329537173403,-0.0084303421083246,0.0027020229811375363,0.09586870956071834,-0.020912423038320836,0.02173452416886933,0.006142066827927451,-0.031533935965221666,-0.027566022443488342,-0.05329865873234833,0.0,-0.0023828128097727903,0.001786641364759158,0.0012250270337061248,0.0014575958169840083,-0.03712868851057498,0.016811834039480632,-0.03482431168302999,-0.014176048617338032,-0.005217146801796568,-0.005644520080902177,-0.0014830371759251828,0.0015596220749408743,0.0018694783269461415,-2.2599653271866576e-05,0.0012896184838283756,-0.008558190530889659,-0.0023828128097727903,-0.001786641364759158,-0.04661493069475165,0.0,0.9997383230563001
0.4340000000000002,0.0015605120509526338,0.0,0.00017553942560089684,-0.0006205582451400335,-0.0008264170965982329,0.0003336935475664666,-0.0022960188394326197,0.00058074785591844,-0.0012208999468048328,-0.001846193402828774,-0.0003887581799311996,0.00036151661371919253,0.00046071859278597785,0.00047946884397009177,0.00045422144492781674,0.0003754192436407165,6.847960991993685e-05,0.0018571990723929837,0.00017553942560089684,0.0006205582451400335,0.18770688650801667,0.0,0.2880407692109333,0.018217934239313487,0.02395542696473633,0.032010719019028654,0.026935222715451665,-0.010477581284754362,0.0002862155977495001,-0.0066013182007964195,0.008809810998215296,0.0037798121815277026,-0.0005483441714625501,-0.013753707713108078,-0.037318847645983345,-0.016905322389496887,-0.0008264170965982329,-0.0003336935475664666,0.2880407692109333,-0.018217934239313487,0.48110028032498336,0.0,0.012733346349120964,0.05372814260232201,0.022281395733061,-0.014007093817962767,-0.004936375615572316,-0.011787378190774144,-0.012049444486049258,0.013543372281773873,0.006337887818841263,-0.011131754902176853,-0.03495702258322998,0.01394404739074828,-0.0022960188394326197,-0.00058074785591844,0.02395542696473633,-0.032010719019028654,0.012733346349120964,-0.05372814260232201,0.47351552455925,0.0,0.09025267020636335,0.02069423116658279,0.0062903325255556745,-0.0015775737253643969,0.010763586391611997,0.009463213291603613,-0.008240832658848615,-0.002539302787451834,-0.005394269536362484,0.005538928553661502,-0.0012208999468048328,0.001846193402828774,0.026935222715451665,0.010477581284754362,0.022281395733061,0.014007093817962767,0.09025267020636335,-0.02069423116658279,0.11066508999776001,0.0,0.057232677155590016,0.007089840567205945,0.014983512292878833,-0.0128116372155809,0.09598887955422336,0.020906442709356113,-0.00150358325715852,-0.0016166224212619466,-0.0003887581799311996,-0.00036151661371919253,0.0002862155977495001,0.0066013182007964195,-0.004936375615572316,0.011787378190774144,0.0062903325255556745,0.0015775737253643969,0.057232677155590016,-0.007089840567205945,-0.13900155377400003,0.0,-0.09288539222993335,0.00036596067522358497,0.021710815337065495,-0.006149918967627166,0.001845345604627603,-7.994565259918588e-06,0.00046071859278597785,-0.00047946884397009177,0.008809810998215296,-0.0037798121815277026,-0.012049444486049258,-0.013543372281773873,0.010763586391611997,-0.009463213291603613,0.014983512292878833,0.0128116372155809,-0.09288539222993335,-0.00036596067522358497,-0.015537207052982338,0.0,-0.03151768655429999,0.027616497335690007,0.0012626431332841334,0.008529533960979383,0.00045422144492781674,-0.0003754192436407165,-0.0005483441714625501,0.013753707713108078,0.006337887818841263,0.011131754902176853,-0.008240832658848615,0.002539302787451834,0.09598887955422336,-0.020906442709356113,0.021710815337065495,0.006149918967627166,-0.03151768655429999,-0.027616497335690007,-0.05342538214404334,0.0,-0.0023435310554129163,0.0018147426096282995,6.847960991993685e-05,-0.0018571990723929837,-0.037318847645983345,0.016905322389496887,-0.03495702258322998,-0.01394404739074828,-0.005394269536362484,-0.005538928553661502,-0.00150358325715852,0.0016166224212619466,0.001845345604627603,7.994565259918588e-06,0.0012626431332841334,-0.008529533960979383,-0.0023435310554129163,-0.0018147426096282995,-0.04684601098545167,0.0,0.9997381394845668
0.4349999999999996,0.0015603284829065834,0.0,0.0002851785470314333,0.0005736819978137999,0.0003560052519659366,-0.0008393592453360616,0.0010455898700330829,-0.0021125250428508002,0.0021322580786070997,0.00037075214641981677,2.5588541925083807e-05,-0.0005900848730758183,-0.00063586175880123,-1.6480974177283527e-05,-0.0005556403763213116,2.4149615930881373e-05,-0.001266218541209351,-0.0012977415984814584,0.0002851785470314333,-0.0005736819978137999,0.18849737005743336,0.0,0.28839372747405,0.017566006640806167,0.024193959369943997,0.03188981509580867,0.02682648552413833,-0.010540330640760718,0.00026849536204466166,-0.006514676387758591,0.008794561779005367,0.003735980665635127,-0.0006161919604777335,-0.013884825504706136,-0.03750510081129167,-0.01701175592045117,0.0003560052519659366,0.0008393592453360616,0.28839372747405,-0.017566006640806167,0.47979969352508334,0.0,0.012327000446591203,0.053608506842636836,0.022110254542747128,-0.013980175371468182,-0.0047841820161170475,-0.011593553176783669,-0.012070150401629948,0.013440850207390168,0.006292135856494962,-0.011338319409609074,-0.03514951680397667,0.013731119661006264,0.0010455898700330829,0.0021125250428508002,0.024193959369943997,-0.03188981509580867,0.012327000446591203,-0.053608506842636836,0.47468299455624996,0.0,0.09052462360810168,0.020662017928078667,0.006543087744286801,-0.0015227402230140667,0.01064679965699487,0.009396841443506247,-0.008096447848490736,-0.0023939180303463006,-0.005542855836939449,0.005465122338199767,0.0021322580786070997,-0.00037075214641981677,0.02682648552413833,0.010540330640760718,0.022110254542747128,0.013980175371468182,0.09052462360810168,-0.020662017928078667,0.11078735458461667,0.0,0.057299904709061676,0.007130225160539151,0.01496532932511553,-0.012832532184151516,0.096065822714755,0.020909239366655317,-0.0015244356987080333,-0.0016391227147432334,2.5588541925083807e-05,0.0005900848730758183,0.00026849536204466166,0.006514676387758591,-0.0047841820161170475,0.011593553176783669,0.006543087744286801,0.0015227402230140667,0.057299904709061676,-0.007130225160539151,-0.13922855692515004,0.0,-0.09281361211866831,0.00046206097598869164,0.02168208881494017,-0.006142072098600025,0.0018064570163994701,-2.9706347372238297e-05,-0.00063586175880123,1.6480974177283527e-05,0.008794561779005367,-0.003735980665635127,-0.012070150401629948,-0.013440850207390168,0.01064679965699487,-0.009396841443506247,0.01496532932511553,0.012832532184151516,-0.09281361211866831,-0.00046206097598869164,-0.015731035149159998,0.0,-0.03150189368251333,0.02764864658850667,0.0012355120443646836,0.008508749819327751,-0.0005556403763213116,-2.4149615930881373e-05,-0.0006161919604777335,0.013884825504706136,0.006292135856494962,0.011338319409609074,-0.008096447848490736,0.0023939180303463006,0.096065822714755,-0.020909239366655317,0.02168208881494017,0.006142072098600025,-0.03150189368251333,-0.02764864658850667,-0.053550930401826666,0.0,-0.0023128880528320655,0.0018487227604380668,-0.001266218541209351,0.0012977415984814584,-0.03750510081129167,0.01701175592045117,-0.03514951680397667,-0.013731119661006264,-0.005542855836939449,-0.005465122338199767,-0.0015244356987080333,0.0016391227147432334,0.0018064570163994701,2.9706347372238297e-05,0.0012355120443646836,-0.008508749819327751,-0.0023128880528320655,-0.0018487227604380668,-0.04707926282080834,0.0,0.9997379559092333
0.436,0.0015601449014389834,0.0,-0.0005524600915127393,-0.00021903871040054984,0.00036462934187343293,0.0008541233585588501,0.0009278896663374235,0.00216905695254612,-0.0017055671793066844,0.0012674307714353168,0.00044662536384608334,0.00047036097571304857,0.00044271033789308306,-0.00042164862271290896,0.0003722889356214167,-0.0003639241174519615,0.0017881641660370067,0.0001080620303568317,-0.0005524600915127393,0.00021903871040054984,0.18926358395415002,0.0,0.2887050765311834,0.016848507368592853,0.02443628748853999,0.031725528107567326,0.026729867680547508,-0.010615014755370883,0.00023475681264654484,-0.006432781596980981,0.00879083951838627,0.0036805067361155275,-0.0006877833362276997,-0.014001256783725234,-0.03771003289082167,-0.01713928186856567,0.00036462934187343293,-0.0008541233585588501,0.2887050765311834,-0.016848507368592853,0.47852661912885,0.0,0.011928024691335122,0.053517944844031815,0.021947927718090923,-0.013989532692010347,-0.004644592046824016,-0.01139599894569285,-0.012054880846179282,0.013377176142650918,0.006271577610517985,-0.011545179635160087,-0.035390878188055,0.013500552202052318,0.0009278896663374235,-0.00216905695254612,0.02443628748853999,-0.031725528107567326,0.011928024691335122,-0.053517944844031815,0.47584686187211667,0.0,0.09075944407111837,0.020545174420765675,0.006777830386975911,-0.0014925027236027501,0.010553976591495352,0.009322131066092853,-0.007967373412567995,-0.002264883544305951,-0.005648568556901481,0.005423012028112608,-0.0017055671793066844,-0.0012674307714353168,0.026729867680547508,0.010615014755370883,0.021947927718090923,0.013989532692010347,0.09075944407111837,-0.020545174420765675,0.11091225855646836,0.0,0.05736649908489498,0.007140272175188885,0.014943822797357963,-0.012882664776787288,0.09612557814931835,0.020937865100625414,-0.0015596782233053667,-0.0016617229290419335,0.00044662536384608334,-0.00047036097571304857,0.00023475681264654484,0.006432781596980981,-0.004644592046824016,0.01139599894569285,0.006777830386975911,0.0014925027236027501,0.05736649908489498,-0.007140272175188885,-0.13945902994193335,0.0,-0.09274080763737166,0.00055130777243207,0.02165813733253534,-0.006112068216702132,0.0017674308393367008,-2.212630278555002e-05,0.00044271033789308306,0.00042164862271290896,0.00879083951838627,-0.0036805067361155275,-0.012054880846179282,-0.013377176142650918,0.010553976591495352,-0.009322131066092853,0.014943822797357963,0.012882664776787288,-0.09274080763737166,-0.00055130777243207,-0.015921628095199734,0.0,-0.03149008751528666,0.02766710174959666,0.00119442328585245,0.008479918211191683,0.0003722889356214167,0.0003639241174519615,-0.0006877833362276997,0.014001256783725234,0.006271577610517985,0.011545179635160087,-0.007967373412567995,0.002264883544305951,0.09612557814931835,-0.020937865100625414,0.02165813733253534,0.006112068216702132,-0.03149008751528666,-0.02766710174959666,-0.05367613175192001,0.0,-0.0022825109597903663,0.0018743201726990413,0.0017881641660370067,-0.0001080620303568317,-0.03771003289082167,0.01713928186856567,-0.035390878188055,-0.013500552202052318,-0.005648568556901481,-0.005423012028112608,-0.0015596782233053667,0.0016617229290419335,0.0017674308393367008,2.212630278555002e-05,0.00119442328585245,-0.008479918211191683,-0.0022825109597903663,-0.0018743201726990413,-0.04731490630305334,0.0,0.9997377723206334
0.4370000000000003,0.0015599613216975502,0.0,0.0004923441957917115,-0.00020362325727849996,-0.0008773359941111826,-0.00036414562449171666,-0.002254639308802549,-0.0007288389683555667,0.00026432135715905025,-0.002065278934488817,-0.0006879310670169497,-1.6302068474443215e-05,-2.9744938213233153e-05,0.0005955945474316836,-5.9139638369646604e-05,0.0004857093703781284,-0.0013822216002991972,0.00111340814812748,0.0004923441957917115,0.00020362325727849996,0.19000317374438333,0.0,0.28898793262406663,0.016058994845118878,0.02464179578457466,0.03152858322686117,0.026632746736092828,-0.010684049286810082,0.00020896341206656002,-0.006372446548471451,0.00876823633274822,0.0036280149939235664,-0.0007646870133589335,-0.014111641249187701,-0.03790388103747333,-0.017276071063524502,-0.0008773359941111826,0.00036414562449171666,0.28898793262406663,-0.016058994845118878,0.47728361011215015,0.0,0.011551057823530948,0.053429472078111835,0.021787968001174794,-0.014012858817730438,-0.004545926662841963,-0.011192891134453117,-0.012028940469234002,0.013334586399053999,0.006257235972349438,-0.011723849737597356,-0.035577408858763336,0.0132490279243355,-0.002254639308802549,0.0007288389683555667,0.02464179578457466,-0.03152858322686117,0.011551057823530948,-0.053429472078111835,0.47700607332676676,0.0,0.09099228065250163,0.020431619574222997,0.006990400877517729,-0.0014070729103580247,0.010497706130958651,0.00924373157179068,-0.007832658906043377,-0.002126442951074986,-0.0057362426523176,0.005349814080221701,0.00026432135715905025,0.002065278934488817,0.026632746736092828,0.010684049286810082,0.021787968001174794,0.014012858817730438,0.09099228065250163,-0.020431619574222997,0.11104067776752499,0.0,0.05744469537164333,0.0071359321726536164,0.014913642794550276,-0.012921264420683186,0.09620717720972831,0.0209839354833954,-0.0015904277235937502,-0.0017165149613603168,-0.0006879310670169497,1.6302068474443215e-05,0.00020896341206656002,0.006372446548471451,-0.004545926662841963,0.011192891134453117,0.006990400877517729,0.0014070729103580247,0.05744469537164333,-0.0071359321726536164,-0.13969160502084998,0.0,-0.09266143100070333,0.0006096407445434565,0.021645041774801664,-0.006075691656833092,0.0017424075488521663,-4.767626895416591e-06,-2.9744938213233153e-05,-0.0005955945474316836,0.00876823633274822,-0.0036280149939235664,-0.012028940469234002,-0.013334586399053999,0.010497706130958651,-0.00924373157179068,0.014913642794550276,0.012921264420683186,-0.09266143100070333,-0.0006096407445434565,-0.01610944245267735,0.0,-0.03145687943781499,0.02768023961708,0.001134162132438068,0.008423204651253392,-5.9139638369646604e-05,-0.0004857093703781284,-0.0007646870133589335,0.014111641249187701,0.006257235972349438,0.011723849737597356,-0.007832658906043377,0.002126442951074986,0.09620717720972831,-0.0209839354833954,0.021645041774801664,0.006075691656833092,-0.03145687943781499,-0.02768023961708,-0.053801785940563326,0.0,-0.002247004321510699,0.0018897353488304333,-0.0013822216002991972,-0.00111340814812748,-0.03790388103747333,0.017276071063524502,-0.035577408858763336,-0.0132490279243355,-0.0057362426523176,-0.005349814080221701,-0.0015904277235937502,0.0017165149613603168,0.0017424075488521663,4.767626895416591e-06,0.001134162132438068,-0.008423204651253392,-0.002247004321510699,-0.0018897353488304333,-0.04755307412463166,0.0,0.9997375887339
0.4379999999999997,0.0015597777527746831,0.0,-0.00017641530564550158,0.00044986967475326654,0.0009057602053305333,-0.00035126603233894487,0.00206109630302104,-0.0012070840992596428,0.0012631214589564283,0.0015728276792851164,0.0005242118470758832,-0.0004878416814252167,-0.00036808552092235526,-0.0004370404780326668,-0.0002219562075706334,-0.00041041158055348827,0.00026587399792709677,-0.001717379877414866,-0.00017641530564550158,-0.00044986967475326654,0.19071416773108332,0.0,0.2892595703603667,0.015228923134476506,0.024823446875741843,0.03131916238186483,0.02653822373193019,-0.010740656680217956,0.00019184761763699985,-0.00631389837261516,0.008735821801621616,0.0035894263846529837,-0.0008241761751600161,-0.014242510925381115,-0.038053730998685004,-0.01740912671230883,0.0009057602053305333,0.00035126603233894487,0.2892595703603667,-0.015228923134476506,0.4760727071985501,0.0,0.011199717208017183,0.053342722378454624,0.021631288653300426,-0.014011132776989668,-0.0044680819805665685,-0.010995510255817856,-0.012040778903400051,0.013288372756236672,0.0062598829732938245,-0.011891567793091666,-0.03568601723333499,0.01301328207062672,0.00206109630302104,0.0012070840992596428,0.024823446875741843,-0.03131916238186483,0.011199717208017183,-0.053342722378454624,0.4781618520215332,0.0,0.09124881781830166,0.020410381244202493,0.007166472879398427,-0.001249279741936213,0.01044576530735,0.00913446104864892,-0.007703378134197983,-0.001971818155267742,-0.0058250790399000975,0.00522267930530505,0.0012631214589564283,-0.0015728276792851164,0.02653822373193019,0.010740656680217956,0.021631288653300426,0.014011132776989668,0.09124881781830166,-0.020410381244202493,0.11117178191145832,0.0,0.05753831645747336,0.007156578161335623,0.01489590198228457,-0.012927072991899198,0.09629528513009834,0.02102357693432701,-0.0015963671873856341,-0.0017839231021764207,0.0005242118470758832,0.0004878416814252167,0.00019184761763699985,0.00631389837261516,-0.0044680819805665685,0.010995510255817856,0.007166472879398427,0.001249279741936213,0.05753831645747336,-0.007156578161335623,-0.13992561896035,0.0,-0.09257985111029164,0.0006521819644869449,0.02163432230247333,-0.0060477522320655655,0.0017204049349166066,-9.718236246566749e-06,-0.00036808552092235526,0.0004370404780326668,0.008735821801621616,-0.0035894263846529837,-0.012040778903400051,-0.013288372756236672,0.01044576530735,-0.00913446104864892,0.01489590198228457,0.012927072991899198,-0.09257985111029164,-0.0006521819644869449,-0.016295528255273983,0.0,-0.03139169298619499,0.027683186354211662,0.0010768568908409235,0.008353803529718292,-0.0002219562075706334,0.00041041158055348827,-0.0008241761751600161,0.014242510925381115,0.0062598829732938245,0.011891567793091666,-0.007703378134197983,0.001971818155267742,0.09629528513009834,-0.02102357693432701,0.02163432230247333,0.0060477522320655655,-0.03139169298619499,-0.027683186354211662,-0.05392802700412334,0.0,-0.002207931114697955,0.0019030327625800118,0.00026587399792709677,0.001717379877414866,-0.038053730998685004,0.01740912671230883,-0.03568601723333499,-0.01301328207062672,-0.0058250790399000975,-0.00522267930530505,-0.0015963671873856341,0.0017839231021764207,0.0017204049349166066,9.718236246566749e-06,0.0010768568908409235,-0.008353803529718292,-0.002207931114697955,-0.0019030327625800118,-0.04779370723773667,0.0,0.9997374051582166
0.439,0.0015595941887666673,0.0,-0.00017190110274576686,-0.0004035617519316002,-0.00038011541622736674,0.00090889134061555,-0.0004833328766498834,0.0023684618973533,-0.0019302301075172343,-0.0001640423801940836,-2.3122664502230367e-05,0.0007529482798618999,0.0005240906909318213,4.749109575717334e-05,0.0004024153988734999,0.00019924983019982683,0.0009348164089055839,0.0014095367718811834,-0.00017190110274576686,0.0004035617519316002,0.19139537741140003,0.0,0.28951073068201666,0.014368189684107021,0.025025125278661995,0.031077998057385977,0.026457446475223093,-0.010789055278654862,0.00017000431594666696,-0.006234290638808599,0.008720212237729215,0.0035524087962341662,-0.0008556992064965833,-0.014388996316875504,-0.03817614306586999,-0.017547298992489,-0.00038011541622736674,-0.00090889134061555,0.28951073068201666,-0.014368189684107021,0.47489478775345,0.0,0.010873526930491132,0.053284049717242675,0.021489269967260298,-0.013980729880140982,-0.0043682919673753,-0.010801658711236856,-0.01208352972377983,0.013243427210779982,0.006296995045750182,-0.012074142373015703,-0.03580630599415,0.01279112952338767,-0.0004833328766498834,-0.0023684618973533,0.025025125278661995,-0.031077998057385977,0.010873526930491132,-0.053284049717242675,0.47931588822684995,0.0,0.09150632968384334,0.020422917810616663,0.007319380513749799,-0.0010984401958726916,0.010384751525278069,0.00897596584409842,-0.0075964426688423185,-0.0018166898105376184,-0.005913458331806602,0.005104848941207917,-0.0019302301075172343,0.0001640423801940836,0.026457446475223093,0.010789055278654862,0.021489269967260298,0.013980729880140982,0.09150632968384334,-0.020422917810616663,0.11130447690342668,0.0,0.05764070784635666,0.007203066237092368,0.014903387518709751,-0.012928425160947103,0.09634633658196333,0.021047290368290245,-0.0015938830233586444,-0.0018337720949879385,-2.3122664502230367e-05,-0.0007529482798618999,0.00017000431594666696,0.006234290638808599,-0.0043682919673753,0.010801658711236856,0.007319380513749799,0.0010984401958726916,0.05764070784635666,-0.007203066237092368,-0.1401617529911667,0.0,-0.09250299651058332,0.0007049444264986901,0.02161881431356833,-0.006023428039117766,0.0016814356613060917,-2.9764296933881713e-05,0.0005240906909318213,-4.749109575717334e-05,0.008720212237729215,-0.0035524087962341662,-0.01208352972377983,-0.013243427210779982,0.010384751525278069,-0.00897596584409842,0.014903387518709751,0.012928425160947103,-0.09250299651058332,-0.0007049444264986901,-0.016479778715636,0.0,-0.031319850879880005,0.027668912440285003,0.0010434064473271965,0.008304968055039266,0.0004024153988734999,-0.00019924983019982683,-0.0008556992064965833,0.014388996316875504,0.006296995045750182,0.012074142373015703,-0.0075964426688423185,0.0018166898105376184,0.09634633658196333,-0.021047290368290245,0.02161881431356833,0.006023428039117766,-0.031319850879880005,-0.027668912440285003,-0.05405457386189665,0.0,-0.002169297176622084,0.0019201696869307336,0.0009348164089055839,-0.0014095367718811834,-0.03817614306586999,0.017547298992489,-0.03580630599415,-0.01279112952338767,-0.005913458331806602,-0.005104848941207917,-0.0015938830233586444,0.0018337720949879385,0.0016814356613060917,2.9764296933881713e-05,0.0010434064473271965,-0.008304968055039266,-0.002169297176622084,-0.0019201696869307336,-0.04803679732830668,0.0,0.999737221586717
0.4400000000000004,0.001559410612405734,0.0,0.00034532287245983323,0.00016404436439067035,-0.00043147529356413346,-0.0009029470319854502,-0.0014638459885279846,-0.001960248784998617,0.0013954847688567675,-0.0012394896659557906,-0.0005664854964560333,-0.000567394796032501,-0.0003621409775924835,0.0003172894713825425,-0.00042675777273493327,8.246227723953334e-05,-0.0016144550694018164,-0.00040531933804006666,0.00034532287245983323,-0.00016404436439067035,0.19204541833778332,0.0,0.2897511751047667,0.013443268962199915,0.02525029648839017,0.030776637746225157,0.0263876888332485,-0.01083664801791615,0.00014817497028988318,-0.006150309446809949,0.008722262458952048,0.003500432622562401,-0.0008780042128059404,-0.014518641439702017,-0.03830610628327999,-0.017706429392445832,-0.00043147529356413346,0.0009029470319854502,0.2897511751047667,-0.013443268962199915,0.4737510691973833,0.0,0.010575241939851666,0.053250360951983315,0.02136564875639453,-0.013952956652827633,-0.004253621207841346,-0.010596213870280233,-0.012108694118988335,0.013218740000848052,0.006356440376331416,-0.012255805548139131,-0.03598992543464833,0.012531973499784532,-0.0014638459885279846,0.001960248784998617,0.02525029648839017,-0.030776637746225157,0.010575241939851666,-0.053250360951983315,0.4804676586636168,0.0,0.09175759963926665,0.020357256135184403,0.007476288267979781,-0.0010003661475994,0.010341494155312402,0.008797692416731041,-0.007505950296116965,-0.0016553679108180397,-0.005998029423264702,0.005045092316635784,0.0013954847688567675,0.0012394896659557906,0.0263876888332485,0.01083664801791615,0.02136564875639453,0.013952956652827633,0.09175759963926665,-0.020357256135184403,0.11143931301821998,0.0,0.05775017219727668,0.007239081419664751,0.014914859605690705,-0.012954282773379079,0.09637650014161,0.021069909011753894,-0.001610117693751243,-0.0018843073650399603,-0.0005664854964560333,0.000567394796032501,0.00014817497028988318,0.006150309446809949,-0.004253621207841346,0.010596213870280233,0.007476288267979781,0.0010003661475994,0.05775017219727668,-0.007239081419664751,-0.1404005274337,0.0,-0.09243889030835835,0.0007621408956363052,0.021604878047489996,-0.005995788638452017,0.0016313658631087534,-3.2081398338233295e-05,-0.0003621409775924835,-0.0003172894713825425,0.008722262458952048,-0.003500432622562401,-0.012108694118988335,-0.013218740000848052,0.010341494155312402,-0.008797692416731041,0.014914859605690705,0.012954282773379079,-0.09243889030835835,-0.0007621408956363052,-0.016661267103083167,0.0,-0.031274460251739994,0.027652870695066663,0.0010319696999560835,0.008284167942703403,-0.00042675777273493327,-8.246227723953334e-05,-0.0008780042128059404,0.014518641439702017,0.006356440376331416,0.012255805548139131,-0.007505950296116965,0.0016553679108180397,0.09637650014161,-0.021069909011753894,0.021604878047489996,0.005995788638452017,-0.031274460251739994,-0.027652870695066663,-0.054181350435686663,0.0,-0.0021314769175588165,0.0019372771805158328,-0.0016144550694018164,0.00040531933804006666,-0.03830610628327999,0.017706429392445832,-0.03598992543464833,-0.012531973499784532,-0.005998029423264702,-0.005045092316635784,-0.001610117693751243,0.0018843073650399603,0.0016313658631087534,3.2081398338233295e-05,0.0010319696999560835,-0.008284167942703403,-0.0021314769175588165,-0.0019372771805158328,-0.048282686853516665,0.0,0.9997370380036169
0.4409999999999998,0.0015592270274253672,0.0,-0.00031528004099433334,9.34330038945e-05,0.0009857213718168336,0.00031070553678490005,0.002452672027208607,0.00021497581279991668,-6.993663668440016e-05,0.0018087498442757,0.0008416601138663994,-1.923917401485011e-05,3.0171770256745078e-05,-0.00045695969379154987,0.0002844894726657168,-0.00032887167044248143,0.001456761706979783,-0.0007850904608794495,-0.00031528004099433334,-9.34330038945e-05,0.19266161741115007,0.0,0.28996976385005,0.012424533007978035,0.02545306909389934,0.03042604091493493,0.02630691385570133,-0.010883278438502108,0.00014640611718600335,-0.006088397913158514,0.008718408523470536,0.0034353261518402164,-0.0009090580642248669,-0.01461439418480092,-0.03842896984504832,-0.017867362696468832,0.0009857213718168336,-0.00031070553678490005,0.28996976385005,-0.012424533007978035,0.4726446462408333,0.0,0.010290931535389567,0.05319529690394665,0.021241033669220342,-0.013935395126631665,-0.004173385246726406,-0.010376276866152464,-0.012108368983915133,0.013202843350952207,0.006406106630160501,-0.012394570758679217,-0.036163115262533345,0.012228454579747148,0.002452672027208607,-0.00021497581279991668,0.02545306909389934,-0.03042604091493493,0.010290931535389567,-0.05319529690394665,0.4816151187737668,0.0,0.09202350780805338,0.020234443592033618,0.007625187767469937,-0.0008972684827746005,0.010330723029362632,0.008639509579532748,-0.007420945383718733,-0.0014586940795755917,-0.006070773250433519,0.004989577506617802,-6.993663668440016e-05,-0.0018087498442757,0.02630691385570133,0.010883278438502108,0.021241033669220342,0.013935395126631665,0.09202350780805338,-0.020234443592033618,0.11157754437105834,0.0,0.057856184550551665,0.00725094385777382,0.014905947943066137,-0.012983777338750052,0.09642426304615001,0.02109746931166283,-0.0016386554299032176,-0.0019736332628790838,0.0008416601138663994,1.923917401485011e-05,0.00014640611718600335,0.006088397913158514,-0.004173385246726406,0.010376276866152464,0.007625187767469937,0.0008972684827746005,0.057856184550551665,-0.00725094385777382,-0.14064114388975,0.0,-0.09236749540716169,0.0007987212039599916,0.021596635691646666,-0.005976382842027199,0.0015951751378053829,-1.4582485964533219e-05,3.0171770256745078e-05,0.00045695969379154987,0.008718408523470536,-0.0034353261518402164,-0.012108368983915133,-0.013202843350952207,0.010330723029362632,-0.008639509579532748,0.014905947943066137,0.012983777338750052,-0.09236749540716169,-0.0007987212039599916,-0.01684008205648117,0.0,-0.03125114141270334,0.027658619740683333,0.00102735941034577,0.008264488849278084,0.0002844894726657168,0.00032887167044248143,-0.0009090580642248669,0.01461439418480092,0.006406106630160501,0.012394570758679217,-0.007420945383718733,0.0014586940795755917,0.09642426304615001,-0.02109746931166283,0.021596635691646666,0.005976382842027199,-0.03125114141270334,-0.027658619740683333,-0.05430837433036501,0.0,-0.0020927002980254167,0.0019487256111135,0.001456761706979783,0.0007850904608794495,-0.03842896984504832,0.017867362696468832,-0.036163115262533345,-0.012228454579747148,-0.006070773250433519,-0.004989577506617802,-0.0016386554299032176,0.0019736332628790838,0.0015951751378053829,1.4582485964533219e-05,0.00102735941034577,-0.008264488849278084,-0.0020927002980254167,-0.0019487256111135,-0.04853169913630998,0.0,0.99973685441185
0.4420000000000001,0.0015590434512282503,0.0,0.00014585611261833489,-0.0002725848030827,-0.0009604420676801167,0.00048600389579636644,-0.0018003945654045494,0.0016764587854042436,-0.001212599668140267,-0.0012629628138092165,-0.0005988272466085164,0.0006229016599134166,0.00027743302338581314,0.0003475110162756466,-2.2776699854053403e-05,0.0004555456073906334,-0.0005339882774135334,0.0015411353789696,0.00014585611261833489,0.0002725848030827,0.19324091409555003,0.0,0.29021534932805,0.011347597926895351,0.02561514181872768,0.03007692023054616,0.026209072780408002,-0.010924127899022282,0.00015697050585580346,-0.006039870180014067,0.008708567069800085,0.003376710283569932,-0.0009392926542734669,-0.014700268747233285,-0.03851474110652666,-0.017999342284420163,-0.0009604420676801167,-0.00048600389579636644,0.29021534932805,-0.011347597926895351,0.4715789255338666,0.0,0.009998449229286098,0.05310408763146668,0.021107817606566003,-0.013907260639716706,-0.004150743120825618,-0.010159499206735334,-0.012123826673087833,0.013165313337771812,0.0064406871648362155,-0.012498862580384497,-0.03627150159697334,0.011939667861345083,-0.0018003945654045494,-0.0016764587854042436,0.02561514181872768,-0.03007692023054616,0.009998449229286098,-0.05310408763146668,0.48275799358283333,0.0,0.09232848291537839,0.02017641871034651,0.007736260691790983,-0.0007298455757008166,0.01032929854912462,0.008493016326465928,-0.007352006012888346,-0.0012306980486659666,-0.006121041170500984,0.004863593123217684,-0.001212599668140267,0.0012629628138092165,0.026209072780408002,0.010924127899022282,0.021107817606566003,0.013907260639716706,0.09232848291537839,-0.02017641871034651,0.11171893268313997,0.0,0.057956445468786665,0.007274793826791751,0.014891421643535163,-0.012981237975579608,0.09650629768334663,0.021118347822116326,-0.001656288797121566,-0.002098365070552567,-0.0005988272466085164,-0.0006229016599134166,0.00015697050585580346,0.006039870180014067,-0.004150743120825618,0.010159499206735334,0.007736260691790983,0.0007298455757008166,0.057956445468786665,-0.007274793826791751,-0.1408826901196167,0.0,-0.09228573664682667,0.0008144389866426537,0.02159138605588,-0.005987924822152148,0.0015818597251661965,-8.340665802773472e-06,0.00027743302338581314,-0.0003475110162756466,0.008708567069800085,-0.003376710283569932,-0.012123826673087833,-0.013165313337771812,0.01032929854912462,-0.008493016326465928,0.014891421643535163,0.012981237975579608,-0.09228573664682667,-0.0008144389866426537,-0.0170175948693435,0.0,-0.03123101349131167,0.02769178856309666,0.0010310391369787667,0.008233546358200955,-2.2776699854053403e-05,-0.0004555456073906334,-0.0009392926542734669,0.014700268747233285,0.0064406871648362155,0.012498862580384497,-0.007352006012888346,0.0012306980486659666,0.09650629768334663,-0.021118347822116326,0.02159138605588,0.005987924822152148,-0.03123101349131167,-0.02769178856309666,-0.05443524774502832,0.0,-0.0020589163830103505,0.001958622008359267,-0.0005339882774135334,-0.0015411353789696,-0.03851474110652666,0.017999342284420163,-0.03627150159697334,-0.011939667861345083,-0.006121041170500984,-0.004863593123217684,-0.001656288797121566,0.002098365070552567,0.0015818597251661965,8.340665802773472e-06,0.0010310391369787667,-0.008233546358200955,-0.0020589163830103505,-0.001958622008359267,-0.048783605784668324,0.0,0.9997366708281167
0.4430000000000004,0.0015588598882929337,0.0,8.672849364191685e-05,0.0003100332454759834,0.00036251907055366686,-0.0010481482618227163,-3.761378042773291e-05,-0.0024454638118311684,0.0016816084502479169,-7.82238430959998e-06,-5.921795808483109e-06,-0.0008866035816933996,-0.000410516292186418,-6.48694092067668e-05,-0.00028220071833785657,-0.0003925148804026,-0.00063560825211491,-0.0014502314770434993,8.672849364191685e-05,-0.0003100332454759834,0.1937819712448667,0.0,0.29047735808226666,0.01027552327312885,0.025761423924520677,0.02973534183636133,0.02610075149469817,-0.010960675127109697,0.0001470862444869501,-0.005972424196759149,0.008716562393953365,0.003334173725472684,-0.0009518260827338334,-0.014796115528333502,-0.03856579886900333,-0.018107501740949834,0.00036251907055366686,0.0010481482618227163,0.29047735808226666,-0.01027552327312885,0.4705551163648497,0.0,0.009697497901333483,0.052999066716829996,0.020973672291390837,-0.013866800229465166,-0.004154900138008384,-0.009951431489055449,-0.012170604829272668,0.013103585079214573,0.006495275132317582,-0.01262241770918592,-0.036365372945328336,0.011685889176792202,-3.761378042773291e-05,0.0024454638118311684,0.025761423924520677,-0.02973534183636133,0.009697497901333483,-0.052999066716829996,0.48389797853471656,0.0,0.09264638670429334,0.02019588699066652,0.007825768206097884,-0.0005293546350918834,0.010312822910436368,0.008318350665467994,-0.007312422160642284,-0.0010195875360607682,-0.006156125386517581,0.004696323434301714,0.0016816084502479169,7.82238430959998e-06,0.02610075149469817,0.010960675127109697,0.020973672291390837,0.013866800229465166,0.09264638670429334,-0.02019588699066652,0.11186216230803166,0.0,0.058046104955681674,0.007343311401659584,0.014900471088405818,-0.01294834729442688,0.09657315214615834,0.021115930198406494,-0.0016642487804845835,-0.0022179588862317663,-5.921795808483109e-06,0.0008866035816933996,0.0001470862444869501,0.005972424196759149,-0.004154900138008384,0.009951431489055449,0.007825768206097884,0.0005293546350918834,0.058046104955681674,-0.007343311401659584,-0.14112571747461666,0.0,-0.09219366342930167,0.0008335074371202372,0.021584250864393337,-0.006028317512798693,0.0015726393816360498,-1.9048859127655052e-05,-0.000410516292186418,6.48694092067668e-05,0.008716562393953365,-0.003334173725472684,-0.012170604829272668,-0.013103585079214573,0.010312822910436368,-0.008318350665467994,0.014900471088405818,0.01294834729442688,-0.09219366342930167,-0.0008335074371202372,-0.017194703001404167,0.0,-0.03121411089606666,0.02772450842802666,0.0010530503169240417,0.008208699174563449,-0.00028220071833785657,0.0003925148804026,-0.0009518260827338334,0.014796115528333502,0.006495275132317582,0.01262241770918592,-0.007312422160642284,0.0010195875360607682,0.09657315214615834,-0.021115930198406494,0.021584250864393337,0.006028317512798693,-0.03121411089606666,-0.02772450842802666,-0.05456125161023666,0.0,-0.0020363990323126854,0.001978664692326782,-0.00063560825211491,0.0014502314770434993,-0.03856579886900333,0.018107501740949834,-0.036365372945328336,-0.011685889176792202,-0.006156125386517581,-0.004696323434301714,-0.0016642487804845835,0.0022179588862317663,0.0015726393816360498,1.9048859127655052e-05,0.0010530503169240417,-0.008208699174563449,-0.0020363990323126854,-0.001978664692326782,-0.04903792899646332,0.0,0.9997364872580002
0.4439999999999999,0.0015586763274673334,0.0,-0.00026439067045851665,-0.0001972680736190167,0.0005014377702206835,0.0010027655884039832,0.0018325072857203338,0.001585475624841492,-0.0011006037285216663,0.001185516022477783,0.0006622518104588167,0.0006463559340977998,0.0002999669438684333,-0.00021478739732191658,0.0004866725485774,0.00012152249967920476,0.0014151878628440365,0.0006101298270286317,-0.00026439067045851665,0.0001972680736190167,0.1942854656381167,0.0,0.2907530932456833,0.009227417160229033,0.025911166943934662,0.029374519637808603,0.025992450823000165,-0.01099923330873245,0.00010318463295564003,-0.005878847323736792,0.008755184485496968,0.0032915379465869097,-0.0009542477969789702,-0.014888701085708831,-0.03861345946226335,-0.018233536925759367,0.0005014377702206835,-0.0010027655884039832,0.2907530932456833,-0.009227417160229033,0.46957252250259995,0.0,0.009410426182220051,0.05290503837901166,0.020848713007660842,-0.013851577088645288,-0.00416356437222393,-0.009740680564381248,-0.012218544476105467,0.013054649735047183,0.006591919152754866,-0.012792275768900853,-0.036514669024120004,0.011413079040210985,0.0018325072857203338,-0.001585475624841492,0.025911166943934662,-0.029374519637808603,0.009410426182220051,-0.05290503837901166,0.4850354932592332,0.0,0.09296579724837832,0.020171089334793064,0.007947745075222567,-0.00035743782062104014,0.010298296361268904,0.008115233435813884,-0.0072992519050597655,-0.0008534204477381947,-0.006200876724788001,0.004572950988657999,-0.0011006037285216663,-0.001185516022477783,0.025992450823000165,0.01099923330873245,0.020848713007660842,0.013851577088645288,0.09296579724837832,-0.020171089334793064,0.11200731684803163,0.0,0.05813577137637168,0.0074377837058381005,0.014932061463415119,-0.012925002210986214,0.09660204511596497,0.02110257350599666,-0.0016815591419592597,-0.0023225586844778864,0.0006622518104588167,-0.0006463559340977998,0.00010318463295564003,0.005878847323736792,-0.00416356437222393,0.009740680564381248,0.007947745075222567,0.00035743782062104014,0.05813577137637168,-0.0074377837058381005,-0.14137153276988332,0.0,-0.09210872244186499,0.0008630495727674663,0.021584554280061664,-0.006073776935796774,0.0015469162852372238,-1.543137788644269e-05,0.0002999669438684333,0.00021478739732191658,0.008755184485496968,-0.0032915379465869097,-0.012218544476105467,-0.013054649735047183,0.010298296361268904,-0.008115233435813884,0.014932061463415119,0.012925002210986214,-0.09210872244186499,-0.0008630495727674663,-0.017370881193483668,0.0,-0.031229191855585016,0.027738741995576664,0.001090198633207,0.008202148084980234,0.0004866725485774,-0.00012152249967920476,-0.0009542477969789702,0.014888701085708831,0.006591919152754866,0.012792275768900853,-0.0072992519050597655,0.0008534204477381947,0.09660204511596497,-0.02110257350599666,0.021584554280061664,0.006073776935796774,-0.031229191855585016,-0.027738741995576664,-0.054686050790595006,0.0,-0.0020248323294388736,0.002012757674675884,0.0014151878628440365,-0.0006101298270286317,-0.03861345946226335,0.018233536925759367,-0.036514669024120004,-0.011413079040210985,-0.006200876724788001,-0.004572950988657999,-0.0016815591419592597,0.0023225586844778864,0.0015469162852372238,1.543137788644269e-05,0.001090198633207,-0.008202148084980234,-0.0020248323294388736,-0.002012757674675884,-0.049294706131575015,0.0,0.9997363036900998
0.44500000000000023,0.0015584927583238008,0.0,0.0003149565410588,1.3353391266649853e-05,-0.0010741279515253334,-0.00034093531514364946,-0.002372290821433228,0.0003196741687049386,-0.00010594797774821678,-0.0015633642178852737,-0.0009663119325584502,2.8847575516835015e-05,-5.408637979498328e-05,0.00032727078197017183,-0.0004622251867335166,0.00024392721270116672,-0.0014329802800174501,0.0005203865538668834,0.0003149565410588,-1.3353391266649853e-05,0.19475220063434998,0.0,0.29100681571026665,0.008170581055638467,0.026044911556012733,0.028993045671852444,0.025886517456155514,-0.011030849120725538,4.819543485922662e-05,-0.005781522954380867,0.00880413320400359,0.0032301588546429392,-0.0009650707972440972,-0.014954954642888669,-0.038658141548195,-0.01838845010506435,-0.0010741279515253334,0.00034093531514364946,0.29100681571026665,-0.008170581055638467,0.4686308808098667,0.0,0.009143903101099535,0.052809630718963343,0.020723883701666328,-0.013883889905158283,-0.004199095844852483,-0.009528016107151647,-0.012249571367036251,0.013033279628652182,0.006696630093049201,-0.012976278235952321,-0.036685418927713334,0.011092951920172385,-0.002372290821433228,-0.0003196741687049386,0.026044911556012733,-0.028993045671852444,0.009143903101099535,-0.052809630718963343,0.4861685672056,0.0,0.093294882220615,0.02004241092264187,0.008101043215254634,-0.00020893703256985013,0.010310527652854453,0.007926774387537914,-0.007298980841808,-0.0007056364846654334,-0.0062472318996747165,0.004502052442646566,-0.00010594797774821678,0.0015633642178852737,0.025886517456155514,0.011030849120725538,0.020723883701666328,0.013883889905158283,0.093294882220615,-0.02004241092264187,0.11215628056540503,0.0,0.058224863403666664,0.007517514161738434,0.014957438948098166,-0.012924264403358919,0.09661347296397832,0.021101985113526164,-0.0016980070386992839,-0.0024421390937916635,-0.0009663119325584502,-2.8847575516835015e-05,4.819543485922662e-05,0.005781522954380867,-0.004199095844852483,0.009528016107151647,0.008101043215254634,0.00020893703256985013,0.058224863403666664,-0.007517514161738434,-0.14162019685013327,0.0,-0.09202171510762831,0.000877496086101655,0.021598416817875,-0.006108971259862994,0.0015147467997712665,1.7125173944323222e-05,-5.408637979498328e-05,-0.00032727078197017183,0.00880413320400359,-0.0032301588546429392,-0.012249571367036251,-0.013033279628652182,0.010310527652854453,-0.007926774387537914,0.014957438948098166,0.012924264403358919,-0.09202171510762831,-0.000877496086101655,-0.017545587559287663,0.0,-0.031281383995221665,0.027741654353609996,0.0011276666146897165,0.0081880119752804,-0.0004622251867335166,-0.00024392721270116672,-0.0009650707972440972,0.014954954642888669,0.006696630093049201,0.012976278235952321,-0.007298980841808,0.0007056364846654334,0.09661347296397832,-0.021101985113526164,0.021598416817875,0.006108971259862994,-0.031281383995221665,-0.027741654353609996,-0.054810043966159995,0.0,-0.002015001948519426,0.002050610231520866,-0.0014329802800174501,-0.0005203865538668834,-0.038658141548195,0.01838845010506435,-0.036685418927713334,-0.011092951920172385,-0.0062472318996747165,-0.004502052442646566,-0.0016980070386992839,0.0024421390937916635,0.0015147467997712665,-1.7125173944323222e-05,0.0011276666146897165,-0.0081880119752804,-0.002015001948519426,-0.002050610231520866,-0.04955447348415,0.0,0.9997361201139334
0.4460000000000005,0.0015583091950174674,0.0,-0.00024022965772806654,0.00016605260700636675,0.0010221317818827115,-0.0005048904885460836,0.0013157726509467672,-0.0019593409437249835,0.0011634264575419043,0.000965248785638433,0.0006738353848958405,-0.0007211680275810351,-0.00017194821598696692,-0.000264408332574405,0.00019229146036641356,-0.0005340686084352875,0.0006755038250814665,-0.0013537370170594054,-0.00024022965772806654,-0.00016605260700636675,0.19518163386956672,0.0,0.29123373850443335,0.007092094129021352,0.02613855613939277,0.02863283280553534,0.025791959374563838,-0.01103582121478674,2.937833951813269e-06,-0.0056902221550279375,0.008846248150944123,0.003153405195025771,-0.0009844104410828398,-0.015007603666663165,-0.03867237534807167,-0.018533635596572527,0.0010221317818827115,0.0005048904885460836,0.29123373850443335,-0.007092094129021352,0.4677311230011999,0.0,0.008889895049538151,0.052713673641561674,0.020593259615703012,-0.013934433790109403,-0.0042772469125754164,-0.00933545568361552,-0.012282863357358752,0.013009970695897852,0.006767400053419483,-0.013149671014777832,-0.036809736607861666,0.01078482796052375,0.0013157726509467672,0.0019593409437249835,0.02613855613939277,-0.02863283280553534,0.008889895049538151,-0.052713673641561674,0.48729578925053335,0.0,0.09363971786528996,0.01990795130658285,0.008226077910841985,-3.812155916227343e-05,0.010347420005933418,0.0077718306629292145,-0.007305252903838416,-0.0005514266499434664,-0.0062489749644265005,0.004417207317565316,0.0011634264575419043,-0.000965248785638433,0.025791959374563838,0.01103582121478674,0.020593259615703012,0.013934433790109403,0.09363971786528996,-0.01990795130658285,0.11231017523040666,0.0,0.05830179413632832,0.007580364817728314,0.014972441549253711,-0.012917995629958915,0.09663809853278499,0.02111691352886817,-0.0016791326243540694,-0.0025813436178302933,0.0006738353848958405,0.0007211680275810351,2.937833951813269e-06,0.0056902221550279375,-0.0042772469125754164,0.00933545568361552,0.008226077910841985,3.812155916227343e-05,0.05830179413632832,-0.007580364817728314,-0.1418703120137333,0.0,-0.09192144755891833,0.0008589898427455653,0.021614774287824996,-0.006143091063881546,0.0015018595441416563,4.950691441057342e-05,-0.00017194821598696692,0.000264408332574405,0.008846248150944123,-0.003153405195025771,-0.012282863357358752,-0.013009970695897852,0.010347420005933418,-0.0077718306629292145,0.014972441549253711,0.012917995629958915,-0.09192144755891833,-0.0008589898427455653,-0.017719654855307014,0.0,-0.03134301582459335,0.027744517068338335,0.0011611418759308787,0.008138062938102465,0.00019229146036641356,0.0005340686084352875,-0.0009844104410828398,0.015007603666663165,0.006767400053419483,0.013149671014777832,-0.007305252903838416,0.0005514266499434664,0.09663809853278499,-0.02111691352886817,0.021614774287824996,0.006143091063881546,-0.03134301582459335,-0.027744517068338335,-0.05493381644955002,0.0,-0.001998684264505237,0.0020829082083745004,0.0006755038250814665,0.0013537370170594054,-0.03867237534807167,0.018533635596572527,-0.036809736607861666,-0.01078482796052375,-0.0062489749644265005,-0.004417207317565316,-0.0016791326243540694,0.0025813436178302933,0.0015018595441416563,-4.950691441057342e-05,0.0011611418759308787,-0.008138062938102465,-0.001998684264505237,-0.0020829082083745004,-0.04981731068478668,0.0,0.9997359365437006
0.4469999999999994,0.0015581256454615167,0.0,6.47330015184834e-05,-0.00027141079283961496,-0.00041082809499904153,0.0010768742907055998,0.0005793778609900662,0.0022609097657702503,-0.0014235574796429332,0.00017329329147839983,2.0266830533554723e-05,0.0009897756235925834,0.00028839768931565666,7.930922549339985e-05,0.00024224608859503316,0.0005848891715140333,0.0004346633029163491,0.0014143497119343,6.47330015184834e-05,0.00027141079283961496,0.19557308857563338,0.0,0.2914371446314667,0.006026213863861749,0.026193818969058834,0.028308148489093528,0.025715623854710493,-0.011011458039272717,-4.756070623053339e-05,-0.0055874485832511965,0.008889612296226167,0.003074708724459515,-0.0009921783629988161,-0.015081363423540333,-0.03864527758860334,-0.018646920782818783,-0.00041082809499904153,-0.0010768742907055998,0.2914371446314667,-0.006026213863861749,0.4668732694264834,0.0,0.008655240019680682,0.052652133539186664,0.02047005350844838,-0.013963486494061485,-0.004366780682927466,-0.009172104732953499,-0.012336930061393905,0.01296443886330819,0.006822332544454696,-0.013338751272668785,-0.036897325983024996,0.010535864311844733,0.0005793778609900662,-0.0022609097657702503,0.026193818969058834,-0.028308148489093528,0.008655240019680682,-0.052652133539186664,0.48841861598091657,0.0,0.09397434026282664,0.019854249408281933,0.008309408258957516,0.00016170161335813315,0.010390085141733575,0.007614635816731284,-0.007314133984459499,-0.0004078326363285833,-0.006197363337214612,0.00429361238743988,-0.0014235574796429332,-0.00017329329147839983,0.025715623854710493,0.011011458039272717,0.02047005350844838,0.013963486494061485,0.09397434026282664,-0.019854249408281933,0.11246805114209836,0.0,0.05836143074423502,0.007656586193122513,0.015002206978701919,-0.012883369706485319,0.09666240121283837,0.021124153276152986,-0.0016219813706491836,-0.0026986126274475553,2.0266830533554723e-05,-0.0009897756235925834,-4.756070623053339e-05,0.0055874485832511965,-0.004366780682927466,0.009172104732953499,0.008309408258957516,-0.00016170161335813315,0.05836143074423502,-0.007656586193122513,-0.14212097777200003,0.0,-0.09181509015934002,0.0008284925062054135,0.021614086059796655,-0.006182172119431376,0.0015075804755452502,5.1169655727966674e-05,0.00028839768931565666,-7.930922549339985e-05,0.008889612296226167,-0.003074708724459515,-0.012336930061393905,-0.01296443886330819,0.010390085141733575,-0.007614635816731284,0.015002206978701919,0.012883369706485319,-0.09181509015934002,-0.0008284925062054135,-0.017894267178639515,0.0,-0.03139526619029501,0.02773827907339,0.0012059273533759002,0.008067496490047867,0.00024224608859503316,-0.0005848891715140333,-0.0009921783629988161,0.015081363423540333,0.006822332544454696,0.013338751272668785,-0.007314133984459499,0.0004078326363285833,0.09666240121283837,-0.021124153276152986,0.021614086059796655,0.006182172119431376,-0.03139526619029501,-0.02773827907339,-0.05505751387522833,0.0,-0.001975379954298453,0.0021157814269566724,0.0004346633029163491,-0.0014143497119343,-0.03864527758860334,0.018646920782818783,-0.036897325983024996,-0.010535864311844733,-0.006197363337214612,-0.00429361238743988,-0.0016219813706491836,0.0026986126274475553,0.0015075804755452502,-5.1169655727966674e-05,0.0012059273533759002,-0.008067496490047867,-0.001975379954298453,-0.0021157814269566724,-0.050082638957866674,0.0,0.9997357529871997
0.44800000000000034,0.0015579421019786175,0.0,0.00012707331430200335,0.00024713329004559986,-0.00045802537670863334,-0.0010515766609192749,-0.002066125891281034,-0.0010617827496401497,0.0007883201761085811,-0.001087939107925133,-0.0007174349172699833,-0.0007005762895447673,-0.0002314138168792618,0.00012922355015414818,-0.0006302691123077664,-0.0002939038153221584,-0.0012486407043636666,-0.00070706354731765,0.00012707331430200335,-0.00024713329004559986,0.1959271170511667,0.0,0.29159546564573335,0.004991459023846133,0.02622046805776467,0.027978618235041667,0.025651942080295486,-0.010971859815724384,-0.00011885553574318323,-0.005457744330283189,0.008944808945540637,0.0029844899192306333,-0.0009757699727246165,-0.015176795286165327,-0.03859261715239334,-0.018763211734385117,-0.00045802537670863334,0.0010515766609192749,0.29159546564573335,-0.004991459023846133,0.4660557030424333,0.0,0.008458162935791786,0.05265218163771666,0.0203596139100054,-0.013972731139619672,-0.0044338372308421175,-0.009016819384263344,-0.012401987072407465,0.012921023087553721,0.006907363827005898,-0.013568418119226123,-0.03699900120682,0.010297177322880867,-0.002066125891281034,0.0010617827496401497,0.02622046805776467,-0.027978618235041667,0.008458162935791786,-0.05265218163771666,0.4895389676985332,0.0,0.09428520327174165,0.019812757870366918,0.0084154175420379,0.00036533707363853367,0.010438384606216699,0.007428448045151243,-0.007324024515070868,-0.00029440075537729983,-0.006155388279023466,0.004180821812230107,0.0007883201761085811,0.001087939107925133,0.025651942080295486,0.010971859815724384,0.0203596139100054,0.013972731139619672,0.09428520327174165,-0.019812757870366918,0.1126288701746483,0.0,0.05841490916758333,0.007754775368667632,0.015058481814805619,-0.012845373599622598,0.09665102880267669,0.021110708578066503,-0.0015609109056009514,-0.0027720212308077396,-0.0007174349172699833,0.0007005762895447673,-0.00011885553574318323,0.005457744330283189,-0.0044338372308421175,0.009016819384263344,0.0084154175420379,-0.00036533707363853367,0.05841490916758333,-0.007754775368667632,-0.14237277787876668,0.0,-0.09171467519753998,0.0008135325616832331,0.021595840267285,-0.006209058730633395,0.001500771649138962,3.4245001316768304e-05,-0.0002314138168792618,-0.00012922355015414818,0.008944808945540637,-0.0029844899192306333,-0.012401987072407465,-0.012921023087553721,0.010438384606216699,-0.007428448045151243,0.015058481814805619,0.012845373599622598,-0.09171467519753998,-0.0008135325616832331,-0.01806921469120645,0.0,-0.03144964738359667,0.02771308096640999,0.0012718244633664166,0.008009003468203435,-0.0006302691123077664,0.0002939038153221584,-0.0009757699727246165,0.015176795286165327,0.006907363827005898,0.013568418119226123,-0.007324024515070868,0.00029440075537729983,0.09665102880267669,-0.021110708578066503,0.021595840267285,0.006209058730633395,-0.03144964738359667,-0.02771308096640999,-0.05518086911629334,0.0,-0.0019512269126558837,0.0021641593267406833,-0.0012486407043636666,0.00070706354731765,-0.03859261715239334,0.018763211734385117,-0.03699900120682,-0.010297177322880867,-0.006155388279023466,-0.004180821812230107,-0.0015609109056009514,0.0027720212308077396,0.001500771649138962,-3.4245001316768304e-05,0.0012718244633664166,-0.008009003468203435,-0.0019512269126558837,-0.0021641593267406833,-0.05035016894640166,0.0,0.9997355694361497
0.4490000000000006,0.0015577585453054334,0.0,-0.0002402901333966833,-0.0001212293277265,0.0010671288665144501,0.0003860995513071301,0.002159737308351484,-0.000854696350110333,0.0002456775427379001,0.001237191418730299,0.0010324660011461486,-1.9630622890305128e-05,5.304849080678351e-05,-0.00022587575911880363,0.0007084445386069165,-0.00023381646872984,0.0013686774652879,-0.0003269473338760669,-0.0002402901333966833,0.0001212293277265,0.1962446323034333,0.0,0.29170863247691675,0.003953987874014901,0.026218243454698493,0.027620497780035672,0.025594908382238497,-0.010926047651882547,-0.00018642513377641238,-0.005317895094629346,0.009003915543425698,0.0028588913543354166,-0.0009435095150980607,-0.015262815667414869,-0.03852811550220333,-0.018916772277330175,0.0010671288665144501,-0.0003860995513071301,0.29170863247691675,-0.003953987874014901,0.4652771171926999,0.0,0.008293230579597119,0.05269887336347998,0.02024388683739362,-0.013989620504312163,-0.004495328117990982,-0.008858167759495085,-0.01246016796082486,0.012907509154316349,0.007015199234335798,-0.013808800738738069,-0.03710921463813166,0.010004233573246531,0.002159737308351484,0.000854696350110333,0.026218243454698493,-0.027620497780035672,0.008293230579597119,-0.05269887336347998,0.49065640911468317,0.0,0.09461102272612167,0.019684279009350283,0.008574113580636918,0.0005698857676274001,0.01050276806511095,0.0072441915214180325,-0.0073444106741899,-0.0001844136589812267,-0.006169320530651112,0.004110640363847617,0.0002456775427379001,-0.001237191418730299,0.025594908382238497,0.010926047651882547,0.02024388683739362,0.013989620504312163,0.09461102272612167,-0.019684279009350283,0.11279345241777167,0.0,0.05847826325040169,0.007842461997099098,0.015116770496295935,-0.012844814058199348,0.09662200356815336,0.02109842051997333,-0.0015107590820681305,-0.0028329577039981502,0.0010324660011461486,1.9630622890305128e-05,-0.00018642513377641238,0.005317895094629346,-0.004495328117990982,0.008858167759495085,0.008574113580636918,-0.0005698857676274001,0.05847826325040169,-0.007842461997099098,-0.14262631075096663,0.0,-0.09162724684719833,0.0008051775244781164,0.021578138746211672,-0.006205404935233256,0.001473079403650675,3.0273307725683263e-05,5.304849080678351e-05,0.00022587575911880363,0.009003915543425698,-0.0028588913543354166,-0.01246016796082486,-0.012907509154316349,0.01050276806511095,-0.0072441915214180325,0.015116770496295935,0.012844814058199348,-0.09162724684719833,-0.0008051775244781164,-0.0182434069297581,0.0,-0.031523242857421675,0.02768849695417501,0.0013506736751025998,0.00796527607469995,0.0007084445386069165,0.00023381646872984,-0.0009435095150980607,0.015262815667414869,0.007015199234335798,0.013808800738738069,-0.0073444106741899,0.0001844136589812267,0.09662200356815336,-0.02109842051997333,0.021578138746211672,0.006205404935233256,-0.031523242857421675,-0.02768849695417501,-0.055303777402324984,0.0,-0.0019281428769359944,0.0022293491166154836,0.0013686774652879,0.0003269473338760669,-0.03852811550220333,0.018916772277330175,-0.03710921463813166,-0.010004233573246531,-0.006169320530651112,-0.004110640363847617,-0.0015107590820681305,0.0028329577039981502,0.001473079403650675,-3.0273307725683263e-05,0.0013506736751025998,-0.00796527607469995,-0.0019281428769359944,-0.0022293491166154836,-0.05062048861837667,0.0,0.9997353858728167
0.4499999999999995,0.0015575749776643832,0.0,0.00023768167005948346,-4.155954134906651e-05,-0.00102872739081335,0.0005170737890518671,-0.0007795336534922169,0.0021891864494267325,-0.0010047776014859172,-0.0006326968072842333,-0.0007324017419202668,0.000763458669949467,0.00011899996914108308,0.00019045953522472085,-0.00037240337234567983,0.0007054083369349168,-0.0007810840425675334,0.0011543691215816672,0.00023768167005948346,4.155954134906651e-05,0.19652502523698331,0.0,0.2917536673151167,0.0028770036361026327,0.026176516182877,0.027265482530727657,0.025544998135553335,-0.010872180234053917,-0.00021658821406804997,-0.0051944584292365325,0.009051606142829235,0.0026949271267218823,-0.0009106489224653833,-0.015322781611914998,-0.03844218660037667,-0.01907039036921066,-0.00102872739081335,-0.0005170737890518671,0.2917536673151167,-0.0028770036361026327,0.46453814152943335,0.0,0.008122981178795634,0.05276146216882501,0.020099858809468796,-0.014006400741591134,-0.00458283920310591,-0.008716668886161369,-0.012509989085967458,0.012905233902969283,0.007096076834944103,-0.014003307364787233,-0.03716948776908666,0.009685968062822316,-0.0007795336534922169,-0.0021891864494267325,0.026176516182877,-0.027265482530727657,0.008122981178795634,-0.05276146216882501,0.4917695209484833,0.0,0.09496646865713164,0.019515943607566734,0.008716277548095768,0.0007917276838018332,0.010570772267143166,0.007101116889151336,-0.00738968914823255,-4.452347199861671e-05,-0.006186891311234529,0.0040491737661291225,-0.0010047776014859172,0.0006326968072842333,0.025544998135553335,0.010872180234053917,0.020099858809468796,0.014006400741591134,0.09496646865713164,-0.019515943607566734,0.11296286537617338,0.0,0.058534795738908345,0.007890711996400115,0.015151163346458807,-0.012869967929691162,0.09660775327759834,0.021104419419801675,-0.00145006787091875,-0.002910564715934787,-0.0007324017419202668,-0.000763458669949467,-0.00021658821406804997,0.0051944584292365325,-0.00458283920310591,0.008716668886161369,0.008716277548095768,-0.0007917276838018332,0.058534795738908345,-0.007890711996400115,-0.14288060634566666,0.0,-0.09153231376166167,0.0007779228336998432,0.02156393046895166,-0.006177782197447153,0.001455259943483017,4.021969874330019e-05,0.00011899996914108308,-0.00019045953522472085,0.009051606142829235,-0.0026949271267218823,-0.012509989085967458,-0.012905233902969283,0.010570772267143166,-0.007101116889151336,0.015151163346458807,0.012869967929691162,-0.09153231376166167,-0.0007779228336998432,-0.01841681384091032,0.0,-0.03159970491534332,0.027690379143145004,0.001429914854035121,0.007908295521457583,-0.00037240337234567983,-0.0007054083369349168,-0.0009106489224653833,0.015322781611914998,0.007096076834944103,0.014003307364787233,-0.00738968914823255,4.452347199861671e-05,0.09660775327759834,-0.021104419419801675,0.02156393046895166,0.006177782197447153,-0.03159970491534332,-0.027690379143145004,-0.05542641169660333,0.0,-0.0018997200852209665,0.0022964685085973746,-0.0007810840425675334,-0.0011543691215816672,-0.03844218660037667,0.01907039036921066,-0.03716948776908666,-0.009685968062822316,-0.006186891311234529,-0.0040491737661291225,-0.00145006787091875,0.002910564715934787,0.001455259943483017,-4.021969874330019e-05,0.001429914854035121,-0.007908295521457583,-0.0018997200852209665,-0.0022964685085973746,-0.05089409388777166,0.0,0.999735202297883
0.4510000000000003,0.0015573914155504996,0.0,-0.00011715097185751004,0.0001697837162620334,0.0003704405017890328,-0.0011412241053961668,-0.001124294136443333,-0.002035460881288247,0.001075937027016107,-0.00026885273180941665,2.360494415414981e-06,-0.0010666618070897663,-0.00022223281881023302,-6.751226387097805e-05,-0.00023476868853551685,-0.0008236203217440837,-0.0001888812426940332,-0.0013503750214968497,-0.00011715097185751004,-0.0001697837162620334,0.19676665399434992,0.0,0.29177842003023335,0.0017879315830151004,0.0260991058563575,0.026957848788059492,0.025507652047984674,-0.010814014445571885,-0.0002293230265304834,-0.005090819677516589,0.009094980841949069,0.002522718719950496,-0.0008752339665855668,-0.015381476769496638,-0.038340267606479995,-0.01917503464065786,0.0003704405017890328,0.0011412241053961668,0.29177842003023335,-0.0017879315830151004,0.4638396560446332,0.0,0.007920034531615416,0.052844887349259996,0.019937370098488463,-0.013988825496171317,-0.004691427865547717,-0.008619819310134754,-0.012561964750356829,0.012883623328847961,0.0071461594031444866,-0.014148361605420863,-0.037177336709378325,0.009412583562447526,-0.001124294136443333,0.002035460881288247,0.0260991058563575,-0.026957848788059492,0.007920034531615416,-0.052844887349259996,0.49287919345301673,0.0,0.09532396585024834,0.019428427931567523,0.008776687062288336,0.0010341661600491024,0.010624732570650249,0.006981145292409999,-0.007458544560787784,0.0001051992339117331,-0.006135007777692551,0.003958249800456397,0.001075937027016107,0.00026885273180941665,0.025507652047984674,0.010814014445571885,0.019937370098488463,0.013988825496171317,0.09532396585024834,-0.019428427931567523,0.11313608663249171,0.0,0.05856571336967167,0.00791931169784567,0.01517211483490769,-0.0128758824788996,0.09662418206003334,0.02111434938179567,-0.0013705501605354832,-0.0029924983549020167,2.360494415414981e-06,0.0010666618070897663,-0.0002293230265304834,0.005090819677516589,-0.004691427865547717,0.008619819310134754,0.008776687062288336,-0.0010341661600491024,0.05856571336967167,-0.00791931169784567,-0.14313425364366664,0.0,-0.09143323801505333,0.0007397109068067989,0.021540748480285,-0.0061538573355552914,0.0014671885941953298,3.841072809297021e-05,-0.00022223281881023302,6.751226387097805e-05,0.009094980841949069,-0.002522718719950496,-0.012561964750356829,-0.012883623328847961,0.010624732570650249,-0.006981145292409999,0.01517211483490769,0.0128758824788996,-0.09143323801505333,-0.0007397109068067989,-0.018590539347419166,0.0,-0.03165573689786833,0.027719486477259993,0.0015146214714099996,0.007836288843121132,-0.00023476868853551685,0.0008236203217440837,-0.0008752339665855668,0.015381476769496638,0.0071461594031444866,0.014148361605420863,-0.007458544560787784,-0.0001051992339117331,0.09662418206003334,-0.02111434938179567,0.021540748480285,0.0061538573355552914,-0.03165573689786833,-0.027719486477259993,-0.05554871714760167,0.0,-0.001866836943904961,0.002356072213194968,-0.0001888812426940332,0.0013503750214968497,-0.038340267606479995,0.01917503464065786,-0.037177336709378325,-0.009412583562447526,-0.006135007777692551,-0.003958249800456397,-0.0013705501605354832,0.0029924983549020167,0.0014671885941953298,-3.841072809297021e-05,0.0015146214714099996,-0.007836288843121132,-0.001866836943904961,-0.002356072213194968,-0.05117045267275333,0.0,0.9997350187284497
0.45200000000000073,0.0015572078631121001,0.0,-5.8159267697214876e-05,-0.00018679148567700838,0.0005805332672729682,0.0011041532203137497,0.0022729404027084003,0.0005121250375145283,-0.0005072214504392003,0.0008964193787491547,0.0007332146362601332,0.00079187228521155,0.0002049768718695679,-9.322938336018326e-05,0.0007791480735841334,0.000468833159904557,0.0009949240874903157,0.0008487297341674166,-5.8159267697214876e-05,0.00018679148567700838,0.19696949400950003,0.0,0.29179273376973325,0.0007476205027474665,0.0259907708535695,0.0266797276728235,0.025467438004222173,-0.01076128027562408,-0.00027092345361363836,-0.004987459095774547,0.009147464894993023,0.002365301151244935,-0.0008190683870116165,-0.015456782759834932,-0.03823868542550667,-0.019251667277286326,0.0005805332672729682,-0.0011041532203137497,0.29179273376973325,-0.0007476205027474665,0.46318047952635005,0.0,0.007693886863669201,0.05295328228411667,0.019772721194734864,-0.013934733671312942,-0.004793015580111116,-0.008563983975552681,-0.012615435514338113,0.012851795960440669,0.007223995333229249,-0.014281648487281534,-0.037176911328191675,0.009174588591585101,0.0022729404027084003,-0.0005121250375145283,0.0259907708535695,-0.0266797276728235,0.007693886863669201,-0.05295328228411667,0.49398796255311667,0.0,0.09564612400981165,0.01941886498985089,0.008782247610714134,0.0012916964085840084,0.010671028953049866,0.00683678503153525,-0.007530134381831366,0.00021551044881583292,-0.0060457875982556,0.003850392967179118,-0.0005072214504392003,-0.0008964193787491547,0.025467438004222173,0.01076128027562408,0.019772721194734864,0.013934733671312942,0.09564612400981165,-0.01941886498985089,0.11331106866212497,0.0,0.05856642091377503,0.007966883275806868,0.015199293239192935,-0.012849725304773418,0.09663739626941165,0.02110042486798134,-0.0012978680721330005,-0.00305530884550217,0.0007332146362601332,-0.00079187228521155,-0.00027092345361363836,0.004987459095774547,-0.004793015580111116,0.008563983975552681,0.008782247610714134,-0.0012916964085840084,0.05856642091377503,-0.007966883275806868,-0.14338752855575002,0.0,-0.09133818108525,0.0007227399663759502,0.021506259655921667,-0.006142519645544053,0.0014840491203420994,2.376356810128317e-05,0.0002049768718695679,9.322938336018326e-05,0.009147464894993023,-0.002365301151244935,-0.012615435514338113,-0.012851795960440669,0.010671028953049866,-0.00683678503153525,0.015199293239192935,0.012849725304773418,-0.09133818108525,-0.0007227399663759502,-0.01876487187343717,0.0,-0.03169281225301166,0.027744029426174998,0.001612484488504968,0.007776686259544552,0.0007791480735841334,-0.000468833159904557,-0.0008190683870116165,0.015456782759834932,0.007223995333229249,0.014281648487281534,-0.007530134381831366,-0.00021551044881583292,0.09663739626941165,-0.02110042486798134,0.021506259655921667,0.006142519645544053,-0.03169281225301166,-0.027744029426174998,-0.05567018821366164,0.0,-0.00184259385485764,0.0024182753452112824,0.0009949240874903157,-0.0008487297341674166,-0.03823868542550667,0.019251667277286326,-0.037176911328191675,-0.009174588591585101,-0.0060457875982556,-0.003850392967179118,-0.0012978680721330005,0.00305530884550217,0.0014840491203420994,-2.376356810128317e-05,0.001612484488504968,-0.007776686259544552,-0.00184259385485764,-0.0024182753452112824,-0.05144878880231166,0.0,0.9997348351689833
0.4529999999999996,0.0015570243098093504,0.0,0.00017824804329231328,9.797334066216678e-05,-0.0012379685937198993,-0.000325404223049867,-0.0018926570419549261,0.0013669442322448498,-0.0002834731607808835,-0.0009237677153488865,-0.001112186870741233,-6.845591842371624e-05,-7.621881428874972e-05,0.00018258148070684991,-0.0009242362910611837,0.00019162832917764982,-0.001260604135630667,1.4993763536033233e-05,0.00017824804329231328,-9.797334066216678e-05,0.1971359515994334,0.0,0.29182263852218326,-0.00022341206352066668,0.025863074560198,0.026397487111654502,0.025413313155744837,-0.010717852029553646,-0.00034301506135856673,-0.004874639897100351,0.009209641770453048,0.002210900165862713,-0.0007373071659622818,-0.015533356250313431,-0.038146611676061655,-0.019361852124954247,-0.0012379685937198993,0.000325404223049867,0.29182263852218326,0.00022341206352066668,0.4625579111163833,0.0,0.007468582614657132,0.05307378524407501,0.019608547813941012,-0.013889722196639694,-0.00488836816655015,-0.008531087230071833,-0.012657614316664952,0.012848436123328965,0.00736463649628239,-0.01441535910849708,-0.03718783870472333,0.008907107277608267,-0.0018926570419549261,-0.0013669442322448498,0.025863074560198,-0.026397487111654502,0.007468582614657132,-0.05307378524407501,0.49509662827298345,0.0,0.09597337527077664,0.019379473430095658,0.008792531242888901,0.001562521615074967,0.010736913833268448,0.006669540928611933,-0.007595846144832333,0.0002759039170365674,-0.006010566900160418,0.0037545498345518224,-0.0002834731607808835,0.0009237677153488865,0.025413313155744837,0.010717852029553646,0.019608547813941012,0.013889722196639694,0.09597337527077664,-0.019379473430095658,0.11348745688835667,0.0,0.05856612331049668,0.008037060244002888,0.015226904376350428,-0.012831033730346266,0.09664156349445001,0.021069772493103673,-0.0012472389440867013,-0.003110233071697496,-0.001112186870741233,6.845591842371624e-05,-0.00034301506135856673,0.004874639897100351,-0.00488836816655015,0.008531087230071833,0.008792531242888901,-0.001562521615074967,0.05856612331049668,-0.008037060244002888,-0.14364200237875002,0.0,-0.0912688831165384,0.0007302341378570886,0.021486757774150003,-0.006128499044976357,0.00147307211352666,2.463124358426666e-05,-7.621881428874972e-05,-0.00018258148070684991,0.009209641770453048,-0.002210900165862713,-0.012657614316664952,-0.012848436123328965,0.010736913833268448,-0.006669540928611933,0.015226904376350428,0.012831033730346266,-0.0912688831165384,-0.0007302341378570886,-0.018938622843689672,0.0,-0.031743288677026665,0.027748214946368664,0.0017133070508899085,0.007742364926996985,-0.0009242362910611837,-0.00019162832917764982,-0.0007373071659622818,0.015533356250313431,0.00736463649628239,0.01441535910849708,-0.007595846144832333,-0.0002759039170365674,0.09664156349445001,-0.021069772493103673,0.021486757774150003,0.006128499044976357,-0.031743288677026665,-0.027748214946368664,-0.05579041215001333,0.0,-0.0018378865344715828,0.0024931550948633996,-0.001260604135630667,-1.4993763536033233e-05,-0.038146611676061655,0.019361852124954247,-0.03718783870472333,-0.008907107277608267,-0.006010566900160418,-0.0037545498345518224,-0.0012472389440867013,0.003110233071697496,0.00147307211352666,-2.463124358426666e-05,0.0017133070508899085,-0.007742364926996985,-0.0018378865344715828,-0.0024931550948633996,-0.05172928320584501,0.0,0.9997346516086002
0.4540000000000004,0.0015568407465686835,0.0,-0.00019536954624367982,2.1519901069499883e-05,0.0011032041890783597,-0.0007323990383098166,0.00022833223324578348,-0.0023234042495380567,0.0008163604648653169,0.00041594409043575,0.0008761531534089788,-0.0007571188175165167,-5.344726080783353e-05,-0.00016846639258890356,0.0005593349857862633,-0.0007906823875667501,0.0009324197712538418,-0.0008317737783995276,-0.00019536954624367982,-2.1519901069499883e-05,0.1972687174364,0.0,0.29184714775451664,-0.0011548296759594995,0.025731416240874674,0.026114346449032835,0.025357003626324162,-0.010677852091010702,-0.00040535014748109994,-0.0047683108682444715,0.009264946302416024,0.0020408097584396993,-0.0006471816491919834,-0.015590473274042733,-0.038054563546561684,-0.019506103478667332,0.0011032041890783597,0.0007323990383098166,0.29184714775451664,0.0011548296759594995,0.46196991698685,0.0,0.007247221066034118,0.05317793066150167,0.019438718912086823,-0.01387677587986647,-0.004995136949244984,-0.008519361412604004,-0.012678905655088269,0.0128743008767499,0.0075237740253360184,-0.014519828206685483,-0.037180417939046674,0.008605687039558664,0.00022833223324578348,0.0023234042495380567,0.025731416240874674,-0.026114346449032835,0.007247221066034118,-0.05317793066150167,0.4962039613100335,0.0,0.09634251766915004,0.01928702510316133,0.008793394409430848,0.00183053832857355,0.010824472685204799,0.006525100156514669,-0.007666195587924851,0.00032168348917371663,-0.0060268279757777765,0.003678627683203568,0.0008163604648653169,-0.00041594409043575,0.025357003626324162,0.010677852091010702,0.019438718912086823,0.01387677587986647,0.09634251766915004,-0.01928702510316133,0.11366640776364666,0.0,0.05857565555961999,0.00810014267314295,0.015228511103849178,-0.012838995811154713,0.09665220889796164,0.021046198727262495,-0.0011905317252564364,-0.003181128895970649,0.0008761531534089788,0.0007571188175165167,-0.00040535014748109994,0.0047683108682444715,-0.004995136949244984,0.008519361412604004,0.008793394409430848,-0.00183053832857355,0.05857565555961999,-0.00810014267314295,-0.14389824303851667,0.0,-0.09121836662839836,0.0007301626096099122,0.02149889406659167,-0.006100209007635125,0.0014441646838157394,5.4760039712666685e-05,-5.344726080783353e-05,0.00016846639258890356,0.009264946302416024,-0.0020408097584396993,-0.012678905655088269,-0.0128743008767499,0.010824472685204799,-0.006525100156514669,0.015228511103849178,0.012838995811154713,-0.09121836662839836,-0.0007301626096099122,-0.019110868733627166,0.0,-0.03181434154495499,0.027740406894056168,0.0018003108729488172,0.0077070498569065315,0.0005593349857862633,0.0007906823875667501,-0.0006471816491919834,0.015590473274042733,0.0075237740253360184,0.014519828206685483,-0.007666195587924851,-0.00032168348917371663,0.09665220889796164,-0.021046198727262495,0.02149889406659167,0.006100209007635125,-0.03181434154495499,-0.027740406894056168,-0.05590956958527331,0.0,-0.0018418516131143662,0.0025683418217880404,0.0009324197712538418,0.0008317737783995276,-0.038054563546561684,0.019506103478667332,-0.037180417939046674,-0.008605687039558664,-0.0060268279757777765,-0.003678627683203568,-0.0011905317252564364,0.003181128895970649,0.0014441646838157394,-5.4760039712666685e-05,0.0018003108729488172,-0.0077070498569065315,-0.0018418516131143662,-0.0025683418217880404,-0.052012694847478315,0.0,0.9997344680385504
0.4549999999999993,0.00155665718910795,0.0,0.000126649364780913,-0.0001129169199694501,-0.00022132837085815017,0.0013778944020606337,0.001576738290918716,0.0017139103419430166,-0.0008147525964399001,0.00027052782120712157,-0.00011170181226568339,0.0011799880078342505,0.00014021647873386337,0.00010629707532556675,0.0001382769085391667,0.000991588411182133,-0.00015352335023568342,0.0012452705054088174,0.000126649364780913,0.0001129169199694501,0.19736889041716665,0.0,0.2918657477298,-0.0020622409093252665,0.025602312122648165,0.025868543178283333,0.02532187639009367,-0.01063720282718597,-0.00044659094775407164,-0.004682046652037051,0.009304823919003133,0.0018662892290296168,-0.0005602745446073502,-0.015642310077256503,-0.037961013025264986,-0.019628362144038417,-0.00022132837085815017,-0.0013778944020606337,0.2918657477298,0.0020622409093252665,0.46141573494201676,0.0,0.007027319953830065,0.05325701882400335,0.019276411432208488,-0.013861200226903021,-0.005099387131417434,-0.008535727769464216,-0.01267741662317141,0.012889951892305374,0.00764804705969008,-0.014589386960881785,-0.03715378764214165,0.008334085149178851,0.001576738290918716,-0.0017139103419430166,0.025602312122648165,-0.025868543178283333,0.007027319953830065,-0.05325701882400335,0.4973096045245667,0.0,0.09672248947125997,0.019235598156111332,0.008730948338566278,0.0020661688929190674,0.010913842925063233,0.006422709985643169,-0.007741156539588501,0.0003753563340327498,-0.006000380049845397,0.003624165582298946,-0.0008147525964399001,-0.00027052782120712157,0.02532187639009367,0.01063720282718597,0.019276411432208488,0.013861200226903021,0.09672248947125997,-0.019235598156111332,0.113847822894955,0.0,0.05857658711963332,0.00814494673693132,0.015202517413528398,-0.012845133471860316,0.09668101081785334,0.021027994560585333,-0.0010948325354066999,-0.003255335878576451,-0.00011170181226568339,-0.0011799880078342505,-0.00044659094775407164,0.004682046652037051,-0.005099387131417434,0.008535727769464216,0.008730948338566278,-0.0020661688929190674,0.05857658711963332,-0.00814494673693132,-0.1441552714145833,0.0,-0.09117146016502328,0.000708326161841233,0.021525250674536676,-0.006071096583033794,0.0014286831921181665,9.512788735915013e-05,0.00014021647873386337,-0.00010629707532556675,0.009304823919003133,-0.0018662892290296168,-0.01267741662317141,-0.012889951892305374,0.010913842925063233,-0.006422709985643169,0.015202517413528398,0.012845133471860316,-0.09117146016502328,-0.000708326161841233,-0.019282152089649993,0.0,-0.031879885397178336,0.02772880208792084,0.0018722142301255467,0.00764788357306825,0.0001382769085391667,-0.000991588411182133,-0.0005602745446073502,0.015642310077256503,0.00764804705969008,0.014589386960881785,-0.007741156539588501,-0.0003753563340327498,0.09668101081785334,-0.021027994560585333,0.021525250674536676,0.006071096583033794,-0.031879885397178336,-0.02772880208792084,-0.056028033317521674,0.0,-0.0018352422254153497,0.0026253767904687313,-0.00015352335023568342,-0.0012452705054088174,-0.037961013025264986,0.019628362144038417,-0.03715378764214165,-0.008334085149178851,-0.006000380049845397,-0.003624165582298946,-0.0010948325354066999,0.003255335878576451,0.0014286831921181665,-9.512788735915013e-05,0.0018722142301255467,-0.00764788357306825,-0.0018352422254153497,-0.0026253767904687313,-0.05229896867205166,0.0,0.9997342844739499
0.45599999999999974,0.0015564736466153,0.0,-1.3603480240099895e-05,0.0001417118772596999,-0.0008973307416066567,-0.0011662685779014331,-0.0023254529786937003,2.1938900240564842e-05,0.0003427636303585616,-0.0007034915305810836,-0.0007301309897465,-0.0009489670112741831,-0.00017377376158382994,-1.0447801680199874e-05,-0.0008120255028560382,-0.0006572912436679333,-0.0007029650518989334,-0.0010286617975826216,-1.3603480240099895e-05,-0.0001417118772596999,0.19743716615008333,0.0,0.29189303707441666,-0.0029212453067870995,0.02546154831144261,0.025674274835587842,0.0253021168082165,-0.010597004176958184,-0.000502188885935483,-0.004600816522156014,0.009333264043311649,0.0017133707976085507,-0.0004618823323970503,-0.015718050959873584,-0.03786844993737834,-0.01971549262877883,-0.0008973307416066567,0.0011662685779014331,0.29189303707441666,0.0029212453067870995,0.46089421547245013,0.0,0.006832843811855266,0.05331917950357167,0.019147564209006988,-0.013811716558546162,-0.005163733037736065,-0.008566620229093299,-0.012659915634893631,0.012877640065613495,0.007762370407059878,-0.01466350591526103,-0.03715278757157667,0.008113130848709755,-0.0023254529786937003,-2.1938900240564842e-05,0.02546154831144261,-0.025674274835587842,0.006832843811855266,-0.05331917950357167,0.49841515347468335,0.0,0.0970619655743017,0.019269220218410002,0.00860769820041581,0.0022691553290025684,0.011000188128229003,0.006326341785194948,-0.007797017766382101,0.0004251535374272268,-0.0059029090794553984,0.0035907822765469505,0.0003427636303585616,0.0007034915305810836,0.0253021168082165,0.010597004176958184,0.019147564209006988,0.013811716558546162,0.0970619655743017,-0.019269220218410002,0.11402983758805167,0.0,0.058558757774638336,0.008196835143937983,0.015174849800465968,-0.01282349903613215,0.09671623629921669,0.020986404114703323,-0.0009734654246718336,-0.0032946078785990453,-0.0007301309897465,0.0009489670112741831,-0.000502188885935483,0.004600816522156014,-0.005163733037736065,0.008566620229093299,0.00860769820041581,-0.0022691553290025684,0.058558757774638336,-0.008196835143937983,-0.14441256173413333,0.0,-0.09112571039000501,0.0006900801727210716,0.021538576085193342,-0.006055337655219959,0.0014275030900714998,0.00012351739263303325,-0.00017377376158382994,1.0447801680199874e-05,0.009333264043311649,-0.0017133707976085507,-0.012659915634893631,-0.012877640065613495,0.011000188128229003,-0.006326341785194948,0.015174849800465968,0.01282349903613215,-0.09112571039000501,-0.0006900801727210716,-0.01945318558035617,0.0,-0.03192809030474667,0.027700533947642002,0.001943144264749417,0.00758619069787825,-0.0008120255028560382,0.0006572912436679333,-0.0004618823323970503,0.015718050959873584,0.007762370407059878,0.01466350591526103,-0.007797017766382101,-0.0004251535374272268,0.09671623629921669,-0.020986404114703323,0.021538576085193342,0.006055337655219959,-0.03192809030474667,-0.027700533947642002,-0.05614568883124333,0.0,-0.0018157216582319715,0.0026678791084947164,-0.0007029650518989334,0.0010286617975826216,-0.03786844993737834,0.01971549262877883,-0.03715278757157667,-0.008113130848709755,-0.0059029090794553984,-0.0035907822765469505,-0.0009734654246718336,0.0032946078785990453,0.0014275030900714998,-0.00012351739263303325,0.001943144264749417,-0.00758619069787825,-0.0018157216582319715,-0.0026678791084947164,-0.05258730926180166,0.0,0.9997341009242332
0.4570000000000005,0.001556290112015933,0.0,-8.482475890538325e-05,-0.00010856081144292581,0.0015246498100408667,0.00012124587589944543,0.0015437312509169504,-0.0017440818933068005,0.0002454862048003164,0.0006567833155868753,0.0012007378535922653,0.0001885427778260666,0.0001354523597393784,-7.120646793210648e-05,0.0010818952086443271,-7.526413715671683e-05,0.0011940260573121918,0.0003032947016684115,-8.482475890538325e-05,0.00010856081144292581,0.19747528825024993,0.0,0.29191994011753325,-0.003729562854654616,0.025297005464637718,0.025504136790324837,0.025270908615530673,-0.010555262380141971,-0.0005843973467299665,-0.0044950311893965506,0.00935042343646826,0.001580563582510084,-0.0003371817061321498,-0.015813459352858005,-0.037764112100151674,-0.019817467170052505,0.0015246498100408667,-0.00012124587589944543,0.29191994011753325,0.003729562854654616,0.4604034764651333,0.0,0.006700067258145082,0.05336382519732666,0.01905523179938904,-0.013753356220364835,-0.0051780781869633676,-0.008576616458708953,-0.012639758914254205,0.01286124265002778,0.007926671597225949,-0.014766963480915033,-0.03719523092554833,0.007886928529787071,0.0015437312509169504,0.0017440818933068005,0.025297005464637718,-0.025504136790324837,0.006700067258145082,-0.05336382519732666,0.4995217062874833,0.0,0.09738779089244,0.01931560621193384,0.008480838260755703,0.0024770218258910732,0.011101834663561497,0.006209790873524235,-0.007824767193822631,0.00045697000945063386,-0.005822104844162948,0.003561195797184167,0.0002454862048003164,-0.0006567833155868753,0.025270908615530673,0.010555262380141971,0.01905523179938904,0.013753356220364835,0.09738779089244,-0.01931560621193384,0.11421116916621,0.0,0.05854308661920664,0.008278808310328612,0.015165580848376048,-0.012799301799782637,0.09674148839338671,0.020910373567045504,-0.0008616418237209166,-0.00329423674504974,0.0012007378535922653,-0.0001885427778260666,-0.0005843973467299665,0.0044950311893965506,-0.0051780781869633676,0.008576616458708953,0.008480838260755703,-0.0024770218258910732,0.05854308661920664,-0.008278808310328612,-0.14467115620280005,0.0,-0.09108857550316164,0.0006947872743175684,0.021543219208283337,-0.006043884041848234,0.0014081791725550276,0.00014218290869502323,0.0001354523597393784,7.120646793210648e-05,0.00935042343646826,-0.001580563582510084,-0.012639758914254205,-0.01286124265002778,0.011101834663561497,-0.006209790873524235,0.015165580848376048,0.012799301799782637,-0.09108857550316164,-0.0006947872743175684,-0.019623339450302167,0.0,-0.03198187227666165,0.027643728820498,0.0020181421617365327,0.007555029265941967,0.0010818952086443271,7.526413715671683e-05,-0.0003371817061321498,0.015813459352858005,0.007926671597225949,0.014766963480915033,-0.007824767193822631,-0.00045697000945063386,0.09674148839338671,-0.020910373567045504,0.021543219208283337,0.006043884041848234,-0.03198187227666165,-0.027643728820498,-0.05626198832347833,0.0,-0.001800021873848295,0.0027165326752857,0.0011940260573121918,-0.0003032947016684115,-0.037764112100151674,0.019817467170052505,-0.03719523092554833,-0.007886928529787071,-0.005822104844162948,-0.003561195797184167,-0.0008616418237209166,0.00329423674504974,0.0014081791725550276,-0.00014218290869502323,0.0020181421617365327,-0.007555029265941967,-0.001800021873848295,-0.0027165326752857,-0.05287752892179001,0.0,0.9997339173828167
0.4579999999999994,0.0015561065654413162,0.0,0.00013761492479772995,4.696637218062678e-05,-0.0011263505587987338,0.0011157336487213336,0.0002644216294057352,0.0023179778579134292,-0.0005798520900066967,-0.0002432146481814068,-0.001008134117344864,0.0007277339764811299,-8.078356951469799e-05,0.00011088104630284503,-0.0007525863742796,0.0008187200328773499,-0.0011035297551739336,0.0005697581458084998,0.00013761492479772995,-4.696637218062678e-05,0.19748466796180003,0.0,0.2919485040383833,-0.004543628538708863,0.025125903795278168,0.02532885666301483,0.025225283983929668,-0.010509717933229187,-0.0006480971214627385,-0.004360583838442186,0.009350019057408747,0.0014434989405544666,-0.00019809199718841695,-0.015900383723541998,-0.03763699638156333,-0.019960061203912163,-0.0011263505587987338,-0.0011157336487213336,0.2919485040383833,0.004543628538708863,0.4599429161677167,0.0,0.006628697858148723,0.05337376248168666,0.018976068575469667,-0.01372064528540217,-0.005167078291345666,-0.008546515382989669,-0.012629136494922111,0.012858133975684381,0.008127637048267118,-0.01487799398881232,-0.03724571143007834,0.0076132093193790155,0.0002644216294057352,-0.0023179778579134292,0.025125903795278168,-0.02532885666301483,0.006628697858148723,-0.05337376248168666,0.5006284754418499,0.0,0.097779225985205,0.01932015062038984,0.008375055580569224,0.0027039762488497844,0.011222123505182167,0.006098768059506024,-0.007858238032300225,0.0004892896646975338,-0.005816837177429966,0.0035197525437662674,-0.0005798520900066967,0.0002432146481814068,0.025225283983929668,0.010509717933229187,0.018976068575469667,0.01372064528540217,0.097779225985205,-0.01932015062038984,0.11439223855551,0.0,0.058555875307533325,0.008372844758785447,0.015168324953209637,-0.012818198022962702,0.09676863564665997,0.020826317426417332,-0.0007592439515685333,-0.0032852237606408774,-0.001008134117344864,-0.0007277339764811299,-0.0006480971214627385,0.004360583838442186,-0.005167078291345666,0.008546515382989669,0.008375055580569224,-0.0027039762488497844,0.058555875307533325,-0.008372844758785447,-0.14493210626236663,0.0,-0.09106577390881,0.0007012262220062835,0.02156503487409167,-0.006020358379599818,0.0013624281853040552,0.0001686214738535115,-8.078356951469799e-05,-0.00011088104630284503,0.009350019057408747,-0.0014434989405544666,-0.012629136494922111,-0.012858133975684381,0.011222123505182167,-0.006098768059506024,0.015168324953209637,0.012818198022962702,-0.09106577390881,-0.0007012262220062835,-0.019791522203067666,0.0,-0.032062208554416674,0.02757803100201583,0.0020882372174468498,0.007552608822653501,-0.0007525863742796,-0.0008187200328773499,-0.00019809199718841695,0.015900383723541998,0.008127637048267118,0.01487799398881232,-0.007858238032300225,-0.0004892896646975338,0.09676863564665997,-0.020826317426417332,0.02156503487409167,0.006020358379599818,-0.032062208554416674,-0.02757803100201583,-0.056376625178139995,0.0,-0.0017945755522835204,0.0027772083813666997,-0.0011035297551739336,-0.0005697581458084998,-0.03763699638156333,0.019960061203912163,-0.03724571143007834,-0.0076132093193790155,-0.005816837177429966,-0.0035197525437662674,-0.0007592439515685333,0.0032852237606408774,0.0013624281853040552,-0.0001686214738535115,0.0020882372174468498,-0.007552608822653501,-0.0017945755522835204,-0.0027772083813666997,-0.05317041721964167,0.0,0.9997337338291333
0.4589999999999997,0.0015559230075602836,0.0,-0.00014322882219832488,2.3633301109356303e-05,-0.00010619186765085005,-0.0016633381080352475,-0.0018888967446781164,-0.0013576063466201336,0.0005136185751539499,-0.0002232097864229585,0.0002027254829830845,-0.0012458131403202007,1.5430243863099896e-05,-0.00014966023977322807,-3.289460244100005e-05,-0.00113453121628511,0.0004514305002103668,-0.0011858090605583297,-0.00014322882219832488,-2.3633301109356303e-05,0.19746415621836672,0.0,0.2919483586937665,-0.005421194672083569,0.024966700223585665,0.02514980027269066,0.025184341950219173,-0.010464942156738388,-0.0006582677161171834,-0.004219490896020294,0.009330588892074705,0.001293256261202883,-7.190711914428668e-05,-0.015964216418652463,-0.03749537417833667,-0.020092357160058985,-0.00010619186765085005,0.0016633381080352475,0.2919483586937665,0.005421194672083569,0.4595145603866001,0.0,0.0065754382494353026,0.053336581340826666,0.018889345565384994,-0.0136902758714075,-0.005144104220235051,-0.008485954759336082,-0.012629860689854862,0.012845115937946587,0.008290279718507017,-0.014963703936516599,-0.03727346851235999,0.007323362577681551,-0.0018888967446781164,0.0013576063466201336,0.024966700223585665,-0.02514980027269066,0.0065754382494353026,-0.053336581340826666,0.5017344534642001,0.0,0.09822021718579332,0.019333563571513872,0.008257506655691449,0.0029108728333402676,0.0113289509287422,0.006020189879451832,-0.007932834799119512,0.000546883313384201,-0.005825366021116384,0.003488006149818967,0.0005136185751539499,0.0002232097864229585,0.025184341950219173,0.010464942156738388,0.018889345565384994,0.0136902758714075,0.09822021718579332,-0.019333563571513872,0.11457307710486832,0.0,0.05857434549390166,0.00843483980274785,0.015169082852182032,-0.012873179714450919,0.09679653836456333,0.020752745705130828,-0.0006397622071347301,-0.0032778690694409687,0.0002027254829830845,0.0012458131403202007,-0.0006582677161171834,0.004219490896020294,-0.005144104220235051,0.008485954759336082,0.008257506655691449,-0.0029108728333402676,0.05857434549390166,-0.00843483980274785,-0.14519457351066672,0.0,-0.09102564777390997,0.0006803346855266668,0.021601153326748335,-0.005984842604487734,0.0013246204667725935,0.00020664612877539492,1.5430243863099896e-05,0.00014966023977322807,0.009330588892074705,-0.001293256261202883,-0.012629860689854862,-0.012845115937946587,0.0113289509287422,-0.006020189879451832,0.015169082852182032,0.012873179714450919,-0.09102564777390997,-0.0006803346855266668,-0.019957960479244842,0.0,-0.03214661804422834,0.027531438197597662,0.002148254855853457,0.007547719274446757,-3.289460244100005e-05,0.00113453121628511,-7.190711914428668e-05,0.015964216418652463,0.008290279718507017,0.014963703936516599,-0.007932834799119512,-0.000546883313384201,0.09679653836456333,-0.020752745705130828,0.021601153326748335,0.005984842604487734,-0.03214661804422834,-0.027531438197597662,-0.05648966051876332,0.0,-0.00178537947744635,0.0028365738203220327,0.0004514305002103668,0.0011858090605583297,-0.03749537417833667,0.020092357160058985,-0.03727346851235999,-0.007323362577681551,-0.005825366021116384,-0.003488006149818967,-0.0006397622071347301,0.0032778690694409687,0.0013246204667725935,-0.00020664612877539492,0.002148254855853457,-0.007547719274446757,-0.00178537947744635,-0.0028365738203220327,-0.05346642540877334,0.0,0.9997335502646835
0.46000000000000063,0.0015557394531203336,0.0,9.318180602479994e-05,-9.169077987356686e-05,0.0013739873508063988,0.0011035432062677833,0.002259074289531351,-0.00046862835207149995,-0.00016960835583181483,0.0004557597938373217,0.0007203745607115667,0.0010368872889449916,9.089479277693331e-05,0.00014991539858613836,0.0008394282179640335,0.0007997884624759801,0.00045771411230775485,0.0011868631596202166,9.318180602479994e-05,9.169077987356686e-05,0.1974107895578,0.0,0.2919578238324666,-0.0063563920637937,0.02481927475646246,0.024992956096350164,0.02515800896484133,-0.010428032403125646,-0.0006529935989183951,-0.004088001032791151,0.009309782724730062,0.0011553034118499833,3.3998273197800044e-05,-0.01602320251283419,-0.03736406130641667,-0.020173101876865995,0.0013739873508063988,-0.0011035432062677833,0.2919578238324666,0.0063563920637937,0.4591212653799832,0.0,0.006501787183862132,0.05327513931646831,0.018805659882348003,-0.013624743475056664,-0.005098025493217366,-0.008414620527886418,-0.012644301850926484,0.012799850961606633,0.00840053888309732,-0.015031661298687353,-0.037303907051958324,0.0070572033815702005,0.002259074289531351,0.00046862835207149995,0.02481927475646246,-0.024992956096350164,0.006501787183862132,-0.05327513931646831,0.5028402555818834,0.0,0.09863864146483832,0.019416207718965794,0.008101981533757716,0.003069990150812833,0.01141032275895643,0.005952257410114249,-0.008036275088881415,0.0006176930415749564,-0.0057748059903396836,0.0034969197435884497,-0.00016960835583181483,-0.0004557597938373217,0.02515800896484133,0.010428032403125646,0.018805659882348003,0.013624743475056664,0.09863864146483832,-0.019416207718965794,0.11475179344252001,0.0,0.05856659338334501,0.008452534585040836,0.015177309614573848,-0.01292072094793255,0.09682901087606664,0.020680614639427834,-0.0005064208004405899,-0.0032541196176342157,0.0007203745607115667,-0.0010368872889449916,-0.0006529935989183951,0.004088001032791151,-0.005098025493217366,0.008414620527886418,0.008101981533757716,-0.003069990150812833,0.05856659338334501,-0.008452534585040836,-0.1454565414362,0.0,-0.09095667657748334,0.0006392897053447001,0.021621058157065002,-0.005955493557889365,0.0013213150097547831,0.00023943086265134177,9.089479277693331e-05,-0.00014991539858613836,0.009309782724730062,-0.0011553034118499833,-0.012644301850926484,-0.012799850961606633,0.01141032275895643,-0.005952257410114249,0.015177309614573848,0.01292072094793255,-0.09095667657748334,-0.0006392897053447001,-0.020123999476829836,0.0,-0.03220965413173834,0.027508752728165168,0.002209326696196952,0.007541556689729551,0.0008394282179640335,-0.0007997884624759801,3.3998273197800044e-05,0.01602320251283419,0.00840053888309732,0.015031661298687353,-0.008036275088881415,-0.0006176930415749564,0.09682901087606664,-0.020680614639427834,0.021621058157065002,0.005955493557889365,-0.03220965413173834,-0.027508752728165168,-0.056601004091115,0.0,-0.00176831265978745,0.0028850583105059177,0.00045771411230775485,-0.0011868631596202166,-0.03736406130641667,0.020173101876865995,-0.037303907051958324,-0.0070572033815702005,-0.0057748059903396836,-0.0034969197435884497,-0.0005064208004405899,0.0032541196176342157,0.0013213150097547831,-0.00023943086265134177,0.002209326696196952,-0.007541556689729551,-0.00176831265978745,-0.0028850583105059177,-0.05376493170844502,0.0,0.9997333667027668
0.46099999999999947,0.0015555559046613336,0.0,9.853499115950049e-06,0.00012682520816549345,-0.0018164606414876354,0.00027126869373861686,-0.0011739206513454831,0.0019563631503407143,-0.00018722214182411679,-0.000373383086429945,-0.0012360002587434337,-0.00025183356801226664,-0.00017812250472113336,-7.642151278008157e-05,-0.0011783027716587358,2.1042882709916527e-05,-0.0011013881459918003,-0.0005659046893507666,9.853499115950049e-06,-0.00012682520816549345,0.19732265569758328,0.0,0.2919747015538,-0.007309919077771626,0.02466204086498466,0.024858511370802826,0.025118925181746167,-0.010395916053478432,-0.0006846187822457335,-0.003952303642054528,0.009302274172355072,0.0010507539287530508,0.00013829170034032826,-0.01608692322554538,-0.03723621012638,-0.020234240327933826,-0.0018164606414876354,-0.00027126869373861686,0.2919747015538,0.007309919077771626,0.4587645433759499,0.0,0.006401870902586096,0.05319966158586502,0.01873038527927838,-0.013542783432048795,-0.0050240457743317675,-0.008332148651093933,-0.012679535796834701,0.012741712501544255,0.008528917562754151,-0.015103137125759235,-0.03734873134615,0.006794667695991585,-0.0011739206513454831,-0.0019563631503407143,0.02466204086498466,-0.024858511370802826,0.006401870902586096,-0.05319966158586502,0.5039470537541333,0.0,0.09900848242844831,0.01953582867067618,0.007921072319596883,0.003212977331561234,0.011496443872618299,0.00585801953771475,-0.008122516611568183,0.000662106749602143,-0.005705761760081452,0.0035179447752101477,-0.00018722214182411679,0.000373383086429945,0.025118925181746167,0.010395916053478432,0.01873038527927838,0.013542783432048795,0.09900848242844831,-0.01953582867067618,0.11492635277307663,0.0,0.05852317319353836,0.008456401946991833,0.015210461815241636,-0.012944642526561585,0.09685288813168334,0.020598130937810665,-0.00039473303728112326,-0.003212275642471367,-0.0012360002587434337,0.00025183356801226664,-0.0006846187822457335,0.003952303642054528,-0.0050240457743317675,0.008332148651093933,0.007921072319596883,-0.003212977331561234,0.05852317319353836,-0.008456401946991833,-0.14571705001219998,0.0,-0.09086995753764006,0.0006060743511095433,0.021611145721248344,-0.0059388789881305686,0.0013315998253045334,0.00025896481867483326,-0.00017812250472113336,7.642151278008157e-05,0.009302274172355072,-0.0010507539287530508,-0.012679535796834701,-0.012741712501544255,0.011496443872618299,-0.00585801953771475,0.015210461815241636,0.012944642526561585,-0.09086995753764006,-0.0006060743511095433,-0.020290244678080833,0.0,-0.03225893289450833,0.02748108121183818,0.0022805748762836837,0.007562131894494099,-0.0011783027716587358,-2.1042882709916527e-05,0.00013829170034032826,0.01608692322554538,0.008528917562754151,0.015103137125759235,-0.008122516611568183,-0.000662106749602143,0.09685288813168334,-0.020598130937810665,0.021611145721248344,0.0059388789881305686,-0.03225893289450833,-0.02748108121183818,-0.05671037129456667,0.0,-0.0017642094589613334,0.002930196928231411,-0.0011013881459918003,0.0005659046893507666,-0.03723621012638,0.020234240327933826,-0.03734873134615,-0.006794667695991585,-0.005705761760081452,-0.0035179447752101477,-0.00039473303728112326,0.003212275642471367,0.0013315998253045334,-0.00025896481867483326,0.0022805748762836837,-0.007562131894494099,-0.0017642094589613334,-0.002930196928231411,-0.05406531237329333,0.0,0.9997331831470999
0.4619999999999998,0.0015553723502849503,0.0,-0.00013706185770991647,-9.703557880139685e-05,0.0010409018240699302,-0.0015641418174271665,-0.0006339786339536365,-0.002160150111364633,0.00035584064984648333,9.87804496153668e-05,0.0010662265475566298,-0.0006975438630563466,0.00021054937508310016,-3.5203697460683176e-05,0.0008269125520626331,-0.000846322743423445,0.0011655265436433494,-0.0003007359586473669,-0.00013706185770991647,9.703557880139685e-05,0.19719955125366673,0.0,0.2920152001992499,-0.00827635434236115,0.024495487217364165,0.024719245406219666,0.025053430398961667,-0.010363978464470734,-0.0007428350022066166,-0.003790821806495371,0.009313055421719616,0.0009648145958320998,0.0002530560953417667,-0.016139685790223495,-0.03708924332364831,-0.020326842550974677,0.0010409018240699302,0.0015641418174271665,0.2920152001992499,0.00827635434236115,0.4584450322075332,0.0,0.006280196787362005,0.05310285527567,0.018646197051314064,-0.01350255796052998,-0.004948654282153551,-0.00823318055114035,-0.012736834293198336,0.012713544417889112,0.008717573929165915,-0.01517515855487315,-0.037373683296474995,0.006498956449786414,-0.0006339786339536365,0.002160150111364633,0.024495487217364165,-0.024719245406219666,0.006280196787362005,-0.05310285527567,0.5050547204488,0.0,0.09940312198330664,0.019629718732721155,0.007737573118624565,0.0033776185482366993,0.011617486449567649,0.005747821965496806,-0.008175961199923214,0.0006618013938086996,-0.005701816034556819,0.0034873507631767073,0.00035584064984648333,-9.87804496153668e-05,0.025053430398961667,0.010363978464470734,0.018646197051314064,0.01350255796052998,0.09940312198330664,-0.019629718732721155,0.11509667359003166,0.0,0.058473901949640014,0.008470930307184448,0.015270604948339499,-0.012980940154514219,0.09687068254503499,0.02052255504988816,-0.0003152361109434283,-0.003179817142349915,0.0010662265475566298,0.0006975438630563466,-0.0007428350022066166,0.003790821806495371,-0.004948654282153551,0.00823318055114035,0.007737573118624565,-0.0033776185482366993,0.058473901949640014,-0.008470930307184448,-0.14597650417699998,0.0,-0.09080276737066668,0.0005806856979765834,0.021601789309968332,-0.005923868227982801,0.0013201233598458997,0.0002782864804746165,0.00021054937508310016,3.5203697460683176e-05,0.009313055421719616,-0.0009648145958320998,-0.012736834293198336,-0.012713544417889112,0.011617486449567649,-0.005747821965496806,0.015270604948339499,0.012980940154514219,-0.09080276737066668,-0.0005806856979765834,-0.020456048142142826,0.0,-0.032326031730973336,0.027435263087402826,0.002354199386252129,0.007613147952176532,0.0008269125520626331,0.000846322743423445,0.0002530560953417667,0.016139685790223495,0.008717573929165915,0.01517515855487315,-0.008175961199923214,-0.0006618013938086996,0.09687068254503499,-0.02052255504988816,0.021601789309968332,0.005923868227982801,-0.032326031730973336,-0.027435263087402826,-0.05681789554578665,0.0,-0.0017917167515401765,0.00297953550655642,0.0011655265436433494,0.0003007359586473669,-0.03708924332364831,0.020326842550974677,-0.037373683296474995,-0.006498956449786414,-0.005701816034556819,-0.0034873507631767073,-0.0003152361109434283,0.003179817142349915,0.0013201233598458997,-0.0002782864804746165,0.002354199386252129,-0.007613147952176532,-0.0017917167515401765,-0.00297953550655642,-0.05436790239950833,0.0,0.9997329995856671
0.4630000000000002,0.0015551887802645501,0.0,0.00023088814265584967,-2.1447223281666698e-05,0.0004646053233376173,0.0018534663971335164,0.00198043034135255,0.0009920538063946333,-0.0002845632472274684,0.00017216978154275132,-0.0002513627680535,0.0012659283241564588,-0.00016788922984914992,0.0001750349989647664,1.588217776510825e-05,0.001178886860476717,-0.0006593302823638503,0.0009972866178948165,0.00023088814265584967,2.1447223281666698e-05,0.19704111255938328,0.0,0.2920579470983,-0.009278056799865188,0.024337347318173837,0.02454457438732784,0.024986549870018006,-0.010339301998000467,-0.0007821551172217335,-0.003615055378076962,0.009338402055250682,0.0008679619983948515,0.0003638405770864834,-0.01616608453347517,-0.036922458114905,-0.020436833004323158,0.0004646053233376173,-0.0018534663971335164,0.2920579470983,0.009278056799865188,0.45816396572905016,0.0,0.006123420120778634,0.05298023146320551,0.018538484245597887,-0.013513735448996565,-0.004897601688901621,-0.00813178165012738,-0.012800782365298,0.012717589945970801,0.008914225049279282,-0.015228010815374242,-0.03734600376728,0.006182994784813717,0.00198043034135255,-0.0009920538063946333,0.024337347318173837,-0.02454457438732784,0.006123420120778634,-0.05298023146320551,0.5061623806729499,0.0,0.09984657193620834,0.019705949765770128,0.007550990055423518,0.0035350421235604856,0.011753877543816653,0.005656289176813902,-0.00822430749835002,0.0006382800696917167,-0.005753669907706549,0.003406977282737102,-0.0002845632472274684,-0.00017216978154275132,0.024986549870018006,0.010339301998000467,0.018538484245597887,0.013513735448996565,0.09984657193620834,-0.019705949765770128,0.11526363846417001,0.0,0.05842624902961835,0.008475187001380231,0.015334566129571337,-0.013046383374956566,0.09687851149502,0.020472669781132494,-0.00023852032242940657,-0.00316613290468636,-0.0002513627680535,-0.0012659283241564588,-0.0007821551172217335,0.003615055378076962,-0.004897601688901621,0.00813178165012738,0.007550990055423518,-0.0035350421235604856,0.05842624902961835,-0.008475187001380231,-0.14623474813738338,0.0,-0.09075193799439,0.0005340411809373801,0.02161723072297833,-0.00589769589816933,0.0012928546695561334,0.0003095737888329333,-0.00016788922984914992,-0.0001750349989647664,0.009338402055250682,-0.0008679619983948515,-0.012800782365298,-0.012717589945970801,0.011753877543816653,-0.005656289176813902,0.015334566129571337,0.013046383374956566,-0.09075193799439,-0.0005340411809373801,-0.020621089101870497,0.0,-0.032404431061183334,0.027383424966172985,0.002421956559287383,0.00765966881430115,1.588217776510825e-05,-0.001178886860476717,0.0003638405770864834,0.01616608453347517,0.008914225049279282,0.015228010815374242,-0.00822430749835002,-0.0006382800696917167,0.09687851149502,-0.020472669781132494,0.02161723072297833,0.00589769589816933,-0.032404431061183334,-0.027383424966172985,-0.056924313894391676,0.0,-0.0018358509094033998,0.00302321598175107,-0.0006593302823638503,-0.0009972866178948165,-0.036922458114905,0.020436833004323158,-0.03734600376728,-0.006182994784813717,-0.005753669907706549,-0.003406977282737102,-0.00023852032242940657,0.00316613290468636,0.0012928546695561334,-0.0003095737888329333,0.002421956559287383,-0.00765966881430115,-0.0018358509094033998,-0.00302321598175107,-0.05467331906332333,0.0,0.9997328160085334
0.4639999999999996,0.0015550052107794505,0.0,-0.00020081507442604998,0.00020405800912686828,-0.0016927654763046669,-0.0009549088504365162,-0.0020450166121200983,0.0007414437668424135,6.83123370327668e-05,-0.0002753330615754331,-0.0007200139914615214,-0.0010710182983696642,9.110720119150067e-06,-0.0002702276129083171,-0.0008515829921370065,-0.0008167688093537837,-0.00018456982002011668,-0.0011744825892362214,-0.00020081507442604998,-0.00020405800912686828,0.1968458743192333,0.0,0.2921002017898334,-0.010310884864512737,0.024192213693022997,0.024347475065377162,0.024950277814524004,-0.010335825676887369,-0.0008030096203904831,-0.0034595652920134854,0.009378397414270608,0.0007586947031875083,0.0004555537845954334,-0.016180933264598168,-0.03676540948960499,-0.020511586039619868,-0.0016927654763046669,0.0009549088504365162,0.2921002017898334,0.010310884864512737,0.4579229046836002,0.0,0.005920850332909599,0.05285391655046185,0.018431052716701615,-0.01352532729366387,-0.0048604214483724175,-0.008046064437348384,-0.01284430524948685,0.012717786829700763,0.009064430890409219,-0.015269467387933751,-0.03729271604495999,0.0058906673700823324,-0.0020450166121200983,-0.0007414437668424135,0.024192213693022997,-0.024347475065377162,0.005920850332909599,-0.05285391655046185,0.5072700562118668,0.0,0.1002764335095883,0.019816067852627336,0.007353059909077056,0.0036288628498476667,0.011873712226099757,0.005587832434096119,-0.008279679832333157,0.0006170535367986166,-0.005788135225869767,0.0033502210485758747,6.83123370327668e-05,0.0002753330615754331,0.024950277814524004,0.010335825676887369,0.018431052716701615,0.01352532729366387,0.1002764335095883,-0.019816067852627336,0.11542679689714332,0.0,0.0583600452835917,0.008437533050569266,0.015387104527036833,-0.013107478571629867,0.09687844164608504,0.020441664006423332,-0.00014867598373991664,-0.0031417656203332847,-0.0007200139914615214,0.0010710182983696642,-0.0008030096203904831,0.0034595652920134854,-0.0048604214483724175,0.008046064437348384,0.007353059909077056,-0.0036288628498476667,0.0583600452835917,-0.008437533050569266,-0.14649007546433337,0.0,-0.09069424044145664,0.0004581627895886066,0.02163977734916,-0.005865153141038948,0.0012798918956452353,0.0003450687245837,9.110720119150067e-06,0.0002702276129083171,0.009378397414270608,-0.0007586947031875083,-0.01284430524948685,-0.012717786829700763,0.011873712226099757,-0.005587832434096119,0.015387104527036833,0.013107478571629867,-0.09069424044145664,-0.0004581627895886066,-0.020786289996379156,0.0,-0.03245901921943666,0.02733621802494151,0.0024911491842245508,0.007681968560609248,-0.0008515829921370065,0.0008167688093537837,0.0004555537845954334,0.016180933264598168,0.009064430890409219,0.015269467387933751,-0.008279679832333157,-0.0006170535367986166,0.09687844164608504,-0.020441664006423332,0.02163977734916,0.005865153141038948,-0.03245901921943666,-0.02733621802494151,-0.05703036142215669,0.0,-0.00187008408668345,0.0030484658583080173,-0.00018456982002011668,0.0011744825892362214,-0.03676540948960499,0.020511586039619868,-0.03729271604495999,-0.0058906673700823324,-0.005788135225869767,-0.0033502210485758747,-0.00014867598373991664,0.0031417656203332847,0.0012798918956452353,-0.0003450687245837,0.0024911491842245508,-0.007681968560609248,-0.00187008408668345,-0.0030484658583080173,-0.05498127800760999,0.0,0.9997326324319501
0.4649999999999999,0.00155482165239415,0.0,-5.648741158899758e-06,-0.0003309271053915501,0.0018807341934150004,-0.0005503791867924498,0.0008603808928044166,-0.0019644530109839717,0.00011156227227850661,0.00018621366380703347,0.0012475332480597165,0.0002569742438329415,0.00018518819002845017,0.00022362293638606527,0.0011914273004063087,-2.7623352322933486e-05,0.0008985750166357154,0.0007215669445925582,-5.648741158899758e-06,0.0003309271053915501,0.1966127094980833,0.0,0.2921405867734332,-0.011336230750922797,0.024037074235632182,0.02417348211997033,0.02493242108436516,-0.010353086569494248,-0.0008500499575068665,-0.003331255865031355,0.0094309491433758,0.0006557149870368613,0.0005454110812142669,-0.01620703487161767,-0.036621545427983335,-0.020542595333350313,0.0018807341934150004,0.0005503791867924498,0.2921405867734332,0.011336230750922797,0.45772217762956663,0.0,0.005700621932770632,0.052739975052067685,0.01835433010927773,-0.013507128012439836,-0.004814829253698901,-0.007968545724249002,-0.012857676795166,0.01269799371134715,0.009204808238912439,-0.015326762671172365,-0.037254152778980004,0.005629733497433134,0.0008603808928044166,0.0019644530109839717,0.024037074235632182,-0.02417348211997033,0.005700621932770632,-0.052739975052067685,0.5083787326801333,0.0,0.10064710275503001,0.019963340093623837,0.007142023876753849,0.0036625332684837673,0.011986792244375297,0.005515005506570901,-0.008306172030408947,0.0006042029652369702,-0.005783892631399,0.0033406967635180047,0.00011156227227850661,-0.00018621366380703347,0.02493242108436516,0.010353086569494248,0.01835433010927773,0.013507128012439836,0.10064710275503001,-0.019963340093623837,0.11558473632567666,0.0,0.058269453713016665,0.008374771224323832,0.015435666811807434,-0.013131322422508666,0.09687727213081168,0.020408049015172836,-7.342170797836174e-05,-0.003086045120704428,0.0012475332480597165,-0.0002569742438329415,-0.0008500499575068665,0.003331255865031355,-0.004814829253698901,0.007968545724249002,0.007142023876753849,-0.0036625332684837673,0.058269453713016665,-0.008374771224323832,-0.14674103333428332,0.0,-0.09062922575858331,0.0003841822532252784,0.02163895705522167,-0.005837069533106732,0.0012820611136122688,0.0003672807773147166,0.00018518819002845017,-0.00022362293638606527,0.0094309491433758,-0.0006557149870368613,-0.012857676795166,-0.01269799371134715,0.011986792244375297,-0.005515005506570901,0.015435666811807434,0.013131322422508666,-0.09062922575858331,-0.0003841822532252784,-0.020952487130639984,0.0,-0.03248383157961501,0.02727968447274366,0.0025724812307110724,0.007706203747152714,0.0011914273004063087,2.7623352322933486e-05,0.0005454110812142669,0.01620703487161767,0.009204808238912439,0.015326762671172365,-0.008306172030408947,-0.0006042029652369702,0.09687727213081168,-0.020408049015172836,0.02163895705522167,0.005837069533106732,-0.03248383157961501,-0.02727968447274366,-0.05713630055914668,0.0,-0.0018930501393956667,0.0030613002521698,0.0008985750166357154,-0.0007215669445925582,-0.036621545427983335,0.020542595333350313,-0.037254152778980004,-0.005629733497433134,-0.005783892631399,-0.0033406967635180047,-7.342170797836174e-05,0.003086045120704428,0.0012820611136122688,-0.0003672807773147166,0.0025724812307110724,-0.007706203747152714,-0.0018930501393956667,-0.0030613002521698,-0.05529090789484667,0.0,0.9997324488672832
0.4660000000000003,0.0015546380996963338,0.0,0.00030021080242631677,0.00025350309626672,-0.0008951620528084184,0.0017293140634888164,0.0008380164067505162,0.0019620469404385164,-0.00014464484910063348,-3.0597333524500226e-05,-0.001053607779619078,0.0006920667336243848,-0.00030293868286490014,-6.131794625448831e-05,-0.00083843714180935,0.0008685446519016337,-0.0011030495973843165,6.547755690876664e-05,0.00030021080242631677,-0.00025350309626672,0.19634191287814992,0.0,0.2921494845674833,-0.012338657522667497,0.0238533319246135,0.024043988154923996,0.024901682161129833,-0.0103773502122143,-0.0009300054561415666,-0.0031962483972900824,0.009482390041491283,0.0005559700048877999,0.0006607407628590834,-0.016237155238810672,-0.036451327312839996,-0.020567984120782513,-0.0008951620528084184,-0.0017293140634888164,0.2921494845674833,0.012338657522667497,0.4575609451011335,0.0,0.005513863331626833,0.05262263303156335,0.018297570447996167,-0.013494235417823542,-0.0047694699906551796,-0.007877394701354998,-0.012857526382006355,0.012679235476847218,0.00940364782876603,-0.01540118822598233,-0.03721926177233667,0.0053681700176665455,0.0008380164067505162,-0.0019620469404385164,0.0238533319246135,-0.024043988154923996,0.005513863331626833,-0.05262263303156335,0.5094888747149834,0.0,0.10100442384866834,0.02010826112537701,0.006920278207649368,0.003689818484037951,0.012120221292911732,0.005435797843101933,-0.0082774952440927,0.0005923420087203503,-0.005780341490850881,0.0033070757155536073,-0.00014464484910063348,3.0597333524500226e-05,0.024901682161129833,0.0103773502122143,0.018297570447996167,0.013494235417823542,0.10100442384866834,-0.02010826112537701,0.11573714576686833,0.0,0.058177859771774997,0.008338029010932318,0.015493519728404884,-0.013138679210218836,0.09687656026145833,0.02036223623667566,-3.5215571426714974e-05,-0.003023063909345395,-0.001053607779619078,-0.0006920667336243848,-0.0009300054561415666,0.0031962483972900824,-0.0047694699906551796,0.007877394701354998,0.006920278207649368,-0.003689818484037951,0.058177859771774997,-0.008338029010932318,-0.1469881728005,0.0,-0.09057730275058999,0.0003341732251626418,0.021621942973855,-0.005812454158269665,0.0012666230533498338,0.00036742911989345005,-0.00030293868286490014,6.131794625448831e-05,0.009482390041491283,-0.0005559700048877999,-0.012857526382006355,-0.012679235476847218,0.012120221292911732,-0.005435797843101933,0.015493519728404884,0.013138679210218836,-0.09057730275058999,-0.0003341732251626418,-0.021119093214453814,0.0,-0.03250722850150666,0.027198648592979158,0.002659261032615954,0.007757188818991532,-0.00083843714180935,-0.0008685446519016337,0.0006607407628590834,0.016237155238810672,0.00940364782876603,0.01540118822598233,-0.0082774952440927,-0.0005923420087203503,0.09687656026145833,-0.02036223623667566,0.021621942973855,0.005812454158269665,-0.03250722850150666,-0.027198648592979158,-0.057242114216586676,0.0,-0.0019283935113438334,0.003080928089227884,-0.0011030495973843165,-6.547755690876664e-05,-0.036451327312839996,0.020567984120782513,-0.03721926177233667,-0.0053681700176665455,-0.005780341490850881,-0.0033070757155536073,-3.5215571426714974e-05,0.003023063909345395,0.0012666230533498338,-0.00036742911989345005,0.002659261032615954,-0.007757188818991532,-0.0019283935113438334,-0.003080928089227884,-0.055601871022225004,0.0,0.9997322653071002
0.4669999999999996,0.0015544545345086837,0.0,-0.00046499926455554664,5.367795494642822e-05,-0.0006544244139376838,-0.0018160339463186162,-0.002013423389299233,-0.0007271863166767999,6.781010555657367e-05,-5.2549083862723265e-05,0.00023199459123795507,-0.001237716575597063,0.0002906964150966499,-0.00015951631183447982,-1.581332107376679e-05,-0.0012202635680376337,0.0007567597394549832,-0.0007784057895223668,-0.00046499926455554664,-5.367795494642822e-05,0.19603373876986666,0.0,0.29212611195091664,-0.013355386749972834,0.023652932365326288,0.02392959123893366,0.02486075484038667,-0.010407206091293347,-0.0009878715410270211,-0.0030339813514682064,0.009516088017815283,0.000437742667200651,0.0007993736181748002,-0.01625379196966033,-0.03623788627374833,-0.020604210837364315,-0.0006544244139376838,0.0018160339463186162,0.29212611195091664,0.013355386749972834,0.45743916978841637,0.0,0.005373802468598096,0.05247684248603832,0.018232085971246547,-0.0135183689083535,-0.0047489078530472875,-0.0077715549611991,-0.012857576312283871,0.01267375388764407,0.009646503867877297,-0.015468455401297666,-0.03715258264424833,0.00508923328366105,-0.002013423389299233,0.0007271863166767999,0.023652932365326288,-0.02392959123893366,0.005373802468598096,-0.05247684248603832,0.5106002378100166,0.0,0.10141634267065001,0.020248720285213295,0.006698571093881,0.0037209361992795215,0.01226496920326427,0.005381357326714817,-0.008237995182889816,0.0005828568308766335,-0.005791636521037818,0.003209339509917969,6.781010555657367e-05,5.2549083862723265e-05,0.02486075484038667,0.010407206091293347,0.018232085971246547,0.0135183689083535,0.10141634267065001,-0.020248720285213295,0.11588488235531666,0.0,0.05811289754172501,0.008343019319096,0.015555378580542735,-0.013175132401646587,0.09688802938208167,0.02031269504003267,-1.3521408750366524e-05,-0.002979093363664033,0.00023199459123795507,0.001237716575597063,-0.0009878715410270211,0.0030339813514682064,-0.0047489078530472875,0.0077715549611991,0.006698571093881,-0.0037209361992795215,0.05811289754172501,-0.008343019319096,-0.1472329747451167,0.0,-0.090547631795045,0.0002891201825253766,0.021623210996670007,-0.005782840466344437,0.001223734528360533,0.00035315531262086666,0.0002906964150966499,0.00015951631183447982,0.009516088017815283,-0.000437742667200651,-0.012857576312283871,-0.01267375388764407,0.01226496920326427,-0.005381357326714817,0.015555378580542735,0.013175132401646587,-0.090547631795045,-0.0002891201825253766,-0.021285108538781346,0.0,-0.03254276490393167,0.02711070183094133,0.0027373300796439503,0.0078225013089905,-1.581332107376679e-05,0.0012202635680376337,0.0007993736181748002,0.01625379196966033,0.009646503867877297,0.015468455401297666,-0.008237995182889816,-0.0005828568308766335,0.09688802938208167,-0.02031269504003267,0.021623210996670007,0.005782840466344437,-0.03254276490393167,-0.02711070183094133,-0.057347794852303326,0.0,-0.001983567477080001,0.003115426442792718,0.0007567597394549832,0.0007784057895223668,-0.03623788627374833,0.020604210837364315,-0.03715258264424833,-0.00508923328366105,-0.005791636521037818,-0.003209339509917969,-1.3521408750366524e-05,0.002979093363664033,0.001223734528360533,-0.00035315531262086666,0.0027373300796439503,-0.0078225013089905,-0.001983567477080001,-0.003115426442792718,-0.05591452338695166,0.0,0.9997320817352165
0.468,0.0015542709589522166,0.0,0.0003200569528263433,-0.00040625788835839453,0.0017848186534219336,0.0007643398603125166,0.001921021161219333,-0.00097851134435965,2.367593151199954e-06,2.21417642950651e-05,0.0007287976342023053,0.0010190843759603887,-0.00010063216180219997,0.00033338356540203344,0.00088417682535542,0.0008611190257106164,-2.9565249247863464e-05,0.0010861931693559833,0.0003200569528263433,0.00040625788835839453,0.19568672586006663,0.0,0.2920517008006833,-0.014419891378010282,0.023457067907093235,0.02379930561540476,0.024828924885408665,-0.010452802640276999,-0.0009870021296423234,-0.0028702606414878432,0.009526274378742667,0.0002948341907756502,0.0009335980201640329,-0.016257296149167835,-0.03601745257643334,-0.020614933644902102,0.0017848186534219336,-0.0007643398603125166,0.2920517008006833,0.014419891378010282,0.4573585625449667,0.0,0.005243411432265995,0.05229954724286183,0.018157411045963915,-0.013538080175595612,-0.0047496723970189255,-0.007661626588286068,-0.012839591207545412,0.012657304969980347,0.009855854863171082,-0.015511234173710834,-0.037053315892131664,0.004814416057178267,0.001921021161219333,0.00097851134435965,0.023457067907093235,-0.02379930561540476,0.005243411432265995,-0.05229954724286183,0.5117128055381334,0.0,0.10184071657287501,0.02041911309339354,0.006499474233218516,0.0037071438498117158,0.012381282867699647,0.00535699706509,-0.008245724878529917,0.0005848172105683633,-0.0057902506950642816,0.0031216075462638425,2.367593151199954e-06,-2.21417642950651e-05,0.024828924885408665,0.010452802640276999,0.018157411045963915,0.013538080175595612,0.10184071657287501,-0.02041911309339354,0.11602793875702834,0.0,0.058063629737973334,0.008344759263388566,0.015604592197629984,-0.013234083886729179,0.0969068502826267,0.02026175504734933,1.6278929585370104e-05,-0.0029372115830434854,0.0007287976342023053,-0.0010190843759603887,-0.0009870021296423234,0.0028702606414878432,-0.0047496723970189255,0.007661626588286068,0.006499474233218516,-0.0037071438498117158,0.058063629737973334,-0.008344759263388566,-0.14747560359360004,0.0,-0.09049986147194834,0.00022629271312541674,0.02164762447959667,-0.0057466112904620255,0.0011826526355804665,0.00033660716337415004,-0.00010063216180219997,-0.00033338356540203344,0.009526274378742667,-0.0002948341907756502,-0.012839591207545412,-0.012657304969980347,0.012381282867699647,-0.00535699706509,0.015604592197629984,0.013234083886729179,-0.09049986147194834,-0.00022629271312541674,-0.021450695539782412,0.0,-0.03256345544618167,0.027043945131716006,0.0028064893443688873,0.007877995849629966,0.00088417682535542,-0.0008611190257106164,0.0009335980201640329,0.016257296149167835,0.009855854863171082,0.015511234173710834,-0.008245724878529917,-0.0005848172105683633,0.0969068502826267,-0.02026175504734933,0.02164762447959667,0.0057466112904620255,-0.03256345544618167,-0.027043945131716006,-0.057453199131134995,0.0,-0.0020383324609926337,0.003159184952991288,-2.9565249247863464e-05,-0.0010861931693559833,-0.03601745257643334,0.020614933644902102,-0.037053315892131664,-0.004814416057178267,-0.0057902506950642816,-0.0031216075462638425,1.6278929585370104e-05,0.0029372115830434854,0.0011826526355804665,-0.00033660716337415004,0.0028064893443688873,-0.007877995849629966,-0.0020383324609926337,-0.003159184952991288,-0.05622890724227167,0.0,0.9997318981519834
0.46900000000000036,0.001554087388931333,0.0,9.141533309185526e-05,0.0005199640610468451,-0.0018188837771505033,0.000774633521682967,-0.0006070785518360332,0.002084194288699117,2.1699610545903216e-05,4.40567513717549e-05,-0.0012121846480186327,-0.00019715778096667812,-0.00017530568599904994,-0.0003046357733176169,-0.0012507334352038668,1.4149570513316801e-05,-0.0006947259127726782,-0.0008057911784056442,9.141533309185526e-05,-0.0005199640610468451,0.19529871254620007,0.0,0.2919684520629,-0.015510247097450282,0.023282543622961414,0.023679941330119643,0.024808021362514008,-0.01051245013003533,-0.0009667706171549134,-0.002741216224822803,0.009525858134886446,0.00014991483307914347,0.001052353791989665,-0.016266755769362505,-0.035830256627063344,-0.020579999077082117,-0.0018188837771505033,-0.000774633521682967,0.2919684520629,0.015510247097450282,0.4573207853548499,0.0,0.005095206245701985,0.052122539752526995,0.018097668879905666,-0.01350359890031247,-0.004749590566293148,-0.007552574877033414,-0.012790039065143402,0.012610670936194843,0.01001570500577065,-0.01553862694802633,-0.03695993050515999,0.004561955052030577,-0.0006070785518360332,-0.002084194288699117,0.023282543622961414,-0.023679941330119643,0.005095206245701985,-0.052122539752526995,0.5128271893394334,0.0,0.10220827694030503,0.020624988058246183,0.006330866551226847,0.0036245693550454013,0.012471151434653032,0.005336292817891085,-0.008288630602957201,0.0006010067944026835,-0.005762493620215034,0.0031236787504310996,2.1699610545903216e-05,-4.40567513717549e-05,0.024808021362514008,0.01051245013003533,0.018097668879905666,0.01350359890031247,0.10220827694030503,-0.020624988058246183,0.11616490155795499,0.0,0.058013225372319996,0.008310528241742233,0.015645189325038188,-0.013270144460968117,0.096943653234715,0.02020263713615617,4.3348588830083385e-05,-0.0028750920837046306,-0.0012121846480186327,0.00019715778096667812,-0.0009667706171549134,0.002741216224822803,-0.004749590566293148,0.007552574877033414,0.006330866551226847,-0.0036245693550454013,0.058013225372319996,-0.008310528241742233,-0.14771495963724995,0.0,-0.09041773284875,0.0001590643430273568,0.021664560913568328,-0.005714326455476565,0.0011657140082679365,0.0003169992488369166,-0.00017530568599904994,0.0003046357733176169,0.009525858134886446,-0.00014991483307914347,-0.012790039065143402,-0.012610670936194843,0.012471151434653032,-0.005336292817891085,0.015645189325038188,0.013270144460968117,-0.09041773284875,-0.0001590643430273568,-0.021616803078614865,0.0,-0.03255784136094333,0.027005273053029497,0.0028750765516150573,0.007939964594033583,-0.0012507334352038668,-1.4149570513316801e-05,0.001052353791989665,0.016266755769362505,0.01001570500577065,0.01553862694802633,-0.008288630602957201,-0.0006010067944026835,0.096943653234715,-0.02020263713615617,0.021664560913568328,0.005714326455476565,-0.03255784136094333,-0.027005273053029497,-0.05755781726985166,0.0,-0.0020823014968707003,0.0032061958408723112,-0.0006947259127726782,0.0008057911784056442,-0.035830256627063344,0.020579999077082117,-0.03695993050515999,-0.004561955052030577,-0.005762493620215034,-0.0031236787504310996,4.3348588830083385e-05,0.0028750920837046306,0.0011657140082679365,-0.0003169992488369166,0.0028750765516150573,-0.007939964594033583,-0.0020823014968707003,-0.0032061958408723112,-0.05654438162635,0.0,0.9997317145751832
0.46999999999999964,0.0015539038281901828,0.0,-0.0004824684118299833,-0.00024419099438454983,0.0007067202290111168,-0.0018766891187446681,-0.0011155252339830333,-0.0018753832065201033,-0.00010248262411056626,-3.5582204783866404e-05,0.0009800986921694793,-0.0006945716486129049,0.0003382036705458785,8.48223553709717e-05,0.0008928733560455334,-0.0008955945194090498,0.0009997454695447,0.00013046288249704346,-0.0004824684118299833,0.00024419099438454983,0.19486924677645004,0.0,0.2918655473687001,-0.01657766417863176,0.023128972758243157,0.02361211810904175,0.024771885514925995,-0.010568177075354587,-0.000976243274204707,-0.0026377599340755855,0.009518675913813435,2.196980522568345e-05,0.0011726269255549614,-0.0162806292895885,-0.03564784589477,-0.02053261044769382,0.0007067202290111168,0.0018766891187446681,0.2918655473687001,0.01657766417863176,0.4573256590663,0.0,0.004942430892431099,0.051951193249930847,0.018044918718944074,-0.01344163769329334,-0.0047454224702862665,-0.007441181529322798,-0.012733717126674584,0.012553258510984959,0.010189523635689262,-0.015554109776275998,-0.036872880362339995,0.0043174263595526395,-0.0011155252339830333,0.0018753832065201033,0.023128972758243157,-0.02361211810904175,0.004942430892431099,-0.051951193249930847,0.5139438433724167,0.0,0.10251376851088337,0.020829900321903173,0.006166150067557333,0.003508027230148562,0.012575470346572982,0.0053090358741491265,-0.008307017642636267,0.0006183730317234832,-0.00572141703632785,0.003168306831241034,-0.00010248262411056626,3.5582204783866404e-05,0.024771885514925995,0.010568177075354587,0.018044918718944074,0.01344163769329334,0.10251376851088337,-0.020829900321903173,0.11629479593902667,0.0,0.057948358948795,0.008267007272633834,0.01568983048061035,-0.013268328834902981,0.09699568300018332,0.020130583510412,4.93164242466964e-05,-0.0028133892255276685,0.0009800986921694793,0.0006945716486129049,-0.000976243274204707,0.0026377599340755855,-0.0047454224702862665,0.007441181529322798,0.006166150067557333,-0.003508027230148562,0.057948358948795,-0.008267007272633834,-0.14795080508564998,0.0,-0.09031698072306661,0.00011576843475366679,0.02165316460960334,-0.005692307968815365,0.0011562009642333167,0.00028699783315548345,0.0003382036705458785,-8.48223553709717e-05,0.009518675913813435,-2.196980522568345e-05,-0.012733717126674584,-0.012553258510984959,0.012575470346572982,-0.0053090358741491265,0.01568983048061035,0.013268328834902981,-0.09031698072306661,-0.00011576843475366679,-0.02178354080296138,0.0,-0.03255295210788334,0.02696699050339167,0.002941734224916429,0.008036411855037149,0.0008928733560455334,0.0008955945194090498,0.0011726269255549614,0.0162806292895885,0.010189523635689262,0.015554109776275998,-0.008307017642636267,-0.0006183730317234832,0.09699568300018332,-0.020130583510412,0.02165316460960334,0.005692307968815365,-0.03255295210788334,-0.02696699050339167,-0.05766107746229999,0.0,-0.00213635390725129,0.003255836910369185,0.0009997454695447,-0.00013046288249704346,-0.03564784589477,0.02053261044769382,-0.036872880362339995,-0.0043174263595526395,-0.00572141703632785,-0.003168306831241034,4.93164242466964e-05,0.0028133892255276685,0.0011562009642333167,-0.00028699783315548345,0.002941734224916429,-0.008036411855037149,-0.00213635390725129,-0.003255836910369185,-0.05686049462387334,0.0,0.9997315310072666
0.47100000000000003,0.0015537202661128327,0.0,0.0005251207925296399,-0.00026321544715398324,0.0008944934588696503,0.0018060689060986498,0.0021394625145511165,0.00046446692524904976,0.00013447113637601646,-5.042948642338134e-05,-0.00019957643078155474,0.0011758010790350298,-0.0003022918918224334,0.00018293158578808332,-1.3067731662766757e-05,0.0012679351374026665,-0.0007931950473314835,0.0005426375062114851,0.0005251207925296399,0.00026321544715398324,0.19439964970976667,0.0,0.29176281153985006,-0.017617470638699728,0.022996691421561865,0.023578562448947647,0.02471760795608717,-0.010614092903842184,-0.0010022031506411932,-0.0025179714851471476,0.009500104929170033,-9.225304370151705e-05,0.0013075930447188331,-0.016282619687252833,-0.035425613342539984,-0.020514479519760435,0.0008944934588696503,-0.0018060689060986498,0.29176281153985006,0.017617470638699728,0.4573720075802,0.0,0.004793124569221101,0.05177288685335516,0.017969815824507702,-0.013420901175709876,-0.004758971778344141,-0.007327892081013783,-0.012697454138741167,0.012522842611788241,0.010412154828403434,-0.015545891117781518,-0.036753494743775005,0.004067611169963717,0.0021394625145511165,-0.00046446692524904976,0.022996691421561865,-0.023578562448947647,0.004793124569221101,-0.05177288685335516,0.5150625863638834,0.0,0.10283393665834169,0.02101697938028728,0.005984947289768583,0.003389070490812566,0.012713252067318619,0.005300572947946465,-0.008285959555527743,0.0006146519469982016,-0.005677010524823665,0.0031555840065626375,0.00013447113637601646,5.042948642338134e-05,0.02471760795608717,0.010614092903842184,0.017969815824507702,0.013420901175709876,0.10283393665834169,-0.02101697938028728,0.11641809634358,0.0,0.05788156571929168,0.008250748157767484,0.015743133447208558,-0.013272212702235527,0.09706857195937002,0.020058092780863172,4.846931810048325e-05,-0.0027846848831820305,-0.00019957643078155474,-0.0011758010790350298,-0.0010022031506411932,0.0025179714851471476,-0.004758971778344141,0.007327892081013783,0.005984947289768583,-0.003389070490812566,0.05788156571929168,-0.008250748157767484,-0.14818432851600002,0.0,-0.09024110959026502,9.314264912481654e-05,0.021639840119985,-0.00567771684930785,0.0011295038666205167,0.0002481352101771316,-0.0003022918918224334,-0.00018293158578808332,0.009500104929170033,9.225304370151705e-05,-0.012697454138741167,-0.012522842611788241,0.012713252067318619,-0.005300572947946465,0.015743133447208558,0.013272212702235527,-0.09024110959026502,-9.314264912481654e-05,-0.021949955331646835,0.0,-0.032584588256694996,0.02691486625312551,0.002991853950256883,0.008161744116945834,-1.3067731662766757e-05,-0.0012679351374026665,0.0013075930447188331,0.016282619687252833,0.010412154828403434,0.015545891117781518,-0.008285959555527743,-0.0006146519469982016,0.09706857195937002,-0.020058092780863172,0.021639840119985,0.00567771684930785,-0.032584588256694996,-0.02691486625312551,-0.05776287183207667,0.0,-0.002220989665835051,0.003305227548557951,-0.0007931950473314835,-0.0005426375062114851,-0.035425613342539984,0.020514479519760435,-0.036753494743775005,-0.004067611169963717,-0.005677010524823665,-0.0031555840065626375,4.846931810048325e-05,0.0027846848831820305,0.0011295038666205167,-0.0002481352101771316,0.002991853950256883,-0.008161744116945834,-0.002220989665835051,-0.003305227548557951,-0.05717755714549165,0.0,0.9997313474380163
0.47200000000000036,0.0015535366935964163,0.0,-0.00014560943179783818,0.0006222652586264562,-0.001941343702681017,-0.0005806736464089382,-0.0018106643615729172,0.0012337259094511996,-8.171205885346832e-05,0.0001436985036008551,-0.0006961724433604166,-0.0009681593757365646,7.887774782231666e-05,-0.0003596480823146617,-0.0008772859805914001,-0.0009066307475492162,0.00021635763755031663,-0.0009225008700450867,-0.00014560943179783818,-0.0006222652586264562,0.19389091316561657,0.0,0.2916691129139667,-0.01865335546976772,0.02287846410773394,0.023512154639073232,0.02466605850098267,-0.01066204854105271,-0.001003570655801767,-0.002376065501203137,0.009473395706924894,-0.0002081735132237829,0.0014434483144765296,-0.016268316698929836,-0.035169161065983334,-0.02051403980341767,-0.001941343702681017,0.0005806736464089382,0.2916691129139667,0.01865335546976772,0.4574593079948167,0.0,0.004618058065393815,0.05159784927891283,0.017866964474933505,-0.013446823539241202,-0.004804654171150132,-0.007215967860947416,-0.012663241491610714,0.01252216531180845,0.010630044081764533,-0.015512900463696872,-0.03657947290046834,0.0038255668536310004,-0.0018106643615729172,-0.0012337259094511996,0.02287846410773394,-0.023512154639073232,0.004618058065393815,-0.05159784927891283,0.5161833171722168,0.0,0.10317158236938832,0.021203625447432997,0.005809698607343914,0.0032483141044975326,0.012855443627756839,0.005323282246879434,-0.008266212446858266,0.0005792975253307504,-0.00563436535518415,0.003089460336843061,-8.171205885346832e-05,-0.0001436985036008551,0.02466605850098267,0.01066204854105271,0.017866964474933505,0.013446823539241202,0.10317158236938832,-0.021203625447432997,0.116535439951095,0.0,0.057816835047235,0.008239549483813384,0.015794141078650334,-0.013307053602424464,0.09715002681768665,0.01999924458197167,6.38956188326416e-05,-0.0027763798318857663,-0.0006961724433604166,0.0009681593757365646,-0.001003570655801767,0.002376065501203137,-0.004804654171150132,0.007215967860947416,0.005809698607343914,-0.0032483141044975326,0.057816835047235,-0.008239549483813384,-0.14841622857249995,0.0,-0.09018947668898328,6.119459453311672e-05,0.02165312182726666,-0.00566180582140165,0.0010969235424108164,0.00021339650876911977,7.887774782231666e-05,0.0003596480823146617,0.009473395706924894,0.0002081735132237829,-0.012663241491610714,-0.01252216531180845,0.012855443627756839,-0.005323282246879434,0.015794141078650334,0.013307053602424464,-0.09018947668898328,-6.119459453311672e-05,-0.022115513735079993,0.0,-0.032639662616868334,0.026861649148394,0.0030162904974309996,0.008284353003963,-0.0008772859805914001,0.0009066307475492162,0.0014434483144765296,0.016268316698929836,0.010630044081764533,0.015512900463696872,-0.008266212446858266,-0.0005792975253307504,0.09715002681768665,-0.01999924458197167,0.02165312182726666,0.00566180582140165,-0.032639662616868334,-0.026861649148394,-0.057863568894201675,0.0,-0.0023186012578175837,0.003344596029920772,0.00021635763755031663,0.0009225008700450867,-0.035169161065983334,0.02051403980341767,-0.03657947290046834,-0.0038255668536310004,-0.00563436535518415,-0.003089460336843061,6.38956188326416e-05,0.0027763798318857663,0.0010969235424108164,-0.00021339650876911977,0.0030162904974309996,-0.008284353003963,-0.0023186012578175837,-0.003344596029920772,-0.05749603991672168,0.0,0.9997311638591999
0.47299999999999975,0.0015533531268749669,0.0,-0.00039762463682516797,-0.0005437771991990333,0.0017833695979633335,-0.001005688940911466,0.00037067020027426654,-0.0021494796220321586,-4.609585596626664e-05,-0.00019076450142091957,0.0011583512637794444,0.00020068844699766623,0.00021721126085665993,0.00031398428163441664,0.0012533636555629288,2.7186043055633298e-05,0.0004621353047607497,0.0008146999673655633,-0.00039762463682516797,0.0005437771991990333,0.19334328691025002,0.0,0.2916098914067,-0.019670962359194005,0.022770406101827536,0.02340094671179995,0.024630888173154997,-0.010722732310208455,-0.0009885415779008401,-0.002255604703487217,0.009458178458643563,-0.00032884887868931637,0.001562531564301267,-0.016252321652844837,-0.03492411507302333,-0.020489666481666,0.0017833695979633335,0.001005688940911466,0.2916098914067,0.019670962359194005,0.45758698900655,0.0,0.004395942625660835,0.051467971939553485,0.017766136845088164,-0.013464301474881833,-0.004872571920819768,-0.007104161713615148,-0.012594058455691705,0.012527769409999905,0.010790209693743889,-0.015489795138157349,-0.036384030420491674,0.003608943254625093,0.00037067020027426654,0.0021494796220321586,0.022770406101827536,-0.02340094671179995,0.004395942625660835,-0.051467971939553485,0.5173064310629999,0.0,0.10345556157781165,0.021394596577041666,0.005675509383424305,0.003059283538727723,0.012976887624880066,0.005359756880108566,-0.008266352691389684,0.0005236326210970334,-0.005608583604207712,0.003054976172891416,-4.609585596626664e-05,0.00019076450142091957,0.024630888173154997,0.010722732310208455,0.017766136845088164,0.013464301474881833,0.10345556157781165,-0.021394596577041666,0.11664637019900831,0.0,0.05774637525201833,0.008180888984413666,0.01583909023342517,-0.01334139174681044,0.09722727071623001,0.019955362129269832,8.345923262329498e-05,-0.0027530032834473164,0.0011583512637794444,-0.00020068844699766623,-0.0009885415779008401,0.002255604703487217,-0.004872571920819768,0.007104161713615148,0.005675509383424305,-0.003059283538727723,0.05774637525201833,-0.008180888984413666,-0.14864530436651663,0.0,-0.0901373192100333,8.603005299816654e-06,0.02167878886709,-0.005642178275891434,0.0010859299691801834,0.00019203114757338331,0.00021721126085665993,-0.00031398428163441664,0.009458178458643563,0.00032884887868931637,-0.012594058455691705,-0.012527769409999905,0.012976887624880066,-0.005359756880108566,0.01583909023342517,0.01334139174681044,-0.0901373192100333,-8.603005299816654e-06,-0.022280836682326,0.0,-0.032683958091718326,0.026822914945066667,0.0030235391973402917,0.008394921503867,0.0012533636555629288,-2.7186043055633298e-05,0.001562531564301267,0.016252321652844837,0.010790209693743889,0.015489795138157349,-0.008266352691389684,-0.0005236326210970334,0.09722727071623001,-0.019955362129269832,0.02167878886709,0.005642178275891434,-0.032683958091718326,-0.026822914945066667,-0.05796359020535668,0.0,-0.0023986390494307006,0.0033669736785044016,0.0004621353047607497,-0.0008146999673655633,-0.03492411507302333,0.020489666481666,-0.036384030420491674,-0.003608943254625093,-0.005608583604207712,-0.003054976172891416,8.345923262329498e-05,0.0027530032834473164,0.0010859299691801834,-0.00019203114757338331,0.0030235391973402917,-0.008394921503867,-0.0023986390494307006,-0.0033669736785044016,-0.057815718766251654,0.0,0.9997309802853671
0.47400000000000014,0.0015531695765525337,0.0,0.0007138691032308868,4.376726808605329e-05,-0.0005394507650710284,0.0019865412853104824,0.0012724161386775,0.0017425309669346504,0.00020979544169451617,0.00012541081220235,-0.0009522866753922503,0.0006287096720655569,-0.0003803809129339302,-6.984642818597461e-05,-0.0009129859621288335,0.0008516312067573248,-0.0008515663775350168,-0.00027369734633003333,0.0007138691032308868,-4.376726808605329e-05,0.1927579561444834,0.0,0.2915822479827167,-0.020620446306508267,0.022678310093836952,0.023305984208608344,0.024598132614423333,-0.010792091612097819,-0.001005130623185045,-0.0021765997678162906,0.009461810031453466,-0.0004432151020580669,0.0016779302900480834,-0.01624440027285467,-0.034695974446070005,-0.0204307235737355,-0.0005394507650710284,-0.0019865412853104824,0.2915822479827167,0.020620446306508267,0.45775277576848333,0.0,0.004157888465017834,0.051386398800690986,0.01768926219132748,-0.01345586370446533,-0.0049500506946109175,-0.006986498495907657,-0.01250009288736575,0.0125324260648357,0.010927912115613102,-0.015507621935249327,-0.03620538539526497,0.0034109174460378107,0.0012724161386775,-0.0017425309669346504,0.022678310093836952,-0.023305984208608344,0.004157888465017834,-0.051386398800690986,0.5184323670249666,0.0,0.10366362934033167,0.021569936022447167,0.005575360945674766,0.0028369844011979827,0.013096238062552666,0.005390901689293101,-0.008251174953539699,0.0004732761730740817,-0.005599801240476629,0.003071365496863284,0.00020979544169451617,-0.00012541081220235,0.024598132614423333,0.010792091612097819,0.01768926219132748,0.01345586370446533,0.10366362934033167,-0.021569936022447167,0.11675018626974998,0.0,0.057663917384106665,0.008075624412618566,0.015881733244663503,-0.013342667000552783,0.09729906470181335,0.019918417794697003,7.81729452961334e-05,-0.0027189265896372323,-0.0009522866753922503,-0.0006287096720655569,-0.001005130623185045,0.0021765997678162906,-0.0049500506946109175,0.006986498495907657,0.005575360945674766,-0.0028369844011979827,0.057663917384106665,-0.008075624412618566,-0.14886991867425003,0.0,-0.09008099564164668,-4.309769026956676e-05,0.021681077630861665,-0.005622292948521211,0.0010960025599494833,0.00017524054965442677,-0.0003803809129339302,6.984642818597461e-05,0.009461810031453466,0.0004432151020580669,-0.01250009288736575,-0.0125324260648357,0.013096238062552666,-0.005390901689293101,0.015881733244663503,0.013342667000552783,-0.09008099564164668,4.309769026956676e-05,-0.022446621054974837,0.0,-0.03271848232990833,0.02678817802594866,0.0030263348162114256,0.008514286460149182,-0.0009129859621288335,-0.0008516312067573248,0.0016779302900480834,0.01624440027285467,0.010927912115613102,0.015507621935249327,-0.008251174953539699,-0.0004732761730740817,0.09729906470181335,-0.019918417794697003,0.021681077630861665,0.005622292948521211,-0.03271848232990833,-0.02678817802594866,-0.058063180417345005,0.0,-0.0024586044166493345,0.003378560393278576,-0.0008515663775350168,0.00027369734633003333,-0.034695974446070005,0.0204307235737355,-0.03620538539526497,-0.0034109174460378107,-0.005599801240476629,-0.003071365496863284,7.81729452961334e-05,0.0027189265896372323,0.0010960025599494833,-0.00017524054965442677,0.0030263348162114256,-0.008514286460149182,-0.0024586044166493345,-0.003378560393278576,-0.05813593790999001,0.0,0.9997307967279668
0.4750000000000005,0.0015529860365190997,0.0,-0.0005468395826320388,0.0005581943863834502,-0.0010353206033730997,-0.001760262128571967,-0.0021104400411929665,-0.000278470681643667,-0.0002914501601431334,7.502198315334663e-05,0.00025660212765953337,-0.0010818845800153833,0.00033547123256686697,-0.0002059318772757497,6.756389335846678e-05,-0.0012395443478217005,0.0007648680610478504,-0.0003531356802570098,-0.0005468395826320388,-0.0005581943863834502,0.19213751014369995,0.0,0.29153996455433334,-0.021493832603830993,0.022607288233005667,0.023261294611143526,0.024558345652101663,-0.010859670005775033,-0.0010628565615297672,-0.0020913270594123162,0.009465656514747033,-0.0005473236632823669,0.0018164709313597672,-0.016232487218907004,-0.03444101390398833,-0.020358472872883164,-0.0010353206033730997,0.001760262128571967,0.29153996455433334,0.021493832603830993,0.4579534388078333,0.0,0.003946201230819284,0.051303941017678996,0.017625725142602872,-0.013474438587417167,-0.0050455866367978474,-0.006858283224174561,-0.012428410767414516,0.01254746337537138,0.011110785962808378,-0.015551307932380649,-0.036034948329655,0.0032195826133925506,-0.0021104400411929665,0.000278470681643667,0.022607288233005667,-0.023261294611143526,0.003946201230819284,-0.051303941017678996,0.5195609918177334,0.0,0.103860916707105,0.021730034475713197,0.005476139333257169,0.0026171365070521272,0.013233630771593756,0.005422125346047732,-0.008188785589177915,0.0004364269271517667,-0.005576983526290715,0.003066578057240999,-0.0002914501601431334,-7.502198315334663e-05,0.024558345652101663,0.010859670005775033,0.017625725142602872,0.013474438587417167,0.103860916707105,-0.021730034475713197,0.11684705710557836,0.0,0.05757524846111834,0.007977602032225565,0.01592931447547742,-0.013333446015169264,0.09736759086257168,0.019882260126990167,5.274086164935022e-05,-0.0027110413156597,0.00025660212765953337,0.0010818845800153833,-0.0010628565615297672,0.0020913270594123162,-0.0050455866367978474,0.006858283224174561,0.005476139333257169,-0.0026171365070521272,0.05757524846111834,-0.007977602032225565,-0.1490899496053499,0.0,-0.09004208800949333,-7.93745478528333e-05,0.021658998298040005,-0.005602513290728518,0.0011009477069907998,0.00014343168172789982,0.00033547123256686697,0.0002059318772757497,0.009465656514747033,0.0005473236632823669,-0.012428410767414516,-0.01254746337537138,0.013233630771593756,-0.005422125346047732,0.01592931447547742,0.013333446015169264,-0.09004208800949333,7.93745478528333e-05,-0.022612529414771005,0.0,-0.03276772994514834,0.026736119260663004,0.00301866399485141,0.00864588365838275,6.756389335846678e-05,0.0012395443478217005,0.0018164709313597672,0.016232487218907004,0.011110785962808378,0.015551307932380649,-0.008188785589177915,-0.0004364269271517667,0.09736759086257168,-0.019882260126990167,0.021658998298040005,0.005602513290728518,-0.03276772994514834,-0.026736119260663004,-0.058162559387518326,0.0,-0.0025211458375109836,0.0033901643952565503,0.0007648680610478504,0.0003531356802570098,-0.03444101390398833,0.020358472872883164,-0.036034948329655,-0.0032195826133925506,-0.005576983526290715,-0.003066578057240999,5.274086164935022e-05,0.0027110413156597,0.0011009477069907998,-0.00014343168172789982,0.00301866399485141,-0.00864588365838275,-0.0025211458375109836,-0.0033901643952565503,-0.058456332323148334,0.0,0.99973061318045
0.4759999999999993,0.0015528024866888826,0.0,-2.3615940317413445e-05,-0.0008417028099000333,0.001961332232754666,0.0004702947902453334,0.0016349144472741495,-0.0013287759609744685,0.00018068852118584972,-0.0003087249246793169,0.0005596509399327131,0.0009425024241767853,-0.00012175492841545015,0.000395402053372593,0.0008033317961895839,0.0009285290155266413,-0.0003113807986491033,0.0007599486078183834,-2.3615940317413445e-05,0.0008417028099000333,0.19148354918176672,0.0,0.2914780120869833,-0.022353585635386166,0.022540275004839856,0.0232244603742597,0.02452542048582867,-0.010924448705133837,-0.0011135979138213999,-0.0019518662121015,0.009453301802181631,-0.0006475703674166336,0.00197760902381415,-0.01620729602574883,-0.034145894222178334,-0.020276313578532334,0.001961332232754666,-0.0004702947902453334,0.2914780120869833,0.022353585635386166,0.4581874741551334,0.0,0.003750207773135149,0.05119599621571334,0.017558077396676756,-0.013552137446582131,-0.0051750629008590334,-0.00672386991233344,-0.012394696156084668,0.012569524861000396,0.011327617354463682,-0.015593604767173681,-0.03584524836521834,0.003043698914610967,0.0016349144472741495,0.0013287759609744685,0.022540275004839856,-0.0232244603742597,0.003750207773135149,-0.05119599621571334,0.5206922672114332,0.0,0.1040975994278233,0.021910721207131334,0.0053831072100498836,0.0024079137379728324,0.013366167146437853,0.005466676035475884,-0.008111092658786899,0.0003947618670540334,-0.005523685953802548,0.0030061421349929338,0.00018068852118584972,0.0003087249246793169,0.02452542048582867,0.010924448705133837,0.017558077396676756,0.013552137446582131,0.1040975994278233,-0.021910721207131334,0.11693740528628162,0.0,0.05749860362475831,0.007915659599987584,0.0159907189738075,-0.013359265343308634,0.09744058410226666,0.019848827683984337,3.299856888668341e-05,-0.002736450339991266,0.0005596509399327131,-0.0009425024241767853,-0.0011135979138213999,0.0019518662121015,-0.0051750629008590334,0.00672386991233344,0.0053831072100498836,-0.0024079137379728324,0.05749860362475831,-0.007915659599987584,-0.14930623953708339,0.0,-0.09003493440442831,-0.00011934937530625001,0.021647704164041662,-0.005574996883847326,0.00109576317776915,9.562483562019991e-05,-0.00012175492841545015,-0.000395402053372593,0.009453301802181631,0.0006475703674166336,-0.012394696156084668,-0.012569524861000396,0.013366167146437853,-0.005466676035475884,0.0159907189738075,0.013359265343308634,-0.09003493440442831,0.00011934937530625001,-0.022778000349660595,0.0,-0.03282558292061168,0.026673731653728494,0.002985788472883216,0.008760991632483848,0.0008033317961895839,-0.0009285290155266413,0.00197760902381415,0.01620729602574883,0.011327617354463682,0.015593604767173681,-0.008111092658786899,-0.0003947618670540334,0.09744058410226666,-0.019848827683984337,0.021647704164041662,0.005574996883847326,-0.03282558292061168,-0.026673731653728494,-0.058262014645265,0.0,-0.0025920651461850174,0.003402513862690184,-0.0003113807986491033,-0.0007599486078183834,-0.034145894222178334,0.020276313578532334,-0.03584524836521834,-0.003043698914610967,-0.005523685953802548,-0.0030061421349929338,3.299856888668341e-05,0.002736450339991266,0.00109576317776915,-9.562483562019991e-05,0.002985788472883216,-0.008760991632483848,-0.0025920651461850174,-0.003402513862690184,-0.058776814165355004,0.0,0.9997304296237831
0.47700000000000026,0.001552618926709784,0.0,0.0006243213563752167,0.0006032468711238534,-0.0017084154797167503,0.0010720972694559488,-0.00015720881573038305,0.002086915865891183,0.00011781217851799383,0.00040188792584086624,-0.0010392575954702831,-0.00028340067540992027,-0.00018615810505343344,-0.00039449777641034997,-0.00120562549655391,-0.00010645325640861668,-0.0002880944159525651,-0.0007668209971353467,0.0006243213563752167,-0.0006032468711238534,0.19079512892808326,0.0,0.29137842260061664,-0.023245632226325832,0.02245270731806442,0.023151161030023258,0.02450110426273733,-0.010992986778273034,-0.0011252249136574665,-0.0017824966860950332,0.009433767801457498,-0.0007491606829028,0.0021307870173517,-0.016174267701083118,-0.03385872800500166,-0.02015273435345083,-0.0017084154797167503,-0.0010720972694559488,0.29137842260061664,0.023245632226325832,0.45845565590681686,0.0,0.0035243374707913506,0.05109171356216733,0.017489015367624934,-0.013635700028619665,-0.005331028848904783,-0.006587856842458499,-0.012360258487935868,0.012580338306303337,0.011503926314083517,-0.015637184469419314,-0.03563898403789,0.002900572054627766,-0.00015720881573038305,-0.002086915865891183,0.02245270731806442,-0.023151161030023258,0.0035243374707913506,-0.05109171356216733,0.5218267201124334,0.0,0.10431510554159334,0.02212195385644467,0.005341851973511174,0.0021998458517718,0.013456597905026613,0.005506260704992949,-0.008070175677210516,0.00033507401311350007,-0.005474778248915868,0.002944580545639263,0.00011781217851799383,-0.00040188792584086624,0.02450110426273733,0.010992986778273034,0.017489015367624934,0.013635700028619665,0.10431510554159334,-0.02212195385644467,0.11702077069251668,0.0,0.05743886440531668,0.007852081881168467,0.016068681894868268,-0.01341316235083944,0.09749818847204662,0.01981530891728734,1.5215176913378433e-05,-0.0027676051263140237,-0.0010392575954702831,0.00028340067540992027,-0.0011252249136574665,0.0017824966860950332,-0.005331028848904783,0.006587856842458499,0.005341851973511174,-0.0021998458517718,0.05743886440531668,-0.007852081881168467,-0.14951859184513336,0.0,-0.09001912973230836,-0.0001856214515253167,0.02165933993604133,-0.005535518031307406,0.0011011316959449,5.330853198594499e-05,-0.00018615810505343344,0.00039449777641034997,0.009433767801457498,0.0007491606829028,-0.012360258487935868,-0.012580338306303337,0.013456597905026613,-0.005506260704992949,0.016068681894868268,0.01341316235083944,-0.09001912973230836,0.0001856214515253167,-0.022943528892407004,0.0,-0.032848855809891685,0.02662764935396,0.002935913138340666,0.008838263782143387,-0.00120562549655391,0.00010645325640861668,0.0021307870173517,0.016174267701083118,0.011503926314083517,0.015637184469419314,-0.008070175677210516,-0.00033507401311350007,0.09749818847204662,-0.01981530891728734,0.02165933993604133,0.005535518031307406,-0.032848855809891685,-0.02662764935396,-0.05836166839759333,0.0,-0.0026529870420278065,0.0034116487094903876,-0.0002880944159525651,0.0007668209971353467,-0.03385872800500166,0.02015273435345083,-0.03563898403789,-0.002900572054627766,-0.005474778248915868,-0.002944580545639263,1.5215176913378433e-05,0.0027676051263140237,0.0011011316959449,-5.330853198594499e-05,0.002935913138340666,-0.008838263782143387,-0.0026529870420278065,-0.0034116487094903876,-0.059096859374663344,0.0,0.9997302460566667
0.4780000000000006,0.0015524353698217663,0.0,-0.0008775203795058831,1.7585541488756166e-05,0.0004645985399050799,-0.0019911652344397042,-0.0014035988864111,-0.0015336703898044257,-0.0004382165069782671,-0.00021139851493795012,0.0009253495797891172,-0.0004862686038044831,0.00041016189713646666,0.00016969362002198338,0.0009303857137366584,-0.0007420650502965167,0.0006989036715064331,0.0003623228132319335,-0.0008775203795058831,-1.7585541488756166e-05,0.19007059590265005,0.0,0.29126489516369997,-0.024148385778475508,0.02235711399634866,0.023067376694928244,0.02447101532758051,-0.011067372653372686,-0.0011299030379932232,-0.0016400181236455066,0.009432438469282583,-0.0008447359163589001,0.002259465894582716,-0.016147780346736317,-0.03362809289993836,-0.019979256111699498,0.0004645985399050799,0.0019911652344397042,0.29126489516369997,0.024148385778475508,0.4587585679145499,0.0,0.003251336053518673,0.05103247712423949,0.017438033078100636,-0.013672281339502117,-0.005489763022649053,-0.006451937713854781,-0.01230504562977022,0.012578005914052165,0.011623692225228903,-0.015692299785701448,-0.035456683867170005,0.002788931794791311,-0.0014035988864111,0.0015336703898044257,0.02235711399634866,-0.023067376694928244,0.003251336053518673,-0.05103247712423949,0.5229649161577167,0.0,0.10447630344041832,0.022332258659613826,0.005368083798674517,0.0019963114655939997,0.013519930994935977,0.005518340021442649,-0.008063332686890167,0.0002788597095989498,-0.005469587481637514,0.0029349088338240835,-0.0004382165069782671,0.00021139851493795012,0.02447101532758051,0.011067372653372686,0.017438033078100636,0.013672281339502117,0.10447630344041832,-0.022332258659613826,0.11709617703864332,0.0,0.05740133932061165,0.007751913488750516,0.016162471768366788,-0.013451590542121498,0.09754371075930335,0.01977642075475667,-2.098104746238344e-05,-0.002797390628972251,0.0009253495797891172,0.0004862686038044831,-0.0011299030379932232,0.0016400181236455066,-0.005489763022649053,0.006451937713854781,0.005368083798674517,-0.0019963114655939997,0.05740133932061165,-0.007751913488750516,-0.14972558398923327,0.0,-0.08996995454043163,-0.00026896490966841645,0.021665060743539667,-0.005493272375764983,0.0011245551664463996,2.4827137991208515e-05,0.00041016189713646666,-0.00016969362002198338,0.009432438469282583,0.0008447359163589001,-0.01230504562977022,-0.012578005914052165,0.013519930994935977,-0.005518340021442649,0.016162471768366788,0.013451590542121498,-0.08996995454043163,0.00026896490966841645,-0.02311034901218644,0.0,-0.03282428324202833,0.026613548033730165,0.0028922095485750003,0.00890402448571779,0.0009303857137366584,0.0007420650502965167,0.002259465894582716,0.016147780346736317,0.011623692225228903,0.015692299785701448,-0.008063332686890167,-0.0002788597095989498,0.09754371075930335,-0.01977642075475667,0.021665060743539667,0.005493272375764983,-0.03282428324202833,-0.026613548033730165,-0.05846119208983001,0.0,-0.00269603721817357,0.003419502090123302,0.0006989036715064331,-0.0003623228132319335,-0.03362809289993836,0.019979256111699498,-0.035456683867170005,-0.002788931794791311,-0.005469587481637514,-0.0029349088338240835,-2.098104746238344e-05,0.002797390628972251,0.0011245551664463996,-2.4827137991208515e-05,0.0028922095485750003,-0.00890402448571779,-0.00269603721817357,-0.003419502090123302,-0.05941550479886001,0.0,0.9997300624931165
0.4789999999999994,0.0015522518167557001,0.0,0.0006151602233227333,-0.0006674346791379498,0.0010808403482254895,0.0017649885280962665,0.0020653280676581165,8.043351048924822e-06,0.0005079267064934802,-0.00020073795406246354,-0.0003478216319931,0.0009560021867426515,-0.00041959307638475004,0.00014273039709939965,-0.00017194918920485024,0.0011506291640866995,-0.0006980203824679368,0.0001662698438390401,0.0006151602233227333,0.0006674346791379498,0.18930997265933328,0.0,0.29109832205596675,-0.02502136170277416,0.022280993865038234,0.02301494778320845,0.024422199975170342,-0.011136290959744388,-0.001167603503229058,-0.001521525088112385,0.0094463579419419,-0.0009266733450490821,0.0023764918822114017,-0.016119480215117152,-0.033426109321173327,-0.019786731902421174,0.0010808403482254895,-0.0017649885280962665,0.29109832205596675,0.02502136170277416,0.4590951399050667,0.0,0.0029474477360079496,0.05099968941141199,0.01739888314263172,-0.013695578929882182,-0.005639069021325129,-0.006316491533151616,-0.01226998723632314,0.012573704982788814,0.011745802670090698,-0.01572575782245237,-0.03531082238341833,0.0026946084793833995,0.0020653280676581165,-8.043351048924822e-06,0.022280993865038234,-0.02301494778320845,0.0029474477360079496,-0.05099968941141199,0.5241068456433167,0.0,0.10461207356871,0.02251888606882101,0.005420474737730483,0.001804096849268035,0.013598348937094265,0.00551369511807843,-0.00804134036721365,0.00025456580739127287,-0.005479706410177516,0.0029497052438664504,0.0005079267064934802,0.00020073795406246354,0.024422199975170342,0.011136290959744388,0.01739888314263172,0.013695578929882182,0.10461207356871,-0.02251888606882101,0.11716336509008667,0.0,0.05737571961840831,0.007639049010793138,0.01626453991551705,-0.013459811669203839,0.097585834313045,0.019730679313488333,-6.131767395879656e-05,-0.002848143500427216,-0.0003478216319931,-0.0009560021867426515,-0.001167603503229058,0.001521525088112385,-0.005639069021325129,0.006316491533151616,0.005420474737730483,-0.001804096849268035,0.05737571961840831,-0.007639049010793138,-0.14992649591993334,0.0,-0.08989491762087336,-0.00034140553096905006,0.021638257119783337,-0.005454768603300449,0.0011479145613215833,-4.917909080416789e-06,-0.00041959307638475004,-0.00014273039709939965,0.0094463579419419,0.0009266733450490821,-0.01226998723632314,-0.012573704982788814,0.013598348937094265,-0.00551369511807843,0.01626453991551705,0.013459811669203839,-0.08989491762087336,0.00034140553096905006,-0.023278977795623167,0.0,-0.03278039192472,0.026607401629683163,0.002861953123001167,0.0089859894824704,-0.00017194918920485024,-0.0011506291640866995,0.0023764918822114017,0.016119480215117152,0.011745802670090698,0.01572575782245237,-0.00804134036721365,-0.00025456580739127287,0.097585834313045,-0.019730679313488333,0.021638257119783337,0.005454768603300449,-0.03278039192472,-0.026607401629683163,-0.058560086857858365,0.0,-0.0027400240013149466,0.0034271516746516664,-0.0006980203824679368,-0.0001662698438390401,-0.033426109321173327,0.019786731902421174,-0.03531082238341833,-0.0026946084793833995,-0.005479706410177516,-0.0029497052438664504,-6.131767395879656e-05,0.002848143500427216,0.0011479145613215833,4.917909080416789e-06,0.002861953123001167,-0.0089859894824704,-0.0027400240013149466,-0.0034271516746516664,-0.05973213560811999,0.0,0.9997298789325166
0.48000000000000037,0.0015520682543560668,0.0,4.323951828941692e-05,0.0009584066393769519,-0.002018730053716389,-0.00048469533848618314,-0.0013997203652645332,0.0015201756942301828,-0.00022306839844851687,0.0005349621310406833,-0.0003928724996657167,-0.0009307229116292687,0.00022471171555440815,-0.000394220692040312,-0.0006337022276773004,-0.0009320366481142835,0.00038868214819244996,-0.0005289297777860998,4.323951828941692e-05,-0.0009584066393769519,0.18851431421316658,0.0,0.2908846725744499,-0.025882824733418176,0.022220641037292103,0.022975614659571555,0.024372393614348495,-0.011191520701295974,-0.0012304019426104165,-0.001374548772890335,0.009451040350237536,-0.0009918441680883167,0.002492266532647747,-0.01607260195038395,-0.033206692304186665,-0.01960557787496384,-0.002018730053716389,0.00048469533848618314,0.2908846725744499,0.025882824733418176,0.45946416970313336,0.0,0.0026152154883497558,0.05096638026043066,0.01734780036428812,-0.013769975715867319,-0.005786621913265598,-0.00618447449889495,-0.01229428825427172,0.012581070795362113,0.011901992229414233,-0.015692232867355837,-0.035179172310891675,0.0026213328422051664,-0.0013997203652645332,-0.0015201756942301828,0.022220641037292103,-0.022975614659571555,0.0026152154883497558,-0.05096638026043066,0.5252522591177832,0.0,0.10478255019837332,0.02270169123974301,0.005469256562420315,0.0016136956787646997,0.013700312650352866,0.005524461538046084,-0.00798352496571725,0.00025250113020115,-0.005442534348981668,0.002933459799079301,-0.00022306839844851687,-0.0005349621310406833,0.024372393614348495,0.011191520701295974,0.01734780036428812,0.013769975715867319,0.10478255019837332,-0.02270169123974301,0.11722290675629998,0.0,0.05736227277559668,0.0075572389830664164,0.016375377753236397,-0.013473822445361999,0.09764538253010001,0.019687793912647838,-7.006920350519998e-05,-0.002921563824691583,-0.0003928724996657167,0.0009307229116292687,-0.0012304019426104165,0.001374548772890335,-0.005786621913265598,0.00618447449889495,0.005469256562420315,-0.0016136956787646997,0.05736227277559668,-0.0075572389830664164,-0.15012216428875005,0.0,-0.08983596138781334,-0.00039770563223360015,0.021605170147553164,-0.005416271670776716,0.001157508036069082,-4.312441006763344e-05,0.00022471171555440815,0.000394220692040312,0.009451040350237536,0.0009918441680883167,-0.01229428825427172,-0.012581070795362113,0.013700312650352866,-0.005524461538046084,0.016375377753236397,0.013473822445361999,-0.08983596138781334,0.00039770563223360015,-0.02344888242900386,0.0,-0.03274979928551666,0.026587578874767995,0.002830491942006366,0.009068990336822963,-0.0006337022276773004,0.0009320366481142835,0.002492266532647747,0.01607260195038395,0.011901992229414233,0.015692232867355837,-0.00798352496571725,-0.00025250113020115,0.09764538253010001,-0.019687793912647838,0.021605170147553164,0.005416271670776716,-0.03274979928551666,-0.026587578874767995,-0.058658264621163324,0.0,-0.0028010053485851504,0.0034268803225318556,0.00038868214819244996,0.0005289297777860998,-0.033206692304186665,0.01960557787496384,-0.035179172310891675,-0.0026213328422051664,-0.005442534348981668,-0.002933459799079301,-7.006920350519998e-05,0.002921563824691583,0.001157508036069082,4.312441006763344e-05,0.002830491942006366,-0.009068990336822963,-0.0028010053485851504,-0.0034268803225318556,-0.060046711342178316,0.0,0.9997296953641165
0.4810000000000007,0.001551884672385033,0.0,-0.0007252099947848184,-0.0006925579932870168,0.0017766493931557843,-0.0010882399978263827,-0.0001670671036225168,-0.002084741321096367,-0.00022712542035111847,-0.0005456718091029169,0.0009296123690843333,0.00040932606645392494,0.00010982441287181643,0.00046305280875491003,0.0010563742690632048,0.00024207687171413342,5.04419125879e-05,0.0006273759048460166,-0.0007252099947848184,0.0006925579932870168,0.18768350056743335,0.0,0.29064035540624994,-0.026771413125110326,0.022129832613356663,0.02289618913098683,0.02433243962223133,-0.011236714838498897,-0.0012875420043858997,-0.0011973938993256863,0.009441904884168333,-0.001045688768805567,0.0025900346539051503,-0.0160105830683195,-0.03297819362229501,-0.019431380951233666,0.0017766493931557843,0.0010882399978263827,0.29064035540624994,0.026771413125110326,0.45986585583263345,0.0,0.002239328770221434,0.050955150097561006,0.017280043559952,-0.01387752045746058,-0.005937073586775604,-0.006057492047206969,-0.012346288498987779,0.012607521504600618,0.01204257543706529,-0.01559320623423487,-0.03504047585083834,0.002583615067758216,-0.0001670671036225168,0.002084741321096367,0.022129832613356663,-0.02289618913098683,0.002239328770221434,-0.050955150097561006,0.5264014035633836,0.0,0.10495898446481333,0.022891206027261277,0.005540301211313368,0.0014154383680010504,0.0138013870174846,0.005552901222447079,-0.007920501869818502,0.00023918800691516664,-0.005359519429853384,0.0028828071109588834,-0.00022712542035111847,0.0005456718091029169,0.02433243962223133,0.011236714838498897,0.017280043559952,0.01387752045746058,0.10495898446481333,-0.022891206027261277,0.11727534437412832,0.0,0.057363678984065025,0.0074956396684736646,0.01649285634483562,-0.013512795326745332,0.09771137803078835,0.019655511530936663,-4.473282309121673e-05,-0.0029869259871281666,0.0009296123690843333,-0.00040932606645392494,-0.0012875420043858997,0.0011973938993256863,-0.005937073586775604,0.006057492047206969,0.005540301211313368,-0.0014154383680010504,0.057363678984065025,-0.0074956396684736646,-0.15031352590490002,0.0,-0.08979365078167165,-0.00045775952697952476,0.021604527057878,-0.005374782867529531,0.0011617295463900964,-7.333473903044508e-05,0.00010982441287181643,-0.00046305280875491003,0.009441904884168333,0.001045688768805567,-0.012346288498987779,-0.012607521504600618,0.0138013870174846,-0.005552901222447079,0.01649285634483562,0.013512795326745332,-0.08979365078167165,0.00045775952697952476,-0.023619669248413848,0.0,-0.03272357194802666,0.02656223057507599,0.0027898009145779176,0.009125530143810836,0.0010563742690632048,-0.00024207687171413342,0.0025900346539051503,0.0160105830683195,0.01204257543706529,0.01559320623423487,-0.007920501869818502,-0.00023918800691516664,0.09771137803078835,-0.019655511530936663,0.021604527057878,0.005374782867529531,-0.03272357194802666,-0.02656223057507599,-0.05875604945374167,0.0,-0.002861841521989366,0.0034113017115438224,5.04419125879e-05,-0.0006273759048460166,-0.03297819362229501,0.019431380951233666,-0.03504047585083834,-0.002583615067758216,-0.005359519429853384,-0.0028828071109588834,-4.473282309121673e-05,0.0029869259871281666,0.0011617295463900964,7.333473903044508e-05,0.0027898009145779176,-0.009125530143810836,-0.002861841521989366,-0.0034113017115438224,-0.06035923262839666,0.0,0.9997295117749164
0.48199999999999954,0.0015517010871504836,0.0,0.0010323863961428355,-5.198777647166851e-06,-0.0005131448875939935,0.0020437267755059694,0.0016587855428264497,0.0013302068480824495,0.000561344965721183,0.00021745283106718323,-0.0009606110122505495,0.00032461717712878676,-0.00041044242659451916,-0.00027076144676703337,-0.0009054157200080233,0.0005155157688014167,-0.00043383012171534994,-0.00042104929955373,0.0010323863961428355,5.198777647166851e-06,0.18681679450921668,0.0,0.29040483875824996,-0.027668001786365342,0.021996861208928752,0.022780536588149127,0.024288874571551336,-0.0112778543778348,-0.0013389242548778857,-0.00105767301880277,0.0094502565987162,-0.0010969987905720833,0.002655272496156916,-0.015955688201671665,-0.03278837071680833,-0.01925272550475583,-0.0005131448875939935,-0.0020437267755059694,0.29040483875824996,0.027668001786365342,0.4603002562378167,0.0,0.0018280018276709163,0.05101633896100433,0.01721991224715188,-0.013947185220479882,-0.006083349323399934,-0.0059302348458822336,-0.012368798239526189,0.012654576670532984,0.012120479116472915,-0.015476110785824983,-0.034912358216605,0.002575188608627083,0.0016587855428264497,-0.0013302068480824495,0.021996861208928752,-0.022780536588149127,0.0018280018276709163,-0.05101633896100433,0.5275546262552333,0.0,0.10508848988237836,0.02305196869552716,0.005667356271209861,0.0012199772744348007,0.013896889949270467,0.005582507617510515,-0.007876425358310167,0.0002113991891749502,-0.0052917353557370836,0.0028354103558907834,0.000561344965721183,-0.00021745283106718323,0.024288874571551336,0.0112778543778348,0.01721991224715188,0.013947185220479882,0.10508848988237836,-0.02305196869552716,0.11732091556654667,0.0,0.05738509250158501,0.007404357645329698,0.01660853915167247,-0.013548237561021999,0.09776760759415,0.01963432193622667,-1.6870663637799858e-05,-0.0030296659077985173,-0.0009606110122505495,-0.00032461717712878676,-0.0013389242548778857,0.00105767301880277,-0.006083349323399934,0.0059302348458822336,0.005667356271209861,-0.0012199772744348007,0.05738509250158501,-0.007404357645329698,-0.15050007808455004,0.0,-0.08974069672454336,-0.0005330974255829333,0.0216302208374165,-0.005337873995297773,0.0011702367679160134,-8.360213678836109e-05,-0.00041044242659451916,0.00027076144676703337,0.0094502565987162,0.0010969987905720833,-0.012368798239526189,-0.012654576670532984,0.013896889949270467,-0.005582507617510515,0.01660853915167247,0.013548237561021999,-0.08974069672454336,0.0005330974255829333,-0.023791775062601262,0.0,-0.032683364542088346,0.026551506224059,0.002750954270396534,0.009169136210613667,-0.0009054157200080233,-0.0005155157688014167,0.002655272496156916,0.015955688201671665,0.012120479116472915,0.015476110785824983,-0.007876425358310167,-0.0002113991891749502,0.09776760759415,-0.01963432193622667,0.0216302208374165,0.005337873995297773,-0.032683364542088346,-0.026551506224059,-0.05885368347918501,0.0,-0.002897972521756247,0.0033833380164014657,-0.00043383012171534994,0.00042104929955373,-0.03278837071680833,0.01925272550475583,-0.034912358216605,-0.002575188608627083,-0.0052917353557370836,-0.0028354103558907834,-1.6870663637799858e-05,0.0030296659077985173,0.0011702367679160134,8.360213678836109e-05,0.002750954270396534,-0.009169136210613667,-0.002897972521756247,-0.0033833380164014657,-0.060669428847215,0.0,0.9997293281824835
0.4830000000000004,0.0015515175102226327,0.0,-0.00074964628774415,0.0007705675931884667,-0.0010650493131071504,-0.0018411153065475171,-0.002130798694688989,0.0002964440923972451,-0.0005592592142506434,0.00027404280550264045,0.0005032026339775419,-0.0008680885623551005,0.0004908619373717499,-7.358452014633321e-05,0.0003210393410145333,-0.0009561374527764164,0.0005511217855242549,3.2919431934433425e-05,-0.00074964628774415,-0.0007705675931884667,0.18591512913618338,0.0,0.2901867445134,-0.028510029916549832,0.0218704534526447,0.022684488429354364,0.024226518864521516,-0.011311785530301929,-0.001413288702327767,-0.000993196998777913,0.009487746230585148,-0.0011487969650982525,0.0027082240145612905,-0.015915113230324667,-0.03263623474138501,-0.019077152677816667,-0.0010650493131071504,0.0018411153065475171,0.2901867445134,0.028510029916549832,0.46076548383685006,0.0,0.0014183263134556175,0.05112702197147652,0.017181734101553,-0.013969530315495502,-0.006222331984637393,-0.0057979330212298485,-0.012369886550053636,0.01270794366898412,0.012170208872878415,-0.015366193949425453,-0.03481777017141833,0.002562248382398884,-0.002130798694688989,-0.0002964440923972451,0.0218704534526447,-0.022684488429354364,0.0014183263134556175,-0.05112702197147652,0.5287116646890333,0.0,0.10518442754454999,0.023153844873430664,0.005832780437664147,0.001039393232043785,0.01401195196655794,0.0056227622960406285,-0.007838523947319518,0.0002061149179260451,-0.005257479400709433,0.0028133417911695,-0.0005592592142506434,-0.00027404280550264045,0.024226518864521516,0.011311785530301929,0.017181734101553,0.013969530315495502,0.10518442754454999,-0.023153844873430664,0.11736022830199501,0.0,0.057420496680389996,0.007276671797387668,0.016706413384870902,-0.013553022398188166,0.09781935300104666,0.01962092955796384,-1.3596848127716763e-06,-0.0030708707424570835,0.0005032026339775419,0.0008680885623551005,-0.001413288702327767,0.000993196998777913,-0.006222331984637393,0.0057979330212298485,0.005832780437664147,-0.001039393232043785,0.057420496680389996,-0.007276671797387668,-0.15068076574319997,0.0,-0.08967051117241837,-0.00060583150321845,0.02164363497909017,-0.00530660165014185,0.0011799004689265246,-8.82909644833116e-05,0.0004908619373717499,7.358452014633321e-05,0.009487746230585148,0.0011487969650982525,-0.012369886550053636,-0.01270794366898412,0.01401195196655794,-0.0056227622960406285,0.016706413384870902,0.013553022398188166,-0.08967051117241837,0.00060583150321845,-0.02396573167256566,0.0,-0.03264254483464334,0.026547842752243336,0.00272287806943555,0.009233349778327302,0.0003210393410145333,0.0009561374527764164,0.0027082240145612905,0.015915113230324667,0.012170208872878415,0.015366193949425453,-0.007838523947319518,-0.0002061149179260451,0.09781935300104666,-0.01962092955796384,0.02164363497909017,0.00530660165014185,-0.03264254483464334,-0.026547842752243336,-0.05895119156820668,0.0,-0.002912305701632184,0.003351475927278518,0.0005511217855242549,-3.2919431934433425e-05,-0.03263623474138501,0.019077152677816667,-0.03481777017141833,-0.002562248382398884,-0.005257479400709433,-0.0028133417911695,-1.3596848127716763e-06,0.0030708707424570835,0.0011799004689265246,8.82909644833116e-05,0.00272287806943555,-0.009233349778327302,-0.002912305701632184,-0.003351475927278518,-0.0609771898919,0.0,0.9997291445987166
0.4840000000000007,0.0015513339376187504,0.0,-3.404765083588325e-05,-0.0011437472671336835,0.00204003124050275,0.0005602391790306665,0.0012478702183980727,-0.0017748026247738841,0.00018673531772347713,-0.0006207113390711634,0.0001966621633448834,0.0009790744214274165,-0.0003252126115224499,0.000387436458066285,0.00038398060214228327,0.0009056784776339332,-0.0003960132159501098,0.0003030586621057168,-3.404765083588325e-05,0.0011437472671336835,0.18498144673628328,0.0,0.28994908879660003,-0.02927299344339284,0.021791510924721313,0.02262241054717567,0.02416427700952984,-0.011333816549925983,-0.0015223127991246714,-0.0009551918387168487,0.009514464765408185,-0.0012004660831716229,0.0027766243116121056,-0.015868447125788835,-0.03246778340553666,-0.018913589103788993,0.00204003124050275,-0.0005602391790306665,0.28994908879660003,0.02927299344339284,0.4612587505591834,0.0,0.001035735874948283,0.051198545103316666,0.01715479582402826,-0.014006704276593502,-0.006364683738997888,-0.005666968424945753,-0.0124012355605006,0.01274721116996438,0.012259062788712865,-0.0152380646537004,-0.034745049304643325,0.002526258572976517,0.0012478702183980727,0.0017748026247738841,0.021791510924721313,-0.02262241054717567,0.001035735874948283,-0.051198545103316666,0.52987155331645,0.0,0.10529547096283497,0.023227029990243675,0.005994765154255835,0.0008710969728700235,0.014149266984765284,0.005698836407662821,-0.007781592371629032,0.00024184883388556666,-0.005201176436427501,0.002807600561753933,0.00018673531772347713,0.0006207113390711634,0.02416427700952984,0.011333816549925983,0.01715479582402826,0.014006704276593502,0.10529547096283497,-0.023227029990243675,0.11739428389079169,0.0,0.05745367778748334,0.0071589541237805,0.016782265562647662,-0.013547017359444332,0.09788061831707667,0.01960721654387033,2.0654435466541545e-05,-0.0031277836345694494,0.0001966621633448834,-0.0009790744214274165,-0.0015223127991246714,0.0009551918387168487,-0.006364683738997888,0.005666968424945753,0.005994765154255835,-0.0008710969728700235,0.05745367778748334,-0.0071589541237805,-0.15085584970045,0.0,-0.08960744175042498,-0.0006546711224189666,0.021637724287825663,-0.005269928963412249,0.0011846848478843652,-0.00011106108618527501,-0.0003252126115224499,-0.000387436458066285,0.009514464765408185,0.0012004660831716229,-0.0124012355605006,-0.01274721116996438,0.014149266984765284,-0.005698836407662821,0.016782265562647662,0.013547017359444332,-0.08960744175042498,0.0006546711224189666,-0.024141132815652496,0.0,-0.03262841944326833,0.02652313879516899,0.0026945915058038594,0.009307876158961666,0.00038398060214228327,-0.0009056784776339332,0.0027766243116121056,0.015868447125788835,0.012259062788712865,0.0152380646537004,-0.007781592371629032,-0.00024184883388556666,0.09788061831707667,-0.01960721654387033,0.021637724287825663,0.005269928963412249,-0.03262841944326833,-0.02652313879516899,-0.059048674425120004,0.0,-0.0029269855180163607,0.003319761404135916,-0.0003960132159501098,-0.0003030586621057168,-0.03246778340553666,0.018913589103788993,-0.034745049304643325,-0.002526258572976517,-0.005201176436427501,-0.002807600561753933,2.0654435466541545e-05,0.0031277836345694494,0.0011846848478843652,0.00011106108618527501,0.0026945915058038594,-0.009307876158961666,-0.0029269855180163607,-0.003319761404135916,-0.061282750480131674,0.0,0.9997289610193666
0.4849999999999996,0.0015511503519987334,0.0,0.0008819654888252166,0.0008336315121772353,-0.0018046255930513667,0.0010359443650597548,0.00045707839173120024,0.0021496803083779223,0.00033762029451642835,0.0005859707682665498,-0.0008123029010208719,-0.0005881483174464338,-2.5684964687366607e-05,-0.0005280429859451242,-0.0008749025176149668,-0.0004043093261581815,8.197649820390004e-05,-0.0004772665802991999,0.0008819654888252166,-0.0008336315121772353,0.18401810240086666,0.0,0.2896936043293834,-0.030002950778801503,0.021735317612364483,0.022557996083805664,0.024132870641368504,-0.011348793395915626,-0.0016376953604851834,-0.0008867823932832334,0.009493270931136468,-0.0012533957821519435,0.002860184970931266,-0.015807406816632164,-0.03226516020121166,-0.018751466022557332,-0.0018046255930513667,-0.0010359443650597548,0.2896936043293834,0.030002950778801503,0.4617787448139167,0.0,0.000676282507153483,0.051202337610876676,0.01712798159631267,-0.014083195641375536,-0.0065229691159017665,-0.00555006713210865,-0.012466229357585734,0.01276234428526741,0.01238458292716708,-0.015078790512512614,-0.03466629540187668,0.002485784229416668,0.00045707839173120024,-0.0021496803083779223,0.021735317612364483,-0.022557996083805664,0.000676282507153483,-0.051202337610876676,0.53103370934455,0.0,0.10542310732055167,0.02332217982819005,0.006153086921875747,0.0007131387361829667,0.014272016084843651,0.005807146471544967,-0.007712186195157247,0.00028323613208198356,-0.0050946517806731385,0.0028062296999843738,0.00033762029451642835,-0.0005859707682665498,0.024132870641368504,0.011348793395915626,0.01712798159631267,0.014083195641375536,0.10542310732055167,-0.02332217982819005,0.11742352809253336,0.0,0.05748180739987832,0.007081679844391035,0.0168522746620979,-0.01356848310637583,0.09796162827165666,0.019584709646493337,6.224098846064993e-05,-0.003189320453203584,-0.0008123029010208719,0.0005881483174464338,-0.0016376953604851834,0.0008867823932832334,-0.0065229691159017665,0.00555006713210865,0.006153086921875747,-0.0007131387361829667,0.05748180739987832,-0.007081679844391035,-0.15102676457818337,0.0,-0.08957241950487332,-0.0006892137183468452,0.021648137371390166,-0.005220874886953233,0.0011890732135395965,-0.00015361654795833347,-2.5684964687366607e-05,0.0005280429859451242,0.009493270931136468,0.0012533957821519435,-0.012466229357585734,-0.01276234428526741,0.014272016084843651,-0.005807146471544967,0.0168522746620979,0.01356848310637583,-0.08957241950487332,0.0006892137183468452,-0.024317127649527162,0.0,-0.03263536522894334,0.026477062013198507,0.002650849845004316,0.009352045111894683,-0.0008749025176149668,0.0004043093261581815,0.002860184970931266,0.015807406816632164,0.01238458292716708,0.015078790512512614,-0.007712186195157247,-0.00028323613208198356,0.09796162827165666,-0.019584709646493337,0.021648137371390166,0.005220874886953233,-0.03263536522894334,-0.026477062013198507,-0.059146288977151656,0.0,-0.0029477305296653137,0.0032890314184612674,8.197649820390004e-05,0.0004772665802991999,-0.03226516020121166,0.018751466022557332,-0.03466629540187668,-0.002485784229416668,-0.0050946517806731385,-0.0028062296999843738,6.224098846064993e-05,0.003189320453203584,0.0011890732135395965,0.00015361654795833347,0.002650849845004316,-0.009352045111894683,-0.0029477305296653137,-0.0032890314184612674,-0.061586276372643335,0.0,0.9997287774256667
0.48600000000000043,0.0015509667551596175,0.0,-0.0012585529067501004,2.387327773415008e-05,0.0005235112358605735,-0.0019882941166638325,-0.0019129941360354669,-0.00114939570888355,-0.0006997223045667167,-0.00016175680096786662,0.0009948756882738336,-0.000126478938735422,0.0004002048045290335,0.0003801323408274829,0.0009036162675220332,-0.00029626169311403294,0.0002801129424401221,0.0004092892681439482,-0.0012585529067501004,-2.387327773415008e-05,0.1830252914148167,0.0,0.2894097245963667,-0.030737522189182836,0.021660559234339846,0.02247192191246834,0.024119864383815835,-0.01136390051884007,-0.0017276585238799045,-0.0008061501514814499,0.00944356796139595,-0.0013133345569831766,0.0029427701796837674,-0.015745443679068164,-0.032071295873001664,-0.018570869781957492,0.0005235112358605735,0.0019882941166638325,0.2894097245963667,0.030737522189182836,0.46232574730589987,0.0,0.0003377142350341337,0.05119278355406002,0.01709844273498017,-0.014144860068946018,-0.006698127512801819,-0.005447526339276523,-0.012507341231059252,0.012755948671832863,0.01248197430078055,-0.014928547224481996,-0.034571276048379986,0.002461677720979701,-0.0019129941360354669,0.00114939570888355,0.021660559234339846,-0.02247192191246834,0.0003377142350341337,-0.05119278355406002,0.53219815201145,0.0,0.10550670821792832,0.023425024378157154,0.006338361976479959,0.0005854913183048832,0.014354702869397233,0.005909596778787758,-0.007662822702677097,0.0002896371600135999,-0.004991527396432661,0.002807621155425145,-0.0006997223045667167,0.00016175680096786662,0.024119864383815835,0.01136390051884007,0.01709844273498017,0.014144860068946018,0.10550670821792832,-0.023425024378157154,0.11744766000377667,0.0,0.057512010305698316,0.007016313768178766,0.01692945295292548,-0.013609026150320835,0.0980342766193917,0.019545165424574334,0.00010495633226941664,-0.0032469987407064437,0.0009948756882738336,0.000126478938735422,-0.0017276585238799045,0.0008061501514814499,-0.006698127512801819,0.005447526339276523,0.006338361976479959,-0.0005854913183048832,0.057512010305698316,-0.007016313768178766,-0.15119414865890002,0.0,-0.08952771765605497,-0.0007387626167423166,0.021688718443332825,-0.005168708830072449,0.0011991980239846366,-0.00019826534291817846,0.0004002048045290335,-0.0003801323408274829,0.00944356796139595,0.0013133345569831766,-0.012507341231059252,-0.012755948671832863,0.014354702869397233,-0.005909596778787758,0.01692945295292548,0.013609026150320835,-0.08952771765605497,0.0007387626167423166,-0.024493704496300173,0.0,-0.03262302977394498,0.026435910940064165,0.0025954937187406646,0.009358782194434468,0.0009036162675220332,0.00029626169311403294,0.0029427701796837674,0.015745443679068164,0.01248197430078055,0.014928547224481996,-0.007662822702677097,-0.0002896371600135999,0.0980342766193917,-0.019545165424574334,0.021688718443332825,0.005168708830072449,-0.03262302977394498,-0.026435910940064165,-0.059243880272888336,0.0,-0.002965343769614154,0.003261262429201084,0.0002801129424401221,-0.0004092892681439482,-0.032071295873001664,0.018570869781957492,-0.034571276048379986,-0.002461677720979701,-0.004991527396432661,-0.002807621155425145,0.00010495633226941664,0.0032469987407064437,0.0011991980239846366,0.00019826534291817846,0.0025954937187406646,-0.009358782194434468,-0.002965343769614154,-0.003261262429201084,-0.06188749024051332,0.0,0.9997285938230834
0.48699999999999927,0.0015507831617697996,0.0,0.0008918870058580063,-0.0009426092736947186,0.001046173109985684,0.0017636407221995672,0.0021604604234761998,-0.0006250811495468339,0.0006416768991542985,-0.0004411466865611331,-0.0006400045395002933,0.0007558698963435165,-0.0005601598564356984,-5.412216347483318e-06,-0.0004566845884608669,0.00082966151843955,-0.0004750256678619997,-0.00010480210276249988,0.0008918870058580063,0.0009426092736947186,0.18200276040561678,0.0,0.2891285767601834,-0.031454202748649504,0.021582435111052335,0.022388100925248088,0.024097206860302665,-0.011384290253090366,-0.00179964062270005,-0.0007655489682797001,0.009413918347139847,-0.0013800593108137665,0.0030248249142119667,-0.015694945892604666,-0.03191968599996666,-0.018373772298172004,0.001046173109985684,-0.0017636407221995672,0.2891285767601834,0.031454202748649504,0.4628995423012334,0.0,2.8778611023388215e-05,0.05121381535774331,0.017068770012957733,-0.014160059724374669,-0.00688537032601555,-0.00535203977147305,-0.012503025831418992,0.012731237519427546,0.012535554589623032,-0.014823989062773667,-0.03447884981953667,0.002444893772724066,0.0021604604234761998,0.0006250811495468339,0.021582435111052335,-0.022388100925248088,2.8778611023388215e-05,-0.05121381535774331,0.5333647125668667,0.0,0.10555442216892173,0.02349179280610715,0.006551238205461016,0.0005086469505811,0.01441668627785498,0.00599581816298105,-0.007653951609206751,0.00027655820595292674,-0.004952211017718585,0.0028172500576665676,0.0006416768991542985,0.0004411466865611331,0.024097206860302665,0.011384290253090366,0.017068770012957733,0.014160059724374669,0.10555442216892173,-0.02349179280610715,0.1174665681461117,0.0,0.05756325904638666,0.0069320204606916035,0.017013173059914028,-0.013626243164189998,0.09809595524084334,0.019490174618288995,0.0001316409018328666,-0.0033170757938365465,-0.0006400045395002933,-0.0007558698963435165,-0.00179964062270005,0.0007655489682797001,-0.00688537032601555,0.00535203977147305,0.006551238205461016,-0.0005086469505811,0.05756325904638666,-0.0069320204606916035,-0.15135717401163334,0.0,-0.08944718772808333,-0.0008093686195334557,0.021727857183267994,-0.005121896350056992,0.0012152864649483646,-0.00024125275628310004,-0.0005601598564356984,5.412216347483318e-06,0.009413918347139847,0.0013800593108137665,-0.012503025831418992,-0.012731237519427546,0.01441668627785498,-0.00599581816298105,0.017013173059914028,0.013626243164189998,-0.08944718772808333,0.0008093686195334557,-0.02467188308782183,0.0,-0.03257811018830667,0.026418560569538,0.0025395659492359075,0.009368877072161398,-0.0004566845884608669,-0.00082966151843955,0.0030248249142119667,0.015694945892604666,0.012535554589623032,0.014823989062773667,-0.007653951609206751,-0.00027655820595292674,0.09809595524084334,-0.019490174618288995,0.021727857183267994,0.005121896350056992,-0.03257811018830667,-0.026418560569538,-0.05934088678788001,0.0,-0.00298433761547155,0.0032388400176139,-0.0004750256678619997,0.00010480210276249988,-0.03191968599996666,0.018373772298172004,-0.03447884981953667,-0.002444893772724066,-0.004952211017718585,-0.0028172500576665676,0.0001316409018328666,0.0033170757938365465,0.0012152864649483646,0.00024125275628310004,0.0025395659492359075,-0.009368877072161398,-0.00298433761547155,-0.0032388400176139,-0.06218601247229502,0.0,0.9997284102216999
0.4879999999999996,0.0015505995738764502,0.0,7.214248333601677e-05,0.0013619124986511508,-0.0019811176167637006,-0.0004715707689450167,-0.0009907143802556334,0.002017306124910017,-0.0001236413942421834,0.0008330443572988834,-3.584574855893336e-05,-0.0009750125002979083,0.0004160598273768502,-0.0003737407448505335,-0.00023138055026361183,-0.0009179922794493331,0.0003891867690803166,-0.00021731988668738343,7.214248333601677e-05,-0.0013619124986511508,0.18095204462639997,0.0,0.2888136809137834,-0.032102619695778004,0.02153879202218831,0.022316252280422576,0.02406521222453184,-0.011411435214576689,-0.0018822532429502827,-0.0007558113877733834,0.009403949041799867,-0.0014494568119883366,0.003114915800070549,-0.01563667019538055,-0.03177327344329668,-0.018170922293803002,-0.0019811176167637006,0.0004715707689450167,0.2888136809137834,0.032102619695778004,0.4634984020433499,0.0,-0.00025652979426866687,0.05122265982023,0.017033843353094547,-0.014178127349747292,-0.0070807487947809646,-0.0052643803105714,-0.012502514708434437,0.012678737015645047,0.012596063296206448,-0.014726298859522832,-0.03439682962155334,0.002418420208010466,-0.0009907143802556334,-0.002017306124910017,0.02153879202218831,-0.022316252280422576,-0.00025652979426866687,-0.05122265982023,0.5345326862911167,0.0,0.10560993172228832,0.023527310787198177,0.006756291232691216,0.0004711985470707899,0.01447610267247628,0.00608892389722895,-0.007667140871895314,0.00028549947040037147,-0.004953429330309452,0.002843779773943084,-0.0001236413942421834,-0.0008330443572988834,0.02406521222453184,0.011411435214576689,0.017033843353094547,0.014178127349747292,0.10560993172228832,-0.023527310787198177,0.11748077239118497,0.0,0.05762644261446166,0.006844031316758899,0.017093513928212362,-0.013602185553969165,0.09815436106708998,0.01942547898761316,0.000163310311723425,-0.0034093510915064514,-3.584574855893336e-05,0.0009750125002979083,-0.0018822532429502827,0.0007558113877733834,-0.0070807487947809646,0.0052643803105714,0.006756291232691216,-0.0004711985470707899,0.05762644261446166,-0.006844031316758899,-0.15151530794395002,0.0,-0.08933863047131499,-0.0008728188374552673,0.0217335336551,-0.005071864772439784,0.0012385941111839173,-0.0002967064164083766,0.0004160598273768502,0.0003737407448505335,0.009403949041799867,0.0014494568119883366,-0.012502514708434437,-0.012678737015645047,0.01447610267247628,-0.00608892389722895,0.017093513928212362,0.013602185553969165,-0.08933863047131499,0.0008728188374552673,-0.024852371033862165,0.0,-0.03252424122656665,0.02640258394588666,0.002487225095537916,0.00939930043828821,-0.00023138055026361183,0.0009179922794493331,0.003114915800070549,0.01563667019538055,0.012596063296206448,0.014726298859522832,-0.007667140871895314,-0.00028549947040037147,0.09815436106708998,-0.01942547898761316,0.0217335336551,0.005071864772439784,-0.03252424122656665,-0.02640258394588666,-0.05943682973509166,0.0,-0.0030237920282853554,0.0032176391874865163,0.0003891867690803166,0.00021731988668738343,-0.03177327344329668,0.018170922293803002,-0.03439682962155334,-0.002418420208010466,-0.004953429330309452,-0.002843779773943084,0.000163310311723425,0.0034093510915064514,0.0012385941111839173,0.0002967064164083766,0.002487225095537916,-0.00939930043828821,-0.0030237920282853554,-0.0032176391874865163,-0.06248176958571501,0.0,0.9997282266270002
0.48900000000000055,0.0015504159797648837,0.0,-0.0010982495037309668,-0.00095787410866505,0.0016661279167692453,-0.0010940636527873996,-0.0008454434695848002,-0.002092528562609916,-0.0005412646752489368,-0.0007052543122328499,0.0006920916146552567,0.0006793500405029944,-4.5239843288483014e-05,0.0005653829670545167,0.0007958401707454502,0.0005032645273411167,-0.00013502387982969842,0.0003888245858021666,-0.0010982495037309668,0.00095787410866505,0.1798758271633,0.0,0.2884639281713666,-0.03268946699001001,0.02152093510263633,0.02222810097793341,0.024058159133944837,-0.011448627881391034,-0.0019868557174083827,-0.0007163616136809669,0.009378358873580484,-0.0015147911773911436,0.0032094962533043996,-0.015552670174203536,-0.03159574372303666,-0.017963707496006672,0.0016661279167692453,0.0010940636527873996,0.2884639281713666,0.03268946699001001,0.4641202262887668,0.0,-0.0005415909976686003,0.051195100340186664,0.016992541274634437,-0.014256130626199499,-0.007289752585437706,-0.0051926086888643514,-0.01254477308256142,0.012598893297074299,0.012688758503315073,-0.014577597627701748,-0.03432297533951167,0.002397012346135334,-0.0008454434695848002,0.002092528562609916,0.02152093510263633,-0.02222810097793341,-0.0005415909976686003,-0.051195100340186664,0.5357015401981332,0.0,0.10569348194153333,0.023578323313917387,0.0069480635277250485,0.00044361369585605,0.014522957585653114,0.006197377621908584,-0.007668229574958251,0.0003159304399269364,-0.004924902841052726,0.0028955678301355666,-0.0005412646752489368,0.0007052543122328499,0.024058159133944837,0.011448627881391034,0.016992541274634437,0.014256130626199499,0.10569348194153333,-0.023578323313917387,0.11749077843694665,0.0,0.057687848672833344,0.006788703364428299,0.0171806881053472,-0.013566489575231506,0.0982246596339383,0.019358698434915493,0.00022936311603004642,-0.0034987028274138824,0.0006920916146552567,-0.0006793500405029944,-0.0019868557174083827,0.0007163616136809669,-0.007289752585437706,0.0051926086888643514,0.0069480635277250485,-0.00044361369585605,0.057687848672833344,-0.006788703364428299,-0.1516695368537334,0.0,-0.08924682582050837,-0.0009127220935005087,0.021728286633594326,-0.005009611083228917,0.0012738416015374333,-0.00036500545197568,-4.5239843288483014e-05,-0.0005653829670545167,0.009378358873580484,0.0015147911773911436,-0.01254477308256142,-0.012598893297074299,0.014522957585653114,-0.006197377621908584,0.0171806881053472,0.013566489575231506,-0.08924682582050837,0.0009127220935005087,-0.025034733284959327,0.0,-0.032487108168181664,0.026364928115157005,0.0024355423100206513,0.009417598738188966,0.0007958401707454502,-0.0005032645273411167,0.0032094962533043996,0.015552670174203536,0.012688758503315073,0.014577597627701748,-0.007668229574958251,-0.0003159304399269364,0.0982246596339383,-0.019358698434915493,0.021728286633594326,0.005009611083228917,-0.032487108168181664,-0.026364928115157005,-0.05953173043331666,0.0,-0.0030890650289578723,0.0031902992748734133,-0.00013502387982969842,-0.0003888245858021666,-0.03159574372303666,0.017963707496006672,-0.03432297533951167,-0.002397012346135334,-0.004924902841052726,-0.0028955678301355666,0.00022936311603004642,0.0034987028274138824,0.0012738416015374333,0.00036500545197568,0.0024355423100206513,-0.009417598738188966,-0.0030890650289578723,-0.0031902992748734133,-0.06277474446883502,0.0,0.9997280430261669
0.4899999999999994,0.0015502323704728335,0.0,0.0015493891674523328,-9.961495804000006e-05,-0.00033227702824927067,0.0019115311986705674,0.0021582418455278534,0.0007849878526772995,0.0009116090460274336,0.00011399858359374999,-0.0009693784038098832,-6.214153891133317e-06,-0.00037630433336045013,-0.00045107034854460006,-0.0009103763741978313,0.00019276003644078368,-0.00016467275677282484,-0.00036803482928451475,0.0015493891674523328,9.961495804000006e-05,0.17877544436466664,0.0,0.288088815597,-0.033257792470835004,0.021467071087855158,0.022105740931624995,0.024075455670341826,-0.011496014866037433,-0.0021003354582574134,-0.0006349657637286498,0.009338084020502619,-0.00157264896515165,0.003293196360219233,-0.015456802588029615,-0.031405432386661665,-0.017743223626483833,-0.00033227702824927067,-0.0019115311986705674,0.288088815597,0.033257792470835004,0.4647638424186667,0.0,-0.0008253182904541169,0.05118774363601333,0.016950539953547165,-0.01437049857778672,-0.007519317710923904,-0.005139673736267283,-0.012592969745374617,0.012515241852331748,0.012766682497109268,-0.014390777952699219,-0.03425106667680668,0.002411974709127767,0.0021582418455278534,-0.0007849878526772995,0.021467071087855158,-0.022105740931624995,-0.0008253182904541169,-0.05118774363601333,0.5368715281257666,0.0,0.10575652117424832,0.023639490206736165,0.007160485890915902,0.0004218991074351665,0.014551519157424982,0.006300454465929865,-0.007658269554871735,0.00032665358299733334,-0.0048526429547638816,0.002964229969444267,0.0009116090460274336,-0.00011399858359374999,0.024075455670341826,0.011496014866037433,0.016950539953547165,0.01437049857778672,0.10575652117424832,-0.023639490206736165,0.11749690948444497,0.0,0.05774697447348666,0.00676376287454149,0.017288040204677415,-0.01353563179416283,0.09828425962252,0.019294059152660508,0.00032189766737254993,-0.0035534308646240002,-0.0009693784038098832,6.214153891133317e-06,-0.0021003354582574134,0.0006349657637286498,-0.007519317710923904,0.005139673736267283,0.007160485890915902,-0.0004218991074351665,0.05774697447348666,-0.00676376287454149,-0.15182118281310003,0.0,-0.08917480861112165,-0.0009495642059962003,0.021746972974521498,-0.004942688050359184,0.0013193385399137836,-0.0004242757273723667,-0.00037630433336045013,0.00045107034854460006,0.009338084020502619,0.00157264896515165,-0.012592969745374617,-0.012515241852331748,0.014551519157424982,-0.006300454465929865,0.017288040204677415,0.01353563179416283,-0.08917480861112165,0.0009495642059962003,-0.025218397451107002,0.0,-0.032451245665085,0.026311455945507007,0.002381005483259224,0.009401293151987783,-0.0009103763741978313,-0.00019276003644078368,0.003293196360219233,0.015456802588029615,0.012766682497109268,0.014390777952699219,-0.007658269554871735,-0.00032665358299733334,0.09828425962252,-0.019294059152660508,0.021746972974521498,0.004942688050359184,-0.032451245665085,-0.026311455945507007,-0.059625893551873324,0.0,-0.0031577066597637386,0.003155212206969349,-0.00016467275677282484,0.00036803482928451475,-0.031405432386661665,0.017743223626483833,-0.03425106667680668,-0.002411974709127767,-0.0048526429547638816,-0.002964229969444267,0.00032189766737254993,0.0035534308646240002,0.0013193385399137836,0.0004242757273723667,0.002381005483259224,-0.009401293151987783,-0.0031577066597637386,-0.003155212206969349,-0.06306462353794,0.0,0.9997278594100834
0.4909999999999997,0.0015500487635534165,0.0,-0.001095798547291,0.0012305181314234495,-0.0011318849287795785,-0.0015299272090825132,-0.0020785509311057526,0.0010872855272845163,-0.0007397036246431169,0.0005913894014661501,0.0007074117095849518,-0.0006543148069660698,0.0006020002272250168,7.102045250904015e-05,0.0005147432133114501,-0.0007636661452624032,0.0003598968344204165,0.00014919167862665014,-0.001095798547291,-0.0012305181314234495,0.17765132180408336,0.0,0.28772954099111675,-0.03379619375568666,0.021349710047414445,0.021977537771139,0.024080403261298164,-0.011550254135460729,-0.002210537259324124,-0.0005680220259544834,0.009335809668731931,-0.001627325568379315,0.003359898844141799,-0.015373692378535897,-0.03124464866994,-0.017510696461040334,-0.0011318849287795785,0.0015299272090825132,0.28772954099111675,0.03379619375568666,0.4654278148859333,0.0,-0.0010822471458078328,0.051265694026489984,0.016923921339626294,-0.01446102013468486,-0.007771116497787949,-0.005100764940805248,-0.01259585837797348,0.012454423255321336,0.012792652663687832,-0.014228618413284943,-0.03419068962419667,0.0024654860008154517,-0.0020785509311057526,-0.0010872855272845163,0.021349710047414445,-0.021977537771139,-0.0010822471458078328,-0.051265694026489984,0.5380428639508332,0.0,0.10578474930414498,0.02365206831467733,0.007405551565715346,0.000430637223691,0.014579133135629991,0.006392747573059867,-0.00767031601963733,0.0003006079948917961,-0.004790247343762277,0.0030316833585260685,-0.0007397036246431169,-0.0005913894014661501,0.024080403261298164,0.011550254135460729,0.016923921339626294,0.01446102013468486,0.10578474930414498,-0.02365206831467733,0.1175000601553283,0.0,0.057826376030543344,0.006730695653537303,0.01740726753917495,-0.01348198659556842,0.09831250467998832,0.019239292202358836,0.00041045479856397995,-0.003580578525231133,0.0007074117095849518,0.0006543148069660698,-0.002210537259324124,0.0005680220259544834,-0.007771116497787949,0.005100764940805248,0.007405551565715346,-0.000430637223691,0.057826376030543344,-0.006730695653537303,-0.15197017055970005,0.0,-0.08909817305789165,-0.001007098298523033,0.021779091571089336,-0.0048833884214747195,0.0013657507650240532,-0.000463502169419345,0.0006020002272250168,-7.102045250904015e-05,0.009335809668731931,0.001627325568379315,-0.01259585837797348,-0.012454423255321336,0.014579133135629991,-0.006392747573059867,0.01740726753917495,0.01348198659556842,-0.08909817305789165,0.001007098298523033,-0.02540373439161433,0.0,-0.03239412491739168,0.026261740525625667,0.002324298113877918,0.00938180817520722,0.0005147432133114501,0.0007636661452624032,0.003359898844141799,0.015373692378535897,0.012792652663687832,0.014228618413284943,-0.00767031601963733,-0.0003006079948917961,0.09831250467998832,-0.019239292202358836,0.021779091571089336,0.0048833884214747195,-0.03239412491739168,-0.026261740525625667,-0.05971957246491167,0.0,-0.0032076483821881856,0.003116783238192117,0.0003598968344204165,-0.00014919167862665014,-0.03124464866994,0.017510696461040334,-0.03419068962419667,-0.0024654860008154517,-0.004790247343762277,-0.0030316833585260685,0.00041045479856397995,0.003580578525231133,0.0013657507650240532,0.000463502169419345,0.002324298113877918,-0.00938180817520722,-0.0032076483821881856,-0.003116783238192117,-0.06335095634764665,0.0,0.9997276757958999
0.49200000000000066,0.0015498651722144173,0.0,-0.0001059740518730832,-0.001760438590197431,0.0018543267541537498,0.00024320898031951143,0.0006082380312868832,-0.0022983831616784664,8.389929722985014e-05,-0.0009792582242536,-9.210142518644498e-05,0.0009475549515594402,-0.0005072582575853668,0.00035460826295589324,0.00014719844431223343,0.0009058476175771401,-0.00032277782947696666,0.00011176694228678347,-0.0001059740518730832,0.001760438590197431,0.17650565927235004,0.0,0.2874012410909332,-0.034235710902441666,0.021215205170175368,0.02187415287061034,0.024055223905033996,-0.011605224049285212,-0.0023262230073475003,-0.0005483380493082167,0.009396028236960483,-0.0016879974623134836,0.0034215977474860992,-0.015298632364830011,-0.031111879817948336,-0.01727825219927633,0.0018543267541537498,-0.00024320898031951143,0.2874012410909332,0.034235710902441666,0.46610878167996656,0.0,-0.0013166842706648996,0.05139394259581832,0.016928660934969815,-0.014517146967799831,-0.008039007465259,-0.005074256393616366,-0.01257071444142861,0.012403912697624166,0.01280183939213569,-0.01410374652018225,-0.034152191309393336,0.002520294321122499,0.0006082380312868832,0.0022983831616784664,0.021215205170175368,-0.02187415287061034,-0.0013166842706648996,-0.05139394259581832,0.5392151140072666,0.0,0.10582434162745666,0.023598056401843166,0.007653041542892899,0.0004739027349336598,0.014620476014214954,0.006501329489566118,-0.007719248543915184,0.000268566052636295,-0.0047756055335203005,0.0030989071080222007,8.389929722985014e-05,0.0009792582242536,0.024055223905033996,0.011605224049285212,0.016928660934969815,0.014517146967799831,0.10582434162745666,-0.023598056401843166,0.11750189920411666,0.0,0.057931139928355,0.0066741851997998945,0.01750586727874358,-0.013383124109847454,0.09832100891664664,0.019203108231037005,0.0004907068827132667,-0.0036100245922230335,-9.210142518644498e-05,-0.0009475549515594402,-0.0023262230073475003,0.0005483380493082167,-0.008039007465259,0.005074256393616366,0.007653041542892899,-0.0004739027349336598,0.057931139928355,-0.0066741851997998945,-0.15211561083093342,0.0,-0.08901439269192335,-0.0010690247822586504,0.021787461179970328,-0.004825702555819332,0.001412047006238905,-0.0004967463987187161,-0.0005072582575853668,-0.00035460826295589324,0.009396028236960483,0.0016879974623134836,-0.01257071444142861,-0.012403912697624166,0.014620476014214954,-0.006501329489566118,0.01750586727874358,0.013383124109847454,-0.08901439269192335,0.0010690247822586504,-0.025591456519003172,0.0,-0.03232799251630667,0.026211472931894332,0.0022704337614046,0.009395478909355532,0.00014719844431223343,-0.0009058476175771401,0.0034215977474860992,0.015298632364830011,0.01280183939213569,0.01410374652018225,-0.007719248543915184,-0.000268566052636295,0.09832100891664664,-0.019203108231037005,0.021787461179970328,0.004825702555819332,-0.03232799251630667,-0.026211472931894332,-0.05981311537777666,0.0,-0.0032399926629407697,0.0030803121526645164,-0.00032277782947696666,-0.00011176694228678347,-0.031111879817948336,0.01727825219927633,-0.034152191309393336,-0.002520294321122499,-0.0047756055335203005,-0.0030989071080222007,0.0004907068827132667,0.0036100245922230335,0.001412047006238905,0.0004967463987187161,0.0022704337614046,-0.009395478909355532,-0.0032399926629407697,-0.0030803121526645164,-0.06363364441054166,0.0,0.999727492197567
0.49299999999999944,0.0015496815942089835,0.0,0.0014243461794600813,0.00126210168855595,-0.0014117925529348338,0.0011352385364441799,0.0013105015178040335,0.002013166449042554,0.0006808596067435669,0.0007606701642846168,-0.0005538358655758881,-0.0007650273857387903,0.00015175195795044671,-0.0006214193128748931,-0.0007257226270958002,-0.0005631830933886648,0.00014315171728262178,-0.00024498723466715995,0.0014243461794600813,-0.00126210168855595,0.1753431619341,0.0,0.28707304991751664,-0.03454040749307499,0.021112611770880422,0.0217714777718015,0.024032136781778835,-0.0116527933529636,-0.0024669766433963332,-0.0005339010625851631,0.009473130443646975,-0.0017596198654860665,0.003490242579693068,-0.015204388016183564,-0.030973181358753328,-0.01705232346998985,-0.0014117925529348338,-0.0011352385364441799,0.28707304991751664,0.03454040749307499,0.4668021618350167,0.0,-0.0015608423873148996,0.051484317146996667,0.01697141951651732,-0.014572452140067648,-0.008313500333820134,-0.0050700706887686926,-0.01256821705245755,0.012326919866096334,0.012849675077779671,-0.013965370647016135,-0.034130926747296675,0.002551370169943667,0.0013105015178040335,-0.002013166449042554,0.021112611770880422,-0.0217714777718015,-0.0015608423873148996,-0.051484317146996667,0.5403874119486501,0.0,0.10589820580593333,0.02352722491416583,0.007887031441067161,0.0005243521730352168,0.014666831068659299,0.0066402528037198165,-0.007771825115419419,0.0002607769990548467,-0.004782829741159036,0.0031923437090036074,0.0006808596067435669,-0.0007606701642846168,0.024032136781778835,0.0116527933529636,0.01697141951651732,0.014572452140067648,0.10589820580593333,-0.02352722491416583,0.11750382766005663,0.0,0.05803261703363498,0.0066212965105385164,0.017569464964776182,-0.013267326407754314,0.09833202812370669,0.01918126433693517,0.0005828958866260331,-0.003643486695359017,-0.0005538358655758881,0.0007650273857387903,-0.0024669766433963332,0.0005339010625851631,-0.008313500333820134,0.0050700706887686926,0.007887031441067161,-0.0005243521730352168,0.05803261703363498,-0.0066212965105385164,-0.15225774211296675,0.0,-0.08894944717393331,-0.0011011464781204162,0.021772058096335502,-0.004755707697118084,0.0014655326765718167,-0.000537209892954225,0.00015175195795044671,0.0006214193128748931,0.009473130443646975,0.0017596198654860665,-0.01256821705245755,-0.012326919866096334,0.014666831068659299,-0.0066402528037198165,0.017569464964776182,0.013267326407754314,-0.08894944717393331,0.0011011464781204162,-0.025781163723018665,0.0,-0.03228189597258167,0.026137231864881823,0.0022231418106918336,0.009420566870630366,-0.0007257226270958002,0.0005631830933886648,0.003490242579693068,0.015204388016183564,0.012849675077779671,0.013965370647016135,-0.007771825115419419,-0.0002607769990548467,0.09833202812370669,-0.01918126433693517,0.021772058096335502,0.004755707697118084,-0.03228189597258167,-0.026137231864881823,-0.05990712512190499,0.0,-0.0032665106566588937,0.003050102173362333,0.00014315171728262178,0.00024498723466715995,-0.030973181358753328,0.01705232346998985,-0.034130926747296675,-0.002551370169943667,-0.004782829741159036,-0.0031923437090036074,0.0005828958866260331,0.003643486695359017,0.0014655326765718167,0.000537209892954225,0.0022231418106918336,-0.009420566870630366,-0.0032665106566588937,-0.003050102173362333,-0.06391290540154167,0.0,0.99972730861275
0.49399999999999983,0.0015494980136358171,0.0,-0.0020357933936323335,9.714437954808326e-05,0.0001428764175147827,-0.0017238969285823717,-0.0024159965342842346,-0.00037944653924044963,-0.0010558681955359166,-2.4779926603033412e-05,0.0009234978528314833,0.00019495632263339996,0.0003236470763228602,0.0005945636681534183,0.000917077627844355,-9.274483272699987e-05,5.702596875145373e-05,0.00025035369922355013,-0.0020357933936323335,-9.714437954808326e-05,0.17416826167268337,0.0,0.28675078815825017,-0.03475629386634333,0.021022257532025714,0.021640514759208553,0.024043114745467498,-0.011686178062345481,-0.002629490604291066,-0.00048125698132453346,0.009516820974274262,-0.0018343005509938316,0.0035655205283524607,-0.015092141878164584,-0.030830117243485004,-0.01682767751078158,0.0001428764175147827,0.0017238969285823717,0.28675078815825017,0.03475629386634333,0.4675044292976834,0.0,-0.0018167888420297618,0.051527251574604985,0.017050426985306715,-0.014625493490839749,-0.008587755277653968,-0.005100982341039511,-0.012586416275947847,0.012215248792174515,0.012930503040318325,-0.013795543933304335,-0.03411767204366,0.002575409767104518,-0.0024159965342842346,0.00037944653924044963,0.021022257532025714,-0.021640514759208553,-0.0018167888420297618,-0.051527251574604985,0.5415593682517834,0.0,0.10597617725598502,0.023480028262242502,0.008131863389149974,0.0005771307801809338,0.014699637214834452,0.0067878427930235675,-0.007798295395118979,0.00025587794010726667,-0.0047800578406258,0.003314850418295425,-0.0010558681955359166,2.4779926603033412e-05,0.024043114745467498,0.011686178062345481,0.017050426985306715,0.014625493490839749,0.10597617725598502,-0.023480028262242502,0.11750627412938332,0.0,0.05811225958943167,0.006601256419092417,0.017619202317971327,-0.0131805497969595,0.0983606983209933,0.019161190517468667,0.0006881618135879835,-0.003656273084115035,0.0009234978528314833,-0.00019495632263339996,-0.002629490604291066,0.00048125698132453346,-0.008587755277653968,0.005100982341039511,0.008131863389149974,-0.0005771307801809338,0.05811225958943167,-0.006601256419092417,-0.15239812474676664,0.0,-0.08892310836963833,-0.0011061874932786168,0.0217737663977875,-0.0046719886419343834,0.0015244564249110829,-0.0005771528737695419,0.0003236470763228602,-0.0005945636681534183,0.009516820974274262,0.0018343005509938316,-0.012586416275947847,-0.012215248792174515,0.014699637214834452,-0.0067878427930235675,0.017619202317971327,0.0131805497969595,-0.08892310836963833,0.0011061874932786168,-0.02597160271709768,0.0,-0.03225240034281833,0.026039788103912668,0.0021781721367772,0.009414325559465317,0.000917077627844355,9.274483272699987e-05,0.0035655205283524607,0.015092141878164584,0.012930503040318325,0.013795543933304335,-0.007798295395118979,-0.00025587794010726667,0.0983606983209933,-0.019161190517468667,0.0217737663977875,0.0046719886419343834,-0.03225240034281833,-0.026039788103912668,-0.060002127249799996,0.0,-0.003284228895268067,0.0030299542191136006,5.702596875145373e-05,-0.00025035369922355013,-0.030830117243485004,0.01682767751078158,-0.03411767204366,-0.002575409767104518,-0.0047800578406258,-0.003314850418295425,0.0006881618135879835,0.003656273084115035,0.0015244564249110829,0.0005771528737695419,0.0021781721367772,-0.009414325559465317,-0.003284228895268067,-0.0030299542191136006,-0.06418885162636999,0.0,0.9997271250247333
0.4950000000000003,0.001549314433052166,0.0,0.0014704976349791496,-0.001560971588896848,0.0010967898247255387,0.0012460575317377839,0.0019450790380970576,-0.0015675004732435666,0.0007633581309792332,-0.0007887145360405666,-0.0008141695623253718,0.00047557431984027003,-0.0006823421022428,-0.00023413563247578345,-0.0006023919664647886,0.0007131519737441002,-0.00021370657408025824,-0.0001333375134174065,0.0014704976349791496,0.001560971588896848,0.17298328991310002,0.0,0.28642576231519995,-0.03492491999383167,0.020898533218511865,0.021507275217880855,0.024062162321857667,-0.011699072516259169,-0.0027836329103902496,-0.0004148024993796151,0.009540556387874238,-0.0019022950175737882,0.0036447136358981665,-0.014986278686426983,-0.030724687660474995,-0.016601580130901666,0.0010967898247255387,-0.0012460575317377839,0.28642576231519995,0.03492491999383167,0.4682135080140164,0.0,-0.002049736860486734,0.05158218757484833,0.017153837249981665,-0.014626217870596968,-0.008858485995261305,-0.005163089768237218,-0.012574072770764081,0.012102094834829047,0.01299306033187675,-0.013644577636654503,-0.03410739661897,0.002608876962248385,0.0019450790380970576,0.0015675004732435666,0.020898533218511865,-0.021507275217880855,-0.002049736860486734,-0.05158218757484833,0.54273105675375,0.0,0.10602496704715998,0.023430284761511173,0.008389423329771736,0.0006719101137391583,0.014713496276372754,0.006916102801398702,-0.007816691529801693,0.0002060061489986166,-0.004779672292233734,0.003418661151622731,0.0007633581309792332,0.0007887145360405666,0.024062162321857667,0.011699072516259169,0.017153837249981665,0.014626217870596968,0.10602496704715998,-0.023430284761511173,0.11750937082376332,0.0,0.05817643777912999,0.006602886233981651,0.01767148300909355,-0.013119752090059167,0.0983840848618433,0.019130676389165838,0.0007833483165341485,-0.0036485713477972114,-0.0008141695623253718,-0.00047557431984027003,-0.0027836329103902496,0.0004148024993796151,-0.008858485995261305,0.005163089768237218,0.008389423329771736,-0.0006719101137391583,0.05817643777912999,-0.006602886233981651,-0.1525377450634333,0.0,-0.08890019635688831,-0.001124271100331716,0.02180579398333216,-0.0045894844862797496,0.0015728980469685303,-0.0006076643286942339,-0.0006823421022428,0.00023413563247578345,0.009540556387874238,0.0019022950175737882,-0.012574072770764081,-0.012102094834829047,0.014713496276372754,-0.006916102801398702,0.01767148300909355,0.013119752090059167,-0.08890019635688831,0.001124271100331716,-0.02616233468623449,0.0,-0.03220182414246666,0.025945010036598996,0.0021278171216112265,0.009383743738768664,-0.0006023919664647886,-0.0007131519737441002,0.0036447136358981665,0.014986278686426983,0.01299306033187675,0.013644577636654503,-0.007816691529801693,-0.0002060061489986166,0.0983840848618433,-0.019130676389165838,0.02180579398333216,0.0045894844862797496,-0.03220182414246666,-0.025945010036598996,-0.060098154860093324,0.0,-0.0032829626692783003,0.0030199462482468323,-0.00021370657408025824,0.0001333375134174065,-0.030724687660474995,0.016601580130901666,-0.03410739661897,-0.002608876962248385,-0.004779672292233734,-0.003418661151622731,0.0007833483165341485,0.0036485713477972114,0.0015728980469685303,0.0006076643286942339,0.0021278171216112265,-0.009383743738768664,-0.0032829626692783003,-0.0030199462482468323,-0.06446136389044668,0.0,0.9997269414372499
0.49599999999999955,0.0015491308669594664,0.0,4.8203346711983734e-05,0.002227927817020084,-0.0016163864417322832,-8.031084280298851e-05,-0.00014626960388409855,0.0025201757821990836,7.35533019146163e-05,0.0011509793361941666,0.0002942681154348165,-0.0008889396153390832,0.0007002010393355152,-0.00029206467218803334,-5.8235265310953675e-05,-0.0009552669178867979,0.00022143537933446653,-4.369860179438512e-05,4.8203346711983734e-05,-0.002227927817020084,0.1717902461822,0.0,0.2861273417103333,-0.03502656996463667,0.020754581883120824,0.021413360189986217,0.024053249239280504,-0.0116889751782416,-0.0029127474979215996,-0.00038374932643540016,0.009593832557781339,-0.0019655235308917666,0.0037344816027750994,-0.014897658432057401,-0.030681346433967492,-0.016392863455858497,-0.0016163864417322832,8.031084280298851e-05,0.2861273417103333,0.03502656996463667,0.4689269278545666,0.0,-0.002258180081581834,0.051682835467555,0.017271513185097655,-0.01455631723459561,-0.00912219461730277,-0.0052428069123772346,-0.012521554308054954,0.012006582226025565,0.013026433632804394,-0.013549125067506485,-0.03410600196233667,0.0026321688408214006,-0.00014626960388409855,-0.0025201757821990836,0.020754581883120824,-0.021413360189986217,-0.002258180081581834,-0.051682835467555,0.5439026174545166,0.0,0.10609648668220331,0.02335454126123351,0.008614944104521786,0.0008303596203622848,0.014712052758329498,0.007032783579393284,-0.007863320013919884,0.00010914825299811643,-0.004813478612948248,0.0034553749427665022,7.35533019146163e-05,-0.0011509793361941666,0.024053249239280504,0.0116889751782416,0.017271513185097655,0.01455631723459561,0.10609648668220331,-0.02335454126123351,0.1175135393082317,0.0,0.058245148910788344,0.0066001601547704325,0.017717845242324115,-0.013048935693775889,0.09840762090253166,0.019091144706436837,0.0008606161294567333,-0.0036530471040925323,0.0002942681154348165,0.0008889396153390832,-0.0029127474979215996,0.00038374932643540016,-0.00912219461730277,0.0052428069123772346,0.008614944104521786,-0.0008303596203622848,0.058245148910788344,-0.0066001601547704325,-0.15267598841945,0.0,-0.08886028702786002,-0.0011734846819810335,0.021839191512092165,-0.0045183519786004996,0.0016040281239813,-0.000641331445353283,0.0007002010393355152,0.00029206467218803334,0.009593832557781339,0.0019655235308917666,-0.012521554308054954,-0.012006582226025565,0.014712052758329498,-0.007032783579393284,0.017717845242324115,0.013048935693775889,-0.08886028702786002,0.0011734846819810335,-0.02635433010036783,0.0,-0.03212034480182334,0.025875944540408664,0.0020652279123485624,0.009377762519959336,-5.8235265310953675e-05,0.0009552669178867979,0.0037344816027750994,0.014897658432057401,0.013026433632804394,0.013549125067506485,-0.007863320013919884,-0.00010914825299811643,0.09840762090253166,-0.019091144706436837,0.021839191512092165,0.0045183519786004996,-0.03212034480182334,-0.025875944540408664,-0.06019479877593,0.0,-0.0032711812646719516,0.00301799777089395,0.00022143537933446653,4.369860179438512e-05,-0.030681346433967492,0.016392863455858497,-0.03410600196233667,-0.0026321688408214006,-0.004813478612948248,-0.0034553749427665022,0.0008606161294567333,0.0036530471040925323,0.0016040281239813,0.000641331445353283,0.0020652279123485624,-0.009377762519959336,-0.0032711812646719516,-0.00301799777089395,-0.06473058650636333,0.0,0.9997267578646998
0.49699999999999994,0.0015489473161709167,0.0,-0.001671246686600295,-0.0015931429554932764,0.0011475021121234164,-0.001087554987596583,-0.0017857393769759662,-0.001783266784585433,-0.0009414683355287683,-0.000759328062803117,0.0003609462005043336,0.0008559975093313465,-0.0003432136256459481,0.0007075919268721833,0.000717555977454333,0.0006724485877186,-0.00010942629056219978,0.00013213783981003344,-0.001671246686600295,0.0015931429554932764,0.17059287225153336,0.0,0.28581483197676666,-0.03502026579761168,0.020633832968169164,0.021334388843772048,0.024024803846988994,-0.01165584346897611,-0.0030331368370880444,-0.00038317621960081664,0.00966919050004453,-0.0020346725916931996,0.003835529949348416,-0.014803392683094599,-0.03066084562980217,-0.01621593048124984,0.0011475021121234164,0.001087554987596583,0.28581483197676666,0.03502026579761168,0.46964106682600004,0.0,-0.002485206756635417,0.051779509475876666,0.0173891321908149,-0.01446073101024925,-0.009361761620728182,-0.0053364634683635,-0.012479419700300007,0.01189592232540366,0.013062454189025432,-0.013461083428018005,-0.03411021381750501,0.0026205677654651664,-0.0017857393769759662,0.001783266784585433,0.020633832968169164,-0.021334388843772048,-0.002485206756635417,-0.051779509475876666,0.5450741346739334,0.0,0.10621818750241996,0.02327873408003467,0.008779406625389329,0.0010190438036846332,0.01468812305682667,0.007155786732020832,-0.007927243757326322,1.1933878470716477e-05,-0.004881061547503615,0.0034331951664957334,-0.0009414683355287683,0.000759328062803117,0.024024803846988994,0.01165584346897611,0.0173891321908149,0.01446073101024925,0.10621818750241996,-0.02327873408003467,0.117519026173525,0.0,0.058301322706469996,0.006591961888608281,0.01774042392531035,-0.012960366658705934,0.09844733059351832,0.019049126326823495,0.0009407450034184834,-0.003676667467517069,0.0003609462005043336,-0.0008559975093313465,-0.0030331368370880444,0.00038317621960081664,-0.009361761620728182,0.0053364634683635,0.008779406625389329,-0.0010190438036846332,0.058301322706469996,-0.006591961888608281,-0.15281218892846662,0.0,-0.08880827847182667,-0.001221236423587278,0.021850756671118167,-0.004452176070730498,0.0016328758544358645,-0.0006904344445505831,-0.0003432136256459481,-0.0007075919268721833,0.00966919050004453,0.0020346725916931996,-0.012479419700300007,-0.01189592232540366,0.01468812305682667,-0.007155786732020832,0.01774042392531035,0.012960366658705934,-0.08880827847182667,0.001221236423587278,-0.026548410384140842,0.0,-0.032035186833539994,0.025817062590379337,0.0019935109674113064,0.009407079071096499,0.000717555977454333,-0.0006724485877186,0.003835529949348416,0.014803392683094599,0.013062454189025432,0.013461083428018005,-0.007927243757326322,-1.1933878470716477e-05,0.09844733059351832,-0.019049126326823495,0.021850756671118167,0.004452176070730498,-0.032035186833539994,-0.025817062590379337,-0.060291700319443337,0.0,-0.0032700326494926614,0.0030207444608871385,-0.00010942629056219978,-0.00013213783981003344,-0.03066084562980217,0.01621593048124984,-0.03411021381750501,-0.0026205677654651664,-0.004881061547503615,-0.0034331951664957334,0.0009407450034184834,0.003676667467517069,0.0016328758544358645,0.0006904344445505831,0.0019935109674113064,-0.009407079071096499,-0.0032700326494926614,-0.0030207444608871385,-0.06499717330229833,0.0,0.9997265743065997
0.4980000000000004,0.0015487637670600842,0.0,0.0023857460914319738,-5.722168882998319e-05,1.6094727922933206e-05,0.001525347986377666,0.0025321929253690834,-0.00017257945255128333,0.0012302229977194502,-0.00016807499831010008,-0.0008382955023613998,-0.0003891300729806184,-0.00023852104059361666,-0.00077657380022925,-0.0010010713137113617,1.3253623359049903e-05,3.709071808733132e-06,-0.00012930877198645037,0.0023857460914319738,5.722168882998319e-05,0.16939554766895001,0.0,0.28548019396013335,-0.03492951559547334,0.020529357090690998,0.021219640570231627,0.024021121462527165,-0.011605247849563,-0.0031685448808358163,-0.00037110189884281646,0.009712871436835847,-0.002103501144523023,0.003935475175004558,-0.014692075308472451,-0.030624593977190997,-0.01606136665118192,1.6094727922933206e-05,-0.001525347986377666,0.28548019396013335,0.03492951559547334,0.4703525631556666,0.0,-0.0027516245706015493,0.05184828217063,0.01749687866482135,-0.014387080476197082,-0.00957004659607248,-0.005449829836623963,-0.012483386558617816,0.011747242967587302,0.01310958512944795,-0.01332093583770238,-0.03411928931981333,0.002586584824068744,0.0025321929253690834,0.00017257945255128333,0.020529357090690998,-0.021219640570231627,-0.0027516245706015493,-0.05184828217063,0.5462458009714499,0.0,0.10636071694282166,0.02324162767856499,0.008912534594870868,0.0012097669628539866,0.014635851119007915,0.0072755973361906656,-0.00795711704906067,-5.859632712689993e-05,-0.004945613451465566,0.003396568066884785,0.0012302229977194502,0.00016807499831010008,0.024021121462527165,0.011605247849563,0.01749687866482135,0.014387080476197082,0.10636071694282166,-0.02324162767856499,0.11752547796397834,0.0,0.05832148282611833,0.006602296499710515,0.0177524460447006,-0.012889846620385753,0.09852093368733668,0.019011394327666006,0.0010305526006243928,-0.003681965826516684,-0.0008382955023613998,0.0003891300729806184,-0.0031685448808358163,0.00037110189884281646,-0.00957004659607248,0.005449829836623963,0.008912534594870868,-0.0012097669628539866,0.05832148282611833,-0.006602296499710515,-0.15294715363171665,0.0,-0.088775325114595,-0.0012405369305826996,0.021866891917219324,-0.004383391346832301,0.0016724717466082666,-0.0007402053692652616,-0.00023852104059361666,0.00077657380022925,0.009712871436835847,0.002103501144523023,-0.012483386558617816,-0.011747242967587302,0.014635851119007915,-0.0072755973361906656,0.0177524460447006,0.012889846620385753,-0.088775325114595,0.0012405369305826996,-0.026743981663303905,0.0,-0.031976145847944996,0.02574732074915716,0.0019200617899954825,0.009432328091854401,-0.0010010713137113617,-1.3253623359049903e-05,0.003935475175004558,0.014692075308472451,0.01310958512944795,0.01332093583770238,-0.00795711704906067,5.859632712689993e-05,0.09852093368733668,-0.019011394327666006,0.021866891917219324,0.004383391346832301,-0.031976145847944996,-0.02574732074915716,-0.0603888794430867,0.0,-0.003285850040629249,0.003025314494312895,3.709071808733132e-06,0.00012930877198645037,-0.030624593977190997,0.01606136665118192,-0.03411928931981333,-0.002586584824068744,-0.004945613451465566,-0.003396568066884785,0.0010305526006243928,0.003681965826516684,0.0016724717466082666,0.0007402053692652616,0.0019200617899954825,-0.009432328091854401,-0.003285850040629249,-0.003025314494312895,-0.0652617480383,0.0,0.9997263907509165
0.49899999999999956,0.0015485802081347663,0.0,-0.0016992587638742162,0.0017567393020927477,-0.0010885486853606718,-0.0009819083669712167,-0.0015704107881258842,0.002056280915637649,-0.0007349362267087235,0.001004260984792205,0.0008725029713681498,-0.0002886692390605498,0.0007385388314235334,0.00040417342631889964,0.0007076398774057399,-0.0007183928065813499,7.750298172537507e-05,8.646545957756655e-05,-0.0016992587638742162,-0.0017567393020927477,0.16820054510209986,0.0,0.28512407640575,-0.03481315827742167,0.0203914146501095,0.02108311049661189,0.02404134252517783,-0.011536746681691388,-0.003312388053559567,-0.0003470500600792333,0.009716703191640318,-0.002151512057861791,0.004020173442204275,-0.01458594238955727,-0.030580818764439004,-0.015909474177933498,-0.0010885486853606718,0.0009819083669712167,0.28512407640575,0.03481315827742167,0.4710596391894668,0.0,-0.003012446020299667,0.051942723719778344,0.01758828615806201,-0.014325963339702798,-0.00976587641054927,-0.005580739236815198,-0.012501191989468604,0.0115976263946689,0.013129255995607015,-0.013152040380698466,-0.03412992667040167,0.002564644552363617,-0.0015704107881258842,-0.002056280915637649,0.0203914146501095,-0.02108311049661189,-0.003012446020299667,-0.051942723719778344,0.5474181893703001,0.0,0.10647614354320004,0.02322413102970683,0.009042058221965901,0.0014229657174771669,0.01456334224734191,0.007370774782206385,-0.007934716845408881,-0.00013198081508995486,-0.004968580287295019,0.0033593880557245674,-0.0007349362267087235,-0.001004260984792205,0.02404134252517783,0.011536746681691388,0.01758828615806201,0.014325963339702798,0.10647614354320004,-0.02322413102970683,0.1175325472981283,0.0,0.058306325039141654,0.0066360925060970815,0.01777955904810915,-0.01285098120666257,0.09860019936762329,0.018977062294755254,0.0011057675179061836,-0.0036412347865837054,0.0008725029713681498,0.0002886692390605498,-0.003312388053559567,0.0003470500600792333,-0.00976587641054927,0.005580739236815198,0.009042058221965901,-0.0014229657174771669,0.058306325039141654,-0.0066360925060970815,-0.1530821594551833,0.0,-0.08875690822627334,-0.0012579290019108834,0.021913761679357834,-0.004318810961067068,0.0017119456002185993,-0.0007690634071942447,0.0007385388314235334,-0.00040417342631889964,0.009716703191640318,0.002151512057861791,-0.012501191989468604,-0.0115976263946689,0.01456334224734191,-0.007370774782206385,0.01777955904810915,0.01285098120666257,-0.08875690822627334,0.0012579290019108834,-0.026940206764791443,0.0,-0.031933467517595,0.025669302788413006,0.0018398402119452263,0.009432404940368152,0.0007076398774057399,0.0007183928065813499,0.004020173442204275,0.01458594238955727,0.013129255995607015,0.013152040380698466,-0.007934716845408881,0.00013198081508995486,0.09860019936762329,-0.018977062294755254,0.021913761679357834,0.004318810961067068,-0.031933467517595,-0.025669302788413006,-0.06048649538931502,0.0,-0.003301184167914183,0.0030308881269881507,7.750298172537507e-05,-8.646545957756655e-05,-0.030580818764439004,0.015909474177933498,-0.03412992667040167,-0.002564644552363617,-0.004968580287295019,-0.0033593880557245674,0.0011057675179061836,0.0036412347865837054,0.0017119456002185993,0.0007690634071942447,0.0018398402119452263,-0.009432404940368152,-0.003301184167914183,-0.0030308881269881507,-0.06552443237398999,0.0,0.999726207184933
0.5,0.0015483966540014331,0.0,-2.7317717448216602e-05,-0.0024799423326197618,0.0014228468933888334,-0.00012229281969261698,-0.0004992662518845359,-0.0025907872673477162,-0.00020595077930355066,-0.0012167884534408353,-0.0004407045457207001,0.0007968728588005364,-0.0008392426041512814,0.0002278346934486498,7.784319254908363e-07,0.0010113781310065284,-0.00010213472947693346,-4.492033693000359e-06,-2.7317717448216602e-05,0.0024799423326197618,0.16700857876593336,0.0,0.2847819385613333,-0.03467516268217333,0.020215287333586667,0.02098102197156045,0.024042496052802675,-0.011446639186932719,-0.0034355719303484585,-0.00035454915415435655,0.009745537231438216,-0.0021766081509614495,0.004091086899914425,-0.014506059796544547,-0.030558798819559176,-0.015760617391097985,0.0014228468933888334,0.00012229281969261698,0.2847819385613333,0.03467516268217333,0.4717608499344667,0.0,-0.0032158685473049247,0.05211985413333168,0.017663964113251836,-0.014250655490871166,-0.009974743395566992,-0.005719724400218031,-0.012487977341917113,0.0114912017360888,0.013101193484209834,-0.013022371269628186,-0.03414492976141,0.002567170240373499,-0.0004992662518845359,0.0025907872673477162,0.020215287333586667,-0.02098102197156045,-0.0032158685473049247,-0.05211985413333168,0.5485917969338665,0.0,0.10659194924442499,0.023175345919498835,0.00914254336816935,0.001677953986553683,0.01447868399094508,0.007444849127884009,-0.007896367687447102,-0.00023934259991786674,-0.004950105118184832,0.0032998721665842426,-0.00020595077930355066,0.0012167884534408353,0.024042496052802675,0.011446639186932719,0.017663964113251836,0.014250655490871166,0.10659194924442499,-0.023175345919498835,0.11754060709730002,0.0,0.05829149384749,0.0066619622957878495,0.017823626204947998,-0.012809975186641615,0.09865587005726663,0.0189505753911826,0.0011536429194064003,-0.0035794888840972668,-0.0004407045457207001,-0.0007968728588005364,-0.0034355719303484585,0.00035454915415435655,-0.009974743395566992,0.005719724400218031,0.00914254336816935,-0.001677953986553683,0.05829149384749,-0.0066619622957878495,-0.15321684938156674,0.0,-0.08873455455576165,-0.0013139861156807704,0.021973387854204666,-0.004266755510998301,0.0017397547007671336,-0.0007809441084892815,-0.0008392426041512814,-0.0002278346934486498,0.009745537231438216,0.0021766081509614495,-0.012487977341917113,-0.0114912017360888,0.01447868399094508,-0.007444849127884009,0.017823626204947998,0.012809975186641615,-0.08873455455576165,0.0013139861156807704,-0.027137634819474798,0.0,-0.031888261946056665,0.025598918673795157,0.0017389291326920888,0.009439946703736617,7.784319254908363e-07,-0.0010113781310065284,0.004091086899914425,0.014506059796544547,0.013101193484209834,0.013022371269628186,-0.007896367687447102,0.00023934259991786674,0.09865587005726663,-0.0189505753911826,0.021973387854204666,0.004266755510998301,-0.031888261946056665,-0.025598918673795157,-0.06058460294269166,0.0,-0.003303619948241505,0.0030382909057033542,-0.00010213472947693346,4.492033693000359e-06,-0.030558798819559176,0.015760617391097985,-0.03414492976141,-0.002567170240373499,-0.004950105118184832,-0.0032998721665842426,0.0011536429194064003,0.0035794888840972668,0.0017397547007671336,0.0007809441084892815,0.0017389291326920888,-0.009439946703736617,-0.003303619948241505,-0.0030382909057033542,-0.06578511861818666,0.0,0.9997260236236333
0.5010000000000004,0.0015482131150780336,0.0,0.0018007371527055049,0.0017540678936999328,-0.0008681644890952832,0.0011062926701080702,0.0022810021811708824,0.001369008241967274,0.001004404309003933,0.0006927326449132666,-0.00019703368814853324,-0.0008803655556698499,0.0004670360210283329,-0.0007559801482860668,-0.0007020730193015002,-0.0007275979218584499,4.962347241877983e-05,-3.936415374039664e-05,0.0018007371527055049,-0.0017540678936999328,0.16582141135764997,0.0,0.28446911100393335,-0.03446846261535832,0.020048658897946835,0.02091306303335388,0.024007325674820824,-0.011341247865577282,-0.0035310433383424185,-0.00040982094505058323,0.009838779685028404,-0.0021982724355082616,0.004160171993555017,-0.014438444972960495,-0.030548750060501832,-0.015624416421463082,-0.0008681644890952832,-0.0011062926701080702,0.28446911100393335,0.03446846261535832,0.47245359126409986,0.0,-0.0033844499841710835,0.05234460991709835,0.017725777193821915,-0.014166567418088721,-0.010190780858872798,-0.00586330500225287,-0.012452612777521053,0.011402094110783658,0.01305483314813703,-0.012937069151790997,-0.034161432454298334,0.002572954143528668,0.0022810021811708824,-0.001369008241967274,0.020048658897946835,-0.02091306303335388,-0.0033844499841710835,-0.05234460991709835,0.5497666977561332,0.0,0.106757563968195,0.02308478180185466,0.009186472685321299,0.001944195333897617,0.014376755793603752,0.0075232463599744365,-0.00787433186249,-0.00036070776645409956,-0.004922263832482665,0.0032070317412393507,0.001004404309003933,-0.0006927326449132666,0.024007325674820824,0.011341247865577282,0.017725777193821915,0.014166567418088721,0.106757563968195,-0.02308478180185466,0.11755045271049336,0.0,0.05829856934387167,0.006652451275980696,0.017852929632012605,-0.012743675578007266,0.09869385748364169,0.018944599252049502,0.0011981399952385836,-0.003533559651887984,-0.00019703368814853324,0.0008803655556698499,-0.0035310433383424185,0.00040982094505058323,-0.010190780858872798,0.00586330500225287,0.009186472685321299,-0.001944195333897617,0.05829856934387167,-0.006652451275980696,-0.1533495489166667,0.0,-0.08870719344524831,-0.0013928476736556328,0.02201437129782883,-0.004216733128135685,0.0017721824467357968,-0.00079096810916173,0.0004670360210283329,0.0007559801482860668,0.009838779685028404,0.0021982724355082616,-0.012452612777521053,-0.011402094110783658,0.014376755793603752,-0.0075232463599744365,0.017852929632012605,0.012743675578007266,-0.08870719344524831,0.0013928476736556328,-0.027337505240417285,0.0,-0.03185044825061999,0.02553089978162733,0.0016184202895802836,0.009486077068832031,-0.0007020730193015002,0.0007275979218584499,0.004160171993555017,0.014438444972960495,0.01305483314813703,0.012937069151790997,-0.00787433186249,0.00036070776645409956,0.09869385748364169,-0.018944599252049502,0.02201437129782883,0.004216733128135685,-0.03185044825061999,-0.02553089978162733,-0.06068347381028501,0.0,-0.003303127046078353,0.003049433295429103,4.962347241877983e-05,3.936415374039664e-05,-0.030548750060501832,0.015624416421463082,-0.034161432454298334,-0.002572954143528668,-0.004922263832482665,-0.0032070317412393507,0.0011981399952385836,0.003533559651887984,0.0017721824467357968,0.00079096810916173,0.0016184202895802836,-0.009486077068832031,-0.003303127046078353,-0.003049433295429103,-0.06604399815824832,0.0,0.9997258400778002
0.5019999999999996,0.0015480295866795173,0.0,-0.0025573555447248697,3.651467344011625e-05,-0.0002248030798513834,-0.001352576421597235,-0.0025532495813953174,0.0007936033666263335,-0.0011732524096120375,0.0002323500309644501,0.0007247882934039001,0.0005294531484639129,0.0001851265603722003,0.0008841186779714086,0.001000312007123993,4.032799691076659e-05,-6.804504603866681e-06,2.3756333652560307e-05,-0.0025573555447248697,-3.651467344011625e-05,0.16464242240246676,0.0,0.2841612383752834,-0.03417425384981167,0.019906252158248663,0.020812551464769236,0.0239751192431935,-0.011236562008235695,-0.0036285220150578334,-0.00047586770610128334,0.009951405928153354,-0.0022229956064652194,0.004229654406952552,-0.014354087336270834,-0.03051594220835967,-0.015493358224730285,-0.0002248030798513834,0.001352576421597235,0.2841612383752834,0.03417425384981167,0.4731347607019333,0.0,-0.003580110588111467,0.05254556937155166,0.01777776686403405,-0.014094878398465911,-0.010388439808359635,-0.006019683823917432,-0.012430648324659715,0.011277406414906951,0.013024376876061318,-0.012835910112421333,-0.03416814378522334,0.002563682012314583,-0.0025532495813953174,-0.0007936033666263335,0.019906252158248663,-0.020812551464769236,-0.003580110588111467,-0.05254556937155166,0.5509423820839331,0.0,0.10695393980577833,0.022982842155652834,0.0092015784845089,0.0021877620861358005,0.014257252557184463,0.0076132342980720046,-0.007843149591835399,-0.00044650153996589955,-0.004903159404791967,0.0031125773217193834,-0.0011732524096120375,-0.0002323500309644501,0.0239751192431935,0.011236562008235695,0.01777776686403405,0.014094878398465911,0.10695393980577833,-0.022982842155652834,0.11756250637754335,0.0,0.05830765483915334,0.006617673113894386,0.017851248372001048,-0.012676832711984649,0.09873234885830834,0.01896096608126484,0.001259308272116942,-0.003496801781511383,0.0007247882934039001,-0.0005294531484639129,-0.0036285220150578334,0.00047586770610128334,-0.010388439808359635,0.006019683823917432,0.0092015784845089,-0.0021877620861358005,0.05830765483915334,-0.006617673113894386,-0.15347960443908332,0.0,-0.08869019602905003,-0.0014438399264963828,0.022041443862856835,-0.004151991600335999,0.0018307324527465382,-0.000797113971628823,0.0001851265603722003,-0.0008841186779714086,0.009951405928153354,0.0022229956064652194,-0.012430648324659715,-0.011277406414906951,0.014257252557184463,-0.0076132342980720046,0.017851248372001048,0.012676832711984649,-0.08869019602905003,0.0014438399264963828,-0.027539667928334618,0.0,-0.031846105014293344,0.025442655328254665,0.001499205707594016,0.009542793774216114,0.001000312007123993,-4.032799691076659e-05,0.004229654406952552,0.014354087336270834,0.013024376876061318,0.012835910112421333,-0.007843149591835399,0.00044650153996589955,0.09873234885830834,-0.01896096608126484,0.022041443862856835,0.004151991600335999,-0.031846105014293344,-0.025442655328254665,-0.06078379304572001,0.0,-0.003314051717236867,0.003067723710448267,-6.804504603866681e-06,-2.3756333652560307e-05,-0.03051594220835967,0.015493358224730285,-0.03416814378522334,-0.002563682012314583,-0.004903159404791967,-0.0031125773217193834,0.001259308272116942,0.003496801781511383,0.0018307324527465382,0.000797113971628823,0.001499205707594016,-0.009542793774216114,-0.003314051717236867,-0.003067723710448267,-0.06630137919692332,0.0,0.9997256565425167
0.503,0.0015478460504309334,0.0,0.0018290009105511502,-0.0018477173650236884,0.0011055541753070052,0.0007111861074883833,0.0011300443646828204,-0.002465015120651566,0.0006295832701983999,-0.0009732164970916317,-0.0008905568114436254,8.842801327509492e-05,-0.00076867267289915,-0.0005106322430370667,-0.0007294796437802831,0.0006544246141504217,-2.0477125157433473e-05,-1.1902553861749743e-05,0.0018290009105511502,0.0018477173650236884,0.16347425155835,0.0,0.28387369529263323,-0.03383810514547167,0.01975119515993738,0.020656172147639307,0.023980509900171997,-0.011140260934869497,-0.003744794165733317,-0.0005215567432713333,0.010030442138601272,-0.0022328835118488543,0.004294987011119816,-0.014257014123221,-0.030468215072503,-0.015351271524308307,0.0011055541753070052,-0.0007111861074883833,0.28387369529263323,0.03383810514547167,0.4738023628238833,0.0,-0.0037984177950727838,0.052727848873264996,0.01782809107804986,-0.014027527869444925,-0.010562656160090217,-0.006199427544261436,-0.012414733438097394,0.011120215280223871,0.01300632215697715,-0.01270055705095133,-0.034160233180756665,0.0025501649347155968,0.0011300443646828204,0.002465015120651566,0.01975119515993738,-0.020656172147639307,-0.0037984177950727838,-0.052727848873264996,0.5521182969345834,0.0,0.10713423058021834,0.022879715017477834,0.009223990080928725,0.002427496006450111,0.014132347809467422,0.007690321367978699,-0.007766371573561348,-0.0004885931855624997,-0.004876507586974101,0.0030552563596808065,0.0006295832701983999,0.0009732164970916317,0.023980509900171997,0.011140260934869497,0.01782809107804986,0.014027527869444925,0.10713423058021834,-0.022879715017477834,0.11757682011286831,0.0,0.058301201108985005,0.006586903000465732,0.017847774582660073,-0.012640464312338767,0.09877939590398337,0.018985163417567,0.0013220630157017503,-0.003439670538292568,-0.0008905568114436254,-8.842801327509492e-05,-0.003744794165733317,0.0005215567432713333,-0.010562656160090217,0.006199427544261436,0.009223990080928725,-0.002427496006450111,0.058301201108985005,-0.006586903000465732,-0.15360795501628333,0.0,-0.08870189232625338,-0.0014639267080361507,0.022086259247933004,-0.004068978726549601,0.0019074709423243714,-0.0007878245701720061,-0.00076867267289915,0.0005106322430370667,0.010030442138601272,0.0022328835118488543,-0.012414733438097394,-0.011120215280223871,0.014132347809467422,-0.007690321367978699,0.017847774582660073,0.012640464312338767,-0.08870189232625338,0.0014639267080361507,-0.027742756581602048,0.0,-0.031870900309724996,0.025331874332490657,0.0013943760746653175,0.009563582451641201,-0.0007294796437802831,-0.0006544246141504217,0.004294987011119816,0.014257014123221,0.01300632215697715,0.01270055705095133,-0.007766371573561348,0.0004885931855624997,0.09877939590398337,-0.018985163417567,0.022086259247933004,0.004068978726549601,-0.031870900309724996,-0.025331874332490657,-0.06088618469534167,0.0,-0.003330160481406753,0.0030945094615203715,-2.0477125157433473e-05,1.1902553861749743e-05,-0.030468215072503,0.015351271524308307,-0.034160233180756665,-0.0025501649347155968,-0.004876507586974101,-0.0030552563596808065,0.0013220630157017503,0.003439670538292568,0.0019074709423243714,0.0007878245701720061,0.0013943760746653175,-0.009563582451641201,-0.003330160481406753,-0.0030945094615203715,-0.06655720818774,0.0,0.9997254729993
0.5040000000000004,0.0015476625066899832,0.0,-2.5197720071633464e-05,0.002624885311044165,-0.0012252588112276668,0.0003144903387461661,0.0010782662011668497,0.0025383253802947325,0.00026254526536623353,0.001094434559562448,0.0006023468522764835,-0.0006592210654699662,0.0009295743246785326,-0.00018070063800798341,6.005993761114114e-05,-0.0009575705341707466,4.9208312862866914e-05,-2.547644049291483e-05,-2.5197720071633464e-05,-0.002624885311044165,0.16231753978763333,0.0,0.2836027690894168,-0.033497789237958334,0.019568038450760494,0.020500620703728534,0.02399228497655916,-0.011049229519163923,-0.0038514388192722503,-0.000561665677347565,0.01009420860889861,-0.002219240589838999,0.004364386501473235,-0.014167710552366836,-0.030449436049979173,-0.015202910429501216,-0.0012252588112276668,-0.0003144903387461661,0.2836027690894168,0.033497789237958334,0.4744556741531333,0.0,-0.003969273276423234,0.05293228599474167,0.017871676563569226,-0.013937514996923295,-0.010726588867615666,-0.006399797382362365,-0.012356060587245983,0.010981497271135144,0.012978125060600499,-0.012586501231817832,-0.03414162516036567,0.0025482797763809336,0.0010782662011668497,-0.0025383253802947325,0.019568038450760494,-0.020500620703728534,-0.003969273276423234,-0.05293228599474167,0.5532938735563498,0.0,0.10729498794878833,0.02274191904658916,0.0092229154983619,0.002689778376652574,0.01401380553430192,0.007730431411063317,-0.007658846332232531,-0.0005351561848425338,-0.004824329731735101,0.0030322385623969676,0.00026254526536623353,-0.001094434559562448,0.02399228497655916,0.011049229519163923,0.017871676563569226,0.013937514996923295,0.10729498794878833,-0.02274191904658916,0.11759378237622334,0.0,0.05828995918618999,0.006561636276042649,0.017869401144145,-0.01261969015572147,0.09880518815414165,0.018998579644252337,0.0013744028554261271,-0.003368300921520865,0.0006023468522764835,0.0006592210654699662,-0.0038514388192722503,0.000561665677347565,-0.010726588867615666,0.006399797382362365,0.0092229154983619,-0.002689778376652574,0.05828995918618999,-0.006561636276042649,-0.1537350204066667,0.0,-0.08872432228195999,-0.001504863738277934,0.022150755435380663,-0.003980585856141701,0.001978945658279917,-0.0007683684768279834,0.0009295743246785326,0.00018070063800798341,0.01009420860889861,0.002219240589838999,-0.012356060587245983,-0.010981497271135144,0.01401380553430192,-0.007730431411063317,0.017869401144145,0.01261969015572147,-0.08872432228195999,0.001504863738277934,-0.02794635805237956,0.0,-0.03188269251538333,0.025216494194920166,0.0012948399504434831,0.009553218111468418,6.005993761114114e-05,0.0009575705341707466,0.004364386501473235,0.014167710552366836,0.012978125060600499,0.012586501231817832,-0.007658846332232531,0.0005351561848425338,0.09880518815414165,-0.018998579644252337,0.022150755435380663,0.003980585856141701,-0.03188269251538333,-0.025216494194920166,-0.06099071937494332,0.0,-0.0033356051143844673,0.0031223469552487827,4.9208312862866914e-05,2.547644049291483e-05,-0.030449436049979173,0.015202910429501216,-0.03414162516036567,-0.0025482797763809336,-0.004824329731735101,-0.0030322385623969676,0.0013744028554261271,0.003368300921520865,0.001978945658279917,0.0007683684768279834,0.0012948399504434831,-0.009553218111468418,-0.0033356051143844673,-0.0031223469552487827,-0.06681114509747497,0.0,0.9997252894485998
0.5049999999999997,0.0015474789682948,0.0,-0.0018300048035894,-0.0018989351888403332,0.0006056368215823002,-0.0010878567187268993,-0.0026103837965241517,-0.0009233315467485496,-0.0009686472937866166,-0.0005459237441814333,-1.899803577850006e-05,0.0008955948539883331,-0.0005584179370192998,0.0007867233723151166,0.0006138387071414501,0.0007222120830777167,-1.443832556597546e-05,7.104227102046998e-05,-0.0018300048035894,0.0018989351888403332,0.16117257263995005,0.0,0.28337877808816664,-0.033140991191583334,0.01939148031170562,0.020392575437037673,0.02396848975562483,-0.010970432444081782,-0.003921003991820651,-0.0006216103694245385,0.010192808323715498,-0.0021978891943971583,0.004455396402765299,-0.014087593941987636,-0.030475223129807997,-0.015075699575285147,0.0006056368215823002,0.0010878567187268993,0.28337877808816664,0.033140991191583334,0.47509397427579997,0.0,-0.004081102979382278,0.05316827546214832,0.017901145763848523,-0.013825606624838118,-0.010878209265289738,-0.006610228777000632,-0.012242305216155217,0.010878594214044402,0.012939310870027036,-0.012531663380288832,-0.03412282191344317,0.0025463040478698167,-0.0026103837965241517,0.0009233315467485496,0.01939148031170562,-0.020392575437037673,-0.004081102979382278,-0.05316827546214832,0.5544685103705167,0.0,0.10750815208678167,0.022562059350257166,0.009150081047740215,0.0029437076177127957,0.013898531222597151,0.007743432160391716,-0.007571296183161753,-0.0006178390051032671,-0.004757740115487735,0.003002873179766629,-0.0009686472937866166,0.0005459237441814333,0.02396848975562483,0.010970432444081782,0.017901145763848523,0.013825606624838118,0.10750815208678167,-0.022562059350257166,0.11761403292940162,0.0,0.05830680615755999,0.006520331834208682,0.017903014346625452,-0.012583997250072332,0.098813582887685,0.019003283163380336,0.0014405072934395504,-0.0033219087339097005,-1.899803577850006e-05,-0.0008955948539883331,-0.003921003991820651,0.0006216103694245385,-0.010878209265289738,0.006610228777000632,0.009150081047740215,-0.0029437076177127957,0.05830680615755999,-0.006520331834208682,-0.15385941983629997,0.0,-0.08874796427729,-0.0015884664651558665,0.022209241761104496,-0.0038979617566931818,0.0020457924779914167,-0.0007603311235036501,-0.0005584179370192998,-0.0007867233723151166,0.010192808323715498,0.0021978891943971583,-0.012242305216155217,-0.010878594214044402,0.013898531222597151,-0.007743432160391716,0.017903014346625452,0.012583997250072332,-0.08874796427729,0.0015884664651558665,-0.02815169814934957,0.0,-0.03186014752058666,0.025114989356232173,0.0011868047064622837,0.009557780776857452,0.0006138387071414501,-0.0007222120830777167,0.004455396402765299,0.014087593941987636,0.012939310870027036,0.012531663380288832,-0.007571296183161753,0.0006178390051032671,0.098813582887685,-0.019003283163380336,0.022209241761104496,0.0038979617566931818,-0.03186014752058666,-0.025114989356232173,-0.06109714111686499,0.0,-0.00333549171044585,0.0031400370068911504,-1.443832556597546e-05,-7.104227102046998e-05,-0.030475223129807997,0.015075699575285147,-0.03412282191344317,-0.0025463040478698167,-0.004757740115487735,-0.003002873179766629,0.0014405072934395504,0.0033219087339097005,0.0020457924779914167,0.0007603311235036501,0.0011868047064622837,-0.009557780776857452,-0.00333549171044585,-0.0031400370068911504,-0.06706320417819335,0.0,0.9997251059027833
0.5060000000000001,0.0015472954344473498,0.0,0.0026520818572318495,5.432599807564988e-05,0.00037693791147950704,0.0011765910039376166,0.002410783675870416,-0.001313117173004911,0.0010566081289491334,-0.000344034284356967,-0.0005801431451427333,-0.0006959973887979,-0.00013490691829029348,-0.00096109971443025,-0.0009309070948238667,-0.00010472035445570331,-4.628184474978498e-05,-4.945599189993354e-05,0.0026520818572318495,-5.432599807564988e-05,0.16004096851648333,0.0,0.28316514947560006,-0.03273295054005666,0.019236808718180485,0.020290829554761587,0.023919279938605997,-0.010914474344015984,-0.003972691766081184,-0.0006895291912009786,0.010309553323870119,-0.0021901384114612335,0.004562970950064848,-0.013993127442794217,-0.03050448728486718,-0.014976659013323488,0.00037693791147950704,-0.0011765910039376166,0.28316514947560006,0.03273295054005666,0.4757157996511167,0.0,-0.004201083814036234,0.05340256955987833,0.017916565429539517,-0.013715661689064823,-0.010987352584292715,-0.006823341044869288,-0.012116959625418078,0.010769587152590566,0.012893495382248236,-0.012485651425018167,-0.0340976476800815,0.002517739857542467,0.002410783675870416,0.001313117173004911,0.019236808718180485,-0.020290829554761587,-0.004201083814036234,-0.05340256955987833,0.5556417655889334,0.0,0.10778009391422333,0.022367625307569784,0.009024599042170607,0.0031458582146279743,0.013772860649689432,0.007741644170923769,-0.007512537249322882,-0.0007024695111561843,-0.004697832843463766,0.0029436405919694383,0.0010566081289491334,0.000344034284356967,0.023919279938605997,0.010914474344015984,0.017916565429539517,0.013715661689064823,0.10778009391422333,-0.022367625307569784,0.11763778713516501,0.0,0.05834308766302501,0.0064588018145629806,0.017919714873698166,-0.012533753791793664,0.09882386537723337,0.019008609112038662,0.0015411325707944332,-0.0033040601727724996,-0.0005801431451427333,0.0006959973887979,-0.003972691766081184,0.0006895291912009786,-0.010987352584292715,0.006823341044869288,0.009024599042170607,-0.0031458582146279743,0.05834308766302501,-0.0064588018145629806,-0.15397987537145,0.0,-0.08876620773964665,-0.0016664217440868258,0.02224589701727583,-0.00381935921328662,0.002128041003983425,-0.0007702246542843784,-0.00013490691829029348,0.00096109971443025,0.010309553323870119,0.0021901384114612335,-0.012116959625418078,-0.010769587152590566,0.013772860649689432,-0.007741644170923769,0.017919714873698166,0.012533753791793664,-0.08876620773964665,0.0016664217440868258,-0.02835954708936184,0.0,-0.031817969031558334,0.02501772943785183,0.0010797318420349168,0.009586288780060515,-0.0009309070948238667,0.00010472035445570331,0.004562970950064848,0.013993127442794217,0.012893495382248236,0.012485651425018167,-0.007512537249322882,0.0007024695111561843,0.09882386537723337,-0.019008609112038662,0.02224589701727583,0.00381935921328662,-0.031817969031558334,-0.02501772943785183,-0.06120539250598333,0.0,-0.003347224624818304,0.0031427038452199172,-4.628184474978498e-05,4.945599189993354e-05,-0.03050448728486718,0.014976659013323488,-0.0340976476800815,-0.002517739857542467,-0.004697832843463766,-0.0029436405919694383,0.0015411325707944332,0.0033040601727724996,0.002128041003983425,0.0007702246542843784,0.0010797318420349168,-0.009586288780060515,-0.003347224624818304,-0.0031427038452199172,-0.06731387899691335,0.0,0.9997249223623002
0.5070000000000006,0.001547111890184033,0.0,-0.0019381630673987718,0.0018450979638128502,-0.0010966658023285165,-0.0005046426854631332,-0.0005980239294155666,0.0026717187309699673,-0.00046061611293023315,0.0010000601107398865,0.0009093995499149399,0.0001296739933922501,0.0007682331963037998,0.0005945787241578332,0.0007307615120099016,-0.0005501204367800775,6.990154442893033e-05,8.115151937701081e-07,-0.0019381630673987718,-0.0018450979638128502,0.15892487575341663,0.0,0.28296016439476657,-0.03228738450101966,0.01906456995781156,0.020148598954843108,0.023890260622269992,-0.010879168636042217,-0.004045448671853633,-0.0007382016222829334,0.01038327213239495,-0.002196937623994947,0.004663036929372809,-0.013880015445137532,-0.030517281327094335,-0.014887753003423333,-0.0010966658023285165,0.0005046426854631332,0.28296016439476657,0.03228738450101966,0.47631951771610004,0.0,-0.004350157832175048,0.05363838480391332,0.017931840758145336,-0.013624769087711769,-0.011045434640736566,-0.007041373110811985,-0.012018483521296752,0.010628293630158941,0.012828168787106397,-0.012389105711797832,-0.03406413187117417,0.0024636135107418597,-0.0005980239294155666,-0.0026717187309699673,0.01906456995781156,-0.020148598954843108,-0.004350157832175048,-0.05363838480391332,0.5568133472942167,0.0,0.1080589225886117,0.022178388860825664,0.008898591985083215,0.003318735429994116,0.0136448483727468,0.007706037358651882,-0.0074394143281005945,-0.0007455493726859829,-0.004646078568216745,0.002881885357267099,-0.00046061611293023315,-0.0010000601107398865,0.023890260622269992,0.010879168636042217,0.017931840758145336,0.013624769087711769,0.1080589225886117,-0.022178388860825664,0.11766497169147663,0.0,0.058365947052525,0.006403983013333808,0.01793504652014617,-0.012495098504929747,0.09885776898116334,0.019016931103909004,0.0016458042127843685,-0.0032745869684717493,0.0009093995499149399,-0.0001296739933922501,-0.004045448671853633,0.0007382016222829334,-0.011045434640736566,0.007041373110811985,0.008898591985083215,-0.003318735429994116,0.058365947052525,-0.006403983013333808,-0.15409718254184995,0.0,-0.08879690138820165,-0.0016979934080202997,0.022284560377594343,-0.003740335740882557,0.002226008953279827,-0.0007778731463551392,0.0007682331963037998,-0.0005945787241578332,0.01038327213239495,0.002196937623994947,-0.012018483521296752,-0.010628293630158941,0.0136448483727468,-0.007706037358651882,0.01793504652014617,0.012495098504929747,-0.08879690138820165,0.0016979934080202997,-0.028568748982328928,0.0,-0.03177957349366333,0.024914392716730502,0.0009946924667978336,0.009601309182253819,0.0007307615120099016,0.0005501204367800775,0.004663036929372809,0.013880015445137532,0.012828168787106397,0.012389105711797832,-0.0074394143281005945,0.0007455493726859829,0.09885776898116334,-0.019016931103909004,0.022284560377594343,0.003740335740882557,-0.03177957349366333,-0.024914392716730502,-0.06131562376128668,0.0,-0.003370964492519005,0.003134013811530384,6.990154442893033e-05,-8.115151937701081e-07,-0.030517281327094335,0.014887753003423333,-0.03406413187117417,-0.0024636135107418597,-0.004646078568216745,-0.002881885357267099,0.0016458042127843685,0.0032745869684717493,0.002226008953279827,0.0007778731463551392,0.0009946924667978336,-0.009601309182253819,-0.003370964492519005,-0.003134013811530384,-0.06756353024861501,0.0,0.9997247388114998
0.5079999999999993,0.0015469283239329828,0.0,8.902249474784987e-05,-0.0026943998216728327,0.0010807336986204002,-0.0004493786311741837,-0.001648761296775966,-0.0022286195468115993,-0.00040524731832411676,-0.0009965986799946502,-0.0007611240018612782,0.000535730833288431,-0.0009684686489267231,0.00012335196693127998,-0.00013572343857844022,0.0008736313536733936,-7.584798222096658e-05,5.078484631568174e-05,8.902249474784987e-05,0.0026943998216728327,0.15782478263914995,0.0,0.28276499967635005,-0.03185111951068984,0.01884397174468165,0.020009169525940788,0.02387572238611316,-0.010846467478716346,-0.0041362911838610985,-0.0007748203205888883,0.010403951034701299,-0.0022058267214422832,0.0047432028552209,-0.013771730523349002,-0.030535747208024672,-0.014798788263300644,0.0010807336986204002,0.0004493786311741837,0.28276499967635005,0.03185111951068984,0.4769045498953501,0.0,-0.004449677136759884,0.053904259560016994,0.01794589195836815,-0.01355190155717116,-0.011083314897187014,-0.0072669396090250344,-0.011927843682473958,0.010495040831798648,0.012727199689254712,-0.012268247765063195,-0.0340310750617205,0.0024169194918909156,-0.001648761296775966,0.0022286195468115993,0.01884397174468165,-0.020009169525940788,-0.004449677136759884,-0.053904259560016994,0.5579831553949666,0.0,0.10831289342625165,0.021980061785079667,0.008765293316938167,0.003508652296270884,0.013539711381314204,0.007619663508317166,-0.007325006716331235,-0.000772874195876608,-0.004582915050486152,0.0028586079749752676,-0.00040524731832411676,0.0009965986799946502,0.02387572238611316,0.010846467478716346,0.01794589195836815,0.01355190155717116,0.10831289342625165,-0.021980061785079667,0.11769590025912167,0.0,0.05835963727880333,0.0063749906410846095,0.017979469713251837,-0.0124688809423386,0.09889294825834001,0.019018184190460172,0.001709544271276367,-0.0032115977370656174,-0.0007611240018612782,-0.000535730833288431,-0.0041362911838610985,0.0007748203205888883,-0.011083314897187014,0.0072669396090250344,0.008765293316938167,-0.003508652296270884,0.05835963727880333,-0.0063749906410846095,-0.15421303648850002,0.0,-0.08883941547884669,-0.0017150738525884917,0.022346405099674505,-0.0036697769052974733,0.0023134633952637687,-0.0007702951357167333,-0.0009684686489267231,-0.00012335196693127998,0.010403951034701299,0.0022058267214422832,-0.011927843682473958,-0.010495040831798648,0.013539711381314204,-0.007619663508317166,0.017979469713251837,0.0124688809423386,-0.08883941547884669,0.0017150738525884917,-0.02877789345222873,0.0,-0.031736923108451665,0.024813823052271165,0.0009276887160459837,0.009586902070381882,-0.00013572343857844022,-0.0008736313536733936,0.0047432028552209,0.013771730523349002,0.012727199689254712,0.012268247765063195,-0.007325006716331235,0.000772874195876608,0.09889294825834001,-0.019018184190460172,0.022346405099674505,0.0036697769052974733,-0.031736923108451665,-0.024813823052271165,-0.06142775198360832,0.0,-0.0033852989775828624,0.003119513730319483,-7.584798222096658e-05,-5.078484631568174e-05,-0.030535747208024672,0.014798788263300644,-0.0340310750617205,-0.0024169194918909156,-0.004582915050486152,-0.0028586079749752676,0.001709544271276367,0.0032115977370656174,0.0023134633952637687,0.0007702951357167333,0.0009276887160459837,-0.009586902070381882,-0.0033852989775828624,-0.003119513730319483,-0.06781207935006167,0.0,0.9997245552384836
0.5090000000000002,0.0015467447516495,0.0,0.0018431760056666744,0.0019804467739021527,-0.00041108520525906663,0.001079978400680645,0.0028054193662727617,0.00021577875807383354,0.0009803267399147667,0.00038151496736140025,0.00018881329326864163,-0.0009311126639938652,0.0006082793016637001,-0.0007714315292148666,-0.0004969468716533063,-0.0006990195768486652,3.2045780013619886e-05,-0.0001029055031780372,0.0018431760056666744,-0.0019804467739021527,0.1567400679724334,0.0,0.28260848790576676,-0.03142331330706984,0.01860595524294367,0.01994591974381508,0.023827071546042834,-0.01080311622033408,-0.004204859557705032,-0.0008290522364037786,0.010432751848420832,-0.0022170255399583737,0.004810551528955199,-0.01368499559192567,-0.030573794375289832,-0.014724242672519004,-0.00041108520525906663,-0.001079978400680645,0.28260848790576676,0.03142331330706984,0.4774708944473501,0.0,-0.004439447220186419,0.054209562981319154,0.017948665468161252,-0.013498852748071766,-0.011133491997572499,-0.007497152744213382,-0.011808009944561552,0.010418411778249006,0.012597817580655583,-0.012185084354708582,-0.034014226307512344,0.0023956668863985,0.0028054193662727617,-0.00021577875807383354,0.01860595524294367,-0.01994591974381508,-0.004439447220186419,-0.054209562981319154,0.5591511860478334,0.0,0.10859748124320164,0.021763170819448004,0.008582192261034913,0.0036999752872685673,0.013460295745926106,0.007501897590959901,-0.007195793110491052,-0.0008407964828548664,-0.004498064211827925,0.0028701600504413634,0.0009803267399147667,-0.00038151496736140025,0.023827071546042834,0.01080311622033408,0.017948665468161252,0.013498852748071766,0.10859748124320164,-0.021763170819448004,0.11773116711208166,0.0,0.05835469506092834,0.006353708814383289,0.018041726761375332,-0.012428160479253363,0.09890792926431165,0.019013271296142994,0.0017397174556386661,-0.0031412777899119493,0.00018881329326864163,0.0009311126639938652,-0.004204859557705032,0.0008290522364037786,-0.011133491997572499,0.007497152744213382,0.008582192261034913,-0.0036999752872685673,0.05835469506092834,-0.006353708814383289,-0.1543275077993833,0.0,-0.08888432682473502,-0.0017685277817291517,0.022419653105156496,-0.0036211680470944006,0.00237831139720356,-0.0007646250298813561,0.0006082793016637001,0.0007714315292148666,0.010432751848420832,0.0022170255399583737,-0.011808009944561552,-0.010418411778249006,0.013460295745926106,-0.007501897590959901,0.018041726761375332,0.012428160479253363,-0.08888432682473502,0.0017685277817291517,-0.028987335121573057,0.0,-0.03167608674177166,0.02473037873463,0.0008494704417465331,0.00957891394514246,-0.0004969468716533063,0.0006990195768486652,0.004810551528955199,0.01368499559192567,0.012597817580655583,0.012185084354708582,-0.007195793110491052,0.0008407964828548664,0.09890792926431165,-0.019013271296142994,0.022419653105156496,0.0036211680470944006,-0.03167608674177166,-0.02473037873463,-0.06154139435749333,0.0,-0.0033796096361636183,0.0031021682345502523,3.2045780013619886e-05,0.0001029055031780372,-0.030573794375289832,0.014724242672519004,-0.034014226307512344,-0.0023956668863985,-0.004498064211827925,-0.0028701600504413634,0.0017397174556386661,0.0031412777899119493,0.00237831139720356,0.0007646250298813561,0.0008494704417465331,-0.00957891394514246,-0.0033796096361636183,-0.0031021682345502523,-0.06805945139401333,0.0,0.9997243716584501
0.5100000000000007,0.0015465611859948336,0.0,-0.002711059717469084,-7.325875873874975e-05,-0.0005093432770175336,-0.0010396594778089654,-0.0020040388879062694,0.001998034673661616,-0.0009385610860230501,0.0004423022491597553,0.0005129277318061184,0.0008388994436909163,9.477783347086995e-05,0.0009792193585943666,0.0008201573215220638,0.00016364730208125302,4.4932358459161716e-05,8.350021616695987e-05,-0.002711059717469084,7.325875873874975e-05,0.15567144309013325,0.0,0.28249382854469995,-0.030949072230376337,0.01839152119555215,0.019940949192441115,0.023730699757342332,-0.010743507236931528,-0.004238074457752523,-0.0009083365210145717,0.01050442345521089,-0.002243532708616161,0.0048669970359331,-0.013608360803035834,-0.030603436635190672,-0.01467140874362428,-0.0005093432770175336,0.0010396594778089654,0.28249382854469995,0.030949072230376337,0.4780174861511667,0.0,-0.004375179800099833,0.05452185519493068,0.017946601630097207,-0.013464834392774782,-0.011187816231374397,-0.007719009460856559,-0.011662685115719518,0.010373789435778458,0.01245755203957317,-0.01213319987064693,-0.03400394498904667,0.002385881609436767,-0.0020040388879062694,-0.001998034673661616,0.01839152119555215,-0.019940949192441115,-0.004375179800099833,-0.05452185519493068,0.5603176483205166,0.0,0.10895712644682833,0.021542041413992342,0.008361231546640266,0.0038462084974865665,0.013380260517047115,0.007380662827464518,-0.007083543394624183,-0.0009486728220963073,-0.004400469061829196,0.0028774736489473292,-0.0009385610860230501,-0.0004423022491597553,0.023730699757342332,0.010743507236931528,0.017946601630097207,0.013464834392774782,0.10895712644682833,-0.021542041413992342,0.11777093812185331,0.0,0.05837685435033003,0.006312570595475218,0.01807339192473867,-0.012366952395362967,0.09891234801998501,0.019016419425965832,0.0017779721296844503,-0.0030884282256429503,0.0005129277318061184,-0.0008388994436909163,-0.004238074457752523,0.0009083365210145717,-0.011187816231374397,0.007719009460856559,0.008361231546640266,-0.0038462084974865665,0.05837685435033003,-0.006312570595475218,-0.15443935016838337,0.0,-0.08892250854304,-0.0018376171033788835,0.022482947671862326,-0.00359054503445215,0.0024405968188056875,-0.0007739278871400248,9.477783347086995e-05,-0.0009792193585943666,0.01050442345521089,0.002243532708616161,-0.011662685115719518,-0.010373789435778458,0.013380260517047115,-0.007380662827464518,0.01807339192473867,0.012366952395362967,-0.08892250854304,0.0018376171033788835,-0.02919813399798905,0.0,-0.031608828696115004,0.024654639533243674,0.00074902932239405,0.009605070323322933,0.0008201573215220638,-0.00016364730208125302,0.0048669970359331,0.013608360803035834,0.01245755203957317,0.01213319987064693,-0.007083543394624183,0.0009486728220963073,0.09891234801998501,-0.019016419425965832,0.022482947671862326,0.00359054503445215,-0.031608828696115004,-0.024654639533243674,-0.061656434521584993,0.0,-0.003366809958590768,0.003086410373074849,4.4932358459161716e-05,-8.350021616695987e-05,-0.030603436635190672,0.01467140874362428,-0.03400394498904667,-0.002385881609436767,-0.004400469061829196,-0.0028774736489473292,0.0017779721296844503,0.0030884282256429503,0.0024405968188056875,0.0007739278871400248,0.00074902932239405,-0.009605070323322933,-0.003366809958590768,-0.003086410373074849,-0.06830597009548998,0.0,0.9997241880864
0.5109999999999995,0.001546377625556483,0.0,0.001953389905631234,-0.0018957803434142973,0.0010994751271003003,0.00030522356597014974,-0.0002270030040647501,-0.002838202356275,0.00032035194450678303,-0.0009687943393335665,-0.000988923164957874,-0.00027622251576651664,-0.0007502889477249498,-0.0006377833044366665,-0.0006882722009812567,0.0004232276877015,-7.136348742424491e-05,-2.0708542169043048e-05,0.001953389905631234,0.0018957803434142973,0.15462168222611666,0.0,0.28238528978005,-0.030393120064932003,0.01817721433209423,0.019915347938617805,0.023631831524169325,-0.010663008492910157,-0.004273689923193182,-0.0009961015894165265,0.010576904976422684,-0.0022838251160186007,0.004900235787379567,-0.013522470941183916,-0.030599907929970162,-0.014623158117326552,0.0010994751271003003,-0.00030522356597014974,0.28238528978005,0.030393120064932003,0.47854193764088343,0.0,-0.004347618352478,0.05479621183952697,0.017962998492035732,-0.013433961460967281,-0.011221497489399853,-0.007924296952214546,-0.0115243925394878,0.01030349983717335,0.012317120686182166,-0.012051435487775784,-0.033972757819823333,0.0023817094582190496,-0.0002270030040647501,0.002838202356275,0.01817721433209423,-0.019915347938617805,-0.004347618352478,-0.05479621183952697,0.5614824528923833,0.0,0.10934688848144836,0.021331186318606497,0.008155180704475417,0.003960078874445533,0.013294853734984315,0.007258737612932719,-0.006971320534088267,-0.0010327550441004843,-0.004309025843025049,0.0028697486746031846,0.00032035194450678303,0.0009687943393335665,0.023631831524169325,0.010663008492910157,0.017962998492035732,0.013433961460967281,0.10934688848144836,-0.021331186318606497,0.11781481782368336,0.0,0.05840365238640835,0.006250519350210368,0.018058802823829,-0.01231469499990122,0.09892197469430829,0.019033522803120997,0.0018262191507376767,-0.003040508001868928,-0.000988923164957874,0.00027622251576651664,-0.004273689923193182,0.0009961015894165265,-0.011221497489399853,0.007924296952214546,0.008155180704475417,-0.003960078874445533,0.05840365238640835,-0.006250519350210368,-0.15454858500508328,0.0,-0.08894968068127498,-0.0018584899982734245,0.022540528446924838,-0.0035622415248159635,0.0025164922038290365,-0.0007786555023160005,-0.0007502889477249498,0.0006377833044366665,0.010576904976422684,0.0022838251160186007,-0.0115243925394878,-0.01030349983717335,0.013294853734984315,-0.007258737612932719,0.018058802823829,0.01231469499990122,-0.08894968068127498,0.0018584899982734245,-0.0294095473372703,0.0,-0.03156377297484667,0.02456679558091183,0.0006532485478485671,0.009634397644872502,-0.0006882722009812567,-0.0004232276877015,0.004900235787379567,0.013522470941183916,0.012317120686182166,0.012051435487775784,-0.006971320534088267,0.0010327550441004843,0.09892197469430829,-0.019033522803120997,0.022540528446924838,0.0035622415248159635,-0.03156377297484667,-0.02456679558091183,-0.06177318226893501,0.0,-0.003360870099466772,0.003083286906241987,-7.136348742424491e-05,2.0708542169043048e-05,-0.030599907929970162,0.014623158117326552,-0.033972757819823333,-0.0023817094582190496,-0.004309025843025049,-0.0028697486746031846,0.0018262191507376767,0.003040508001868928,0.0025164922038290365,0.0007786555023160005,0.0006532485478485671,-0.009634397644872502,-0.003360870099466772,-0.003083286906241987,-0.06855194907840333,0.0,0.9997240045188335
0.5120000000000003,0.0015461940562931172,0.0,-2.508728201456696e-05,0.002725857534460784,-0.0009093081032753498,0.0006132466281987829,0.0023541691018793827,0.0016989520391870177,0.0004697079591094909,0.0008753443817780252,0.0009470672841804831,-0.0005022827544011782,0.0009907158051491332,-7.764361586395001e-05,0.00019453620720951683,-0.0007447980546989001,7.88124454609313e-05,-2.250933697737679e-05,-2.508728201456696e-05,-0.002725857534460784,0.15359348876921666,0.0,0.2822959313112333,-0.029785784765079835,0.017918662729228416,0.01986339876511558,0.023565383184921497,-0.010559510849637053,-0.004335855653187174,-0.0010861266048231332,0.010606891031841275,-0.0023169881483362303,0.004908324398330299,-0.013434212156983781,-0.03059035452631567,-0.014568318479376851,-0.0009093081032753498,-0.0006132466281987829,0.2822959313112333,0.029785784765079835,0.4790421504946666,0.0,-0.0043571372059373155,0.05501972812609082,0.018010521179240332,-0.013382281942570936,-0.011237203993447414,-0.008122953267271834,-0.01139539911701724,0.010209417425689286,0.012186386175398663,-0.011928204162182588,-0.033914160454173836,0.0024052816555658494,0.0023541691018793827,-0.0016989520391870177,0.017918662729228416,-0.01986339876511558,-0.0043571372059373155,-0.05501972812609082,0.56264520722825,0.0,0.10971639038878161,0.021135675656602,0.007966733780673332,0.004092544081567233,0.013234849069428834,0.007123774807854919,-0.0068279156317899254,-0.0010613435833385838,-0.004232382811707331,0.002881132830980383,0.0004697079591094909,-0.0008753443817780252,0.023565383184921497,0.010559510849637053,0.018010521179240332,0.013382281942570936,0.10971639038878161,-0.021135675656602,0.11786233780966002,0.0,0.05840830460223834,0.006191576575874684,0.018034847552008505,-0.01229843838461392,0.09894448332157002,0.019054907902189167,0.0018464834444677505,-0.002977813668164833,0.0009470672841804831,0.0005022827544011782,-0.004335855653187174,0.0010861266048231332,-0.011237203993447414,0.008122953267271834,0.007966733780673332,-0.004092544081567233,0.05840830460223834,-0.006191576575874684,-0.15465697108621665,0.0,-0.08897877927654166,-0.0018276481570957829,0.02261669255300367,-0.0035288029756558037,0.0025894540429275918,-0.0007592098829860819,0.0009907158051491332,7.764361586395001e-05,0.010606891031841275,0.0023169881483362303,-0.01139539911701724,-0.010209417425689286,0.013234849069428834,-0.007123774807854919,0.018034847552008505,0.01229843838461392,-0.08897877927654166,0.0018276481570957829,-0.029619461369871473,0.0,-0.03154664590933167,0.02446996584481016,0.0005836010362857161,0.009622560953934581,0.00019453620720951683,0.0007447980546989001,0.004908324398330299,0.013434212156983781,0.012186386175398663,0.011928204162182588,-0.0068279156317899254,0.0010613435833385838,0.09894448332157002,-0.019054907902189167,0.02261669255300367,0.0035288029756558037,-0.03154664590933167,-0.02446996584481016,-0.06189184850694832,0.0,-0.0033548124071111508,0.0031042834474113287,7.88124454609313e-05,2.250933697737679e-05,-0.03059035452631567,0.014568318479376851,-0.033914160454173836,-0.0024052816555658494,-0.004232382811707331,-0.002881132830980383,0.0018464834444677505,0.002977813668164833,0.0025894540429275918,0.0007592098829860819,0.0005836010362857161,-0.009622560953934581,-0.0033548124071111508,-0.0031042834474113287,-0.06879727645242668,0.0,0.9997238209424167
0.5130000000000008,0.0015460104828035831,0.0,-0.0019053150631130127,-0.0019245765305266783,0.00011742739395913318,-0.0010517851317003333,-0.0028959688035555824,0.0006834799825143669,-0.0009411329831402649,-0.00025160352490161163,-0.0003508256578896499,0.0010605679872983415,-0.0006599325248992169,0.0007655315155919498,0.00037327146121818403,0.0006388503922769333,-7.891923209328042e-05,8.401390477679995e-05,-0.0019053150631130127,0.0019245765305266783,0.15258818697621665,0.0,0.28222075212830006,-0.029155605037514836,0.017632263428181978,0.019843368770968324,0.023499762992637997,-0.010438860153541635,-0.004389048273845766,-0.0011858713520304664,0.010616607530490676,-0.0023298446420561333,0.0049143150298248525,-0.013358976621941696,-0.030610049911121665,-0.01452445460684033,0.00011742739395913318,0.0010517851317003333,0.28222075212830006,0.029155605037514836,0.47951725240029996,0.0,-0.0043393033488663335,0.05519289357093235,0.018069079035772,-0.013301895208323868,-0.011257819409690601,-0.008323849139399606,-0.011237841059611956,0.010149904687731982,0.012075326259180856,-0.011814762675129332,-0.03384144803032567,0.0024688035972357117,-0.0028959688035555824,-0.0006834799825143669,0.017632263428181978,-0.019843368770968324,-0.0043393033488663335,-0.05519289357093235,0.5638055203594502,0.0,0.11007756792420993,0.02095708154438842,0.007748550255541615,0.004231901421733854,0.013217658525756303,0.006974373123520299,-0.0066566905818197,-0.0010776308112737665,-0.004160078013230683,0.0029344039002084043,-0.0009411329831402649,0.00025160352490161163,0.023499762992637997,0.010438860153541635,0.018069079035772,0.013301895208323868,0.11007756792420993,-0.02095708154438842,0.11791311385735666,0.0,0.05839776967650999,0.006145759422647649,0.018025990825564064,-0.012307110542526166,0.09895450666923668,0.019061212741381332,0.0018385696447184004,-0.0029057517819473175,-0.0003508256578896499,-0.0010605679872983415,-0.004389048273845766,0.0011858713520304664,-0.011257819409690601,0.008323849139399606,0.007748550255541615,-0.004231901421733854,0.05839776967650999,-0.006145759422647649,-0.15476555351218335,0.0,-0.08900739451569167,-0.0018106053486032431,0.02271105716948234,-0.0034989752854657327,0.002637763801130437,-0.0007316101557576613,-0.0006599325248992169,-0.0007655315155919498,0.010616607530490676,0.0023298446420561333,-0.011237841059611956,-0.010149904687731982,0.013217658525756303,-0.006974373123520299,0.018025990825564064,0.012307110542526166,-0.08900739451569167,0.0018106053486032431,-0.029827060160013505,0.0,-0.03152606269658001,0.024376587169445175,0.0005196776605915504,0.009574667201694798,0.00037327146121818403,-0.0006388503922769333,0.0049143150298248525,0.013358976621941696,0.012075326259180856,0.011814762675129332,-0.0066566905818197,0.0010776308112737665,0.09895450666923668,-0.019061212741381332,0.02271105716948234,0.0034989752854657327,-0.03152606269658001,-0.024376587169445175,-0.06201209309920998,0.0,-0.003335096271044849,0.003147992732531369,-7.891923209328042e-05,-8.401390477679995e-05,-0.030610049911121665,0.01452445460684033,-0.03384144803032567,-0.0024688035972357117,-0.004160078013230683,-0.0029344039002084043,0.0018385696447184004,0.0029057517819473175,0.002637763801130437,0.0007316101557576613,0.0005196776605915504,-0.009574667201694798,-0.003335096271044849,-0.003147992732531369,-0.06904173994250168,0.0,0.9997236373624834
0.5139999999999996,0.0015458269212385001,0.0,0.002667130657926352,-1.9605685443931706e-05,0.0007243018021157336,0.00076329573764233,0.0014128393023129238,-0.002660352794118817,0.0008274559929733698,-0.0005266478762120368,-0.0004933417671549183,-0.0010548706674903233,-5.8074581653091556e-05,-0.0010255576423669835,-0.000706111345518683,-0.00018773512836800003,1.7555085057466706e-05,-0.00013462707163190018,0.002667130657926352,1.9605685443931706e-05,0.15160709830178334,0.0,0.2821798954332166,-0.028487078547425833,0.017367414761713964,0.01986716340767434,0.023397116830200838,-0.010314847362650164,-0.0043938483536865676,-0.0012982987124975566,0.010653027744657116,-0.00232476887329145,0.0049442158440636316,-0.013293716562904479,-0.030651801526753175,-0.014514405612083166,0.0007243018021157336,-0.00076329573764233,0.2821798954332166,0.028487078547425833,0.4799664130308834,0.0,-0.004292405737868666,0.055330710927228,0.01811968095238283,-0.013206992924440279,-0.01128507771005923,-0.008519267254249726,-0.011037920624798971,0.010146327548499404,0.011990377693282752,-0.011741672407324799,-0.03376598123387835,0.0025541512137188856,0.0014128393023129238,0.002660352794118817,0.017367414761713964,-0.01986716340767434,-0.004292405737868666,-0.055330710927228,0.5649635441151999,0.0,0.11049812212060336,0.02081587390629006,0.007501432109729452,0.004310027291934638,0.013223247724871679,0.0068245889773506825,-0.006491779286309033,-0.0011224130760025602,-0.004071150914465067,0.0030009302187464838,0.0008274559929733698,0.0005266478762120368,0.023397116830200838,0.010314847362650164,0.01811968095238283,0.013206992924440279,0.11049812212060336,-0.02081587390629006,0.1179662299277183,0.0,0.05841253115634333,0.006096403171828187,0.018016447660798,-0.012319806772331838,0.09895684331411833,0.019049649924310665,0.0018600142965769597,-0.002842303532037883,-0.0004933417671549183,0.0010548706674903233,-0.0043938483536865676,0.0012982987124975566,-0.01128507771005923,0.008519267254249726,0.007501432109729452,-0.004310027291934638,0.05841253115634333,-0.006096403171828187,-0.15487325418925002,0.0,-0.08903738879840334,-0.001838199144335303,0.02280217425724999,-0.003481424530237549,0.002673586340687595,-0.0007219916711161599,-5.8074581653091556e-05,0.0010255576423669835,0.010653027744657116,0.00232476887329145,-0.011037920624798971,-0.010146327548499404,0.013223247724871679,-0.0068245889773506825,0.018016447660798,0.012319806772331838,-0.08903738879840334,0.001838199144335303,-0.03003350149708211,0.0,-0.03148081023648,0.024290914546177836,0.00042921373132519974,0.009530206992309248,-0.000706111345518683,0.00018773512836800003,0.0049442158440636316,0.013293716562904479,0.011990377693282752,0.011741672407324799,-0.006491779286309033,0.0011224130760025602,0.09895684331411833,-0.019049649924310665,0.02280217425724999,0.003481424530237549,-0.03148081023648,-0.024290914546177836,-0.062133317669628346,0.0,-0.003311511228635267,0.003199004988101454,1.7555085057466706e-05,0.00013462707163190018,-0.030651801526753175,0.014514405612083166,-0.03376598123387835,-0.0025541512137188856,-0.004071150914465067,-0.0030009302187464838,0.0018600142965769597,0.002842303532037883,0.002673586340687595,0.0007219916711161599,0.00042921373132519974,-0.009530206992309248,-0.003311511228635267,-0.003199004988101454,-0.06928558514715168,0.0,0.999723453793967
0.5150000000000003,0.0015456433729194828,0.0,-0.0018001425681796585,0.0018955660311438917,-0.0010619299212094333,9.005476060556673e-05,0.0010755499716465168,0.002814475490484915,-0.00016528874486835003,0.000988851234244095,0.0011251070070427496,0.00044817332183244145,0.0007611818759747735,0.0007070568563211001,0.0006340339829415167,-0.0003532969398540165,6.559903505437346e-05,0.00011978573608699997,-0.0018001425681796585,-0.0018955660311438917,0.15065272310946673,0.0,0.28212895396518334,-0.027754376621641503,0.017117853006645666,0.019880556754829627,0.023274341357157006,-0.010198609682204351,-0.004370577313489283,-0.0014159250850945813,0.010704232458781103,-0.0023069898784186817,0.004994737273767067,-0.013216317685426098,-0.030674772406031343,-0.014531856236788182,-0.0010619299212094333,-9.005476060556673e-05,0.28212895396518334,0.027754376621641503,0.4803878413899001,0.0,-0.004287148217910483,0.05543761995798667,0.018157457159120996,-0.013103774511331078,-0.011285469838070017,-0.008694432927266632,-0.01083229014817091,0.010152824451275817,0.011919895647276166,-0.01167171428355892,-0.033673954963205,0.002639670442004198,0.0010755499716465168,-0.002814475490484915,0.017117853006645666,-0.019880556754829627,-0.004287148217910483,-0.05543761995798667,0.56611994747765,0.0,0.11096102060301165,0.020721794167323563,0.007279524629379303,0.004309908923424732,0.013229003377563072,0.006680667906228768,-0.006350604925976849,-0.0011563249647303295,-0.003952745071366734,0.0030397000991722847,-0.00016528874486835003,-0.000988851234244095,0.023274341357157006,0.010198609682204351,0.018157457159120996,0.013103774511331078,0.11096102060301165,-0.020721794167323563,0.11802006854464833,0.0,0.058454956497698336,0.006028378668374101,0.017989941324386714,-0.012337138067544719,0.09896594726665332,0.01903061823106333,0.0019378612387756504,-0.0027817851631852493,0.0011251070070427496,-0.00044817332183244145,-0.004370577313489283,0.0014159250850945813,-0.011285469838070017,0.008694432927266632,0.007279524629379303,-0.004309908923424732,0.058454956497698336,-0.006028378668374101,-0.15497891632119998,0.0,-0.089051953506725,-0.001858610326653333,0.02287326957390434,-0.0034712283771177895,0.0027236891723599827,-0.0007219168240586385,0.0007611818759747735,-0.0007070568563211001,0.010704232458781103,0.0023069898784186817,-0.01083229014817091,-0.010152824451275817,0.013229003377563072,-0.006680667906228768,0.017989941324386714,0.012337138067544719,-0.089051953506725,0.001858610326653333,-0.03023947750406318,0.0,-0.031418304486396674,0.024199246869910335,0.00032388430437257665,0.009495657958689667,0.0006340339829415167,0.0003532969398540165,0.004994737273767067,0.013216317685426098,0.011919895647276166,0.01167171428355892,-0.006350604925976849,0.0011563249647303295,0.09896594726665332,-0.01903061823106333,0.02287326957390434,0.0034712283771177895,-0.031418304486396674,-0.024199246869910335,-0.06225523570356998,0.0,-0.0033051344639772827,0.0032436592412380797,6.559903505437346e-05,-0.00011978573608699997,-0.030674772406031343,0.014531856236788182,-0.033673954963205,-0.002639670442004198,-0.003952745071366734,-0.0030397000991722847,0.0019378612387756504,0.0027817851631852493,0.0027236891723599827,0.0007219168240586385,0.00032388430437257665,-0.009495657958689667,-0.0033051344639772827,-0.0032436592412380797,-0.06952932412717834,0.0,0.9997232702381831
0.5159999999999992,0.00154545982364985,0.0,-0.00010005368571460004,-0.002553366584064666,0.0005753811866471765,-0.0009120936579171168,-0.002848157293848902,-0.0010369861838590004,-0.0006344483566159499,-0.000789314155631614,-0.001156331370311919,0.00046714662731428346,-0.0010505057828112333,3.097985194069011e-05,-0.00019930768210388362,0.0006762019516405335,-0.00013695044766165644,-6.32291956355501e-05,-0.00010005368571460004,0.002553366584064666,0.14972756264693335,0.0,0.2820772418258,-0.026985622475694505,0.016835410826344734,0.01987183949746434,0.023178419880404328,-0.010095888391843614,-0.004364831480470333,-0.0015331039831113702,0.010725264420156082,-0.0022769707346258494,0.005048897667762767,-0.013124300444024416,-0.030679252191496,-0.014561214756080113,0.0005753811866471765,0.0009120936579171168,0.2820772418258,0.026985622475694505,0.48077973841211663,0.0,-0.004344308472194766,0.055524162968649836,0.018190211770654073,-0.012991833575888699,-0.011245899310065238,-0.008859122673463834,-0.010665183833670438,0.010135065215077002,0.011846903559191666,-0.011567783232394926,-0.03356253622299833,0.0027263410775378995,-0.002848157293848902,0.0010369861838590004,0.016835410826344734,-0.01987183949746434,-0.004344308472194766,-0.055524162968649836,0.5672752451556502,0.0,0.11140444947687995,0.02066516823726492,0.007096234795385399,0.004285328476341652,0.013254848864861585,0.006533531750159046,-0.006219655287237983,-0.001115368707272867,-0.0038149014787435343,0.003058612512982487,-0.0006344483566159499,0.000789314155631614,0.023178419880404328,0.010095888391843614,0.018190211770654073,0.012991833575888699,0.11140444947687995,-0.02066516823726492,0.11807326200491669,0.0,0.058495202237293355,0.0059552852527953335,0.017979751861361623,-0.012371182093321186,0.09900028693680836,0.019013957928310836,0.002016909156371017,-0.0027076241770348872,-0.001156331370311919,-0.00046714662731428346,-0.004364831480470333,0.0015331039831113702,-0.011245899310065238,0.008859122673463834,0.007096234795385399,-0.004285328476341652,0.058495202237293355,-0.0059552852527953335,-0.1550833369033334,0.0,-0.08905901532858497,-0.0018289712536086493,0.02294023924817767,-0.0034593726389828485,0.002785512877198541,-0.0007008556080064333,-0.0010505057828112333,-3.097985194069011e-05,0.010725264420156082,0.0022769707346258494,-0.010665183833670438,-0.010135065215077002,0.013254848864861585,-0.006533531750159046,0.017979751861361623,0.012371182093321186,-0.08905901532858497,0.0018289712536086493,-0.03044374469860974,0.0,-0.03135937286173333,0.024098574727723327,0.00024230358363631666,0.009442147258523546,-0.00019930768210388362,-0.0006762019516405335,0.005048897667762767,0.013124300444024416,0.011846903559191666,0.011567783232394926,-0.006219655287237983,0.001115368707272867,0.09900028693680836,-0.019013957928310836,0.02294023924817767,0.0034593726389828485,-0.03135937286173333,-0.024098574727723327,-0.06237790886428168,0.0,-0.0033161394975336996,0.0032802982481113397,-0.00013695044766165644,6.32291956355501e-05,-0.030679252191496,0.014561214756080113,-0.03356253622299833,-0.0027263410775378995,-0.0038149014787435343,-0.003058612512982487,0.002016909156371017,0.0027076241770348872,0.002785512877198541,0.0007008556080064333,0.00024230358363631666,-0.009442147258523546,-0.0033161394975336996,-0.0032802982481113397,-0.06977319089473003,0.0,0.9997230866823834
0.5169999999999997,0.0015452762609200342,0.0,0.0018382223122370984,0.0016780770034617717,0.0003817572715177334,0.0010301371802515335,0.0027034828123939977,-0.0014926977351013833,0.0010025442626904334,5.184038550586641e-05,0.0005105291023809666,-0.0011617080591134435,0.0007337150031883166,-0.0007790504662147935,-0.0003332385329094565,-0.0005846423498861334,0.0001829694792062366,-4.956166663862969e-05,0.0018382223122370984,-0.0016780770034617717,0.14883198783713336,0.0,0.2820373732206168,-0.026240035429590504,0.016518294472504337,0.01989649411405051,0.023103241347736336,-0.010004106662440967,-0.004368782029613913,-0.001650517296754744,0.01071419306692247,-0.0022319774811897005,0.005105083246928767,-0.013037732276919702,-0.030694350476986498,-0.014599588840995404,0.0003817572715177334,-0.0010301371802515335,0.2820373732206168,0.026240035429590504,0.48114208461756675,0.0,-0.004384030017534045,0.05559467396237817,0.018207989855401334,-0.012889375458085587,-0.011196966453226513,-0.009037191709105323,-0.010532430496604801,0.01012640815170887,0.011766618680491385,-0.011456825376121922,-0.033455805975341014,0.002826377567592366,0.0027034828123939977,0.0014926977351013833,0.016518294472504337,-0.01989649411405051,-0.004384030017534045,-0.05559467396237817,0.5684297750602667,0.0,0.11180216423942498,0.020634498274380866,0.006906890235522468,0.004264912674400216,0.013330328648762537,0.006382300190623616,-0.006073626936940221,-0.0010153357017748164,-0.0036805169371402335,0.0031078693382626337,0.0010025442626904334,-5.184038550586641e-05,0.023103241347736336,0.010004106662440967,0.018207989855401334,0.012889375458085587,0.11180216423942498,-0.020634498274380866,0.118125241967665,0.0,0.05851086116497999,0.00590132030118455,0.01802104562544165,-0.012407051358049,0.09904109170733165,0.01898727920209917,0.0020383577144794498,-0.002620375585855916,0.0005105291023809666,0.0011617080591134435,-0.004368782029613913,0.001650517296754744,-0.011196966453226513,0.009037191709105323,0.006906890235522468,-0.004264912674400216,0.05851086116497999,-0.00590132030118455,-0.15518799823935003,0.0,-0.08907047604525832,-0.0017899584678204657,0.02301824901955117,-0.0034506370827156836,0.0028312559213456365,-0.0006572478972412085,0.0007337150031883166,0.0007790504662147935,0.01071419306692247,0.0022319774811897005,-0.010532430496604801,-0.01012640815170887,0.013330328648762537,-0.006382300190623616,0.01802104562544165,0.012407051358049,-0.08907047604525832,0.0017899584678204657,-0.030645131640492637,0.0,-0.03129713661915833,0.023999563469148166,0.0001826611605727542,0.009359665154995894,-0.0003332385329094565,0.0005846423498861334,0.005105083246928767,0.013037732276919702,0.011766618680491385,0.011456825376121922,-0.006073626936940221,0.0010153357017748164,0.09904109170733165,-0.01898727920209917,0.02301824901955117,0.0034506370827156836,-0.03129713661915833,-0.023999563469148166,-0.062501207397615,0.0,-0.003323378939306847,0.0033117756715944813,0.0001829694792062366,4.956166663862969e-05,-0.030694350476986498,0.014599588840995404,-0.033455805975341014,-0.002826377567592366,-0.0036805169371402335,-0.0031078693382626337,0.0020383577144794498,0.002620375585855916,0.0028312559213456365,0.0006572478972412085,0.0001826611605727542,-0.009359665154995894,-0.003323378939306847,-0.0033117756715944813,-0.07001712535342,0.0,0.9997229031124665
0.5180000000000005,0.001545092698658533,0.0,-0.0024163705232278497,0.00013282598114426684,-0.0010847037752498999,-0.00037487715099038325,-0.0006780072793394971,0.0030705238942401506,-0.0006974223109509831,0.0007024401129006168,0.0004499528748665999,0.0012036133154790687,2.4284051147933402e-05,0.0010935798945823504,0.0006300745783448162,0.00015329686602666868,-0.00012075189077338337,0.00018399645900198347,-0.0024163705232278497,-0.00013282598114426684,0.14796465921608334,0.0,0.28202828420639997,-0.02553425648308733,0.01621682684034832,0.01998798955144933,0.02300501858231234,-0.00991861298565572,-0.0043361436977047505,-0.0017669643483594836,0.010718388999312147,-0.002171320062596682,0.0051717238227404925,-0.012964956999012896,-0.030722202573514,-0.014648546152183185,-0.0010847037752498999,0.00037487715099038325,0.28202828420639997,0.02553425648308733,0.4814763493279165,0.0,-0.004333360401319034,0.055656099824304334,0.018188362375167723,-0.012836912496809398,-0.011168427561619397,-0.009238381778832329,-0.010400183552427965,0.010173890874456006,0.011685710206933516,-0.011382453563458652,-0.03338426586081752,0.0029332506347150493,-0.0006780072793394971,-0.0030705238942401506,0.01621682684034832,-0.01998798955144933,-0.004333360401319034,-0.055656099824304334,0.5695840027009499,0.0,0.11220614358947835,0.020631694582026416,0.00669782824144738,0.004213797385892999,0.013443119070851588,0.006241642103394305,-0.005909899321791784,-0.0009256139381224928,-0.0035563246905241166,0.003208530425118767,-0.0006974223109509831,-0.0007024401129006168,0.02300501858231234,0.00991861298565572,0.018188362375167723,0.012836912496809398,0.11220614358947835,-0.020631694582026416,0.11817558262231001,0.0,0.058529544219926656,0.0058633095033533995,0.018094845101766732,-0.012412559190691001,0.09906746570127503,0.01894248620693717,0.002026324638227395,-0.0025295509636992838,0.0004499528748665999,-0.0012036133154790687,-0.0043361436977047505,0.0017669643483594836,-0.011168427561619397,0.009238381778832329,0.00669782824144738,-0.004213797385892999,0.058529544219926656,-0.0058633095033533995,-0.15529265277631674,0.0,-0.08909428446679168,-0.0017993001024126818,0.023096276061327175,-0.0034560486498665163,0.0028571018350510066,-0.0006209698564749165,2.4284051147933402e-05,-0.0010935798945823504,0.010718388999312147,0.002171320062596682,-0.010400183552427965,-0.010173890874456006,0.013443119070851588,-0.006241642103394305,0.018094845101766732,0.012412559190691001,-0.08909428446679168,0.0017993001024126818,-0.030844610275176442,0.0,-0.031213519982515005,0.02391102164547367,9.963863643156685e-05,0.009278203353275467,0.0006300745783448162,-0.00015329686602666868,0.0051717238227404925,0.012964956999012896,0.011685710206933516,0.011382453563458652,-0.005909899321791784,0.0009256139381224928,0.09906746570127503,-0.01894248620693717,0.023096276061327175,0.0034560486498665163,-0.031213519982515005,-0.02391102164547367,-0.06262459138987832,0.0,-0.0033185126608946164,0.0033333810679795142,-0.00012075189077338337,-0.00018399645900198347,-0.030722202573514,0.014648546152183185,-0.03338426586081752,-0.0029332506347150493,-0.0035563246905241166,-0.003208530425118767,0.002026324638227395,0.0025295509636992838,0.0028571018350510066,0.0006209698564749165,9.963863643156685e-05,-0.009278203353275467,-0.0033185126608946164,-0.0033333810679795142,-0.07026111258102502,0.0,0.9997227195432667
0.5189999999999992,0.00154490914721385,0.0,0.0015464842961063784,-0.0017840805401023168,0.0010574587477813814,-0.000619704374154883,-0.0018726386294024835,-0.002556251883422689,-5.9523352741333375e-05,-0.0009739679077498169,-0.0011751505333075002,-0.0005664747986908622,-0.0007925685882146865,-0.0007844298801479168,-0.0005371617321486784,0.00032700833861432825,-2.8274683615238253e-05,-0.00021588182027515494,0.0015464842961063784,0.0017840805401023168,0.14712461530536672,0.0,0.28203422661214994,-0.02483524523293783,0.015952901668456414,0.020104836560127334,0.02287889118334533,-0.009834548747823302,-0.0042623232432063484,-0.001879334904048619,0.010756786237551384,-0.00210237258157242,0.005241872653307717,-0.0128875924780555,-0.030729921747631672,-0.014696342121931865,0.0010574587477813814,0.000619704374154883,0.28203422661214994,0.02483524523293783,0.4817835670766165,0.0,-0.004228796961133493,0.055711374638369844,0.018123578992575103,-0.012845021138460052,-0.011145632540532304,-0.009446253245238567,-0.010262400746515184,0.010258516658916163,0.011598747453096437,-0.011329517809362616,-0.033340755123275154,0.003032899078473999,-0.0018726386294024835,0.002556251883422689,0.015952901668456414,-0.020104836560127334,-0.004228796961133493,-0.055711374638369844,0.5707386153998832,0.0,0.11264471616715502,0.020647265911947453,0.006512415117701619,0.004112090688978732,0.013550369845820602,0.0061216756640591,-0.005751705966538932,-0.000864959535737133,-0.00342888568503785,0.003332440249402367,-5.9523352741333375e-05,0.0009739679077498169,0.02287889118334533,0.009834548747823302,0.018123578992575103,0.012845021138460052,0.11264471616715502,-0.020647265911947453,0.11822360758751001,0.0,0.05858628741622334,0.005815960049030631,0.018148341052731866,-0.012381606471652457,0.09907928181856664,0.018895643287027662,0.0020321672315331673,-0.0024282165821616995,-0.0011751505333075002,0.0005664747986908622,-0.0042623232432063484,0.001879334904048619,-0.011145632540532304,0.009446253245238567,0.006512415117701619,-0.004112090688978732,0.05858628741622334,-0.005815960049030631,-0.15539585579278334,0.0,-0.08911460186884167,-0.00183342127281665,0.023154547650574838,-0.0034704099895133166,0.002889886257809177,-0.0005991466215998415,-0.0007925685882146865,0.0007844298801479168,0.010756786237551384,0.00210237258157242,-0.010262400746515184,-0.010258516658916163,0.013550369845820602,-0.0061216756640591,0.018148341052731866,0.012381606471652457,-0.08911460186884167,0.00183342127281665,-0.031043860212261,0.0,-0.031113763402626674,0.023822664833052166,-2.242251906114988e-05,0.009222369472614836,-0.0005371617321486784,-0.00032700833861432825,0.005241872653307717,0.0128875924780555,0.011598747453096437,0.011329517809362616,-0.005751705966538932,0.000864959535737133,0.09907928181856664,-0.018895643287027662,0.023154547650574838,0.0034704099895133166,-0.031113763402626674,-0.023822664833052166,-0.062747808560345,0.0,-0.003314368646641217,0.0033385078054441997,-2.8274683615238253e-05,0.00021588182027515494,-0.030729921747631672,0.014696342121931865,-0.033340755123275154,-0.003032899078473999,-0.00342888568503785,-0.003332440249402367,0.0020321672315331673,0.0024282165821616995,0.002889886257809177,0.0005991466215998415,-2.242251906114988e-05,-0.009222369472614836,-0.003314368646641217,-0.0033385078054441997,-0.07050525396599834,0.0,0.9997225359846834
0.5199999999999997,0.0015447256027778162,0.0,0.00019251790013587183,0.0023085924442471087,-0.0002234949876749234,0.001285555370820333,0.003181126799764916,0.00027232135843990976,0.0007512994298480065,0.00058095271275483,0.0012636604879297183,-0.00040697998237483325,0.0011348179580524503,9.769429745718218e-06,0.00015610009147853132,-0.0005750661561125833,0.00015028419415327987,0.00014011995215941668,0.00019251790013587183,-0.0023085924442471087,0.1463121189936833,0.0,0.2820193600300666,-0.02412109754336616,0.015685482935271708,0.020201660934619337,0.022767606905683843,-0.009744928566204385,-0.004195071480288701,-0.0019878723836385453,0.010795045097672236,-0.002034673950989752,0.00529692529635775,-0.012787392508963496,-0.0307045074527925,-0.014725854691708099,-0.0002234949876749234,-0.001285555370820333,0.2820193600300666,0.02412109754336616,0.48206363924283324,0.0,-0.004158949471516531,0.05574853191224433,0.018037528647968166,-0.012877910564132615,-0.011096761821710679,-0.009647295654080363,-0.010143810324525564,0.010320148114548866,0.011491638944550707,-0.011245148425527486,-0.033298272232230655,0.003132839687904837,0.003181126799764916,-0.00027232135843990976,0.015685482935271708,-0.020201660934619337,-0.004158949471516531,-0.05574853191224433,0.5718936102910336,0.0,0.11306709276729,0.020651758177014798,0.006367462939966416,0.004004578292024151,0.013635331358071287,0.006021374721540353,-0.005611115205616417,-0.0007798785734157828,-0.0033034822294436827,0.003449738520063877,0.0007512994298480065,-0.00058095271275483,0.022767606905683843,0.009744928566204385,0.018037528647968166,0.012877910564132615,0.11306709276729,-0.020651758177014798,0.11826904999146332,0.0,0.05866584939924499,0.005748203862146518,0.018167266262824798,-0.012332638364547847,0.09907991527170833,0.018863861819159333,0.002037837783410183,-0.002310012846455614,0.0012636604879297183,0.00040697998237483325,-0.004195071480288701,0.0019878723836385453,-0.011096761821710679,0.009647295654080363,0.006367462939966416,-0.004004578292024151,0.05866584939924499,-0.005748203862146518,-0.1554974884422,0.0,-0.08910845222433834,-0.0018246388414400495,0.023195058245695836,-0.003477003814343879,0.002941435530409917,-0.0005617615512937791,0.0011348179580524503,-9.769429745718218e-06,0.010795045097672236,0.002034673950989752,-0.010143810324525564,-0.010320148114548866,0.013635331358071287,-0.006021374721540353,0.018167266262824798,0.012332638364547847,-0.08910845222433834,0.0018246388414400495,-0.031242592687918833,0.0,-0.031028170937844997,0.023719306425797327,-0.00013955785861217163,0.009174466931871671,0.00015610009147853132,0.0005750661561125833,0.00529692529635775,0.012787392508963496,0.011491638944550707,0.011245148425527486,-0.005611115205616417,0.0007798785734157828,0.09907991527170833,-0.018863861819159333,0.023195058245695836,0.003477003814343879,-0.031028170937844997,-0.023719306425797327,-0.06287127312546666,0.0,-0.0033201657678068835,0.0033331084368617837,0.00015028419415327987,-0.00014011995215941668,-0.0307045074527925,0.014725854691708099,-0.033298272232230655,-0.003132839687904837,-0.0033034822294436827,-0.003449738520063877,0.002037837783410183,0.002310012846455614,0.002941435530409917,0.0005617615512937791,-0.00013955785861217163,-0.009174466931871671,-0.0033201657678068835,-0.0033331084368617837,-0.07074943743236166,0.0,0.9997223524338831
0.5210000000000006,0.001544542048883584,0.0,-0.0017393940510634163,-0.0014736363906510668,-0.0008738447258708166,-0.0010467848815554168,-0.0023433274405071504,0.002259675925611817,-0.0008889436344432503,0.00018519352605279665,-0.00064215255068107,0.0011865180377740217,-0.0008318668138961165,0.0008048453396834953,0.0002639209666286666,0.0004822437055891566,-0.00021721925328536569,-8.690916936764855e-06,-0.0017393940510634163,0.0014736363906510668,0.14552712043593338,0.0,0.28201317465211667,-0.023421649152639334,0.015386105946761987,0.020303123733225494,0.022694427998286994,-0.009640506455574032,-0.004155087824018715,-0.0020927919556728443,0.010807637705682601,-0.001967591300824267,0.0053318460236656,-0.012676860978012162,-0.030680709838793507,-0.01473703065684343,-0.0008738447258708166,0.0010467848815554168,0.28201317465211667,0.023421649152639334,0.4823167657809833,0.0,-0.004139268234281885,0.05575306699940952,0.01796294438845216,-0.012901179999233554,-0.011016647313484784,-0.009845232496056098,-0.010045374960450496,0.010346907524355747,0.011368979355169867,-0.011119517630903915,-0.033258475726669505,0.0032562350198591175,-0.0023433274405071504,-0.002259675925611817,0.015386105946761987,-0.020303123733225494,-0.004139268234281885,-0.05575306699940952,0.5730482740394333,0.0,0.11343399183474,0.020635192691381865,0.0062146577848708655,0.003931007751018716,0.013723090534033885,0.0059393901451087585,-0.005466412404088535,-0.0006438818991066505,-0.003217041137814616,0.0035688059371997145,-0.0008889436344432503,-0.00018519352605279665,0.022694427998286994,0.009640506455574032,0.01796294438845216,0.012901179999233554,0.11343399183474,-0.020635192691381865,0.11831244210408999,0.0,0.05873035477804166,0.005681113842982618,0.01818445502770218,-0.012277073925237735,0.09907682082429999,0.018842142594815665,0.0019881558336153336,-0.0021920786747309687,-0.00064215255068107,-0.0011865180377740217,-0.004155087824018715,0.0020927919556728443,-0.011016647313484784,0.009845232496056098,0.0062146577848708655,-0.003931007751018716,0.05873035477804166,-0.005681113842982618,-0.1555990967463833,0.0,-0.0890899408906917,-0.0017676682529603838,0.02324012041518034,-0.0034705504088373335,0.0029899073368696,-0.0004941640808487433,-0.0008318668138961165,-0.0008048453396834953,0.010807637705682601,0.001967591300824267,-0.010045374960450496,-0.010346907524355747,0.013723090534033885,-0.0059393901451087585,0.01818445502770218,0.012277073925237735,-0.0890899408906917,0.0017676682529603838,-0.03143912640512367,0.0,-0.030971994597299997,0.023605385518021004,-0.0002160221311573468,0.009104262917248104,0.0002639209666286666,-0.0004822437055891566,0.0053318460236656,0.012676860978012162,0.011368979355169867,0.011119517630903915,-0.005466412404088535,0.0006438818991066505,0.09907682082429999,-0.018842142594815665,0.02324012041518034,0.0034705504088373335,-0.030971994597299997,-0.023605385518021004,-0.06299548733943668,0.0,-0.003324573059434287,0.003334877587094969,-0.00021721925328536569,8.690916936764855e-06,-0.030680709838793507,0.01473703065684343,-0.033258475726669505,-0.0032562350198591175,-0.003217041137814616,-0.0035688059371997145,0.0019881558336153336,0.0021920786747309687,0.0029899073368696,0.0004941640808487433,-0.0002160221311573468,-0.009104262917248104,-0.003324573059434287,-0.003334877587094969,-0.07099326504541503,0.0,0.9997221688729334
0.5219999999999994,0.0015443584883301504,0.0,0.0022368854053687656,-0.00017662311414123096,0.0014119294829574665,4.811081233323354e-05,-0.0001469902023671382,-0.0033290016967829268,0.00041217748384101674,-0.0007686442900476164,-0.0003603217844812399,-0.0013225973988412103,3.639602521481662e-05,-0.0011788970142522328,-0.0004947646161129233,-0.00014631527673934964,0.00018749370622578657,-0.00015543220955009228,0.0022368854053687656,0.00017662311414123096,0.14476831458275005,0.0,0.28201581076196663,-0.022759918135683826,0.015090472345391747,0.020445817052043166,0.022625971586806,-0.00951873146171032,-0.004105812426165782,-0.0021857252774779333,0.010811161940355356,-0.0018945234112852502,0.00535904839559565,-0.012576312341339161,-0.030682572188508332,-0.014744045782179567,0.0014119294829574665,-4.811081233323354e-05,0.28201581076196663,0.022759918135683826,0.4825444337643165,0.0,-0.0041076830838274155,0.05571086004613114,0.017896306127117838,-0.012920332315859661,-0.010922589388896922,-0.010035236906913122,-0.00992625846692916,0.010387556217024767,0.011247472726501034,-0.010986777152289831,-0.03323541448068432,0.0034045448092928127,-0.0001469902023671382,0.0033290016967829268,0.015090472345391747,-0.020445817052043166,-0.0041076830838274155,-0.05571086004613114,0.5742018536722835,0.0,0.11376687306397833,0.02061262857131068,0.00602033918875202,0.0038582944227842837,0.013830074318274202,0.005877847026766187,-0.0052882642603522155,-0.0005021286798682484,-0.0031952809202549204,0.0037129891294503665,0.00041217748384101674,0.0007686442900476164,0.022625971586806,0.00951873146171032,0.017896306127117838,0.012920332315859661,0.11376687306397833,-0.02061262857131068,0.11835447025181839,0.0,0.05876907632407833,0.005634034151112717,0.01821257577172667,-0.012208317328158334,0.09905532373261998,0.01881033883099183,0.0018933523989043835,-0.0020849201260973835,-0.0003603217844812399,0.0013225973988412103,-0.004105812426165782,0.0021857252774779333,-0.010922589388896922,0.010035236906913122,0.00602033918875202,-0.0038582944227842837,0.05876907632407833,-0.005634034151112717,-0.15570167765911655,0.0,-0.08907527864202333,-0.0017226150180015402,0.023292124011350997,-0.0034636601642757006,0.0030175948351823336,-0.00042415581394211673,3.639602521481662e-05,0.0011788970142522328,0.010811161940355356,0.0018945234112852502,-0.00992625846692916,-0.010387556217024767,0.013830074318274202,-0.005877847026766187,0.01821257577172667,0.012208317328158334,-0.08907527864202333,0.0017226150180015402,-0.03163301513933033,0.0,-0.030920460064771664,0.023491945511427668,-0.0002785663306102167,0.00901097109490618,-0.0004947646161129233,0.00014631527673934964,0.00535904839559565,0.012576312341339161,0.011247472726501034,0.010986777152289831,-0.0052882642603522155,0.0005021286798682484,0.09905532373261998,-0.01881033883099183,0.023292124011350997,0.0034636601642757006,-0.030920460064771664,-0.023491945511427668,-0.06312034497289336,0.0,-0.003313978574286866,0.003353644106773932,0.00018749370622578657,0.00015543220955009228,-0.030682572188508332,0.014744045782179567,-0.03323541448068432,-0.0034045448092928127,-0.0031952809202549204,-0.0037129891294503665,0.0018933523989043835,0.0020849201260973835,0.0030175948351823336,0.00042415581394211673,-0.0002785663306102167,-0.00901097109490618,-0.003313978574286866,-0.003353644106773932,-0.07123640768275498,0.0,0.9997219853054833
0.5229999999999998,0.0015441749363310335,0.0,-0.0014220975319547502,0.0016876419613436992,-0.0010483185339975967,0.001037607204979517,0.002620249617008717,0.0021196214135549016,0.00032462278782687903,0.0008010208209126998,0.001192629540839847,0.0007302026130944016,0.0007908103561837002,0.0008926938256367348,0.0004533618257558548,-0.00023503321336466656,-4.300575624260992e-05,0.00024580813439336517,-0.0014220975319547502,-0.0016876419613436992,0.14403452089378332,0.0,0.28203850809326675,-0.022111334227556196,0.01484066867290428,0.020610035502766667,0.022532363368266826,-0.0093878475900648,-0.004018736825078108,-0.002262358397905354,0.010827281491033918,-0.00181368894123525,0.0053914420510872505,-0.012484612684363168,-0.03069344535603583,-0.014754185021136635,-0.0010483185339975967,-0.001037607204979517,0.28203850809326675,0.022111334227556196,0.48274800856926664,0.0,-0.0040384369287312484,0.05564436564206764,0.017820709377948732,-0.012955849280967645,-0.01082081614259165,-0.010196435081185487,-0.009767012775454637,0.010465376638023136,0.011135871458647115,-0.010865322376944807,-0.033226336909162,0.0035584202746231823,0.002620249617008717,-0.0021196214135549016,0.01484066867290428,-0.020610035502766667,-0.0040384369287312484,-0.05564436564206764,0.5753542200664833,0.0,0.11413059709260831,0.020605978750556673,0.00583030381135175,0.003738529452806221,0.01393237429594094,0.005833666638912255,-0.005084973735640199,-0.00039976816941092344,-0.003216867964377966,0.0038828563106945097,0.00032462278782687903,-0.0008010208209126998,0.022532363368266826,0.0093878475900648,0.017820709377948732,0.012955849280967645,0.11413059709260831,-0.020605978750556673,0.1183951728088667,0.0,0.058821850911045,0.005597900654643536,0.01822941910712914,-0.012129524547518328,0.09902520024442167,0.018769775675880163,0.001826125659258933,-0.001970560079133349,0.001192629540839847,-0.0007302026130944016,-0.004018736825078108,0.002262358397905354,-0.01082081614259165,0.010196435081185487,0.00583030381135175,-0.003738529452806221,0.058821850911045,-0.005597900654643536,-0.1558044805276167,0.0,-0.0890742618662017,-0.0017167393108877213,0.023337084424422342,-0.003466967986690436,0.0030398053281420873,-0.00037728726475608334,0.0007908103561837002,-0.0008926938256367348,0.010827281491033918,0.00181368894123525,-0.009767012775454637,-0.010465376638023136,0.01393237429594094,-0.005833666638912255,0.01822941910712914,0.012129524547518328,-0.0890742618662017,0.0017167393108877213,-0.031825526618927166,0.0,-0.030853287299756664,0.023383817906959994,-0.00037100938582598336,0.00891639455608012,0.0004533618257558548,0.00023503321336466656,0.0053914420510872505,0.012484612684363168,0.011135871458647115,0.010865322376944807,-0.005084973735640199,0.00039976816941092344,0.09902520024442167,-0.018769775675880163,0.023337084424422342,0.003466967986690436,-0.030853287299756664,-0.023383817906959994,-0.06324543510651498,0.0,-0.0032966577665186994,0.003379081017224133,-4.300575624260992e-05,-0.00024580813439336517,-0.03069344535603583,0.014754185021136635,-0.033226336909162,-0.0035584202746231823,-0.003216867964377966,-0.0038828563106945097,0.001826125659258933,0.001970560079133349,0.0030398053281420873,0.00037728726475608334,-0.00037100938582598336,-0.00891639455608012,-0.0032966577665186994,-0.003379081017224133,-0.07147885327498169,0.0,0.9997218017463332
0.5240000000000007,0.0015439913933828,0.0,-0.000213474738531,-0.002154907260908232,-4.1681973617367e-05,-0.0015455698862804899,-0.0033186302322643665,0.000581259450850667,-0.0008367267753092715,-0.0002631519578016333,-0.0013998829195359832,0.0002883448213539833,-0.001189275984277334,-0.00011755165900981681,-0.00018078447374717124,0.0004845884998085331,-0.00010846175324081646,-0.00021073603931723347,-0.000213474738531,0.002154907260908232,0.14332607833876665,0.0,0.28203425949966676,-0.02143574404186237,0.014616092646922617,0.020747898252387157,0.022428692141634326,-0.009258114297125168,-0.0039211537221325995,-0.002332508571691051,0.01083548136937304,-0.0017302581317477084,0.0054274768450636,-0.012383665812048687,-0.03068099775855733,-0.014759843259868951,-4.1681973617367e-05,0.0015455698862804899,0.28203425949966676,0.02143574404186237,0.4829272210317333,0.0,-0.003983327173072382,0.055574933356439336,0.017739407221525054,-0.012989194587160633,-0.010690267366605012,-0.010308864065307144,-0.009602109887818918,0.010534488139790904,0.011021173969288102,-0.010732991191130524,-0.033204981751979994,0.0037059506327606433,-0.0033186302322643665,-0.000581259450850667,0.014616092646922617,-0.020747898252387157,-0.003983327173072382,-0.055574933356439336,0.5765056325027834,0.0,0.11450812588975331,0.02061024123190842,0.005693758728869623,0.003584025862713963,0.013996959540695764,0.0057854904748147196,-0.0048903911135965,-0.0003084904319431735,-0.003242971542966902,0.004057787925926367,-0.0008367267753092715,0.0002631519578016333,0.022428692141634326,0.009258114297125168,0.017739407221525054,0.012989194587160633,0.11450812588975331,-0.02061024123190842,0.11843419067276333,0.0,0.05890073335560832,0.005555758858182306,0.018224010172414314,-0.012054915313078169,0.09899586582190333,0.0187356229922555,0.0018104631434549164,-0.0018351212732516083,-0.0013998829195359832,-0.0002883448213539833,-0.0039211537221325995,0.002332508571691051,-0.010690267366605012,0.010308864065307144,0.005693758728869623,-0.003584025862713963,0.05890073335560832,-0.005555758858182306,-0.1559067549689667,0.0,-0.08906041776053336,-0.0017031975707036831,0.02336415878751266,-0.003475540400844382,0.003075284114079866,-0.0003378541594981583,-0.001189275984277334,0.00011755165900981681,0.01083548136937304,0.0017302581317477084,-0.009602109887818918,-0.010534488139790904,0.013996959540695764,-0.0057854904748147196,0.018224010172414314,0.012054915313078169,-0.08906041776053336,0.0017031975707036831,-0.03201733415228817,0.0,-0.030778209768366666,0.02327065125625784,-0.0004791291458255698,0.008827333968782257,-0.00018078447374717124,-0.0004845884998085331,0.0054274768450636,0.012383665812048687,0.011021173969288102,0.010732991191130524,-0.0048903911135965,0.0003084904319431735,0.09899586582190333,-0.0187356229922555,0.02336415878751266,0.003475540400844382,-0.030778209768366666,-0.02327065125625784,-0.06337076024925,0.0,-0.003288913849752912,0.003396897828423712,-0.00010846175324081646,0.00021073603931723347,-0.03068099775855733,0.014759843259868951,-0.033204981751979994,-0.0037059506327606433,-0.003242971542966902,-0.004057787925926367,0.0018104631434549164,0.0018351212732516083,0.003075284114079866,0.0003378541594981583,-0.0004791291458255698,-0.008827333968782257,-0.003288913849752912,-0.003396897828423712,-0.07172064637230166,0.0,0.9997216181969164
0.5249999999999994,0.0015438078442973169,0.0,0.0016459580414100335,0.0013262873532757166,0.0012163227747458009,0.001041625602739633,0.0017209228649029504,-0.0029097729375247325,0.0007388088587586667,-0.0004897364694547179,0.0008321046385162148,-0.0011896585451427783,0.0009484106496533161,-0.0007219089463368602,-0.00019469186599431652,-0.00047322818633119414,0.00021728743681346662,0.00010807048140298344,0.0016459580414100335,-0.0013262873532757166,0.1426440270885833,0.0,0.28202397859336675,-0.02074538286702634,0.014384044410056002,0.020872541026229503,0.022348812773670162,-0.009134171545971048,-0.0038507122278032668,-0.002407440035534433,0.010807497054889368,-0.0016485060862956235,0.005464005014322853,-0.01227899371123853,-0.030655715784373,-0.014765876389245031,0.0012163227747458009,-0.001041625602739633,0.28202397859336675,0.02074538286702634,0.48308109545851663,0.0,-0.003976659531800418,0.055503737230663666,0.017680401539421835,-0.012987950090692832,-0.010520935229646885,-0.010380855690422835,-0.009475160203541416,0.010552543641776149,0.010890325841231646,-0.010576878311568281,-0.033165155014063336,0.0038530586368494338,0.0017209228649029504,0.0029097729375247325,0.014384044410056002,-0.020872541026229503,-0.003976659531800418,-0.055503737230663666,0.5776560761537167,0.0,0.11485222235053165,0.020620745803035405,0.005587277459435284,0.003423873330274539,0.014046357658293566,0.005714176822837685,-0.004716153050152051,-0.00016941786210748332,-0.003269617340305951,0.004227689822722867,0.0007388088587586667,0.0004897364694547179,0.022348812773670162,0.009134171545971048,0.017680401539421835,0.012987950090692832,0.11485222235053165,-0.020620745803035405,0.118471546205495,0.0,0.05897265454106334,0.005511837379701398,0.01823399558420966,-0.011992195676023026,0.09898416798779999,0.018717209552325174,0.0017938021182270164,-0.0017063827024597167,0.0008321046385162148,0.0011896585451427783,-0.0038507122278032668,0.002407440035534433,-0.010520935229646885,0.010380855690422835,0.005587277459435284,-0.003423873330274539,0.05897265454106334,-0.005511837379701398,-0.15600943528658331,0.0,-0.08903604516681501,-0.0016420846413730873,0.02338920099927351,-0.0034817370489855174,0.0031141481263131116,-0.0002793939941179135,0.0009484106496533161,0.0007219089463368602,0.010807497054889368,0.0016485060862956235,-0.009475160203541416,-0.010552543641776149,0.014046357658293566,-0.005714176822837685,0.01823399558420966,0.011992195676023026,-0.08903604516681501,0.0016420846413730873,-0.03220725713659949,0.0,-0.030717877440201657,0.0231520384620935,-0.000555068768777433,0.008735018832286313,-0.00019469186599431652,0.00047322818633119414,0.005464005014322853,0.01227899371123853,0.010890325841231646,0.010576878311568281,-0.004716153050152051,0.00016941786210748332,0.09898416798779999,-0.018717209552325174,0.02338920099927351,0.0034817370489855174,-0.030717877440201657,-0.0231520384620935,-0.06349671862539331,0.0,-0.00328853683242375,0.00340784660898169,0.00021728743681346662,-0.00010807048140298344,-0.030655715784373,0.014765876389245031,-0.033165155014063336,-0.0038530586368494338,-0.003269617340305951,-0.004227689822722867,0.0017938021182270164,0.0017063827024597167,0.0031141481263131116,0.0002793939941179135,-0.000555068768777433,-0.008735018832286313,-0.00328853683242375,-0.00340784660898169,-0.07196170706131003,0.0,0.9997214346406499
0.5259999999999999,0.0015436242760035496,0.0,-0.0020384139482361656,0.0002285217279336327,-0.0016274864338980835,0.00021035534420451717,0.0011245696669696,0.0032331048334169003,-7.938906133852997e-05,0.0008811855391462001,0.00022150122917663324,0.0014428246420050456,-0.00020239685656336676,0.0011710572915172163,0.00046027326336676685,0.00018333229994425525,-0.0002685308538792999,6.208692379683791e-05,-0.0020384139482361656,-0.0002285217279336327,0.14198805153156666,0.0,0.28202664500939995,-0.020086984222091802,0.014175194393572,0.021029269229762622,0.022284319813497166,-0.009015680948113164,-0.003790678023341873,-0.0024836469003837332,0.010752215414145122,-0.0015669275604132337,0.005504439679514748,-0.012200299979705082,-0.03064407150649434,-0.014783573753917088,-0.0016274864338980835,-0.00021035534420451717,0.28202664500939995,0.020086984222091802,0.48321017294048324,0.0,-0.0039600845238399705,0.055403745086676656,0.01764142396759,-0.012968444846641334,-0.010341868674240955,-0.010434196820160085,-0.009382224861629455,0.01054835169440795,0.0107532227772671,-0.010426911941972114,-0.03312656477558666,0.004004252301017739,0.0011245696669696,-0.0032331048334169003,0.014175194393572,-0.021029269229762622,-0.0039600845238399705,-0.055403745086676656,0.5788055273666836,0.0,0.11514792252916004,0.020653766420060338,0.005468254626521965,0.003240979899432248,0.014129139163450702,0.005632873383227139,-0.004535746454778501,2.245188866231637e-05,-0.003334128428194266,0.004403701088662732,-7.938906133852997e-05,-0.0008811855391462001,0.022284319813497166,0.009015680948113164,0.01764142396759,0.012968444846641334,0.11514792252916004,-0.020653766420060338,0.11850740567949335,0.0,0.05899936525204167,0.005480759407939715,0.01829175435660755,-0.011931854673636265,0.09898072956941668,0.01870192896205033,0.0017371312948406103,-0.0016162142773619417,0.00022150122917663324,-0.0014428246420050456,-0.003790678023341873,0.0024836469003837332,-0.010341868674240955,0.010434196820160085,0.005468254626521965,-0.003240979899432248,0.05899936525204167,-0.005480759407939715,-0.1561139160256,0.0,-0.08902182670488333,-0.0015687927332181484,0.02342467434960867,-0.0034921494726021657,0.0031312939582162167,-0.00021261553524606157,-0.00020239685656336676,-0.0011710572915172163,0.010752215414145122,0.0015669275604132337,-0.009382224861629455,-0.01054835169440795,0.014129139163450702,-0.005632873383227139,0.01829175435660755,0.011931854673636265,-0.08902182670488333,0.0015687927332181484,-0.03239414937642884,0.0,-0.030666317449960005,0.023040138447453007,-0.0006008447380838432,0.008634409801183867,0.00046027326336676685,-0.00018333229994425525,0.005504439679514748,0.012200299979705082,0.0107532227772671,0.010426911941972114,-0.004535746454778501,-2.245188866231637e-05,0.09898072956941668,-0.01870192896205033,0.02342467434960867,0.0034921494726021657,-0.030666317449960005,-0.023040138447453007,-0.06362342127678498,0.0,-0.003279870616403048,0.0034213337608769157,-0.0002685308538792999,-6.208692379683791e-05,-0.03064407150649434,0.014783573753917088,-0.03312656477558666,-0.004004252301017739,-0.003334128428194266,-0.004403701088662732,0.0017371312948406103,0.0016162142773619417,0.0031312939582162167,0.00021261553524606157,-0.0006008447380838432,-0.008634409801183867,-0.003279870616403048,-0.0034213337608769157,-0.07220204404976499,0.0,0.9997212510660335
0.5270000000000004,0.0015434407025760003,0.0,0.0012136700624836333,-0.0015703766771483767,0.0009850661506519865,-0.0013777524091657834,-0.0032317317589921667,-0.0012302165935788002,-0.0006298716656757834,-0.0006130782408586918,-0.0011558507490985917,-0.0008914789008893147,-0.0006372245188129135,-0.000999814485190277,-0.0004377475482648618,0.00021635855935329978,0.00018030796224031493,-0.0002473105887865333,0.0012136700624836333,0.0015703766771483767,0.1413565396626,0.0,0.2820541786931833,-0.01946760108211434,0.014036417476694662,0.021212633160540683,0.022201236287953674,-0.008905245548810834,-0.0036983288243651008,-0.0025507235736728123,0.010703515845799328,-0.0014846517799733255,0.005549237350609916,-0.012160936787301627,-0.030648301424365674,-0.01480715682703632,0.0009850661506519865,0.0013777524091657834,0.2820541786931833,0.01946760108211434,0.4833164562198168,0.0,-0.003859601319416892,0.055266033466601486,0.017584484260089902,-0.012990443710572152,-0.010188894157830952,-0.010485913491014449,-0.009291541466311662,0.010572379565085582,0.010632502724906,-0.010317023665700852,-0.033108014886383326,0.004143376535197517,-0.0032317317589921667,0.0012302165935788002,0.014036417476694662,-0.021212633160540683,-0.003859601319416892,-0.055266033466601486,0.5799542773510665,0.0,0.11544487275588665,0.020726855282210625,0.005356878150207733,0.003008852035453751,0.014247398666809135,0.005558177804598267,-0.0043363882793870335,0.00022208909527441468,-0.0034563417321432153,0.004594669875558917,-0.0006298716656757834,0.0006130782408586918,0.022201236287953674,0.008905245548810834,0.017584484260089902,0.012990443710572152,0.11544487275588665,-0.020726855282210625,0.11854126489644004,0.0,0.05900641466739833,0.005457602213210329,0.018379175816860296,-0.011865529383011383,0.09897121130477667,0.01868180577727783,0.0016698612270959338,-0.0015480805007124065,-0.0011558507490985917,0.0008914789008893147,-0.0036983288243651008,0.0025507235736728123,-0.010188894157830952,0.010485913491014449,0.005356878150207733,-0.003008852035453751,0.05900641466739833,-0.005457602213210329,-0.1562198416406667,0.0,-0.08903471661666829,-0.0015391198487019857,0.02346299236800716,-0.0035191046543211497,0.0031254277015862965,-0.00016840882405926664,-0.0006372245188129135,0.000999814485190277,0.010703515845799328,0.0014846517799733255,-0.009291541466311662,-0.010572379565085582,0.014247398666809135,-0.005558177804598267,0.018379175816860296,0.011865529383011383,-0.08903471661666829,0.0015391198487019857,-0.032578821828606004,0.0,-0.030604240517271668,0.02294337656568067,-0.0006692152396857513,0.008531183892480252,-0.0004377475482648618,-0.00021635855935329978,0.005549237350609916,0.012160936787301627,0.010632502724906,0.010317023665700852,-0.0043363882793870335,-0.00022208909527441468,0.09897121130477667,-0.01868180577727783,0.02346299236800716,0.0035191046543211497,-0.030604240517271668,-0.02294337656568067,-0.06375046095044502,0.0,-0.003262610113780683,0.003435005295731879,0.00018030796224031493,0.0002473105887865333,-0.030648301424365674,0.01480715682703632,-0.033108014886383326,-0.004143376535197517,-0.0034563417321432153,-0.004594669875558917,0.0016698612270959338,0.0015480805007124065,0.0031254277015862965,0.00016840882405926664,-0.0006692152396857513,-0.008531183892480252,-0.003262610113780683,-0.003435005295731879,-0.07244178692759667,0.0,0.9997210674849666
0.5279999999999995,0.0015432571351548,0.0,0.0003030595348801839,0.0018984559140492682,0.00035219399975363274,0.0017393255584775827,0.0030133757258651744,-0.0017030825816673216,0.0008605969112702135,-9.774492126350005e-05,0.001452078944917592,-0.00014482677681468332,0.0011374315265392817,0.0003204052788513998,0.00013920065545993315,-0.0004673614095184001,2.034312660990012e-05,0.0003174357034203999,0.0003030595348801839,-0.0018984559140492682,0.14074857742306665,0.0,0.28208297001263344,-0.018841988963661162,0.013942601386093547,0.021370864749933008,0.022099781511236996,-0.008805069636522002,-0.0035740126451302328,-0.002611491764301427,0.010665770445050998,-0.0014061152852662179,0.005587626609407781,-0.012138708986177653,-0.030647940231803335,-0.014823167937800768,0.00035219399975363274,-0.0017393255584775827,0.28208297001263344,0.018841988963661162,0.48340117096743335,0.0,-0.003703139020664316,0.05510394769672032,0.01748465241844999,-0.01306411699248017,-0.010058502002355283,-0.010537382867314087,-0.009199157627777798,0.010615140661623449,0.010525080812777183,-0.010237403399495078,-0.033100595802635,0.004254317839382033,0.0030133757258651744,0.0017030825816673216,0.013942601386093547,-0.021370864749933008,-0.003703139020664316,-0.05510394769672032,0.5811027749123502,0.0,0.11577123842360833,0.02082475878574617,0.005300645958686399,0.002748842308196517,0.014361988282815739,0.005469912798890166,-0.004148563112522399,0.0004053058960619501,-0.0036090486277130674,0.004790396125997313,0.0008605969112702135,9.774492126350005e-05,0.022099781511236996,0.008805069636522002,0.01748465241844999,0.01306411699248017,0.11577123842360833,-0.02082475878574617,0.11857213707612496,0.0,0.05904725573841167,0.005421836090150151,0.018455000417535197,-0.011800273226290684,0.09895084570958167,0.018666080314006666,0.0016217427059302995,-0.0014645658174785197,0.001452078944917592,0.00014482677681468332,-0.0035740126451302328,0.002611491764301427,-0.010058502002355283,0.010537382867314087,0.005300645958686399,-0.002748842308196517,0.05904725573841167,-0.005421836090150151,-0.15632559189433334,0.0,-0.08905366753749829,-0.0015410449596096137,0.023492681317152507,-0.003558338588644689,0.0031166426460672177,-0.00014158774410483332,0.0011374315265392817,-0.0003204052788513998,0.010665770445050998,0.0014061152852662179,-0.009199157627777798,-0.010615140661623449,0.014361988282815739,-0.005469912798890166,0.018455000417535197,0.011800273226290684,-0.08905366753749829,0.0015410449596096137,-0.03276280826594966,0.0,-0.030534525483953343,0.0228492247026515,-0.0007771140249493565,0.00843388510817172,0.00013920065545993315,0.0004673614095184001,0.005587626609407781,0.012138708986177653,0.010525080812777183,0.010237403399495078,-0.004148563112522399,-0.0004053058960619501,0.09895084570958167,-0.018666080314006666,0.023492681317152507,0.003558338588644689,-0.030534525483953343,-0.0228492247026515,-0.06387763490105831,0.0,-0.0032530881895687994,0.0034367964999702503,2.034312660990012e-05,-0.0003174357034203999,-0.030647940231803335,0.014823167937800768,-0.033100595802635,-0.004254317839382033,-0.0036090486277130674,-0.004790396125997313,0.0016217427059302995,0.0014645658174785197,0.0031166426460672177,0.00014158774410483332,-0.0007771140249493565,-0.00843388510817172,-0.0032530881895687994,-0.0034367964999702503,-0.07268099854193669,0.0,0.9997208839109831
0.529,0.00154307357128945,0.0,-0.0015407084373201174,-0.0010505699841519666,-0.00160818838058695,-0.000943727186406005,-0.00060081956751805,0.003416424522519167,-0.0004394098754816648,0.0007140946724948668,-0.0009574841447746636,0.00109793801836714,-0.0010559032504271167,0.0005208390818264779,0.0002316249129681837,0.0004068634427675149,-0.00023207622774712507,-0.00024404956094977847,-0.0015407084373201174,0.0010505699841519666,0.14016516946034996,0.0,0.28207889892608323,-0.0181737807172695,0.01383156731663618,0.021489589849496005,0.022019704335066677,-0.008709842251642168,-0.00345744653334335,-0.0026803641728218356,0.010615633389046588,-0.0013326609491631828,0.005609131232652883,-0.012110166806640668,-0.030638284753156168,-0.01483579718004022,-0.00160818838058695,0.000943727186406005,0.28207889892608323,0.0181737807172695,0.4834636615493166,0.0,-0.003591531684367817,0.05492265204449899,0.01736359960421663,-0.013134140260347203,-0.009923703795359751,-0.010589817814181801,-0.00912777321128933,0.010631614345442032,0.010406646852616478,-0.010156748528996925,-0.03309096962497834,0.004349324643224286,-0.00060081956751805,-0.003416424522519167,0.01383156731663618,-0.021489589849496005,-0.003591531684367817,-0.05492265204449899,0.5822507738045667,0.0,0.11608922165910336,0.02091592826746049,0.00529137084534285,0.002501168545410518,0.014460904220247905,0.005344594161796866,-0.004008252570975283,0.00060179344711575,-0.0037572927841968673,0.004966028970560486,-0.0004394098754816648,-0.0007140946724948668,0.022019704335066677,0.008709842251642168,0.01736359960421663,0.013134140260347203,0.11608922165910336,-0.02091592826746049,0.11859952202876331,0.0,0.05912278916544666,0.005361547516197112,0.018513075400299554,-0.011740657180587302,0.098914806475955,0.018665331016813166,0.0015639280715323265,-0.0013747564627245332,-0.0009574841447746636,-0.00109793801836714,-0.00345744653334335,0.0026803641728218356,-0.009923703795359751,0.010589817814181801,0.00529137084534285,-0.002501168545410518,0.05912278916544666,-0.005361547516197112,-0.15643055181954998,0.0,-0.08904542309552835,-0.0015197583254295101,0.023517992317358502,-0.0035902529311399997,0.0031117473734765437,-9.36940083722129e-05,-0.0010559032504271167,-0.0005208390818264779,0.010615633389046588,0.0013326609491631828,-0.00912777321128933,-0.010631614345442032,0.014460904220247905,-0.005344594161796866,0.018513075400299554,0.011740657180587302,-0.08904542309552835,0.0015197583254295101,-0.03294597154332633,0.0,-0.030486316430756662,0.022740489275941,-0.0008739272201326434,0.008347023403226853,0.0002316249129681837,-0.0004068634427675149,0.005609131232652883,0.012110166806640668,0.010406646852616478,0.010156748528996925,-0.004008252570975283,-0.00060179344711575,0.098914806475955,-0.018665331016813166,0.023517992317358502,0.0035902529311399997,-0.030486316430756662,-0.022740489275941,-0.06400535310204168,0.0,-0.0032608089227170334,0.0034250664258660686,-0.00023207622774712507,0.00024404956094977847,-0.030638284753156168,0.01483579718004022,-0.03309096962497834,-0.004349324643224286,-0.0037572927841968673,-0.004966028970560486,0.0015639280715323265,0.0013747564627245332,0.0031117473734765437,9.36940083722129e-05,-0.0008739272201326434,-0.008347023403226853,-0.0032608089227170334,-0.0034250664258660686,-0.07291962360914166,0.0,0.9997207003401501
0.5300000000000005,0.001542889996213367,0.0,0.001772194267165183,-0.0003622697426109836,0.0018436324314119166,-0.000616988631694328,-0.002275602818470284,-0.0026766273310967,-0.00030397363420723347,-0.0007433977620857668,-5.403496699168505e-05,-0.0014466407145772165,0.0004229487248826833,-0.0010966911466860504,-0.00041695478774915,-9.125569784000032e-05,0.00038704544296458334,2.0936680764452437e-05,0.001772194267165183,0.0003622697426109836,0.13960780432793338,0.0,0.28207929242104995,-0.017486047340133922,0.01370591736967076,0.021606490091331684,0.021984605851412826,-0.008608025332197932,-0.003357249904464084,-0.0027575145139205597,0.01055550927741695,-0.0012559191898262503,0.0056142261542589,-0.012085727729140218,-0.03064812845154251,-0.01486493260627783,0.0018436324314119166,0.000616988631694328,0.28207929242104995,0.017486047340133922,0.48350291883360014,0.0,-0.003567334313875083,0.054714792958927345,0.0172591258396924,-0.013173042501939718,-0.009779096541349704,-0.010649855554810714,-0.009074741596571085,0.010622595361105934,0.010282217858582401,-0.0100751714884429,-0.03309902661747499,0.004455254689071555,-0.002275602818470284,0.0026766273310967,0.01370591736967076,-0.021606490091331684,-0.003567334313875083,-0.054714792958927345,0.5833976049230001,0.0,0.11637035145688997,0.020994968663019163,0.005279194298762716,0.002266126529846695,0.014575407892391024,0.00520854395063755,-0.003906705616985,0.0008388693515538327,-0.0039059737019532578,0.005103952438323177,-0.00030397363420723347,0.0007433977620857668,0.021984605851412826,0.008608025332197932,0.0172591258396924,0.013173042501939718,0.11637035145688997,-0.020994968663019163,0.11862359178121,0.0,0.05919390450503,0.0052854700970574675,0.018579439351507836,-0.011677883045411551,0.098869733989735,0.0186783370569045,0.0014551306045538987,-0.0013238131932237498,-5.403496699168505e-05,0.0014466407145772165,-0.003357249904464084,0.0027575145139205597,-0.009779096541349704,0.010649855554810714,0.005279194298762716,-0.002266126529846695,0.05919390450503,-0.0052854700970574675,-0.15653539691548335,0.0,-0.08902457661272166,-0.0014678970919488163,0.023554714837150503,-0.0036044320422482464,0.0030949038419545495,-1.3270273469816531e-05,0.0004229487248826833,0.0010966911466860504,0.01055550927741695,0.0012559191898262503,-0.009074741596571085,-0.010622595361105934,0.014575407892391024,-0.00520854395063755,0.018579439351507836,0.011677883045411551,-0.08902457661272166,0.0014678970919488163,-0.033126976267020665,0.0,-0.030475387442006677,0.022620823580716334,-0.000917488410585903,0.008266253438538835,-0.00041695478774915,9.125569784000032e-05,0.0056142261542589,0.012085727729140218,0.010282217858582401,0.0100751714884429,-0.003906705616985,-0.0008388693515538327,0.098869733989735,-0.0186783370569045,0.023554714837150503,0.0036044320422482464,-0.030475387442006677,-0.022620823580716334,-0.06413420211139166,0.0,-0.0032792187903527338,0.003416042906694478,0.00038704544296458334,-2.0936680764452437e-05,-0.03064812845154251,0.01486493260627783,-0.03309902661747499,-0.004455254689071555,-0.0039059737019532578,-0.005103952438323177,0.0014551306045538987,0.0013238131932237498,0.0030949038419545495,1.3270273469816531e-05,-0.000917488410585903,-0.008266253438538835,-0.0032792187903527338,-0.003416042906694478,-0.07315771780988166,0.0,0.9997205167580164
0.5309999999999995,0.0015427064145809334,0.0,-0.0009478601927249,0.0014825305555896137,-0.0007963911672388668,0.001859439731214684,0.003564770633045734,-1.4785023626271166e-05,0.000757678950620345,0.00017892268172619343,0.0010188415640293165,0.0010117121671542,0.0004361279598832283,0.0010906513990555497,0.00031152260197253996,-0.0002427543731375996,-0.0003366159380994501,0.00031113895600048334,-0.0009478601927249,-0.0014825305555896137,0.13907684375738336,0.0,0.2820882555030834,-0.01680902199461375,0.013614121653118115,0.02173238877170242,0.021965111494876125,-0.008497212583292316,-0.0032428413382749165,-0.002820979912112781,0.010512674841762503,-0.0011663550489510518,0.00560647315873329,-0.012078489206786365,-0.030693045750995678,-0.014920346081421615,-0.0007963911672388668,-0.001859439731214684,0.2820882555030834,0.01680902199461375,0.4835192445470668,0.0,-0.0035866473593031407,0.05446802314617167,0.017164752681796434,-0.013222685594696656,-0.009640750519480068,-0.010713608051352718,-0.008996821030806217,0.010637647722838555,0.010185250218319886,-0.01000919986108133,-0.03314513207525834,0.004569941054663732,0.003564770633045734,1.4785023626271166e-05,0.013614121653118115,-0.02173238877170242,-0.0035866473593031407,-0.05446802314617167,0.5845426925819331,0.0,0.11662824855697665,0.02106954920303916,0.005253550128186134,0.002017502235710533,0.014720213585086595,0.005103288742545634,-0.0038088945551593514,0.001093700031852017,-0.004083701935322433,0.0052034352962806165,0.000757678950620345,-0.00017892268172619343,0.021965111494876125,0.008497212583292316,0.017164752681796434,0.013222685594696656,0.11662824855697665,-0.02106954920303916,0.11864448741174496,0.0,0.05924448158781169,0.005203687823439243,0.018653372310266668,-0.011598900773113152,0.09880815034169665,0.018686952136201165,0.0013021097403945483,-0.00131403273834435,0.0010188415640293165,-0.0010117121671542,-0.0032428413382749165,0.002820979912112781,-0.009640750519480068,0.010713608051352718,0.005253550128186134,-0.002017502235710533,0.05924448158781169,-0.005203687823439243,-0.15664019650636668,0.0,-0.08901313177052332,-0.001432093945945183,0.023602226244904993,-0.0036123885030614217,0.003056159871423667,6.862529790779998e-05,0.0004361279598832283,-0.0010906513990555497,0.010512674841762503,0.0011663550489510518,-0.008996821030806217,-0.010637647722838555,0.014720213585086595,-0.005103288742545634,0.018653372310266668,0.011598900773113152,-0.08901313177052332,0.001432093945945183,-0.03330560189794567,0.0,-0.03047521655977332,0.022498612431661826,-0.0009328199678577152,0.008177487226205668,0.00031152260197253996,0.0002427543731375996,0.00560647315873329,0.012078489206786365,0.010185250218319886,0.01000919986108133,-0.0038088945551593514,-0.001093700031852017,0.09880815034169665,-0.018686952136201165,0.023602226244904993,0.0036123885030614217,-0.03047521655977332,-0.022498612431661826,-0.06426427274234497,0.0,-0.0033018828939826847,0.003422602327646049,-0.0003366159380994501,-0.00031113895600048334,-0.030693045750995678,0.014920346081421615,-0.03314513207525834,-0.004569941054663732,-0.004083701935322433,-0.0052034352962806165,0.0013021097403945483,0.00131403273834435,0.003056159871423667,-6.862529790779998e-05,-0.0009328199678577152,-0.008177487226205668,-0.0033018828939826847,-0.003422602327646049,-0.0733955703963367,0.0,0.9997203331696998
0.532,0.0015425228437062502,0.0,-0.0004242078538845,-0.0016716044663685162,-0.0008684752880136667,-0.0019354004277357833,-0.0023084248101500338,0.0027313515242945777,-0.0005929592162414169,0.0005005416965408884,-0.0014287317993349495,-5.246093108000017e-05,-0.0010551706866749483,-0.0005038144387071519,-2.3797668199466444e-05,0.0003901829020881002,1.5808753643428505e-05,-0.0005187563364094499,-0.0004242078538845,0.0016716044663685162,0.1385723359607833,0.0,0.28211360462451657,-0.01612689894492945,0.013553075628699663,0.021843649149324382,0.021932516851038565,-0.008387240035571841,-0.003104862041786533,-0.002859839120095334,0.010492624376473502,-0.0010595498127033668,0.005587123095663366,-0.01206818602224407,-0.030755982416989826,-0.014996536218702028,-0.0008684752880136667,0.0019354004277357833,0.28211360462451657,0.01612689894492945,0.4835131665206667,0.0,-0.003623147905237735,0.05421644195846099,0.01705115989576557,-0.013317041258715303,-0.009511295291405234,-0.010766238859699287,-0.008875125367357068,0.010702787225187579,0.010128864141827352,-0.009954344581786284,-0.03322074645429833,0.0046718673939881005,-0.0023084248101500338,-0.0027313515242945777,0.013553075628699663,-0.021843649149324382,-0.003623147905237735,-0.05421644195846099,0.5856858850954666,0.0,0.11691361257170498,0.02114630634424367,0.005259221340755483,0.0017623341806291618,0.014870293892031452,0.005022759355662761,-0.0037087268049432,0.0013194870685904172,-0.004288263614803342,0.005276089434535917,-0.0005929592162414169,-0.0005005416965408884,0.021932516851038565,0.008387240035571841,0.01705115989576557,0.013317041258715303,0.11691361257170498,-0.02114630634424367,0.11866182680391334,0.0,0.05931991971909832,0.005116971169316924,0.01870576835355596,-0.011505679624055888,0.098745324947155,0.018682377354377,0.0011448927690655354,-0.0012972859470089134,-0.0014287317993349495,5.246093108000017e-05,-0.003104862041786533,0.002859839120095334,-0.009511295291405234,0.010766238859699287,0.005259221340755483,-0.0017623341806291618,0.05931991971909832,-0.005116971169316924,-0.15674364607504998,0.0,-0.08901731974908164,-0.001434288173245503,0.023652576609244833,-0.0036300477835372017,0.003010428885779269,0.000131298576858145,-0.0010551706866749483,0.0005038144387071519,0.010492624376473502,0.0010595498127033668,-0.008875125367357068,-0.010702787225187579,0.014870293892031452,-0.005022759355662761,0.01870576835355596,0.011505679624055888,-0.08901731974908164,0.001434288173245503,-0.0334831073146245,0.0,-0.030461061880163332,0.022374055241691494,-0.0009639945433040861,0.008072760770231167,-2.3797668199466444e-05,-0.0003901829020881002,0.005587123095663366,0.01206818602224407,0.010128864141827352,0.009954344581786284,-0.0037087268049432,-0.0013194870685904172,0.098745324947155,-0.018682377354377,0.023652576609244833,0.0036300477835372017,-0.030461061880163332,-0.022374055241691494,-0.06439526204021502,0.0,-0.0033332021041999004,0.003434355313729259,1.5808753643428505e-05,0.0005187563364094499,-0.030755982416989826,0.014996536218702028,-0.03322074645429833,-0.0046718673939881005,-0.004288263614803342,-0.005276089434535917,0.0011448927690655354,0.0012972859470089134,0.003010428885779269,-0.000131298576858145,-0.0009639945433040861,-0.008072760770231167,-0.0033332021041999004,-0.003434355313729259,-0.07363357220262333,0.0,0.9997201495919005
0.5330000000000006,0.0015423392856600826,0.0,0.0014972197145007146,0.0008089649974929835,0.00211952381095435,0.0007088629344311321,-0.0005725331935120331,-0.0035067892424845014,-3.668503626983848e-05,-0.0007985729848795501,0.0010858718762533422,-0.0009257793590266168,0.001103015256255197,-0.00034416973804888326,-0.00025883208948321014,-0.00029555130979137513,0.00038379638258700705,0.0004178121111896731,0.0014972197145007146,-0.0008089649974929835,0.1380955985385333,0.0,0.28210618773885016,-0.015400217697349833,0.013465754917961174,0.021934294326990535,0.021897187482843982,-0.00828840020708546,-0.0029752018187434656,-0.002892856661192983,0.01046335084332885,-0.0009370180539998503,0.0055579298480904005,-0.012023630124716566,-0.030799361362686496,-0.015082493795352168,0.00211952381095435,-0.0007088629344311321,0.28210618773885016,0.015400217697349833,0.4834834570523833,0.0,-0.0037202562335465817,0.05400161582304799,0.016918030933705416,-0.013413546596316335,-0.009368596251900962,-0.010791576204773685,-0.00874746832971127,0.010787311912765468,0.010081470766452182,-0.009888991203629035,-0.03329380331508,0.004762390861554634,-0.0005725331935120331,0.0035067892424845014,0.013465754917961174,-0.021934294326990535,-0.0037202562335465817,-0.05400161582304799,0.5868274143876332,0.0,0.11721092913462335,0.02121722709200617,0.0053174403605867485,0.00153406969947973,0.014999156038725836,0.004920973205622317,-0.0036346914444847834,0.0015097720792852174,-0.0044807097297762345,0.005333697399604416,-3.668503626983848e-05,0.0007985729848795501,0.021897187482843982,0.00828840020708546,0.016918030933705416,0.013413546596316335,0.11721092913462335,-0.02121722709200617,0.11867531214642334,0.0,0.05943881630227333,0.005030420515539019,0.01872417312804821,-0.011401994283353669,0.09868724571340172,0.01867312986961467,0.00099734250619065,-0.00125527229003463,0.0010858718762533422,0.0009257793590266168,-0.0029752018187434656,0.002892856661192983,-0.009368596251900962,0.010791576204773685,0.0053174403605867485,-0.00153406969947973,0.05943881630227333,-0.005030420515539019,-0.15684481940699999,0.0,-0.08900157063857167,-0.0014378274934776318,0.02369728215720333,-0.0036547418690241174,0.002973307318786087,0.00019252654302774502,0.001103015256255197,0.00034416973804888326,0.01046335084332885,0.0009370180539998503,-0.00874746832971127,-0.010787311912765468,0.014999156038725836,-0.004920973205622317,0.01872417312804821,0.011401994283353669,-0.08900157063857167,0.0014378274934776318,-0.03366023355631783,0.0,-0.03043731171949333,0.02223695005354533,-0.0009985638352684168,0.007963421818632167,-0.00025883208948321014,0.00029555130979137513,0.0055579298480904005,0.012023630124716566,0.010081470766452182,0.009888991203629035,-0.0036346914444847834,-0.0015097720792852174,0.09868724571340172,-0.01867312986961467,0.02369728215720333,0.0036547418690241174,-0.03043731171949333,-0.02223695005354533,-0.064527147801295,0.0,-0.0033761495428069497,0.0034318306564224154,0.00038379638258700705,-0.0004178121111896731,-0.030799361362686496,0.015082493795352168,-0.03329380331508,-0.004762390861554634,-0.0044807097297762345,-0.005333697399604416,0.00099734250619065,0.00125527229003463,0.002973307318786087,-0.00019252654302774502,-0.0009985638352684168,-0.007963421818632167,-0.0033761495428069497,-0.0034318306564224154,-0.07387195461904,0.0,0.9997199660265498
0.5339999999999996,0.0015421557257066674,0.0,-0.0015946164378566083,0.000536073059351483,-0.002035020586271867,0.0011435062424522175,0.0030250389951027006,0.0018432695237925042,0.0006915540423306168,0.0004894766573791668,-0.0001673270539863063,0.00140709009551401,-0.0005509326530604067,0.0009927761444387334,0.0003790896906172301,3.279641016124881e-05,-0.0006281505175448834,-3.648134631483322e-05,-0.0015946164378566083,-0.000536073059351483,0.13764861467893336,0.0,0.2820963758960999,-0.014643923580928404,0.013344889223343535,0.022039339920030303,0.02188618382731678,-0.00820046739960108,-0.0028772317064835852,-0.0029379859682446513,0.010412068277132031,-0.0008038337653839662,0.005528061471236012,-0.011955315745988654,-0.030814119856732332,-0.015182996509890665,-0.002035020586271867,-0.0011435062424522175,0.2820963758960999,0.014643923580928404,0.48342784599989996,0.0,-0.003910979921699681,0.053831971072567174,0.0168036063979164,-0.013466428769164668,-0.009201982326005614,-0.01079193264524385,-0.008657719152406798,0.010853645948839101,0.010016340037171445,-0.009812358982295497,-0.033359507014421495,0.004864268212635651,0.0030250389951027006,-0.0018432695237925042,0.013344889223343535,-0.022039339920030303,-0.003910979921699681,-0.053831971072567174,0.5879675335365666,0.0,0.11748502459229831,0.021279792640342333,0.005399894732581683,0.0013318989805739998,0.015128017833742714,0.004790945945392017,-0.003600145367066198,0.0017058431916747658,-0.004639831682481457,0.005385701181478597,0.0006915540423306168,-0.0004894766573791668,0.02188618382731678,0.00820046739960108,0.0168036063979164,0.013466428769164668,0.11748502459229831,-0.021279792640342333,0.11868559676081167,0.0,0.05956320645531501,0.0049580509347181365,0.018740241893255002,-0.011281837736980334,0.09864447446838165,0.01867616383142473,0.0008470816527490833,-0.0012366121747096998,-0.0001673270539863063,-0.00140709009551401,-0.0028772317064835852,0.0029379859682446513,-0.009201982326005614,0.01079193264524385,0.005399894732581683,-0.0013318989805739998,0.05956320645531501,-0.0049580509347181365,-0.1569446079345334,0.0,-0.08896623770329833,-0.0014066245370930506,0.02374298925857033,-0.0036750941227256173,0.0029394520842945127,0.00026845037378962,-0.0005509326530604067,-0.0009927761444387334,0.010412068277132031,0.0008038337653839662,-0.008657719152406798,-0.010853645948839101,0.015128017833742714,-0.004790945945392017,0.018740241893255002,0.011281837736980334,-0.08896623770329833,0.0014066245370930506,-0.03383615364959984,0.0,-0.030424521761403336,0.02209210335749767,-0.0009956109014964169,0.007869496240322215,0.0003790896906172301,-3.279641016124881e-05,0.005528061471236012,0.011955315745988654,0.010016340037171445,0.009812358982295497,-0.003600145367066198,-0.0017058431916747658,0.09864447446838165,-0.01867616383142473,0.02374298925857033,0.0036750941227256173,-0.030424521761403336,-0.02209210335749767,-0.06466039373038164,0.0,-0.0034191749323579904,0.003414603093312416,-0.0006281505175448834,3.648134631483322e-05,-0.030814119856732332,0.015182996509890665,-0.033359507014421495,-0.004864268212635651,-0.004639831682481457,-0.005385701181478597,0.0008470816527490833,0.0012366121747096998,0.0029394520842945127,-0.00026845037378962,-0.0009956109014964169,-0.007869496240322215,-0.0034191749323579904,-0.003414603093312416,-0.07411080892721002,0.0,0.9997197824602837
0.535,0.0015419721505588503,0.0,0.0006929368924018704,-0.001516634674703465,0.0005462190365251916,-0.0023459444841415506,-0.0033845410560719,0.0010932036884744997,-0.0008739809487330506,0.00024758965307044965,-0.0008252005088368333,-0.0011264468352693278,-0.00029455228704016676,-0.0010762448629552499,-0.0002744695758477665,0.00023898435247116703,0.0005311998225460333,-0.00046964577666098344,0.0006929368924018704,0.001516634674703465,0.13723159124424997,0.0,0.28211175910064995,-0.013922147200193203,0.013250037686277093,0.022171434183543625,0.021887991911648915,-0.008118784825760181,-0.0027913171281884665,-0.002979489918108104,0.010363827467392417,-0.0006615962107872166,0.005503491353784667,-0.011896249019887886,-0.03081135658719183,-0.015301298687654999,0.0005462190365251916,0.0023459444841415506,0.28211175910064995,0.013922147200193203,0.4833459924271835,0.0,-0.004141065907701833,0.05367206562613549,0.016711357638414685,-0.013511097726309835,-0.00903650255501385,-0.010779724773158557,-0.00859944680956163,0.010907906246650332,0.009948507816886097,-0.009740577169494764,-0.033436950570210996,0.004974591578129268,-0.0033845410560719,-0.0010932036884744997,0.013250037686277093,-0.022171434183543625,-0.004141065907701833,-0.05367206562613549,0.5891064681945167,0.0,0.11771980135374502,0.021342038661130498,0.005484382594739772,0.001121153413911933,0.015285629857556266,0.004687361935105115,-0.0035772351810285834,0.001939417208969351,-0.004799632647100055,0.005426538116311403,-0.0008739809487330506,-0.00024758965307044965,0.021887991911648915,0.008118784825760181,0.016711357638414685,0.013511097726309835,0.11771980135374502,-0.021342038661130498,0.11869376681230498,0.0,0.05964408154854501,0.004904518683083929,0.018776193496124267,-0.011135271072392044,0.09861290305282501,0.01868724050189335,0.0006952996115869002,-0.0012847911104444166,-0.0008252005088368333,0.0011264468352693278,-0.0027913171281884665,0.002979489918108104,-0.00903650255501385,0.010779724773158557,0.005484382594739772,-0.001121153413911933,0.05964408154854501,-0.004904518683083929,-0.15704448067309998,0.0,-0.08893381404956166,-0.0013607613569434848,0.023794226479845002,-0.0036966216531728333,0.002894973989962517,0.00033726037233203324,-0.00029455228704016676,0.0010762448629552499,0.010363827467392417,0.0006615962107872166,-0.00859944680956163,-0.010907906246650332,0.015285629857556266,-0.004687361935105115,0.018776193496124267,0.011135271072392044,-0.08893381404956166,0.0013607613569434848,-0.034010061845233835,0.0,-0.030413469700308324,0.021957255859678,-0.0009644178923939002,0.007787516626055517,-0.0002744695758477665,-0.00023898435247116703,0.005503491353784667,0.011896249019887886,0.009948507816886097,0.009740577169494764,-0.0035772351810285834,-0.001939417208969351,0.09861290305282501,-0.01868724050189335,0.023794226479845002,0.0036966216531728333,-0.030413469700308324,-0.021957255859678,-0.06479530969248169,0.0,-0.003445518434938051,0.0033988866099001467,0.0005311998225460333,0.00046964577666098344,-0.03081135658719183,0.015301298687654999,-0.033436950570210996,-0.004974591578129268,-0.004799632647100055,-0.005426538116311403,0.0006952996115869002,0.0012847911104444166,0.002894973989962517,-0.00033726037233203324,-0.0009644178923939002,-0.007787516626055517,-0.003445518434938051,-0.0033988866099001467,-0.07435033973980668,0.0,0.9997195988780164
0.5360000000000006,0.001541788573902767,0.0,0.0006610388752319749,0.0015326666846096695,0.0013677442584931316,0.0020687919526797332,0.001375859020035917,-0.0032873983324870014,0.00040636782046690317,-0.0008787202966289001,0.0013478322597897565,0.00025667898015662994,0.0009502452827836149,0.0005564449875720832,1.44703779759843e-05,-0.0003608462057333298,-4.612737013990015e-05,0.0007741843084521996,0.0006610388752319749,-0.0015326666846096695,0.1368425100730167,0.0,0.2821618639894333,-0.0132635992122118,0.013206483769840289,0.0223099578795399,0.021870903190974993,-0.008047721321152296,-0.002694191861026716,-0.0029931955804961556,0.010337947863582901,-0.0005129670832272117,0.005476807282933285,-0.011850089251969618,-0.030799800018928496,-0.015419097102635467,0.0013677442584931316,-0.0020687919526797332,0.2821618639894333,0.0132635992122118,0.4832400622028665,0.0,-0.004321654796435598,0.05350964250478267,0.01659449275290815,-0.013612810090701997,-0.008901436729587884,-0.010766952924388886,-0.008540868239434821,0.010978251041696082,0.009898086654549549,-0.009680021350985385,-0.03352837425530834,0.005062581496168884,0.001375859020035917,0.0032873983324870014,0.013206483769840289,-0.0223099578795399,-0.004321654796435598,-0.05350964250478267,0.5902444961536666,0.0,0.11795128066836663,0.021417574419664045,0.005591364734375067,0.0008905692976005947,0.015465157884119783,0.004642395629674665,-0.0035425982686886474,0.0021897243509057503,-0.004998119345101801,0.005445342221376893,0.00040636782046690317,0.0008787202966289001,0.021870903190974993,0.008047721321152296,0.01659449275290815,0.013612810090701997,0.11795128066836663,-0.021417574419664045,0.11870014502211162,0.0,0.05970213874501667,0.004862758289950828,0.01881340795828246,-0.010967452204282614,0.09859093240150667,0.01869367293603367,0.0005623624962834665,-0.0013712995086929665,0.0013478322597897565,-0.00025667898015662994,-0.002694191861026716,0.0029931955804961556,-0.008901436729587884,0.010766952924388886,0.005591364734375067,-0.0008905692976005947,0.05970213874501667,-0.004862758289950828,-0.15714445080981668,0.0,-0.08891966384605166,-0.001343691123077,0.023846217090097002,-0.0037403776192202,0.002843111829300983,0.0003696685942827483,0.0009502452827836149,-0.0005564449875720832,0.010337947863582901,0.0005129670832272117,-0.008540868239434821,-0.010978251041696082,0.015465157884119783,-0.004642395629674665,0.01881340795828246,0.010967452204282614,-0.08891966384605166,0.001343691123077,-0.03418283145596067,0.0,-0.03038367520690167,0.021845180658640502,-0.0009581293754244498,0.007693853917978233,1.44703779759843e-05,0.0003608462057333298,0.005476807282933285,0.011850089251969618,0.009898086654549549,0.009680021350985385,-0.0035425982686886474,-0.0021897243509057503,0.09859093240150667,-0.01869367293603367,0.023846217090097002,0.0037403776192202,-0.03038367520690167,-0.021845180658640502,-0.06493155451952333,0.0,-0.0034524269059304866,0.003387709348204938,-4.612737013990015e-05,-0.0007741843084521996,-0.030799800018928496,0.015419097102635467,-0.03352837425530834,-0.005062581496168884,-0.004998119345101801,-0.005445342221376893,0.0005623624962834665,0.0013712995086929665,0.002843111829300983,-0.0003696685942827483,-0.0009581293754244498,-0.007693853917978233,-0.0034524269059304866,-0.003387709348204938,-0.07459074994592664,0.0,0.9997194152948167
0.5369999999999997,0.0015416050060977668,0.0,-0.0016096012619824962,-0.0005171511535707167,-0.0025245235333979507,-0.00046240740639616674,0.0016098661678926303,0.003159934413350134,0.00040511325971291667,0.0009390409592245217,-0.001141751489082921,0.0007165194438452282,-0.001057219479440041,0.0002616300758565634,0.00024028470361785013,0.0002692157393927617,-0.0005315383299543167,-0.0006088343553425449,-0.0016096012619824962,0.0005171511535707167,0.13647932591085002,0.0,0.28222346800055004,-0.01262644200645923,0.013163138358248968,0.02245025432995633,0.021835415966183994,-0.00799311002863157,-0.002595256527907802,-0.0029867031003133703,0.010312566817146285,-0.0003704425895006501,0.005435450215271731,-0.011795021222826366,-0.030766951095020676,-0.015513717081512746,-0.0025245235333979507,0.00046240740639616674,0.28222346800055004,0.01262644200645923,0.48311192478619985,0.0,-0.004446637176722484,0.05336328595538684,0.016424111701209363,-0.013755260201203838,-0.00879305093078803,-0.010751764051533332,-0.008482117805553165,0.011057102284803545,0.00984087623689545,-0.009625371154781548,-0.03360399094389917,0.005120218951295019,0.0016098661678926303,-0.003159934413350134,0.013163138358248968,-0.02245025432995633,-0.004446637176722484,-0.05336328595538684,0.5913822000417667,0.0,0.11820456246976666,0.021504046506662332,0.005745235661721768,0.0006660335409846001,0.015645960047364998,0.004610659862819751,-0.0035149569153467156,0.0024191257348902483,-0.005224452213229883,0.005444675430809829,0.00040511325971291667,-0.0009390409592245217,0.021835415966183994,0.00799311002863157,0.016424111701209363,0.013755260201203838,0.11820456246976666,-0.021504046506662332,0.11870448865485997,0.0,0.05978754297255999,0.004834120695967972,0.01882428185163362,-0.010796764472824601,0.09857695659614833,0.018697113573342496,0.00045415846515137816,-0.00144592886677115,-0.001141751489082921,-0.0007165194438452282,-0.002595256527907802,0.0029867031003133703,-0.00879305093078803,0.010751764051533332,0.005745235661721768,-0.0006660335409846001,0.05978754297255999,-0.004834120695967972,-0.15724357857278332,0.0,-0.08890327915274,-0.0013545750488984667,0.023891417691057664,-0.0038117627547959985,0.0027960405113176172,0.00037520566554785027,-0.001057219479440041,-0.0002616300758565634,0.010312566817146285,0.0003704425895006501,-0.008482117805553165,-0.011057102284803545,0.015645960047364998,-0.004610659862819751,0.01882428185163362,0.010796764472824601,-0.08890327915274,0.0013545750488984667,-0.0343560824506605,0.0,-0.03034049191537334,0.021747396910696503,-0.0009927566526664313,0.007584593093023684,0.00024028470361785013,-0.0002692157393927617,0.005435450215271731,0.011795021222826366,0.00984087623689545,0.009625371154781548,-0.0035149569153467156,-0.0024191257348902483,0.09857695659614833,-0.018697113573342496,0.023891417691057664,0.0038117627547959985,-0.03034049191537334,-0.021747396910696503,-0.06506871098612335,0.0,-0.0034505735144676167,0.003364892578663225,-0.0005315383299543167,0.0006088343553425449,-0.030766951095020676,0.015513717081512746,-0.03360399094389917,-0.005120218951295019,-0.005224452213229883,-0.005444675430809829,0.00045415846515137816,0.00144592886677115,0.0027960405113176172,-0.00037520566554785027,-0.0009927566526664313,-0.007584593093023684,-0.0034505735144676167,-0.003364892578663225,-0.07483194067019999,0.0,0.9997192317201001
0.5380000000000001,0.0015414214439208507,0.0,0.0014757884784440997,-0.0008763966452816935,0.0021356009586972337,-0.0015711121030395337,-0.0034419081496806507,-0.0008052277555899553,-0.0010237057495800666,-0.0003407451780359882,0.0003403371402396468,-0.0012765778680672117,0.0005594407093981001,-0.0009223262987229,-0.00033471891988255014,-3.4512600267073126e-05,0.0008258457897653167,7.650097866881603e-05,0.0014757884784440997,0.0008763966452816935,0.13614185119363334,0.0,0.2822763426323167,-0.011964382879078432,0.013084259980253166,0.02261262784179828,0.02181609725078017,-0.007947269857172382,-0.0025125757746206497,-0.0029894546178022333,0.010261173592520703,-0.00024361110272125676,0.005378739261445499,-0.011729826073610117,-0.030697717411036492,-0.015586105111027159,0.0021356009586972337,0.0015711121030395337,0.2822763426323167,0.011964382879078432,0.4829612330484834,0.0,-0.004594582776308135,0.05323658252558017,0.01623261320584193,-0.013867030787482998,-0.008688318075576735,-0.010730650172375402,-0.008450809594530116,0.011104893012211235,0.009742550854195118,-0.009577117997476252,-0.03364669914056934,0.005170782469908532,-0.0034419081496806507,0.0008052277555899553,0.013084259980253166,-0.02261262784179828,-0.004594582776308135,-0.05323658252558017,0.5925198167440165,0.0,0.11845825718094002,0.02157954810052958,0.005933494236072124,0.0004638089250086553,0.01582946684892359,0.004539379893879882,-0.0035308496353017335,0.002637216124778634,-0.005441811379062302,0.00543450233504575,-0.0010237057495800666,0.0003407451780359882,0.02181609725078017,0.007947269857172382,0.01623261320584193,0.013867030787482998,0.11845825718094002,-0.02157954810052958,0.11870726844750498,0.0,0.05989441753294335,0.004822866817875217,0.018811259126274668,-0.010631717477249805,0.09855655518702336,0.018711040084236505,0.0003608305147301333,-0.0015162031372061334,0.0003403371402396468,0.0012765778680672117,-0.0025125757746206497,0.0029894546178022333,-0.008688318075576735,0.010730650172375402,0.005933494236072124,-0.0004638089250086553,0.05989441753294335,-0.004822866817875217,-0.15734198239926667,0.0,-0.08885678502820503,-0.0013534930950878505,0.0239296954794525,-0.003889813781592768,0.0027533641641938164,0.0003869890172650498,0.0005594407093981001,0.0009223262987229,0.010261173592520703,0.00024361110272125676,-0.008450809594530116,-0.011104893012211235,0.01582946684892359,-0.004539379893879882,0.018811259126274668,0.010631717477249805,-0.08885678502820503,0.0013534930950878505,-0.034530085670883844,0.0,-0.030315971417173335,0.02164825685273717,-0.001027642726603065,0.007488755185317239,-0.00033471891988255014,3.4512600267073126e-05,0.005378739261445499,0.011729826073610117,0.009742550854195118,0.009577117997476252,-0.0035308496353017335,-0.002637216124778634,0.09855655518702336,-0.018711040084236505,0.0239296954794525,0.003889813781592768,-0.030315971417173335,-0.02164825685273717,-0.06520691771490332,0.0,-0.0034491322164268328,0.0033244264142777763,0.0008258457897653167,-7.650097866881603e-05,-0.030697717411036492,0.015586105111027159,-0.03364669914056934,-0.005170782469908532,-0.005441811379062302,-0.00543450233504575,0.0003608305147301333,0.0015162031372061334,0.0027533641641938164,-0.0003869890172650498,-0.001027642726603065,-0.007488755185317239,-0.0034491322164268328,-0.0033244264142777763,-0.07507355694159833,0.0,0.9997190481505169
0.5390000000000007,0.0015412378725799163,0.0,-0.0003528152269618501,0.001698220563870731,-0.00030174506955309974,0.002695344778625633,0.0028547627795786753,-0.002115328965956766,0.00098251679672889,-0.0005733350273079667,0.0006094411741818233,0.0011392459549901068,0.00026885371838879344,0.0010415849202960834,0.00022415451426459983,-0.0001786782283736667,-0.0006861681261333332,0.0005359622620221834,-0.0003528152269618501,-0.001698220563870731,0.13583057728918332,0.0,0.2823634082170333,-0.011298939523095916,0.01301160058105775,0.022795837752282444,0.021835519664893128,-0.007891586730431431,-0.00243371757866715,-0.0030036407215907326,0.010199972446410934,-0.00012518849514298337,0.005316417018716766,-0.011680154617521117,-0.03061063521257934,-0.015657665671291267,-0.00030174506955309974,-0.002695344778625633,0.2823634082170333,0.011298939523095916,0.48278715005108336,0.0,-0.004805885527600084,0.05311385856142083,0.016066497903897168,-0.013936346495884837,-0.008587389010139066,-0.010706062602760597,-0.00844941536233975,0.011111846923652736,0.009623728797622721,-0.009544382982446885,-0.03368578762113999,0.005224427149809983,0.0028547627795786753,0.002115328965956766,0.01301160058105775,-0.022795837752282444,-0.004805885527600084,-0.05311385856142083,0.5936570317620333,0.0,0.11870272977259329,0.02163240512517584,0.0061300888483867885,0.00026621745235943324,0.01602494114421637,0.00445638465110255,-0.003594553010440349,0.002888042958091183,-0.005647600476768452,0.00540495067289765,0.00098251679672889,0.0005733350273079667,0.021835519664893128,0.007891586730431431,0.016066497903897168,0.013936346495884837,0.11870272977259329,-0.02163240512517584,0.11870969176256997,0.0,0.059982097268684996,0.004818570695290154,0.018794013247815832,-0.010471891374032765,0.09852988451539499,0.018741714524430166,0.0002841835838520417,-0.0016254959913239106,0.0006094411741818233,-0.0011392459549901068,-0.00243371757866715,0.0030036407215907326,-0.008587389010139066,0.010706062602760597,0.0061300888483867885,-0.00026621745235943324,0.059982097268684996,-0.004818570695290154,-0.15744085647736666,0.0,-0.08879761702192161,-0.0013269986592988998,0.02397031944625917,-0.003955361867540917,0.002705336328713128,0.0004133745134795333,0.00026885371838879344,-0.0010415849202960834,0.010199972446410934,0.00012518849514298337,-0.00844941536233975,-0.011111846923652736,0.01602494114421637,-0.00445638465110255,0.018794013247815832,0.010471891374032765,-0.08879761702192161,0.0013269986592988998,-0.034703901415738675,0.0,-0.030329515646126664,0.021553235681692488,-0.0010320977767403518,0.007422716502853016,0.00022415451426459983,0.0001786782283736667,0.005316417018716766,0.011680154617521117,0.009623728797622721,0.009544382982446885,-0.003594553010440349,-0.002888042958091183,0.09852988451539499,-0.018741714524430166,0.02397031944625917,0.003955361867540917,-0.030329515646126664,-0.021553235681692488,-0.06534661152320502,0.0,-0.0034502628508427985,0.0032868876967268082,-0.0006861681261333332,-0.0005359622620221834,-0.03061063521257934,0.015657665671291267,-0.03368578762113999,-0.005224427149809983,-0.005647600476768452,-0.00540495067289765,0.0002841835838520417,0.0016254959913239106,0.002705336328713128,-0.0004133745134795333,-0.0010320977767403518,-0.007422716502853016,-0.0034502628508427985,-0.0032868876967268082,-0.075315454748525,0.0,0.9997188645725166
0.5399999999999994,0.0015410542971604337,0.0,-0.0010237779340268008,-0.0014255266718625832,-0.001799485787074917,-0.002093103546150533,-0.0002379086619672834,0.0035659778138716993,-0.00023847687066693368,0.0011640792824803385,-0.0012003366092849497,-0.0004093954065685336,-0.0009391911768197997,-0.0005368160371502333,-1.2995668960266643e-05,0.0002408858954214983,0.00013491720244328273,-0.0009157658781413,-0.0010237779340268008,0.0014255266718625832,0.13554486912811664,0.0,0.28247118673184995,-0.010664579296648569,0.012983869383438517,0.02296342253158126,0.021872451322248947,-0.007818552645425967,-0.002339262170608405,-0.0029987194845885494,0.0101566936165573,-5.104985593733254e-06,0.005252297434014604,-0.011652958589316916,-0.03053547613319934,-0.015738763123164877,-0.001799485787074917,0.002093103546150533,0.28247118673184995,0.010664579296648569,0.4825905089952501,0.0,-0.0050254331741422156,0.05297413565883281,0.01591844363991429,-0.014012541999404831,-0.008514177090077952,-0.010675838812041134,-0.00843677802258281,0.011119401886844316,0.009530678866306801,-0.00952381311124095,-0.033743860206995,0.005261678608154112,-0.0002379086619672834,-0.0035659778138716993,0.012983869383438517,-0.02296342253158126,-0.0050254331741422156,-0.05297413565883281,0.5947932874836002,0.0,0.11895205534898165,0.0216684449897681,0.006334694540301001,5.906941471958329e-05,0.016221253012367164,0.0044235946284633,-0.003681365760260067,0.0031770449490270817,-0.005868001969439002,0.00532275749198125,-0.00023847687066693368,-0.0011640792824803385,0.021872451322248947,0.007818552645425967,0.01591844363991429,0.014012541999404831,0.11895205534898165,-0.0216684449897681,0.11871233352394334,0.0,0.060040704358314996,0.004802780335825533,0.018770068212801836,-0.010321291204689767,0.09849244462424497,0.01876976955560933,0.0002293840255829499,-0.0017700220911859503,-0.0012003366092849497,0.0004093954065685336,-0.002339262170608405,0.0029987194845885494,-0.008514177090077952,0.010675838812041134,0.006334694540301001,-5.906941471958329e-05,0.060040704358314996,-0.004802780335825533,-0.1575405043719166,0.0,-0.08874704491767835,-0.0013064987780639498,0.024013254488372673,-0.0040135414703938,0.002649289545671249,0.0004355644280408,-0.0009391911768197997,0.0005368160371502333,0.0101566936165573,5.104985593733254e-06,-0.00843677802258281,-0.011119401886844316,0.016221253012367164,-0.0044235946284633,0.018770068212801836,0.010321291204689767,-0.08874704491767835,0.0013064987780639498,-0.03487730547271517,0.0,-0.030360480029059993,0.021473623163097498,-0.0010234406371033,0.007357670004055515,-1.2995668960266643e-05,-0.0002408858954214983,0.005252297434014604,0.011652958589316916,0.009530678866306801,0.00952381311124095,-0.003681365760260067,-0.0031770449490270817,0.09849244462424497,-0.01876976955560933,0.024013254488372673,0.0040135414703938,-0.030360480029059993,-0.021473623163097498,-0.06548771704723666,0.0,-0.0034566241577235497,0.00326888225803527,0.00013491720244328273,0.0009157658781413,-0.03053547613319934,0.015738763123164877,-0.033743860206995,-0.005261678608154112,-0.005868001969439002,-0.00532275749198125,0.0002293840255829499,0.0017700220911859503,0.002649289545671249,-0.0004355644280408,-0.0010234406371033,-0.007357670004055515,-0.0034566241577235497,-0.00326888225803527,-0.07555784554586334,0.0,0.9997186809906335
0.5410000000000003,0.0015408707355289502,0.0,0.001776261273745142,0.0001972815788873499,0.0028194866226739657,0.0001261110362406505,-0.002556518450631183,-0.0024740262982927133,-0.0007097102676500168,-0.0009978344759437752,0.0011468754945124582,-0.00051273317873515,0.0010490302838759694,-0.0002904627948371334,-0.0001560864579052501,-0.00015666969440719533,0.0005569901642285667,0.00078825557448915,0.001776261273745142,-0.0001972815788873499,0.1352839320971667,0.0,0.2825906224080167,-0.010032846865514932,0.012964850216820227,0.023107321461369346,0.021903022105542805,-0.007734477531967715,-0.002239982978660868,-0.0029623025918503482,0.010123777537586686,0.00011620901412311744,0.005183533254039316,-0.011622943804277992,-0.030481732368466997,-0.01582438403712635,0.0028194866226739657,-0.0001261110362406505,0.2825906224080167,0.010032846865514932,0.4823723597671333,0.0,-0.005206834583614967,0.052835247846749506,0.015760305842130982,-0.014109249686164832,-0.008475243464464943,-0.010631064392189698,-0.008391665304852082,0.011163678107461819,0.009467336394939296,-0.00950704528685597,-0.033805575298220834,0.005272408774817952,-0.002556518450631183,0.0024740262982927133,0.012964850216820227,-0.023107321461369346,-0.005206834583614967,-0.052835247846749506,0.5959284742522498,0.0,0.11924543896818167,0.021707845484086337,0.00656820114060855,-0.00013043479311428355,0.0164053423486447,0.0044363173988314,-0.00377657921158705,0.003455234358629665,-0.006103904819425881,0.005176562252278133,-0.0007097102676500168,0.0009978344759437752,0.021903022105542805,0.007734477531967715,0.015760305842130982,0.014109249686164832,0.11924543896818167,-0.021707845484086337,0.11871448708456835,0.0,0.06011691971913,0.004776138456856883,0.018726941480409494,-0.010192528147610099,0.09845652313999498,0.018777641498382663,0.00018565891961243433,-0.0018952861284113837,0.0011468754945124582,0.00051273317873515,-0.002239982978660868,0.0029623025918503482,-0.008475243464464943,0.010631064392189698,0.00656820114060855,0.00013043479311428355,0.06011691971913,-0.004776138456856883,-0.15763980716001663,0.0,-0.08871447251793498,-0.001313008236253234,0.024056147105478997,-0.004080313178715215,0.0025917343571094506,0.0004489186905130083,0.0010490302838759694,0.0002904627948371334,0.010123777537586686,-0.00011620901412311744,-0.008391665304852082,-0.011163678107461819,0.0164053423486447,-0.0044363173988314,0.018726941480409494,0.010192528147610099,-0.08871447251793498,0.001313008236253234,-0.035051257058160826,0.0,-0.030389034284550014,0.021405631067871324,-0.00102516653988097,0.007262667562631604,-0.0001560864579052501,0.00015666969440719533,0.005183533254039316,0.011622943804277992,0.009467336394939296,0.00950704528685597,-0.00377657921158705,-0.003455234358629665,0.09845652313999498,-0.018777641498382663,0.024056147105478997,0.004080313178715215,-0.030389034284550014,-0.021405631067871324,-0.06562959728479668,0.0,-0.0034746897963972,0.003256998898717947,0.0005569901642285667,-0.00078825557448915,-0.030481732368466997,0.01582438403712635,-0.033805575298220834,-0.005272408774817952,-0.006103904819425881,-0.005176562252278133,0.00018565891961243433,0.0018952861284113837,0.0025917343571094506,-0.0004489186905130083,-0.00102516653988097,-0.007262667562631604,-0.0034746897963972,-0.003256998898717947,-0.07580096501178332,0.0,0.9997184974222002
0.5420000000000008,0.0015406871906760507,0.0,-0.0013555241047167833,0.0012081409863270338,-0.0020619787916130164,0.0020332879799833995,0.0034896084685083666,-0.0003508392636862999,0.0012419240422831329,0.00017887215631351647,-0.0004867113179247951,0.0011533580918694233,-0.0005366708585047335,0.0009496857085885335,0.00020905620498944406,4.344010223550253e-06,-0.0009667809859351164,-0.00020388425306373277,-0.0013555241047167833,-0.0012081409863270338,0.13504890371068337,0.0,0.2826759165766332,-0.009342782883852825,0.012903933189898638,0.023254092437052877,0.021929647548756794,-0.007645793951855549,-0.00215967009914998,-0.0029220825889711144,0.010067288533193467,0.00023675270070173165,0.0051120150401555015,-0.011569967318708567,-0.030422230138211652,-0.015904996571536,-0.0020619787916130164,-0.0020332879799833995,0.2826759165766332,0.009342782883852825,0.48213134436945004,0.0,-0.0054009921960887115,0.052719589228894005,0.015598058969049587,-0.01416955181557888,-0.00844086820114205,-0.010559630813307632,-0.00835362206968255,0.011223961977550632,0.009397339357587539,-0.009492234345759212,-0.03383929687658767,0.005276270336178298,0.0034896084685083666,0.0003508392636862999,0.012903933189898638,-0.023254092437052877,-0.0054009921960887115,-0.052719589228894005,0.5970630491253833,0.0,0.11956502200216497,0.021755234096719485,0.006830459662634416,-0.0002665315393020666,0.016586516989597934,0.004428317993799679,-0.0038970674538407997,0.0036900124912281358,-0.006323166422492895,0.004993572672281715,0.0012419240422831329,-0.00017887215631351647,0.021929647548756794,0.007645793951855549,0.015598058969049587,0.01416955181557888,0.11956502200216497,-0.021755234096719485,0.11871531133824993,0.0,0.060221434117653315,0.004756484128864998,0.018666597974122335,-0.01008349107885349,0.09841509487394166,0.018770944783359497,0.0001392163610148167,-0.001975705501071843,-0.0004867113179247951,-0.0011533580918694233,-0.00215967009914998,0.0029220825889711144,-0.00844086820114205,0.010559630813307632,0.006830459662634416,0.0002665315393020666,0.060221434117653315,-0.004756484128864998,-0.15773809441098344,0.0,-0.08867216376171165,-0.0013200068490646997,0.0240937074371675,-0.00415276532693205,0.0025351620740604536,0.0004734477022543165,-0.0005366708585047335,-0.0009496857085885335,0.010067288533193467,-0.00023675270070173165,-0.00835362206968255,-0.011223961977550632,0.016586516989597934,-0.004428317993799679,0.018666597974122335,0.01008349107885349,-0.08867216376171165,0.0013200068490646997,-0.035226218275437836,0.0,-0.03041941268798667,0.021327692213696993,-0.0010206891831377647,0.0071551943968584135,0.00020905620498944406,-4.344010223550253e-06,0.0051120150401555015,0.011569967318708567,0.009397339357587539,0.009492234345759212,-0.0038970674538407997,-0.0036900124912281358,0.09841509487394166,-0.018770944783359497,0.0240937074371675,0.00415276532693205,-0.03041941268798667,-0.021327692213696993,-0.06577188085006333,0.0,-0.0035069417054022175,0.003230476810845015,-0.0009667809859351164,0.00020388425306373277,-0.030422230138211652,0.015904996571536,-0.03383929687658767,-0.005276270336178298,-0.006323166422492895,-0.004993572672281715,0.0001392163610148167,0.001975705501071843,0.0025351620740604536,-0.0004734477022543165,-0.0010206891831377647,-0.0071551943968584135,-0.0035069417054022175,-0.003230476810845015,-0.07604478832774,0.0,0.9997183138703665
0.5429999999999995,0.0015405036487611673,0.0,2.473806230169345e-05,-0.001819829946018251,-0.00013129384124701694,-0.002948100042400367,-0.001961055886888467,0.00284608983561749,-0.0010102820916502498,0.0008005709513045334,-0.00043555952499479993,-0.0011691106002988832,-0.00029859706594195003,-0.0010538328653713336,-0.0001344586599149168,0.00012866828935731653,0.00088456067740615,-0.0005140286976206498,2.473806230169345e-05,0.001819829946018251,0.1348421221721333,0.0,0.2827611159934501,-0.008605542417420642,0.012824979547240076,0.023413652578040442,0.021975694368476316,-0.007552697405019839,-0.00209924782305736,-0.002899963052647085,0.009990503641184183,0.0003615928765817362,0.005050401907216249,-0.011513110863428735,-0.03034165881226866,-0.01598890163092256,-0.00013129384124701694,0.002948100042400367,0.2827611159934501,0.008605542417420642,0.4818646679434335,0.0,-0.005673879608821831,0.052631139019325826,0.015470836276841236,-0.014158931083199952,-0.0083856738313576,-0.010464004299606597,-0.008371496552363866,0.011261535410223839,0.009313231493620283,-0.009483013249851456,-0.033853561781397,0.005296929767588415,-0.001961055886888467,-0.00284608983561749,0.012824979547240076,-0.023413652578040442,-0.005673879608821831,-0.052631139019325826,0.5981974334702833,0.0,0.11988577884324665,0.021804104305267986,0.007102506917243266,-0.00035233072928921656,0.01678747845857179,0.004388743473632952,-0.0040651842602658335,0.003909913069365501,-0.006508356729804018,0.004805169760633702,-0.0010102820916502498,-0.0008005709513045334,0.021975694368476316,0.007552697405019839,0.015470836276841236,0.014158931083199952,0.11988577884324665,-0.021804104305267986,0.11871500279632327,0.0,0.06031711707299834,0.004749709510953276,0.0186177953192625,-0.009978224076625224,0.09837100901190661,0.01876917560947567,0.00010286123475826735,-0.0020474712203170957,-0.00043555952499479993,0.0011691106002988832,-0.00209924782305736,0.002899963052647085,-0.0083856738313576,0.010464004299606597,0.007102506917243266,0.00035233072928921656,0.06031711707299834,-0.004749709510953276,-0.1578363990734667,0.0,-0.08862441453394833,-0.0012913090368842498,0.024131668411421173,-0.004213320923764546,0.002477541434777035,0.000520930435284415,-0.00029859706594195003,0.0010538328653713336,0.009990503641184183,-0.0003615928765817362,-0.008371496552363866,-0.011261535410223839,0.01678747845857179,-0.004388743473632952,0.0186177953192625,0.009978224076625224,-0.08862441453394833,0.0012913090368842498,-0.03540114182417583,0.0,-0.03046984064017333,0.02123759278732383,-0.000981674210172119,0.0070729134674908335,-0.0001344586599149168,-0.00012866828935731653,0.005050401907216249,0.011513110863428735,0.009313231493620283,0.009483013249851456,-0.0040651842602658335,-0.003909913069365501,0.09837100901190661,-0.01876917560947567,0.024131668411421173,0.004213320923764546,-0.03046984064017333,-0.02123759278732383,-0.06591483842701332,0.0,-0.003543953723391917,0.0031956555647902544,0.00088456067740615,0.0005140286976206498,-0.03034165881226866,0.01598890163092256,-0.033853561781397,-0.005296929767588415,-0.006508356729804018,-0.004805169760633702,0.00010286123475826735,0.0020474712203170957,0.002477541434777035,-0.000520930435284415,-0.000981674210172119,-0.0070729134674908335,-0.003543953723391917,-0.0031956555647902544,-0.07628922038501834,0.0,0.9997181303212669
0.5440000000000004,0.0015403200961712831,0.0,0.0013149058240658242,0.0012418479412155167,0.002305750864237541,0.0018855738738827496,-0.0008912049322926167,-0.0032953598083593793,0.00011516852373727804,-0.001316493220788433,0.0011167078963716167,0.0005461960008569831,0.0009684986471402334,0.0005386597419148167,-1.9431745293649933e-05,-0.00016362611747586676,-0.0003259610095518669,0.0010281518429802834,0.0013149058240658242,-0.0012418479412155167,0.13466419350603331,0.0,0.28285927187825005,-0.00789373599333607,0.012782188037273913,0.02355144093885164,0.022038906085952114,-0.007456414850247633,-0.0020425709954562184,-0.002869991218820016,0.009932218603453348,0.0004983785155341432,0.005007901580554417,-0.011476793679646697,-0.0302516578683695,-0.016086465745736765,0.002305750864237541,-0.0018855738738827496,0.28285927187825005,0.00789373599333607,0.4815716689594168,0.0,-0.005989253461455735,0.05253496612069833,0.015379225242986332,-0.014131231036990254,-0.008326749207760787,-0.010361855942015106,-0.008433827765697835,0.011284508710014327,0.009247573455172383,-0.00947302407325485,-0.03387645376528184,0.005323955347089776,-0.0008912049322926167,0.0032953598083593793,0.012782188037273913,-0.02355144093885164,-0.005989253461455735,-0.05253496612069833,0.5993317779886501,0.0,0.12018948172085835,0.021854044538296806,0.007373957379961801,-0.00041553877737240014,0.016991316447148203,0.00439181206296202,-0.004272401346103239,0.004155252991408934,-0.006670211856340699,0.004598060933792545,0.00011516852373727804,0.001316493220788433,0.022038906085952114,0.007456414850247633,0.015379225242986332,0.014131231036990254,0.12018948172085835,-0.021854044538296806,0.11871396484628499,0.0,0.06037170338637334,0.004739544493411133,0.01860154163834566,-0.009861867923564718,0.09832321708147167,0.018763867876822493,0.00010143728866035002,-0.0021469078843773986,0.0011167078963716167,-0.0005461960008569831,-0.0020425709954562184,0.002869991218820016,-0.008326749207760787,0.010361855942015106,0.007373957379961801,0.00041553877737240014,0.06037170338637334,-0.004739544493411133,-0.15793614253376662,0.0,-0.08859055018241332,-0.0012331529198990015,0.024174135338486162,-0.004259089919956884,0.0024185516089679335,0.000574820762229008,0.0009684986471402334,-0.0005386597419148167,0.009932218603453348,-0.0004983785155341432,-0.008433827765697835,-0.011284508710014327,0.016991316447148203,-0.00439181206296202,0.01860154163834566,0.009861867923564718,-0.08859055018241332,0.0012331529198990015,-0.03557480507065516,0.0,-0.030526693664723333,0.02115270024430867,-0.0009155540081962015,0.007006772249369683,-1.9431745293649933e-05,0.00016362611747586676,0.005007901580554417,0.011476793679646697,0.009247573455172383,0.00947302407325485,-0.004272401346103239,-0.004155252991408934,0.09832321708147167,-0.018763867876822493,0.024174135338486162,0.004259089919956884,-0.030526693664723333,-0.02115270024430867,-0.06605859851394334,0.0,-0.0035708786995091455,0.003173795477329077,-0.0003259610095518669,-0.0010281518429802834,-0.0302516578683695,0.016086465745736765,-0.03387645376528184,-0.005323955347089776,-0.006670211856340699,-0.004598060933792545,0.00010143728866035002,0.0021469078843773986,0.0024185516089679335,-0.000574820762229008,-0.0009155540081962015,-0.007006772249369683,-0.0035708786995091455,-0.003173795477329077,-0.07653443251633167,0.0,0.9997179467620835
0.5450000000000009,0.0015401365449044836,0.0,-0.001803347372255918,0.00015145597880857815,-0.0029720682132529,0.0004408032925101169,0.0030481810175018065,0.0014118968503555505,0.0008779460678794015,0.0010104452327604168,-0.0011850304816440828,0.0003712290683014283,-0.0010867925508049833,0.00029450989510528333,0.0001534253646315836,7.496660116688309e-05,-0.000482053222481456,-0.0010165408451936917,-0.001803347372255918,-0.00015145597880857815,0.13451345187399996,0.0,0.28296727520585,-0.007239973957307925,0.012772753392111912,0.023655134770557872,0.022092015395957523,-0.0073660725093945825,-0.00199252913379382,-0.0028008564442100333,0.009907767858151348,0.0006447364991973833,0.004977087152028148,-0.011451035380451531,-0.030176726942863497,-0.016188962387167848,-0.0029720682132529,-0.0004408032925101169,0.28296727520585,0.007239973957307925,0.4812544813669167,0.0,-0.006252122974515284,0.05240645483552435,0.015275215191299183,-0.014153666392131793,-0.008287636230789064,-0.01027121198876538,-0.008499700239253385,0.011333161447343502,0.009214201479150698,-0.009456647929003076,-0.03390419043196734,0.005332952153299694,0.0030481810175018065,-0.0014118968503555505,0.012772753392111912,-0.023655134770557872,-0.006252122974515284,-0.05240645483552435,0.6004661831593167,0.0,0.12048695388040835,0.021923936822831235,0.007653575512615583,-0.00046161752300048336,0.017163183856878473,0.004481648899887533,-0.004486053728112316,0.00441004180478458,-0.00681730667178833,0.004349785568865967,0.0008779460678794015,-0.0010104452327604168,0.022092015395957523,0.0073660725093945825,0.015275215191299183,0.014153666392131793,0.12048695388040835,-0.021923936822831235,0.1187113991000633,0.0,0.0604176969066,0.004720924281418866,0.018609755814068166,-0.009729380670853566,0.09827354214789003,0.018730840388056832,0.00012973320006178678,-0.00225439746805505,-0.0011850304816440828,-0.0003712290683014283,-0.00199252913379382,0.0028008564442100333,-0.008287636230789064,0.01027121198876538,0.007653575512615583,0.00046161752300048336,0.0604176969066,-0.004720924281418866,-0.15803741365446658,0.0,-0.08858187619007835,-0.0011817245684812598,0.02421654018873233,-0.004311212465795855,0.002361901999306966,0.0006150410360536831,-0.0010867925508049833,-0.00029450989510528333,0.009907767858151348,-0.0006447364991973833,-0.008499700239253385,-0.011333161447343502,0.017163183856878473,-0.004481648899887533,0.018609755814068166,0.009729380670853566,-0.08858187619007835,0.0011817245684812598,-0.03574737201987949,0.0,-0.030561828769045,0.021082197042371995,-0.0008524889801469533,0.006913607443255767,0.0001534253646315836,-7.496660116688309e-05,0.004977087152028148,0.011451035380451531,0.009214201479150698,0.009456647929003076,-0.004486053728112316,-0.00441004180478458,0.09827354214789003,-0.018730840388056832,0.02421654018873233,0.004311212465795855,-0.030561828769045,-0.021082197042371995,-0.06620243834979331,0.0,-0.0035818543668685496,0.003165096587841933,-0.000482053222481456,0.0010165408451936917,-0.030176726942863497,0.016188962387167848,-0.03390419043196734,-0.005332952153299694,-0.00681730667178833,-0.004349785568865967,0.00012973320006178678,0.00225439746805505,0.002361901999306966,-0.0006150410360536831,-0.0008524889801469533,-0.006913607443255767,-0.0035818543668685496,-0.003165096587841933,-0.07678066481738834,0.0,0.9997177632034001
0.5459999999999996,0.001539953003508733,0.0,0.0010857386171598334,-0.0014717584039668158,0.0017116618383858002,-0.0025259130586058327,-0.002967339768772084,0.0014122694061058695,-0.0013364468253953166,-7.976057092884982e-05,0.0006082200317153501,-0.0010808773370899333,0.0005935075239977682,-0.0009777829507262499,-0.00016967370171572515,8.292630911599322e-05,0.001061762469238467,0.0004174603346203168,0.0010857386171598334,0.0014717584039668158,0.13438811541645002,0.0,0.28306970986023333,-0.006608774491039568,0.012757463939583085,0.023766628892646836,0.02212469061529877,-0.0072926552523890995,-0.0019663568697182165,-0.0027081627106358207,0.009884555256460103,0.0007838033703815832,0.004940764403371366,-0.011411062736077228,-0.030114331814912833,-0.01627591021007302,0.0017116618383858002,0.0025259130586058327,0.28306970986023333,0.006608774491039568,0.4809151246686834,0.0,-0.006452607698196714,0.052257350020594166,0.01512248013961472,-0.014202436688212954,-0.008253959234077232,-0.010185596784172683,-0.008571380679634947,0.011404138606299869,0.009175709951277268,-0.009442217312477585,-0.03389952075898632,0.005333559080785814,-0.002967339768772084,-0.0014122694061058695,0.012757463939583085,-0.023766628892646836,-0.006452607698196714,-0.052257350020594166,0.6016012298865169,0.0,0.1207857387489967,0.022023609565085575,0.007947449500200892,-0.0004691737935981599,0.017315308933151363,0.004605212033092493,-0.004694211933078001,0.004622678234033701,-0.0069406250730029975,0.0040791485983879845,-0.0013364468253953166,7.976057092884982e-05,0.02212469061529877,0.0072926552523890995,0.01512248013961472,0.014202436688212954,0.1207857387489967,-0.022023609565085575,0.11870601034193166,0.0,0.06049508827571669,0.004719304292810468,0.018618172699316832,-0.009580696168674638,0.098221382505055,0.01867059685161083,0.00015608869987161685,-0.0023340311259814834,0.0006082200317153501,0.0010808773370899333,-0.0019663568697182165,0.0027081627106358207,-0.008253959234077232,0.010185596784172683,0.007947449500200892,0.0004691737935981599,0.06049508827571669,-0.004719304292810468,-0.15813965907538335,0.0,-0.08857931797280667,-0.0011483305314060669,0.02424933643175767,-0.004384892231292381,0.002308518379704827,0.0006460566355111335,0.0005935075239977682,0.0009777829507262499,0.009884555256460103,-0.0007838033703815832,-0.008571380679634947,-0.011404138606299869,0.017315308933151363,-0.004605212033092493,0.018618172699316832,0.009580696168674638,-0.08857931797280667,0.0011483305314060669,-0.035919874255543154,0.0,-0.03057464297583666,0.021011319022546507,-0.0007969483771403147,0.006786567563003617,-0.00016967370171572515,-8.292630911599322e-05,0.004940764403371366,0.011411062736077228,0.009175709951277268,0.009442217312477585,-0.004694211933078001,-0.004622678234033701,0.098221382505055,-0.01867059685161083,0.02424933643175767,0.004384892231292381,-0.03057464297583666,-0.021011319022546507,-0.06634549230598501,0.0,-0.003581154031250954,0.0031475787862230093,0.001061762469238467,-0.0004174603346203168,-0.030114331814912833,0.01627591021007302,-0.03389952075898632,-0.005333559080785814,-0.0069406250730029975,-0.0040791485983879845,0.00015608869987161685,0.0023340311259814834,0.002308518379704827,-0.0006460566355111335,-0.0007969483771403147,-0.006786567563003617,-0.003581154031250954,-0.0031475787862230093,-0.07702782802464832,0.0,0.9997175796556832
0.5470000000000004,0.0015397694672911824,0.0,0.0003860802671494064,0.0018014009881725226,0.0007341384456984833,0.0030151840686657,0.0007963989827285616,-0.003120248888044124,0.0009811362735509996,-0.0009067130388100334,0.0002907785054454666,0.001197313595986387,0.00025207175317913324,0.0011391868526861647,3.6952104421916766e-05,-0.00018594281228823315,-0.0010664099404087003,0.0004145488031732167,0.0003860802671494064,-0.0018014009881725226,0.1342876963052334,0.0,0.2831577490203,-0.005969162938471685,0.01273992412848967,0.02390926310408933,0.022163417785412174,-0.007240788356479301,-0.0019588663235631,-0.002629926702288019,0.009833699242700899,0.000900400341849833,0.004893739821985867,-0.011363018001515216,-0.03003716169321566,-0.016342382564518997,0.0007341384456984833,-0.0030151840686657,0.2831577490203,0.005969162938471685,0.48055374374420007,0.0,-0.006673021923569279,0.05210954045246583,0.014935009548312663,-0.014210220323466017,-0.008190870538323852,-0.010089851029460018,-0.008681011940993882,0.0114506149241844,0.009097224567551743,-0.009440241519349234,-0.0338493005383955,0.0053586915786385655,0.0007963989827285616,0.003120248888044124,0.01273992412848967,-0.02390926310408933,-0.006673021923569279,-0.05210954045246583,0.6027374169662498,0.0,0.1210770943002533,0.022130050129814265,0.008241875961674186,-0.0004329252847713001,0.017490022927472856,0.0047003086848332485,-0.004924219000813165,0.004779741484094936,-0.0070298678006141665,0.0038293243738767666,0.0009811362735509996,0.0009067130388100334,0.022163417785412174,0.007240788356479301,0.014935009548312663,0.014210220323466017,0.1210770943002533,-0.022130050129814265,0.11869786073690167,0.0,0.060581774932366654,0.0047527807731625495,0.018614277397095168,-0.009416896720027353,0.09815708728621998,0.01860723166965834,0.00017226156184541665,-0.0023957252858409677,0.0002907785054454666,-0.001197313595986387,-0.0019588663235631,0.002629926702288019,-0.008190870538323852,0.010089851029460018,0.008241875961674186,0.0004329252847713001,0.060581774932366654,-0.0047527807731625495,-0.1582434059857167,0.0,-0.08855712973854837,-0.001107453082738434,0.024271859799043335,-0.004467900491366148,0.0022553621529366715,0.0006854144526338668,0.00025207175317913324,-0.0011391868526861647,0.009833699242700899,-0.000900400341849833,-0.008681011940993882,-0.0114506149241844,0.017490022927472856,-0.0047003086848332485,0.018614277397095168,0.009416896720027353,-0.08855712973854837,0.001107453082738434,-0.036092505622166836,0.0,-0.030599805109765,0.020925013072996334,-0.0007277037619278048,0.006669033064162149,3.6952104421916766e-05,0.00018594281228823315,0.004893739821985867,0.011363018001515216,0.009097224567551743,0.009440241519349234,-0.004924219000813165,-0.004779741484094936,0.09815708728621998,-0.01860723166965834,0.024271859799043335,0.004467900491366148,-0.030599805109765,-0.020925013072996334,-0.06648768636565668,0.0,-0.0035730458245774753,0.0031109770504146707,-0.0010664099404087003,-0.0004145488031732167,-0.03003716169321566,0.016342382564518997,-0.0338493005383955,-0.0053586915786385655,-0.0070298678006141665,-0.0038293243738767666,0.00017226156184541665,0.0023957252858409677,0.0022553621529366715,-0.0006854144526338668,-0.0007277037619278048,-0.006669033064162149,-0.0035730458245774753,-0.0031109770504146707,-0.07727549313392167,0.0,0.9997173961124499
0.5480000000000008,0.00153958591986605,0.0,-0.00159342678885555,-0.0009208539138622333,-0.0027626501902992032,-0.0014825011255364831,0.0018576509912544496,0.0025833513440807502,-8.679052374043304e-06,0.0013383064822457616,-0.0010157943117587499,-0.0006738988789858832,-0.0010026797407822166,-0.0006600438632120835,0.0001423423015928169,0.00011843289837379982,0.000514213817835922,-0.001042515348669831,-0.00159342678885555,0.0009208539138622333,0.13421184081461665,0.0,0.2832704792192499,-0.005348075033874416,0.012761111845555463,0.0240437679981305,0.02223699602376455,-0.007205649022035652,-0.0019409688077904497,-0.0025607382505368854,0.009776124164091965,0.0009977692332453702,0.004847630741549784,-0.011337046606606197,-0.029942129968096663,-0.016407754774649574,-0.0027626501902992032,0.0014825011255364831,0.2832704792192499,0.005348075033874416,0.48017023211579996,0.0,-0.00695373595065987,0.051969288546009344,0.014746090941267,-0.014188394850920981,-0.008101367609157636,-0.0099851160280213,-0.008823147260552883,0.011461564781715165,0.0089994723848303,-0.009449797523341016,-0.03378743575173733,0.005407380267172183,0.0018576509912544496,-0.0025833513440807502,0.012761111845555463,-0.0240437679981305,-0.00695373595065987,-0.051969288546009344,0.60387470189535,0.0,0.12136665636797835,0.022219083543937923,0.008525346860250164,-0.0003799213689864499,0.017675447294002,0.004789661907594816,-0.00519960479130797,0.004922210724251318,-0.007087386376050151,0.003605400759954367,-8.679052374043304e-06,-0.0013383064822457616,0.02223699602376455,0.007205649022035652,0.014746090941267,0.014188394850920981,0.12136665636797835,-0.022219083543937923,0.11868820854703672,0.0,0.060641813599366635,0.004802247331556861,0.018600379726950337,-0.009246583626089185,0.09808762967106834,0.018554551699949875,0.00020823919953399836,-0.002478304461098283,-0.0010157943117587499,0.0006738988789858832,-0.0019409688077904497,0.0025607382505368854,-0.008101367609157636,0.0099851160280213,0.008525346860250164,0.0003799213689864499,0.060641813599366635,-0.004802247331556861,-0.15835005659558338,0.0,-0.08852720878421834,-0.0010439598759388485,0.024296931122153,-0.004542428266961814,0.0022033485885421225,0.0007361674623456833,-0.0010026797407822166,0.0006600438632120835,0.009776124164091965,-0.0009977692332453702,-0.008823147260552883,-0.011461564781715165,0.017675447294002,-0.004789661907594816,0.018600379726950337,0.009246583626089185,-0.08852720878421834,0.0010439598759388485,-0.036264439641034825,0.0,-0.03066254729608667,0.020835737460189675,-0.0006363317302751335,0.006588240715593766,0.0001423423015928169,-0.00011843289837379982,0.004847630741549784,0.011337046606606197,0.0089994723848303,0.009449797523341016,-0.00519960479130797,-0.004922210724251318,0.09808762967106834,-0.018554551699949875,0.024296931122153,0.004542428266961814,-0.03066254729608667,-0.020835737460189675,-0.06662943874265499,0.0,-0.003560503531485616,0.003073185898522567,0.000514213817835922,0.001042515348669831,-0.029942129968096663,0.016407754774649574,-0.03378743575173733,-0.005407380267172183,-0.007087386376050151,-0.003605400759954367,0.00020823919953399836,0.002478304461098283,0.0022033485885421225,-0.0007361674623456833,-0.0006363317302751335,-0.006588240715593766,-0.003560503531485616,-0.003073185898522567,-0.07752342175517833,0.0,0.9997172125582332
0.5489999999999997,0.001539402364826117,0.0,0.001763848750963561,-0.0005608141427167937,0.0029743942821287336,-0.0010480657090518178,-0.0031492685854165496,-0.00022776464403676964,-0.0009673853830071335,-0.0009265297755259482,0.001192905769948653,-0.00018642612074146672,0.0012147405137955167,-0.00022953894185664668,-0.0001908748498710503,8.075116611083342e-05,0.0003425432423643996,0.0011394871596786087,0.001763848750963561,0.0005608141427167937,0.13415914881886667,0.0,0.28338782666900003,-0.0047738203477334,0.012826128700633346,0.02413206803725755,0.022330081194470833,-0.007182406850868964,-0.0019079118324007262,-0.0024646539631459985,0.00973882316092415,0.0010874919128173034,0.004810440872416735,-0.011336287350219533,-0.02985331352675617,-0.016484500911056396,0.0029743942821287336,0.0010480657090518178,0.28338782666900003,0.0047738203477334,0.4797660321808832,0.0,-0.007231566568590767,0.05181579507289649,0.014555360827090184,-0.014204819946073697,-0.008025687339967415,-0.009875899688591743,-0.008948866737377416,0.011484726233693818,0.008917800539218852,-0.009455497689037851,-0.03373286433716701,0.005444716228053283,-0.0031492685854165496,0.00022776464403676964,0.012826128700633346,-0.02413206803725755,-0.007231566568590767,-0.05181579507289649,0.6050126076569168,0.0,0.12165442493020336,0.022290889184337487,0.00880451256083115,-0.00032862447798805334,0.017810120818530666,0.00493011164089185,-0.005503943696254352,0.005077106321908399,-0.007116055619819634,0.0033658035499667,-0.0009673853830071335,0.0009265297755259482,0.022330081194470833,0.007182406850868964,0.014555360827090184,0.014204819946073697,0.12165442493020336,-0.022290889184337487,0.11867761737836004,0.0,0.06068255088772833,0.004840102709497816,0.018565120648497007,-0.009078843239669886,0.09801404324599665,0.018495266050006044,0.00027515574739609994,-0.002586849655923767,0.001192905769948653,0.00018642612074146672,-0.0019079118324007262,0.0024646539631459985,-0.008025687339967415,0.009875899688591743,0.00880451256083115,0.00032862447798805334,0.06068255088772833,-0.004840102709497816,-0.1584600154711167,0.0,-0.08850098127072002,-0.0009831908751033835,0.024324814647928503,-0.004610539974604507,0.002156736540565938,0.0007843256211043667,0.0012147405137955167,0.00022953894185664668,0.00973882316092415,-0.0010874919128173034,-0.008948866737377416,-0.011484726233693818,0.017810120818530666,-0.00493011164089185,0.018565120648497007,0.009078843239669886,-0.08850098127072002,0.0009831908751033835,-0.03643531797460017,0.0,-0.030741647583076664,0.02076021634409083,-0.0005337049885838786,0.006517993007429017,-0.0001908748498710503,-8.075116611083342e-05,0.004810440872416735,0.011336287350219533,0.008917800539218852,0.009455497689037851,-0.005503943696254352,-0.005077106321908399,0.09801404324599665,-0.018495266050006044,0.024324814647928503,0.004610539974604507,-0.030741647583076664,-0.02076021634409083,-0.06677064668166502,0.0,-0.0035506398265010156,0.0030491828298229826,0.0003425432423643996,-0.0011394871596786087,-0.02985331352675617,0.016484500911056396,-0.03373286433716701,-0.005444716228053283,-0.007116055619819634,-0.0033658035499667,0.00027515574739609994,0.002586849655923767,0.002156736540565938,-0.0007843256211043667,-0.0005337049885838786,-0.006517993007429017,-0.0035506398265010156,-0.0030491828298229826,-0.0777717992762567,0.0,0.9997170289958669
0.5500000000000004,0.0015392188196153669,0.0,-0.0007901259593488986,0.001720807259048961,-0.0012803790134660567,0.002916049142862899,0.0021605069124345368,-0.0022525275917864335,0.001331841610823117,-4.2408213778580976e-05,-0.0007554429460755835,0.0009299177140141997,-0.0007343780961063333,0.0010239139259528149,5.560492360019997e-05,-0.00023010626333896974,-0.0010402424084613498,-0.0005985716564951998,-0.0007901259593488986,-0.001720807259048961,0.13412823379966662,0.0,0.28350767890408324,-0.004217074651612447,0.012895974734510809,0.02421490970341588,0.022413360854158838,-0.007168936003248962,-0.0018858797303005967,-0.0023437348183384197,0.009706456558577065,0.0011708326220173917,0.004775140405871658,-0.011331625929057818,-0.029790320233775164,-0.016565111796714507,-0.0012803790134660567,-0.002916049142862899,0.28350767890408324,0.004217074651612447,0.4793427146244166,0.0,-0.007449477165622167,0.051661936051173335,0.014344671024531498,-0.014265453587467924,-0.00798477889479277,-0.009750234953408548,-0.009038016490121486,0.01155319268261213,0.008846771729388353,-0.00945344426780735,-0.033669795072483334,0.0054662083401566825,0.0021605069124345368,0.0022525275917864335,0.012895974734510809,-0.02421490970341588,-0.007449477165622167,-0.051661936051173335,0.6061510084010332,0.0,0.12195806324332498,0.02236686440082845,0.009082632195743883,-0.00025587157125560165,0.017884116328237165,0.005111635914687541,-0.005802180984778132,0.0052184261971373646,-0.0071118825449293325,0.0030918432147560345,0.001331841610823117,4.2408213778580976e-05,0.022413360854158838,0.007168936003248962,0.014344671024531498,0.014265453587467924,0.12195806324332498,-0.02236686440082845,0.11866540319212171,0.0,0.06074764578495335,0.0048733853536100345,0.018489486694429662,-0.0089221527911675,0.09795254233843338,0.018416402915945165,0.00033649568403391666,-0.0026877557314236664,-0.0007554429460755835,-0.0009299177140141997,-0.0018858797303005967,0.0023437348183384197,-0.00798477889479277,0.009750234953408548,0.009082632195743883,0.00025587157125560165,0.06074764578495335,-0.0048733853536100345,-0.15857223159728326,0.0,-0.08848460997198168,-0.0009547995091157666,0.024346279932948005,-0.004687404827389965,0.0021144553720611166,0.0008204362963922234,-0.0007343780961063333,-0.0010239139259528149,0.009706456558577065,-0.0011708326220173917,-0.009038016490121486,-0.01155319268261213,0.017884116328237165,-0.005111635914687541,0.018489486694429662,0.0089221527911675,-0.08848460997198168,0.0009547995091157666,-0.036606005071397815,0.0,-0.030816167592858334,0.020697410608195996,-0.0004226917830650835,0.006428490138426586,5.560492360019997e-05,0.00023010626333896974,0.004775140405871658,0.011331625929057818,0.008846771729388353,0.00945344426780735,-0.005802180984778132,-0.0052184261971373646,0.09795254233843338,-0.018416402915945165,0.024346279932948005,0.004687404827389965,-0.030816167592858334,-0.020697410608195996,-0.06691064438809666,0.0,-0.00355038982608565,0.0030222882524181005,-0.0010402424084613498,0.0005985716564951998,-0.029790320233775164,0.016565111796714507,-0.033669795072483334,-0.0054662083401566825,-0.0071118825449293325,-0.0030918432147560345,0.00033649568403391666,0.0026877557314236664,0.0021144553720611166,-0.0008204362963922234,-0.0004226917830650835,-0.006428490138426586,-0.00355038982608565,-0.0030222882524181005,-0.07802085233595336,0.0,0.9997168454442168
0.5509999999999994,0.0015390352876433662,0.0,-0.0007530259460183166,-0.001793199295987434,-0.0012647160239747611,-0.00296923801148605,0.0003416390949898499,0.0030512006763475166,-0.0009056566083512813,0.0009668024158254832,-5.545711214948331e-05,-0.0011830770615202221,-0.00017837517279521603,-0.001258956074737825,0.0001455894577907668,0.0001989273034223334,0.00116116158671335,-0.0002677373676924336,-0.0007530259460183166,0.001793199295987434,0.13411944986591667,0.0,0.2835985657233,-0.0036177615570903835,0.012947790032453851,0.024342048614968335,0.02248236792447699,-0.007162852719000966,-0.001882616667747766,-0.0022421691579180146,0.009641699769156475,0.0012415906644706667,0.004732787676847899,-0.01130668749839635,-0.029732647367907334,-0.0166295912743643,-0.0012647160239747611,0.00296923801148605,0.2835985657233,0.0036177615570903835,0.47889940689030003,0.0,-0.007660023132049065,0.05154995123214752,0.0141214473429391,-0.014299177166411514,-0.0079563017328194,-0.009587129093183966,-0.00912368562182255,0.011632463988084043,0.008756913932363582,-0.009452391447118935,-0.033582528869721164,0.005509048543720002,0.0003416390949898499,-0.0030512006763475166,0.012947790032453851,-0.024342048614968335,-0.007660023132049065,-0.05154995123214752,0.6072904654218999,0.0,0.12226456666499835,0.022447128109295566,0.009337231675860303,-0.00013937460169087992,0.017956424893660117,0.005271484612880769,-0.006088594131264066,0.005309396005791017,-0.0070701398900335005,0.002812121875473683,-0.0009056566083512813,-0.0009668024158254832,0.02248236792447699,0.007162852719000966,0.0141214473429391,0.014299177166411514,0.12226456666499835,-0.022447128109295566,0.11865112368711833,0.0,0.060824994213286666,0.004923537695648683,0.018367998093384172,-0.008779262029116398,0.09789775591083331,0.018331396278007665,0.0003644378105534601,-0.002763522763837035,-5.545711214948331e-05,0.0011830770615202221,-0.001882616667747766,0.0022421691579180146,-0.0079563017328194,0.009587129093183966,0.009337231675860303,0.00013937460169087992,0.060824994213286666,-0.004923537695648683,-0.15868583992980004,0.0,-0.08845363604464665,-0.0009468835100911334,0.02435232201683167,-0.004772111400897136,0.002069404598438234,0.0008485144717792831,-0.00017837517279521603,0.001258956074737825,0.009641699769156475,-0.0012415906644706667,-0.00912368562182255,-0.011632463988084043,0.017956424893660117,-0.005271484612880769,0.018367998093384172,0.008779262029116398,-0.08845363604464665,0.0009468835100911334,-0.03677739623789551,0.0,-0.03089624503543168,0.020628946991638506,-0.00029176303748328314,0.00633991347144185,0.0001455894577907668,-0.0001989273034223334,0.004732787676847899,0.01130668749839635,0.008756913932363582,0.009452391447118935,-0.006088594131264066,-0.005309396005791017,0.09789775591083331,-0.018331396278007665,0.02435232201683167,0.004772111400897136,-0.03089624503543168,-0.020628946991638506,-0.067049181438335,0.0,-0.0035574811425547496,0.0029656498720899665,0.00116116158671335,0.0002677373676924336,-0.029732647367907334,0.0166295912743643,-0.033582528869721164,-0.005509048543720002,-0.0070701398900335005,-0.002812121875473683,0.0003644378105534601,0.002763522763837035,0.002069404598438234,-0.0008485144717792831,-0.00029176303748328314,-0.00633991347144185,-0.0035574811425547496,-0.0029656498720899665,-0.07827040164147503,0.0,0.9997166619057334
0.5519999999999997,0.0015388517555425172,0.0,0.0018529626901384667,0.0006817424183712331,0.0030568905174258865,0.0010973692899325668,-0.002517267132873316,-0.0016781017946384327,-5.110646572374057e-05,-0.001326811097689833,0.0008144300604955,0.0008310187459424528,0.0010108826172378314,0.0007840037449354,-0.0002501792685529783,-4.84722008670171e-06,-0.0006795989632195185,0.0009773695928315253,0.0018529626901384667,-0.0006817424183712331,0.13413443823863333,0.0,0.28370036299335,-0.0029722727608457716,0.013004884082943232,0.02448758075672667,0.022562978373316164,-0.007161511648137332,-0.0018770165656594505,-0.002179961964274255,0.009551963688707202,0.001302712942670231,0.004690652413491333,-0.011285556752903646,-0.02965972842804983,-0.016677238709358517,0.0030568905174258865,-0.0010973692899325668,0.28370036299335,0.0029722727608457716,0.47843326665411656,0.0,-0.007946316638840333,0.05151255515871018,0.013932151711628003,-0.014274304447293893,-0.007923136425972848,-0.009391890729833334,-0.009239955160248616,0.011675851093515259,0.008652947366165585,-0.009456986308710757,-0.03349928187281967,0.005593428667844537,-0.002517267132873316,0.0016781017946384327,0.013004884082943232,-0.02448758075672667,-0.007946316638840333,-0.05151255515871018,0.6084316604821336,0.0,0.12257358933949668,0.022514939224062072,0.009553584056864173,5.671925661166717e-06,0.018058970055917226,0.005400073067431916,-0.006385639803761283,0.0053611095743315,-0.0069966803703698875,0.002552319309910817,-5.110646572374057e-05,0.001326811097689833,0.022562978373316164,0.007161511648137332,0.013932151711628003,0.014274304447293893,0.12257358933949668,-0.022514939224062072,0.11863552987081664,0.0,0.06087326911836666,0.004984860867564017,0.018226812719016494,-0.008651684435343917,0.09785051787324667,0.01826352091662017,0.0003941938239810667,-0.002831432184184249,0.0008144300604955,-0.0008310187459424528,-0.0018770165656594505,0.002179961964274255,-0.007923136425972848,0.009391890729833334,0.009553584056864173,-5.671925661166717e-06,0.06087326911836666,-0.004984860867564017,-0.15880126738673334,0.0,-0.088410922911525,-0.0009244999570587164,0.02435330829058283,-0.004849076246108988,0.0020230436624014167,0.0008755451061336001,0.0010108826172378314,-0.0007840037449354,0.009551963688707202,-0.001302712942670231,-0.009239955160248616,-0.011675851093515259,0.018058970055917226,-0.005400073067431916,0.018226812719016494,0.008651684435343917,-0.088410922911525,0.0009244999570587164,-0.03694917179031116,0.0,-0.03100401245897999,0.02055465835090149,-0.00014136514021333333,0.006293258870688682,-0.0002501792685529783,4.84722008670171e-06,0.004690652413491333,0.011285556752903646,0.008652947366165585,0.009456986308710757,-0.006385639803761283,-0.0053611095743315,0.09785051787324667,-0.01826352091662017,0.02435330829058283,0.004849076246108988,-0.03100401245897999,-0.02055465835090149,-0.06718679158405001,0.0,-0.003562815256519359,0.0028873399939228,-0.0006795989632195185,-0.0009773695928315253,-0.02965972842804983,0.016677238709358517,-0.03349928187281967,-0.005593428667844537,-0.0069966803703698875,-0.002552319309910817,0.0003941938239810667,0.002831432184184249,0.0020230436624014167,-0.0008755451061336001,-0.00014136514021333333,-0.006293258870688682,-0.003562815256519359,-0.0028873399939228,-0.0785200378738367,0.0,0.9997164783663666
0.5530000000000005,0.0015386682100818664,0.0,-0.0017821167235016681,0.0008982549616196152,-0.0028694689145171504,0.0014906845988106108,0.0028784488220061663,-0.0008426949488994337,0.0009903306273678298,0.0009037874946728835,-0.0011376883726303506,-7.681564258026652e-05,-0.0012760348635109278,0.00014076560863230005,0.0001662106967788001,-0.00021439660758581648,-0.0001570613986783081,-0.001195182266399492,-0.0017821167235016681,-0.0008982549616196152,0.13417380086225,0.0,0.28382153383774994,-0.0023367631313439166,0.013090303199937252,0.024586824312423667,0.02265967139092567,-0.00716114800889698,-0.0018613719508520981,-0.0021235571741180233,0.009478077096825998,0.0013693213002469165,0.004662748058313263,-0.011291411599083196,-0.0295787186692385,-0.01671932189924207,-0.0028694689145171504,-0.0014906845988106108,0.28382153383774994,0.0023367631313439166,0.4779427970089334,0.0,-0.008282084198537733,0.05151523786082602,0.013797622119099602,-0.014252320776425862,-0.007911593319440337,-0.009199244589567149,-0.009370541474244938,0.011691761166178434,0.008564862228767704,-0.009451379694971316,-0.03344738573931334,0.005683209065343633,0.0028784488220061663,0.0008426949488994337,0.013090303199937252,-0.024586824312423667,-0.008282084198537733,-0.05151523786082602,0.6095748972362002,0.0,0.12287307002504838,0.022564220131800518,0.009742755391218312,0.00015442141221424995,0.018129152607120298,0.005547885775861597,-0.0067037294331349995,0.005412943093889648,-0.006886104337920342,0.0022932377989604933,0.0009903306273678298,-0.0009037874946728835,0.02265967139092567,0.00716114800889698,0.013797622119099602,0.014252320776425862,0.12287307002504838,-0.022564220131800518,0.11861936714811665,0.0,0.06088237315108334,0.005030219298463821,0.01809328384592733,-0.008534154820150899,0.09780629877574665,0.018203793190798664,0.00047670518726238345,-0.002900575528768789,-0.0011376883726303506,7.681564258026652e-05,-0.0018613719508520981,0.0021235571741180233,-0.007911593319440337,0.009199244589567149,0.009742755391218312,-0.00015442141221424995,0.06088237315108334,-0.005030219298463821,-0.1589191657598166,0.0,-0.08837164469029497,-0.000885276339610483,0.024355813493771823,-0.00491299316947545,0.0019835307294365752,0.0008976540938537165,-0.0012760348635109278,-0.00014076560863230005,0.009478077096825998,-0.0013693213002469165,-0.009370541474244938,-0.011691761166178434,0.018129152607120298,-0.005547885775861597,0.01809328384592733,0.008534154820150899,-0.08837164469029497,0.000885276339610483,-0.03712053839527966,0.0,-0.031118291192388337,0.020490211949602002,1.0432151319316948e-05,0.006283532982534518,0.0001662106967788001,0.00021439660758581648,0.004662748058313263,0.011291411599083196,0.008564862228767704,0.009451379694971316,-0.0067037294331349995,-0.005412943093889648,0.09780629877574665,-0.018203793190798664,0.024355813493771823,0.00491299316947545,-0.031118291192388337,-0.020490211949602002,-0.06732386531061334,0.0,-0.0035595992150495503,0.0028219590511342333,-0.0001570613986783081,0.001195182266399492,-0.0295787186692385,0.01671932189924207,-0.03344738573931334,-0.005683209065343633,-0.006886104337920342,-0.0022932377989604933,0.00047670518726238345,0.002900575528768789,0.0019835307294365752,-0.0008976540938537165,1.0432151319316948e-05,-0.006283532982534518,-0.0035595992150495503,-0.0028219590511342333,-0.07876966618568998,0.0,0.9997162948145831
0.5539999999999995,0.0015384846636766834,0.0,0.0005622579347127334,-0.0019642154471533166,0.0008809573516609487,-0.003090100017390349,-0.0011817422239370134,0.002742334821370283,-0.0013512219033868836,5.6615024981246116e-05,0.0008842557733113118,-0.0006823176880605167,0.0008297510337374667,-0.0009761136473671501,5.79335951974218e-05,0.0002935895332341663,0.0009349433336764333,0.0007702517534666168,0.0005622579347127334,0.0019642154471533166,0.13423629900395,0.0,0.28395424771216665,-0.0017472752084208992,0.013194529688676689,0.024649146176710164,0.022748163652256827,-0.007157383279006625,-0.0018582763278325995,-0.002047713528502681,0.009431840932967084,0.0014493666049782662,0.004646871553674984,-0.011309910529607682,-0.029519952219734337,-0.016758163400625685,0.0008809573516609487,0.003090100017390349,0.28395424771216665,0.0017472752084208992,0.47742926071053327,0.0,-0.008566913877125258,0.05150999293621565,0.013681476103835416,-0.014287759416000408,-0.007946103521357563,-0.00903739740426575,-0.009480092419380344,0.011721911376263381,0.008499472760693766,-0.009425187240506252,-0.033413530469588344,0.005746945651199715,-0.0011817422239370134,-0.002742334821370283,0.013194529688676689,-0.024649146176710164,-0.008566913877125258,-0.05150999293621565,0.6107201242419001,0.0,0.12315613200401838,0.022620067731682188,0.009915666878828201,0.0003091690193023666,0.01811063809882972,0.005732069797015065,-0.0070164684093021535,0.005468496888990394,-0.006729544285493248,0.0020155930038613834,-0.0013512219033868836,-5.6615024981246116e-05,0.022748163652256827,0.007157383279006625,0.013681476103835416,0.014287759416000408,0.12315613200401838,-0.022620067731682188,0.11860205202737001,0.0,0.06089236009952002,0.0050600663784001,0.017972789248789,-0.008414512490070181,0.09776523940110503,0.018124165098508834,0.0005978389276963331,-0.0029487656625003314,0.0008842557733113118,0.0006823176880605167,-0.0018582763278325995,0.002047713528502681,-0.007946103521357563,0.00903739740426575,0.009915666878828201,-0.0003091690193023666,0.06089236009952002,-0.0050600663784001,-0.1590390492836,0.0,-0.08835398690938168,-0.0008620052838082368,0.02434895819638567,-0.0049798539809212915,0.0019483841442750004,0.0009032904497571303,0.0008297510337374667,0.0009761136473671501,0.009431840932967084,-0.0014493666049782662,-0.009480092419380344,-0.011721911376263381,0.01811063809882972,-0.005732069797015065,0.017972789248789,0.008414512490070181,-0.08835398690938168,0.0008620052838082368,-0.03729173871513116,0.0,-0.031202950668520007,0.020443202332452167,0.00015325192572270674,0.006268311215050852,5.79335951974218e-05,-0.0002935895332341663,0.004646871553674984,0.011309910529607682,0.008499472760693766,0.009425187240506252,-0.0070164684093021535,-0.005468496888990394,0.09776523940110503,-0.018124165098508834,0.02434895819638567,0.0049798539809212915,-0.031202950668520007,-0.020443202332452167,-0.06745984652899333,0.0,-0.003545573349733083,0.0027797612930446,0.0009349433336764333,-0.0007702517534666168,-0.029519952219734337,0.016758163400625685,-0.033413530469588344,-0.005746945651199715,-0.006729544285493248,-0.0020155930038613834,0.0005978389276963331,0.0029487656625003314,0.0019483841442750004,-0.0009032904497571303,0.00015325192572270674,-0.006268311215050852,-0.003545573349733083,-0.0027797612930446,-0.0790194748589633,0.0,0.9997161112606668
0.5549999999999998,0.0015383011250405501,0.0,0.0011060248071888671,0.0018009464359357678,0.0016269536893460835,0.002770431988289288,-0.0013558896429948998,-0.002647466433059,0.0009270073260951331,-0.0009904978871281337,-0.0002115276660092769,0.0010673584405425417,5.072379782354996e-05,0.001274711381655033,-0.00026657682515828364,-0.00016592385728975023,-0.0011875481890180827,8.146417344870014e-05,0.0011060248071888671,-0.0018009464359357678,0.13432045938255002,0.0,0.28408770989263327,-0.0011764434562112197,0.013305431278156397,0.024738994761303333,0.022813165504578833,-0.007147483557713935,-0.0018817366898561333,-0.001977506108113284,0.009380972006043865,0.0015310665739390928,0.0046234524920311165,-0.011313902832748851,-0.02948819631135167,-0.0167782682730265,0.0016269536893460835,-0.002770431988289288,0.28408770989263327,0.0011764434562112197,0.47689422001391674,0.0,-0.008793451605719073,0.051505431105670005,0.013542529257227319,-0.014333517091031004,-0.008006782992936933,-0.00889803233456505,-0.009565782691608413,0.011762805947920032,0.008429417620881001,-0.00939289270582225,-0.03337279158291833,0.0058136833084856164,-0.0013558896429948998,0.002647466433059,0.013305431278156397,-0.024738994761303333,-0.008793451605719073,-0.051505431105670005,0.6118678603597834,0.0,0.12341623058172499,0.02271048984997442,0.010062918189517238,0.0004844612458641477,0.01805277709669002,0.0059157331705919,-0.0072922487579030835,0.005484821079888948,-0.006538512749543697,0.0017413573618023667,0.0009270073260951331,0.0009904978871281337,0.022813165504578833,0.007147483557713935,0.013542529257227319,0.014333517091031004,0.12341623058172499,-0.02271048984997442,0.11858238846520332,0.0,0.060924773961536664,0.005106371264412398,0.01785592561179334,-0.008283312355738615,0.09772730180807829,0.018019582768114495,0.0007020194220296,-0.002958499648410882,-0.0002115276660092769,-0.0010673584405425417,-0.0018817366898561333,0.001977506108113284,-0.008006782992936933,0.00889803233456505,0.010062918189517238,-0.0004844612458641477,0.060924773961536664,-0.005106371264412398,-0.15915997770295,0.0,-0.08835420382216834,-0.0008704226618026366,0.024319123204865678,-0.0050632002614673065,0.0019035364407231504,0.0008900576270130004,5.072379782354996e-05,-0.001274711381655033,0.009380972006043865,-0.0015310665739390928,-0.009565782691608413,-0.011762805947920032,0.01805277709669002,-0.0059157331705919,0.01785592561179334,0.008283312355738615,-0.08835420382216834,0.0008704226618026366,-0.03746400152020667,0.0,-0.031258368072409996,0.020400223592516996,0.0002925696013232003,0.006234804065160182,-0.00026657682515828364,0.00016592385728975023,0.0046234524920311165,0.011313902832748851,0.008429417620881001,0.00939289270582225,-0.0072922487579030835,-0.005484821079888948,0.09772730180807829,-0.018019582768114495,0.024319123204865678,0.0050632002614673065,-0.031258368072409996,-0.020400223592516996,-0.06759388947876833,0.0,-0.0035168631985814476,0.0027373747744164254,-0.0011875481890180827,-8.146417344870014e-05,-0.02948819631135167,0.0167782682730265,-0.03337279158291833,-0.0058136833084856164,-0.006538512749543697,-0.0017413573618023667,0.0007020194220296,0.002958499648410882,0.0019035364407231504,-0.0008900576270130004,0.0002925696013232003,-0.006234804065160182,-0.0035168631985814476,-0.0027373747744164254,-0.07926943292926,0.0,0.9997159277155501
0.5560000000000006,0.0015381175895648996,0.0,-0.002129548112302968,-0.0004107009566373,-0.003137348483834825,-0.0007126489080830386,0.0028918631911856838,0.0006592629834414001,5.616266047152145e-05,0.0013585982243656902,-0.0005187436277636783,-0.0009156804030206824,-0.0009030930565822498,-0.0009041176247999,0.0003100692636948951,-0.00010152302097896654,0.0007915579776634666,-0.0008510706922347583,-0.002129548112302968,0.0004107009566373,0.13442603332466666,0.0,0.28422123459336673,-0.0005894624508035334,0.013428200963383667,0.02484720740054449,0.022873639439360167,-0.00713922456940505,-0.0019130543242974669,-0.0019442307677781168,0.009302217522004932,0.0016000976324844227,0.004582749034026983,-0.011309631005365384,-0.029452235796866667,-0.0167675766440455,-0.003137348483834825,0.0007126489080830386,0.28422123459336673,0.0005894624508035334,0.476337241588,0.0,-0.00905728224667312,0.05154213121422664,0.013394029676657655,-0.014312275163186292,-0.008053606415917432,-0.008762409519560808,-0.00965066540221275,0.011766547582069187,0.008337957971583453,-0.009371163436594138,-0.03333356966980332,0.005918645899754601,0.0028918631911856838,-0.0006592629834414001,0.013428200963383667,-0.02484720740054449,-0.00905728224667312,-0.05154213121422664,0.6130192324504166,0.0,0.12364974195132002,0.022830663262420208,0.010176075183234348,0.0006742542353251666,0.01803672460868614,0.006078087603106168,-0.0075362959188327505,0.0054302839988166285,-0.006341359241099115,0.0015060605224297482,5.616266047152145e-05,-0.0013585982243656902,0.022873639439360167,0.00713922456940505,0.013394029676657655,0.014312275163186292,0.12364974195132002,-0.022830663262420208,0.11856002413635666,0.0,0.06095012230802333,0.005180269499758927,0.017740487451772497,-0.008142347228664148,0.09768579607801664,0.0179097924150175,0.0007823631647737,-0.002942839221207616,-0.0005187436277636783,0.0009156804030206824,-0.0019130543242974669,0.0019442307677781168,-0.008053606415917432,0.008762409519560808,0.010176075183234348,-0.0006742542353251666,0.06095012230802333,-0.005180269499758927,-0.15928192206513334,0.0,-0.08835087684473338,-0.0008871000878991164,0.024272339727447325,-0.005152402848214639,0.001844822126793797,0.0008719439329538837,-0.0009030930565822498,0.0009041176247999,0.009302217522004932,-0.0016000976324844227,-0.00965066540221275,-0.011766547582069187,0.01803672460868614,-0.006078087603106168,0.017740487451772497,0.008142347228664148,-0.08835087684473338,0.0008871000878991164,-0.03763807989166082,0.0,-0.031319506083856676,0.020345987103438497,0.00042527354559115504,0.006216298953027565,0.0003100692636948951,0.00010152302097896654,0.004582749034026983,0.011309631005365384,0.008337957971583453,0.009371163436594138,-0.0075362959188327505,-0.0054302839988166285,0.09768579607801664,-0.0179097924150175,0.024272339727447325,0.005152402848214639,-0.031319506083856676,-0.020345987103438497,-0.06772584025761333,0.0,-0.00347040641245445,0.0026858128401370755,0.0007915579776634666,0.0008510706922347583,-0.029452235796866667,0.0167675766440455,-0.03333356966980332,-0.005918645899754601,-0.006341359241099115,-0.0015060605224297482,0.0007823631647737,0.002942839221207616,0.001844822126793797,-0.0008719439329538837,0.00042527354559115504,-0.006216298953027565,-0.00347040641245445,-0.0026858128401370755,-0.07951906270167998,0.0,0.9997157441729835
0.5569999999999996,0.0015379340412486832,0.0,0.0017636190498868402,-0.0013073529605736336,0.0026394380109037163,-0.001812679891856434,-0.002377183650479133,0.0017828820376575558,-0.0010362008090905668,-0.0008956406498713335,0.0009588502886100234,0.0003489122838120333,0.0012898616951085148,4.323363160513335e-05,-0.00011852589675229843,0.0003432654270061307,4.130453199300076e-06,0.0011559339871643748,0.0017636190498868402,0.0013073529605736336,0.13455304489398337,0.0,0.2843946606577334,-1.1170804488983253e-05,0.013559680767587495,0.02489010090849275,0.02295854153678583,-0.007146329780483193,-0.0019306870040539338,-0.001926432047209255,0.009220267487129166,0.0016584587468563103,0.004540310580436036,-0.011326725614624087,-0.029392414147724998,-0.016744313305898994,0.0026394380109037163,0.001812679891856434,0.2843946606577334,1.1170804488983253e-05,0.4757573631546165,0.0,-0.0093987095360242,0.05162538107398833,0.013274385430349716,-0.014244003048026747,-0.008086556429425283,-0.00863910918788329,-0.009737248705961989,0.011720126662781554,0.00825003097806785,-0.009356749436939399,-0.03331559091387168,0.006029547822460416,-0.002377183650479133,-0.0017828820376575558,0.013559680767587495,-0.02489010090849275,-0.0093987095360242,-0.05162538107398833,0.6141752340912999,0.0,0.12387229046630664,0.02295810022276573,0.010270209234085814,0.000860609784584317,0.018047458920023792,0.0062354433012332304,-0.007783782258829208,0.005327344055963665,-0.006146411659807233,0.001311299625420078,-0.0010362008090905668,0.0008956406498713335,0.02295854153678583,0.007146329780483193,0.013274385430349716,0.014244003048026747,0.12387229046630664,-0.02295810022276573,0.11853527223065669,0.0,0.060953274962663326,0.005256926992208866,0.017634498652115495,-0.008005136703478171,0.0976482979508017,0.017804856979628334,0.0008862369841398332,-0.0029186463090024573,0.0009588502886100234,-0.0003489122838120333,-0.0019306870040539338,0.001926432047209255,-0.008086556429425283,0.00863910918788329,0.010270209234085814,-0.000860609784584317,0.060953274962663326,-0.005256926992208866,-0.15940555287823333,0.0,-0.08834706158421003,-0.0008918748318458166,0.02423051556046484,-0.005229529334755067,0.00178417369672845,0.0008660415043978003,0.0012898616951085148,-4.323363160513335e-05,0.009220267487129166,-0.0016584587468563103,-0.009737248705961989,-0.011720126662781554,0.018047458920023792,-0.0062354433012332304,0.017634498652115495,0.008005136703478171,-0.08834706158421003,0.0008918748318458166,-0.03781371741336883,0.0,-0.03140602137156499,0.020287880843749165,0.0005367396897302752,0.006232757651519399,-0.00011852589675229843,-0.0003432654270061307,0.004540310580436036,0.011326725614624087,0.00825003097806785,0.009356749436939399,-0.007783782258829208,-0.005327344055963665,0.0976482979508017,-0.017804856979628334,0.02423051556046484,0.005229529334755067,-0.03140602137156499,-0.020287880843749165,-0.06785598598940999,0.0,-0.0034159923076685214,0.0026518589673853498,4.130453199300076e-06,-0.0011559339871643748,-0.029392414147724998,0.016744313305898994,-0.03331559091387168,-0.006029547822460416,-0.006146411659807233,-0.001311299625420078,0.0008862369841398332,0.0029186463090024573,0.00178417369672845,-0.0008660415043978003,0.0005367396897302752,-0.006232757651519399,-0.0034159923076685214,-0.0026518589673853498,-0.07976803151307506,0.0,0.9997155606184001
0.5579999999999999,0.0015377504840577165,0.0,-0.00023366945440901656,0.0022105487827266666,-0.00046288046565242714,0.0031429796599128997,0.0001747050569975463,-0.0029854980831925666,0.0013754510352020166,-0.00014854351524448345,-0.0009393432725683111,0.0003486248745183499,-0.0009824254224360168,0.0008603513628717835,-0.000220058069603915,-0.000357034064901067,-0.000813888426220117,-0.0008379604009648832,-0.00023366945440901656,-0.0022105487827266666,0.13470033654023336,0.0,0.2845814303986333,0.0005165614837472382,0.013676110586319833,0.02483858385918983,0.023059603309711327,-0.007175444057284,-0.0019468750094794951,-0.001887224614519867,0.009161463073665941,0.0017168847023960032,0.0045130677276433995,-0.01136636183360098,-0.029316771593841665,-0.016736724898478494,-0.00046288046565242714,-0.0031429796599128997,0.2845814303986333,-0.0005165614837472382,0.4751557421157834,0.0,-0.009736724068093599,0.051698170695908326,0.013174288557742359,-0.014203856388956666,-0.008139474145206601,-0.008545380496480027,-0.009797384675453684,0.011673780197001115,0.008191684495360058,-0.009330405657415358,-0.03329686140095999,0.006092590032950748,0.0001747050569975463,0.0029854980831925666,0.013676110586319833,-0.02483858385918983,-0.009736724068093599,-0.051698170695908326,0.6153359526721832,0.0,0.12408067126951498,0.023086331055592105,0.0103598640859662,0.001041401917883205,0.01800341891082141,0.00639557957930101,-0.008049262653080615,0.0052090482169896675,-0.005928152505725384,0.0011285560171969172,0.0013754510352020166,0.00014854351524448345,0.023059603309711327,0.007175444057284,0.013174288557742359,0.014203856388956666,0.12408067126951498,-0.023086331055592105,0.11850780165376666,0.0,0.06095824507462667,0.005316239689789116,0.017529496644246,-0.007877770974171885,0.09761102286080997,0.0176845565577325,0.0010228806918203168,-0.002887392004955499,-0.0009393432725683111,-0.0003486248745183499,-0.0019468750094794951,0.001887224614519867,-0.008139474145206601,0.008545380496480027,0.0103598640859662,-0.001041401917883205,0.06095824507462667,-0.005316239689789116,-0.15953082521745,0.0,-0.08835048760177502,-0.0009019534545529816,0.024195638437939013,-0.005292344002255748,0.001727132427180126,0.0008721558290759083,-0.0009824254224360168,-0.0008603513628717835,0.009161463073665941,-0.0017168847023960032,-0.009797384675453684,-0.011673780197001115,0.01800341891082141,-0.00639557957930101,0.017529496644246,0.007877770974171885,-0.08835048760177502,0.0009019534545529816,-0.037990690105108506,0.0,-0.03149532861249666,0.02023786830263816,0.0006286116832564999,0.006257307060142433,-0.000220058069603915,0.000357034064901067,0.0045130677276433995,0.01136636183360098,0.008191684495360058,0.009330405657415358,-0.008049262653080615,-0.0052090482169896675,0.09761102286080997,-0.0176845565577325,0.024195638437939013,0.005292344002255748,-0.03149532861249666,-0.02023786830263816,-0.067984067990725,0.0,-0.0033715639207363996,0.002651665166527801,-0.000813888426220117,0.0008379604009648832,-0.029316771593841665,0.016736724898478494,-0.03329686140095999,-0.006092590032950748,-0.005928152505725384,-0.0011285560171969172,0.0010228806918203168,0.002887392004955499,0.001727132427180126,-0.0008721558290759083,0.0006286116832564999,-0.006257307060142433,-0.0033715639207363996,-0.002651665166527801,-0.08001662309877498,0.0,0.9997153770533166
0.5590000000000003,0.001537566935824516,0.0,-0.001495505834663183,-0.001707364492051475,-0.0019670305437381004,-0.0024849798450550828,0.0021769510111986834,0.0020688327765069165,-0.0008469570434527332,0.0011046264749450267,0.0004871301377068067,-0.00086792208768835,0.00013600300590890002,-0.00130722672783075,0.0004543665563453168,8.56460774975084e-05,0.0011773695553980504,1.921384005666645e-05,-0.001495505834663183,0.001707364492051475,0.13486643371858337,0.0,0.2847715367497,0.001012161449121578,0.013764161221655986,0.024775304861067993,0.023149791055585327,-0.007220440688739517,-0.0019867071683172264,-0.0018389840385251498,0.009109715452846149,0.0017770764971215497,0.0044944515585398324,-0.0113981985974217,-0.029242356150065003,-0.016752141764819834,-0.0019670305437381004,0.0024849798450550828,0.2847715367497,-0.001012161449121578,0.47453461416761655,0.0,-0.010002265787162684,0.05174195545250333,0.013051807955450183,-0.014187487793337249,-0.008221493499426115,-0.008468842843808186,-0.009822410398146115,0.011671955348207566,0.00815065769483313,-0.009293984401275,-0.03324792002168,0.006123309076019434,0.0021769510111986834,-0.0020688327765069165,0.013764161221655986,-0.024775304861067993,-0.010002265787162684,-0.05174195545250333,0.6165011950818334,0.0,0.12428062309403498,0.02323611521617992,0.01043076929726386,0.0012273672091649118,0.017899002120691062,0.0065423780793870505,-0.0083046267189972,0.005071522183551785,-0.005668678004081768,0.0009492458090894665,-0.0008469570434527332,-0.0011046264749450267,0.023149791055585327,0.007220440688739517,0.013051807955450183,0.014187487793337249,0.12428062309403498,-0.02323611521617992,0.11847634706061165,0.0,0.06100081959182334,0.005372518908003217,0.01740455372711601,-0.0077591406935952935,0.09758579170646,0.017535872771781,0.0011363915028061167,-0.0028548166281305164,0.0004871301377068067,0.00086792208768835,-0.0019867071683172264,0.0018389840385251498,-0.008221493499426115,0.008468842843808186,0.01043076929726386,-0.0012273672091649118,0.06100081959182334,-0.005372518908003217,-0.1596567206387667,0.0,-0.08837283177049667,-0.0009426678883022519,0.024157949505682837,-0.005352000645112902,0.0016651797826601003,0.0008765064361440417,0.00013600300590890002,0.00130722672783075,0.009109715452846149,-0.0017770764971215497,-0.009822410398146115,-0.011671955348207566,0.017899002120691062,-0.0065423780793870505,0.01740455372711601,0.0077591406935952935,-0.08837283177049667,0.0009426678883022519,-0.03816962674535567,0.0,-0.03157620249007832,0.020195522768059502,0.00072246204318174,0.006261088850127566,0.0004543665563453168,-8.56460774975084e-05,0.0044944515585398324,0.0113981985974217,0.00815065769483313,0.009293984401275,-0.0083046267189972,-0.005071522183551785,0.09758579170646,-0.017535872771781,0.024157949505682837,0.005352000645112902,-0.03157620249007832,-0.020195522768059502,-0.06810925241355832,0.0,-0.003341643588101401,0.00265958327091865,0.0011773695553980504,-1.921384005666645e-05,-0.029242356150065003,0.016752141764819834,-0.03324792002168,-0.006123309076019434,-0.005668678004081768,-0.0009492458090894665,0.0011363915028061167,0.0028548166281305164,0.0016651797826601003,-0.0008765064361440417,0.00072246204318174,-0.006261088850127566,-0.003341643588101401,-0.00265958327091865,-0.08026536366806836,0.0,0.9997151934987166
0.5599999999999997,0.0015373834006067828,0.0,0.0023089450587854203,7.013142471696682e-05,0.003162996713494517,0.0002642399894478133,-0.0029712351474379174,0.00030745088025913324,-0.00021246289314715144,-0.0013800694036923168,0.00019185420832551668,0.0009736007472492333,0.0007925719899513649,0.0010472972407839167,-0.00038707013759641163,0.00028896919374859337,-0.0008515201828772334,0.000822595486702405,0.0023089450587854203,-7.013142471696682e-05,0.13505151179934996,0.0,0.28492792578185,0.0015381513725775994,0.013828911658899214,0.024754352690683004,0.023217479836785335,-0.007277450719791384,-0.0020430110215950716,-0.0018237100988235744,0.009031320587730965,0.0018296527732394004,0.004467819331249717,-0.011406881324507168,-0.029160210577983337,-0.01676720203167452,0.003162996713494517,-0.0002642399894478133,0.28492792578185,-0.0015381513725775994,0.47389386570161657,0.0,-0.010246939003667018,0.05181278609564332,0.012904263113965078,-0.0141138574030799,-0.008298888402188717,-0.008373240748527818,-0.009841760505603673,0.011691709700142352,0.008098255728368425,-0.00926353944210347,-0.03317201963933,0.006175249129137867,-0.0029712351474379174,-0.00030745088025913324,0.013828911658899214,-0.024754352690683004,-0.010246939003667018,-0.05181278609564332,0.6176714647858333,0.0,0.12445734189337,0.023405146325428616,0.010459689747055488,0.0014118026776329495,0.017811313518292935,0.006671885316607217,-0.008520309961148349,0.004888667706325082,-0.005382227070594134,0.0007953109919809165,-0.00021246289314715144,0.0013800694036923168,0.023217479836785335,0.007277450719791384,0.012904263113965078,0.0141138574030799,0.12445734189337,-0.023405146325428616,0.11844003288099003,0.0,0.061057924847918325,0.005440601307117516,0.017244189893953,-0.007648792233362164,0.09756819102556001,0.017378906264426675,0.0011951508617037898,-0.002836396935706564,0.00019185420832551668,-0.0009736007472492333,-0.0020430110215950716,0.0018237100988235744,-0.008298888402188717,0.008373240748527818,0.010459689747055488,-0.0014118026776329495,0.061057924847918325,-0.005440601307117516,-0.1597824255598,0.0,-0.08839084832058335,-0.0010036212338241399,0.02411485706132167,-0.0054070964935919695,0.0015946372414377132,0.000874873581922517,0.0007925719899513649,-0.0010472972407839167,0.009031320587730965,-0.0018296527732394004,-0.009841760505603673,-0.011691709700142352,0.017811313518292935,-0.006671885316607217,0.017244189893953,0.007648792233362164,-0.08839084832058335,0.0010036212338241399,-0.03835128374359117,0.0,-0.031667521332474996,0.020144539627885996,0.0008267786040131785,0.0062605007402333,-0.00038707013759641163,-0.00028896919374859337,0.004467819331249717,0.011406881324507168,0.008098255728368425,0.00926353944210347,-0.008520309961148349,-0.004888667706325082,0.09756819102556001,-0.017378906264426675,0.02411485706132167,0.0054070964935919695,-0.031667521332474996,-0.020144539627885996,-0.06823120237826336,0.0,-0.003313826120799438,0.002643923092604485,-0.0008515201828772334,-0.000822595486702405,-0.029160210577983337,0.01676720203167452,-0.03317201963933,-0.006175249129137867,-0.005382227070594134,-0.0007953109919809165,0.0011951508617037898,0.002836396935706564,0.0015946372414377132,-0.000874873581922517,0.0008267786040131785,-0.0062605007402333,-0.003313826120799438,-0.002643923092604485,-0.08051433693015335,0.0,0.9997150099564334
0.561,0.001537199865718916,0.0,-0.0016298976912834048,0.0016461973382072667,-0.0023205451010948003,0.0021365666930420915,0.0016885925397154497,-0.0024138652276531492,0.0011598351666373917,0.0007951114220849333,-0.000782779673806705,-0.0006102503050573,-0.0012879927009721548,-0.0002062929088760666,4.131960139128283e-05,-0.0005004656821350998,3.4946231654050035e-05,-0.0012075672458348669,-0.0016298976912834048,-0.0016461973382072667,0.13525702895020003,0.0,0.2850894392216501,0.002101939969174449,0.013867560617262971,0.024717186492920838,0.023282773174734508,-0.007358792790601337,-0.0020917638933629864,-0.001847815209762998,0.0089392780389305,0.0018680707689736,0.00443709175074415,-0.01141867840576,-0.02905835298174566,-0.01676931280121523,-0.0023205451010948003,-0.0021365666930420915,0.2850894392216501,-0.002101939969174449,0.47323093238465,0.0,-0.010554008283192116,0.05196492521549499,0.012784412003733663,-0.013965492048776718,-0.008351332396480183,-0.008252222318807971,-0.009887480996936935,0.011689986096450234,0.008038553612726066,-0.009240584412537346,-0.03309942234118833,0.0062538772432668,0.0016885925397154497,0.0024138652276531492,0.013867560617262971,-0.024717186492920838,-0.010554008283192116,-0.05196492521549499,0.6188476718299001,0.0,0.12462807656718171,0.023566180163364023,0.010454720100082783,0.0015781776593233163,0.017768494179979513,0.006803346196664482,-0.008709861720327292,0.004666932007065651,-0.005092576824246601,0.0006795104590168836,0.0011598351666373917,-0.0007951114220849333,0.023282773174734508,0.007358792790601337,0.012784412003733663,0.013965492048776718,0.12462807656718171,-0.023566180163364023,0.11839926435220334,0.0,0.061093044145826676,0.005505736157403448,0.017062171080032815,-0.007553852791180416,0.09756153799202831,0.017244246700397863,0.0012486619646809,-0.0028301422983414664,-0.000782779673806705,0.0006102503050573,-0.0020917638933629864,0.001847815209762998,-0.008351332396480183,0.008252222318807971,0.010454720100082783,-0.0015781776593233163,0.061093044145826676,-0.005505736157403448,-0.1599080886607666,0.0,-0.08839814842754502,-0.0010489686391633663,0.02408458198897633,-0.005446890305663905,0.0015303149754286563,0.0008811160148838496,-0.0012879927009721548,0.0002062929088760666,0.0089392780389305,-0.0018680707689736,-0.009887480996936935,-0.011689986096450234,0.017768494179979513,-0.006803346196664482,0.017062171080032815,0.007553852791180416,-0.08839814842754502,0.0010489686391633663,-0.038535402276087836,0.0,-0.03178976800046166,0.02008354251953183,0.0009254158720540006,0.006289937331387883,4.131960139128283e-05,0.0005004656821350998,0.00443709175074415,0.01141867840576,0.008038553612726066,0.009240584412537346,-0.008709861720327292,-0.004666932007065651,0.09756153799202831,-0.017244246700397863,0.02408458198897633,0.005446890305663905,-0.03178976800046166,-0.02008354251953183,-0.06835053840033165,0.0,-0.003281495681769449,0.002613713216967362,3.4946231654050035e-05,0.0012075672458348669,-0.02905835298174566,0.01676931280121523,-0.03309942234118833,-0.0062538772432668,-0.005092576824246601,-0.0006795104590168836,0.0012486619646809,0.0028301422983414664,0.0015303149754286563,-0.0008811160148838496,0.0009254158720540006,-0.006289937331387883,-0.003281495681769449,-0.002613713216967362,-0.08076324163060668,0.0,0.9997148264146168
0.5620000000000004,0.00153701631814005,0.0,-9.572523551705011e-05,-0.00230757540988615,-1.3416860410094827e-05,-0.0030967600280458517,0.0007183483262847717,0.0028123206959756175,-0.001389902375990233,0.00030540794793220024,0.000998616141914515,-6.488436682741669e-05,0.0010519999784605084,-0.0007375784106991831,0.0003616761906607761,0.00038514220471753345,0.0008475024802702583,0.0009221522176181519,-9.572523551705011e-05,0.00230757540988615,0.1354832245724,0.0,0.2852669414667499,0.0026435093449382664,0.013867160816570833,0.024596232322904508,0.02335295547601583,-0.007471137882639934,-0.002137199837110834,-0.0018747898781973965,0.008872910737201683,0.001901520532020233,0.004417314687593583,-0.011456987236323947,-0.02893899482940333,-0.0167667070941168,-1.3416860410094827e-05,0.0030967600280458517,0.2852669414667499,-0.0026435093449382664,0.47254468374423336,0.0,-0.01090128227262443,0.052137908074218337,0.012708522424361482,-0.013828529916755471,-0.008405546339912019,-0.00814262089460492,-0.009953175812713766,0.011676165311578167,0.007985701336289933,-0.0092008754058329,-0.03302756135960334,0.006315305446294373,0.0007183483262847717,-0.0028123206959756175,0.013867160816570833,-0.024596232322904508,-0.01090128227262443,-0.052137908074218337,0.6200299817135834,0.0,0.12480036677701004,0.023699842846609757,0.01044281429513017,0.0017235332535907148,0.017691552502138667,0.006929826648059166,-0.0089111563165978,0.0044409503294545695,-0.004788744886196455,0.0005945535264153166,-0.001389902375990233,-0.00030540794793220024,0.02335295547601583,0.007471137882639934,0.012708522424361482,0.013828529916755471,0.12480036677701004,-0.023699842846609757,0.11835473569171169,0.0,0.06110566554174331,0.005543585437075954,0.016877814966287936,-0.0074707811026189525,0.09756259673477502,0.017127263289254964,0.001352049281557966,-0.002809770943753461,0.000998616141914515,6.488436682741669e-05,-0.002137199837110834,0.0018747898781973965,-0.008405546339912019,0.00814262089460492,0.01044281429513017,-0.0017235332535907148,0.06110566554174331,-0.005543585437075954,-0.16003420259696666,0.0,-0.08839892689981335,-0.0010658469495583667,0.024074567350927993,-0.005471439434404815,0.0014860356480114335,0.0009033649838121168,0.0010519999784605084,0.0007375784106991831,0.008872910737201683,-0.001901520532020233,-0.009953175812713766,-0.011676165311578167,0.017691552502138667,-0.006929826648059166,0.016877814966287936,0.0074707811026189525,-0.08839892689981335,0.0010658469495583667,-0.03872090115617651,0.0,-0.031916081044800024,0.020024114183239,0.0010084049640789294,0.006343359677111468,0.0003616761906607761,-0.00038514220471753345,0.004417314687593583,0.011456987236323947,0.007985701336289933,0.0092008754058329,-0.0089111563165978,-0.0044409503294545695,0.09756259673477502,-0.017127263289254964,0.024074567350927993,0.005471439434404815,-0.031916081044800024,-0.020024114183239,-0.06846789473491999,0.0,-0.003253352900522588,0.002601117049948098,0.0008475024802702583,-0.0009221522176181519,-0.02893899482940333,0.0167667070941168,-0.03302756135960334,-0.006315305446294373,-0.004788744886196455,-0.0005945535264153166,0.001352049281557966,0.002809770943753461,0.0014860356480114335,-0.0009033649838121168,0.0010084049640789294,-0.006343359677111468,-0.003253352900522588,-0.002601117049948098,-0.08101200069142665,0.0,0.9997146428607665
0.5629999999999996,0.0015368327699918504,0.0,0.0017658512301791831,0.0015151402967043003,0.002232742334445467,0.002049193477127367,-0.0025816895983399664,-0.0012548723658486669,0.0007576938403938118,-0.0012210083467156835,-0.0007060516130455149,0.0007299862399843651,-0.0002454326402632834,0.001229055133847145,-0.0005425888777612132,-9.037134774283435e-06,-0.0012903466457064668,-5.584203728590009e-05,0.0017658512301791831,-0.0015151402967043003,0.13572832321873332,0.0,0.28544860092945,0.003122307310638651,0.013842518846188503,0.024441047849587498,0.023407110620316827,-0.007597615049534983,-0.00220439512591665,-0.001885930845751683,0.00883249242465243,0.0019420586864183382,0.004402522641891532,-0.011505484943805537,-0.028827454032510347,-0.016769690525239266,0.002232742334445467,-0.002049193477127367,0.28544860092945,-0.003122307310638651,0.47183740348655007,0.0,-0.011197011809789449,0.052241495758411666,0.012623726871432185,-0.013760284718595797,-0.00848677976147727,-0.008069044310021556,-0.010018094371608817,0.011697327839159468,0.007926583279365317,-0.009134910121286014,-0.032934338218641654,0.006353937339983149,-0.0025816895983399664,0.0012548723658486669,0.013842518846188503,-0.024441047849587498,-0.011197011809789449,-0.052241495758411666,0.6212172248477,0.0,0.12497064795793836,0.023817488901633953,0.010431880714349685,0.00185643508520435,0.01752372103775925,0.007011049637218751,-0.009123151358461151,0.004231431264395083,-0.004449515942793717,0.0005388799369377003,0.0007576938403938118,0.0012210083467156835,0.023407110620316827,0.007597615049534983,0.012623726871432185,0.013760284718595797,0.12497064795793836,-0.023817488901633953,0.11830632719990168,0.0,0.06112891852683332,0.005561748718004601,0.016690424628610714,-0.0073803733686017324,0.09757593160318837,0.017002259991519088,0.0014814710584070171,-0.002763308120556499,-0.0007060516130455149,-0.0007299862399843651,-0.00220439512591665,0.001885930845751683,-0.00848677976147727,0.008069044310021556,0.010431880714349685,-0.00185643508520435,0.06112891852683332,-0.005561748718004601,-0.16016072314248328,0.0,-0.08840674012572333,-0.0010767274902333235,0.024070225612958504,-0.005496205970696801,0.0014549152549191162,0.0009259091243188851,-0.0002454326402632834,-0.001229055133847145,0.00883249242465243,-0.0019420586864183382,-0.010018094371608817,-0.011697327839159468,0.01752372103775925,-0.007011049637218751,0.016690424628610714,0.0073803733686017324,-0.08840674012572333,0.0010767274902333235,-0.03890703218730356,0.0,-0.03201149309738,0.019973113082871665,0.0010919306561261502,0.006385516116057897,-0.0005425888777612132,9.037134774283435e-06,0.004402522641891532,0.011505484943805537,0.007926583279365317,0.009134910121286014,-0.009123151358461151,-0.004231431264395083,0.09757593160318837,-0.017002259991519088,0.024070225612958504,0.005496205970696801,-0.03201149309738,-0.019973113082871665,-0.06858307164489666,0.0,-0.0032350808393045824,0.0026116165416854116,-0.0012903466457064668,5.584203728590009e-05,-0.028827454032510347,0.016769690525239266,-0.032934338218641654,-0.006353937339983149,-0.004449515942793717,-0.0005388799369377003,0.0014814710584070171,0.002763308120556499,0.0014549152549191162,-0.0009259091243188851,0.0010919306561261502,-0.006385516116057897,-0.0032350808393045824,-0.0026116165416854116,-0.08126082524280501,0.0,0.9997144593057833
0.564,0.0015366492291430335,0.0,-0.0023538686326494496,0.00025598725288464996,-0.002973441243840086,0.00022667657125794992,0.002593160155271667,-0.00115215339982145,0.00032802570453276174,0.0014045891402214665,3.1194625338933305e-05,-0.0010269713788630215,-0.0006420765876704164,-0.0010338347250288533,0.00038334657079055,-0.00037396989911083335,0.00095706390029201,-0.0008904262871866497,-0.0023538686326494496,-0.00025598725288464996,0.1359902952870833,0.0,0.28561772545386666,0.0035628355336255833,0.013835903000441675,0.024335966717022706,0.02342580902699598,-0.00771485890392595,-0.002293540469465551,-0.0019056351772488048,0.008777701814825518,0.0019809332511130334,0.004367153407692965,-0.01153719901927695,-0.028744425260183167,-0.016763420096869073,-0.002973441243840086,-0.00022667657125794992,0.28561772545386666,-0.0035628355336255833,0.4711118715606667,0.0,-0.011433975506145801,0.05229757696158999,0.012492843812905052,-0.013707041172897836,-0.0085800767912298,-0.008009779840966617,-0.010078721344973314,0.011754696545491232,0.00783546675300933,-0.009064500146423234,-0.03283324835875,0.006419509323139634,0.002593160155271667,0.00115215339982145,0.013835903000441675,-0.024335966717022706,-0.011433975506145801,-0.05229757696158999,0.6224082192766499,0.0,0.125122615912375,0.023930486841675914,0.010410406126888686,0.0019814535105618326,0.01731693326283412,0.007042942670045978,-0.009300055944610702,0.004026081794873898,-0.0040888102319277,0.0005238130030766135,0.00032802570453276174,-0.0014045891402214665,0.02342580902699598,0.00771485890392595,0.012492843812905052,0.013707041172897836,0.125122615912375,-0.023930486841675914,0.11825379956291666,0.0,0.06116565877360001,0.005589950970721615,0.016489979103918563,-0.007271465130157051,0.09760743749973173,0.016869409830308983,0.0015791875703786164,-0.002706655950141601,3.1194625338933305e-05,0.0010269713788630215,-0.002293540469465551,0.0019056351772488048,-0.0085800767912298,0.008009779840966617,0.010410406126888686,-0.0019814535105618326,0.06116565877360001,-0.005589950970721615,-0.16028732390231665,0.0,-0.08842313074807832,-0.00110154093560355,0.024056496310037503,-0.005532076997887335,0.0014207651838667333,0.000928718128637733,-0.0006420765876704164,0.0010338347250288533,0.008777701814825518,-0.0019809332511130334,-0.010078721344973314,-0.011754696545491232,0.01731693326283412,-0.007042942670045978,0.016489979103918563,0.007271465130157051,-0.08842313074807832,0.00110154093560355,-0.03909389704274248,0.0,-0.03208218963355001,0.019923335781862166,0.0011917549210204998,0.006410107681616783,0.00038334657079055,0.00037396989911083335,0.004367153407692965,0.01153719901927695,0.00783546675300933,0.009064500146423234,-0.009300055944610702,-0.004026081794873898,0.09760743749973173,-0.016869409830308983,0.024056496310037503,0.005532076997887335,-0.03208218963355001,-0.019923335781862166,-0.06869561055220501,0.0,-0.0032127518679516214,0.0026204005155387794,0.00095706390029201,0.0008904262871866497,-0.028744425260183167,0.016763420096869073,-0.03283324835875,-0.006419509323139634,-0.0040888102319277,-0.0005238130030766135,0.0015791875703786164,0.002706655950141601,0.0014207651838667333,-0.000928718128637733,0.0011917549210204998,-0.006410107681616783,-0.0032127518679516214,-0.0026204005155387794,-0.08150972766145335,0.0,0.9997142757580335
0.5650000000000003,0.0015364656899738672,0.0,0.0014409935214123382,-0.0019220600029648837,0.0018238412530616665,-0.002303121127308411,-0.0007854370452007503,0.0026828812064164332,-0.0012343214230034502,-0.000753716863255183,0.0006672652243586019,0.0007842717611058964,0.0011468755780842498,0.00030163535308539997,1.2444973192199799e-05,0.0005305030171443499,-4.809497807405514e-05,0.001308984187184528,0.0014409935214123382,0.0019220600029648837,0.1362680689532834,0.0,0.28578113452738335,0.003994091102278667,0.01384990989111901,0.024252191848933614,0.023420911027604,-0.007824187243961717,-0.002375620089179984,-0.001958670821793227,0.008686525679798284,0.0019995725141681163,0.004302188600613801,-0.011560965635173188,-0.028684520163077487,-0.01672027239842734,0.0018238412530616665,0.002303121127308411,0.28578113452738335,-0.003994091102278667,0.4703686272857167,0.0,-0.011699247343846697,0.05238966795845833,0.012355103384579997,-0.013602914916967768,-0.008654487295235196,-0.00794108697846742,-0.010146380634647425,0.011796102619153695,0.0077156264405218,-0.009007798055170211,-0.03276708834775166,0.006534708425115419,-0.0007854370452007503,-0.0026828812064164332,0.01384990989111901,-0.024252191848933614,-0.011699247343846697,-0.05238966795845833,0.6236026776910497,0.0,0.12524888478660995,0.024025210060552995,0.010379019807444849,0.002099408751806852,0.017134701961035184,0.0070724179041261,-0.009417449447263398,0.0038075361634335673,-0.0037463394364052175,0.0005496832247121718,-0.0012343214230034502,0.000753716863255183,0.023420911027604,0.007824187243961717,0.012355103384579997,0.013602914916967768,0.12524888478660995,-0.024025210060552995,0.11819801522302163,0.0,0.061179659385794984,0.005631158614594073,0.016284396319642347,-0.007153481777495201,0.09764948982509672,0.01675696640493394,0.0016454517244215564,-0.0026443305881827268,0.0006672652243586019,-0.0007842717611058964,-0.002375620089179984,0.001958670821793227,-0.008654487295235196,0.00794108697846742,0.010379019807444849,-0.002099408751806852,0.061179659385794984,-0.005631158614594073,-0.1604140632601333,0.0,-0.08843441533363333,-0.0011279855967708833,0.02403885234227817,-0.005573038419320683,0.0013834811586781641,0.0009162074626732501,0.0011468755780842498,-0.00030163535308539997,0.008686525679798284,-0.0019995725141681163,-0.010146380634647425,-0.011796102619153695,0.017134701961035184,-0.0070724179041261,0.016284396319642347,0.007153481777495201,-0.08843441533363333,0.0011279855967708833,-0.039281720318595136,0.0,-0.03216335367025,0.019867091571260827,0.0012932057558005504,0.006445706049417933,1.2444973192199799e-05,-0.0005305030171443499,0.004302188600613801,0.011560965635173188,0.0077156264405218,0.009007798055170211,-0.009417449447263398,-0.0038075361634335673,0.09764948982509672,-0.01675696640493394,0.02403885234227817,0.005573038419320683,-0.03216335367025,-0.019867091571260827,-0.068805794161805,0.0,-0.00317177651541166,0.002617903230206467,-4.809497807405514e-05,-0.001308984187184528,-0.028684520163077487,0.01672027239842734,-0.03276708834775166,-0.006534708425115419,-0.0037463394364052175,-0.0005496832247121718,0.0016454517244215564,0.0026443305881827268,0.0013834811586781641,-0.0009162074626732501,0.0012932057558005504,-0.006445706049417933,-0.00317177651541166,-0.002617903230206467,-0.0817581848905817,0.0,0.9997140922120001
0.5659999999999997,0.0015362821360359173,0.0,0.00043182711131673336,0.0023832062206639634,0.00046745269694608356,0.0028400909139730665,-0.0015251926158751797,-0.002304084256260618,0.0014078003248444448,-0.0003748420784432002,-0.0010194094191623498,-0.00013422139224570506,-0.0010123204996363869,0.0005711796675218942,-0.0004248592268085332,-0.0003574710836638419,-0.0008843757062705568,-0.0009760204042875492,0.00043182711131673336,-0.0023832062206639634,0.13656045968990008,0.0,0.28599549271466657,0.004391728895844499,0.013836869092428471,0.024105746990516867,0.023417987850701504,-0.007941939612281589,-0.0024350484651504837,-0.002024439038724251,0.008578554903614016,0.0019981897639920073,0.004230440505854779,-0.01160538707057343,-0.02863003708767734,-0.01664268707371716,0.00046745269694608356,-0.0028400909139730665,0.28599549271466657,-0.004391728895844499,0.4696076786851669,0.0,-0.012028107421633768,0.05251742297356669,0.012255867551224634,-0.013485993874044767,-0.008714068396391826,-0.007885906321961683,-0.010223529371177431,0.011797107455728734,0.007599160216791779,-0.008957606678451534,-0.032740715434668326,0.006658334617083652,-0.0015251926158751797,0.002304084256260618,0.013836869092428471,-0.024105746990516867,-0.012028107421633768,-0.05251742297356669,0.62480051755815,0.0,0.12537526082595335,0.02408149945220999,0.010358247459321583,0.002217980405089166,0.016953719786734656,0.007109443965793312,-0.009512740099723435,0.0035788268248011217,-0.0034376039288395834,0.000609778661589857,0.0014078003248444448,0.0003748420784432002,0.023417987850701504,0.007941939612281589,0.012255867551224634,0.013485993874044767,0.12537526082595335,-0.02408149945220999,0.11814052118762336,0.0,0.061166569283258324,0.005661910558325183,0.016093100513666643,-0.007042910438384964,0.09770271664631333,0.01667627670421754,0.001722368736569895,-0.002550477731870152,-0.0010194094191623498,0.00013422139224570506,-0.0024350484651504837,0.002024439038724251,-0.008714068396391826,0.007885906321961683,0.010358247459321583,-0.002217980405089166,0.061166569283258324,-0.005661910558325183,-0.16054138379641666,0.0,-0.08844139000985661,-0.0011362387470296067,0.024035483152292498,-0.005612294611653265,0.001356133690700167,0.0009099732982293648,-0.0010123204996363869,-0.0005711796675218942,0.008578554903614016,-0.0019981897639920073,-0.010223529371177431,-0.011797107455728734,0.016953719786734656,-0.007109443965793312,0.016093100513666643,0.007042910438384964,-0.08844139000985661,0.0011362387470296067,-0.03947013529259427,0.0,-0.032269863374361676,0.019811469717239332,0.001374632027676305,0.0065036524978469975,-0.0004248592268085332,0.0003574710836638419,0.004230440505854779,0.01160538707057343,0.007599160216791779,0.008957606678451534,-0.009512740099723435,-0.0035788268248011217,0.09770271664631333,-0.01667627670421754,0.024035483152292498,0.005612294611653265,-0.032269863374361676,-0.019811469717239332,-0.06891442053765835,0.0,-0.003126762365056434,0.002627619038832639,-0.0008843757062705568,0.0009760204042875492,-0.02863003708767734,0.01664268707371716,-0.032740715434668326,-0.006658334617083652,-0.0034376039288395834,-0.000609778661589857,0.001722368736569895,0.002550477731870152,0.001356133690700167,-0.0009099732982293648,0.001374632027676305,-0.0065036524978469975,-0.003126762365056434,-0.002627619038832639,-0.08200561097905835,0.0,0.9997139086508333
0.5670000000000001,0.001536098571610367,0.0,-0.002061031813728301,-0.0013241752889872665,-0.0023633099667242437,-0.0015414738159211334,0.0027472434191202337,0.00030030162894606667,-0.00071445771017105,0.0012892287608095116,0.0008478545831551533,-0.000585996307755484,0.0003207006899909833,-0.0010965669520935834,0.000594696597340653,-8.099427292421692e-05,0.0013246286941100117,7.878610161672316e-05,-0.002061031813728301,0.0013241752889872665,0.13686515825891668,0.0,0.28623678310273337,0.004721822430497683,0.013780604415812763,0.023905435154441594,0.023411275754395833,-0.008065328202768385,-0.0024866331656389798,-0.0020715267481279834,0.0084651463384072,0.001992111175556953,0.004176033068507756,-0.011668939144959348,-0.02856816803402884,-0.016560280520390998,-0.0023633099667242437,0.0015414738159211334,0.28623678310273337,-0.004721822430497683,0.4688313897527167,0.0,-0.012335027908448223,0.05258131514967501,0.012168798988359665,-0.013426731172533578,-0.008788197804542172,-0.007878015273711333,-0.010294891816182714,0.011796199898875532,0.007502763976724284,-0.008897685042078949,-0.03270714829198333,0.00675657565887445,0.0027472434191202337,-0.00030030162894606667,0.013780604415812763,-0.023905435154441594,-0.012335027908448223,-0.05258131514967501,0.6260004496000499,0.0,0.12550875648201665,0.02409862337034533,0.010353527951408151,0.0023466659378676676,0.016725686706817067,0.007098481223043113,-0.009624537608504603,0.0033438121072975825,-0.0031412716018220034,0.0007094929837566331,-0.00071445771017105,-0.0012892287608095116,0.023411275754395833,0.008065328202768385,0.012168798988359665,0.013426731172533578,0.12550875648201665,-0.02409862337034533,0.1180821683423833,0.0,0.061155023540988354,0.005672262228477154,0.015908765204571268,-0.0069445609188956,0.09775875772763333,0.016597193369158297,0.001808521142848866,-0.0024201680727061496,0.0008478545831551533,0.000585996307755484,-0.0024866331656389798,0.0020715267481279834,-0.008788197804542172,0.007878015273711333,0.010353527951408151,-0.0023466659378676676,0.061155023540988354,-0.005672262228477154,-0.16066941289048328,0.0,-0.08844362629477834,-0.0011367709700851336,0.024043936826877842,-0.00565100201397015,0.0013374558992415495,0.0009112613099055998,0.0003207006899909833,0.0010965669520935834,0.0084651463384072,-0.001992111175556953,-0.010294891816182714,-0.011796199898875532,0.016725686706817067,-0.007098481223043113,0.015908765204571268,0.0069445609188956,-0.08844362629477834,0.0011367709700851336,-0.03965851269118212,0.0,-0.03237873370806667,0.01976304154490233,0.001445846040822507,0.006562357248237383,0.000594696597340653,8.099427292421692e-05,0.004176033068507756,0.011668939144959348,0.007502763976724284,0.008897685042078949,-0.009624537608504603,-0.0033438121072975825,0.09775875772763333,-0.016597193369158297,0.024043936826877842,0.00565100201397015,-0.03237873370806667,-0.01976304154490233,-0.06902173043828,0.0,-0.0031049188263150445,0.0026630715672807366,0.0013246286941100117,-7.878610161672316e-05,-0.02856816803402884,0.016560280520390998,-0.03270714829198333,-0.00675657565887445,-0.0031412716018220034,-0.0007094929837566331,0.001808521142848866,0.0024201680727061496,0.0013374558992415495,-0.0009112613099055998,0.001445846040822507,-0.006562357248237383,-0.0031049188263150445,-0.0026630715672807366,-0.08225188342572834,0.0,0.9997137250800828
0.5680000000000004,0.001535915015162183,0.0,0.002418319407070916,-0.0005991720127517332,0.002716682133542067,-0.0006747465679860664,-0.00199555711702405,0.0019414073808815301,-0.0004149659140184166,-0.0014327997583000567,-0.00024033591709521316,0.0010064963085279982,0.0005178541927582167,0.0009965952045508718,-0.00036987469733036805,0.0005186396040900401,-0.0009918635713332784,0.0008810285578853068,0.002418319407070916,0.0005991720127517332,0.13717997024911663,0.0,0.2864834199240168,0.005012242199040584,0.01372877546575932,0.0237527548156555,0.023383596210981173,-0.008170163876180784,-0.0025423073165037166,-0.0021121394983827503,0.008327007849882282,0.001986674500543217,0.00413832454208,-0.01172473712221524,-0.028508462827125342,-0.0164906366569715,0.002716682133542067,0.0006747465679860664,0.2864834199240168,-0.005012242199040584,0.46804315132463337,0.0,-0.012539267145839564,0.0525587799267,0.012048641781262,-0.013399936979436014,-0.008882304137904898,-0.007906364396481482,-0.010350591206470302,0.01183342124608733,0.007415741052289781,-0.008839673121622515,-0.03265441483421166,0.006857954038860182,-0.00199555711702405,-0.0019414073808815301,0.01372877546575932,-0.0237527548156555,-0.012539267145839564,-0.0525587799267,0.6272006113425665,0.0,0.1256454493549833,0.024102136253909005,0.010341394628719905,0.0024786489483709997,0.016483457609725877,0.007016305505756566,-0.009732407856684918,0.00309585440379465,-0.002845012633790467,0.0008590716755617833,-0.0004149659140184166,0.0014327997583000567,0.023383596210981173,0.008170163876180784,0.012048641781262,0.013399936979436014,0.1256454493549833,-0.024102136253909005,0.1180226313908783,0.0,0.06116820766170665,0.005680345263460614,0.015713852403370646,-0.0068666370716709835,0.09782706785319664,0.01649415989755595,0.0018607276645648664,-0.0022983201461018,-0.00024033591709521316,-0.0010064963085279982,-0.0025423073165037166,0.0021121394983827503,-0.008882304137904898,0.007906364396481482,0.010341394628719905,-0.0024786489483709997,0.06116820766170665,-0.005680345263460614,-0.16079758214935,0.0,-0.08845710875232168,-0.0011592728046027202,0.0240507868438195,-0.0056925148734385,0.0013107615440166082,0.0008952204795105803,0.0005178541927582167,-0.0009965952045508718,0.008327007849882282,-0.001986674500543217,-0.010350591206470302,-0.01183342124608733,0.016483457609725877,-0.007016305505756566,0.015713852403370646,0.0068666370716709835,-0.08845710875232168,0.0011592728046027202,-0.039846793235484124,0.0,-0.032484361615511666,0.01972253697714616,0.0015352093111975214,0.006609595806150648,-0.00036987469733036805,-0.0005186396040900401,0.00413832454208,0.01172473712221524,0.007415741052289781,0.008839673121622515,-0.009732407856684918,-0.00309585440379465,0.09782706785319664,-0.01649415989755595,0.0240507868438195,0.0056925148734385,-0.032484361615511666,-0.01972253697714616,-0.06912717354510503,0.0,-0.0031019528626286723,0.002700361423594614,-0.0009918635713332784,-0.0008810285578853068,-0.028508462827125342,0.0164906366569715,-0.03265441483421166,-0.006857954038860182,-0.002845012633790467,-0.0008590716755617833,0.0018607276645648664,0.0022983201461018,0.0013107615440166082,-0.0008952204795105803,0.0015352093111975214,-0.006609595806150648,-0.0031019528626286723,-0.002700361423594614,-0.08249718887577666,0.0,0.9997135415173332
0.5689999999999995,0.0015357314718953336,0.0,-0.0012451472549119338,0.002191774381513445,-0.0013550063414288001,0.002456397139784518,-0.0002127343881956333,-0.0027769793767780074,0.0013211707296550497,0.0007277388490915732,-0.00048488843464143666,-0.0009116101085569819,-0.0010448253308035832,-0.00035418216928712596,-0.00013408010052226704,-0.0006500730368080631,8.086461335343312e-05,-0.0013142363086506377,-0.0012451472549119338,-0.002191774381513445,0.13750486285921668,0.0,0.2866999097983499,0.005336724444196151,0.013697529704188248,0.023678742909764332,0.023336098163099502,-0.00824337174510717,-0.0025840759770828646,-0.0021836957105818003,0.008146665462805973,0.0019762790992173666,0.004106473471128689,-0.01176108138319163,-0.028459174398899667,-0.016414297249141504,-0.0013550063414288001,-0.002456397139784518,0.2866999097983499,-0.005336724444196151,0.46724335904611664,0.0,-0.012683129232724499,0.052547849666072996,0.011914194566159272,-0.013318478149164663,-0.008966751029994566,-0.007925280521668717,-0.010401050861734365,0.011887371803416895,0.007327649762476618,-0.0088040997822933,-0.03261531505781833,0.006991393047432095,-0.0002127343881956333,0.0027769793767780074,0.013697529704188248,-0.023678742909764332,-0.012683129232724499,-0.052547849666072996,0.6284003107468165,0.0,0.12575234418346665,0.02409751433686134,0.01030599593470587,0.002593296501871728,0.016286966909781316,0.006921484939176786,-0.009793507875707985,0.002827572708799083,-0.002565644708684916,0.0010540035105041665,0.0013211707296550497,-0.0007277388490915732,0.023336098163099502,0.00824337174510717,0.011914194566159272,0.013318478149164663,0.12575234418346665,-0.02409751433686134,0.1179614858876583,0.0,0.06117767399539501,0.005694599565182219,0.015508388012733798,-0.006825781943070752,0.09789672807705997,0.01638308408363383,0.0018698726548681066,-0.0022176698940814285,-0.00048488843464143666,0.0009116101085569819,-0.0025840759770828646,0.0021836957105818003,-0.008966751029994566,0.007925280521668717,0.01030599593470587,-0.002593296501871728,0.06117767399539501,-0.005694599565182219,-0.16092508229700003,0.0,-0.08847574759746002,-0.0012059546546727934,0.024049257543488165,-0.0057284513367384885,0.0012693739789128371,0.0008484715706801001,-0.0010448253308035832,0.00035418216928712596,0.008146665462805973,-0.0019762790992173666,-0.010401050861734365,-0.011887371803416895,0.016286966909781316,-0.006921484939176786,0.015508388012733798,0.006825781943070752,-0.08847574759746002,0.0012059546546727934,-0.04003544300484217,0.0,-0.03260761902197,0.019681259125143843,0.0016396413031799747,0.006665710807606545,-0.00013408010052226704,0.0006500730368080631,0.004106473471128689,0.01176108138319163,0.007327649762476618,0.0088040997822933,-0.009793507875707985,-0.002827572708799083,0.09789672807705997,-0.01638308408363383,0.024049257543488165,0.0057284513367384885,-0.03260761902197,-0.019681259125143843,-0.06923040809609333,0.0,-0.0030880861776728863,0.0027111721772645836,8.086461335343312e-05,0.0013142363086506377,-0.028459174398899667,0.016414297249141504,-0.03261531505781833,-0.006991393047432095,-0.002565644708684916,-0.0010540035105041665,0.0018698726548681066,0.0022176698940814285,0.0012693739789128371,-0.0008484715706801001,0.0016396413031799747,-0.006665710807606545,-0.0030880861776728863,-0.0027111721772645836,-0.08274145864723334,0.0,0.9997133579663168
0.5700000000000002,0.0015355479309820993,0.0,-0.0007394768874163832,-0.0024082232854720363,-0.0009070598017727404,-0.002653544076868072,0.002238156000409316,0.0016050561907827332,-0.0014590958651321804,0.0004437655843494701,0.00095779495092937,0.00036415388929921834,0.0009717691872842617,-0.00047029483831028307,0.0006038802784727432,0.00035666018135540483,0.0008489457451668589,0.0010012180837907167,-0.0007394768874163832,0.0024082232854720363,0.1378416348107333,0.0,0.28694040629561673,0.0057158160061236175,0.013621431586262578,0.02361712235860458,0.023294317050697833,-0.008302059214255102,-0.002593785359435684,-0.0022904942148959774,0.007948355582468302,0.0019617173461461165,0.004088441582259347,-0.011798533961841797,-0.0284165179476275,-0.016318413282577836,-0.0009070598017727404,0.002653544076868072,0.28694040629561673,-0.0057158160061236175,0.46642912717413343,0.0,-0.012860975417415535,0.05263037491289202,0.011828583360904634,-0.013170879412093498,-0.009026951662759965,-0.00792575113529335,-0.010469104102847149,0.011911963536341198,0.007258368642842326,-0.008786361711156125,-0.032604896736921664,0.007133696365378977,0.002238156000409316,-0.0016050561907827332,0.013621431586262578,-0.02361712235860458,-0.012860975417415535,-0.05263037491289202,0.6296001244731998,0.0,0.1258489061001333,0.024073871311026507,0.010263483339264152,0.002683291813667067,0.016125340067343213,0.006857576158759237,-0.0098138731666165,0.0025476501237430994,-0.002321378297350117,0.0012759579694595,-0.0014590958651321804,-0.0004437655843494701,0.023294317050697833,0.008302059214255102,0.011828583360904634,0.013170879412093498,0.1258489061001333,-0.024073871311026507,0.11789903695093497,0.0,0.06116278991988001,0.005697291959933566,0.015313444859186212,-0.006834138853109166,0.09796516894838164,0.01629205176639894,0.0018765219165900167,-0.0021455058216853997,0.00095779495092937,-0.00036415388929921834,-0.002593785359435684,0.0022904942148959774,-0.009026951662759965,0.00792575113529335,0.010263483339264152,-0.002683291813667067,0.06116278991988001,-0.005697291959933566,-0.16105156422238334,0.0,-0.08849932952824331,-0.001245268885619198,0.024052739968819837,-0.005749837570591717,0.0012269337106067236,0.0007915521914045518,0.0009717691872842617,0.00047029483831028307,0.007948355582468302,-0.0019617173461461165,-0.010469104102847149,-0.011911963536341198,0.016125340067343213,-0.006857576158759237,0.015313444859186212,0.006834138853109166,-0.08849932952824331,0.001245268885619198,-0.040224463295957504,0.0,-0.03276371198776,0.019639392472868666,0.001726185226137521,0.006752542895053401,0.0006038802784727432,-0.00035666018135540483,0.004088441582259347,0.011798533961841797,0.007258368642842326,0.008786361711156125,-0.0098138731666165,-0.0025476501237430994,0.09796516894838164,-0.01629205176639894,0.024052739968819837,0.005749837570591717,-0.03276371198776,-0.019639392472868666,-0.06933190728473165,0.0,-0.003059419960204064,0.0027037366610129,0.0008489457451668589,-0.0010012180837907167,-0.0284165179476275,0.016318413282577836,-0.032604896736921664,-0.007133696365378977,-0.002321378297350117,-0.0012759579694595,0.0018765219165900167,0.0021455058216853997,0.0012269337106067236,-0.0007915521914045518,0.001726185226137521,-0.006752542895053401,-0.003059419960204064,-0.0027037366610129,-0.082984362118065,0.0,0.9997131744192498
0.5710000000000004,0.0015353643810944336,0.0,0.0022481036320666343,0.0011047678253266668,0.0025610426563239,0.0010955857566826899,-0.0026302087656684494,0.0006832750800057336,0.0007012492441084998,-0.0013725435026324753,-0.0009543810612034497,0.00035780460126504495,-0.00034884733182270495,0.0009862388200721332,-0.0007185674285610834,0.00021071400448481308,-0.0013120917578444335,-0.00014961668241968338,0.0022481036320666343,-0.0011047678253266668,0.13819124160225005,0.0,0.28721814323073325,0.006092967680152685,0.013454271883475219,0.023528215857396225,0.0232689928963278,-0.0083613560624548,-0.0025865686319771256,-0.0023982925722218036,0.007768354595324998,0.0019540227456576833,0.004100581721323483,-0.011854173207305013,-0.02836441093345184,-0.01621588519596617,0.0025610426563239,-0.0010955857566826899,0.28721814323073325,-0.006092967680152685,0.4655986162149834,0.0,-0.01307184991008407,0.05273903257120966,0.011792488911632669,-0.013038110772366886,-0.009082393892852406,-0.007950406362181117,-0.010557407531917029,0.011906145238172018,0.007220268802954372,-0.008754534110001601,-0.03257711259590833,0.007252520965203501,-0.0026302087656684494,-0.0006832750800057336,0.013454271883475219,-0.023528215857396225,-0.01307184991008407,-0.05273903257120966,0.6308004324720833,0.0,0.12596280564268328,0.024032777597930165,0.010233775575167267,0.002757196178388884,0.01594679189229223,0.006771502225752184,-0.009829877508321485,0.002265499335281032,-0.0021070690900683,0.0015185112347167998,0.0007012492441084998,0.0013725435026324753,0.0232689928963278,0.0083613560624548,0.011792488911632669,0.013038110772366886,0.12596280564268328,-0.024032777597930165,0.11783541021062835,0.0,0.06113233142315832,0.005671050770695339,0.015136725710664347,-0.006881021403664232,0.09802992283963165,0.0162069278461545,0.0019046292778739154,-0.0020344317414085714,-0.0009543810612034497,-0.00035780460126504495,-0.0025865686319771256,0.0023982925722218036,-0.009082393892852406,0.007950406362181117,0.010233775575167267,-0.002757196178388884,0.06113233142315832,-0.005671050770695339,-0.16117716263783335,0.0,-0.08851921819483664,-0.0012598055459717816,0.024066565062437997,-0.005758965612698732,0.0011928477042458935,0.0007463635527319499,-0.00034884733182270495,-0.0009862388200721332,0.007768354595324998,-0.0019540227456576833,-0.010557407531917029,-0.011906145238172018,0.01594679189229223,-0.006771502225752184,0.015136725710664347,0.006881021403664232,-0.08851921819483664,0.0012598055459717816,-0.04041300690309284,0.0,-0.03292053819770666,0.019600282808042494,0.0017839559985902665,0.006858849794371649,-0.0007185674285610834,-0.00021071400448481308,0.004100581721323483,0.011854173207305013,0.007220268802954372,0.008754534110001601,-0.009829877508321485,-0.002265499335281032,0.09802992283963165,-0.0162069278461545,0.024066565062437997,0.005758965612698732,-0.03292053819770666,-0.019600282808042494,-0.06943210569077501,0.0,-0.0030449534231322003,0.0027065921080982503,-0.0013120917578444335,0.00014961668241968338,-0.02836441093345184,0.01621588519596617,-0.03257711259590833,-0.007252520965203501,-0.0021070690900683,-0.0015185112347167998,0.0019046292778739154,0.0020344317414085714,0.0011928477042458935,-0.0007463635527319499,0.0017839559985902665,-0.006858849794371649,-0.0030449534231322003,-0.0027065921080982503,-0.08322579878721835,0.0,0.9997129908620669
0.5719999999999996,0.0015351808348631165,0.0,-0.0023465268125097668,0.0008686777957519002,-0.002524950308677405,0.001147458628271884,0.0011407213362248502,-0.002439433065868766,0.0004864155097844666,0.0014743497907400164,0.0004739379866406167,-0.0009010750528641501,-0.00041189233501576656,-0.0009137903210150433,0.00036976215529552366,-0.0006858725820624,0.0010567111214332566,-0.0008032082733724286,-0.0023465268125097668,-0.0008686777957519002,0.13855261441095004,0.0,0.2875035498009833,0.006424241339093767,0.013254711662942389,0.02346804135278387,0.023253407441440187,-0.008411497020688276,-0.00258781842788659,-0.002490748925792154,0.007611588237683317,0.001959456477545174,0.004135621982302636,-0.011916084557314622,-0.028308873495437488,-0.01612725614773866,-0.002524950308677405,-0.001147458628271884,0.2875035498009833,-0.006424241339093767,0.46475349287411655,0.0,-0.013228917702599164,0.05277984699714247,0.011741256215574997,-0.01295965618080477,-0.009145662165852617,-0.008017104177274866,-0.010653445070236498,0.011913978072727233,0.0071867830363268985,-0.00869762520511938,-0.03249923453793333,0.007366251959402052,0.0011407213362248502,0.002439433065868766,0.013254711662942389,-0.02346804135278387,-0.013228917702599164,-0.05277984699714247,0.6320004584488,0.0,0.12609254485418334,0.0239942336571205,0.010215737641713515,0.0028136529544152173,0.01576365250126702,0.006597902031059084,-0.0098430334296529,0.0019913614585705497,-0.0019083856945610834,0.0017865419350994146,0.0004864155097844666,-0.0014743497907400164,0.023253407441440187,0.008411497020688276,0.011741256215574997,0.01295965618080477,0.12609254485418334,-0.0239942336571205,0.11776953690733664,0.0,0.06110457250495,0.005627268745499288,0.014965254037529603,-0.006942624319606085,0.098098194532035,0.016091767768357385,0.0019314483920161842,-0.0018971709110469671,0.0004739379866406167,0.0009010750528641501,-0.00258781842788659,0.002490748925792154,-0.009145662165852617,0.008017104177274866,0.010215737641713515,-0.0028136529544152173,0.06110457250495,-0.005627268745499288,-0.16130178636866666,0.0,-0.08854031444495335,-0.0012711020585866302,0.02407611859126566,-0.005764718309144301,0.0011570266515992897,0.0007024730305832334,-0.00041189233501576656,0.0009137903210150433,0.007611588237683317,-0.001959456477545174,-0.010653445070236498,-0.011913978072727233,0.01576365250126702,-0.006597902031059084,0.014965254037529603,0.006942624319606085,-0.08854031444495335,0.0012711020585866302,-0.04060022771434667,0.0,-0.033043627211123326,0.019565894634489003,0.0018394279602162663,0.006961717727262383,0.00036976215529552366,0.0006858725820624,0.004135621982302636,0.011916084557314622,0.0071867830363268985,0.00869762520511938,-0.0098430334296529,-0.0019913614585705497,0.098098194532035,-0.016091767768357385,0.02407611859126566,0.005764718309144301,-0.033043627211123326,-0.019565894634489003,-0.06953048332551331,0.0,-0.003057130801349117,0.0027240658463089495,0.0010567111214332566,0.0008032082733724286,-0.028308873495437488,0.01612725614773866,-0.03249923453793333,-0.007366251959402052,-0.0019083856945610834,-0.0017865419350994146,0.0019314483920161842,0.0018971709110469671,0.0011570266515992897,-0.0007024730305832334,0.0018394279602162663,-0.006961717727262383,-0.003057130801349117,-0.0027240658463089495,-0.08346597875832165,0.0,0.9997128073094497
0.5730000000000003,0.0015349972994406665,0.0,0.0010004749755822663,-0.002300427805445384,0.0008689738596279503,-0.0026424255564097164,0.0011207531866574832,0.0024073867569752434,-0.0013872212928650496,-0.0006993678169348129,0.00024463336698606666,0.0009848748010035492,0.0008807107163314033,0.0003727824560866141,0.00022192309962413317,0.0007508984734481843,-0.0001911672533163832,0.0013071377692130616,0.0010004749755822663,0.002300427805445384,0.13892449881785002,0.0,0.2877661783750501,0.00673345230925248,0.01309491672988383,0.02348044224801349,0.02324066559542449,-0.008437529960224732,-0.002595664343101683,-0.0025927876881244338,0.007460332607733052,0.0019705147403454156,0.004160302352836183,-0.011964206541708912,-0.028279634095416676,-0.016045311062581495,0.0008689738596279503,0.0026424255564097164,0.2877661783750501,-0.00673345230925248,0.46389574066174993,0.0,-0.013312209277719932,0.05280232608676286,0.011647904623140833,-0.012871325034777333,-0.0092037737841112,-0.008083605177776327,-0.010750005117351623,0.011949743562000516,0.007122821609614168,-0.00863907285635562,-0.032406175538585,0.007509797529828267,0.0011207531866574832,-0.0024073867569752434,0.01309491672988383,-0.02348044224801349,-0.013312209277719932,-0.05280232608676286,0.6331994416959666,0.0,0.1262054400523,0.023955562885962838,0.010200636568848061,0.002842425439237366,0.015625449188442466,0.006369828688879103,-0.009817179594525199,0.0017377748963591897,-0.0017282237391157166,0.0020758172849576328,-0.0013872212928650496,0.0006993678169348129,0.02324066559542449,0.008437529960224732,0.011647904623140833,0.012871325034777333,0.1262054400523,-0.023955562885962838,0.11770021302722332,0.0,0.06107178751641,0.005591653788194696,0.014792084504532012,-0.007007024864882181,0.09817561710425168,0.01594771506337242,0.0019302165845894333,-0.0017799216423398,0.00024463336698606666,-0.0009848748010035492,-0.002595664343101683,0.0025927876881244338,-0.0092037737841112,0.008083605177776327,0.010200636568848061,-0.002842425439237366,0.06107178751641,-0.005591653788194696,-0.16142493495156668,0.0,-0.08857595348543003,-0.0013032984284315732,0.024066411507625833,-0.005767300493307653,0.001105317382062465,0.0006389513330662587,0.0008807107163314033,-0.0003727824560866141,0.007460332607733052,-0.0019705147403454156,-0.010750005117351623,-0.011949743562000516,0.015625449188442466,-0.006369828688879103,0.014792084504532012,0.007007024864882181,-0.08857595348543003,0.0013032984284315732,-0.0407861682962065,0.0,-0.033138995090075,0.019533676180813492,0.0019083225312419836,0.007061080030897533,0.00022192309962413317,-0.0007508984734481843,0.004160302352836183,0.011964206541708912,0.007122821609614168,0.00863907285635562,-0.009817179594525199,-0.0017377748963591897,0.09817561710425168,-0.01594771506337242,0.024066411507625833,0.005767300493307653,-0.033138995090075,-0.019533676180813492,-0.06962610571796332,0.0,-0.0030682677242643494,0.0027337612022409,-0.0001911672533163832,-0.0013071377692130616,-0.028279634095416676,0.016045311062581495,-0.032406175538585,-0.007509797529828267,-0.0017282237391157166,-0.0020758172849576328,0.0019302165845894333,0.0017799216423398,0.001105317382062465,-0.0006389513330662587,0.0019083225312419836,-0.007061080030897533,-0.0030682677242643494,-0.0027337612022409,-0.08370505876960495,0.0,0.9997126237663498
0.5740000000000005,0.0015348137675514329,0.0,0.0009723613280650502,0.0023159607903254975,0.0013707277022961676,0.0024276993077526,-0.002488190502010008,-0.0006891188326278666,0.0014579747842011499,-0.00050909583451973,-0.0008270874519893698,-0.0005721211625562468,-0.0008597550059172833,0.00031242080809601675,-0.0006933508821053504,-0.00036941716413649197,-0.0007655954989674314,-0.0010584288171344666,0.0009723613280650502,-0.0023159607903254975,0.13930649352261662,0.0,0.28801242384748343,0.007033847842936482,0.012932968499006433,0.02351638800116433,0.023230477156245,-0.008447270064075833,-0.0025914831208197664,-0.002725539761030034,0.007310920118923407,0.0019775917103632165,0.004149936699882366,-0.012007238620425546,-0.02829245050333133,-0.015940678459155495,0.0013707277022961676,-0.0024276993077526,0.28801242384748343,-0.007033847842936482,0.46302496376956676,0.0,-0.013406110328502273,0.05291968511591452,0.011565977905946682,-0.012711121550251999,-0.009239366370858966,-0.008116980214609798,-0.010852228025299502,0.011968576817314974,0.007032997699495502,-0.008595720271418436,-0.03234599854182666,0.0076732405904960015,-0.002488190502010008,0.0006891188326278666,0.012932968499006433,-0.02351638800116433,-0.013406110328502273,-0.05291968511591452,0.6343975515905169,0.0,0.12629300403671667,0.02389093133725235,0.010191235670126975,0.002850559930030964,0.015522430005275579,0.006160480317828583,-0.00973318652053232,0.0015129374741659335,-0.0015791021315363335,0.0023592911807687913,0.0014579747842011499,0.00050909583451973,0.023230477156245,0.008447270064075833,0.011565977905946682,0.012711121550251999,0.12629300403671667,-0.02389093133725235,0.11762777675416837,0.0,0.061011450450663356,0.005564464571248807,0.014630042670228997,-0.007077328061312667,0.09825679575177002,0.015811511444329174,0.0019060879534457884,-0.0016832368457158347,-0.0008270874519893698,0.0005721211625562468,-0.0025914831208197664,0.002725539761030034,-0.009239366370858966,0.008116980214609798,0.010191235670126975,-0.002850559930030964,0.061011450450663356,-0.005564464571248807,-0.16154624415209998,0.0,-0.08862376406908498,-0.0013442505997449015,0.024043967373475993,-0.005757102938057743,0.001041381057236562,0.0005641138837801818,-0.0008597550059172833,-0.00031242080809601675,0.007310920118923407,-0.0019775917103632165,-0.010852228025299502,-0.011968576817314974,0.015522430005275579,-0.006160480317828583,0.014630042670228997,0.007077328061312667,-0.08862376406908498,0.0013442505997449015,-0.040971316989397016,0.0,-0.033234158289828335,0.019499848771363005,0.001965195233160253,0.007168766409707034,-0.0006933508821053504,0.00036941716413649197,0.004149936699882366,0.012007238620425546,0.007032997699495502,0.008595720271418436,-0.00973318652053232,-0.0015129374741659335,0.09825679575177002,-0.015811511444329174,0.024043967373475993,0.005757102938057743,-0.033234158289828335,-0.019499848771363005,-0.06971880627033501,0.0,-0.003054868310507763,0.002727502448132175,-0.0007655954989674314,0.0010584288171344666,-0.02829245050333133,0.015940678459155495,-0.03234599854182666,-0.0076732405904960015,-0.0015791021315363335,-0.0023592911807687913,0.0019060879534457884,0.0016832368457158347,0.001041381057236562,-0.0005641138837801818,0.001965195233160253,-0.007168766409707034,-0.003054868310507763,-0.002727502448132175,-0.08394279176426499,0.0,0.9997124402280169
0.5749999999999997,0.0015346302202315005,0.0,-0.0023545859178600503,-0.0008878101934828501,-0.0027032319395597004,-0.0006060930775864168,0.00207005291192995,-0.0013996862093677332,-0.0006069390323449835,0.0014061000838354331,0.000991107798436967,-0.0001162824364443835,0.0003903131715722832,-0.0007833664038599484,0.00077196866033745,-0.00024742532935448326,0.0012717367681654996,0.00023675452923686661,-0.0023545859178600503,0.0008878101934828501,0.1396969460362,0.0,0.28829950745925,0.007263599888071117,0.012685634404135563,0.023520402138285663,0.023223841839825,-0.008462859248498883,-0.00257910970865105,-0.002865395799645983,0.007179874821694133,0.001980516364946933,0.004114995894070993,-0.012070283251272526,-0.028329524094662325,-0.015802522489649827,-0.0027032319395597004,0.0006060930775864168,0.28829950745925,-0.007263599888071117,0.46214118228045,0.0,-0.013562996993058508,0.053124194803574,0.011531648487179252,-0.012524043473775585,-0.009253569556859532,-0.00815063869737413,-0.0109601189414246,0.011931894428631797,0.006946336625937948,-0.008554956647597034,-0.03231016124398716,0.007828010511080584,0.00207005291192995,0.0013996862093677332,0.012685634404135563,-0.023520402138285663,-0.013562996993058508,-0.053124194803574,0.6355953334294001,0.0,0.1263979553713167,0.02379303197768513,0.010195675868300965,0.0028651499117700943,0.015411915076257847,0.005956958548983292,-0.00961618899241104,0.0013135110275044838,-0.0014620756010950834,0.0026142356085846682,-0.0006069390323449835,-0.0014061000838354331,0.023223841839825,0.008462859248498883,0.011531648487179252,0.012524043473775585,0.1263979553713167,-0.02379303197768513,0.11755349257737838,0.0,0.060932005422070015,0.00552818026064155,0.01449179617366119,-0.00715829859579835,0.09834903164657668,0.015695912017979166,0.0018726954262151666,-0.0015660282426171695,0.000991107798436967,0.0001162824364443835,-0.00257910970865105,0.002865395799645983,-0.009253569556859532,0.00815063869737413,0.010195675868300965,-0.0028651499117700943,0.060932005422070015,-0.00552818026064155,-0.1616658944896667,0.0,-0.08867235253856,-0.0013687081099960248,0.024029348077896504,-0.005734007788277536,0.0009803723722509314,0.0005077554243342501,0.0003903131715722832,0.0007833664038599484,0.007179874821694133,-0.001980516364946933,-0.0109601189414246,-0.011931894428631797,0.015411915076257847,-0.005956958548983292,0.01449179617366119,0.00715829859579835,-0.08867235253856,0.0013687081099960248,-0.04115564331653952,0.0,-0.033336327830719985,0.019467149402504335,0.0019856591006065325,0.00727703857415218,0.00077196866033745,0.00024742532935448326,0.004114995894070993,0.012070283251272526,0.006946336625937948,0.008554956647597034,-0.00961618899241104,-0.0013135110275044838,0.09834903164657668,-0.015695912017979166,0.024029348077896504,0.005734007788277536,-0.033336327830719985,-0.019467149402504335,-0.06980906071435836,0.0,-0.0030416383726851338,0.002725026431463667,0.0012717367681654996,-0.00023675452923686661,-0.028329524094662325,0.015802522489649827,-0.03231016124398716,-0.007828010511080584,-0.0014620756010950834,-0.0026142356085846682,0.0018726954262151666,0.0015660282426171695,0.0009803723722509314,-0.0005077554243342501,0.0019856591006065325,-0.00727703857415218,-0.0030416383726851338,-0.002725026431463667,-0.08417872934909663,0.0,0.9997122566744334
0.5760000000000003,0.001534446658753534,0.0,0.002281768645076918,-0.0011036147647952267,0.0022490089975448833,-0.0015694674393243483,-0.000260312681304767,0.00243669271344178,-0.0006277611207144766,-0.0013873194923084,-0.0006605865730135166,0.0007495927000367338,0.00024404891710068323,0.0007989460686341,-0.00038700409390720995,0.0007538578837553332,-0.0010736763057668584,0.0007053955404944266,0.002281768645076918,0.0011036147647952267,0.14009138398511667,0.0,0.2885944910696502,0.007359003154242947,0.012378917628794717,0.02350748146145283,0.0232103150743065,-0.008492819077039936,-0.002580255408401516,-0.002980734660551932,0.007069882527137432,0.0019830188368166503,0.004078146221277417,-0.012150826948950184,-0.02836103600506299,-0.015644951452366555,0.0022490089975448833,0.0015694674393243483,0.2885944910696502,-0.007359003154242947,0.4612484341321666,0.0,-0.01371279816426395,0.053275699067139325,0.011494008225646881,-0.012379834047402201,-0.009257208286835841,-0.008220668651558686,-0.0110616156322618,0.011862014971396915,0.006862012787842199,-0.008498722454219726,-0.03225593932927451,0.00798366587375443,-0.000260312681304767,-0.00243669271344178,0.012378917628794717,-0.02350748146145283,-0.01371279816426395,-0.053275699067139325,0.6367922411954168,0.0,0.12653314965761664,0.0236780740168349,0.010204100383836652,0.0029004031463573674,0.015310782592308317,0.005688826794718955,-0.009490720486878535,0.0011269949717764834,-0.0013643457668125836,0.002855599538975566,-0.0006277611207144766,0.0013873194923084,0.0232103150743065,0.008492819077039936,0.011494008225646881,0.012379834047402201,0.12653314965761664,-0.0236780740168349,0.11747774530973001,0.0,0.06085397835736333,0.005479300328708784,0.01436068729316482,-0.007246301010170444,0.09844659803557665,0.015569933970053499,0.0018273388330663164,-0.00142793578209425,-0.0006605865730135166,-0.0007495927000367338,-0.002580255408401516,0.002980734660551932,-0.009257208286835841,0.008220668651558686,0.010204100383836652,-0.0029004031463573674,0.06085397835736333,-0.005479300328708784,-0.16178413858501675,0.0,-0.08870152334316833,-0.0013846721584825034,0.024026681369998668,-0.005706722683794718,0.0009249597835988146,0.00047562038219746834,0.00024404891710068323,-0.0007989460686341,0.007069882527137432,-0.0019830188368166503,-0.0110616156322618,-0.011862014971396915,0.015310782592308317,-0.005688826794718955,0.01436068729316482,0.007246301010170444,-0.08870152334316833,0.0013846721584825034,-0.04133869088364066,0.0,-0.03342429111257,0.01944001698933583,0.0019870759153744286,0.00736805068926125,-0.00038700409390720995,-0.0007538578837553332,0.004078146221277417,0.012150826948950184,0.006862012787842199,0.008498722454219726,-0.009490720486878535,-0.0011269949717764834,0.09844659803557665,-0.015569933970053499,0.024026681369998668,0.005706722683794718,-0.03342429111257,-0.01944001698933583,-0.06989684861998001,0.0,-0.0030647672096187992,0.0027353700465558065,-0.0010736763057668584,-0.0007053955404944266,-0.02836103600506299,0.015644951452366555,-0.03225593932927451,-0.00798366587375443,-0.0013643457668125836,-0.002855599538975566,0.0018273388330663164,0.00142793578209425,0.0009249597835988146,-0.00047562038219746834,0.0019870759153744286,-0.00736805068926125,-0.0030647672096187992,-0.0027353700465558065,-0.08441250008664,0.0,0.9997120731057002
0.576999999999999,0.001534263098851417,0.0,-0.000797899939135142,0.002430889833018116,-0.00038675656497628335,0.0027021874988723497,-0.0016803817363055331,-0.001759253410108933,0.0014400540355824002,0.0004830749480616333,-2.011895496572168e-05,-0.0010078315974337828,-0.0006887462713914432,-0.0004012152340877166,-0.0002566197919234835,-0.0008336825912564179,0.0002616636856046268,-0.0012481067456840335,-0.000797899939135142,-0.002430889833018116,0.14048471187095,0.0,0.28886148793773336,0.007345232548002389,0.012118846726047967,0.02352867620681,0.023180062226780998,-0.008529605170996317,-0.0025975092481535424,-0.0030804417274385315,0.006963583597540567,0.0019835859921630574,0.00404064129249425,-0.01222629616870732,-0.02839409417970367,-0.015483125860287083,-0.00038675656497628335,-0.0027021874988723497,0.28886148793773336,-0.007345232548002389,0.46035275474225007,0.0,-0.013767277282075134,0.0533141212390705,0.011402562436165319,-0.012248185721975884,-0.009255169152709795,-0.008302005275333084,-0.01115347322977947,0.011805618764866299,0.006761693393169882,-0.008443116019473952,-0.032195715294553326,0.008170941507119157,-0.0016803817363055331,0.001759253410108933,0.012118846726047967,-0.02352867620681,-0.013767277282075134,-0.0533141212390705,0.6379867069406001,0.0,0.12668625057365002,0.02355605632402935,0.010196623490039351,0.0029363005351007677,0.015283850122209893,0.005367980566960851,-0.009347898737529283,0.0009471761941243999,-0.001285063681156867,0.003115851888331583,0.0014400540355824002,-0.0004830749480616333,0.023180062226780998,0.008529605170996317,0.011402562436165319,0.012248185721975884,0.12668625057365002,-0.02355605632402935,0.117399924651655,0.0,0.06079294240606666,0.00543456869412005,0.014222395494126168,-0.007345102434770651,0.0985572575345333,0.01541720593932667,0.0017702375577933504,-0.00132402775259638,-2.011895496572168e-05,0.0010078315974337828,-0.0025975092481535424,0.0030804417274385315,-0.009255169152709795,0.008302005275333084,0.010196623490039351,-0.0029363005351007677,0.06079294240606666,-0.00543456869412005,-0.16190056817001666,0.0,-0.0887290560729367,-0.0014255019932781535,0.024033195193700167,-0.005678477511417629,0.0008665228918460501,0.000441851875372235,-0.0006887462713914432,0.0004012152340877166,0.006963583597540567,-0.0019835859921630574,-0.01115347322977947,-0.011805618764866299,0.015283850122209893,-0.005367980566960851,0.014222395494126168,0.007345102434770651,-0.0887290560729367,0.0014255019932781535,-0.04152064915813916,0.0,-0.033501229430873324,0.019426243230100997,0.002003428498228207,0.007443906242369216,-0.0002566197919234835,0.0008336825912564179,0.00404064129249425,0.01222629616870732,0.006761693393169882,0.008443116019473952,-0.009347898737529283,-0.0009471761941243999,0.0985572575345333,-0.01541720593932667,0.024033195193700167,0.005678477511417629,-0.033501229430873324,-0.019426243230100997,-0.06998141545913503,0.0,-0.003108173459208468,0.0027394078245491994,0.0002616636856046268,0.0012481067456840335,-0.02839409417970367,0.015483125860287083,-0.032195715294553326,-0.008170941507119157,-0.001285063681156867,-0.003115851888331583,0.0017702375577933504,0.00132402775259638,0.0008665228918460501,-0.000441851875372235,0.002003428498228207,-0.007443906242369216,-0.003108173459208468,-0.0027394078245491994,-0.08464383897792002,0.0,0.9997118895391165
0.5779999999999998,0.0015340795436421333,0.0,-0.0011904688188364085,-0.0022751342272904493,-0.0017060404098851322,-0.0021256772434652686,0.0023992157393959994,-0.00013169858613073837,-0.0013355417950066,0.0007266702977616331,0.0007053933400401184,0.0007351022361834686,0.0007403543075944089,-0.00016475644888136362,0.0007804941789198267,0.0004207977731520369,0.0006932427279146502,0.001056903607435683,-0.0011904688188364085,0.0022751342272904493,0.14087403904011667,0.0,0.2890600848592,0.007287982674910335,0.01191957471577995,0.023584548222038832,0.02312377819122902,-0.008563230442140517,-0.0026082854809920644,-0.003190332294079877,0.0068484888802498025,0.0019783419450363,0.003986246567835951,-0.012290946451541383,-0.0284530942977305,-0.015308794729480362,-0.0017060404098851322,0.0021256772434652686,0.2890600848592,-0.007287982674910335,0.45945753575934994,0.0,-0.013742210289756017,0.053325757688124836,0.01129934990501515,-0.012048147250076887,-0.009239800594007946,-0.008347430648034471,-0.011244497886319049,0.011760372431339287,0.006654267304184951,-0.008416399315628466,-0.03217433043584349,0.008376956212346206,0.0023992157393959994,0.00013169858613073837,0.01191957471577995,-0.023584548222038832,-0.013742210289756017,-0.053325757688124836,0.6391774941265165,0.0,0.1268232060958667,0.0234062020758266,0.0101692509406405,0.0029493077208428164,0.015331582168029505,0.005086384574065749,-0.009168924449490282,0.0007743507367268682,-0.0012398771926793,0.0033975889366454656,-0.0013355417950066,-0.0007266702977616331,0.02312377819122902,0.008563230442140517,0.01129934990501515,0.012048147250076887,0.1268232060958667,-0.0234062020758266,0.11732017116296499,0.0,0.06073344439906333,0.005396425154970314,0.014090100521224669,-0.00746946421111049,0.09866918873666498,0.015269386843738965,0.001717602926723267,-0.0012814596943195998,0.0007053933400401184,-0.0007351022361834686,-0.0026082854809920644,0.003190332294079877,-0.009239800594007946,0.008347430648034471,0.0101692509406405,-0.0029493077208428164,0.06073344439906333,-0.005396425154970314,-0.16201426846903336,0.0,-0.08876407584519166,-0.0014946680764268835,0.024048458893861663,-0.00563877528188028,0.0008056544017939499,0.000392691614181495,0.0007403543075944089,0.00016475644888136362,0.0068484888802498025,-0.0019783419450363,-0.011244497886319049,-0.011760372431339287,0.015331582168029505,-0.005086384574065749,0.014090100521224669,0.00746946421111049,-0.08876407584519166,0.0014946680764268835,-0.0417025183948823,0.0,-0.03359430438553,0.019423150197944165,0.0020296172826199436,0.00751847651129595,0.0007804941789198267,-0.0004207977731520369,0.003986246567835951,0.012290946451541383,0.006654267304184951,0.008416399315628466,-0.009168924449490282,-0.0007743507367268682,0.09866918873666498,-0.015269386843738965,0.024048458893861663,0.00563877528188028,-0.03359430438553,-0.019423150197944165,-0.07006239691672164,0.0,-0.0031224133402859835,0.0027206074105038057,0.0006932427279146502,-0.001056903607435683,-0.0284530942977305,0.015308794729480362,-0.03217433043584349,-0.008376956212346206,-0.0012398771926793,-0.0033975889366454656,0.001717602926723267,0.0012814596943195998,0.0008056544017939499,-0.000392691614181495,0.0020296172826199436,-0.00751847651129595,-0.0031224133402859835,-0.0027206074105038057,-0.08487242987486167,0.0,0.9997117059770168
0.5790000000000004,0.0015338959808743166,0.0,0.0024541654658346334,0.0007217227643643833,0.0026932531806259006,0.00018635783569857518,-0.0014245192713211664,0.0018708897765046166,0.0003614784576054667,-0.0014859523561459502,-0.0010306201456741183,-6.22666844813834e-05,-0.0003978434618080335,0.0005892026456793836,-0.000871404199030233,0.0002643729431947836,-0.001225347009283555,-0.0002733825338930668,0.0024541654658346334,-0.0007217227643643833,0.14125778808806666,0.0,0.28925137541423335,0.0071852236235931165,0.011690666813256,0.023644243013195163,0.02304503286296298,-0.008597113780070992,-0.002601265213457511,-0.003306637113364674,0.0067396577115173655,0.0019675490696689168,0.003916343580448565,-0.012362471854062576,-0.02854221756510616,-0.015115991584883281,0.0026932531806259006,-0.00018635783569857518,0.28925137541423335,-0.0071852236235931165,0.45856366461558334,0.0,-0.013719733019122066,0.05339523377289849,0.011263653776439501,-0.011788092708539245,-0.0092053893321491,-0.008366994191184569,-0.011343286792986483,0.011686554338555128,0.006581132394785225,-0.008418077655618684,-0.0321994117528245,0.008560951510910018,-0.0014245192713211664,-0.0018708897765046166,0.011690666813256,-0.023644243013195163,-0.013719733019122066,-0.05339523377289849,0.6403644142561666,0.0,0.12696643812885,0.023227421129327585,0.010135479806999451,0.0029469464490067343,0.015391180224352837,0.004870888237867215,-0.008967703390185615,0.0006123334277532184,-0.0012366795439887168,0.0036803653884227004,0.0003614784576054667,0.0014859523561459502,0.02304503286296298,0.008597113780070992,0.011263653776439501,0.011788092708539245,0.12696643812885,-0.023227421129327585,0.11723974451884332,0.0,0.06067355263526167,0.0053459415037191834,0.013987997740360334,-0.007632417244665197,0.09878207777305832,0.015162230615366768,0.0016798867925782335,-0.0012514753115956667,-0.0010306201456741183,6.22666844813834e-05,-0.002601265213457511,0.003306637113364674,-0.0092053893321491,0.008366994191184569,0.010135479806999451,-0.0029469464490067343,0.06067355263526167,-0.0053459415037191834,-0.16212475324868333,0.0,-0.08880443797587997,-0.0015545639035547633,0.024081449980949503,-0.005586111143627806,0.0007568532745870731,0.0003522695125706883,-0.0003978434618080335,-0.0005892026456793836,0.0067396577115173655,-0.0019675490696689168,-0.011343286792986483,-0.011686554338555128,0.015391180224352837,-0.004870888237867215,0.013987997740360334,0.007632417244665197,-0.08880443797587997,0.0015545639035547633,-0.041884801487749326,0.0,-0.033720300166788335,0.01942793566111567,0.0020297071085875664,0.007593090686213121,-0.000871404199030233,-0.0002643729431947836,0.003916343580448565,0.012362471854062576,0.006581132394785225,0.008418077655618684,-0.008967703390185615,-0.0006123334277532184,0.09878207777305832,-0.015162230615366768,0.024081449980949503,0.005586111143627806,-0.033720300166788335,-0.01942793566111567,-0.0701404920045917,0.0,-0.0031026442730698995,0.0026892641717117943,-0.001225347009283555,0.0002733825338930668,-0.02854221756510616,0.015115991584883281,-0.0321994117528245,-0.008560951510910018,-0.0012366795439887168,-0.0036803653884227004,0.0016798867925782335,0.0012514753115956667,0.0007568532745870731,-0.0003522695125706883,0.0020297071085875664,-0.007593090686213121,-0.0031026442730698995,-0.0026892641717117943,-0.08509793831095501,0.0,0.9997115224076668
0.5799999999999991,0.0015337123988462002,0.0,-0.0022091404311207334,0.0012587808142225352,-0.001922602059478583,0.0018184814135627828,-0.0005180764553062332,-0.0022545975575269995,0.0008660074176065133,0.0012774986758127835,0.00081126781853982,-0.0006754927268249329,-0.00010171709384433336,-0.0006417783798971833,0.00044541877768740015,-0.0008322786572851752,0.0010760868546407937,-0.0006436861859335504,-0.0022091404311207334,-0.0012587808142225352,0.14163293332451665,0.0,0.28945651285663326,0.006980657200490789,0.011399337979067998,0.02369291734203033,0.022950719048161664,-0.008639355606417964,-0.0025929116455719247,-0.0034033478622409,0.006652879106672583,0.0019552112529616335,0.0038536197837761308,-0.012448885758606186,-0.028635304192708665,-0.01491011543275983,-0.001922602059478583,-0.0018184814135627828,0.28945651285663326,-0.006980657200490789,0.4576736663269832,0.0,-0.013725446029572465,0.05344941708533266,0.011280867951740008,-0.011563888468591552,-0.009154559129079557,-0.008409926845461399,-0.011443983977078648,0.011576070954343801,0.006549849046176749,-0.008416117614351848,-0.03222406636470733,0.008721624584888014,-0.0005180764553062332,0.0022545975575269995,0.011399337979067998,-0.02369291734203033,-0.013725446029572465,-0.05344941708533266,0.6415476817254501,0.0,0.12713952420713331,0.023053111302351763,0.010102590594599118,0.002950799080836034,0.015445816776750968,0.004655407087854551,-0.0087678355835453,0.0004592835698468985,-0.0012789619869964667,0.003965056835927501,0.0008660074176065133,-0.0012774986758127835,0.022950719048161664,0.008639355606417964,0.011280867951740008,0.011563888468591552,0.12713952420713331,-0.023053111302351763,0.11715921180569332,0.0,0.060625002482064975,0.005270311571701383,0.013913083458335834,-0.007820595905970413,0.09889522967053832,0.015080803531894747,0.0016440689753067033,-0.0011784980906320167,0.00081126781853982,0.0006754927268249329,-0.0025929116455719247,0.0034033478622409,-0.009154559129079557,0.008409926845461399,0.010102590594599118,-0.002950799080836034,0.060625002482064975,-0.005270311571701383,-0.16223237143736666,0.0,-0.08882354582166833,-0.001581624532187883,0.024133305996759658,-0.005534937308594888,0.0007267348796702499,0.0003425502722221467,-0.00010171709384433336,0.0006417783798971833,0.006652879106672583,-0.0019552112529616335,-0.011443983977078648,-0.011576070954343801,0.015445816776750968,-0.004655407087854551,0.013913083458335834,0.007820595905970413,-0.08882354582166833,0.001581624532187883,-0.0420668092210885,0.0,-0.03384804259563501,0.01943913086481317,0.001995302340581511,0.007658437494717149,0.00044541877768740015,0.0008322786572851752,0.0038536197837761308,0.012448885758606186,0.006549849046176749,0.008416117614351848,-0.0087678355835453,-0.0004592835698468985,0.09889522967053832,-0.015080803531894747,0.024133305996759658,0.005534937308594888,-0.03384804259563501,-0.01943913086481317,-0.070216528888665,0.0,-0.0030929136749338003,0.002662322046217201,0.0010760868546407937,0.0006436861859335504,-0.028635304192708665,0.01491011543275983,-0.03222406636470733,-0.008721624584888014,-0.0012789619869964667,-0.003965056835927501,0.0016440689753067033,0.0011784980906320167,0.0007267348796702499,-0.0003425502722221467,0.001995302340581511,-0.007658437494717149,-0.0030929136749338003,-0.002662322046217201,-0.08532015721562501,0.0,0.999711338818633
0.5809999999999998,0.0015335288110437835,0.0,0.0006400093428187036,-0.002444733733598216,-1.5429808534583185e-05,-0.002593769422997959,0.002064920611573067,0.0010254428939974098,-0.0015346190393230315,-0.00024512298140348334,-0.0001186299134912998,0.0010823337170875666,0.0004447691504083353,0.00037848501851528324,0.0002638264314931934,0.00092592293773885,-0.00032824424158570673,0.0012126236307297164,0.0006400093428187036,0.002444733733598216,0.14199506345649998,0.0,0.28965009226741667,0.006667521366054882,0.011134455562383395,0.023747913556817508,0.022848415304653334,-0.008688831998573917,-0.002594398055585891,-0.003473107155748899,0.006578154491809047,0.0019426055549294067,0.003810566154741633,-0.012538771910257018,-0.028722349681086178,-0.014703326563775005,-1.5429808534583185e-05,0.002593769422997959,0.28965009226741667,-0.006667521366054882,0.45679294922411656,0.0,-0.01370446886535111,0.053368752834223494,0.011266697058477678,-0.011418892645987852,-0.009094430393336439,-0.008477329747059498,-0.011545867321747215,0.011472422930745381,0.006523530107046895,-0.0083971863532085,-0.0322294373720515,0.00889773276771175,0.002064920611573067,-0.0010254428939974098,0.011134455562383395,-0.023747913556817508,-0.01370446886535111,-0.053368752834223494,0.6427266595616,0.0,0.12733940363251667,0.022903746448903566,0.010074524587805882,0.0029550684585525335,0.0155552034931687,0.004416616232670766,-0.008568590791670118,0.00032106464342609813,-0.0013796078858820998,0.00426898136145175,-0.0015346190393230315,0.00024512298140348334,0.022848415304653334,0.008688831998573917,0.011266697058477678,0.011418892645987852,0.12733940363251667,-0.022903746448903566,0.11707757402996832,0.0,0.06059677267791332,0.00517998316152925,0.013845617348575865,-0.008002329030908927,0.09901343867129998,0.014990425193369948,0.0015956512997291259,-0.001075936676077717,-0.0001186299134912998,-0.0010823337170875666,-0.002594398055585891,0.003473107155748899,-0.009094430393336439,0.008477329747059498,0.010074524587805882,-0.0029550684585525335,0.06059677267791332,-0.00517998316152925,-0.16233746422890002,0.0,-0.08882307483026833,-0.0015964515277369568,0.024194811465993164,-0.005495514400530369,0.0007055305865677135,0.00034256427451899825,0.0004447691504083353,-0.00037848501851528324,0.006578154491809047,-0.0019426055549294067,-0.011545867321747215,-0.011472422930745381,0.0155552034931687,-0.004416616232670766,0.013845617348575865,0.008002329030908927,-0.08882307483026833,0.0015964515277369568,-0.042247729724969325,0.0,-0.03394528446911001,0.01945856353402167,0.001959464155801853,0.007718175402848137,0.0002638264314931934,-0.00092592293773885,0.003810566154741633,0.012538771910257018,0.006523530107046895,0.0083971863532085,-0.008568590791670118,-0.00032106464342609813,0.09901343867129998,-0.014990425193369948,0.024194811465993164,0.005495514400530369,-0.03394528446911001,-0.01945856353402167,-0.07029045398778834,0.0,-0.003109151645013784,0.002640832147669034,-0.00032824424158570673,-0.0012126236307297164,-0.028722349681086178,0.014703326563775005,-0.0322294373720515,-0.00889773276771175,-0.0013796078858820998,-0.00426898136145175,0.0015956512997291259,0.001075936676077717,0.0007055305865677135,-0.00034256427451899825,0.001959464155801853,-0.007718175402848137,-0.003109151645013784,-0.002640832147669034,-0.08553897191748495,0.0,0.9997111552245003
0.5820000000000005,0.0015333452259816336,0.0,0.0012744530463969833,0.00215741637318345,0.0018735278410865507,0.0017437577414621752,-0.002092218118900633,0.0009396124519316831,0.0012421407566851764,-0.0009375776326873667,-0.000690969272053067,-0.0008881948300811318,-0.0005285566376010668,-2.5453523417083335e-05,-0.00082635759944927,-0.0004824189816149265,-0.0006180181076105832,-0.00109192294756595,0.0012744530463969833,-0.00215741637318345,0.14234109536950001,0.0,0.2898126613701333,0.006300786183947931,0.01096091622069605,0.023822763947345265,0.022739960998535667,-0.008729605416911432,-0.002588779079719549,-0.0035352495521975835,0.006497609787156451,0.0019271605403332163,0.0037700867546462667,-0.012619158149274627,-0.028828423424944485,-0.014500066655267662,0.0018735278410865507,-0.0017437577414621752,0.2898126613701333,-0.006300786183947931,0.4559260519990668,0.0,-0.01362704770188653,0.053188772390743336,0.011198897602520835,-0.011301679959563833,-0.009031984861400852,-0.008523389011213437,-0.011655439241587073,0.011405357285683789,0.006480016180283166,-0.008383141426993484,-0.032254453930516506,0.009094453817989751,-0.002092218118900633,-0.0009396124519316831,0.01096091622069605,-0.023822763947345265,-0.01362704770188653,-0.053188772390743336,0.6439001282676833,0.0,0.12754090020661668,0.02275074997038067,0.010060470095081321,0.002939377156602467,0.015733622493201416,0.004218031556244378,-0.008354347195900301,0.00021485200160213343,-0.0015480671429780335,0.004580333370253318,0.0012421407566851764,0.0009375776326873667,0.022739960998535667,0.008729605416911432,0.011198897602520835,0.011301679959563833,0.12754090020661668,-0.02275074997038067,0.11699410736908836,0.0,0.06057611873762666,0.005094680336174716,0.01378772875624055,-0.008161563917399967,0.09913666973376167,0.01489727633290624,0.0015344760275508454,-0.0009935710659850498,-0.000690969272053067,0.0008881948300811318,-0.002588779079719549,0.0035352495521975835,-0.009031984861400852,0.008523389011213437,0.010060470095081321,-0.002939377156602467,0.06057611873762666,-0.005094680336174716,-0.16243981844688335,0.0,-0.08883567399730834,-0.00162239434809301,0.024252377638640323,-0.005461720319334233,0.0006815821392781536,0.00031984606639212665,-0.0005285566376010668,2.5453523417083335e-05,0.006497609787156451,-0.0019271605403332163,-0.011655439241587073,-0.011405357285683789,0.015733622493201416,-0.004218031556244378,0.01378772875624055,0.008161563917399967,-0.08883567399730834,0.00162239434809301,-0.04242773998775916,0.0,-0.034019444042506675,0.01948436841601484,0.0019412444072539998,0.007783350738378008,-0.00082635759944927,0.0004824189816149265,0.0037700867546462667,0.012619158149274627,0.006480016180283166,0.008383141426993484,-0.008354347195900301,-0.00021485200160213343,0.09913666973376167,-0.01489727633290624,0.024252377638640323,0.005461720319334233,-0.034019444042506675,-0.01948436841601484,-0.07036183036688334,0.0,-0.0031118140135916795,0.002618758977515609,-0.0006180181076105832,0.00109192294756595,-0.028828423424944485,0.014500066655267662,-0.032254453930516506,-0.009094453817989751,-0.0015480671429780335,-0.004580333370253318,0.0015344760275508454,0.0009935710659850498,0.0006815821392781536,-0.00031984606639212665,0.0019412444072539998,-0.007783350738378008,-0.0031118140135916795,-0.002618758977515609,-0.08575436779740665,0.0,0.9997109716326331
0.5829999999999992,0.0015331616379447325,0.0,-0.002407950488236883,-0.0006006366585480001,-0.0025190239903212504,0.00018364820696172666,0.0005851816317720165,-0.0021702642373851097,-0.00016635329393203333,0.0015443516528795334,0.0011490722275339163,0.00017106995532644996,0.0004083623742434999,-0.00027120178667870676,0.0009188382431878829,-0.00023574587146703348,0.0011961468859128666,0.00034659396425107,-0.002407950488236883,0.0006006366585480001,0.14266966892965005,0.0,0.2899586559344001,0.0058948945779679065,0.010805384097853764,0.0239151724755472,0.02262463277230416,-0.0087422950432882,-0.0025573930342464167,-0.0036046424377424837,0.006413542495470803,0.0019098204177584834,0.003705710433540617,-0.01269298888888005,-0.028974914001701168,-0.014294495688069007,-0.0025190239903212504,-0.00018364820696172666,0.2899586559344001,-0.0058948945779679065,0.4550746038152501,0.0,-0.01355384281131389,0.05305249603695599,0.011146419737511832,-0.011175217710826945,-0.008962196863163342,-0.008533682380294666,-0.011772074148909167,0.011344324222623669,0.006445104894175482,-0.008391643013518966,-0.03232559249482751,0.009263573490995968,0.0005851816317720165,0.0021702642373851097,0.010805384097853764,-0.0239151724755472,-0.01355384281131389,-0.05305249603695599,0.6450675070629166,0.0,0.12773542595116666,0.02256905836743754,0.010062508288095347,0.0029121488579788163,0.015902239433901257,0.004088113171098017,-0.008127131999491648,0.00015459396576269997,-0.0017658511579382503,0.004855657223119967,-0.00016635329393203333,-0.0015443516528795334,0.02262463277230416,0.0087422950432882,0.011146419737511832,0.011175217710826945,0.12773542595116666,-0.02256905836743754,0.11690988621754834,0.0,0.06054514235818001,0.005016657130894167,0.013759183219108084,-0.008306072242517327,0.09925688683839,0.014836536824898265,0.0014557607439286433,-0.0009365972975019499,0.0011490722275339163,-0.00017106995532644996,-0.0025573930342464167,0.0036046424377424837,-0.008962196863163342,0.008533682380294666,0.010062508288095347,-0.0029121488579788163,0.06054514235818001,-0.005016657130894167,-0.16253933148133337,0.0,-0.08887105402304836,-0.001643017040475682,0.02429874068692933,-0.0054245736318234185,0.000654872997331711,0.0002828287238543149,0.0004083623742434999,0.00027120178667870676,0.006413542495470803,-0.0019098204177584834,-0.011772074148909167,-0.011344324222623669,0.015902239433901257,-0.004088113171098017,0.013759183219108084,0.008306072242517327,-0.08887105402304836,0.001643017040475682,-0.042607309051241174,0.0,-0.034093221065264995,0.01950841724804133,0.0019133320654660863,0.007848834400386296,0.0009188382431878829,0.00023574587146703348,0.003705710433540617,0.01269298888888005,0.006445104894175482,0.008391643013518966,-0.008127131999491648,-0.00015459396576269997,0.09925688683839,-0.014836536824898265,0.02429874068692933,0.0054245736318234185,-0.034093221065264995,-0.01950841724804133,-0.070430991803065,0.0,-0.0030744389459898343,0.002599114256496616,0.0011961468859128666,-0.00034659396425107,-0.028974914001701168,0.014294495688069007,-0.03232559249482751,-0.009263573490995968,-0.0017658511579382503,-0.004855657223119967,0.0014557607439286433,0.0009365972975019499,0.000654872997331711,-0.0002828287238543149,0.0019133320654660863,-0.007848834400386296,-0.0030744389459898343,-0.002599114256496616,-0.08596640729028668,0.0,0.9997107880377333
0.584,0.0015329780302805994,0.0,0.002094512595114793,-0.0013058256124631002,0.001536619953008622,-0.001942450575486935,0.0012963685559773007,0.0017704663879963233,-0.00103137120051225,-0.0011555315084910167,-0.000987163290568543,0.0006866746089430334,-0.0001607853628217367,0.00043405026441511676,-0.00048439777657711687,0.0008317534337188036,-0.00109440218369655,0.0005682973263419332,0.002094512595114793,0.0013058256124631002,0.14297838090668333,0.0,0.2901381855025999,0.0053927656515077,0.0105778353660204,0.024032558304784672,0.022507415221559003,-0.008726625379326482,-0.0025132789559725336,-0.0036707661032169673,0.0063397388513599,0.0018972129560107481,0.0036199579293352156,-0.012772866185528519,-0.029147613960100332,-0.014079437472374832,0.001536619953008622,0.001942450575486935,0.2901381855025999,-0.0053927656515077,0.4542403078828166,0.0,-0.013557448910693503,0.05299405663798183,0.011140193561149906,-0.011095768037480623,-0.008870235007894417,-0.00854920062111856,-0.011883393575572119,0.011249993550462835,0.006442848299531181,-0.008407368098407584,-0.0324161816564025,0.00938586996049596,0.0012963685559773007,-0.0017704663879963233,0.0105778353660204,-0.024032558304784672,-0.013557448910693503,-0.05299405663798183,0.6462293899985333,0.0,0.12795496530140005,0.022379818693725108,0.010064942434307013,0.0029081208520030846,0.016018110409620447,0.003967926436268071,-0.007907940217571552,0.00013355270844552165,-0.002006245943402783,0.005065658016776016,-0.00103137120051225,0.0011555315084910167,0.022507415221559003,0.008726625379326482,0.011140193561149906,0.011095768037480623,0.12795496530140005,-0.022379818693725108,0.11682638260389668,0.0,0.06051228259033165,0.004940232454295358,0.013760483987028877,-0.008440382424280028,0.09938587872284331,0.01480849633190134,0.0013383037262186999,-0.0008726272101764333,-0.000987163290568543,-0.0006866746089430334,-0.0025132789559725336,0.0036707661032169673,-0.008870235007894417,0.00854920062111856,0.010064942434307013,-0.0029081208520030846,0.06051228259033165,-0.004940232454295358,-0.16263682723336673,0.0,-0.08890484998047837,-0.0016295000852968166,0.0243391208725415,-0.005390216899444967,0.0006307300746508947,0.0002623365352557633,-0.0001607853628217367,-0.00043405026441511676,0.0063397388513599,-0.0018972129560107481,-0.011883393575572119,-0.011249993550462835,0.016018110409620447,-0.003967926436268071,0.013760483987028877,0.008440382424280028,-0.08890484998047837,0.0016295000852968166,-0.04278599123031932,0.0,-0.03416528845812334,0.019524307526271496,0.0018517642780677833,0.007898900335932674,-0.00048439777657711687,-0.0008317534337188036,0.0036199579293352156,0.012772866185528519,0.006442848299531181,0.008407368098407584,-0.007907940217571552,-0.00013355270844552165,0.09938587872284331,-0.01480849633190134,0.0243391208725415,0.005390216899444967,-0.03416528845812334,-0.019524307526271496,-0.07049885901969498,0.0,-0.0030348089726195825,0.0025863138140826995,-0.00109440218369655,-0.0005682973263419332,-0.029147613960100332,0.014079437472374832,-0.0324161816564025,-0.00938586996049596,-0.002006245943402783,-0.005065658016776016,0.0013383037262186999,0.0008726272101764333,0.0006307300746508947,-0.0002623365352557633,0.0018517642780677833,-0.007898900335932674,-0.0030348089726195825,-0.0025863138140826995,-0.08617515751587503,0.0,0.9997106044230167
0.5850000000000006,0.0015327944073077165,0.0,-0.0005110231831951535,0.0024139864392934167,0.0003726577769601746,0.002403826737137884,-0.0021755968438603997,-8.168012546848048e-05,0.0015415375321974414,6.431609389973191e-06,0.00025209921030995184,-0.0012220137871687784,-0.00011840122635408331,-0.00043864794138193336,-0.00025468363178416834,-0.0009588590181209172,0.00039407932964179995,-0.0011602579718763698,-0.0005110231831951535,-0.0024139864392934167,0.14326260123289994,0.0,0.29031152868451665,0.0047650759654956675,0.01032221735855145,0.024185011139192518,0.022391380499956495,-0.008701758643400566,-0.0024800505592251884,-0.0037188811686402006,0.006270190339546957,0.0018898025002847495,0.0035421980016704323,-0.012855800136777458,-0.029311475164212,-0.013849801365492301,0.0003726577769601746,-0.002403826737137884,0.29031152868451665,-0.0047650759654956675,0.4534278234941667,0.0,-0.013618853418987362,0.05287558384491299,0.011106266057765973,-0.01111786829397825,-0.008754573152611134,-0.008590411664186325,-0.011981218450960318,0.011133190927065831,0.006445519338576787,-0.008404451954056619,-0.032495392638511,0.009507185823265037,-0.0021755968438603997,8.168012546848048e-05,0.01032221735855145,-0.024185011139192518,-0.013618853418987362,-0.05287558384491299,0.6473861711891499,0.0,0.12820441106328334,0.022212078340343475,0.010047507197000835,0.002938840603506451,0.016146655424614832,0.0038182310687482823,-0.007701731878263435,0.0001299700869974166,-0.0022642032755417337,0.005221394185594234,0.0015415375321974414,-6.431609389973191e-06,0.022391380499956495,0.008701758643400566,0.011106266057765973,0.01111786829397825,0.12820441106328334,-0.022212078340343475,0.11674357716448998,0.0,0.06048381751398168,0.00486698740331636,0.013757353791101302,-0.008550938295137117,0.09952051028464834,0.014769932704622363,0.0011775929097141667,-0.0008065305189414499,0.00025209921030995184,0.0012220137871687784,-0.0024800505592251884,0.0037188811686402006,-0.008754573152611134,0.008590411664186325,0.010047507197000835,-0.002938840603506451,0.06048381751398168,-0.00486698740331636,-0.16273352715791667,0.0,-0.08890204021114001,-0.001591967669665347,0.024375335974931665,-0.005367533795553512,0.0006079847896542166,0.00025381437506830003,-0.00011840122635408331,0.00043864794138193336,0.006270190339546957,-0.0018898025002847495,-0.011981218450960318,-0.011133190927065831,0.016146655424614832,-0.0038182310687482823,0.013757353791101302,0.008550938295137117,-0.08890204021114001,0.001591967669665347,-0.042962807091656334,0.0,-0.03421072587706333,0.019529961556911498,0.001777618159253743,0.007935015098502026,-0.00025468363178416834,0.0009588590181209172,0.0035421980016704323,0.012855800136777458,0.006445519338576787,0.008404451954056619,-0.007701731878263435,-0.0001299700869974166,0.09952051028464834,-0.014769932704622363,0.024375335974931665,0.005367533795553512,-0.03421072587706333,-0.019529961556911498,-0.07056573205585669,0.0,-0.003037766111599015,0.002572829961027641,0.00039407932964179995,0.0011602579718763698,-0.029311475164212,0.013849801365492301,-0.032495392638511,-0.009507185823265037,-0.0022642032755417337,-0.005221394185594234,0.0011775929097141667,0.0008065305189414499,0.0006079847896542166,-0.00025381437506830003,0.001777618159253743,-0.007935015098502026,-0.003037766111599015,-0.002572829961027641,-0.08638048038923166,0.0,0.9997104207933666
0.5859999999999993,0.0015326107881724672,0.0,-0.0013760766722581035,-0.0020437365426220324,-0.0019923153505545,-0.0013739429631147838,0.0014327588670741164,-0.0016540455047419002,-0.00103906936555722,0.0011229952170894982,0.0006865508715277003,0.00109097399162572,0.0003666529423317783,0.0002991227130610666,0.0008728730369651097,0.0005179335439125996,0.0005360349935745693,0.0011000836233659714,-0.0013760766722581035,0.0020437365426220324,0.14351844325723334,0.0,0.2904556128946,0.004082733926436138,0.010153094706559335,0.024376358839685995,0.022278964285093173,-0.00868334104699938,-0.002453854620942434,-0.003758752918307383,0.00618892641773427,0.0018797613769222035,0.003487003332028397,-0.012927631777765496,-0.029463638173666498,-0.013614041737585122,-0.0019923153505545,0.0013739429631147838,0.2904556128946,-0.004082733926436138,0.4526422685956332,0.0,-0.013668670020591215,0.0526160147092425,0.010987149774409009,-0.011188079336891884,-0.00863453024944475,-0.008624025298964295,-0.012074666751256381,0.011031900481135502,0.006418118761505343,-0.008393768421487134,-0.03259096205724184,0.009662073629317314,0.0014327588670741164,0.0016540455047419002,0.010153094706559335,-0.024376358839685995,-0.013668670020591215,-0.0526160147092425,0.6485370361942502,0.0,0.12846992612683336,0.022054296648753715,0.010010065720237,0.0029765868049441415,0.016351449218649186,0.0036859534093864337,-0.007495697802958399,0.00013106080242186656,-0.0025443216504406506,0.005341978833375965,-0.00103906936555722,-0.0011229952170894982,0.022278964285093173,0.00868334104699938,0.010987149774409009,0.011188079336891884,0.12846992612683336,-0.022054296648753715,0.11666050930988998,0.0,0.060459523331705005,0.004806351085579576,0.013732925508320313,-0.00864171908444385,0.09966340743718335,0.014702441353589078,0.0010120164853364463,-0.0007863839589852831,0.0006865508715277003,-0.00109097399162572,-0.002453854620942434,0.003758752918307383,-0.00863453024944475,0.008624025298964295,0.010010065720237,-0.0029765868049441415,0.060459523331705005,-0.004806351085579576,-0.16282976364603338,0.0,-0.08888820007781331,-0.0015704790409731997,0.02440667362867167,-0.0053536436955380065,0.0005841162413680501,0.00022479336404796675,0.0003666529423317783,-0.0002991227130610666,0.00618892641773427,-0.0018797613769222035,-0.012074666751256381,-0.011031900481135502,0.016351449218649186,-0.0036859534093864337,0.013732925508320313,0.00864171908444385,-0.08888820007781331,0.0015704790409731997,-0.04313769819632382,0.0,-0.03423629890886333,0.019533365257548493,0.0017254582914483661,0.007975331577368067,0.0008728730369651097,-0.0005179335439125996,0.003487003332028397,0.012927631777765496,0.006418118761505343,0.008393768421487134,-0.007495697802958399,-0.00013106080242186656,0.09966340743718335,-0.014702441353589078,0.02440667362867167,0.0053536436955380065,-0.03423629890886333,-0.019533365257548493,-0.070631041569545,0.0,-0.0030636595619675158,0.002551218546382017,0.0005360349935745693,-0.0011000836233659714,-0.029463638173666498,0.013614041737585122,-0.03259096205724184,-0.009662073629317314,-0.0025443216504406506,-0.005341978833375965,0.0010120164853364463,0.0007863839589852831,0.0005841162413680501,-0.00022479336404796675,0.0017254582914483661,-0.007975331577368067,-0.0030636595619675158,-0.002551218546382017,-0.0865821275659767,0.0,0.9997102371673503
0.5870000000000001,0.001532427179747634,0.0,0.0024090606186161693,0.00042698424775705027,0.0023779295901275167,-0.0005073142666222662,0.0003740614357590651,0.0021469993860103167,-0.00012635097478601667,-0.0015164636958354654,-0.0012808179368873002,-0.0003244652428630335,-0.00050306499782395,-1.5347244904616454e-05,-0.0009997577327060328,0.00024632013641403703,-0.0011572390107762501,-0.00039900877505245013,0.0024090606186161693,-0.00042698424775705027,0.14374575167783338,0.0,0.2905418766991833,0.003440068573679683,0.010074801998141153,0.024602065468356516,0.022166109656104004,-0.00866372855498048,-0.0024148762207312174,-0.003808673582002852,0.006097855473810768,0.0018655527289991231,0.003436181736181637,-0.01298453255618163,-0.029623207450678344,-0.01338370116490807,0.0023779295901275167,0.0005073142666222662,0.2905418766991833,-0.003440068573679683,0.45188478464733334,0.0,-0.013694336944922246,0.05231507686464502,0.010839028741410413,-0.011209691319846464,-0.008520128516577049,-0.00861727713926145,-0.012170360013262162,0.010945656277493502,0.0063744035374797,-0.008409364288441431,-0.032729784239096324,0.00981312197202317,0.0003740614357590651,-0.0021469993860103167,0.010074801998141153,-0.024602065468356516,-0.013694336944922246,-0.05231507686464502,0.6496808038870334,0.0,0.12871385980459998,0.02186756944911783,0.00996150600980187,0.003000195525708871,0.01658650442197956,0.003613129966543983,-0.0072809464184344485,0.0001354030962485701,-0.002825071162279033,0.005417886073200736,-0.00012635097478601667,0.0015164636958354654,0.022166109656104004,0.00866372855498048,0.010839028741410413,0.011209691319846464,0.12871385980459998,-0.02186756944911783,0.11657737373518333,0.0,0.060425205316678325,0.004757422984209632,0.013710772604489668,-0.008744747170184286,0.09979747085618666,0.014638058684592663,0.0008831800662977499,-0.000833305599659515,-0.0012808179368873002,0.0003244652428630335,-0.0024148762207312174,0.003808673582002852,-0.008520128516577049,0.00861727713926145,0.00996150600980187,-0.003000195525708871,0.060425205316678325,-0.004757422984209632,-0.16292492770925004,0.0,-0.08888741985719834,-0.001575597833390901,0.024428441760710004,-0.005333058039523333,0.0005655628936098167,0.00017364690142626665,-0.00050306499782395,1.5347244904616454e-05,0.006097855473810768,-0.0018655527289991231,-0.012170360013262162,-0.010945656277493502,0.01658650442197956,-0.003613129966543983,0.013710772604489668,0.008744747170184286,-0.08888741985719834,0.001575597833390901,-0.04331160042086168,0.0,-0.034273558925995,0.01953530307234833,0.0016900838482155,0.008020186028220517,-0.0009997577327060328,-0.00024632013641403703,0.003436181736181637,0.01298453255618163,0.0063744035374797,0.008409364288441431,-0.0072809464184344485,-0.0001354030962485701,0.09979747085618666,-0.014638058684592663,0.024428441760710004,0.005333058039523333,-0.034273558925995,-0.01953530307234833,-0.07069450558587002,0.0,-0.0030591069225636013,0.0025227922907828998,-0.0011572390107762501,0.00039900877505245013,-0.029623207450678344,0.01338370116490807,-0.032729784239096324,-0.00981312197202317,-0.002825071162279033,-0.005417886073200736,0.0008831800662977499,0.000833305599659515,0.0005655628936098167,-0.00017364690142626665,0.0016900838482155,-0.008020186028220517,-0.0030591069225636013,-0.0025227922907828998,-0.08678005385899165,0.0,0.9997100535520834
0.5880000000000003,0.0015322435736909827,0.0,-0.001948243985593417,0.0014411907744747118,-0.0012502946903857834,0.002090720956288418,-0.0018655642403507496,-0.0010442547836423464,0.0012155490471137864,0.0009171819986396667,0.0011816222397545834,-0.0006522991142643334,0.0004188668313845334,-0.00031151651787133324,0.0005433030270255332,-0.0009029508261107555,0.0011093327996177967,-0.0005213879193712165,-0.001948243985593417,-0.0014411907744747118,0.14394667161261668,0.0,0.2906175310777999,0.002847102195663,0.009994572574569269,0.024869419661196168,0.022056284618968504,-0.0086349823700957,-0.002366736557673469,-0.0038659832029474353,0.006022073799663849,0.0018556135294465433,0.0033794114548508004,-0.01304120239051943,-0.029799546700938324,-0.013166944527261902,-0.0012502946903857834,-0.002090720956288418,0.2906175310777999,-0.002847102195663,0.4511529514661167,0.0,-0.013749406285653016,0.05209976425790682,0.010750606480932621,-0.011178358375209339,-0.0084004463000197,-0.008594793740281432,-0.012260966880576497,0.010846063425996236,0.006364860531368185,-0.008459038188567086,-0.03289697681121633,0.009921767018534916,-0.0018655642403507496,0.0010442547836423464,0.009994572574569269,-0.024869419661196168,-0.013749406285653016,-0.05209976425790682,0.6508174108081999,0.0,0.12894861939403335,0.021660102038054057,0.009898710872881602,0.0030218168528105007,0.016790170433601884,0.0035627741352916836,-0.00706672486470535,0.0001415590665084648,-0.0030713002411980666,0.005439084798686982,0.0012155490471137864,-0.0009171819986396667,0.022056284618968504,0.0086349823700957,0.010750606480932621,0.011178358375209339,0.12894861939403335,-0.021660102038054057,0.11649550553286331,0.0,0.060391251815986695,0.004709073768521643,0.013716880335425903,-0.008884111847789653,0.099923817976425,0.01460856943080175,0.0007863020683530001,-0.0009073951428832015,0.0011816222397545834,0.0006522991142643334,-0.002366736557673469,0.0038659832029474353,-0.0084004463000197,0.008594793740281432,0.009898710872881602,-0.0030218168528105007,0.060391251815986695,-0.004709073768521643,-0.16301871687406663,0.0,-0.08889479883665331,-0.0015752856896850452,0.024445620870528335,-0.005302400106813534,0.00056346283592045,0.00013792487421726674,0.0004188668313845334,0.00031151651787133324,0.006022073799663849,-0.0018556135294465433,-0.012260966880576497,-0.010846063425996236,0.016790170433601884,-0.0035627741352916836,0.013716880335425903,0.008884111847789653,-0.08889479883665331,0.0015752856896850452,-0.043484905085894004,0.0,-0.034343964795818326,0.01953413894624534,0.0016431997802320829,0.008051700929692186,0.0005433030270255332,0.0009029508261107555,0.0033794114548508004,0.01304120239051943,0.006364860531368185,0.008459038188567086,-0.00706672486470535,-0.0001415590665084648,0.099923817976425,-0.01460856943080175,0.024445620870528335,0.005302400106813534,-0.034343964795818326,-0.01953413894624534,-0.07075683754093501,0.0,-0.0030184850876254655,0.002488133255991583,0.0011093327996177967,0.0005213879193712165,-0.029799546700938324,0.013166944527261902,-0.03289697681121633,-0.009921767018534916,-0.0030713002411980666,-0.005439084798686982,0.0007863020683530001,0.0009073951428832015,0.00056346283592045,-0.00013792487421726674,0.0016431997802320829,-0.008051700929692186,-0.0030184850876254655,-0.002488133255991583,-0.08697445355330169,0.0,0.9997098699390836
0.5889999999999994,0.001532059961514433,0.0,0.0002778019796529733,-0.0023874068899882423,-0.0006807880539337564,-0.0023316155816712333,0.001946558607720667,-0.0007831973325687382,-0.0014978274844651496,0.0002937401097964998,-0.00042613586317425816,0.0013115159877728833,-0.00014895993172739984,0.0005152269189516001,0.0002657442141225168,0.0010541476700444538,-0.00044651959385506667,0.001150817473316471,0.0002778019796529733,0.0023874068899882423,0.14412231312471668,0.0,0.29068712579646655,0.002259409885808621,0.009890224161694125,0.025165530163130164,0.021951932641176168,-0.008609654303036599,-0.0023337819295708656,-0.003914043573063348,0.005976810272949166,0.0018526232809305996,0.0033375742859038334,-0.013107521387383522,-0.029977790515666666,-0.012962055461875236,-0.0006807880539337564,0.0023316155816712333,0.29068712579646655,-0.002259409885808621,0.4504450428353667,0.0,-0.013868476982990686,0.0519222832591765,0.010700265452832279,-0.011169043584020832,-0.008267720529305477,-0.008595703929931947,-0.012334444149036264,0.010729009994639164,0.006390951617176607,-0.008513119791799332,-0.0330685832139435,0.010020282598671076,0.001946558607720667,0.0007831973325687382,0.009890224161694125,-0.025165530163130164,-0.013868476982990686,-0.0519222832591765,0.6519479421087168,0.0,0.1291843689551,0.021479107238916054,0.009810105236239687,0.0030597054271150567,0.01699204993943466,0.0034968680298381174,-0.006854489426096441,0.00014717407804240985,-0.0032854776227962163,0.005422978255024268,-0.0014978274844651496,-0.0002937401097964998,0.021951932641176168,0.008609654303036599,0.010700265452832279,0.011169043584020832,0.1291843689551,-0.021479107238916054,0.11641535091966335,0.0,0.06037155526500669,0.004652470561580349,0.013733679988585164,-0.009040678225310702,0.10004255254301664,0.01460032550036949,0.0006907235246992415,-0.0009622513907458168,-0.00042613586317425816,-0.0013115159877728833,-0.0023337819295708656,0.003914043573063348,-0.008267720529305477,0.008595703929931947,0.009810105236239687,-0.0030597054271150567,0.06037155526500669,-0.004652470561580349,-0.1631117094575167,0.0,-0.08887143214844664,-0.0015510398678549766,0.024462949186989828,-0.005275259875237661,0.0005785961564550418,0.000135959028199605,-0.00014895993172739984,-0.0005152269189516001,0.005976810272949166,-0.0018526232809305996,-0.012334444149036264,-0.010729009994639164,0.01699204993943466,-0.0034968680298381174,0.013733679988585164,0.009040678225310702,-0.08887143214844664,0.0015510398678549766,-0.0436569106551775,0.0,-0.03442556896457501,0.01953003259443967,0.0015862991805847665,0.008065416505978426,0.0002657442141225168,-0.0010541476700444538,0.0033375742859038334,0.013107521387383522,0.006390951617176607,0.008513119791799332,-0.006854489426096441,-0.00014717407804240985,0.10004255254301664,-0.01460032550036949,0.024462949186989828,0.005275259875237661,-0.03442556896457501,-0.01953003259443967,-0.07081891562852,0.0,-0.0029859389118987232,0.002442903156447134,-0.00044651959385506667,-0.001150817473316471,-0.029977790515666666,0.012962055461875236,-0.0330685832139435,-0.010020282598671076,-0.0032854776227962163,-0.005422978255024268,0.0006907235246992415,0.0009622513907458168,0.0005785961564550418,-0.000135959028199605,0.0015862991805847665,-0.008065416505978426,-0.0029859389118987232,-0.002442903156447134,-0.08716548688841833,0.0,0.9997096863205331
0.5900000000000002,0.0015318763591019168,0.0,0.0015287167869648993,0.0018262042083181016,0.002170472721563299,0.001101250600643317,-0.0006137428417892801,0.0019843846282706504,0.0008044172756568164,-0.0012923217944699498,-0.0006046041055399582,-0.0012676479387386667,-0.00019434713311529671,-0.0005386578283293268,-0.00094421259780275,-0.0005744654490706162,-0.0004873674030436333,-0.0011544028953456467,0.0015287167869648993,-0.0018262042083181016,0.1442728498288833,0.0,0.2907379402500167,0.0016896477322794969,0.009847677958126414,0.02545177882592734,0.02185334225086716,-0.008607778280507966,-0.002319333998355316,-0.003947708454044633,0.005952906783211482,0.0018451415486309389,0.003326561636864316,-0.013178942460593177,-0.030146986259123338,-0.012773833050124068,0.002170472721563299,-0.001101250600643317,0.2907379402500167,-0.0016896477322794969,0.44976140981994994,0.0,-0.014022857503548283,0.051653564578352,0.010602467847999071,-0.011199367837770665,-0.008142422093805784,-0.008603111025823366,-0.012403845681900694,0.010620995389032165,0.006400392257393683,-0.008557209662604183,-0.03326502946677,0.010157725364396996,-0.0006137428417892801,-0.0019843846282706504,0.009847677958126414,-0.02545177882592734,-0.014022857503548283,-0.051653564578352,0.6530728683187667,0.0,0.12941842350405,0.02133018847520364,0.009711714230471987,0.003108081063217185,0.017257303554736668,0.003456379881770081,-0.006643126201760185,0.00016106675692671642,-0.0035042237513949,0.0053936120726764845,0.0008044172756568164,0.0012923217944699498,0.02185334225086716,0.008607778280507966,0.010602467847999071,0.011199367837770665,0.12941842350405,-0.02133018847520364,0.11633597401082837,0.0,0.06036811644613999,0.004587048618392517,0.013728102040037998,-0.00918609394996259,0.10015512131910832,0.014590121785180932,0.0005977075230616171,-0.0009967792541895994,-0.0006046041055399582,0.0012676479387386667,-0.002319333998355316,0.003947708454044633,-0.008142422093805784,0.008603111025823366,0.009711714230471987,-0.003108081063217185,0.06036811644613999,-0.004587048618392517,-0.16320418992138336,0.0,-0.08881899823171503,-0.0015286713467144901,0.024480687620028998,-0.005258676140010165,0.00060428641559203,0.00013910456134673342,-0.00019434713311529671,0.0005386578283293268,0.005952906783211482,-0.0018451415486309389,-0.012403845681900694,-0.010620995389032165,0.017257303554736668,-0.003456379881770081,0.013728102040037998,0.00918609394996259,-0.08881899823171503,0.0015286713467144901,-0.04382720560665668,0.0,-0.03449589011917666,0.019532062875185,0.0015499621834519498,0.008083122363608367,-0.00094421259780275,0.0005744654490706162,0.003326561636864316,0.013178942460593177,0.006400392257393683,0.008557209662604183,-0.006643126201760185,-0.00016106675692671642,0.10015512131910832,-0.014590121785180932,0.024480687620028998,0.005258676140010165,-0.03449589011917666,-0.019532062875185,-0.07088088646303502,0.0,-0.0029810475819206663,0.002389876021165403,-0.0004873674030436333,0.0011544028953456467,-0.030146986259123338,0.012773833050124068,-0.03326502946677,-0.010157725364396996,-0.0035042237513949,-0.0053936120726764845,0.0005977075230616171,0.0009967792541895994,0.00060428641559203,-0.00013910456134673342,0.0015499621834519498,-0.008083122363608367,-0.0029810475819206663,-0.002389876021165403,-0.08735319363545001,0.0,0.999709502711033
0.5910000000000004,0.0015316927763586,0.0,-0.0023467326198272982,-0.00016146164946854492,-0.002315074170824534,0.0008328774999224999,-0.0011215454523991692,-0.0017090421087549998,0.00037120685155621666,0.0014667718356443764,0.0013269556670130994,0.0005079950886983,0.0005279944554751167,0.0003507821763586669,0.001066731677884516,-0.00024445130870078344,0.0011802193940182164,0.00048429263755225653,-0.0023467326198272982,0.00016146164946854492,0.14440041405718332,0.0,0.29077846948210007,0.0012033597576400243,0.00990388771369617,0.02570307063894833,0.021755089666476834,-0.008624874889395917,-0.0022995090909993503,-0.003975141939642701,0.0059390856730269686,0.001823375268010767,0.0033262110769041496,-0.013249142640003774,-0.03031687155476166,-0.012617154486879036,-0.002315074170824534,-0.0008328774999224999,0.29077846948210007,-0.0012033597576400243,0.449101122093,0.0,-0.014169689762248389,0.051318034834633014,0.010449093045712964,-0.011205540052598032,-0.008048136660170499,-0.008576716081957099,-0.012489869983766349,0.010536783653382667,0.006368771118062974,-0.008613811021585554,-0.03351479309749199,0.01030974058895332,-0.0011215454523991692,0.0017090421087549998,0.00990388771369617,-0.02570307063894833,-0.014169689762248389,-0.051318034834633014,0.6541913737223335,0.0,0.12964774565193332,0.021162067091929845,0.009636786367106936,0.0031494498507309665,0.017568450430128165,0.0034862662147789446,-0.006443692359146564,0.00020000876783626663,-0.0037321958492207087,0.005350604401923701,0.00037120685155621666,-0.0014667718356443764,0.021755089666476834,0.008624874889395917,0.010449093045712964,0.011205540052598032,0.12964774565193332,-0.021162067091929845,0.11625721288662667,0.0,0.060369096422941665,0.004521828769403477,0.01370940145777,-0.009321419711972315,0.10025919357400166,0.01459099791342019,0.0005361565619087667,-0.001038260638152517,0.0013269556670130994,-0.0005079950886983,-0.0022995090909993503,0.003975141939642701,-0.008048136660170499,0.008576716081957099,0.009636786367106936,-0.0031494498507309665,0.060369096422941665,-0.004521828769403477,-0.16329542580298337,0.0,-0.08878165169190003,-0.0015318451473986501,0.02449336637007,-0.0052407380243389015,0.0006379049111497501,0.0001202569259062168,0.0005279944554751167,-0.0003507821763586669,0.0059390856730269686,-0.001823375268010767,-0.012489869983766349,-0.010536783653382667,0.017568450430128165,-0.0034862662147789446,0.01370940145777,0.009321419711972315,-0.08878165169190003,0.0015318451473986501,-0.04399659291934499,0.0,-0.03456506759807166,0.019547543827871664,0.0015454216167193828,0.008120589713921093,0.001066731677884516,0.00024445130870078344,0.0033262110769041496,0.013249142640003774,0.006368771118062974,0.008613811021585554,-0.006443692359146564,-0.00020000876783626663,0.10025919357400166,-0.01459099791342019,0.02449336637007,0.0052407380243389015,-0.03456506759807166,-0.019547543827871664,-0.07094259426534168,0.0,-0.0029690403072051828,0.0023414301363457375,0.0011802193940182164,-0.00048429263755225653,-0.03031687155476166,0.012617154486879036,-0.03351479309749199,-0.01030974058895332,-0.0037321958492207087,-0.005350604401923701,0.0005361565619087667,0.001038260638152517,0.0006379049111497501,-0.0001202569259062168,0.0015454216167193828,-0.008120589713921093,-0.0029690403072051828,-0.0023414301363457375,-0.08753788342613669,0.0,0.9997093191214834
0.5919999999999994,0.0015315092070399168,0.0,0.0017269146896168898,-0.0015673203657034997,0.0009818227364739001,-0.002283380177415933,0.0019691697838133235,0.00020934201151711658,-0.0013134138769647333,-0.0007408078717263167,-0.0013272991213325004,0.0005372135813657495,-0.0006973193906459001,5.155782312250973e-05,-0.0005702294725905832,0.0009079628932747129,-0.001195495734157819,0.0004937944631299049,0.0017269146896168898,0.0015673203657034997,0.14450898818958333,0.0,0.2908231829994667,0.000800241119285054,0.009970133000472618,0.025941692978207507,0.021656659453537,-0.008625211471729483,-0.0022620748255760335,-0.003996739500577817,0.005941284672203567,0.0017936899377659344,0.003305989612814983,-0.013320185611856095,-0.03050405045576833,-0.012501033978451115,0.0009818227364739001,0.002283380177415933,0.2908231829994667,-0.000800241119285054,0.4484605056967835,0.0,-0.014311913726664576,0.051068411097495846,0.010323271653391817,-0.011158375601782868,-0.00797109071791805,-0.00852355934331247,-0.012585056507145708,0.010456578478049948,0.006340043888448448,-0.008697483768208098,-0.033795558280836996,0.010405442607887765,0.0019691697838133235,-0.00020934201151711658,0.009970133000472618,-0.025941692978207507,-0.014311913726664576,-0.051068411097495846,0.6553028823639333,0.0,0.1298822224908166,0.020960624046306144,0.009585099470510587,0.003181080398197596,0.01785050241631517,0.0035430003394573343,-0.00627265928693484,0.00027305850004560016,-0.00392374401218015,0.0052862786574793,-0.0013134138769647333,0.0007408078717263167,0.021656659453537,0.008625211471729483,0.010323271653391817,0.011158375601782868,0.1298822224908166,-0.020960624046306144,0.11618073389284335,0.0,0.06036800850477002,0.0044635926042026165,0.013712714081510166,-0.00945625211412671,0.10034620233470003,0.01463378720499645,0.0005013286176031696,-0.0010957204544781453,-0.0013272991213325004,-0.0005372135813657495,-0.0022620748255760335,0.003996739500577817,-0.00797109071791805,0.00852355934331247,0.009585099470510587,-0.003181080398197596,0.06036800850477002,-0.0044635926042026165,-0.16338479932008337,0.0,-0.08877571581718167,-0.0015386478271186186,0.024495838707777,-0.005208462400402835,0.00067963583911765,9.738544678093349e-05,-0.0006973193906459001,-5.155782312250973e-05,0.005941284672203567,-0.0017936899377659344,-0.012585056507145708,-0.010456578478049948,0.01785050241631517,-0.0035430003394573343,0.013712714081510166,0.00945625211412671,-0.08877571581718167,0.0015386478271186186,-0.044165882562696664,0.0,-0.034650580005443334,0.0195705177077975,0.0015491912577905334,0.008162309676174064,-0.0005702294725905832,-0.0009079628932747129,0.003305989612814983,0.013320185611856095,0.006340043888448448,0.008697483768208098,-0.00627265928693484,-0.00027305850004560016,0.10034620233470003,-0.01463378720499645,0.024495838707777,0.005208462400402835,-0.034650580005443334,-0.0195705177077975,-0.07100453230932831,0.0,-0.002921360652719404,0.002306024497245747,-0.001195495734157819,-0.0004937944631299049,-0.03050405045576833,0.012501033978451115,-0.033795558280836996,-0.010405442607887765,-0.00392374401218015,-0.0052862786574793,0.0005013286176031696,0.0010957204544781453,0.00067963583911765,-9.738544678093349e-05,0.0015491912577905334,-0.008162309676174064,-0.002921360652719404,-0.002306024497245747,-0.0877202696128017,0.0,0.9997091355456998
0.5930000000000002,0.0015313256322411167,0.0,-5.478206657380022e-05,0.0023411935053710494,0.0010023123641875002,0.00227824301288113,-0.0013532543288779669,0.0013607381908242835,0.0014361587025992668,-0.0004538050486517999,0.0006207959081389498,-0.001303777637468301,0.0005585864181543834,-0.00051836270788586,-0.0002540564920298832,-0.0010324289794453332,0.0005136138152536217,-0.0011998571791050677,-5.478206657380022e-05,-0.0023411935053710494,0.14460069611218335,0.0,0.2908956944275001,0.00039023002814939973,0.009976471471560243,0.026199887460756157,0.021570979562225995,-0.008585804228729732,-0.002223959088661433,-0.004002523416052533,0.005970351471683393,0.0017690237295352664,0.0032663351396803497,-0.013395096636377887,-0.030711013675271674,-0.012419152336132167,0.0010023123641875002,-0.00227824301288113,0.2908956944275001,-0.00039023002814939973,0.4478367208833002,0.0,-0.0144912044356319,0.05095438395639218,0.010259708389061612,-0.011124434963335449,-0.007875359295551117,-0.008485892347120747,-0.012663408844716673,0.010357248096163767,0.00635074450861465,-0.008780656207902283,-0.034068717991917005,0.010435038710769883,-0.0013532543288779669,-0.0013607381908242835,0.009976471471560243,-0.026199887460756157,-0.0144912044356319,-0.05095438395639218,0.6564085562023502,0.0,0.13015024101565004,0.020774732054053058,0.009519747902016535,0.0032126052842341513,0.018085681035965497,0.0035608059303585825,-0.006135322599216816,0.00036997171611543347,-0.004048924960564469,0.005205370760932114,0.0014361587025992668,0.0004538050486517999,0.021570979562225995,0.008585804228729732,0.010259708389061612,0.011124434963335449,0.13015024101565004,-0.020774732054053058,0.11610813022849671,0.0,0.06037804422123165,0.00441140671675015,0.013736541443629836,-0.009575780978159133,0.10042996057530167,0.014718203530588002,0.0004480823075263833,-0.0011574201703459508,0.0006207959081389498,0.001303777637468301,-0.002223959088661433,0.004002523416052533,-0.007875359295551117,0.008485892347120747,0.009519747902016535,-0.0032126052842341513,0.06037804422123165,-0.00441140671675015,-0.1634729356238834,0.0,-0.08877479237815003,-0.0015178914071235,0.024492741015082,-0.005168569258230867,0.000723305939663392,9.853591631066953e-05,0.0005585864181543834,0.00051836270788586,0.005970351471683393,-0.0017690237295352664,-0.012663408844716673,-0.010357248096163767,0.018085681035965497,-0.0035608059303585825,0.013736541443629836,0.009575780978159133,-0.08877479237815003,0.0015178914071235,-0.04433467538143668,0.0,-0.03474576243507999,0.019590942900602006,0.0015455331276382999,0.008187952761010864,-0.0002540564920298832,0.0010324289794453332,0.0032663351396803497,0.013395096636377887,0.00635074450861465,0.008780656207902283,-0.006135322599216816,-0.00036997171611543347,0.10042996057530167,-0.014718203530588002,0.024492741015082,0.005168569258230867,-0.03474576243507999,-0.019590942900602006,-0.07106774904151998,0.0,-0.0028689016766045507,0.002274428990531876,0.0005136138152536217,0.0011998571791050677,-0.030711013675271674,0.012419152336132167,-0.034068717991917005,-0.010435038710769883,-0.004048924960564469,-0.005205370760932114,0.0004480823075263833,0.0011574201703459508,0.000723305939663392,-9.853591631066953e-05,0.0015455331276382999,-0.008187952761010864,-0.0028689016766045507,-0.002274428990531876,-0.08790111704777165,0.0,0.9997089519640504
0.5940000000000005,0.0015311420534439841,0.0,-0.0016804044372748,-0.0016793494865277167,-0.002339110913798734,-0.0008399597700155498,-0.00020711085523609992,-0.001891616389274975,-0.0006546163101934998,0.0013527079554725998,0.0004289674151295002,0.0013886387218154965,-0.00010559503379526836,0.0008261421881091668,0.000924227468147637,0.0005362353228253877,0.0004822491981223501,0.0012255139034571152,-0.0016804044372748,0.0016793494865277167,0.14467426756515006,0.0,0.29094572905981664,-8.179091332161007e-05,0.009981782380510121,0.026455696144594178,0.02150455287969683,-0.008532134934247631,-0.0021977530779556504,-0.0039893685812673,0.006015010473660052,0.0017452631978120603,0.0032307771061792175,-0.013462181044595465,-0.030914289901438335,-0.012351168777383665,-0.002339110913798734,0.0008399597700155498,0.29094572905981664,8.179091332161007e-05,0.44723086106119997,0.0,-0.01472413578691365,0.050837926127910014,0.010183777765777101,-0.011160676000458522,-0.0077590244850621335,-0.00846748338321025,-0.012720734972622218,0.010235557973719533,0.006363561734444934,-0.008826248993016832,-0.034334784338424996,0.010453130103056587,-0.00020711085523609992,0.001891616389274975,0.009981782380510121,-0.026455696144594178,-0.01472413578691365,-0.050837926127910014,0.6575099251215001,0.0,0.13045380158029998,0.020632446107353156,0.00942197544049165,0.00324525391489471,0.01831895385796533,0.0035586153857052366,-0.006023059551401899,0.0004704176931127631,-0.004136867051094831,0.005116068114491932,-0.0006546163101934998,-0.0013527079554725998,0.02150455287969683,0.008532134934247631,0.010183777765777101,0.011160676000458522,0.13045380158029998,-0.020632446107353156,0.11603922319356333,0.0,0.060399752560846655,0.004355868277261616,0.013736883439899834,-0.00965910607505083,0.1005135454752033,0.014806770607904782,0.0003630858734896332,-0.001221214405773432,0.0004289674151295002,-0.0013886387218154965,-0.0021977530779556504,0.0039893685812673,-0.0077590244850621335,0.00846748338321025,0.00942197544049165,-0.00324525391489471,0.060399752560846655,-0.004355868277261616,-0.16356074237856666,0.0,-0.08874275166422667,-0.0014828046921313946,0.024492124932904168,-0.005134195955581949,0.0007601419703219751,0.00010888596679636467,-0.00010559503379526836,-0.0008261421881091668,0.006015010473660052,-0.0017452631978120603,-0.012720734972622218,-0.010235557973719533,0.01831895385796533,-0.0035586153857052366,0.013736883439899834,0.00965910607505083,-0.08874275166422667,0.0014828046921313946,-0.04450226974519,0.0,-0.03482311609489166,0.01960776034559617,0.0015459652937811533,0.008207843620520483,0.000924227468147637,-0.0005362353228253877,0.0032307771061792175,0.013462181044595465,0.006363561734444934,0.008826248993016832,-0.006023059551401899,-0.0004704176931127631,0.1005135454752033,-0.014806770607904782,0.024492124932904168,0.005134195955581949,-0.03482311609489166,-0.01960776034559617,-0.07113285730641498,0.0,-0.0028550709738491995,0.0022296257379199615,0.0004822491981223501,-0.0012255139034571152,-0.030914289901438335,0.012351168777383665,-0.034334784338424996,-0.010453130103056587,-0.004136867051094831,-0.005116068114491932,0.0003630858734896332,0.001221214405773432,0.0007601419703219751,-0.00010888596679636467,0.0015459652937811533,-0.008207843620520483,-0.0028550709738491995,-0.0022296257379199615,-0.08808078118637495,0.0,0.9997087683789833
0.5949999999999994,0.0015309584868106495,0.0,0.0024080562514538677,-4.5146926957516514e-05,0.002244498192954694,-0.0010999070448878333,0.001602872310348917,0.0010638370998784833,-0.0005146937716431663,-0.0014117547989950167,-0.0012559676524159463,-0.0007249753986555584,-0.0005136318096060548,-0.0007485671560905518,-0.0010340111766616495,0.00028482558625903323,-0.001225618905108445,-0.0005227826499812086,0.0024080562514538677,4.5146926957516514e-05,0.14472821775866668,0.0,0.2909749587800002,-0.0005621898441492851,0.01007464465242957,0.026669394221037812,0.021448581208216497,-0.008505577804079735,-0.0021678447406731504,-0.00396762568735375,0.006051388730808143,0.001706378264061417,0.003208890512727967,-0.013510344412050604,-0.031100953989531662,-0.0122867927469595,0.002244498192954694,0.0010999070448878333,0.2909749587800002,0.0005621898441492851,0.44664544856986665,0.0,-0.014980149566658647,0.050620031029450986,0.010039756318952636,-0.011222782602774118,-0.0076524405189965,-0.008432075007915383,-0.012777405329541547,0.010102560062167053,0.006335281158073528,-0.0088437266625635,-0.03462673446772168,0.010477580257656889,0.001602872310348917,-0.0010638370998784833,0.01007464465242957,-0.026669394221037812,-0.014980149566658647,-0.050620031029450986,0.6586069101605667,0.0,0.13080305806488332,0.020499161852663494,0.009319712242966684,0.0032633382244991707,0.018570437031534003,0.0036006490304942656,-0.005925572459884934,0.0005637426033303001,-0.004223340869871889,0.005022753350202533,-0.0005146937716431663,0.0014117547989950167,0.021448581208216497,0.008505577804079735,0.010039756318952636,0.011222782602774118,0.13080305806488332,-0.020499161852663494,0.1159729634341067,0.0,0.06042832234453333,0.004292642735485033,0.013705310362067336,-0.009724646575884333,0.10060684772427164,0.014876677894550433,0.0002950861658509334,-0.0012964358595368003,-0.0012559676524159463,0.0007249753986555584,-0.0021678447406731504,0.00396762568735375,-0.0076524405189965,0.008432075007915383,0.009319712242966684,-0.0032633382244991707,0.06042832234453333,-0.004292642735485033,-0.16364787729571662,0.0,-0.08871059203665001,-0.0014683965697441833,0.024502349355012165,-0.005106791627822633,0.0007921696876450166,9.34557396434219e-05,-0.0005136318096060548,0.0007485671560905518,0.006051388730808143,-0.001706378264061417,-0.012777405329541547,-0.010102560062167053,0.018570437031534003,-0.0036006490304942656,0.013705310362067336,0.009724646575884333,-0.08871059203665001,0.0014683965697441833,-0.044669104405625014,0.0,-0.03488506058619,0.01963347031749467,0.001562400285714345,0.008249300787733367,-0.0010340111766616495,-0.00028482558625903323,0.003208890512727967,0.013510344412050604,0.006335281158073528,0.0088437266625635,-0.005925572459884934,-0.0005637426033303001,0.10060684772427164,-0.014876677894550433,0.024502349355012165,0.005106791627822633,-0.03488506058619,-0.01963347031749467,-0.07119959349710833,0.0,-0.002865093586584501,0.0021772096904529134,-0.001225618905108445,0.0005227826499812086,-0.031100953989531662,0.0122867927469595,-0.03462673446772168,-0.010477580257656889,-0.004223340869871889,-0.005022753350202533,0.0002950861658509334,0.0012964358595368003,0.0007921696876450166,-9.34557396434219e-05,0.001562400285714345,-0.008249300787733367,-0.002865093586584501,-0.0021772096904529134,-0.08825933840663168,0.0,0.9997085848049
0.5959999999999996,0.001530774935770316,0.0,-0.0016542541077284004,0.0017822227955849763,-0.0007888854392624331,0.0023986676599826342,-0.0018676797486772,0.0005369043287222667,0.0013849259874528493,0.0006180012279268364,0.0014014808951094335,-0.0003103601040395329,0.0009439699441555048,0.00020904328377181682,0.0005216370533131086,-0.0009376969114035161,0.0012409841261619787,-0.0005158844493907334,-0.0016542541077284004,-0.0017822227955849763,0.14476379697143335,0.0,0.2909774438979333,-0.0009812605658920967,0.010233653335295353,0.026851183745445237,0.0213896868014295,-0.008496641041969535,-0.0021192018024059423,-0.0039425246856133,0.006072229011232033,0.0016537543550925499,0.003187863000660783,-0.013542552571520185,-0.03128023088591499,-0.012228786854567786,-0.0007888854392624331,-0.0023986676599826342,0.2909774438979333,0.0009812605658920967,0.4460801600040332,0.0,-0.015216757097811565,0.050379712798765,0.00988282584482295,-0.011233854022931212,-0.007557248323678168,-0.008359370695405703,-0.012830713501291831,0.009963228703772883,0.006296701798181443,-0.008870008337642515,-0.034928447309838344,0.01045896514743065,-0.0018676797486772,-0.0005369043287222667,0.010233653335295353,-0.026851183745445237,-0.015216757097811565,-0.050379712798765,0.6596984594827837,0.0,0.1311784940867,0.02034149806462969,0.009238217556962403,0.0032490706706217076,0.01879776532717538,0.003682149904624384,-0.005830974539333334,0.000650169218122133,-0.004287924016635496,0.0049345739472233495,0.0013849259874528493,-0.0006180012279268364,0.0213896868014295,0.008496641041969535,0.00988282584482295,0.011233854022931212,0.1311784940867,-0.02034149806462969,0.11590921677192165,0.0,0.060452662602973335,0.004225749754032082,0.013685646941805664,-0.009808459281222502,0.10069237442062495,0.014940730625533298,0.00028256760453784167,-0.0013842676659099665,0.0014014808951094335,0.0003103601040395329,-0.0021192018024059423,0.0039425246856133,-0.007557248323678168,0.008359370695405703,0.009238217556962403,-0.0032490706706217076,0.060452662602973335,-0.004225749754032082,-0.16373329120611668,0.0,-0.08870816119840169,-0.0014708275883184934,0.0245173248756945,-0.005071991626037034,0.0008291946037579435,5.6428512579668214e-05,0.0009439699441555048,-0.00020904328377181682,0.006072229011232033,-0.0016537543550925499,-0.012830713501291831,-0.009963228703772883,0.01879776532717538,-0.003682149904624384,0.013685646941805664,0.009808459281222502,-0.08870816119840169,0.0014708275883184934,-0.04483615797812167,0.0,-0.03495408647734167,0.01966714661064416,0.0015825413788411,0.008305591380453265,0.0005216370533131086,0.0009376969114035161,0.003187863000660783,0.013542552571520185,0.006296701798181443,0.008870008337642515,-0.005830974539333334,-0.000650169218122133,0.10069237442062495,-0.014940730625533298,0.0245173248756945,0.005071991626037034,-0.03495408647734167,-0.01966714661064416,-0.07126752428345333,0.0,-0.002850334477652067,0.0021404055741059,0.0012409841261619787,0.0005158844493907334,-0.03128023088591499,0.012228786854567786,-0.034928447309838344,-0.01045896514743065,-0.004287924016635496,-0.0049345739472233495,0.00028256760453784167,0.0013842676659099665,0.0008291946037579435,-5.6428512579668214e-05,0.0015825413788411,-0.008305591380453265,-0.002850334477652067,-0.0021404055741059,-0.08843703345110998,0.0,0.9997084012472833
0.5970000000000006,0.0015305913886368328,0.0,-0.00015044886531102332,-0.002452591541539017,-0.0011731499202954664,-0.0022453483325247338,0.0008012681741765097,-0.0017823890339678332,-0.001422595744196284,0.0005942224195249168,-0.0008266345884484502,0.0011557288071983166,-0.0008637403000013827,0.0005142053053204117,0.00031691485168125645,0.0010376452223460838,-0.0005110883667619296,0.0012416253063458173,-0.00015044886531102332,0.002452591541539017,0.14478344341331661,0.0,0.29098411439729993,-0.0013559390398870828,0.010386770147593816,0.027055075097031332,0.021340197989792333,-0.008467303033373067,-0.0020628078867522648,-0.0039062547110622165,0.006095294979232182,0.0016077438871774164,0.0031660685926726503,-0.013568885778873068,-0.031468018460926665,-0.012182963943610216,-0.0011731499202954664,0.0022453483325247338,0.29098411439729993,0.0013559390398870828,0.4455322963688167,0.0,-0.015436757402135104,0.050227343462536184,0.00979721638705075,-0.011204051442541949,-0.007440345694311013,-0.008274647601790584,-0.012857391003770702,0.00982377322658587,0.00632417936388921,-0.008908146863967367,-0.03519867967245332,0.010377825739709494,0.0008012681741765097,0.0017823890339678332,0.010386770147593816,-0.027055075097031332,-0.015436757402135104,-0.050227343462536184,0.6607847831404333,0.0,0.1315695147934,0.020195865846632837,0.0091681415406555,0.003198949889373704,0.018976206100459345,0.003743397104252964,-0.005730355236178266,0.0007247578239404555,-0.00429750108434855,0.0048678658718046995,-0.001422595744196284,-0.0005942224195249168,0.021340197989792333,0.008467303033373067,0.00979721638705075,0.011204051442541949,0.1315695147934,-0.020195865846632837,0.11584832235911999,0.0,0.06048720357063498,0.004159455847014616,0.013707967413204007,-0.009918163460225367,0.10076759634554669,0.015016649272524652,0.00029584812909454997,-0.001471848194378734,-0.0008266345884484502,-0.0011557288071983166,-0.0020628078867522648,0.0039062547110622165,-0.007440345694311013,0.008274647601790584,0.0091681415406555,-0.003198949889373704,0.06048720357063498,-0.004159455847014616,-0.1638169298602167,0.0,-0.08872856481223836,-0.0014518678673495233,0.024531973731663832,-0.005026552593468217,0.0008725889227730516,3.647333203728338e-05,-0.0008637403000013827,-0.0005142053053204117,0.006095294979232182,-0.0016077438871774164,-0.012857391003770702,-0.00982377322658587,0.018976206100459345,-0.003743397104252964,0.013707967413204007,0.009918163460225367,-0.08872856481223836,0.0014518678673495233,-0.04500326748439333,0.0,-0.035045621754216674,0.019698040746032163,0.0015873682705747952,0.008343572813379775,0.00031691485168125645,-0.0010376452223460838,0.0031660685926726503,0.013568885778873068,0.00632417936388921,0.008908146863967367,-0.005730355236178266,-0.0007247578239404555,0.10076759634554669,-0.015016649272524652,0.024531973731663832,0.005026552593468217,-0.035045621754216674,-0.019698040746032163,-0.07133676131357834,0.0,-0.0028055199289977505,0.0021222850987976886,-0.0005110883667619296,-0.0012416253063458173,-0.031468018460926665,0.012182963943610216,-0.03519867967245332,-0.010377825739709494,-0.00429750108434855,-0.0048678658718046995,0.00029584812909454997,0.001471848194378734,0.0008725889227730516,-3.647333203728338e-05,0.0015873682705747952,-0.008343572813379775,-0.0028055199289977505,-0.0021222850987976886,-0.08861426031877166,0.0,0.9997082176930001
0.5979999999999995,0.0015304078345323331,0.0,0.0019038783553849165,0.0015959125486974665,0.002415045292210649,0.0007249439561874332,0.0008564534439377165,0.0017817159005949167,0.0005468494318931018,-0.0014676087776437955,-0.00015825479806263332,-0.001402320702634083,0.00028908529363602675,-0.0010037623023032166,-0.0009904581713493167,-0.0005017639157925002,-0.0004982709182771435,-0.0012356902949402831,0.0019038783553849165,-0.0015959125486974665,0.1447878741900333,0.0,0.29097216479346666,-0.0017400097826628677,0.010534264101687573,0.02727467348780403,0.02130956927633067,-0.00842659147660663,-0.0020147326386598485,-0.0038541420399074828,0.006129904880336183,0.0015732037695843336,0.0031673334114110676,-0.013586295211549028,-0.031657829310074985,-0.012141324440951506,0.002415045292210649,-0.0007249439561874332,0.29097216479346666,0.0017400097826628677,0.4450004649043333,0.0,-0.015687321014032165,0.05011526490819082,0.009761228922531688,-0.011204306404231899,-0.007290238680658771,-0.0082046224687476,-0.012851763798730782,0.009693647696371975,0.006425537543212913,-0.008921961139215315,-0.035443696406888346,0.010285257296663882,0.0008564534439377165,-0.0017817159005949167,0.010534264101687573,-0.02727467348780403,-0.015687321014032165,-0.05011526490819082,0.6618676522855501,0.0,0.13194981933095,0.020112166371607697,0.009086141005957052,0.003127118503559902,0.01912735491000269,0.003781943155538667,-0.005613554094647779,0.0007852766412320631,-0.004273117795909584,0.00481932193066304,0.0005468494318931018,0.0014676087776437955,0.02130956927633067,0.00842659147660663,0.009761228922531688,0.011204306404231899,0.13194981933095,-0.020112166371607697,0.11578943302458498,0.0,0.060542119853858344,0.0040885520976477,0.013746662068818662,-0.01002858494288168,0.10083506712114167,0.015090777785836791,0.00028905852500816663,-0.0015454361799167491,-0.00015825479806263332,0.001402320702634083,-0.0020147326386598485,0.0038541420399074828,-0.007290238680658771,0.0082046224687476,0.009086141005957052,-0.003127118503559902,0.060542119853858344,-0.0040885520976477,-0.16389981348758334,0.0,-0.08872409440232162,-0.0014018487672079944,0.02454530969890984,-0.004987272663551786,0.0009138722708481915,4.4146387782450364e-05,0.00028908529363602675,0.0010037623023032166,0.006129904880336183,-0.0015732037695843336,-0.012851763798730782,-0.009693647696371975,0.01912735491000269,-0.003781943155538667,0.013746662068818662,0.01002858494288168,-0.08872409440232162,0.0014018487672079944,-0.04516922594869499,0.0,-0.03514119377235668,0.019720996927156335,0.0015762363068203833,0.00835808320059155,-0.0009904581713493167,0.0005017639157925002,0.0031673334114110676,0.013586295211549028,0.006425537543212913,0.008921961139215315,-0.005613554094647779,-0.0007852766412320631,0.10083506712114167,-0.015090777785836791,0.02454530969890984,0.004987272663551786,-0.03514119377235668,-0.019720996927156335,-0.07140759345546166,0.0,-0.002771110527887817,0.0021002881296731473,-0.0004982709182771435,0.0012356902949402831,-0.031657829310074985,0.012141324440951506,-0.035443696406888346,-0.010285257296663882,-0.004273117795909584,-0.00481932193066304,0.00028905852500816663,0.0015454361799167491,0.0009138722708481915,-4.4146387782450364e-05,0.0015762363068203833,-0.00835808320059155,-0.002771110527887817,-0.0021002881296731473,-0.08879116521496168,0.0,0.9997080341321499
0.5989999999999998,0.0015302242878376335,0.0,-0.0024731469398458494,0.0002759625147409666,-0.00220594522225895,0.0012143102531528332,-0.001942054507065033,-0.0005157215156502953,0.0006904399627981268,0.0014290134266957337,0.0010556633854777399,0.0009179885207957016,0.00050984548883932,0.0009772991925607502,0.0010684218033529334,-0.0003584385202325166,0.0012099298323312501,0.0005356208291742665,-0.0024731469398458494,-0.0002759625147409666,0.14477669299165002,0.0,0.29093913577550007,-0.0021193763399873335,0.010737129245429133,0.027444771265517965,0.02128126259820433,-0.008428229877435665,-0.0019691959408303784,-0.003793075634719734,0.006160721515316236,0.0015296932901967331,0.0032069765559587333,-0.01358992652072833,-0.031835638536668334,-0.012095279413515585,-0.00220594522225895,-0.0012143102531528332,0.29093913577550007,0.0021193763399873335,0.44448533519045,0.0,-0.015997710007171703,0.049923501572349815,0.009696132111590632,-0.01124209278304547,-0.00714742588087617,-0.00813230337228745,-0.01284195750670165,0.0095742985847096,0.006536873889258415,-0.008904741293214755,-0.03571904384242833,0.010217431402497368,-0.001942054507065033,0.0005157215156502953,0.010737129245429133,-0.027444771265517965,-0.015997710007171703,-0.049923501572349815,0.6629481157071501,0.0,0.13231296077285,0.020071214166968294,0.0089977606606136,0.0030565861117654,0.01926832588166653,0.003863191502849,-0.005483745127470434,0.0008431604409107166,-0.004267453181381816,0.004765103782631775,0.0006904399627981268,-0.0014290134266957337,0.02128126259820433,0.008428229877435665,0.009696132111590632,0.01124209278304547,0.13231296077285,-0.020071214166968294,0.11573058043921167,0.0,0.0606111360364,0.004002630807385417,0.013774667183841236,-0.010132191942247131,0.10089967505631,0.015140741953160659,0.0002696328027218368,-0.0015980125027633746,0.0010556633854777399,-0.0009179885207957016,-0.0019691959408303784,0.003793075634719734,-0.00714742588087617,0.00813230337228745,0.0089977606606136,-0.0030565861117654,0.0606111360364,-0.004002630807385417,-0.16398227053931663,0.0,-0.08868740318612499,-0.0013532132444920883,0.024559141109659496,-0.004964889087918184,0.0009544112609556515,4.63594252976335e-05,0.00050984548883932,-0.0009772991925607502,0.006160721515316236,-0.0015296932901967331,-0.01284195750670165,-0.0095742985847096,0.01926832588166653,-0.003863191502849,0.013774667183841236,0.010132191942247131,-0.08868740318612499,0.0013532132444920883,-0.04533349328937664,0.0,-0.03522270956307334,0.0197453541521505,0.0015600998267192336,0.008380543301368002,0.0010684218033529334,0.0003584385202325166,0.0032069765559587333,0.01358992652072833,0.006536873889258415,0.008904741293214755,-0.005483745127470434,-0.0008431604409107166,0.10089967505631,-0.015140741953160659,0.024559141109659496,0.004964889087918184,-0.03522270956307334,-0.0197453541521505,-0.07147973629330999,0.0,-0.0027655116693529836,0.00206878291680971,0.0012099298323312501,-0.0005356208291742665,-0.031835638536668334,0.012095279413515585,-0.03571904384242833,-0.010217431402497368,-0.004267453181381816,-0.004765103782631775,0.0002696328027218368,0.0015980125027633746,0.0009544112609556515,-4.63594252976335e-05,0.0015600998267192336,-0.008380543301368002,-0.0027655116693529836,-0.00206878291680971,-0.08896759791538669,0.0,0.9997078505790337
0.6000000000000008,0.001530040757240717,0.0,0.0014954905143344667,-0.0019503692326747666,0.0006772009249805666,-0.0024425242036513663,0.001666639431739483,-0.0011351477021803668,-0.0015296865186477,-0.0005032465435498833,-0.0013813337218855162,4.1771695138799764e-05,-0.0011092603862852255,-0.00036570705697041276,-0.0005009386377161002,0.000997560892372617,-0.0012333694579919332,0.0004570237059713551,0.0014954905143344667,0.0019503692326747666,0.14475114754686663,0.0,0.2909287813146833,-0.0024345737663720333,0.011000906260493581,0.027552890415270224,0.02123072330293233,-0.008482901948530698,-0.0019114406810331998,-0.0037290956694060176,0.0061754049149855845,0.0014694138276579334,0.003266394322747469,-0.013587176290550779,-0.032000774331880005,-0.01205311936462958,0.0006772009249805666,0.0024425242036513663,0.2909287813146833,0.0024345737663720333,0.4439865030065,0.0,-0.016332414513498348,0.04967042036973933,0.009590982169654193,-0.011255169617266959,-0.007048760517991332,-0.008026445937427126,-0.012846442480646595,0.009466423883649981,0.006626842843697992,-0.008898119463413736,-0.036039151578426666,0.010137551990080996,0.001666639431739483,0.0011351477021803668,0.011000906260493581,-0.027552890415270224,-0.016332414513498348,-0.04967042036973933,0.6640255351807668,0.0,0.13267207894203334,0.020014457865777536,0.008931034486170882,0.002999206914633208,0.019382743400312152,0.004005069514936815,-0.005359794814629033,0.0009117170606560497,-0.004286476196745882,0.004697552618705584,-0.0015296865186477,0.0005032465435498833,0.02123072330293233,0.008482901948530698,0.009590982169654193,0.011255169617266959,0.13267207894203334,-0.020014457865777536,0.11567063648596664,0.0,0.060677251174340016,0.00390501340838805,0.013814460730784399,-0.010245622723153651,0.10095570575400335,0.015171015205788055,0.0002755848204676334,-0.001633176834775967,-0.0013813337218855162,-4.1771695138799764e-05,-0.0019114406810331998,0.0037290956694060176,-0.007048760517991332,0.008026445937427126,0.008931034486170882,-0.002999206914633208,0.060677251174340016,-0.00390501340838805,-0.16406342902121665,0.0,-0.08865814559504664,-0.0013231506110842,0.024566176761068998,-0.004946750662740588,0.0010048939514591185,2.2749234243193336e-05,-0.0011092603862852255,0.00036570705697041276,0.0061754049149855845,-0.0014694138276579334,-0.012846442480646595,-0.009466423883649981,0.019382743400312152,-0.004005069514936815,0.013814460730784399,0.010245622723153651,-0.08865814559504664,0.0013231506110842,-0.04549664569895333,0.0,-0.03529728449444,0.019776082274750004,0.0015429564157597995,0.008422789188150627,-0.0005009386377161002,-0.000997560892372617,0.003266394322747469,0.013587176290550779,0.006626842843697992,0.008898119463413736,-0.005359794814629033,-0.0009117170606560497,0.10095570575400335,-0.015171015205788055,0.024566176761068998,0.004946750662740588,-0.03529728449444,-0.019776082274750004,-0.07155249699639164,0.0,-0.002761008037205851,0.002051954795308486,-0.0012333694579919332,-0.0004570237059713551,-0.032000774331880005,0.01205311936462958,-0.036039151578426666,-0.010137551990080996,-0.004286476196745882,-0.004697552618705584,0.0002755848204676334,0.001633176834775967,0.0010048939514591185,-2.2749234243193336e-05,0.0015429564157597995,-0.008422789188150627,-0.002761008037205851,-0.002051954795308486,-0.08914362421910667,0.0,0.9997076670412335
0.6009999999999993,0.0015298572352199003,0.0,0.0003653127117169832,0.0023899059374937535,0.0012918220552068833,0.002193764743201172,-0.00021326280406751638,0.001969965979640333,0.0014334706928878333,-0.0007849130782662664,0.000983570833315983,-0.0009542029207547635,0.0010995466806573,-0.0005378673946279367,-0.00034300942878225023,-0.0010322756003925502,0.0005652879380896931,-0.0011691624944698668,0.0003653127117169832,-0.0023899059374937535,0.14471401055163335,0.0,0.2909536646118666,-0.0026907739689394665,0.011257524017233114,0.02767269707882195,0.021166832953666503,-0.008530029173386166,-0.0018449815986111005,-0.003655454785302802,0.006189051497222081,0.0014137756785340416,0.0033169420691107052,-0.013586598533211484,-0.03216371342743833,-0.012032518669112318,0.0012918220552068833,-0.002193764743201172,0.2909536646118666,0.0026907739689394665,0.44350127027916675,0.0,-0.016643381949879413,0.04948618892991233,0.009514639167635532,-0.011227381703353906,-0.006979317984646533,-0.007892717324010468,-0.012848429020390932,0.00937989472806061,0.0067421063436767514,-0.008923745479244932,-0.03634950515490834,0.01000207782835,-0.00021326280406751638,-0.001969965979640333,0.011257524017233114,-0.02767269707882195,-0.016643381949879413,-0.04948618892991233,0.6650994773979501,0.0,0.13302524362423332,0.01994761764253732,0.008892335335729497,0.002943950944986951,0.019463370804815538,0.004134900407678916,-0.005264495033217283,0.0009899020112306169,-0.0042891076722840465,0.004642365876939158,0.0014334706928878333,0.0007849130782662664,0.021166832953666503,0.008530029173386166,0.009514639167635532,0.011227381703353906,0.13302524362423332,-0.01994761764253732,0.11560984286759499,0.0,0.060736143381515006,0.0038095018623946993,0.013895146749121283,-0.010366770424556186,0.10099033135375837,0.015203813045247835,0.00030701318695195974,-0.0016679501903214993,0.000983570833315983,0.0009542029207547635,-0.0018449815986111005,0.003655454785302802,-0.006979317984646533,0.007892717324010468,0.008892335335729497,-0.002943950944986951,0.060736143381515006,-0.0038095018623946993,-0.1641428168947333,0.0,-0.08865086889594505,-0.0012852705145223167,0.024553464905806836,-0.004916471933833635,0.0010631659579802889,-7.676869926332223e-07,0.0010995466806573,0.0005378673946279367,0.006189051497222081,-0.0014137756785340416,-0.012848429020390932,-0.00937989472806061,0.019463370804815538,-0.004134900407678916,0.013895146749121283,0.010366770424556186,-0.08865086889594505,0.0012852705145223167,-0.04565887257762335,0.0,-0.035378862231179996,0.019800722847306336,0.0015191039032646202,0.008454689283592899,-0.00034300942878225023,0.0010322756003925502,0.0033169420691107052,0.013586598533211484,0.0067421063436767514,0.008923745479244932,-0.005264495033217283,-0.0009899020112306169,0.10099033135375837,-0.015203813045247835,0.024553464905806836,0.004916471933833635,-0.035378862231179996,-0.019800722847306336,-0.07162558212795665,0.0,-0.002734580216607034,0.0020655298651518997,0.0005652879380896931,0.0011691624944698668,-0.03216371342743833,0.012032518669112318,-0.03634950515490834,-0.01000207782835,-0.0042891076722840465,-0.004642365876939158,0.00030701318695195974,0.0016679501903214993,0.0010631659579802889,7.676869926332223e-07,0.0015191039032646202,-0.008454689283592899,-0.002734580216607034,-0.0020655298651518997,-0.08931970321839665,0.0,0.9997074835128998
0.6019999999999999,0.0015296737013368992,0.0,-0.0019626373154264997,-0.0013778322192286717,-0.002462525912452616,-0.0005882249658694084,-0.0013439754677838666,-0.0013880345005033536,-0.00038055614134344996,0.0016059881151703336,-8.60062978807468e-05,0.0013675450651646833,-0.0004313143560074166,0.001197934494024933,0.0009551936232034332,0.0004653046573352831,0.0003812749873519166,0.00121337899800495,-0.0019626373154264997,0.0013778322192286717,0.1446664184506,0.0,0.2909971377621334,-0.0029741926557151255,0.011473323953345316,0.0278484714209652,0.021121073214257997,-0.00853002461930445,-0.0017893456734375053,-0.003567306970341765,0.006224075001750279,0.0013822051358914438,0.003355936286727557,-0.013585196880012723,-0.03233528993787667,-0.012042520502015602,-0.002462525912452616,0.0005882249658694084,0.2909971377621334,0.0029741926557151255,0.44302769041098333,0.0,-0.016948484094979,0.04942213228336234,0.009497719326335148,-0.01122554045281576,-0.006906467911863184,-0.007766234603934731,-0.012830770016975522,0.009322941450022021,0.00691258625962929,-0.008947552372087202,-0.03662106659356666,0.009830036324156601,-0.0013439754677838666,0.0013880345005033536,0.011473323953345316,-0.0278484714209652,-0.016948484094979,-0.04942213228336234,0.6661714901976836,0.0,0.13336855484866666,0.019926904226688098,0.008853107451167666,0.0028693693502145684,0.019536908156300683,0.004195102064094084,-0.005205647240071034,0.0010683174053204003,-0.0042567404947575676,0.0046223571117730506,-0.00038055614134344996,-0.0016059881151703336,0.021121073214257997,0.00853002461930445,0.009497719326335148,0.01122554045281576,0.13336855484866666,-0.019926904226688098,0.11554815481587334,0.0,0.060803661205390006,0.003721105106318667,0.01399483024046386,-0.010466384502276865,0.10101960930040496,0.015245956976258518,0.00033021252478381664,-0.0017222011070564902,-8.60062978807468e-05,-0.0013675450651646833,-0.0017893456734375053,0.003567306970341765,-0.006906467911863184,0.007766234603934731,0.008853107451167666,-0.0028693693502145684,0.060803661205390006,-0.003721105106318667,-0.1642212793246667,0.0,-0.08863714553196664,-0.0012187012415034162,0.02452081116936499,-0.004877607214419016,0.0011125453034304365,2.2338738087666438e-06,-0.0004313143560074166,-0.001197934494024933,0.006224075001750279,-0.0013822051358914438,-0.012830770016975522,-0.009322941450022021,0.019536908156300683,-0.004195102064094084,0.01399483024046386,0.010466384502276865,-0.08863714553196664,0.0012187012415034162,-0.04581918748854831,0.0,-0.035467245786178325,0.01980769767936499,0.0014880865232317394,0.008457964022547067,0.0009551936232034332,-0.0004653046573352831,0.003355936286727557,0.013585196880012723,0.00691258625962929,0.008947552372087202,-0.005205647240071034,-0.0010683174053204003,0.10101960930040496,-0.015245956976258518,0.02452081116936499,0.004877607214419016,-0.035467245786178325,-0.01980769767936499,-0.07169931533150999,0.0,-0.0027052919854137,0.0020855991580119213,0.0003812749873519166,-0.00121337899800495,-0.03233528993787667,0.012042520502015602,-0.03662106659356666,-0.009830036324156601,-0.0042567404947575676,-0.0046223571117730506,0.00033021252478381664,0.0017222011070564902,0.0011125453034304365,-2.2338738087666438e-06,0.0014880865232317394,-0.008457964022547067,-0.0027052919854137,-0.0020855991580119213,-0.0894963454595,0.0,0.9997072999722169
0.6030000000000008,0.0015294901553153338,0.0,0.0023470877168896166,-0.00046338125381780007,0.0021218012596359993,-0.0013479169392708972,0.0018965364610527035,-0.00014017706739056658,-0.000947676799376367,-0.0013634176439938999,-0.0008640640510287186,-0.0010639856852650168,-0.0005494622630777617,-0.0012077003815383993,-0.000983312192101117,0.0003502820495737665,-0.0010845536996126684,-0.0006158753427553914,0.0023470877168896166,0.00046338125381780007,0.1446064850659834,0.0,0.2909966124570667,-0.0033411204738605497,0.011694547513222995,0.028013999569851514,0.02109298971830983,-0.008527294603167932,-0.0017537800887712166,-0.003477436025532167,0.006277690274710215,0.0013649131298431837,0.003398995057645095,-0.013570871076591067,-0.03251163297898166,-0.0120707774071724,0.0021218012596359993,0.0013479169392708972,0.2909966124570667,0.0033411204738605497,0.44256731168913344,0.0,-0.01729491973577383,0.049376555981109335,0.009477545990871113,-0.011289551427059301,-0.006838845764636701,-0.007660810789193784,-0.012802444084944289,0.009276166737759781,0.0070779630203690455,-0.008937504843787398,-0.03688935148892834,0.009655929550065188,0.0018965364610527035,0.00014017706739056658,0.011694547513222995,-0.028013999569851514,-0.01729491973577383,-0.049376555981109335,0.6672435604377834,0.0,0.13369927510780005,0.019961071529133418,0.008786169949244452,0.002768029371373068,0.019623691137085786,0.0042215519315274164,-0.005172759300841784,0.001138356117979034,-0.0042192283713173425,0.0046216057987012995,-0.000947676799376367,0.0013634176439938999,0.02109298971830983,0.008527294603167932,0.009477545990871113,0.011289551427059301,0.13369927510780005,-0.019961071529133418,0.11548433529261828,0.0,0.060876498496258334,0.003627586040403625,0.014064148246362523,-0.010532253824727602,0.10105177304812334,0.015277712740356466,0.00033863605947481663,-0.0017988626649097664,-0.0008640640510287186,0.0010639856852650168,-0.0017537800887712166,0.003477436025532167,-0.006838845764636701,0.007660810789193784,0.008786169949244452,-0.002768029371373068,0.060876498496258334,-0.003627586040403625,-0.1642995276103499,0.0,-0.08857899415934165,-0.001149621817063923,0.024481382556958333,-0.004841990202344668,0.0011451451683750335,1.349241474506649e-05,-0.0005494622630777617,0.0012077003815383993,0.006277690274710215,-0.0013649131298431837,-0.012802444084944289,-0.009276166737759781,0.019623691137085786,-0.0042215519315274164,0.014064148246362523,0.010532253824727602,-0.08857899415934165,0.001149621817063923,-0.04597680518847336,0.0,-0.03554140034207333,0.019804117066282666,0.0014551092326634866,0.008456120332992067,-0.000983312192101117,-0.0003502820495737665,0.003398995057645095,0.013570871076591067,0.0070779630203690455,0.008937504843787398,-0.005172759300841784,-0.001138356117979034,0.10105177304812334,-0.015277712740356466,0.024481382556958333,0.004841990202344668,-0.03554140034207333,-0.019804117066282666,-0.07177396273169666,0.0,-0.0026996978044942716,0.002079295673301559,-0.0010845536996126684,0.0006158753427553914,-0.03251163297898166,0.0120707774071724,-0.03688935148892834,-0.009655929550065188,-0.0042192283713173425,-0.0046216057987012995,0.00033863605947481663,0.0017988626649097664,0.0011451451683750335,-1.349241474506649e-05,0.0014551092326634866,-0.008456120332992067,-0.0026996978044942716,-0.002079295673301559,-0.08967377069082665,0.0,0.9997071164191998
0.6039999999999994,0.0015293066119833666,0.0,-0.0012785685805330154,0.0020046389833995332,-0.0005183853849368318,0.002465837271468016,-0.0011223466643265165,0.0015156110496968435,0.0016620592527666284,0.00021407722890213362,0.0013458125236303334,0.00018850944566465008,0.001287204526357816,0.0004893943120232667,0.0004394937530398668,-0.000920193350053208,0.001198995959090847,-0.0002883731939534334,-0.0012785685805330154,-0.0020046389833995332,0.14453190092326668,0.0,0.2909857755452,-0.00374963892941635,0.011969061524379284,0.02810222549057413,0.02105418048723517,-0.008578934866430517,-0.0017277195176039178,-0.0034000685344156662,0.006332356356810933,0.0013484776755914667,0.0034466531657943995,-0.013546441904249168,-0.03268758721068667,-0.0121043115873966,-0.0005183853849368318,-0.002465837271468016,0.2909857755452,0.00374963892941635,0.44212321181316666,0.0,-0.017673470512980603,0.04927355632492701,0.009400173682503817,-0.011370751987641934,-0.0068105959784563,-0.007559643122943435,-0.012780823165256056,0.009217155700938453,0.007174062639249916,-0.008921438482944818,-0.03718885325907167,0.009463876604502998,-0.0011223466643265165,-0.0015156110496968435,0.011969061524379284,-0.02810222549057413,-0.017673470512980603,-0.04927355632492701,0.6683159703309499,0.0,0.13406337951703334,0.020002131187030578,0.008712020035603622,0.0026448529790846498,0.019724319835832664,0.004276735277368216,-0.005153757864313551,0.0011940327538650212,-0.004205204960670616,0.004619538561145128,0.0016620592527666284,-0.00021407722890213362,0.02105418048723517,0.008578934866430517,0.009400173682503817,0.011370751987641934,0.13406337951703334,-0.020002131187030578,0.11541700227882999,0.0,0.06094760311328333,0.0035205992826400838,0.014104706728487484,-0.010595618901062665,0.10110262172842836,0.015288362793304982,0.00036536171060738313,-0.001877819275080267,0.0013458125236303334,-0.00018850944566465008,-0.0017277195176039178,0.0034000685344156662,-0.0068105959784563,0.007559643122943435,0.008712020035603622,-0.0026448529790846498,0.06094760311328333,-0.0035205992826400838,-0.16437672036888332,0.0,-0.08850741806849334,-0.0011132027496029199,0.024452489281175004,-0.0048110349214604,0.0011697115869935334,3.870384947217073e-06,0.001287204526357816,-0.0004893943120232667,0.006332356356810933,-0.0013484776755914667,-0.012780823165256056,-0.009217155700938453,0.019724319835832664,-0.004276735277368216,0.014104706728487484,0.010595618901062665,-0.08850741806849334,0.0011132027496029199,-0.04613245612609166,0.0,-0.03559834203635501,0.019811371952987662,0.0014247963823205002,0.008476838631470335,0.0004394937530398668,0.000920193350053208,0.0034466531657943995,0.013546441904249168,0.007174062639249916,0.008921438482944818,-0.005153757864313551,-0.0011940327538650212,0.10110262172842836,-0.015288362793304982,0.024452489281175004,0.0048110349214604,-0.03559834203635501,-0.019811371952987662,-0.07184920633629167,0.0,-0.0027083369367365984,0.0020571681517760894,0.001198995959090847,0.0002883731939534334,-0.03268758721068667,0.0121043115873966,-0.03718885325907167,-0.009463876604502998,-0.004205204960670616,-0.004619538561145128,0.00036536171060738313,0.001877819275080267,0.0011697115869935334,-3.870384947217073e-06,0.0014247963823205002,-0.008476838631470335,-0.0027083369367365984,-0.0020571681517760894,-0.08985207625758335,0.0,0.99970693286915
0.605,0.0015291230743369997,0.0,-0.000570104008299167,-0.0022886495774484864,-0.0014168154493346006,-0.0021084597481669325,-0.000388151316173378,-0.0018180699396829652,-0.0012913903683171434,0.0011144262681293498,-0.0011033894845296015,0.0007602623036311582,-0.0012813194902039666,0.0005718374713703001,0.00032256867928005047,0.0009360496416891141,-0.0006691355038207002,0.0010210108564978723,-0.000570104008299167,0.0022886495774484864,0.1444426218058,0.0,0.29097071952948333,-0.004135714545969768,0.012273705800636078,0.02814339905528099,0.02099239319383483,-0.008659249743843665,-0.0017056886656745501,-0.003327996179307434,0.0063830405654870335,0.001344993063512734,0.0034804883954051586,-0.013527935512600418,-0.032859785884624994,-0.012144696007914752,-0.0014168154493346006,0.0021084597481669325,0.29097071952948333,0.004135714545969768,0.4416961924944333,0.0,-0.018011388195291682,0.049166686792620824,0.00930192262809462,-0.011408623105272696,-0.0068178535575520345,-0.007447457854221665,-0.012755079176487388,0.009155415495801523,0.007226895316179571,-0.00893812345399835,-0.037473313280203334,0.00921778057485595,-0.000388151316173378,0.0018180699396829652,0.012273705800636078,-0.02814339905528099,-0.018011388195291682,-0.049166686792620824,0.6693879552401835,0.0,0.1344562250636333,0.020021138481198165,0.008677353334864281,0.0024971129105491505,0.01983550780506383,0.004355967140977414,-0.005144975973862767,0.0012338488435287692,-0.004207219257154475,0.004636857034490468,-0.0012913903683171434,-0.0011144262681293498,0.02099239319383483,0.008659249743843665,0.00930192262809462,0.011408623105272696,0.1344562250636333,-0.020021138481198165,0.11534588709864667,0.0,0.06101627979894334,0.0034103541725321877,0.014158158760367651,-0.010678666453862387,0.10116007233099998,0.01529112157215155,0.0004314393487626851,-0.0019393851323476667,-0.0011033894845296015,-0.0007602623036311582,-0.0017056886656745501,0.003327996179307434,-0.0068178535575520345,0.007447457854221665,0.008677353334864281,-0.0024971129105491505,0.06101627979894334,-0.0034103541725321877,-0.1644514820823834,0.0,-0.08845471978177837,-0.0011006251115287752,0.024433421079453323,-0.004770943190510932,0.0011936903335234804,-1.3945416085816598e-05,-0.0012813194902039666,-0.0005718374713703001,0.0063830405654870335,-0.001344993063512734,-0.012755079176487388,-0.009155415495801523,0.01983550780506383,-0.004355967140977414,0.014158158760367651,0.010678666453862387,-0.08845471978177837,0.0011006251115287752,-0.04628746247209334,0.0,-0.035651538131093334,0.01983236621444883,0.0013995211560348863,0.00850537500245287,0.00032256867928005047,-0.0009360496416891141,0.0034804883954051586,0.013527935512600418,0.007226895316179571,0.00893812345399835,-0.005144975973862767,-0.0012338488435287692,0.10116007233099998,-0.01529112157215155,0.024433421079453323,0.004770943190510932,-0.035651538131093334,-0.01983236621444883,-0.07192452567903165,0.0,-0.002701561283134697,0.0020580911759416473,-0.0006691355038207002,-0.0010210108564978723,-0.032859785884624994,0.012144696007914752,-0.037473313280203334,-0.00921778057485595,-0.004207219257154475,-0.004636857034490468,0.0004314393487626851,0.0019393851323476667,0.0011936903335234804,1.3945416085816598e-05,0.0013995211560348863,-0.00850537500245287,-0.002701561283134697,-0.0020580911759416473,-0.09003156015502331,0.0,0.9997067493254163
0.6060000000000009,0.0015289395310084668,0.0,0.002058461333611717,0.0011549444760619934,0.002506763764561,0.00045300777561941647,0.0015866941938214327,0.0008980017822943165,1.4778567144318227e-05,-0.0017467940910832478,0.0003071169880977049,-0.001290070569790256,0.0005150835840663667,-0.0013057576447528068,-0.0008746077472710277,-0.00042556271012684973,-0.00020173611820860162,-0.00118216600743573,0.002058461333611717,-0.0011549444760619934,0.14433988775045,0.0,0.29095187514160004,-0.004508237121252748,0.01257095178193442,0.02820119989822526,0.020935166877282665,-0.008707094025232431,-0.0016998429417084619,-0.0032451954912686,0.006441755086426989,0.0013705863690671896,0.0034984735591266944,-0.013522949665624982,-0.033036734074651665,-0.012207198384895377,0.002506763764561,-0.00045300777561941647,0.29095187514160004,0.004508237121252748,0.44128487363866675,0.0,-0.018280555396151553,0.0491308395914015,0.009257386433866366,-0.011416787226135563,-0.006819218728358132,-0.007340254609629901,-0.012709864021209386,0.009120306743741332,0.007313177229319452,-0.008969476546545315,-0.03769398907307166,0.008930021389664316,0.0015866941938214327,-0.0008980017822943165,0.01257095178193442,-0.02820119989822526,-0.018280555396151553,-0.0491308395914015,0.6704596484810335,0.0,0.13483311565710002,0.020041103122369373,0.008701187531274145,0.002314441695628199,0.019971096983613167,0.0044213220903098335,-0.005145645973800518,0.0012585319460916163,-0.00421621959342365,0.004704297346536616,1.4778567144318227e-05,0.0017467940910832478,0.020935166877282665,0.008707094025232431,0.009257386433866366,0.011416787226135563,0.13483311565710002,-0.020041103122369373,0.11527155096730163,0.0,0.061111272972251655,0.0033135703854207336,0.014235161084592645,-0.010764822277983931,0.10121858941232832,0.015308345782971815,0.0005137296549256783,-0.001984497821420517,0.0003071169880977049,0.001290070569790256,-0.0016998429417084619,0.0032451954912686,-0.006819218728358132,0.007340254609629901,0.008701187531274145,-0.002314441695628199,0.061111272972251655,-0.0033135703854207336,-0.16452369007841666,0.0,-0.08841887021868002,-0.0010786548784956736,0.024420220917385,-0.0047183049046721805,0.0012147524276271264,-2.656548978226721e-06,0.0005150835840663667,0.0013057576447528068,0.006441755086426989,-0.0013705863690671896,-0.012709864021209386,-0.009120306743741332,0.019971096983613167,-0.0044213220903098335,0.014235161084592645,0.010764822277983931,-0.08841887021868002,0.0010786548784956736,-0.04644215527110001,0.0,-0.03571973079202166,0.019859231970898332,0.0013808813131188284,0.008511815707833615,-0.0008746077472710277,0.00042556271012684973,0.0034984735591266944,0.013522949665624982,0.007313177229319452,0.008969476546545315,-0.005145645973800518,-0.0012585319460916163,0.10121858941232832,-0.015308345782971815,0.024420220917385,0.0047183049046721805,-0.03571973079202166,-0.019859231970898332,-0.07199983526580836,0.0,-0.0026723071259057585,0.0020881395897838005,-0.00020173611820860162,0.00118216600743573,-0.033036734074651665,0.012207198384895377,-0.03769398907307166,-0.008930021389664316,-0.00421621959342365,-0.004704297346536616,0.0005137296549256783,0.001984497821420517,0.0012147524276271264,2.656548978226721e-06,0.0013808813131188284,-0.008511815707833615,-0.0026723071259057585,-0.0020881395897838005,-0.09021265397821335,0.0,0.9997065657749837
0.6069999999999995,0.0015287559719435997,0.0,-0.0022720734527787163,0.0007153049140802133,-0.002069363036338117,0.0014811585356524835,-0.0017078531662170166,0.0005825235691508499,0.0013314645089091168,0.001196111606895117,0.0006339867700000163,0.0011531271208544383,0.00053352092411924,0.0012985447238998504,0.0009186377724057497,-0.00032640542483716647,0.0009259563679881382,0.0007217129330043016,-0.0022720734527787163,-0.0007153049140802133,0.14422380056038328,0.0,0.29088676120360013,-0.004911046579130795,0.01286087756963787,0.02823935603763683,0.02089337432658133,-0.008730924435290032,-0.0017177120062694,-0.003155144382775617,0.006512159527984599,0.0014109082630113837,0.0035257714108793,-0.013517642794354114,-0.03322075970806667,-0.012296660953394468,-0.002069363036338117,-0.0014811585356524835,0.29088676120360013,0.004911046579130795,0.44088885634153346,0.0,-0.018535707979219152,0.04912288060423451,0.00926300736996361,-0.011444234245232983,-0.006792523915299852,-0.007258098863725984,-0.01264766095912518,0.009106497821422456,0.007435909275453467,-0.008968144283560183,-0.03787972114465333,0.00863815176380333,-0.0017078531662170166,-0.0005825235691508499,0.01286087756963787,-0.02823935603763683,-0.018535707979219152,-0.04912288060423451,0.6715319588100664,0.0,0.1351452423018167,0.02007440455309293,0.008748051462150134,0.002100049186879683,0.02012573128632906,0.004484074629498666,-0.005144089696480267,0.0012732903624500336,-0.004239426251287917,0.0048000955588929665,0.0013314645089091168,-0.001196111606895117,0.02089337432658133,0.008730924435290032,0.00926300736996361,0.011444234245232983,0.1351452423018167,-0.02007440455309293,0.11519458205260664,0.0,0.06124131085561333,0.0032312237095488802,0.014300252495964168,-0.010832449811208584,0.10126965020212504,0.015342475945502011,0.0005741985476195535,-0.002022574010417037,0.0006339867700000163,-0.0011531271208544383,-0.0017177120062694,0.003155144382775617,-0.006792523915299852,0.007258098863725984,0.008748051462150134,-0.002100049186879683,0.06124131085561333,-0.0032312237095488802,-0.16459422835020004,0.0,-0.08836094413075664,-0.0010470660118352918,0.024412945863445005,-0.0046699530882737825,0.0012314688964967498,4.209111146773201e-05,0.00053352092411924,-0.0012985447238998504,0.006512159527984599,-0.0014109082630113837,-0.01264766095912518,-0.009106497821422456,0.02012573128632906,-0.004484074629498666,0.014300252495964168,0.010832449811208584,-0.08836094413075664,0.0010470660118352918,-0.04659621088497,0.0,-0.03579394421312667,0.019893228571115498,0.0013653616857337153,0.008499676515522917,0.0009186377724057497,0.00032640542483716647,0.0035257714108793,0.013517642794354114,0.007435909275453467,0.008968144283560183,-0.005144089696480267,-0.0012732903624500336,0.10126965020212504,-0.015342475945502011,0.024412945863445005,0.0046699530882737825,-0.03579394421312667,-0.019893228571115498,-0.07207544181215333,0.0,-0.0026404783644279556,0.002113974120580492,0.0009259563679881382,-0.0007217129330043016,-0.03322075970806667,0.012296660953394468,-0.03787972114465333,-0.00863815176380333,-0.004239426251287917,-0.0048000955588929665,0.0005741985476195535,0.002022574010417037,0.0012314688964967498,-4.209111146773201e-05,0.0013653616857337153,-0.008499676515522917,-0.0026404783644279556,-0.002113974120580492,-0.09039569047996499,0.0,0.9997063822090335
0.608,0.0015285724133492328,0.0,0.0010372506593919319,-0.00215555148179,0.00037807611240873334,-0.002536746221835083,0.00071318082843315,-0.0016600621108785918,-0.0018237679926573003,0.00017888921953004998,-0.0012314827424461815,-0.0004139215662934385,-0.0012989675673160826,-0.0005775084807326168,-0.0004163449479562834,0.000886947626600033,-0.001151887789266667,8.396352972043353e-05,0.0010372506593919319,0.00215555148179,0.14409374193918328,0.0,0.29078531184094997,-0.0053240502107168835,0.0131565486936835,0.028167947957268496,0.020841315199009,-0.008794679521661736,-0.0017469500721311831,-0.0030719552582151497,0.006579777599368422,0.0014329991870061834,0.003576668895785917,-0.013506340825191561,-0.033401299997895,-0.012398028957627765,0.00037807611240873334,0.002536746221835083,0.29078531184094997,0.0053240502107168835,0.4405095069110333,0.0,-0.018834054027533482,0.04903971322534983,0.009258116337518829,-0.011490488955600068,-0.006768738865286534,-0.007188518011513152,-0.012585263283665932,0.009073521435245417,0.007529493727737749,-0.008935995402816295,-0.038091698000554994,0.008338510201207067,0.00071318082843315,0.0016600621108785918,0.0131565486936835,-0.028167947957268496,-0.018834054027533482,-0.04903971322534983,0.6726045405640667,0.0,0.13541964567661666,0.020089532169684097,0.008779715290294105,0.001880185783153204,0.020262391817174017,0.004592241421502583,-0.005132708408911302,0.0012809316319227998,-0.004280376898460319,0.0048696921918135825,-0.0018237679926573003,-0.00017888921953004998,0.020841315199009,0.008794679521661736,0.009258116337518829,0.011490488955600068,0.13541964567661666,-0.020089532169684097,0.1151154820364,0.0,0.06138789772924499,0.003149577476767916,0.014342278196848397,-0.010896506229639565,0.10131413455589663,0.015384381369644049,0.0005999950828971668,-0.002048085570353017,-0.0012314827424461815,0.0004139215662934385,-0.0017469500721311831,0.0030719552582151497,-0.006768738865286534,0.007188518011513152,0.008779715290294105,-0.001880185783153204,0.06138789772924499,-0.003149577476767916,-0.1646631742225667,0.0,-0.08828067591784836,-0.001036444991715673,0.024418042537644832,-0.004639719878851986,0.0012565332403559168,8.518444663355854e-05,-0.0012989675673160826,0.0005775084807326168,0.006579777599368422,-0.0014329991870061834,-0.012585263283665932,-0.009073521435245417,0.020262391817174017,-0.004592241421502583,0.014342278196848397,0.010896506229639565,-0.08828067591784836,0.001036444991715673,-0.04675013230178167,0.0,-0.03585375403363334,0.019946369396827496,0.0013442896627649807,0.008496962186597935,-0.0004163449479562834,-0.000886947626600033,0.003576668895785917,0.013506340825191561,0.007529493727737749,0.008935995402816295,-0.005132708408911302,-0.0012809316319227998,0.10131413455589663,-0.015384381369644049,0.024418042537644832,0.004639719878851986,-0.03585375403363334,-0.019946369396827496,-0.07215148116951166,0.0,-0.0026222314784729666,0.002124011714214394,-0.001151887789266667,-8.396352972043353e-05,-0.033401299997895,0.012398028957627765,-0.038091698000554994,-0.008338510201207067,-0.004280376898460319,-0.0048696921918135825,0.0005999950828971668,0.002048085570353017,0.0012565332403559168,-8.518444663355854e-05,0.0013442896627649807,-0.008496962186597935,-0.0026222314784729666,-0.002124011714214394,-0.09058085752644332,0.0,0.9997061986435337
0.609000000000001,0.0015283888667059161,0.0,0.0008588393578060397,0.002213017221843234,0.001602367651097151,0.002068484069625133,0.0007440179067999837,0.0016378182612898002,0.0011475415289263584,-0.0014906145770664,0.00116843328443621,-0.000519859969446672,0.0013602111173923843,-0.0004861834030281985,-0.0003312031594058771,-0.0009111785974237838,0.00078477561537985,-0.0008253576746063834,0.0008588393578060397,-0.002213017221843234,0.1439506130019667,0.0,0.29069923028411665,-0.005682768943637468,0.013442794838137715,0.027993509096566675,0.020760051324590672,-0.008909698323817166,-0.0017726255398540169,-0.0029942515510018998,0.006626647854854784,0.0014264474430285177,0.0036314841065222337,-0.013503914389541004,-0.03356093783015,-0.012495782432360403,0.001602367651097151,-0.002068484069625133,0.29069923028411665,0.005682768943637468,0.44014718918606666,0.0,-0.01915221810245682,0.04887801572053383,0.009220942202589805,-0.011514922650384498,-0.006780953220883833,-0.007102420624991751,-0.012532437490552668,0.009010731321784453,0.007571779934425284,-0.00891685717285345,-0.03831800943696166,0.007997446153131334,0.0007440179067999837,-0.0016378182612898002,0.013442794838137715,-0.027993509096566675,-0.01915221810245682,-0.04887801572053383,0.6736755153847668,0.0,0.13570529454363334,0.020050546804588135,0.00881179706429589,0.0016861908282678828,0.02035796162325533,0.004752486044037599,-0.005121130621769077,0.0012785164024961006,-0.004329224456611501,0.004903732797469299,0.0011475415289263584,0.0014906145770664,0.020760051324590672,0.008909698323817166,0.009220942202589805,0.011514922650384498,0.13570529454363334,-0.020050546804588135,0.115035312118255,0.0,0.06153316457382667,0.003067660157320361,0.014400597683972016,-0.010973392415870186,0.10134991468741333,0.015434883749765987,0.0006064631025826163,-0.00204676895455354,0.00116843328443621,0.000519859969446672,-0.0017726255398540169,0.0029942515510018998,-0.006780953220883833,0.007102420624991751,0.00881179706429589,-0.0016861908282678828,0.06153316457382667,-0.003067660157320361,-0.16472957990010004,0.0,-0.0882182705936533,-0.0010511338713204998,0.024435387162353835,-0.0046185062913086505,0.0013045618155364234,0.0001059135484702335,0.0013602111173923843,0.0004861834030281985,0.006626647854854784,-0.0014264474430285177,-0.012532437490552668,-0.009010731321784453,0.02035796162325533,-0.004752486044037599,0.014400597683972016,0.010973392415870186,-0.0882182705936533,0.0010511338713204998,-0.04690521115500666,0.0,-0.035895599112388314,0.020019551865404498,0.0013175282864240753,0.008508197307420884,-0.0003312031594058771,0.0009111785974237838,0.0036314841065222337,0.013503914389541004,0.007571779934425284,0.00891685717285345,-0.005121130621769077,-0.0012785164024961006,0.10134991468741333,-0.015434883749765987,0.024435387162353835,0.0046185062913086505,-0.035895599112388314,-0.020019551865404498,-0.07222783401369834,0.0,-0.0026122195431792336,0.002148827856203882,0.00078477561537985,0.0008253576746063834,-0.03356093783015,0.012495782432360403,-0.03831800943696166,-0.007997446153131334,-0.004329224456611501,-0.004903732797469299,0.0006064631025826163,0.00204676895455354,0.0013045618155364234,-0.0001059135484702335,0.0013175282864240753,-0.008508197307420884,-0.0026122195431792336,-0.002148827856203882,-0.09076837839860336,0.0,0.9997060150911501
0.6099999999999997,0.0015282053274122834,0.0,-0.002176260204762,-0.0008812561691553167,-0.00266018171487855,-0.0002672341672180666,-0.0016816236078964673,-0.0005266251828539998,0.000315437273143368,0.00190974240489175,-0.0005137063381110002,0.0011621580815192835,-0.0006609260671348781,0.0012962665017351167,0.0008678226999535997,0.00038809872619436644,-2.0018168146466704e-05,0.0011148538331553167,-0.002176260204762,0.0008812561691553167,0.1437967121382,0.0,0.29062910564836664,-0.005982104576728367,0.013693197314378744,0.027820735024349338,0.020679050241788496,-0.009009303878492834,-0.0017964196031637902,-0.0029074683736046002,0.0066512079231206035,0.0014045142560587503,0.0036689387981531743,-0.01351411599507585,-0.033692549355139996,-0.012596602735682017,-0.00266018171487855,0.0002672341672180666,0.29062910564836664,0.005982104576728367,0.4398000057146165,0.0,-0.01944125354855003,0.04873410854947016,0.00920157868176932,-0.011517617889369218,-0.006813309841926917,-0.006996886632004416,-0.012485998435400365,0.008953610373100714,0.007619924036985958,-0.008917113791665475,-0.038489101310716665,0.007618965390788534,-0.0016816236078964673,0.0005266251828539998,0.013693197314378744,-0.027820735024349338,-0.01944125354855003,-0.04873410854947016,0.6747433452061334,0.0,0.13598132937958335,0.019967977305123123,0.008884047790134618,0.0015273101790253798,0.02043746747042617,0.004918077350583449,-0.005126852425483016,0.001256948587344267,-0.004379083961437799,0.00494404821824555,0.000315437273143368,-0.00190974240489175,0.020679050241788496,0.009009303878492834,0.00920157868176932,0.011517617889369218,0.13598132937958335,-0.019967977305123123,0.11495588625142,0.0,0.061683670275924994,0.003003829891362769,0.01449903771294487,-0.0110399989294805,0.10135850873707503,0.015503517304336672,0.0006071634015756101,-0.00202731847750495,-0.0005137063381110002,-0.0011621580815192835,-0.0017964196031637902,0.0029074683736046002,-0.006813309841926917,0.006996886632004416,0.008884047790134618,-0.0015273101790253798,0.061683670275924994,-0.003003829891362769,-0.16479327918398332,0.0,-0.08818720881663832,-0.0010574568754210501,0.024454916294906346,-0.004591410794837533,0.0013719364289761732,0.00012743216406909994,-0.0006609260671348781,-0.0012962665017351167,0.0066512079231206035,-0.0014045142560587503,-0.012485998435400365,-0.008953610373100714,0.02043746747042617,-0.004918077350583449,0.01449903771294487,0.0110399989294805,-0.08818720881663832,0.0010574568754210501,-0.047061968720726675,0.0,-0.03593182293663667,0.02009618861990833,0.0012959528733213997,0.0085062641772922,0.0008678226999535997,-0.00038809872619436644,0.0036689387981531743,0.01351411599507585,0.007619924036985958,0.008917113791665475,-0.005126852425483016,-0.001256948587344267,0.10135850873707503,-0.015503517304336672,0.024454916294906346,0.004591410794837533,-0.03593182293663667,-0.02009618861990833,-0.07230454787771831,0.0,-0.0026003855045248813,0.002211878837437817,-2.0018168146466704e-05,-0.0011148538331553167,-0.033692549355139996,0.012596602735682017,-0.038489101310716665,-0.007618965390788534,-0.004379083961437799,-0.00494404821824555,0.0006071634015756101,0.00202731847750495,0.0013719364289761732,-0.00012743216406909994,0.0012959528733213997,-0.0085062641772922,-0.0026003855045248813,-0.002211878837437817,-0.09095852731101334,0.0,0.99970583154385
0.6110000000000001,0.0015280217774591332,0.0,0.0021311997455535667,-0.0009596958079295437,0.0020578373223379453,-0.0017734662849178,0.001460808423150225,-0.000904905849212833,-0.0016569613184252666,-0.0010914280848120502,-0.0004029196439180666,-0.0012137314116527833,-0.00040182594465532485,-0.001402930310139354,-0.0008657929440350128,0.00037064393548325004,-0.0007180898120149367,-0.0008117609583256576,0.0021311997455535667,0.0009596958079295437,0.14363318045773338,0.0,0.29054945111633335,-0.00629209585383417,0.013906377162679399,0.027697543582837707,0.020640149616772237,-0.009056516537841336,-0.0018265285122906498,-0.002812299206954199,0.0066675958614476165,0.0013747128534114172,0.003695382218456891,-0.0135162749467372,-0.033805325125300004,-0.012721902630072383,0.0020578373223379453,0.0017734662849178,0.29054945111633335,0.00629209585383417,0.43946622304203337,0.0,-0.019723351682480166,0.04867198291251785,0.0092356230051518,-0.011554415250997081,-0.006829027143378333,-0.0068936078837284484,-0.012444423621222405,0.008921404635450547,0.007707363107065083,-0.008896989002642434,-0.038595635786393336,0.007242373998388235,0.001460808423150225,0.000904905849212833,0.013906377162679399,-0.027697543582837707,-0.019723351682480166,-0.04867198291251785,0.6758082528130502,0.0,0.13621648391158336,0.019880849548017998,0.008990469449111619,0.0013845460444493099,0.020534203019209826,0.005056299398976767,-0.005150296462729433,0.0012128496431554404,-0.004432774928740651,0.005020289537063062,-0.0016569613184252666,0.0010914280848120502,0.020640149616772237,0.009056516537841336,0.0092356230051518,0.011554415250997081,0.13621648391158336,-0.019880849548017998,0.11487895548469335,0.0,0.06185718920777001,0.0029681247682628005,0.01460499536937599,-0.011064856262098448,0.10134206647312502,0.015592342397226337,0.0005986944680268548,-0.0020219134457090016,-0.0004029196439180666,0.0012137314116527833,-0.0018265285122906498,0.002812299206954199,-0.006829027143378333,0.0068936078837284484,0.008990469449111619,-0.0013845460444493099,0.06185718920777001,-0.0029681247682628005,-0.16485560304983335,0.0,-0.08816265319238666,-0.0010378700060726502,0.02447075789764899,-0.0045608742245142,0.001441963737814783,0.00017248390123261146,-0.00040182594465532485,0.001402930310139354,0.0066675958614476165,-0.0013747128534114172,-0.012444423621222405,-0.008921404635450547,0.020534203019209826,-0.005056299398976767,0.01460499536937599,0.011064856262098448,-0.08816265319238666,0.0010378700060726502,-0.04721971146525499,0.0,-0.035970413995820016,0.0201624668641725,0.0012837177291779333,0.008480845013958117,-0.0008657929440350128,-0.00037064393548325004,0.003695382218456891,0.0135162749467372,0.007707363107065083,0.008896989002642434,-0.005150296462729433,-0.0012128496431554404,0.10134206647312502,-0.015592342397226337,0.02447075789764899,0.0045608742245142,-0.035970413995820016,-0.0201624668641725,-0.07238209890363832,0.0,-0.0025911502998460503,0.0022882053738079787,-0.0007180898120149367,0.0008117609583256576,-0.033805325125300004,0.012721902630072383,-0.038595635786393336,-0.007242373998388235,-0.004432774928740651,-0.005020289537063062,0.0005986944680268548,0.0020219134457090016,0.001441963737814783,-0.00017248390123261146,0.0012837177291779333,-0.008480845013958117,-0.0025911502998460503,-0.0022882053738079787,-0.09115157216846503,0.0,0.9997056479878997
0.6119999999999995,0.0015278382183401666,0.0,-0.0007876202927980352,0.0021953421314563335,-0.00014016447690590013,0.0027600508012701665,-0.0002496475504337118,0.0016753575284337637,0.001964811854587577,-0.0004729581676094662,0.00112724717910625,0.0006252368327101833,0.0012639032384743278,0.0007536970460135329,0.00030677183670699997,-0.000895016371702417,0.001047938557949553,0.00011006017464806672,-0.0007876202927980352,-0.0021953421314563335,0.14345902737545002,0.0,0.2904038056561001,-0.006652896725202755,0.014097063128150079,0.027548953545778902,0.020635612045025252,-0.009106319141496335,-0.0018623059974335165,-0.0027309494754149334,0.006687179885241217,0.0013279625007848667,0.0037251006351976764,-0.013494563087599347,-0.033901484251486674,-0.012869205480282333,-0.00014016447690590013,-0.0027600508012701665,0.2904038056561001,0.006652896725202755,0.43914658890884994,0.0,-0.020065901362533837,0.048633608547584826,0.009278225984996703,-0.011651374571213577,-0.006831840494911233,-0.006801889770870901,-0.012410947460797411,0.008874489335563285,0.007780668381058233,-0.008841557332000852,-0.038688149886171676,0.006874299050128701,-0.0002496475504337118,-0.0016753575284337637,0.014097063128150079,-0.027548953545778902,-0.020065901362533837,-0.048633608547584826,0.6768710946645166,0.0,0.13642159695966669,0.0198096242056305,0.0090825687769784,0.0012348084401147834,0.02063248860318263,0.005181596408076306,-0.005169058034065823,0.0011502726192068498,-0.004496222123359567,0.0051088823280297,0.001964811854587577,0.0004729581676094662,0.020635612045025252,0.009106319141496335,0.009278225984996703,0.011651374571213577,0.13642159695966669,-0.0198096242056305,0.11480518861028499,0.0,0.06203722647607,0.0029421457902261343,0.014678312444419842,-0.011054804929961502,0.10130895537390504,0.01568264629271783,0.0005778374088503502,-0.0020472149583586666,0.00112724717910625,-0.0006252368327101833,-0.0018623059974335165,0.0027309494754149334,-0.006831840494911233,0.006801889770870901,0.0090825687769784,-0.0012348084401147834,0.06203722647607,-0.0029421457902261343,-0.16491766226110002,0.0,-0.08810864484538833,-0.00101704685442965,0.024488102839565495,-0.004536870545997648,0.0015069778014030336,0.0002179345616957501,0.0012639032384743278,-0.0007536970460135329,0.006687179885241217,-0.0013279625007848667,-0.012410947460797411,-0.008874489335563285,0.02063248860318263,-0.005181596408076306,0.014678312444419842,0.011054804929961502,-0.08810864484538833,0.00101704685442965,-0.04737789907551999,0.0,-0.03599302477916832,0.020217464572310665,0.001264142526766819,0.008454350771844747,0.00030677183670699997,0.000895016371702417,0.0037251006351976764,0.013494563087599347,0.007780668381058233,0.008841557332000852,-0.005169058034065823,-0.0011502726192068498,0.10130895537390504,-0.01568264629271783,0.024488102839565495,0.004536870545997648,-0.03599302477916832,-0.020217464572310665,-0.07246100510697501,0.0,-0.0025958582556576664,0.0023387082822995332,0.001047938557949553,-0.00011006017464806672,-0.033901484251486674,0.012869205480282333,-0.038688149886171676,-0.006874299050128701,-0.004496222123359567,-0.0051088823280297,0.0005778374088503502,0.0020472149583586666,0.0015069778014030336,-0.0002179345616957501,0.001264142526766819,-0.008454350771844747,-0.0025958582556576664,-0.0023387082822995332,-0.09134770691207167,0.0,0.9997054644219335
0.6129999999999997,0.0015276546660427004,0.0,-0.0010286155261661335,-0.002068304419041683,-0.001946509040305583,-0.0020603869846748126,-0.0011034260305708987,-0.0012640956465329498,-0.0010274809376817668,0.0017797107548591748,-0.0012541088541611334,0.0003025769477645087,-0.0014451245858688006,0.00033302456532878483,0.000457173844495228,0.000834491052624929,-0.0008203071293824434,0.0006164172632060552,-0.0010286155261661335,0.002068304419041683,0.14327313038753337,0.0,0.29024029115116673,-0.007024802186021732,0.014278809069863542,0.02731691078235985,0.020631948198919583,-0.009222166525197667,-0.0018967368968258172,-0.0026752461023794158,0.006709363503232019,0.0012642200873990836,0.0037507493208467167,-0.013465652417600067,-0.033976168544351655,-0.013013547622738963,-0.001946509040305583,0.0020603869846748126,0.29024029115116673,0.007024802186021732,0.43884285020105007,0.0,-0.020479985698091334,0.048564230057647644,0.009275005392584242,-0.011761581750070514,-0.006857788915612934,-0.00670972008108506,-0.012391729492254162,0.008780636346096238,0.007790853360161281,-0.008793675448344456,-0.03878063569665668,0.0064859553899766,-0.0011034260305708987,0.0012640956465329498,0.014278809069863542,-0.02731691078235985,-0.020479985698091334,-0.048564230057647644,0.6779319880270666,0.0,0.13667334829224995,0.01975011703637439,0.009157344567693331,0.0010831103591755664,0.02070426952814565,0.0053242719976874155,-0.005164021813753899,0.0010776134009571985,-0.00458361312662915,0.005176734378312101,-0.0010274809376817668,-0.0017797107548591748,0.020631948198919583,0.009222166525197667,0.009275005392584242,0.011761581750070514,0.13667334829224995,-0.01975011703637439,0.11473406938230335,0.0,0.06220892983932333,0.0029072224140862485,0.014736952455494508,-0.011047198640759048,0.10129217623645832,0.015758710234992843,0.0005572960784449849,-0.0020826385271499053,-0.0012541088541611334,-0.0003025769477645087,-0.0018967368968258172,0.0026752461023794158,-0.006857788915612934,0.00670972008108506,0.009157344567693331,-0.0010831103591755664,0.06220892983932333,-0.0029072224140862485,-0.16497901365198328,0.0,-0.0880473337998183,-0.0010175593508463668,0.02452271522541483,-0.004519290555700457,0.0015705901390107885,0.000230356600923295,-0.0014451245858688006,-0.00033302456532878483,0.006709363503232019,-0.0012642200873990836,-0.012391729492254162,-0.008780636346096238,0.02070426952814565,-0.0053242719976874155,0.014736952455494508,0.011047198640759048,-0.0880473337998183,0.0010175593508463668,-0.04753703116853167,0.0,-0.035991006072215,0.020268732308749832,0.0012228727569809665,0.00844725432210337,0.000457173844495228,-0.000834491052624929,0.0037507493208467167,0.013465652417600067,0.007790853360161281,0.008793675448344456,-0.005164021813753899,-0.0010776134009571985,0.10129217623645832,-0.015758710234992843,0.02452271522541483,0.004519290555700457,-0.035991006072215,-0.020268732308749832,-0.07254132984332998,0.0,-0.0026159803233312367,0.0023699063110328334,-0.0008203071293824434,-0.0006164172632060552,-0.033976168544351655,0.013013547622738963,-0.03878063569665668,-0.0064859553899766,-0.00458361312662915,-0.005176734378312101,0.0005572960784449849,0.0020826385271499053,0.0015705901390107885,-0.000230356600923295,0.0012228727569809665,-0.00844725432210337,-0.0026159803233312367,-0.0023699063110328334,-0.09154703713733167,0.0,0.9997052808626334
0.6140000000000002,0.0015274711245659336,0.0,0.0021712384478411824,0.0006748213872745165,0.0029118498261272562,1.770824625163331e-05,0.0016400038439170833,-1.2966121086078365e-05,-0.0006034559268310335,-0.002007463348625454,0.0007296905355058764,-0.0010643777420280335,0.0007994997897817851,-0.001233381069569668,-0.0009264325709142337,-0.00022988874255016657,0.00016186555892433002,-0.0009791722672873166,0.0021712384478411824,-0.0006748213872745165,0.14307598219678336,0.0,0.29007473918985,-0.007357527958422233,0.014458259361176068,0.027047035770929696,0.02062049917307399,-0.009375553453351,-0.0019315498344870338,-0.002631370347774038,0.00672901711330745,0.001206734376833267,0.0037503505875621157,-0.0134469396096544,-0.03402145923700834,-0.013141480494346831,0.0029118498261272562,-1.770824625163331e-05,0.29007473918985,0.007357527958422233,0.4385547610580833,0.0,-0.020880945003878295,0.04850991557129617,0.009245731197075018,-0.011829843696859297,-0.006909524197751284,-0.006602501850725387,-0.0123790385355853,0.008677262332742647,0.007771479440199037,-0.008786426541832381,-0.0388075855874,0.006080050514315169,0.0016400038439170833,1.2966121086078365e-05,0.014458259361176068,-0.027047035770929696,-0.020880945003878295,-0.04850991557129617,0.6789908193598334,0.0,0.13696888069476668,0.0196899291132175,0.009269797687607268,0.0009578738881437052,0.02075507102546826,0.005488455759847048,-0.005138231046900651,0.0010019063781585484,-0.004718392910701566,0.005230058101858417,-0.0006034559268310335,0.002007463348625454,0.02062049917307399,0.009375553453351,0.009245731197075018,0.011829843696859297,0.13696888069476668,-0.0196899291132175,0.11466509998958,0.0,0.062375927514599985,0.0028789349786169497,0.0148188073184202,-0.01105107410052205,0.10129225355241002,0.01582009440508183,0.0005532248362912897,-0.0021027818120944674,0.0007296905355058764,0.0010643777420280335,-0.0019315498344870338,0.002631370347774038,-0.006909524197751284,0.006602501850725387,0.009269797687607268,-0.0009578738881437052,0.062375927514599985,-0.0028789349786169497,-0.16503901550361663,0.0,-0.08799806683902335,-0.0010211236169978166,0.02457660800114617,-0.004494599521241601,0.00162983807816902,0.00022505585171913502,0.0007994997897817851,0.001233381069569668,0.00672901711330745,-0.001206734376833267,-0.0123790385355853,-0.008677262332742647,0.02075507102546826,-0.005488455759847048,0.0148188073184202,0.01105107410052205,-0.08799806683902335,0.0010211236169978166,-0.04769765590490834,0.0,-0.03597460277999167,0.02031225726772566,0.0011731038068999,0.008443166648679232,-0.0009264325709142337,0.00022988874255016657,0.0037503505875621157,0.0134469396096544,0.007771479440199037,0.008786426541832381,-0.005138231046900651,-0.0010019063781585484,0.10129225355241002,-0.01582009440508183,0.02457660800114617,0.004494599521241601,-0.03597460277999167,-0.02031225726772566,-0.07262278882963667,0.0,-0.0026425778890910947,0.002420182730450416,0.00016186555892433002,0.0009791722672873166,-0.03402145923700834,0.013141480494346831,-0.0388075855874,-0.006080050514315169,-0.004718392910701566,-0.005230058101858417,0.0005532248362912897,0.0021027818120944674,0.00162983807816902,-0.00022505585171913502,0.0011731038068999,-0.008443166648679232,-0.0026425778890910947,-0.002420182730450416,-0.09174957617603834,0.0,0.9997050973149169
0.6149999999999997,0.0015272875835904,0.0,-0.0019724709455910035,0.0010782713494664664,-0.002065957495276117,0.002125880191069367,-0.00101935270349765,0.0012079240569786496,0.0019250254221526996,0.0009348129300483832,0.00016549244880064662,0.0012906431101128663,0.0002719179316783,0.0014031047199098334,0.0008081417220415936,-0.0005325929177712496,0.0005392573121687848,0.0007815268913327196,-0.0019724709455910035,-0.0010782713494664664,0.14286903306818333,0.0,0.2899111697337,-0.007658949351673419,0.014648828496380596,0.02679630358316228,0.020625208303402386,-0.009500251790749285,-0.0019770899642037165,-0.0025840112751498155,0.006753352423303082,0.0011741702738068498,0.003721799016754267,-0.013428261732082215,-0.03404780646731166,-0.013272415952140581,-0.002065957495276117,-0.002125880191069367,0.2899111697337,0.007658949351673419,0.4382799736905334,0.0,-0.02121051363911207,0.04854514714884717,0.009257225531713193,-0.011863324164651344,-0.00694947785116455,-0.006489902046662886,-0.012366626456487435,0.008626352746468833,0.007792364442446565,-0.008792886380847449,-0.03873911142109668,0.005698785600738171,-0.00101935270349765,-0.0012079240569786496,0.014648828496380596,-0.02679630358316228,-0.02121051363911207,-0.04854514714884717,0.6800482366897833,0.0,0.1372512394654,0.01962546989090442,0.009454996349841033,0.0008698518591446168,0.020812319289841265,0.0056640178194578335,-0.0051033554645717495,0.0009253964177199167,-0.0049185721404555,0.0052870715898233,0.0019250254221526996,-0.0009348129300483832,0.020625208303402386,0.009500251790749285,0.009257225531713193,0.011863324164651344,0.1372512394654,-0.01962546989090442,0.11459881026709497,0.0,0.06256645243321998,0.002887348807612205,0.014918699377745289,-0.011043823190079736,0.10130001171641163,0.01587712812783167,0.0005649472811620003,-0.0021099615257147496,0.00016549244880064662,-0.0012906431101128663,-0.0019770899642037165,0.0025840112751498155,-0.00694947785116455,0.006489902046662886,0.009454996349841033,-0.0008698518591446168,0.06256645243321998,-0.002887348807612205,-0.16509866003886664,0.0,-0.08795445145315166,-0.0009994086590271515,0.024641226783520834,-0.004458492257900902,0.0016755939496743099,0.0002449558629573965,0.0002719179316783,-0.0014031047199098334,0.006753352423303082,-0.0011741702738068498,-0.012366626456487435,-0.008626352746468833,0.020812319289841265,-0.0056640178194578335,0.014918699377745289,0.011043823190079736,-0.08795445145315166,0.0009994086590271515,-0.047859277434210014,0.0,-0.03596758298385832,0.020344179525238835,0.0011352936439773004,0.008418279231160859,0.0008081417220415936,0.0005325929177712496,0.003721799016754267,0.013428261732082215,0.007792364442446565,0.008792886380847449,-0.0051033554645717495,-0.0009253964177199167,0.10130001171641163,-0.01587712812783167,0.024641226783520834,0.004458492257900902,-0.03596758298385832,-0.020344179525238835,-0.07270521833664832,0.0,-0.002666143637176523,0.0024962774729863505,0.0005392573121687848,-0.0007815268913327196,-0.03404780646731166,0.013272415952140581,-0.03873911142109668,-0.005698785600738171,-0.0049185721404555,-0.0052870715898233,0.0005649472811620003,0.0021099615257147496,0.0016755939496743099,-0.0002449558629573965,0.0011352936439773004,-0.008418279231160859,-0.002666143637176523,-0.0024962774729863505,-0.09195527172261173,0.0,0.9997049137665835
0.6159999999999998,0.001527104033310766,0.0,0.0006098829501229668,-0.0021525812416944004,-9.743214122314986e-05,-0.0029905363828773165,-0.0002474847148232499,-0.0015055685711406167,-0.0020243473455588985,0.0007999066138741536,-0.000997844254288178,-0.0008551268592733335,-0.0011340467105214168,-0.0007988722035873669,-0.0001669142662865016,0.0009815829946277666,-0.0008849659719823836,-0.00018787477824544992,0.0006098829501229668,0.0021525812416944004,0.14265322556888335,0.0,0.2897182360541332,-0.007958647862226267,0.01484180541447913,0.02651856017003233,0.0206429760736933,-0.009600831694443552,-0.002037526483167796,-0.002540755577158185,0.006794000651612482,0.0011566720250009998,0.0036915984582088332,-0.013388712743476316,-0.034065669133136675,-0.013425051211106482,-9.743214122314986e-05,0.0029905363828773165,0.2897182360541332,0.007958647862226267,0.4380165277142834,0.0,-0.021507941450933002,0.048645059169757164,0.009316016104773764,-0.01189518950804944,-0.006955046817973283,-0.006390522457302099,-0.012351574471467015,0.00862578570253349,0.007857141185622417,-0.008772165742599371,-0.03863012044648168,0.0053559922442669,-0.0002474847148232499,0.0015055685711406167,0.01484180541447913,-0.02651856017003233,-0.021507941450933002,-0.048645059169757164,0.6811051559555333,0.0,0.13747815851546663,0.019551064844881283,0.009672773212319066,0.0007911118966233001,0.020862974271243787,0.005843260317447416,-0.005054409886106084,0.0008573476441880821,-0.00517020680595155,0.00532461530111185,-0.0020243473455588985,-0.0007999066138741536,0.0206429760736933,0.009600831694443552,0.009316016104773764,0.01189518950804944,0.13747815851546663,-0.019551064844881283,0.11453632553281666,0.0,0.06277550755156334,0.0029296480737648497,0.014999933860935965,-0.011016067188925364,0.10130188736441002,0.015928142399042,0.0005731561156789497,-0.002120680356567717,-0.000997844254288178,0.0008551268592733335,-0.002037526483167796,0.002540755577158185,-0.006955046817973283,0.006390522457302099,0.009672773212319066,-0.0007911118966233001,0.06277550755156334,-0.0029296480737648497,-0.1651598205689,0.0,-0.08788112969984833,-0.0009607774944384502,0.024704495038185996,-0.004422927972281259,0.0017045883200521269,0.0002945021885001349,-0.0011340467105214168,0.0007988722035873669,0.006794000651612482,-0.0011566720250009998,-0.012351574471467015,-0.00862578570253349,0.020862974271243787,-0.005843260317447416,0.014999933860935965,0.011016067188925364,-0.08788112969984833,0.0009607774944384502,-0.048021012218943324,0.0,-0.035969404674394995,0.020371303677928495,0.0011007347155129335,0.008379248142014123,-0.0001669142662865016,-0.0009815829946277666,0.0036915984582088332,0.013388712743476316,0.007857141185622417,0.008772165742599371,-0.005054409886106084,-0.0008573476441880821,0.10130188736441002,-0.015928142399042,0.024704495038185996,0.004422927972281259,-0.035969404674394995,-0.020371303677928495,-0.07278863946131836,0.0,-0.002684817452922977,0.002560812615902022,-0.0008849659719823836,0.00018787477824544992,-0.034065669133136675,0.013425051211106482,-0.03863012044648168,-0.0053559922442669,-0.00517020680595155,-0.00532461530111185,0.0005731561156789497,0.002120680356567717,0.0017045883200521269,-0.0002945021885001349,0.0011007347155129335,-0.008379248142014123,-0.002684817452922977,-0.002560812615902022,-0.09216413634559,0.0,0.9997047302097501
0.6170000000000002,0.0015269204892156163,0.0,0.0011040576844858164,0.001923003686118045,0.0022482070537832664,0.002019125148564301,0.0012616654394528768,0.0007716323414191752,0.0008062283520261664,-0.00205368397650195,0.001315757008071555,-4.128047520446006e-05,0.0013483275277242006,-0.00021386791776384332,-0.0006064104350396847,-0.0008217820864827104,0.0007441633617041849,-0.0004410607152030433,0.0011040576844858164,-0.001923003686118045,0.14242924478436672,0.0,0.2895243297957166,-0.0082400680602697,0.014996796293272047,0.02614177448985183,0.02064066377099226,-0.009732480251370964,-0.0021075560220323217,-0.0025111913224439577,0.006849249892945386,0.00113402473799564,0.0036802962077147,-0.0133388120305048,-0.034074516412405005,-0.013586337384732836,0.0022482070537832664,-0.002019125148564301,0.2895243297957166,0.0082400680602697,0.4377637812921502,0.0,-0.021832106785946333,0.04872778440823448,0.009370597499549303,-0.011915236290473587,-0.006955898157614931,-0.006307038395939017,-0.012331408593084951,0.008624349935806349,0.00791655703554235,-0.008735003956999342,-0.03853845247403833,0.0050208933637782005,0.0012616654394528768,-0.0007716323414191752,0.014996796293272047,-0.02614177448985183,-0.021832106785946333,-0.04872778440823448,0.6821613613282499,0.0,0.13769922953931665,0.01945856584643179,0.009867937507465514,0.0006964378951965662,0.02086539455031816,0.006019678727732568,-0.004981393142932885,0.0008098046074982587,-0.0054294249707731,0.005295539033643066,0.0008062283520261664,0.00205368397650195,0.02064066377099226,0.009732480251370964,0.009370597499549303,0.011915236290473587,0.13769922953931665,-0.01945856584643179,0.11447824617989669,0.0,0.06297447557034333,0.0029755739466594345,0.015065272595388214,-0.010994686166610205,0.10130482856641668,0.01596690567434816,0.0005578189122577665,-0.002135236376232653,0.001315757008071555,4.128047520446006e-05,-0.0021075560220323217,0.0025111913224439577,-0.006955898157614931,0.006307038395939017,0.009867937507465514,-0.0006964378951965662,0.06297447557034333,-0.0029755739466594345,-0.16522304380316666,0.0,-0.08777597764087666,-0.0009375611990552003,0.02476609953364033,-0.004399666307850551,0.0017284606885139358,0.0003370912971783898,0.0013483275277242006,0.00021386791776384332,0.006849249892945386,-0.00113402473799564,-0.012331408593084951,-0.008624349935806349,0.02086539455031816,-0.006019678727732568,0.015065272595388214,0.010994686166610205,-0.08777597764087666,0.0009375611990552003,-0.04818283161469668,0.0,-0.035962643342475,0.020402897095244343,0.0010449355539654318,0.008348204333498614,-0.0006064104350396847,0.0008217820864827104,0.0036802962077147,0.0133388120305048,0.00791655703554235,0.008735003956999342,-0.004981393142932885,-0.0008098046074982587,0.10130482856641668,-0.01596690567434816,0.02476609953364033,0.004399666307850551,-0.035962643342475,-0.020402897095244343,-0.07287290524352501,0.0,-0.002705945870075139,0.002592061013538203,0.0007441633617041849,0.0004410607152030433,-0.034074516412405005,0.013586337384732836,-0.03853845247403833,-0.0050208933637782005,-0.0054294249707731,-0.005295539033643066,0.0005578189122577665,0.002135236376232653,0.0017284606885139358,-0.0003370912971783898,0.0010449355539654318,-0.008348204333498614,-0.002705945870075139,-0.002592061013538203,-0.09237622675322836,0.0,0.9997045466585667
0.6179999999999998,0.001526736961991634,0.0,-0.002106778352574066,-0.0005285342568945916,-0.003050413758521878,0.0002494465934192502,-0.0013446206230234505,0.00042097734813256504,0.0009596765284354789,0.002020790720675238,-0.0009441961634885633,0.0009143667248907834,-0.0008098214150680834,0.0010861082610408165,0.0010173303539036166,0.00014779999537583332,-0.00024006486090839997,0.0007946215166891984,-0.002106778352574066,0.0005285342568945916,0.1421985550025667,0.0,0.28938708612971664,-0.008461445267459221,0.015092181021756282,0.025698602992775987,0.020600848616125392,-0.0098959998985123,-0.0021814245495448714,-0.0024822354113141687,0.0069006679958021665,0.0011060068979783534,0.0036725058996295384,-0.013308380944954548,-0.034065157361006675,-0.01372783830914475,-0.003050413758521878,-0.0002494465934192502,0.28938708612971664,0.008461445267459221,0.43752062826956656,0.0,-0.022146016574236004,0.04877877392878032,0.009391808478994451,-0.011887120492581803,-0.006987804339583885,-0.006227705126965333,-0.012307795967136015,0.008616035721460887,0.007955400639720132,-0.008719560803323251,-0.03844466382609498,0.004676504442005684,-0.0013446206230234505,-0.00042097734813256504,0.015092181021756282,-0.025698602992775987,-0.022146016574236004,-0.04877877392878032,0.6832158107500667,0.0,0.13797540065996666,0.019342714002371333,0.010040171784057639,0.0006151348711669584,0.0208125297066707,0.006191271831889335,-0.004892097501156034,0.0007808723507025996,-0.005665363209500265,0.005193616736429216,0.0009596765284354789,-0.002020790720675238,0.020600848616125392,0.0098959998985123,0.009391808478994451,0.011887120492581803,0.13797540065996666,-0.019342714002371333,0.11442475955304336,0.0,0.06314983094552667,0.0030211692337737497,0.015155823522526929,-0.010991501543223899,0.10131379530326663,0.015997270200397998,0.0005179163467270404,-0.002135841040501933,-0.0009441961634885633,-0.0009143667248907834,-0.0021814245495448714,0.0024822354113141687,-0.006987804339583885,0.006227705126965333,0.010040171784057639,-0.0006151348711669584,0.06314983094552667,-0.0030211692337737497,-0.16528757740856667,0.0,-0.08766975736999832,-0.00093192949253685,0.024829699969558153,-0.004385048536458166,0.0017624649731994098,0.00035838832746353145,-0.0008098214150680834,-0.0010861082610408165,0.0069006679958021665,-0.0011060068979783534,-0.012307795967136015,-0.008616035721460887,0.0208125297066707,-0.006191271831889335,0.015155823522526929,0.010991501543223899,-0.08766975736999832,0.00093192949253685,-0.04834534484812332,0.0,-0.035941195365186654,0.020435986974384,0.0009730661295887734,0.008325675203367598,0.0010173303539036166,-0.00014779999537583332,0.0036725058996295384,0.013308380944954548,0.007955400639720132,0.008719560803323251,-0.004892097501156034,-0.0007808723507025996,0.10131379530326663,-0.015997270200397998,0.024829699969558153,0.004385048536458166,-0.035941195365186654,-0.020435986974384,-0.07295771881644832,0.0,-0.0027350649454140415,0.0026133314645848003,-0.00024006486090839997,-0.0007946215166891984,-0.034065157361006675,0.01372783830914475,-0.03844466382609498,-0.004676504442005684,-0.005665363209500265,-0.005193616736429216,0.0005179163467270404,0.002135841040501933,0.0017624649731994098,-0.00035838832746353145,0.0009730661295887734,-0.008325675203367598,-0.0027350649454140415,-0.0026133314645848003,-0.09259148633879502,0.0,0.9997043631247833
0.6189999999999999,0.0015265534461278327,0.0,0.0018030197821449002,-0.001113625566125,0.0019196148738758834,-0.0024176876842783163,0.0005209241487122999,-0.0011947782062261998,-0.0021690026755633997,-0.000676046460625695,8.370558602626153e-05,-0.0013232014974551335,-0.00016740408785345673,-0.0013277346115883998,-0.0008163175359703841,0.0006139442297015963,-0.00034666522305800004,-0.0007168852588742687,0.0018030197821449002,0.001113625566125,0.14196309819688327,0.0,0.28929902618061676,-0.008627875677771298,0.015155543181673564,0.025289340824991992,0.02054730032263415,-0.010020638124209915,-0.002260458785366383,-0.0024332575597493023,0.006938693466551516,0.0010795972291595501,0.0036450267985974174,-0.013295589693839153,-0.034032822130940006,-0.013845526505482516,0.0019196148738758834,0.0024176876842783163,0.28929902618061676,0.008627875677771298,0.4372846295748165,0.0,-0.02237451953901233,0.048846599883508514,0.009417590124660386,-0.011821086344214686,-0.00704295199108158,-0.006151335581692955,-0.012290196793649066,0.008652755975568334,0.008015927363509432,-0.008720539419360683,-0.03830165917809834,0.004350176938000466,0.0005209241487122999,0.0011947782062261998,0.015155543181673564,-0.025289340824991992,-0.02237451953901233,-0.048846599883508514,0.6842678327896167,0.0,0.13827350807235,0.019201798668050166,0.010223197585522868,0.0005949428435282831,0.020743560903933245,0.006360066840300481,-0.004806253110091999,0.0007438239176014935,-0.005881310317859184,0.005056023560353003,-0.0021690026755633997,0.000676046460625695,0.02054730032263415,0.010020638124209915,0.009417590124660386,0.011821086344214686,0.13827350807235,-0.019201798668050166,0.11437676983367331,0.0,0.06331533454999498,0.003096486108137982,0.015278363699650343,-0.010971996020327335,0.10130688395819666,0.016028885311982623,0.0004686875867098833,-0.0021168232311521164,8.370558602626153e-05,0.0013232014974551335,-0.002260458785366383,0.0024332575597493023,-0.00704295199108158,0.006151335581692955,0.010223197585522868,-0.0005949428435282831,0.06331533454999498,-0.003096486108137982,-0.16535365005416666,0.0,-0.08757373128591334,-0.0009125868358503503,0.02488550960433833,-0.00436992944696625,0.001808661804301789,0.0003884875877001466,-0.00016740408785345673,0.0013277346115883998,0.006938693466551516,-0.0010795972291595501,-0.012290196793649066,-0.008652755975568334,0.020743560903933245,-0.006360066840300481,0.015278363699650343,0.010971996020327335,-0.08757373128591334,0.0009125868358503503,-0.04850849833182334,0.0,-0.03591709740718667,0.020463424622813326,0.0009161620067294165,0.008290956230387158,-0.0008163175359703841,-0.0006139442297015963,0.0036450267985974174,0.013295589693839153,0.008015927363509432,0.008720539419360683,-0.004806253110091999,-0.0007438239176014935,0.10130688395819666,-0.016028885311982623,0.02488550960433833,0.00436992944696625,-0.03591709740718667,-0.020463424622813326,-0.07304292626597332,0.0,-0.0027674024578352996,0.002653631799162066,-0.00034666522305800004,0.0007168852588742687,-0.034032822130940006,0.013845526505482516,-0.03830165917809834,-0.004350176938000466,-0.005881310317859184,-0.005056023560353003,0.0004686875867098833,0.0021168232311521164,0.001808661804301789,-0.0003884875877001466,0.0009161620067294165,-0.008290956230387158,-0.0027674024578352996,-0.002653631799162066,-0.09280962958641334,0.0,0.9997041796024171
0.6199999999999999,0.0015263699216487999,0.0,-0.00048098178486164996,0.002026957047324468,0.0004552598518426169,0.0030548600274305504,0.0005351602671240501,0.0010704121231080318,0.001988715848974117,-0.0011630303803150846,0.0008537455554881988,0.0010472244184719002,0.0010222876031317663,0.0008356881756402297,0.00013393934479626664,-0.001009685298153789,0.0007099712970798331,0.00028931252331672,-0.00048098178486164996,-0.002026957047324468,0.1417235239240333,0.0,0.2892336199916334,-0.008807638154107051,0.015211968559995898,0.024948508195237817,0.020510428699895424,-0.010070826107988937,-0.00234911421837395,-0.0023670861007661498,0.006976680401049635,0.001049016904553757,0.0036046238841741162,-0.013269988403034465,-0.03398254432159999,-0.013963926595334165,0.0004552598518426169,-0.0030548600274305504,0.2892336199916334,0.008807638154107051,0.4370540860971833,0.0,-0.022529935788745,0.048957888228503846,0.009488569517050266,-0.01177312021290935,-0.007090370616914166,-0.006090065461052833,-0.012289255415034794,0.008755832527325149,0.008116979475622366,-0.008698869354740435,-0.038127212999020006,0.004064546976756734,0.0005351602671240501,-0.0010704121231080318,0.015211968559995898,-0.024948508195237817,-0.022529935788745,-0.048957888228503846,0.6853175293541999,0.0,0.13854379471799996,0.01904098465451733,0.01042073079200733,0.0006247813062813994,0.020693963294197874,0.006520829807041536,-0.0047300267738616675,0.0006806182239675169,-0.00609001176524145,0.004911035193632915,0.001988715848974117,0.0011630303803150846,0.020510428699895424,0.010070826107988937,0.009488569517050266,0.01177312021290935,0.13854379471799996,-0.01904098465451733,0.11433601437846837,0.0,0.06349101975968333,0.003212799294180716,0.01539131270316177,-0.010907500633435681,0.10127539168787666,0.016067357373173916,0.0004211311959197329,-0.0020997033999658504,0.0008537455554881988,-0.0010472244184719002,-0.00234911421837395,0.0023670861007661498,-0.007090370616914166,0.006090065461052833,0.01042073079200733,-0.0006247813062813994,0.06349101975968333,-0.003212799294180716,-0.16542302414043333,0.0,-0.087477868440255,-0.0008698987686633498,0.024918688403573665,-0.004353168227746033,0.0018571793598444874,0.0004471762967694167,0.0010222876031317663,-0.0008356881756402297,0.006976680401049635,-0.001049016904553757,-0.012289255415034794,-0.008755832527325149,0.020693963294197874,-0.006520829807041536,0.01539131270316177,0.010907500633435681,-0.087477868440255,0.0008698987686633498,-0.04867147685435833,0.0,-0.035903614599116666,0.02048997441554816,0.0008816614950427048,0.008239713957816166,0.00013393934479626664,0.001009685298153789,0.0036046238841741162,0.013269988403034465,0.008116979475622366,0.008698869354740435,-0.0047300267738616675,-0.0006806182239675169,0.10127539168787666,-0.016067357373173916,0.024918688403573665,0.004353168227746033,-0.035903614599116666,-0.02048997441554816,-0.07312865126714832,0.0,-0.0027934235148067655,0.002699785915648016,0.0007099712970798331,-0.00028931252331672,-0.03398254432159999,0.013963926595334165,-0.038127212999020006,-0.004064546976756734,-0.00609001176524145,-0.004911035193632915,0.0004211311959197329,0.0020997033999658504,0.0018571793598444874,-0.0004471762967694167,0.0008816614950427048,-0.008239713957816166,-0.0027934235148067655,-0.002699785915648016,-0.09303037534225504,0.0,0.9997039960712831
0.6209999999999999,0.0015261863871253501,0.0,-0.0010733531213302336,-0.0017594377357150496,-0.002540778663426884,-0.0017522381076038593,-0.0011025828579932172,-0.00023991999227786662,-0.0004991453591042005,0.0022735313001044557,-0.0013601339273673337,-0.00017978696057678327,-0.001313421940013717,0.00010293546827013358,0.0006313803536587495,0.0008070128553847254,-0.0007062510397851344,0.0002447171941234167,-0.0010733531213302336,0.0017594377357150496,0.1414784093231167,0.0,0.2891400433277835,-0.009047871311607,0.015234680305921334,0.02462545961687482,0.020483251788064517,-0.010096985089130721,-0.0024478003482241847,-0.00230805257052503,0.0070304268820900176,0.001005030450188112,0.0035727577330939594,-0.013222600452027616,-0.03391502331578668,-0.0140911433494315,-0.002540778663426884,0.0017522381076038593,0.2891400433277835,0.009047871311607,0.43683006676141656,0.0,-0.022695281633498585,0.049068218354046164,0.00957419919196523,-0.01176708380656053,-0.007125066354486549,-0.006054391223905587,-0.012297542880307781,0.008868852326611682,0.00820671098621075,-0.008645232013870447,-0.03796856627368666,0.0038000711922466664,-0.0011025828579932172,0.00023991999227786662,0.015234680305921334,-0.02462545961687482,-0.022695281633498585,-0.049068218354046164,0.6863650153021,0.0,0.1387891076033,0.01888073560371367,0.01060036483334728,0.0006434752653249664,0.02065558538558708,0.006656692024145549,-0.004646376610952466,0.0006046997686362297,-0.006275821956965002,0.004749333430175659,-0.0004991453591042005,-0.0022735313001044557,0.020483251788064517,0.010096985089130721,0.00957419919196523,0.01176708380656053,0.1387891076033,-0.01888073560371367,0.1143035658811117,0.0,0.06366129660156832,0.0033372439079555273,0.015466838323690306,-0.010818319590811967,0.10122235872880503,0.016107734164965234,0.00037546511452965015,-0.002109478420620967,-0.0013601339273673337,0.00017978696057678327,-0.0024478003482241847,0.00230805257052503,-0.007125066354486549,0.006054391223905587,0.01060036483334728,-0.0006434752653249664,0.06366129660156832,-0.0033372439079555273,-0.16549676594878332,0.0,-0.08736493118931668,-0.0008339201448746465,0.02493148512961717,-0.0043378808594644646,0.0019035317862392501,0.0005060411917536667,-0.001313421940013717,-0.00010293546827013358,0.0070304268820900176,-0.001005030450188112,-0.012297542880307781,-0.008868852326611682,0.02065558538558708,-0.006656692024145549,0.015466838323690306,0.010818319590811967,-0.08736493118931668,0.0008339201448746465,-0.048833941465225,0.0,-0.03588647674628167,0.02051745792850217,0.0008386649556309668,0.008187253298584883,0.0006313803536587495,-0.0008070128553847254,0.0035727577330939594,0.013222600452027616,0.00820671098621075,0.008645232013870447,-0.004646376610952466,-0.0006046997686362297,0.10122235872880503,-0.016107734164965234,0.02493148512961717,0.0043378808594644646,-0.03588647674628167,-0.02051745792850217,-0.07321511471776668,0.0,-0.002810349059126527,0.0027161632065197993,-0.0007062510397851344,-0.0002447171941234167,-0.03391502331578668,0.0140911433494315,-0.03796856627368666,-0.0038000711922466664,-0.006275821956965002,-0.004749333430175659,0.00037546511452965015,0.002109478420620967,0.0019035317862392501,-0.0005060411917536667,0.0008386649556309668,-0.008187253298584883,-0.002810349059126527,-0.0027161632065197993,-0.09325360899296671,0.0,0.9997038125302832
0.622,0.0015260028556619836,0.0,0.00197954360087395,0.00046221878924295,0.0030323776161825995,-0.0006661167907067168,0.0008523738622326333,-0.0006887636491923833,-0.0013288105071436165,-0.0019378216481140333,0.0011214326775773166,-0.0008025206147701435,0.0008750303211937998,-0.0009924259926726,-0.0010261162251569004,-0.00011711155297178014,0.00036240926934801644,-0.0006445620173202614,0.00197954360087395,-0.00046221878924295,0.14122568956146664,0.0,0.28905561676501673,-0.009328300559266402,0.01520591666490758,0.024295283693129874,0.020445333550391503,-0.010157156607026267,-0.0025511623822550003,-0.002266221020834533,0.007096727168025266,0.0009517061126968332,0.0035439062110463122,-0.013183283351154866,-0.033834527090923334,-0.014202874561265368,0.0030323776161825995,0.0006661167907067168,0.28905561676501673,0.009328300559266402,0.4366150224510499,0.0,-0.022907644914142416,0.049141289100241334,0.00961670705251773,-0.011771066166746206,-0.007168519113515368,-0.006044953262817833,-0.012305494067890594,0.008942662269639409,0.0082383608389275,-0.0085989438908216,-0.0378223494788,0.0035349789616448994,0.0008523738622326333,0.0006887636491923833,0.01520591666490758,-0.024295283693129874,-0.022907644914142416,-0.049141289100241334,0.6874103292090666,0.0,0.13908674464378337,0.01875446058327101,0.010750861371856168,0.0006396594137964498,0.020608506789278655,0.0067725174536467005,-0.0045421542742979165,0.0005385379529197831,-0.006419441828998703,0.004553663570532484,-0.0013288105071436165,0.0019378216481140333,0.020445333550391503,0.010157156607026267,0.00961670705251773,0.011771066166746206,0.13908674464378337,-0.01875446058327101,0.11427879346541665,0.0,0.06381322439741001,0.00344395781362967,0.015530139137326187,-0.0107422592753898,0.10118587236080671,0.016150495802718413,0.00033384090394093324,-0.0021432564200200006,0.0011214326775773166,0.0008025206147701435,-0.0025511623822550003,0.002266221020834533,-0.007168519113515368,0.006044953262817833,0.010750861371856168,-0.0006396594137964498,0.06381322439741001,-0.00344395781362967,-0.1655739728407833,0.0,-0.08725857761809669,-0.0008256370887267966,0.02494973749491383,-0.004324639689213633,0.0019520472982846,0.0005325983802477168,0.0008750303211937998,0.0009924259926726,0.007096727168025266,-0.0009517061126968332,-0.012305494067890594,-0.008942662269639409,0.020608506789278655,-0.0067725174536467005,0.015530139137326187,0.0107422592753898,-0.08725857761809669,0.0008256370887267966,-0.04899651272443999,0.0,-0.035855220215029994,0.02053868089396084,0.0007657499687648434,0.008145489432460903,-0.0010261162251569004,0.00011711155297178014,0.0035439062110463122,0.013183283351154866,0.0082383608389275,0.0085989438908216,-0.0045421542742979165,-0.0005385379529197831,0.10118587236080671,-0.016150495802718413,0.02494973749491383,0.004324639689213633,-0.035855220215029994,-0.02053868089396084,-0.07330252100279834,0.0,-0.0028265720255187337,0.0027049947394339508,0.00036240926934801644,0.0006445620173202614,-0.033834527090923334,0.014202874561265368,-0.0378223494788,-0.0035349789616448994,-0.006419441828998703,-0.004553663570532484,0.00033384090394093324,0.0021432564200200006,0.0019520472982846,-0.0005325983802477168,0.0007657499687648434,-0.008145489432460903,-0.0028265720255187337,-0.0027049947394339508,-0.09347920198262501,0.0,0.9997036289919833
0.623,0.0015258193286617663,0.0,-0.0016800067501884712,0.0010872256301710133,-0.0015993062552775831,0.0026944266241475828,-7.134448368049997e-06,0.001070762660187667,0.002354682910506999,0.0003559817983996495,-0.00028435698589818323,0.0013529170727791166,5.910134414505013e-05,0.0013100255680459484,0.000810264523967738,-0.0006540796699864162,0.00016889291717468334,0.00071507399366566,-0.0016800067501884712,-0.0010872256301710133,0.14096406945181672,0.0,0.28897000961424996,-0.009614062745219264,0.015163897194552198,0.023985714378198672,0.020394589292376825,-0.010227975682445403,-0.002655812015067967,-0.002228572165578881,0.007157962642527316,0.0009002779882078503,0.0034882119632589775,-0.01316568571279015,-0.03374402160299166,-0.014276122382230918,-0.0015993062552775831,-0.0026944266241475828,0.28897000961424996,0.009614062745219264,0.4364102615717999,0.0,-0.023105689732563092,0.049185761648635334,0.009620415953347892,-0.011756136574898855,-0.0072261494782830515,-0.006048390811615783,-0.012312259440927382,0.009009566820125301,0.008234799674053116,-0.008588058176817216,-0.03762981964568665,0.003294310914797193,-7.134448368049997e-06,-0.001070762660187667,0.015163897194552198,-0.023985714378198672,-0.023105689732563092,-0.049185761648635334,0.6884539116437499,0.0,0.13943133913493327,0.0186645012917725,0.010890063806681501,0.0006772706962611499,0.020551391224056706,0.006893266029122732,-0.004427661064109766,0.0004779635482230129,-0.00653866630249987,0.004326035941411604,0.002354682910506999,-0.0003559817983996495,0.020394589292376825,0.010227975682445403,0.009620415953347892,0.011756136574898855,0.13943133913493327,-0.0186645012917725,0.11426066251373332,0.0,0.06394659042772498,0.003557474471846349,0.015599574748032566,-0.0106757259867754,0.10117525081949999,0.016200051261077566,0.0003071644202112718,-0.0021809126146009345,-0.00028435698589818323,-0.0013529170727791166,-0.002655812015067967,0.002228572165578881,-0.0072261494782830515,0.006048390811615783,0.010890063806681501,-0.0006772706962611499,0.06394659042772498,-0.003557474471846349,-0.16565373894698338,0.0,-0.0871696554559883,-0.0008224665712260232,0.024984288515392337,-0.0043057270428648676,0.0019993994227205493,0.0005417340865946168,5.910134414505013e-05,-0.0013100255680459484,0.007157962642527316,-0.0009002779882078503,-0.012312259440927382,-0.009009566820125301,0.020551391224056706,-0.006893266029122732,0.015599574748032566,0.0106757259867754,-0.0871696554559883,0.0008224665712260232,-0.04915968333546334,0.0,-0.03581470614742667,0.02054782336400133,0.0006861716439573167,0.008104350740433149,0.000810264523967738,0.0006540796699864162,0.0034882119632589775,0.01316568571279015,0.008234799674053116,0.008588058176817216,-0.004427661064109766,-0.0004779635482230129,0.10117525081949999,-0.016200051261077566,0.024984288515392337,0.0043057270428648676,-0.03581470614742667,-0.02054782336400133,-0.07339109487540667,0.0,-0.0028520758360140504,0.002706143296410913,0.00016889291717468334,-0.00071507399366566,-0.03374402160299166,0.014276122382230918,-0.03762981964568665,-0.003294310914797193,-0.00653866630249987,-0.004326035941411604,0.0003071644202112718,0.0021809126146009345,0.0019993994227205493,-0.0005417340865946168,0.0006861716439573167,-0.008104350740433149,-0.0028520758360140504,-0.002706143296410913,-0.09370676189359169,0.0,0.99970344545825
0.6239999999999999,0.0015256357938816828,0.0,0.0003926940585383598,-0.0019478816766696821,-0.0008659656606620664,-0.0030234095857148164,-0.0008039299604073335,-0.0006789213106366,-0.001888373833294295,0.0015189646119980673,-0.0007035494303494381,-0.0011990482261683,-0.0009176647800632386,-0.0008849477350266386,-0.00010235209194384849,0.0010564721457532336,-0.0006048441701294667,-0.00040185243218203323,0.0003926940585383598,0.0019478816766696821,0.14069280397778336,0.0,0.2888700484200167,-0.009915832726904331,0.015156140136564746,0.023705666805735222,0.020349580274025007,-0.010258388784500217,-0.00276613612600906,-0.002185407514465167,0.007207314445952414,0.0008507361155463001,0.0033989852872030792,-0.013144426295530313,-0.03365418747164166,-0.014330271917618048,-0.0008659656606620664,0.0030234095857148164,0.2888700484200167,0.009915832726904331,0.4362159128082667,0.0,-0.0232472068539508,0.0492361033619745,0.009652050256286702,-0.011740197690306813,-0.007276936638165117,-0.006054962635356529,-0.012330783296058275,0.009124852070463232,0.008250548141079667,-0.008590067081622601,-0.03738033275374166,0.0031135878651860297,-0.0008039299604073335,0.0006789213106366,0.015156140136564746,-0.023705666805735222,-0.0232472068539508,-0.0492361033619745,0.6894962824139834,0.0,0.13976632862900004,0.018577611239088337,0.01103027341207037,0.0007968337922459001,0.020499363637940707,0.007031902333743115,-0.0043180712074200175,0.00040368544390251694,-0.006668729813036441,0.00407474893573611,-0.001888373833294295,-0.0015189646119980673,0.020349580274025007,0.010258388784500217,0.009652050256286702,0.011740197690306813,0.13976632862900004,-0.018577611239088337,0.11424961866377,0.0,0.06408424169510167,0.0037126507475617448,0.015652358388830123,-0.0105963417181837,0.10118025412423666,0.0162621258245,0.00030447196306488316,-0.0022174454747098003,-0.0007035494303494381,0.0011990482261683,-0.00276613612600906,0.002185407514465167,-0.007276936638165117,0.006054962635356529,0.01103027341207037,-0.0007968337922459001,0.06408424169510167,-0.0037126507475617448,-0.16573709771591666,0.0,-0.08709813680562337,-0.0007981403235419683,0.02502623092451066,-0.004276277014297019,0.002036235074164067,0.0005688231990793612,-0.0009176647800632386,0.0008849477350266386,0.007207314445952414,-0.0008507361155463001,-0.012330783296058275,-0.009124852070463232,0.020499363637940707,-0.007031902333743115,0.015652358388830123,0.0105963417181837,-0.08709813680562337,0.0007981403235419683,-0.049323024821855015,0.0,-0.03578366255919333,0.020559408372342488,0.0006303668699636684,0.008049709024621753,-0.00010235209194384849,-0.0010564721457532336,0.0033989852872030792,0.013144426295530313,0.008250548141079667,0.008590067081622601,-0.0043180712074200175,-0.00040368544390251694,0.10118025412423666,-0.0162621258245,0.02502623092451066,0.004276277014297019,-0.03578366255919333,-0.020559408372342488,-0.07348108193218333,0.0,-0.002882999281842233,0.002736863192301433,-0.0006048441701294667,0.00040185243218203323,-0.03365418747164166,0.014330271917618048,-0.03738033275374166,-0.0031135878651860297,-0.006668729813036441,-0.00407474893573611,0.00030447196306488316,0.0022174454747098003,0.002036235074164067,-0.0005688231990793612,0.0006303668699636684,-0.008049709024621753,-0.002882999281842233,-0.002736863192301433,-0.09393578727096334,0.0,0.9997032619162669
0.625,0.0015254522409501171,0.0,0.0011120444312909612,0.0016524685620941367,0.002782385482381517,0.001453730140521317,0.0010482186502341663,-0.00017866523656902972,0.0001664265876202502,-0.0024575022320447,0.001327733213383561,0.00041178192933771676,0.0012359605330529303,1.3758250039149932e-05,-0.0007077284610176169,-0.0008402342246486469,0.00070473813045975,-0.00011046869033527661,0.0011120444312909612,-0.0016524685620941367,0.140410961966,0.0,0.2887212168486001,-0.010251150282184068,0.01515402476575235,0.023410218845878336,0.020307628590299172,-0.010264807006962123,-0.0028861566853123797,-0.0021483150414922944,0.007253155355502014,0.0007933673952106831,0.003309856242005117,-0.013093759233991668,-0.03356587822846666,-0.014398966499200276,0.002782385482381517,-0.001453730140521317,0.2887212168486001,0.010251150282184068,0.43603253350838356,0.0,-0.023378188652311324,0.04929643268772369,0.009730682346741452,-0.011748922810199241,-0.007302941415416683,-0.006065648423038969,-0.01235948699878017,0.00926691063916105,0.008284679396034951,-0.008566722122291396,-0.037124636603136675,0.002976662241820567,0.0010482186502341663,0.00017866523656902972,0.01515402476575235,-0.023410218845878336,-0.023378188652311324,-0.04929643268772369,0.6905374165476499,0.0,0.14005508918673334,0.01846725021447793,0.01115859544415238,0.00094518289991605,0.02044806649296275,0.007165643816713418,-0.004207588520601866,0.00032963388302345044,-0.006801786443755548,0.0037967737675295684,0.0001664265876202502,0.0024575022320447,0.020307628590299172,0.010264807006962123,0.009730682346741452,0.011748922810199241,0.14005508918673334,-0.01846725021447793,0.11424715780826163,0.0,0.0642240703399,0.0038933504089009034,0.015666860516903528,-0.010511734115747,0.10117869696414,0.016333028513758455,0.0003218066401852999,-0.002270943304472216,0.001327733213383561,-0.00041178192933771676,-0.0028861566853123797,0.0021483150414922944,-0.007302941415416683,0.006065648423038969,0.01115859544415238,-0.00094518289991605,0.0642240703399,-0.0038933504089009034,-0.16582569982568335,0.0,-0.08702832743697332,-0.0007646689059651165,0.025066125016455335,-0.0042403691486702,0.002058147614331217,0.0006145624068534651,0.0012359605330529303,-1.3758250039149932e-05,0.007253155355502014,-0.0007933673952106831,-0.01235948699878017,-0.00926691063916105,0.02044806649296275,-0.007165643816713418,0.015666860516903528,0.010511734115747,-0.08702832743697332,0.0007646689059651165,-0.04948599981215499,0.0,-0.035761319738544996,0.020588336966963664,0.0005865776683832019,0.007981716843422484,-0.0007077284610176169,0.0008402342246486469,0.003309856242005117,0.013093759233991668,0.008284679396034951,0.008566722122291396,-0.004207588520601866,-0.00032963388302345044,0.10117869696414,-0.016333028513758455,0.025066125016455335,0.0042403691486702,-0.035761319738544996,-0.020588336966963664,-0.07357265516471165,0.0,-0.0029031588752568174,0.002766260013710833,0.00070473813045975,0.00011046869033527661,-0.03356587822846666,0.014398966499200276,-0.037124636603136675,-0.002976662241820567,-0.006801786443755548,-0.0037967737675295684,0.0003218066401852999,0.002270943304472216,0.002058147614331217,-0.0006145624068534651,0.0005865776683832019,-0.007981716843422484,-0.0029031588752568174,-0.002766260013710833,-0.09416608891152672,0.0,0.9997030783570835
0.6260000000000001,0.0015252686861647999,0.0,-0.0019586091639416667,-0.00034561988675314815,-0.002974139396460616,0.0010151874817864333,-0.0005657629467503833,0.0009412693862742334,0.00169556319170021,0.001825776306462655,-0.0012416791502244998,0.0005796974307619036,-0.0008854078265711,0.0008308011316837165,0.0011366801837497528,8.37549962182909e-05,-0.00044175369502523346,0.0005403717948122833,-0.0019586091639416667,0.00034561988675314815,0.14011819073324996,0.0,0.28854517979098326,-0.01058328341668133,0.015082832783358955,0.023068346264051045,0.020250288323802164,-0.010305568267984084,-0.0030109778581194247,-0.0021269577995704017,0.0073017671074016525,0.0007213682416155994,0.0032510314827774835,-0.013029934160808018,-0.033474367703885,-0.014480598923469413,-0.002974139396460616,-0.0010151874817864333,0.28854517979098326,0.01058328341668133,0.4358608611477833,0.0,-0.02356354008561392,0.049347488463250336,0.009805300384316427,-0.011767643739634534,-0.0073222617003517836,-0.006084643519940233,-0.012378557531320241,0.009365952860637655,0.00829564472954422,-0.008525171783757344,-0.036896622719471674,0.002841986212684567,-0.0005657629467503833,-0.0009412693862742334,0.015082832783358955,-0.023068346264051045,-0.02356354008561392,-0.049347488463250336,0.69157670242525,0.0,0.14034601413370004,0.01834933851954015,0.011261955712885019,0.0010557768074813166,0.020377928956433217,0.007265173886965678,-0.004085441177382251,0.00029453082366591687,-0.006889479245685151,0.003492877864451434,0.00169556319170021,-0.001825776306462655,0.020250288323802164,0.010305568267984084,0.009805300384316427,0.011767643739634534,0.14034601413370004,-0.01834933851954015,0.11425375005675333,0.0,0.06434515218610999,0.004054406822883418,0.015670111077781428,-0.010456924659474887,0.10117754377982667,0.016407389186021054,0.0003462019251314999,-0.0023534828661556325,-0.0012416791502244998,-0.0005796974307619036,-0.0030109778581194247,0.0021269577995704017,-0.0073222617003517836,0.006084643519940233,0.011261955712885019,-0.0010557768074813166,0.06434515218610999,-0.004054406822883418,-0.1659194002479,0.0,-0.08696019579042,-0.0007520335414829666,0.02511266279647217,-0.0042069964134406985,0.002072388623353902,0.0006499887405742699,-0.0008854078265711,-0.0008308011316837165,0.0073017671074016525,-0.0007213682416155994,-0.012378557531320241,-0.009365952860637655,0.020377928956433217,-0.007265173886965678,0.015670111077781428,0.010456924659474887,-0.08696019579042,0.0007520335414829666,-0.049648878341551655,0.0,-0.035734275290196675,0.020626437046967337,0.0005230515418093666,0.007909430352130584,0.0011366801837497528,-8.37549962182909e-05,0.0032510314827774835,0.013029934160808018,0.00829564472954422,0.008525171783757344,-0.004085441177382251,-0.00029453082366591687,0.10117754377982667,-0.016407389186021054,0.02511266279647217,0.0042069964134406985,-0.035734275290196675,-0.020626437046967337,-0.07366586115629667,0.0,-0.0029092826082070663,0.00276760051340745,-0.00044175369502523346,-0.0005403717948122833,-0.033474367703885,0.014480598923469413,-0.036896622719471674,-0.002841986212684567,-0.006889479245685151,-0.003492877864451434,0.0003462019251314999,0.0023534828661556325,0.002072388623353902,-0.0006499887405742699,0.0005230515418093666,-0.007909430352130584,-0.0029092826082070663,-0.00276760051340745,-0.09439773850805502,0.0,0.9997028947959669
0.627,0.0015250851420650162,0.0,0.0015636291780398014,-0.0011811733939424294,0.001312945535097683,-0.0028775354058043013,-0.0003380685667693499,-0.0010549058792436166,-0.0025137046945408496,-2.383771490805e-05,0.0005268747325635916,-0.0012328880679012002,5.838945319264181e-05,-0.001199954744605957,-0.0008724000702415863,0.0007753176771783169,-3.1491537007699864e-05,-0.0006784271318106335,0.0015636291780398014,0.0011811733939424294,0.13981555739003332,0.0,0.2883884739489166,-0.010858958672553083,0.014929790313502504,0.022700830736101598,0.020170736178879666,-0.010383824510928903,-0.0031308917000232835,-0.0021089389493500706,0.007338703098537751,0.0006354660416993498,0.0032090880854851733,-0.012983758429702872,-0.03337990754592501,-0.014542298791906634,0.001312945535097683,0.0028775354058043013,0.2883884739489166,0.010858958672553083,0.4357001052151999,0.0,-0.02377240678323321,0.049386052728622336,0.009841612276040647,-0.01176112906603492,-0.007368992345982314,-0.006104928160824843,-0.012383927621937676,0.009415359377962047,0.0082765364766187,-0.008506245167771287,-0.036672519520305,0.002708612524151597,-0.0003380685667693499,0.0010549058792436166,0.014929790313502504,-0.022700830736101598,-0.02377240678323321,-0.049386052728622336,0.6926138866101,0.0,0.14069097947214995,0.01825190655098795,0.011326888094294617,0.0011484034627586832,0.020280838859420988,0.007337149349780232,-0.003961263613676617,0.0003065984412682832,-0.006915640229722266,0.0031780165796571154,-0.0025137046945408496,2.383771490805e-05,0.020170736178879666,0.010383824510928903,0.009841612276040647,0.01176112906603492,0.14069097947214995,-0.01825190655098795,0.11426848070789333,0.0,0.06443218154675334,0.004192282850613132,0.015700493736007383,-0.010435207567091981,0.10119166387355334,0.016485211876135667,0.00036969677224193374,-0.002446254069454734,0.0005268747325635916,0.0012328880679012002,-0.0031308917000232835,0.0021089389493500706,-0.007368992345982314,0.006104928160824843,0.011326888094294617,-0.0011484034627586832,0.06443218154675334,-0.004192282850613132,-0.16601672516731672,0.0,-0.086902995969465,-0.00075734225645595,0.025173336352659337,-0.004180672071919146,0.0020889844862130936,0.0006679490947438899,5.838945319264181e-05,0.001199954744605957,0.007338703098537751,-0.0006354660416993498,-0.012383927621937676,-0.009415359377962047,0.020280838859420988,-0.007337149349780232,0.015700493736007383,0.010435207567091981,-0.086902995969465,0.00075734225645595,-0.049812277667578314,0.0,-0.035695986469231666,0.020656877287409163,0.0004473317621586165,0.007835406995005833,-0.0008724000702415863,-0.0007753176771783169,0.0032090880854851733,0.012983758429702872,0.0082765364766187,0.008506245167771287,-0.003961263613676617,-0.0003065984412682832,0.10119166387355334,-0.016485211876135667,0.025173336352659337,0.004180672071919146,-0.035695986469231666,-0.020656877287409163,-0.07376077521583667,0.0,-0.002916784880099633,0.0027560158780321137,-3.1491537007699864e-05,0.0006784271318106335,-0.03337990754592501,0.014542298791906634,-0.036672519520305,-0.002708612524151597,-0.006915640229722266,-0.0031780165796571154,0.00036969677224193374,0.002446254069454734,0.0020889844862130936,-0.0006679490947438899,0.0004473317621586165,-0.007835406995005833,-0.002916784880099633,-0.0027560158780321137,-0.094630625769635,0.0,0.9997027112449001
0.628,0.0015249016059245002,0.0,-0.00019931010954769176,0.0019034126330791615,0.0012011699131572334,0.002941951012256217,0.0009710515182905665,0.00042112762246811653,0.0017478158392103015,-0.0018362255963749162,0.0004212303850259166,0.0012512777062735933,0.0007704428277313667,0.0008951846750845335,4.4335143991901466e-05,-0.0011791734929906665,0.00046201873745924994,0.00046440368292854987,-0.00019931010954769176,-0.0019034126330791615,0.13950483975579997,0.0,0.28824625775553336,-0.011077314855741262,0.014754159569474836,0.022341164656786826,0.02008574245787881,-0.0104338872253724,-0.003242101618448183,-0.002076537529007333,0.007344631104973967,0.0005323919797231,0.003158837007566688,-0.012948297073684929,-0.03328620436545,-0.014573898614477665,0.0012011699131572334,-0.002941951012256217,0.28824625775553336,0.011077314855741262,0.4355479635836167,0.0,-0.02392456858802884,0.0494347335865495,0.009884934832075169,-0.01173263249500218,-0.007450643811433735,-0.006120374751987982,-0.012397040798782432,0.009480669513321634,0.008268729031055749,-0.008512673879010408,-0.036430035165313325,0.0026093445512680963,0.0009710515182905665,-0.00042112762246811653,0.014754159569474836,-0.022341164656786826,-0.02392456858802884,-0.0494347335865495,0.6936492514078334,0.0,0.14105656451559995,0.01816561122161775,0.011342652785390065,0.001279595400216769,0.020166274887264222,0.007410043408931798,-0.003847115197206234,0.00032310942133305007,-0.006915523791427213,0.0028691582257737514,0.0017478158392103015,0.0018362255963749162,0.02008574245787881,0.0104338872253724,0.009884934832075169,0.01173263249500218,0.14105656451559995,-0.01816561122161775,0.11429085681934664,0.0,0.06448974263160001,0.004346177367915939,0.01575059945296965,-0.010408047331123766,0.10119983819966168,0.016564036553516334,0.0003958098182526001,-0.002520564129232616,0.0004212303850259166,-0.0012512777062735933,-0.003242101618448183,0.002076537529007333,-0.007450643811433735,0.006120374751987982,0.011342652785390065,-0.001279595400216769,0.06448974263160001,-0.004346177367915939,-0.16611746587844997,0.0,-0.0868540059545933,-0.0007496552889898832,0.025233850350884154,-0.004162463253180834,0.0021104672923791335,0.0006960579667974167,0.0007704428277313667,-0.0008951846750845335,0.007344631104973967,-0.0005323919797231,-0.012397040798782432,-0.009480669513321634,0.020166274887264222,-0.007410043408931798,0.01575059945296965,0.010408047331123766,-0.0868540059545933,0.0007496552889898832,-0.049976065412805,0.0,-0.03565202899428833,0.020682290367397674,0.00040061230839656675,0.007751441017656767,4.4335143991901466e-05,0.0011791734929906665,0.003158837007566688,0.012948297073684929,0.008268729031055749,0.008512673879010408,-0.003847115197206234,-0.00032310942133305007,0.10119983819966168,-0.016564036553516334,0.025233850350884154,0.004162463253180834,-0.03565202899428833,-0.020682290367397674,-0.07385746925119999,0.0,-0.0029382225375402327,0.0027610129219868837,0.00046201873745924994,-0.00046440368292854987,-0.03328620436545,0.014573898614477665,-0.036430035165313325,-0.0026093445512680963,-0.006915523791427213,-0.0028691582257737514,0.0003958098182526001,0.002520564129232616,0.0021104672923791335,-0.0006960579667974167,0.00040061230839656675,-0.007751441017656767,-0.0029382225375402327,-0.0027610129219868837,-0.09486428492791998,0.0,0.9997025277021335
0.629,0.001524718061033517,0.0,-0.0011960855041595166,-0.0014304082415654339,-0.002961000711632187,-0.0011427212243986299,-0.0008746312846911999,0.0004342347224121668,0.00015811022912501683,0.0025441469914755334,-0.0011433507729892666,-0.0006370303741579902,-0.0011484775971727346,-0.0001278385452318785,0.000834952332787783,0.000848080404573932,-0.0006282369448840501,-3.747187810771009e-05,-0.0011960855041595166,0.0014304082415654339,0.13918701318074997,0.0,0.28810926340283327,-0.01128684927546252,0.01458930024532188,0.02200096744489103,0.020015874360592618,-0.010421706115743229,-0.003346427954126457,-0.0020337762525862984,0.007325493020945432,0.00040818169435646667,0.0031094580207081932,-0.012893153766067783,-0.03318820593902334,-0.014603097223825894,-0.002961000711632187,0.0011427212243986299,0.28810926340283327,0.01128684927546252,0.4354026165156331,0.0,-0.02401102577621782,0.04951772186167765,0.009984319654045908,-0.011723111694346006,-0.007542556838799869,-0.006141766794886294,-0.012433259895625583,0.00959052032492552,0.008287889130410267,-0.008508068167518751,-0.03620108515930335,0.0025414209620798333,-0.0008746312846911999,-0.0004342347224121668,0.01458930024532188,-0.02200096744489103,-0.02401102577621782,-0.04951772186167765,0.6946831359677003,0.0,0.14139501471063334,0.018065206645999313,0.011324078522597428,0.001435787136221483,0.02004722269432182,0.007490099362998883,-0.003739282043107156,0.00031516752346618336,-0.0069199342449272,0.00256823770353518,0.00015811022912501683,-0.0025441469914755334,0.020015874360592618,0.010421706115743229,0.009984319654045908,0.011723111694346006,0.14139501471063334,-0.018065206645999313,0.114321621407535,0.0,0.06454096774645998,0.004532077157419509,0.015788957666884294,-0.01035424445558519,0.10117763405445834,0.016634780110998,0.00043229188285837095,-0.0025750151655834492,-0.0011433507729892666,0.0006370303741579902,-0.003346427954126457,0.0020337762525862984,-0.007542556838799869,0.006141766794886294,0.011324078522597428,-0.001435787136221483,0.06454096774645998,-0.004532077157419509,-0.16622304978195004,0.0,-0.08681043165863166,-0.0007235224395240649,0.0252771134273815,-0.004152401357233712,0.0021326795560797766,0.0007514514379193664,-0.0011484775971727346,0.0001278385452318785,0.007325493020945432,-0.00040818169435646667,-0.012433259895625583,-0.00959052032492552,0.02004722269432182,-0.007490099362998883,0.015788957666884294,0.01035424445558519,-0.08681043165863166,0.0007235224395240649,-0.050139564033936664,0.0,-0.03561578421682335,0.020719435389840665,0.00039447852343987665,0.007655754320024133,0.000834952332787783,-0.000848080404573932,0.0031094580207081932,0.012893153766067783,0.008287889130410267,0.008508068167518751,-0.003739282043107156,-0.00031516752346618336,0.10117763405445834,-0.016634780110998,0.0252771134273815,0.004152401357233712,-0.03561578421682335,-0.020719435389840665,-0.07395578605433001,0.0,-0.0029653369729011835,0.0027790065637493663,-0.0006282369448840501,3.747187810771009e-05,-0.03318820593902334,0.014603097223825894,-0.03620108515930335,-0.0025414209620798333,-0.0069199342449272,-0.00256823770353518,0.00043229188285837095,0.0025750151655834492,0.0021326795560797766,-0.0007514514379193664,0.00039447852343987665,-0.007655754320024133,-0.0029653369729011835,-0.0027790065637493663,-0.0950983611120817,0.0,0.9997023441503333
0.6300000000000002,0.0015245345087249336,0.0,0.0018036152490659733,0.00013974011813249997,0.00286248575196265,-0.0013675857098282848,0.00019059419362095164,-0.000885287338164485,-0.0019583967660495335,-0.0016279966805191662,0.0012545395037606363,-0.00030398117811607147,0.0009125454610229167,-0.0006800428468367501,-0.0012013238506453497,3.575300135493344e-05,0.0004821623084739918,-0.0003726601888639335,0.0018036152490659733,-0.00013974011813249997,0.13886205833518334,0.0,0.2879463757706333,-0.011506524569436866,0.0143966348674921,0.02167842915403578,0.019959374936365255,-0.01038901984750685,-0.0034426537454756334,-0.0020022930007150335,0.0073097846425884344,0.0002727525789176335,0.0030863685272726074,-0.01281463969487026,-0.033067143059231675,-0.014644578671966184,0.00286248575196265,0.0013675857098282848,0.2879463757706333,0.011506524569436866,0.43526390232900003,0.0,-0.024087034504419787,0.0496177937240905,0.01010379230297225,-0.011748412367358855,-0.007619250066534437,-0.006186391659003268,-0.012471035371230212,0.009687212310374137,0.008292482299867003,-0.008483172723734321,-0.03601773852716501,0.0024621870956623663,0.00019059419362095164,0.000885287338164485,0.0143966348674921,-0.02167842915403578,-0.024087034504419787,-0.0496177937240905,0.6957155860215498,0.0,0.1416925705169833,0.017960422801035374,0.011301991315109247,0.0015516132466592196,0.019926919013657417,0.007555049460882984,-0.003626963947424573,0.0003065694286354833,-0.006903418386938251,0.00227043610199098,-0.0019583967660495335,0.0016279966805191662,0.019959374936365255,0.01038901984750685,0.01010379230297225,0.011748412367358855,0.1416925705169833,-0.017960422801035374,0.11436114117371665,0.0,0.06458624269334669,0.004716478506506866,0.015809575708077204,-0.010295404553487953,0.10111717252629003,0.016687114388237504,0.0004821935498092333,-0.0026302325188515673,0.0012545395037606363,0.00030398117811607147,-0.0034426537454756334,0.0020022930007150335,-0.007619250066534437,0.006186391659003268,0.011301991315109247,-0.0015516132466592196,0.06458624269334669,-0.004716478506506866,-0.1663341441679666,0.0,-0.08675863233494004,-0.0007098771146458666,0.025306332667395175,-0.0041498706027204325,0.0021547528809204674,0.0008106251302832831,0.0009125454610229167,0.0006800428468367501,0.0073097846425884344,-0.0002727525789176335,-0.012471035371230212,-0.009687212310374137,0.019926919013657417,-0.007555049460882984,0.015809575708077204,0.010295404553487953,-0.08675863233494004,0.0007098771146458666,-0.050302716425693325,0.0,-0.035584144166423325,0.020760882279691494,0.00039346742465838137,0.007555313343555998,-0.0012013238506453497,-3.575300135493344e-05,0.0030863685272726074,0.01281463969487026,0.008292482299867003,0.008483172723734321,-0.003626963947424573,-0.0003065694286354833,0.10111717252629003,-0.016687114388237504,0.025306332667395175,0.0041498706027204325,-0.035584144166423325,-0.020760882279691494,-0.07405532899633167,0.0,-0.0029828154502435167,0.002779511629494667,0.0004821623084739918,0.0003726601888639335,-0.033067143059231675,0.014644578671966184,-0.03601773852716501,-0.0024621870956623663,-0.006903418386938251,-0.00227043610199098,0.0004821935498092333,0.0026302325188515673,0.0021547528809204674,-0.0008106251302832831,0.00039346742465838137,-0.007555313343555998,-0.0029828154502435167,-0.002779511629494667,-0.09533287218683002,0.0,0.9997021605915501
0.6310000000000001,0.001524350963671333,0.0,-0.0012842777955364615,0.0011718964084070497,-0.0009755621616014666,0.003040825340828183,0.0005441512144099505,0.0006470734447191899,0.002516458917161867,-0.000287765198299718,-0.0007034897146772208,0.0010498517029893086,-0.00019435211665518005,0.0011082385390056126,0.0007918000509805004,-0.0009142399528949502,-0.00011084610927563824,0.0005894815948122651,-0.0012842777955364615,-0.0011718964084070497,0.13852999312455,0.0,0.28781099403564997,-0.01171645078008771,0.014152988378835933,0.021375648738059572,0.01990679529065179,-0.01038353011222205,-0.003527078437403116,-0.001989017887477999,0.007313417252656145,0.00014413524139969162,0.0030822468763842064,-0.012745082271894581,-0.03292715475805001,-0.014676488035574283,-0.0009755621616014666,-0.003040825340828183,0.28781099403564997,0.01171645078008771,0.4351321571700166,0.0,-0.024167039269172293,0.04970973304781701,0.010180210394232982,-0.011780106648760768,-0.007679584009828168,-0.006256446530270987,-0.012493243153430733,0.009726842849048662,0.008255036841539602,-0.008480046876851732,-0.03586465061765332,0.002362323020224417,0.0005441512144099505,-0.0006470734447191899,0.014152988378835933,-0.021375648738059572,-0.024167039269172293,-0.04970973304781701,0.6967470007674333,0.0,0.14200561211968335,0.017902366678563302,0.011279979999091338,0.0016159887046731326,0.0198004174083763,0.007605620155287152,-0.0035104274240789165,0.00032685190180410006,-0.00682668534883025,0.001974237763469402,0.002516458917161867,0.000287765198299718,0.01990679529065179,0.01038353011222205,0.010180210394232982,0.011780106648760768,0.14200561211968335,-0.017902366678563302,0.11440799854854336,0.0,0.06461849015495333,0.004872519092762488,0.015837130225478065,-0.010257646997770268,0.10106321855485166,0.016728896229811167,0.0005410238962390848,-0.002689390302237539,-0.0007034897146772208,-0.0010498517029893086,-0.003527078437403116,0.001989017887477999,-0.007679584009828168,0.006256446530270987,0.011279979999091338,-0.0016159887046731326,0.06461849015495333,-0.004872519092762488,-0.1664494348662,0.0,-0.0867049322291,-0.0007288348079041667,0.0253428520655705,-0.004156733685994084,0.0021812538450253836,0.0008444098984684451,-0.00019435211665518005,-0.0011082385390056126,0.007313417252656145,-0.00014413524139969162,-0.012493243153430733,-0.009726842849048662,0.0198004174083763,-0.007605620155287152,0.015837130225478065,0.010257646997770268,-0.0867049322291,0.0007288348079041667,-0.050466351669533345,0.0,-0.035551991863153325,0.020783509749274336,0.0003713554783991982,0.0074590822048026225,0.0007918000509805004,0.0009142399528949502,0.0030822468763842064,0.012745082271894581,0.008255036841539602,0.008480046876851732,-0.0035104274240789165,-0.00032685190180410006,0.10106321855485166,-0.016728896229811167,0.0253428520655705,0.004156733685994084,-0.035551991863153325,-0.020783509749274336,-0.07415588401472001,0.0,-0.002995896786680633,0.00275498213484545,-0.00011084610927563824,-0.0005894815948122651,-0.03292715475805001,0.014676488035574283,-0.03586465061765332,-0.002362323020224417,-0.00682668534883025,-0.001974237763469402,0.0005410238962390848,0.002689390302237539,0.0021812538450253836,-0.0008444098984684451,0.0003713554783991982,-0.0074590822048026225,-0.002995896786680633,-0.00275498213484545,-0.09556785298407168,0.0,0.99970197703955
0.6320000000000001,0.00152416742801015,0.0,7.57904230283311e-07,-0.0016617311390320667,-0.0015537748280055087,-0.00282087125895275,-0.000762893401406,3.06753747883235e-05,-0.0015206635070290663,0.0020134792637726976,-0.00017873937947485036,-0.0012313230390609334,-0.000596991231246933,-0.0009200102186547003,0.0001371816423546031,0.0012026119369069168,-0.0003232398407291168,-0.0005030206326413,7.57904230283311e-07,0.0016617311390320667,0.13819097637571667,0.0,0.2877025709786167,-0.011913562337572594,0.013901271527981181,0.021090769131795993,0.019856201065984503,-0.010376972078682666,-0.0035993101449176015,-0.0019804997699021166,0.007318821894595868,3.135837189263335e-05,0.0030585822441158866,-0.012697010562860652,-0.03278758757568668,-0.014676697961640487,-0.0015537748280055087,0.00282087125895275,0.2877025709786167,0.011913562337572594,0.43500727726550004,0.0,-0.024187480795843166,0.0497748908788885,0.010221317214716768,-0.011797401680478398,-0.007731825926530251,-0.006334868533721324,-0.012515608225533612,0.009754610530506913,0.00820241663582846,-0.0085266351779154,-0.03570266070121284,0.0022887968739372672,-0.000762893401406,-3.06753747883235e-05,0.013901271527981181,-0.021090769131795993,-0.024187480795843166,-0.0497748908788885,0.69777850716425,0.0,0.1423333948011667,0.017907008059178834,0.011226687787465087,0.0016829942463069166,0.01965532920751758,0.0076676066012767025,-0.0033930875923323515,0.00035637859644000006,-0.006693867482010182,0.0016729579771008161,-0.0015206635070290663,-0.0020134792637726976,0.019856201065984503,0.010376972078682666,0.010221317214716768,0.011797401680478398,0.1423333948011667,-0.017907008059178834,0.11446017397059169,0.0,0.06462494180664,0.00502430900895665,0.015873138034351295,-0.010227661076384434,0.10103541925053498,0.016771965854902,0.0006025550759250452,-0.002733165520479484,-0.00017873937947485036,0.0012313230390609334,-0.0035993101449176015,0.0019804997699021166,-0.007731825926530251,0.006334868533721324,0.011226687787465087,-0.0016829942463069166,0.06462494180664,-0.00502430900895665,-0.16656758127646665,0.0,-0.08664253303301664,-0.0007591364139668665,0.02539030473003383,-0.004171218559584845,0.002207843515148317,0.0008623139489700415,-0.000596991231246933,0.0009200102186547003,0.007318821894595868,-3.135837189263335e-05,-0.012515608225533612,-0.009754610530506913,0.01965532920751758,-0.0076676066012767025,0.015873138034351295,0.010227661076384434,-0.08664253303301664,0.0007591364139668665,-0.050631112774164995,0.0,-0.03551538649645667,0.020782942370356505,0.00035161815518538325,0.0073683718252317175,0.0001371816423546031,-0.0012026119369069168,0.0030585822441158866,0.012697010562860652,0.00820241663582846,0.0085266351779154,-0.0033930875923323515,-0.00035637859644000006,0.10103541925053498,-0.016771965854902,0.02539030473003383,0.004171218559584845,-0.03551538649645667,-0.020782942370356505,-0.07425764016425167,0.0,-0.0030296138413306167,0.0027306339853467834,-0.0003232398407291168,0.0005030206326413,-0.03278758757568668,0.014676697961640487,-0.03570266070121284,-0.0022887968739372672,-0.006693867482010182,-0.0016729579771008161,0.0006025550759250452,0.002733165520479484,0.002207843515148317,-0.0008623139489700415,0.00035161815518538325,-0.0073683718252317175,-0.0030296138413306167,-0.0027306339853467834,-0.09580297449188832,0.0,0.9997017934969165
0.6329999999999998,0.0015239838897191675,0.0,0.0011611419644149165,0.0010928006345857335,0.0031178738127479485,0.0008205167306755002,0.0003823147307906203,-0.0005425705371201931,-0.00042468722043177346,-0.00248810156944155,0.0009558939888659367,0.0007913841475342717,0.001009520340770734,0.000274061946018035,-0.0009772162161838628,-0.0007184630093201433,0.00058499938809005,0.00013230409016452838,0.0011611419644149165,-0.0010928006345857335,0.1378446194268166,0.0,0.28760875874669994,-0.012133349626969218,0.013695150321957183,0.020816515767212156,0.019815954486196663,-0.0103171773801666,-0.0036643640577301477,-0.0019684828778471003,0.00730827376575276,-6.907698875226682e-05,0.002999842671158467,-0.012646427797890788,-0.032658987086589986,-0.014667894688386718,0.0031178738127479485,-0.0008205167306755002,0.28760875874669994,0.012133349626969218,0.4348895016875166,0.0,-0.024121299837030662,0.049810865661222344,0.010285739397654722,-0.011819196950444366,-0.0077673879942250675,-0.006410845609028121,-0.012566070855405552,0.009831980656919835,0.008171735069427102,-0.00859847637379815,-0.03553451165408551,0.002268598825915305,0.0003823147307906203,0.0005425705371201931,0.013695150321957183,-0.020816515767212156,-0.024121299837030662,-0.049810865661222344,0.6988108551217501,0.0,0.1426467797509167,0.01792479279365817,0.011132076628426503,0.0017854084535824837,0.019485964650863916,0.0077484137791663165,-0.0032716574793670555,0.00035704881792166665,-0.006527730983294682,0.0013524259026024999,-0.00042468722043177346,0.00248810156944155,0.019815954486196663,0.0103171773801666,0.010285739397654722,0.011819196950444366,0.1426467797509167,-0.01792479279365817,0.11451723574977336,0.0,0.06462081988528999,0.005209587794089149,0.015891377963530465,-0.010181283295534879,0.10102223528961002,0.016818344855985667,0.0006637124195759502,-0.0027516564401140657,0.0009558939888659367,-0.0007913841475342717,-0.0036643640577301477,0.0019684828778471003,-0.0077673879942250675,0.006410845609028121,0.011132076628426503,-0.0017854084535824837,0.06462081988528999,-0.005209587794089149,-0.16668913035536673,0.0,-0.08657746315256504,-0.0007762971761520165,0.025438568720290336,-0.004188291745034341,0.0022239302350066164,0.0008944392411584831,0.001009520340770734,-0.000274061946018035,0.00730827376575276,6.907698875226682e-05,-0.012566070855405552,-0.009831980656919835,0.019485964650863916,-0.0077484137791663165,0.015891377963530465,0.010181283295534879,-0.08657746315256504,0.0007762971761520165,-0.050796807406513336,0.0,-0.035485217853793334,0.020785688852299502,0.00036283370875860006,0.007281106203895831,-0.0009772162161838628,0.0007184630093201433,0.002999842671158467,0.012646427797890788,0.008171735069427102,0.00859847637379815,-0.0032716574793670555,-0.00035704881792166665,0.10102223528961002,-0.016818344855985667,0.025438568720290336,0.004188291745034341,-0.035485217853793334,-0.020785688852299502,-0.07436080500305499,0.0,-0.003091952031719349,0.0027248544945721333,0.00058499938809005,-0.00013230409016452838,-0.032658987086589986,0.014667894688386718,-0.03553451165408551,-0.002268598825915305,-0.006527730983294682,-0.0013524259026024999,0.0006637124195759502,0.0027516564401140657,0.0022239302350066164,-0.0008944392411584831,0.00036283370875860006,-0.007281106203895831,-0.003091952031719349,-0.0027248544945721333,-0.09603784315834002,0.0,0.999701609952633
0.6340000000000002,0.0015238003378173993,0.0,-0.0015406321168669385,6.950554299814976e-05,-0.0027351448742572162,0.0016704552478515172,0.0001784728443085832,0.0005611560781339169,0.002098631865890483,0.0014043450314863665,-0.0012374933792867566,5.970780136233344e-05,-0.0008904113109824832,0.0004352289773790831,0.0012029710754937134,-0.00022234885215130994,-0.0005158881417029331,0.0003154089603842164,-0.0015406321168669385,-6.950554299814976e-05,0.1374899151384,0.0,0.28749453680433334,-0.01239441147482343,0.013517631502132931,0.020547828243125996,0.01977784881126449,-0.010222336480357745,-0.003727809491765389,-0.0019660675917149337,0.007294060617319054,-0.00015626013454366668,0.002935996411361217,-0.012571519653351645,-0.032521614955188335,-0.014684249027930203,-0.0027351448742572162,-0.0016704552478515172,0.28749453680433334,0.01239441147482343,0.4347803079036501,0.0,-0.024022293808939495,0.049807754270895496,0.010374356171148073,-0.011864794316096527,-0.007761807251543187,-0.0064799644335917315,-0.012631886250395834,0.009932707156401642,0.008153180804546568,-0.00865813007904995,-0.03538258617526,0.0022621755290018358,0.0001784728443085832,-0.0005611560781339169,0.013517631502132931,-0.020547828243125996,-0.024022293808939495,-0.049807754270895496,0.6998433736273333,0.0,0.14292839638143331,0.01789945119097867,0.0110272639742491,0.001885856466351644,0.019303270794486977,0.007818170949080818,-0.003147567128533901,0.0003425861913780669,-0.006308045357690832,0.0010180827693497265,0.002098631865890483,-0.0014043450314863665,0.01977784881126449,0.010222336480357745,0.010374356171148073,0.011864794316096527,0.14292839638143331,-0.01789945119097867,0.11458037637235337,0.0,0.06461879172156666,0.0054151866604771805,0.015881017165993286,-0.010124155386298399,0.10099634668850498,0.01686215471855017,0.0007265596777857329,-0.002764946807133767,-0.0012374933792867566,-5.970780136233344e-05,-0.003727809491765389,0.0019660675917149337,-0.007761807251543187,0.0064799644335917315,0.0110272639742491,-0.001885856466351644,0.06461879172156666,-0.0054151866604771805,-0.1668153536778833,0.0,-0.08651366910472333,-0.0007881360908325435,0.025482322563146167,-0.004203415325970826,0.0022258168616176507,0.0009436068381648501,-0.0008904113109824832,-0.0004352289773790831,0.007294060617319054,0.00015626013454366668,-0.012631886250395834,-0.009932707156401642,0.019303270794486977,-0.007818170949080818,0.015881017165993286,0.010124155386298399,-0.08651366910472333,0.0007881360908325435,-0.050963171958200014,0.0,-0.03546538101827166,0.020807730066261333,0.00038607406890731164,0.007195663955409384,0.0012029710754937134,0.00022234885215130994,0.002935996411361217,0.012571519653351645,0.008153180804546568,0.00865813007904995,-0.003147567128533901,-0.0003425861913780669,0.10099634668850498,-0.01686215471855017,0.025482322563146167,0.004203415325970826,-0.03546538101827166,-0.020807730066261333,-0.07446527354981833,0.0,-0.003153077684322583,0.0027224374598752844,-0.0005158881417029331,-0.0003154089603842164,-0.032521614955188335,0.014684249027930203,-0.03538258617526,-0.0022621755290018358,-0.006308045357690832,-0.0010180827693497265,0.0007265596777857329,0.002764946807133767,0.0022258168616176507,-0.0009436068381648501,0.00038607406890731164,-0.007195663955409384,-0.003153077684322583,-0.0027224374598752844,-0.09627254779998,0.0,0.9997014263941498
0.6350000000000002,0.0015236167874985171,0.0,0.0009771375117748333,-0.0011375603204377101,0.0006877332088887021,-0.003113501588460399,-0.000512943722744133,-0.00019408541593952686,-0.0024600940406769665,0.0005305677270072492,0.0008682449790771933,-0.0008639507280131733,0.00035871761769119164,-0.0008788487070391666,-0.0006741247663560401,0.0010350360360264995,0.00016094281061220176,-0.0005909421155269385,0.0009771375117748333,0.0011375603204377101,0.1371264370518,0.0,0.28738043984231665,-0.012660527264954284,0.013304650054416327,0.020295114633124174,0.019726899510279335,-0.010156554283655517,-0.003792001525641797,-0.00198297473260877,0.007297181629652879,-0.00022518358857764997,0.00289679720661525,-0.012487295445033438,-0.03236460479783666,-0.014721275983698379,0.0006877332088887021,0.003113501588460399,0.28738043984231665,0.012660527264954284,0.4346812954336,0.0,-0.023953257565349842,0.04975899039513949,0.010434191273798684,-0.011918398845729667,-0.007715350129342615,-0.006534182857525333,-0.012672941995747049,0.009984058908121853,0.008122345309364032,-0.008707806862796097,-0.035245882101915,0.002233050938892534,-0.000512943722744133,0.00019408541593952686,0.013304650054416327,-0.020295114633124174,-0.023953257565349842,-0.04975899039513949,0.70087444254345,0.0,0.14322446323158333,0.017841657803793657,0.010942442341933171,0.0019362339528034346,0.019132615246749033,0.007853861826611849,-0.0030361288652112997,0.0003611859721793503,-0.005997322298254751,0.0007145729587240665,-0.0024600940406769665,-0.0005305677270072492,0.019726899510279335,0.010156554283655517,0.010434191273798684,0.011918398845729667,0.14322446323158333,-0.017841657803793657,0.11465038120182001,0.0,0.06461794228678666,0.0055926969763566,0.01587032825391872,-0.010084374767601835,0.10096940651026334,0.01690917250412233,0.0007910078308153765,-0.002799204989786668,0.0008682449790771933,0.0008639507280131733,-0.003792001525641797,0.00198297473260877,-0.007715350129342615,0.006534182857525333,0.010942442341933171,-0.0019362339528034346,0.06461794228678666,-0.0055926969763566,-0.1669459475710333,0.0,-0.08645514624354668,-0.0008172459803845198,0.025530375277781493,-0.004219227599783785,0.002222443862073495,0.0009860439988810667,0.00035871761769119164,0.0008788487070391666,0.007297181629652879,0.00022518358857764997,-0.012672941995747049,-0.009984058908121853,0.019132615246749033,-0.007853861826611849,0.01587032825391872,0.010084374767601835,-0.08645514624354668,0.0008172459803845198,-0.051130608306143334,0.0,-0.03544813166117167,0.020832440835173334,0.00038530106838753826,0.007109649108506878,-0.0006741247663560401,-0.0010350360360264995,0.00289679720661525,0.012487295445033438,0.008122345309364032,0.008707806862796097,-0.0030361288652112997,-0.0003611859721793503,0.10096940651026334,-0.01690917250412233,0.025530375277781493,0.004219227599783785,-0.03544813166117167,-0.020832440835173334,-0.07457092640832831,0.0,-0.003187477346789534,0.002702519090719383,0.00016094281061220176,0.0005909421155269385,-0.03236460479783666,0.014721275983698379,-0.035245882101915,-0.002233050938892534,-0.005997322298254751,-0.0007145729587240665,0.0007910078308153765,0.002799204989786668,0.002222443862073495,-0.0009860439988810667,0.00038530106838753826,-0.007109649108506878,-0.003187477346789534,-0.002702519090719383,-0.09650744789593001,0.0,0.9997012428366001
0.6359999999999999,0.0015234332504507329,0.0,0.0001954422724047334,0.00144821339065855,0.0017705324918666002,0.002643114956169824,0.0004319156248604166,-0.0002448492113558115,0.0013256096719628514,-0.0021240267844755663,-7.73134115894335e-05,0.001206879237316805,0.0003146005390052837,0.0008634400473659667,-0.00028312556055535014,-0.001204381089537733,0.0002921152513068167,0.0005482660715292499,0.0001954422724047334,-0.00144821339065855,0.1367548387200167,0.0,0.28729833945613337,-0.012893724308393278,0.01303567534695616,0.02006522048938007,0.019657223361656168,-0.010125205286690605,-0.003852731996516752,-0.002005566665925684,0.007304920865733298,-0.0002802356481369165,0.0028671447435701936,-0.01241903061134767,-0.03220975549082335,-0.014745255213016154,0.0017705324918666002,-0.002643114956169824,0.28729833945613337,0.012893724308393278,0.43459260420951656,0.0,-0.023904204494267747,0.04967057577836916,0.010446273328277883,-0.011951189440415433,-0.007666901968954784,-0.0065638431675788525,-0.012688779290472517,0.009981749363452133,0.008085551318921932,-0.008775199043504751,-0.03510514638362034,0.0022044066704585336,0.0004319156248604166,0.0002448492113558115,0.01303567534695616,-0.02006522048938007,-0.023904204494267747,-0.04967057577836916,0.7019032409862498,0.0,0.14357554374821674,0.017800294901086224,0.010858559912643189,0.001937094411717984,0.018982378824502773,0.007868543983366165,-0.002950588714694066,0.00041836033767329986,-0.0056135154482064315,0.00048023348484128663,0.0013256096719628514,0.0021240267844755663,0.019657223361656168,0.010125205286690605,0.010446273328277883,0.011951189440415433,0.14357554374821674,-0.017800294901086224,0.11472663021746002,0.0,0.06460061970047666,0.00573093942109516,0.01588297285202455,-0.010059618828360286,0.10096623758871333,0.016972816401869997,0.0008462225939344201,-0.0028541140470676996,-7.73134115894335e-05,-0.001206879237316805,-0.003852731996516752,0.002005566665925684,-0.007666901968954784,0.0065638431675788525,0.010858559912643189,-0.001937094411717984,0.06460061970047666,-0.00573093942109516,-0.16707930915001662,0.0,-0.08639841176111168,-0.0008576067307578834,0.02558353815243599,-0.004241550035431966,0.0022193460238940656,0.0010158791043096335,0.0003146005390052837,-0.0008634400473659667,0.007304920865733298,0.0002802356481369165,-0.012688779290472517,-0.009981749363452133,0.018982378824502773,-0.007868543983366165,0.01588297285202455,0.010059618828360286,-0.08639841176111168,0.0008576067307578834,-0.05129973549450665,0.0,-0.03542152656403833,0.020842414586066827,0.00037031473945871654,0.007022274728864217,-0.00028312556055535014,0.001204381089537733,0.0028671447435701936,0.01241903061134767,0.008085551318921932,0.008775199043504751,-0.002950588714694066,-0.00041836033767329986,0.10096623758871333,-0.016972816401869997,0.02558353815243599,0.004241550035431966,-0.03542152656403833,-0.020842414586066827,-0.07467809919292333,0.0,-0.0032100812324850495,0.002667774737875733,0.0002921152513068167,-0.0005482660715292499,-0.03220975549082335,0.014745255213016154,-0.03510514638362034,-0.0022044066704585336,-0.0056135154482064315,-0.00048023348484128663,0.0008462225939344201,0.0028541140470676996,0.0022193460238940656,-0.0010158791043096335,0.00037031473945871654,-0.007022274728864217,-0.0032100812324850495,-0.002667774737875733,-0.09674254425326831,0.0,0.9997010592928836
0.6370000000000003,0.00152324972331815,0.0,-0.0011784983466368267,-0.0007995353164500582,-0.003115403886251417,-0.00054294402496005,-6.057137118251679e-05,0.0003980263302836999,0.0006182016456766674,0.0024172757290483347,-0.0007427106800271168,-0.0009538000024760837,-0.0007852785730720999,-0.00042289702352693175,0.0010618346911056356,0.0006224629028472634,-0.0005947206938432952,-0.0001960147625752498,-0.0011784983466368267,0.0007995353164500582,0.13637588469673334,0.0,0.2872168769043667,-0.013107162089644865,0.012757041958872997,0.019849981120620683,0.019576671515597333,-0.0100611677204997,-0.0039037476092866345,-0.0020145670473638564,0.007286379183038461,-0.0003369227914228,0.0028199797505957824,-0.012358564464738238,-0.032075495206990004,-0.014744744784005033,-0.003115403886251417,0.00054294402496005,0.2872168769043667,0.013107162089644865,0.43451342840564994,0.0,-0.023843065868951973,0.049558188837257336,0.010455664039270071,-0.01196393410677172,-0.007654436557012375,-0.006575142968099099,-0.012720559148282334,0.00999488796372205,0.0080646330726577,-0.008859850234285179,-0.03495858183896901,0.0022074196077330565,-6.057137118251679e-05,-0.0003980263302836999,0.012757041958872997,-0.019849981120620683,-0.023843065868951973,-0.049558188837257336,0.7029297165458999,0.0,0.14395142878895006,0.017764779826968214,0.010740746571021356,0.001920237348630567,0.018837530157313268,0.007876363372638766,-0.00287444139374525,0.0004635250899943766,-0.005218298451996432,0.00031399775209657496,0.0006182016456766674,-0.0024172757290483347,0.019576671515597333,0.0100611677204997,0.010455664039270071,0.01196393410677172,0.14395142878895006,-0.017764779826968214,0.11480864778413498,0.0,0.06455016263941667,0.005867518174026351,0.015901231151250236,-0.010012384048027284,0.10096829519682168,0.017050187818938505,0.0008797020468396497,-0.00290953522810918,-0.0007427106800271168,0.0009538000024760837,-0.0039037476092866345,0.0020145670473638564,-0.007654436557012375,0.006575142968099099,0.010740746571021356,-0.001920237348630567,0.06455016263941667,-0.005867518174026351,-0.16721497939296667,0.0,-0.08633947849441667,-0.0008787623048624032,0.025619922612658996,-0.004272259187119933,0.0022097862291508156,0.0010579073347760282,-0.0007852785730720999,0.00042289702352693175,0.007286379183038461,0.0003369227914228,-0.012720559148282334,-0.00999488796372205,0.018837530157313268,-0.007876363372638766,0.015901231151250236,0.010012384048027284,-0.08633947849441667,0.0008787623048624032,-0.051470383935664984,0.0,-0.035380926782458334,0.020849289778582004,0.0003835547351849805,0.006934520561917299,0.0010618346911056356,-0.0006224629028472634,0.0028199797505957824,0.012358564464738238,0.0080646330726577,0.008859850234285179,-0.00287444139374525,-0.0004635250899943766,0.10096829519682168,-0.017050187818938505,0.025619922612658996,0.004272259187119933,-0.035380926782458334,-0.020849289778582004,-0.07478730577344497,0.0,-0.0032496385664091665,0.0026374509661620834,-0.0005947206938432952,0.0001960147625752498,-0.032075495206990004,0.014744744784005033,-0.03495858183896901,-0.0022074196077330565,-0.005218298451996432,-0.00031399775209657496,0.0008797020468396497,0.00290953522810918,0.0022097862291508156,-0.0010579073347760282,0.0003835547351849805,-0.006934520561917299,-0.0032496385664091665,-0.0026374509661620834,-0.09697738229458833,0.0,0.9997008757592499
0.6380000000000003,0.0015230661887226334,0.0,0.0013508110940650623,-0.00029631489698205016,0.0025168362433427628,-0.0018465612228199832,-0.00023702317310401314,-0.00019865637076121664,-0.002171481425506419,-0.0012097469269104833,0.0012006601961640658,0.00020650302025893464,0.0008483055588610918,-0.000191803945674945,-0.0011794492436564901,0.0003430550151430001,0.0005645149935152818,-0.0002658725536982983,0.0013508110940650623,0.00029631489698205016,0.13598929467819998,0.0,0.28711155795410004,-0.013343273189722608,0.012508901431098767,0.01965265470117155,0.019495820649724667,-0.009937765864756984,-0.003947040183619446,-0.0020142361044761165,0.007243035625593765,-0.00040449008206948367,0.00277046054500395,-0.012280223387265282,-0.031947684404211675,-0.014737987239589915,0.0025168362433427628,0.0018465612228199832,0.28711155795410004,0.013343273189722608,0.4344437246266,0.0,-0.02379022866922438,0.04944597758507117,0.010492578459548534,-0.011985341579372104,-0.007673981478130432,-0.00658680484739105,-0.012783463985386215,0.010054230254910966,0.00805102803942925,-0.008935684171809127,-0.03482496141478384,0.002215670492633671,-0.00023702317310401314,0.00019865637076121664,0.012508901431098767,-0.01965265470117155,-0.02379022866922438,-0.04944597758507117,0.7039532347164333,0.0,0.14432371105731667,0.01767571909627334,0.010603521901447149,0.0018911839846593754,0.018696906161563834,0.007867115753368212,-0.0027891032298605002,0.0004740656214495835,-0.004849311165267988,0.0002002356210431819,-0.002171481425506419,0.0012097469269104833,0.019495820649724667,0.009937765864756984,0.010492578459548534,0.011985341579372104,0.14432371105731667,-0.01767571909627334,0.11489755596545834,0.0,0.064482272674735,0.006022923265829417,0.01590139689151548,-0.009924821198634337,0.10094536663083833,0.017123751995418008,0.000898013903762033,-0.002958259158608733,0.0012006601961640658,-0.00020650302025893464,-0.003947040183619446,0.0020142361044761165,-0.007673981478130432,0.00658680484739105,0.010603521901447149,-0.0018911839846593754,0.064482272674735,-0.006022923265829417,-0.16735421088044997,0.0,-0.08629231860654002,-0.00087175133422892,0.025622059743029994,-0.0043060089546674,0.0021911653322903165,0.0011272117325697832,0.0008483055588610918,0.000191803945674945,0.007243035625593765,0.00040449008206948367,-0.012783463985386215,-0.010054230254910966,0.018696906161563834,-0.007867115753368212,0.01590139689151548,0.009924821198634337,-0.08629231860654002,0.00087175133422892,-0.05164173853724335,0.0,-0.03533759322688167,0.020875618614464995,0.0004323571224134317,0.0068488681078447,-0.0011794492436564901,-0.0003430550151430001,0.00277046054500395,0.012280223387265282,0.00805102803942925,0.008935684171809127,-0.0027891032298605002,-0.0004740656214495835,0.10094536663083833,-0.017123751995418008,0.025622059743029994,0.0043060089546674,-0.03533759322688167,-0.020875618614464995,-0.074898591349265,0.0,-0.003299741699805029,0.0026192148300994748,0.0005645149935152818,0.0002658725536982983,-0.031947684404211675,0.014737987239589915,-0.03482496141478384,-0.002215670492633671,-0.004849311165267988,-0.0002002356210431819,0.000898013903762033,0.002958259158608733,0.0021911653322903165,-0.0011272117325697832,0.0004323571224134317,-0.0068488681078447,-0.003299741699805029,-0.0026192148300994748,-0.09721164319065001,0.0,0.9997006922178666
0.639,0.001522882647177966,0.0,-0.0006983383311485165,0.0011467411447737199,-0.00041222416373208333,0.003054438117088266,0.00025506549496019985,-0.00012154010391318333,0.002355827390945017,-0.000720887899145317,-0.0010250655334834247,0.0006613966716436501,-0.0005011307483858501,0.0006972990501770167,0.0005603143292770785,-0.0011023037918485835,-0.00023053825140704996,0.0005704951707209165,-0.0006983383311485165,-0.0011467411447737199,0.13559405476306668,0.0,0.2869580565934668,-0.013603286143389192,0.01227142685166537,0.019502546448818787,0.01941754314349366,-0.009808606571134552,-0.003988942054799033,-0.002025340181943282,0.0072105594441868,-0.0004796026115077,0.0027554896037302167,-0.012182795353272996,-0.03179896526102167,-0.014729111210870265,-0.00041222416373208333,-0.003054438117088266,0.2869580565934668,0.013603286143389192,0.43438446594211677,0.0,-0.023790543959813323,0.049344137627958674,0.010518470135981332,-0.012029563252803225,-0.007689385384900682,-0.006606895507512251,-0.012834357727351234,0.010103036941830032,0.008013372746812571,-0.00899314206137785,-0.03470674631148167,0.0021848759453375662,0.00025506549496019985,0.00012154010391318333,0.01227142685166537,-0.019502546448818787,-0.023790543959813323,-0.049344137627958674,0.7049723170525332,0.0,0.14468773693388334,0.017522548296516498,0.010497931923360099,0.0018233791782786004,0.01858454937033572,0.007830526633468199,-0.002708700872403717,0.00049140692232317,-0.00450324335376093,0.00015060337635791656,0.002355827390945017,0.000720887899145317,0.01941754314349366,0.009808606571134552,0.010518470135981332,0.012029563252803225,0.14468773693388334,-0.017522548296516498,0.11499482408715998,0.0,0.06441637709302164,0.006167139312806444,0.0158871842662655,-0.009818067786459501,0.100883266890115,0.017180472416830003,0.0009238964452894501,-0.003010838721134901,-0.0010250655334834247,-0.0006613966716436501,-0.003988942054799033,0.002025340181943282,-0.007689385384900682,0.006606895507512251,0.010497931923360099,-0.0018233791782786004,0.06441637709302164,-0.006167139312806444,-0.1674978163748167,0.0,-0.08625078803615834,-0.0008604291481230833,0.025599547188889835,-0.004336855000836032,0.0021774472343235665,0.0012021321532851,-0.0005011307483858501,-0.0006972990501770167,0.0072105594441868,0.0004796026115077,-0.012834357727351234,-0.010103036941830032,0.01858454937033572,-0.007830526633468199,0.0158871842662655,0.009818067786459501,-0.08625078803615834,0.0008604291481230833,-0.05181337497961666,0.0,-0.03529663156221001,0.02091031152111317,0.0004810785235044667,0.006761686674702183,0.0005603143292770785,0.0011023037918485835,0.0027554896037302167,0.012182795353272996,0.008013372746812571,0.00899314206137785,-0.002708700872403717,-0.00049140692232317,0.100883266890115,-0.017180472416830003,0.025599547188889835,0.004336855000836032,-0.03529663156221001,-0.02091031152111317,-0.07501150623031502,0.0,-0.0033301040185293434,0.002601838971630017,-0.00023053825140704996,-0.0005704951707209165,-0.03179896526102167,0.014729111210870265,-0.03470674631148167,-0.0021848759453375662,-0.00450324335376093,-0.00015060337635791656,0.0009238964452894501,0.003010838721134901,0.0021774472343235665,-0.0012021321532851,0.0004810785235044667,-0.006761686674702183,-0.0033301040185293434,-0.002601838971630017,-0.09744533823774666,0.0,0.9997005086693337
0.6400000000000003,0.0015226991124564833,0.0,-0.0003776641936975263,-0.0012544625696802,-0.0019048034673135835,-0.002402917417087316,-1.2668948697217077e-05,0.00031292488483291187,-0.0011108121542347115,0.002162394397948,0.0003173724760677337,-0.0011698991095746008,-0.00010031108091119999,-0.0008486937751507565,0.00043149618718736854,0.0011753523577611067,-0.00021602172945371656,-0.0005648584150496602,-0.0003776641936975263,0.0012544625696802,0.1351895118204833,0.0,0.2868186049476,-0.013860038099321547,0.012012558564408544,0.019410430778722596,0.01934571290748034,-0.009720203629952899,-0.004030912319311817,-0.002051138966201083,0.007211052533633316,-0.0005600328154805501,0.0027743820062364833,-0.012096505809645487,-0.03164348180647834,-0.0146979957745222,-0.0019048034673135835,0.002402917417087316,0.2868186049476,0.013860038099321547,0.4343361822467498,0.0,-0.02384781560324752,0.049257441987984846,0.01049178959526163,-0.012076849496373825,-0.0076858672062459455,-0.006632221068555434,-0.012849121748450213,0.010095156006228314,0.007950828315430885,-0.009059540148398949,-0.03459643426232,0.0021327998167928667,-1.2668948697217077e-05,-0.00031292488483291187,0.012012558564408544,-0.019410430778722596,-0.02384781560324752,-0.049257441987984846,0.7059863682592002,0.0,0.14508080097908335,0.017381850989479343,0.010438960537520574,0.0017045108966102667,0.018508307964151666,0.0077846725787444155,-0.002658280318929254,0.0005499402933236666,-0.004177708813158816,0.0001772167319032233,-0.0011108121542347115,-0.002162394397948,0.01934571290748034,0.009720203629952899,0.01049178959526163,0.012076849496373825,0.14508080097908335,-0.017381850989479343,0.1151001410226183,0.0,0.06435964942428501,0.006272677451803572,0.015879320436666837,-0.009719834460776336,0.10082328900712331,0.017231423496021005,0.0009649803334029482,-0.0030684458621941498,0.0003173724760677337,0.0011698991095746008,-0.004030912319311817,0.002051138966201083,-0.0076858672062459455,0.006632221068555434,0.010438960537520574,-0.0017045108966102667,0.06435964942428501,-0.006272677451803572,-0.16764480643645,0.0,-0.08620869514335999,-0.0008654074507308415,0.02557777384140216,-0.004366946979208568,0.0021808194319059334,0.0012541977779009915,-0.00010031108091119999,0.0008486937751507565,0.007211052533633316,0.0005600328154805501,-0.012849121748450213,-0.010095156006228314,0.018508307964151666,-0.0077846725787444155,0.015879320436666837,0.009719834460776336,-0.08620869514335999,0.0008654074507308415,-0.05198561536412164,0.0,-0.03526077273387999,0.020925309779450344,0.0005101173846065805,0.006672491894595895,0.00043149618718736854,-0.0011753523577611067,0.0027743820062364833,0.012096505809645487,0.007950828315430885,0.009059540148398949,-0.002658280318929254,-0.0005499402933236666,0.10082328900712331,-0.017231423496021005,0.02557777384140216,0.004366946979208568,-0.03526077273387999,-0.020925309779450344,-0.07512578568822664,0.0,-0.0033417017918447164,0.0025765160728237857,-0.00021602172945371656,0.0005648584150496602,-0.03164348180647834,0.0146979957745222,-0.03459643426232,-0.0021327998167928667,-0.004177708813158816,-0.0001772167319032233,0.0009649803334029482,0.0030684458621941498,0.0021808194319059334,-0.0012541977779009915,0.0005101173846065805,-0.006672491894595895,-0.0033417017918447164,-0.0025765160728237857,-0.09767836984458836,0.0,0.9997003251278332
0.6409999999999989,0.0015225155856602164,0.0,0.0011717226820676452,0.0005228792143528866,0.0030443758460012337,0.00029535427955531337,-0.00029881921230263297,-0.00018627620898601667,-0.0007808822404495652,-0.0022726012295162007,0.0005372302083852832,0.0010862157086127151,0.0006351900777092002,0.0005552576090023666,-0.0011735076108523334,-0.00048603395305253373,0.0005402672858515367,0.0002482223713005269,0.0011717226820676452,-0.0005228792143528866,0.1347752267757,0.0,0.28668476125235,-0.014115170375090757,0.011743695991722862,0.019338581601270187,0.0192843710261295,-0.009635887455653904,-0.004068081866915317,-0.002077355004413734,0.007225026806089966,-0.0006472210852592366,0.002786918805351,-0.012029431456394684,-0.03151189589713667,-0.014630281198515966,0.0030443758460012337,-0.00029535427955531337,0.28668476125235,0.014115170375090757,0.43429866647168325,0.0,-0.02391517014107463,0.04918253356833751,0.010430583989007413,-0.012104961182242633,-0.007686302591873652,-0.0066658729769164034,-0.012863684160910287,0.010071478107558684,0.007890899551752071,-0.009159308112717337,-0.03449448602938334,0.0021147239426944327,-0.00029881921230263297,0.00018627620898601667,0.011743695991722862,-0.019338581601270187,-0.02391517014107463,-0.04918253356833751,0.7069965489365334,0.0,0.14547506559530005,0.01730588046200233,0.0103828084843092,0.00155872075500996,0.01843871800021317,0.007744534273240484,-0.0026253681902651343,0.0006236917701791484,-0.0038863243924395397,0.00025018703653855817,-0.0007808822404495652,0.0022726012295162007,0.0192843710261295,0.009635887455653904,0.010430583989007413,0.012104961182242633,0.14547506559530005,-0.01730588046200233,0.11521171647791,0.0,0.06428421813972165,0.006358009815786449,0.01587370502490117,-0.009626765212801081,0.1007824315625967,0.017289194273531323,0.0010092048067933668,-0.0031149077770727825,0.0005372302083852832,-0.0010862157086127151,-0.004068081866915317,0.002077355004413734,-0.007686302591873652,0.0066658729769164034,0.0103828084843092,-0.00155872075500996,0.06428421813972165,-0.006358009815786449,-0.16779387773711668,0.0,-0.086149350288885,-0.0008750130854519081,0.025557440639268337,-0.004398583926438901,0.00218836994281365,0.0012860604945445831,0.0006351900777092002,-0.0005552576090023666,0.007225026806089966,0.0006472210852592366,-0.012863684160910287,-0.010071478107558684,0.01843871800021317,-0.007744534273240484,0.01587370502490117,0.009626765212801081,-0.086149350288885,0.0008750130854519081,-0.05215868972903334,0.0,-0.035224699606763346,0.020916724771291504,0.0005452631505176316,0.006591332469905418,-0.0011735076108523334,0.00048603395305253373,0.002786918805351,0.012029431456394684,0.007890899551752071,0.009159308112717337,-0.0026253681902651343,-0.0006236917701791484,0.1007824315625967,-0.017289194273531323,0.025557440639268337,0.004398583926438901,-0.035224699606763346,-0.020916724771291504,-0.07524171941114331,0.0,-0.0033711328078693315,0.0025464637477414487,0.0005402672858515367,-0.0002482223713005269,-0.03151189589713667,0.014630281198515966,-0.03449448602938334,-0.0021147239426944327,-0.0038863243924395397,-0.00025018703653855817,0.0010092048067933668,0.0031149077770727825,0.00218836994281365,-0.0012860604945445831,0.0005452631505176316,-0.006591332469905418,-0.0033711328078693315,-0.0025464637477414487,-0.09791024577544331,0.0,0.99970014159525
0.6420000000000002,0.0015223320539279996,0.0,-0.00114298239720085,0.0005062509022330168,-0.002313928205684194,0.0019559313551055003,0.00034989112425568356,-0.00019120669385824988,0.0021739007394503173,0.0009818563914718503,-0.0011363909036173666,-0.0004584785782895184,-0.0008193547269189914,-7.026369715066776e-06,0.0011723569226490134,-0.0005438561600781636,-0.0005431241271589936,0.0002088772337549551,-0.00114298239720085,-0.0005062509022330168,0.1343502794235833,0.0,0.28653293260205004,-0.014400435167737514,0.01150521151399707,0.019251776263921588,0.019237660575146833,-0.009509085642634018,-0.004099856678957506,-0.0021000935450603835,0.00722895823193605,-0.0007421283669515,0.0027726043806416663,-0.011954968181364236,-0.03140942296152001,-0.014548483232177448,-0.002313928205684194,-0.0019559313551055003,0.28653293260205004,0.014400435167737514,0.43427202813279986,0.0,-0.023970657658589693,0.04913281869425401,0.010377278964275817,-0.012124043965507553,-0.007703559684637599,-0.006719673743779265,-0.012920099793848202,0.010092490541248533,0.007846076049874095,-0.009281982184840748,-0.03441392007357667,0.002139709698908967,0.00034989112425568356,0.00019120669385824988,0.01150521151399707,-0.019251776263921588,-0.023970657658589693,-0.04913281869425401,0.7080042139744169,0.0,0.14584059968136667,0.017257379926315115,0.010296717291493595,0.001416656573573398,0.0183523453007106,0.007694775929991934,-0.0025778030653077493,0.0006770295414700335,-0.0036319488326755555,0.0003229139125598384,0.0021739007394503173,-0.0009818563914718503,0.019237660575146833,0.009509085642634018,0.010377278964275817,0.012124043965507553,0.14584059968136667,-0.017257379926315115,0.11532849621187166,0.0,0.06418699257217002,0.006457067327683052,0.01584956715807383,-0.009524228989058964,0.10074655138809499,0.017346714638117,0.0010501633891398287,-0.003136637795399627,-0.0011363909036173666,0.0004584785782895184,-0.004099856678957506,0.0021000935450603835,-0.007703559684637599,0.006719673743779265,0.010296717291493595,-0.001416656573573398,0.06418699257217002,-0.006457067327683052,-0.16794516263689993,0.0,-0.08608613771082664,-0.0008711985163655118,0.02553029894698833,-0.004429567854718317,0.002182213507047623,0.0013207332375871669,-0.0008193547269189914,7.026369715066776e-06,0.00722895823193605,0.0007421283669515,-0.012920099793848202,-0.010092490541248533,0.0183523453007106,-0.007694775929991934,0.01584956715807383,0.009524228989058964,-0.08608613771082664,0.0008711985163655118,-0.052332129425688316,0.0,-0.03519393059904333,0.020912512430806336,0.0006091451236455552,0.00652833691987475,0.0011723569226490134,0.0005438561600781636,0.0027726043806416663,0.011954968181364236,0.007846076049874095,0.009281982184840748,-0.0025778030653077493,-0.0006770295414700335,0.10074655138809499,-0.017346714638117,0.02553029894698833,0.004429567854718317,-0.03519393059904333,-0.020912512430806336,-0.07535960573279335,0.0,-0.0034348210989959406,0.002521204437250033,-0.0005431241271589936,-0.0002088772337549551,-0.03140942296152001,0.014548483232177448,-0.03441392007357667,-0.002139709698908967,-0.0036319488326755555,-0.0003229139125598384,0.0010501633891398287,0.003136637795399627,0.002182213507047623,-0.0013207332375871669,0.0006091451236455552,-0.00652833691987475,-0.0034348210989959406,-0.002521204437250033,-0.0981404939450533,0.0,0.9996999580560668
0.6430000000000005,0.0015221485058361998,0.0,0.0004050444113664501,-0.0011443325825554666,0.00022983892891224972,-0.0029728893756275493,-4.519240877501657e-05,0.0004584861956112502,-0.002187430841425883,0.0009022920292484235,0.0011641609432268877,-0.0004183558473239501,0.0006086613533705334,-0.0005017543873203503,-0.0004060306276149783,0.0012559255707287839,0.0002221031613059817,-0.0005171322821404833,0.0004050444113664501,0.0011443325825554666,0.13391350479579997,0.0,0.2863401982812833,-0.014718153880335762,0.011301286469960165,0.019165904630628873,0.01919771259003017,-0.009371221998792251,-0.004133621744305166,-0.002134377744700134,0.0072327189622488,-0.0008402106018209933,0.0027565653734144937,-0.011854309018844817,-0.03130398479143166,-0.014482164196689512,0.00022983892891224972,0.0029728893756275493,0.2863401982812833,0.014718153880335762,0.4342570691539,0.0,-0.024030574225023447,0.04911126416018583,0.010325131455041369,-0.012156422598566297,-0.007706411911961387,-0.006782373520750001,-0.012993721337139597,0.010135663387238888,0.0078003218776747955,-0.009394094332729603,-0.03434874841090166,0.0021668863753937164,-4.519240877501657e-05,-0.0004584861956112502,0.011301286469960165,-0.019165904630628873,-0.024030574225023447,-0.04911126416018583,0.7090095918301499,0.0,0.1461843306075667,0.017187001643195175,0.010207494874163931,0.0012767229053530767,0.01826394018207362,0.007619391784160699,-0.002526422278580334,0.0007254324562512166,-0.0033887927179603156,0.0003959951385086533,-0.002187430841425883,-0.0009022920292484235,0.01919771259003017,0.009371221998792251,0.010325131455041369,0.012156422598566297,0.1461843306075667,-0.017187001643195175,0.11545068063404168,0.0,0.06409231918250499,0.006568398188559734,0.015801422002858508,-0.009419460222030185,0.10068645887348167,0.017383499494474167,0.001103406906554243,-0.0031382456831955444,0.0011641609432268877,0.0004183558473239501,-0.004133621744305166,0.002134377744700134,-0.007706411911961387,0.006782373520750001,0.010207494874163931,-0.0012767229053530767,0.06409231918250499,-0.006568398188559734,-0.16809958323098328,0.0,-0.08603216088825333,-0.0008579142888726997,0.025505603717558323,-0.00445619246005175,0.0021641445673354106,0.0013616682746322667,0.0006086613533705334,0.0005017543873203503,0.0072327189622488,0.0008402106018209933,-0.012993721337139597,-0.010135663387238888,0.01826394018207362,-0.007619391784160699,0.015801422002858508,0.009419460222030185,-0.08603216088825333,0.0008579142888726997,-0.05250535099672834,0.0,-0.03517322235218334,0.02092560588494567,0.0006788350459090165,0.0064775041888716755,-0.0004060306276149783,-0.0012559255707287839,0.0027565653734144937,0.011854309018844817,0.0078003218776747955,0.009394094332729603,-0.002526422278580334,-0.0007254324562512166,0.10068645887348167,-0.017383499494474167,0.025505603717558323,0.00445619246005175,-0.03517322235218334,-0.02092560588494567,-0.07547910376683166,0.0,-0.003500256400684069,0.00250647484866895,0.0002221031613059817,0.0005171322821404833,-0.03130398479143166,0.014482164196689512,-0.03434874841090166,-0.0021668863753937164,-0.0033887927179603156,-0.0003959951385086533,0.001103406906554243,0.0031382456831955444,0.0021641445673354106,-0.0013616682746322667,0.0006788350459090165,-0.0064775041888716755,-0.003500256400684069,-0.00250647484866895,-0.09836918242369166,0.0,0.9996997745016001
0.643999999999999,0.0015219649564819503,0.0,0.0005643678447531663,0.0010527261309496334,0.0019265596881785326,0.0022217085985125158,-0.0003579466525794166,-0.00035954809547556675,0.0008447565989730164,-0.0021769727570883283,-0.0006053770495696667,0.001076254199228208,-0.00012508897127586663,0.0007488423603955179,-0.0006541971037206831,-0.0011764892928881508,0.0001997826732152335,0.0004995535098314453,0.0005643678447531663,-0.0010527261309496334,0.13346474946498338,0.0,0.28615663357389987,-0.015022651219316048,0.011088684656246786,0.019125683203679557,0.01915761127665467,-0.009284246881482749,-0.004177428788893484,-0.00218558548153165,0.007259712261613464,-0.0009363933749165486,0.002765985806969071,-0.01174637151342848,-0.031179492979785,-0.014432479312419219,0.0019265596881785326,-0.0022217085985125158,0.28615663357389987,0.015022651219316048,0.43425408866100007,0.0,-0.024111953817278528,0.04910003760661332,0.01023990526914434,-0.012199728531683716,-0.007671830174934469,-0.006825983151035818,-0.013027681160422837,0.010133630873494387,0.0077557606341369205,-0.0094830085829609,-0.034288404323006325,0.0021830151455731086,-0.0003579466525794166,0.00035954809547556675,0.011088684656246786,-0.019125683203679557,-0.024111953817278528,-0.04910003760661332,0.7100125764747169,0.0,0.14655980092423337,0.017132791364648,0.010159302345955135,0.0011205226533468834,0.018199941384509366,0.007541810091129896,-0.002512987400735016,0.0008002787648171712,-0.0031368177444381132,0.000512278056765295,0.0008447565989730164,0.0021769727570883283,0.01915761127665467,0.009284246881482749,0.01023990526914434,0.012199728531683716,0.14655980092423337,-0.017132791364648,0.11557788730477833,0.0,0.06402043663973168,0.006666926909305314,0.01575149567991317,-0.009343087729995484,0.10061702994086667,0.017398728756608004,0.001183059233914992,-0.003131727191931434,-0.0006053770495696667,-0.001076254199228208,-0.004177428788893484,0.00218558548153165,-0.007671830174934469,0.006825983151035818,0.010159302345955135,-0.0011205226533468834,0.06402043663973168,-0.006666926909305314,-0.1682571234194,0.0,-0.08598806771324669,-0.0008567727890152751,0.025502332462871168,-0.004481033255937166,0.002145392323118029,0.0013895067719778835,-0.00012508897127586663,-0.0007488423603955179,0.007259712261613464,0.0009363933749165486,-0.013027681160422837,-0.010133630873494387,0.018199941384509366,-0.007541810091129896,0.01575149567991317,0.009343087729995484,-0.08598806771324669,0.0008567727890152751,-0.052678378719475,0.0,-0.03515979491019832,0.020934502771540166,0.0007215968209129499,0.006426201351206734,-0.0006541971037206831,0.0011764892928881508,0.002765985806969071,0.01174637151342848,0.0077557606341369205,0.0094830085829609,-0.002512987400735016,-0.0008002787648171712,0.10061702994086667,-0.017398728756608004,0.025502332462871168,0.004481033255937166,-0.03515979491019832,-0.020934502771540166,-0.07559950183982664,0.0,-0.0035368302725989824,0.002499214336123751,0.0001997826732152335,-0.0004995535098314453,-0.031179492979785,0.014432479312419219,-0.034288404323006325,-0.0021830151455731086,-0.0031368177444381132,-0.000512278056765295,0.001183059233914992,0.003131727191931434,0.002145392323118029,-0.0013895067719778835,0.0007215968209129499,-0.006426201351206734,-0.0035368302725989824,-0.002499214336123751,-0.09859667193775502,0.0,0.9996995909458498
0.6450000000000002,0.0015217814181507,0.0,-0.0011692380619464952,-0.00025398285461546,-0.0029046726200898662,-0.0001724954204666002,0.0005102604913799,-6.168927094026633e-05,0.0009829404388522836,0.0020747835491884336,-0.00022790402434993328,-0.0012096925549282334,-0.0003959485788547866,-0.0006155450019289334,0.0013209438738705165,0.00032726725037013506,-0.00047325468267500327,-0.0002034177622100784,-0.0011692380619464952,0.00025398285461546,0.13300519290121665,0.0,0.28602334109735,-0.015277647114049718,0.010829060123188832,0.019135293597147836,0.019118436794723564,-0.00923813611798319,-0.004227255317825915,-0.0022382193857379325,0.00729575143180618,-0.0010277179097561864,0.002786353869159696,-0.011654500025078004,-0.031058445136921676,-0.014381451132299664,-0.0029046726200898662,0.0001724954204666002,0.28602334109735,0.015277647114049718,0.4342619958882834,0.0,-0.024191280898443055,0.04908181946051834,0.010119154451366793,-0.012230805833318847,-0.007634198983667667,-0.006848391289509217,-0.013025292752529838,0.010078717440473233,0.007741046595001967,-0.009567768271191787,-0.03423946532045667,0.002214276888636601,0.0005102604913799,6.168927094026633e-05,0.010829060123188832,-0.019135293597147836,-0.024191280898443055,-0.04908181946051834,0.7110145446655834,0.0,0.14697621594446666,0.017170910173647837,0.010147761493629058,0.000938920332920917,0.018150877365331556,0.007491944383192733,-0.0025416389106693994,0.0008924333498225,-0.00288442832880962,0.0006783182582217967,0.0009829404388522836,-0.0020747835491884336,0.019118436794723564,0.00923813611798319,0.010119154451366793,0.012230805833318847,0.14697621594446666,-0.017170910173647837,0.11570795886877165,0.0,0.06395013602416665,0.006744136947540931,0.015716295674337834,-0.009304093247481198,0.10057062920119499,0.017414017331326834,0.0012767890442073567,-0.0031219355538083665,-0.00022790402434993328,0.0012096925549282334,-0.004227255317825915,0.0022382193857379325,-0.007634198983667667,0.006848391289509217,0.010147761493629058,-0.000938920332920917,0.06395013602416665,-0.006744136947540931,-0.16841664953440003,0.0,-0.08594114661574,-0.0008745118498260667,0.02551258097762816,-0.004510608992597263,0.002120718425348404,0.0013975006504861334,-0.0003959485788547866,0.0006155450019289334,0.00729575143180618,0.0010277179097561864,-0.013025292752529838,-0.010078717440473233,0.018150877365331556,-0.007491944383192733,0.015716295674337834,0.009304093247481198,-0.08594114661574,0.0008745118498260667,-0.052851720988220025,0.0,-0.03514189532834666,0.02092057301092183,0.0007494209717988332,0.006378467261443166,0.0013209438738705165,-0.00032726725037013506,0.002786353869159696,0.011654500025078004,0.007741046595001967,0.009567768271191787,-0.0025416389106693994,-0.0008924333498225,0.10057062920119499,-0.017414017331326834,0.02551258097762816,0.004510608992597263,-0.03514189532834666,-0.02092057301092183,-0.07572061202001833,0.0,-0.0035556218529985166,0.0024870252361915675,-0.00047325468267500327,0.0002034177622100784,-0.031058445136921676,0.014381451132299664,-0.03423946532045667,-0.002214276888636601,-0.00288442832880962,-0.0006783182582217967,0.0012767890442073567,0.0031219355538083665,0.002120718425348404,-0.0013975006504861334,0.0007494209717988332,-0.006378467261443166,-0.0035556218529985166,-0.0024870252361915675,-0.09882308379898166,0.0,0.9996994074004167
0.6460000000000006,0.001521597888680333,0.0,0.0009560702502582733,-0.0007192861475748167,0.002113329561904166,-0.0019339240216087498,-0.0002033244398195833,0.00046363207944745036,-0.002152965039335832,-0.0006729254581980834,0.0009657604920529498,0.0007787494491605328,0.00068284118199965,0.00018445571917086344,-0.001139911870245217,0.0007478017853625263,0.00046204777754245007,-0.00018631425078623,0.0009560702502582733,0.0007192861475748167,0.13253647983635,0.0,0.28589500343445,-0.015489055213781815,0.010538578516256041,0.01915740115864776,0.019088545338765178,-0.009163079635907484,-0.004267327712011716,-0.002278088051916384,0.007298521117669784,-0.0011160168869774167,0.0027862658240474336,-0.011570523226895165,-0.030956461499696664,-0.014325526524080664,0.002113329561904166,0.0019339240216087498,0.28589500343445,0.015489055213781815,0.4342790089920499,0.0,-0.024235629246805515,0.049062664363026656,0.010000640083827433,-0.012244091991069099,-0.007640030698670216,-0.006883386197518173,-0.013042402944948168,0.01003101816976897,0.0077625287704691185,-0.009659756035444417,-0.03420943670570333,0.0022655435037482506,-0.0002033244398195833,-0.00046363207944745036,0.010538578516256041,-0.01915740115864776,-0.024235629246805515,-0.049062664363026656,0.7120176314450165,0.0,0.1473767200468667,0.01728341807788134,0.010134104354598569,0.0007405060668982332,0.018087750558062218,0.00745125935467035,-0.0025618631555528516,0.0009679124066448499,-0.002651201553381033,0.0008565100114533715,-0.002152965039335832,0.0006729254581980834,0.019088545338765178,0.009163079635907484,0.010000640083827433,0.012244091991069099,0.1473767200468667,-0.01728341807788134,0.11583844455930835,0.0,0.063845320206945,0.006814191086616933,0.0156789718853805,-0.009275887808085952,0.100535268731795,0.017433910253240998,0.001359840200088409,-0.0031075314156938177,0.0009657604920529498,-0.0007787494491605328,-0.004267327712011716,0.002278088051916384,-0.007640030698670216,0.006883386197518173,0.010134104354598569,-0.0007405060668982332,0.063845320206945,-0.006814191086616933,-0.16857736111631666,0.0,-0.08588623435403497,-0.0008935715089790566,0.02550516460399867,-0.004547830029999806,0.0020739466538193915,0.0014061914355597833,0.00068284118199965,-0.00018445571917086344,0.007298521117669784,0.0011160168869774167,-0.013042402944948168,-0.01003101816976897,0.018087750558062218,-0.00745125935467035,0.0156789718853805,0.009275887808085952,-0.08588623435403497,0.0008935715089790566,-0.05302554921593668,0.0,-0.035109749755073326,0.020900325643759494,0.0008011091539530333,0.006347184793044371,-0.001139911870245217,-0.0007478017853625263,0.0027862658240474336,0.011570523226895165,0.0077625287704691185,0.009659756035444417,-0.0025618631555528516,-0.0009679124066448499,0.100535268731795,-0.017433910253240998,0.02550516460399867,0.004547830029999806,-0.035109749755073326,-0.020900325643759494,-0.07584275960842499,0.0,-0.0035843893603482832,0.0024623284099386166,0.00046204777754245007,0.00018631425078623,-0.030956461499696664,0.014325526524080664,-0.03420943670570333,-0.0022655435037482506,-0.002651201553381033,-0.0008565100114533715,0.001359840200088409,0.0031075314156938177,0.0020739466538193915,-0.0014061914355597833,0.0008011091539530333,-0.006347184793044371,-0.0035843893603482832,-0.0024623284099386166,-0.09904826891654334,0.0,0.9996992238643332
0.6469999999999991,0.0015214143515391168,0.0,-0.0001164515917344584,0.0011664047818699785,-8.43534551111832e-05,0.0027947533079011105,-0.00034057476296291643,-0.00042353168706711375,0.0019096514281134666,-0.0011165959904350755,-0.0012562496674281098,5.871365414947841e-05,-0.0006136626117998003,0.0003077555623616296,0.0002236430820983832,-0.0013435585130491493,-0.00019253084799640007,0.00044235871661167675,-0.0001164515917344584,-0.0011664047818699785,0.13205982701913335,0.0,0.28574963275324994,-0.015681182598708765,0.01026724182000415,0.019179091223651478,0.019075734210256316,-0.0090434702105381,-0.004290366119302951,-0.0023125120692815047,0.007259071382347664,-0.00120381720647878,0.0027707989924947835,-0.011481776494346545,-0.030853671599054996,-0.014276064413204666,-8.43534551111832e-05,-0.0027947533079011105,0.28574963275324994,0.015681182598708765,0.43430376766633333,0.0,-0.02425232306945683,0.049054054179265,0.009908294333264888,-0.012262121207143538,-0.007679976726453832,-0.006947690631012579,-0.013093317244613812,0.010024189921427635,0.007784189573723252,-0.00974599548924785,-0.03418515295112633,0.0023027404220047998,-0.00034057476296291643,0.00042353168706711375,0.01026724182000415,-0.019179091223651478,-0.02425232306945683,-0.049054054179265,0.7130226350679666,0.0,0.1477522442168334,0.017385808942706173,0.010116191906685685,0.0005360828389856664,0.01801518974948868,0.007384405694715839,-0.002545254200213668,0.001017379233390584,-0.0024431016800419672,0.0010299058943799432,0.0019096514281134666,0.0011165959904350755,0.019075734210256316,0.0090434702105381,0.009908294333264888,0.012262121207143538,0.1477522442168334,-0.017385808942706173,0.11596845626665996,0.0,0.06371601864564667,0.0068893225765445845,0.015620162287303,-0.009239093341427786,0.10048448463478833,0.017435540565020502,0.0014271329616045547,-0.0030871753845618717,-0.0012562496674281098,-5.871365414947841e-05,-0.004290366119302951,0.0023125120692815047,-0.007679976726453832,0.006947690631012579,0.010116191906685685,-0.0005360828389856664,0.06371601864564667,-0.0068893225765445845,-0.16873952099801667,0.0,-0.08584585032154836,-0.0009016233230010166,0.025471219888,-0.004586640590832149,0.002005465316449983,0.0014342023857533148,-0.0006136626117998003,-0.0003077555623616296,0.007259071382347664,0.00120381720647878,-0.013093317244613812,-0.010024189921427635,0.01801518974948868,-0.007384405694715839,0.015620162287303,0.009239093341427786,-0.08584585032154836,0.0009016233230010166,-0.05319953223254166,0.0,-0.035071754322084994,0.020904032758658327,0.00087918343732705,0.00633084567362084,0.0002236430820983832,0.0013435585130491493,0.0027707989924947835,0.011481776494346545,0.007784189573723252,0.00974599548924785,-0.002545254200213668,-0.001017379233390584,0.10048448463478833,-0.017435540565020502,0.025471219888,0.004586640590832149,-0.035071754322084994,-0.020904032758658327,-0.07596577105359167,0.0,-0.0036208919539053334,0.0024342336442436524,-0.00019253084799640007,-0.00044235871661167675,-0.030853671599054996,0.014276064413204666,-0.03418515295112633,-0.0023027404220047998,-0.0024431016800419672,-0.0010299058943799432,0.0014271329616045547,0.0030871753845618717,0.002005465316449983,-0.0014342023857533148,0.00087918343732705,-0.00633084567362084,-0.0036208919539053334,-0.0024342336442436524,-0.09927223576714499,0.0,0.9996990403206163
0.6480000000000004,0.0015212308075314002,0.0,-0.0007531728862449667,-0.0008602070179211833,-0.0019017947436743763,-0.001957072448123383,0.0006102971229693831,-5.9845064829366404e-05,-0.0004625312944519166,0.0021066456015792667,0.0009024946704140168,-0.0008888436000813499,0.0002346459828233965,-0.0006276946360041068,0.0008373251823600483,0.0010782943405370333,-0.00015416973873155364,-0.00043779033891706994,-0.0007531728862449667,0.0008602070179211833,0.13157594456938335,0.0,0.2855861373291333,-0.015855900908071794,0.010038542847256464,0.01923604036817845,0.019078610687995223,-0.008931509480698966,-0.004304926582264282,-0.0023559753350365837,0.007215046289065117,-0.0012893498432448671,0.0027732262456287658,-0.011398388322927479,-0.030718433224726664,-0.014228745075422005,-0.0019017947436743763,0.001957072448123383,0.2855861373291333,0.015855900908071794,0.43433566351965,0.0,-0.024280291328917198,0.049033998529649986,0.009818673990624966,-0.012300458142670244,-0.007703697206260425,-0.007010265515967809,-0.013116021757350311,0.010020919601557269,0.007778276058832036,-0.009809898031105598,-0.03413926641204649,0.0023053329242169926,0.0006102971229693831,5.9845064829366404e-05,0.010038542847256464,-0.01923604036817845,-0.024280291328917198,-0.049033998529649986,0.7140288578033833,0.0,0.14812692732496668,0.017459650458270172,0.010138050884655924,0.0003270970167457064,0.01795998083070374,0.007303388699588335,-0.0025210580825823,0.0010619994628280898,-0.002264391945285092,0.001226849053173167,-0.0004625312944519166,-0.0021066456015792667,0.019078610687995223,0.008931509480698966,0.009818673990624966,0.012300458142670244,0.14812692732496668,-0.017459650458270172,0.11609797711790167,0.0,0.06359000976155998,0.0069621448184386215,0.015545017765469417,-0.009205524876547515,0.10040600227711168,0.017401175499873665,0.0014945045057114467,-0.0030592559070167324,0.0009024946704140168,0.0008888436000813499,-0.004304926582264282,0.0023559753350365837,-0.007703697206260425,0.007010265515967809,0.010138050884655924,-0.0003270970167457064,0.06359000976155998,-0.0069621448184386215,-0.1689034517827167,0.0,-0.08582106871904663,-0.0009138768949742499,0.025427173794023327,-0.004617752665431784,0.001937491239734585,0.0014726341954951166,0.0002346459828233965,0.0006276946360041068,0.007215046289065117,0.0012893498432448671,-0.013116021757350311,-0.010020919601557269,0.01795998083070374,-0.007303388699588335,0.015545017765469417,0.009205524876547515,-0.08582106871904663,0.0009138768949742499,-0.05337356904996166,0.0,-0.03503554487751334,0.020923820585982175,0.0009489472705584499,0.0063107881446552,0.0008373251823600483,-0.0010782943405370333,0.0027732262456287658,0.011398388322927479,0.007778276058832036,0.009809898031105598,-0.0025210580825823,-0.0010619994628280898,0.10040600227711168,-0.017401175499873665,0.025427173794023327,0.004617752665431784,-0.03503554487751334,-0.020923820585982175,-0.07608863088929334,0.0,-0.003637530741653566,0.0024127840683055165,-0.00015416973873155364,0.00043779033891706994,-0.030718433224726664,0.014228745075422005,-0.03413926641204649,-0.0023053329242169926,-0.002264391945285092,-0.001226849053173167,0.0014945045057114467,0.0030592559070167324,0.001937491239734585,-0.0014726341954951166,0.0009489472705584499,-0.0063107881446552,-0.003637530741653566,-0.0024127840683055165,-0.09949516532591664,0.0,0.9996988567694836
0.6490000000000007,0.0015210472704729,0.0,0.0011401820213238789,5.747142292400056e-06,0.002686905900036633,-2.2930733467819638e-05,-0.00035791943075069987,0.0005687972519959168,-0.0011867676490909,-0.0017238350941518386,-8.608835915305024e-05,0.0012647291644131806,0.00026906772482857846,0.0006013709581777169,-0.0013712430566172168,-0.00011718570883269977,0.00039643161225601004,0.00021665818593448344,0.0011401820213238789,-5.747142292400056e-06,0.1310853046078667,0.0,0.28546593656704994,-0.01600830506466472,0.009821023061465383,0.019351168242646898,0.019095740669486518,-0.008851571029863031,-0.0043192300556626345,-0.002404593638398783,0.007196548307003485,-0.001372632260582247,0.002802083171139564,-0.011341419757355682,-0.03056555567528166,-0.014164167528076168,0.002686905900036633,2.2930733467819638e-05,0.28546593656704994,0.01600830506466472,0.4343743622931502,0.0,-0.02434752197504191,0.048977708721911664,0.009703395831296851,-0.012345547155927401,-0.0076937522026274355,-0.007044128157003501,-0.013075869036412235,0.00998333520539167,0.007767472212610683,-0.0098616809785794,-0.034074305013965016,0.0023013104801251163,-0.00035791943075069987,-0.0005687972519959168,0.009821023061465383,-0.019351168242646898,-0.02434752197504191,-0.048977708721911664,0.7150362130840666,0.0,0.14852314096869998,0.0175773472964539,0.010231160327069552,0.00011026137594604837,0.017917351513948503,0.007244327208882518,-0.002518801570972299,0.0011184235190918493,-0.0021212299536796193,0.0014641044945355836,-0.0011867676490909,0.0017238350941518386,0.019095740669486518,0.008851571029863031,0.009703395831296851,0.012345547155927401,0.14852314096869998,-0.0175773472964539,0.11622584551318665,0.0,0.06348033856664999,0.007013373457350582,0.015476833487528036,-0.009197476506711452,0.10033869358681165,0.01735194730347233,0.0015638836077465162,-0.0030239784670260503,-8.608835915305024e-05,-0.0012647291644131806,-0.0043192300556626345,0.002404593638398783,-0.0076937522026274355,0.007044128157003501,0.010231160327069552,-0.00011026137594604837,0.06348033856664999,-0.007013373457350582,-0.16906826917796666,0.0,-0.08580294354964833,-0.0009542464405177863,0.025386192398825003,-0.004641821391545018,0.0018877330545835932,0.0015019299851576,0.00026906772482857846,-0.0006013709581777169,0.007196548307003485,0.001372632260582247,-0.013075869036412235,-0.00998333520539167,0.017917351513948503,-0.007244327208882518,0.015476833487528036,0.009197476506711452,-0.08580294354964833,0.0009542464405177863,-0.053548290005381666,0.0,-0.035007631567431675,0.020927053424123827,0.0009937778368684716,0.006281421873258582,-0.0013712430566172168,0.00011718570883269977,0.002802083171139564,0.011341419757355682,0.007767472212610683,0.0098616809785794,-0.002518801570972299,-0.0011184235190918493,0.10033869358681165,-0.01735194730347233,0.025386192398825003,0.004641821391545018,-0.035007631567431675,-0.020927053424123827,-0.07621053744968,0.0,-0.0036294276294031517,0.0023896584641024837,0.00039643161225601004,-0.00021665818593448344,-0.03056555567528166,0.014164167528076168,-0.034074305013965016,-0.0023013104801251163,-0.0021212299536796193,-0.0014641044945355836,0.0015638836077465162,0.0030239784670260503,0.0018877330545835932,-0.0015019299851576,0.0009937778368684716,-0.006281421873258582,-0.0036294276294031517,-0.0023896584641024837,-0.09971700290960504,0.0,0.99969867322565
0.6499999999999992,0.001520863740610967,0.0,-0.0007570163987187,0.0008744681436175999,-0.001814359625467787,0.0019448261663414493,-0.00024459408574650007,-0.0006870288792704998,0.0020163564514811506,0.0002917403726156149,-0.0007833264760399665,-0.001004480187473834,-0.0006060868892354165,-0.00023835256705033344,0.0010300432206381829,-0.0009399757730148922,-0.00044179847260354996,0.00011011357889991675,-0.0007570163987187,-0.0008744681436175999,0.13058800828413333,0.0,0.28535027448541667,-0.016149846294071138,0.009581316279339898,0.019485545290453418,0.019129485152562884,-0.008755664424598566,-0.004321419203081851,-0.002443489541369467,0.007185870004986733,-0.0014552474935129358,0.0028251956071486503,-0.011305060340631333,-0.030429676284593334,-0.014070794151430168,-0.001814359625467787,-0.0019448261663414493,0.28535027448541667,0.016149846294071138,0.43441971433636656,0.0,-0.024435920673346496,0.04888193155792333,0.0095701060356798,-0.012378239658471965,-0.007679534897605735,-0.00707194415703146,-0.013020794318956513,0.009935927175367138,0.007777887290490998,-0.009924914149514899,-0.034011344130498,0.002320328557660431,-0.00024459408574650007,0.0006870288792704998,0.009581316279339898,-0.019485545290453418,-0.024435920673346496,-0.04888193155792333,0.7160458036025832,0.0,0.14888102623885002,0.017758490258019486,0.010368588262521633,-0.00011173489259135989,0.017859925699247665,0.007194647930869472,-0.002518134611027,0.001180493126329532,-0.0020075077982854173,0.0017181051167373164,0.0020163564514811506,-0.0002917403726156149,0.019129485152562884,0.008755664424598566,0.0095701060356798,0.012378239658471965,0.14888102623885002,-0.017758490258019486,0.11634978515906834,0.0,0.06335905201252166,0.007030641818280297,0.015418994201770422,-0.009210106365947466,0.10029351873928499,0.017314587425701165,0.0016167886370905163,-0.002986589130599483,-0.0007833264760399665,0.001004480187473834,-0.004321419203081851,0.002443489541369467,-0.007679534897605735,0.00707194415703146,0.010368588262521633,0.00011173489259135989,0.06335905201252166,-0.007030641818280297,-0.16923221699581664,0.0,-0.08576616787756836,-0.0010179093422537718,0.02533723076459667,-0.004663596603353612,0.0018484893445637495,0.00152123723730205,-0.0006060868892354165,0.00023835256705033344,0.007185870004986733,0.0014552474935129358,-0.013020794318956513,-0.009935927175367138,0.017859925699247665,-0.007194647930869472,0.015418994201770422,0.009210106365947466,-0.08576616787756836,0.0010179093422537718,-0.05372442096916669,0.0,-0.03498280937917334,0.020906068331899844,0.00103732975313444,0.006259797645522884,0.0010300432206381829,0.0009399757730148922,0.0028251956071486503,0.011305060340631333,0.007777887290490998,0.009924914149514899,-0.002518134611027,-0.001180493126329532,0.10029351873928499,-0.017314587425701165,0.02533723076459667,0.004663596603353612,-0.03498280937917334,-0.020906068331899844,-0.07633174086908831,0.0,-0.0036251076489769215,0.0023447405494242085,-0.00044179847260354996,-0.00011011357889991675,-0.030429676284593334,0.014070794151430168,-0.034011344130498,-0.002320328557660431,-0.0020075077982854173,-0.0017181051167373164,0.0016167886370905163,0.002986589130599483,0.0018484893445637495,-0.00152123723730205,0.00103732975313444,-0.006259797645522884,-0.0036251076489769215,-0.0023447405494242085,-0.09993730659905999,0.0,0.9996984896898499
0.6510000000000005,0.0015206802032062838,0.0,-0.00014837294030535018,-0.0011489859361000004,-0.00014226416907133342,-0.002619062591158283,0.0007573905589872171,0.00026801369431786654,-0.001547170259024667,0.0012707531293365507,0.0012734764415810002,0.00020388101222347817,0.0006013454612767165,-0.00022865298373413344,-1.3787752038844003e-05,0.0014181359256745492,0.00025207744627912674,-0.00039616312076064996,-0.00014837294030535018,0.0011489859361000004,0.13008374101466666,0.0,0.2852064482117334,-0.016305121472918054,0.009345906693037764,0.019585380922987058,0.019180992691286168,-0.008612231498219748,-0.004298039198212716,-0.0024723216370719178,0.007157722875393333,-0.001540440762918078,0.002814778115417617,-0.011266789454784683,-0.03031435663171,-0.013964902918913497,-0.00014226416907133342,0.002619062591158283,0.2852064482117334,0.016305121472918054,0.4344719240073,0.0,-0.024520996718864495,0.04877286887057667,0.009445475983672503,-0.012408738381792786,-0.007679263665080316,-0.007122911619212998,-0.013006286397085046,0.009929510392954014,0.007790145366110465,-0.010008739137276087,-0.03395742382248017,0.0023568672309003994,0.0007573905589872171,-0.00026801369431786654,0.009345906693037764,-0.019585380922987058,-0.024520996718864495,-0.04877286887057667,0.7170579044061,0.0,0.14917746231346662,0.017927142226865474,0.01050735196350325,-0.0003313043751489015,0.017794313527109498,0.00710271211781792,-0.002485336287346017,0.0012349355156097998,-0.0019106209798318168,0.001966591121378417,-0.001547170259024667,-0.0012707531293365507,0.019180992691286168,0.008612231498219748,0.009445475983672503,0.012408738381792786,0.14917746231346662,-0.017927142226865474,0.11646856735045666,0.0,0.06322311856286998,0.007023914160839134,0.015357172377843183,-0.0092213732405587,0.10025763253743165,0.017284832304177336,0.001640048261423583,-0.002949484268255117,0.0012734764415810002,-0.00020388101222347817,-0.004298039198212716,0.0024723216370719178,-0.007679263665080316,0.007122911619212998,0.01050735196350325,0.0003313043751489015,0.06322311856286998,-0.007023914160839134,-0.16939415988675002,0.0,-0.08572096918797831,-0.0010777180461393912,0.02528199110118334,-0.004681931953722319,0.0018073956536713415,0.001547056404163993,0.0006013454612767165,0.00022865298373413344,0.007157722875393333,0.001540440762918078,-0.013006286397085046,-0.009929510392954014,0.017794313527109498,-0.00710271211781792,0.015357172377843183,0.0092213732405587,-0.08572096918797831,0.0010777180461393912,-0.05390191676561002,0.0,-0.034963317014353325,0.020890916355050495,0.0010990848650977668,0.006256663846473596,-1.3787752038844003e-05,-0.0014181359256745492,0.002814778115417617,0.011266789454784683,0.007790145366110465,0.010008739137276087,-0.002485336287346017,-0.0012349355156097998,0.10025763253743165,-0.017284832304177336,0.02528199110118334,0.004681931953722319,-0.034963317014353325,-0.020890916355050495,-0.07645279748883334,0.0,-0.0036460512536461106,0.0022784283539786006,0.00025207744627912674,0.00039616312076064996,-0.03031435663171,0.013964902918913497,-0.03395742382248017,-0.0023568672309003994,-0.0019106209798318168,-0.001966591121378417,0.001640048261423583,0.002949484268255117,0.0018073956536713415,-0.001547056404163993,0.0010990848650977668,-0.006256663846473596,-0.0036460512536461106,-0.0022784283539786006,-0.10015563669516667,0.0,0.9996983061456497
0.6520000000000005,0.0015204966452123992,0.0,0.0009308399866198669,0.0006666917462675634,0.0019343918983324338,0.001702212045040549,-0.0007671463671281832,0.0004103334853349335,0.00011407735208308286,-0.0019754548522519285,-0.001077665368239493,0.0007355196634302833,-0.0002991172399639415,0.0005576482422189734,-0.001043819073850427,-0.0010033371637338333,8.883567657330003e-05,0.00047182038603631665,0.0009308399866198669,-0.0006666917462675634,0.12957177166106662,0.0,0.2850336687883334,-0.016489478936883163,0.009164709047741816,0.01965265945389418,0.01923010180235547,-0.008467425391812436,-0.004260528346543336,-0.0025092140338523446,0.007129449490053351,-0.001629620838306283,0.0027839132188979513,-0.011214885835235196,-0.030182204079278328,-0.013864106680214419,0.0019343918983324338,-0.001702212045040549,0.2850336687883334,0.016489478936883163,0.43453178234161655,0.0,-0.024611289570859504,0.048653925950711656,0.009329046683854167,-0.012462533704411817,-0.0076688240984526135,-0.007164817223146016,-0.013003593392071019,0.009959575015651803,0.007770154203427167,-0.010088989380677446,-0.033887303547649156,0.002399438140334317,-0.0007671463671281832,-0.0004103334853349335,0.009164709047741816,-0.01965265945389418,-0.024611289570859504,-0.048653925950711656,0.7180711550354334,0.0,0.14944801990711667,0.018034245627701603,0.010651130279079747,-0.0005423026622937785,0.017746638691978667,0.006960813957891452,-0.002437629250028282,0.0012807234502507671,-0.0018312442988307168,0.002227253210323013,0.00011407735208308286,0.0019754548522519285,0.01923010180235547,0.008467425391812436,0.009329046683854167,0.012462533704411817,0.14944801990711667,-0.018034245627701603,0.1165827362662933,0.0,0.06310181060538501,0.007011172282702149,0.015283604006179851,-0.009223318718789581,0.1002106225941667,0.0172419410193105,0.0016468016489251832,-0.0029066274570435004,-0.001077665368239493,-0.0007355196634302833,-0.004260528346543336,0.0025092140338523446,-0.0076688240984526135,0.007164817223146016,0.010651130279079747,0.0005423026622937785,0.06310181060538501,-0.007011172282702149,-0.16955424984701667,0.0,-0.08568280076167668,-0.0011175848777302344,0.025244828930146672,-0.004692125966737779,0.0017702443350465114,0.0015843420466521497,-0.0002991172399639415,-0.0005576482422189734,0.007129449490053351,0.001629620838306283,-0.013003593392071019,-0.009959575015651803,0.017746638691978667,-0.006960813957891452,0.015283604006179851,0.009223318718789581,-0.08568280076167668,0.0011175848777302344,-0.05408008750173667,0.0,-0.034954229227004995,0.02089382116623184,0.0011599098779403,0.0062547440054590165,-0.001043819073850427,0.0010033371637338333,0.0027839132188979513,0.011214885835235196,0.007770154203427167,0.010088989380677446,-0.002437629250028282,-0.0012807234502507671,0.1002106225941667,-0.0172419410193105,0.025244828930146672,0.004692125966737779,-0.034954229227004995,-0.02089382116623184,-0.07657355754066833,0.0,-0.0036758077043754426,0.002217294673469442,8.883567657330003e-05,-0.00047182038603631665,-0.030182204079278328,0.013864106680214419,-0.033887303547649156,-0.002399438140334317,-0.0018312442988307168,-0.002227253210323013,0.0016468016489251832,0.0029066274570435004,0.0017702443350465114,-0.0015843420466521497,0.0011599098779403,-0.0062547440054590165,-0.0036758077043754426,-0.002217294673469442,-0.100371924479435,0.0,0.9996981225809336
0.6529999999999994,0.0015203130810524164,0.0,-0.0011299392144130836,0.0002405859928117997,-0.00253655914167825,0.00017832256746920825,0.0002569346264475667,-0.0008579027606260668,0.0013397328693730164,0.0014222732385093665,0.0002970513096219498,-0.0012759258959322245,-0.00014709065011768343,-0.0006007601707372832,0.0014818972619264049,-6.52159270500019e-05,-0.00038406832144275023,-0.00029019622387617156,-0.0011299392144130836,-0.0002405859928117997,0.1290512336863167,0.0,0.28488488130589995,-0.016690659770968046,0.009034881612884616,0.01974752569427225,0.019256504602169714,-0.00837520564724138,-0.00423265136939877,-0.002561420622712783,0.007141664124623984,-0.0017236455989930396,0.0027636676283141833,-0.011153005404177385,-0.03002092684884166,-0.013763694801004527,-0.00253655914167825,-0.00017832256746920825,0.28488488130589995,0.016690659770968046,0.43460036208133346,0.0,-0.024747477878426415,0.048507577808579984,0.009200332972901336,-0.012543403312202831,-0.007634386811814535,-0.0071454316865231515,-0.012949312207334817,0.009977211598598318,0.0077368789103938835,-0.01013653416871322,-0.033795837944357005,0.0024668573478032157,0.0002569346264475667,0.0008579027606260668,0.009034881612884616,-0.01974752569427225,-0.024747477878426415,-0.048507577808579984,0.7190843114805501,0.0,0.14974318477783333,0.0181371562391225,0.010832100936639852,-0.000734817326900442,0.017711294376170496,0.006818108121271019,-0.002424661877790933,0.0013244392866645991,-0.0017829041451241999,0.0025298284320050338,0.0013397328693730164,-0.0014222732385093665,0.019256504602169714,0.00837520564724138,0.009200332972901336,0.012543403312202831,0.14974318477783333,-0.0181371562391225,0.11669282411788166,0.0,0.06302514160854338,0.00699553731735365,0.015215837199246119,-0.00923726220803045,0.10017080354187997,0.01719349485146034,0.00165501118697495,-0.002854329975940317,0.0002970513096219498,0.0012759258959322245,-0.00423265136939877,0.002561420622712783,-0.007634386811814535,0.0071454316865231515,0.010832100936639852,0.000734817326900442,0.06302514160854338,-0.00699553731735365,-0.16971294616593333,0.0,-0.0856500001831433,-0.0011515861430946152,0.025242431086911665,-0.004698093436296588,0.001748468429425994,0.0016185205960782165,-0.00014709065011768343,0.0006007601707372832,0.007141664124623984,0.0017236455989930396,-0.012949312207334817,-0.009977211598598318,0.017711294376170496,-0.006818108121271019,0.015215837199246119,0.00923726220803045,-0.0856500001831433,0.0011515861430946152,-0.05425835637272001,0.0,-0.034960711518215004,0.020885929767944456,0.0011934626880597,0.006236201707411332,0.0014818972619264049,6.52159270500019e-05,0.0027636676283141833,0.011153005404177385,0.0077368789103938835,0.01013653416871322,-0.002424661877790933,-0.0013244392866645991,0.10017080354187997,-0.01719349485146034,0.025242431086911665,0.004698093436296588,-0.034960711518215004,-0.020885929767944456,-0.07669359439005997,0.0,-0.0036904959727159675,0.0021764515185307334,-0.00038406832144275023,0.00029019622387617156,-0.03002092684884166,0.013763694801004527,-0.033795837944357005,-0.0024668573478032157,-0.0017829041451241999,-0.0025298284320050338,0.00165501118697495,0.002854329975940317,0.001748468429425994,-0.0016185205960782165,0.0011934626880597,-0.006236201707411332,-0.0036904959727159675,-0.0021764515185307334,-0.10058620850846503,0.0,0.9996979390098665
0.6540000000000006,0.0015201295226874832,0.0,0.0005862471050071118,-0.0010514265816858504,0.001638487618175991,-0.001922405570518228,0.0004401317580397332,0.0007747410161993504,-0.0019285840975154834,-5.448410779249922e-06,0.0006294189778550566,0.0011525501018980339,0.0005041394960337851,0.00032663074625536334,-0.0009990542696861834,0.0011443399963163331,0.0004792539718192001,-4.4943326548608215e-05,0.0005862471050071118,0.0010514265816858504,0.12852178436381662,0.0,0.2847722015603168,-0.01687701626033418,0.00890008556694565,0.019901247966250018,0.01926708747639534,-0.008317095773644865,-0.004212969985222784,-0.0026135766704461,0.007189903238268968,-0.0018180001542810664,0.0027577169846732365,-0.01108483638160154,-0.029867720506863333,-0.013651081198775554,0.001638487618175991,0.001922405570518228,0.2847722015603168,0.01687701626033418,0.43467804960588324,0.0,-0.024927665472171744,0.04832915269688668,0.009052450824600999,-0.012628569038530997,-0.0076105108619780185,-0.007077828764689283,-0.01285730063671532,0.009962491033050714,0.007737988848760252,-0.010159139007256483,-0.0337143433877015,0.0025737233727654994,0.0004401317580397332,-0.0007747410161993504,0.00890008556694565,-0.019901247966250018,-0.024927665472171744,-0.04832915269688668,0.7200979837552167,0.0,0.150047526014,0.01830127322606283,0.0110488225194898,-0.0008999171586979236,0.017664741475780503,0.006701275172731112,-0.002460219213336962,0.001365064512289033,-0.0017640858007697336,0.002867813040848383,-0.0019285840975154834,5.448410779249922e-06,0.01926708747639534,0.008317095773644865,0.009052450824600999,0.012628569038530997,0.150047526014,-0.01830127322606283,0.11679798007987331,0.0,0.06298146119043997,0.006962691832984633,0.015174780342432252,-0.009275399307718766,0.10016381845644666,0.017170208214777,0.001662289495119119,-0.002804534288073168,0.0006294189778550566,-0.0011525501018980339,-0.004212969985222784,0.0026135766704461,-0.0076105108619780185,0.007077828764689283,0.0110488225194898,0.0008999171586979236,0.06298146119043997,-0.006962691832984633,-0.16986986513626673,0.0,-0.08560225396242833,-0.0011947382876611734,0.02525720665312333,-0.004706484204854913,0.001732970839878925,0.0016385524580667672,0.0005041394960337851,-0.00032663074625536334,0.007189903238268968,0.0018180001542810664,-0.01285730063671532,-0.009962491033050714,0.017664741475780503,-0.006701275172731112,0.015174780342432252,0.009275399307718766,-0.08560225396242833,0.0011947382876611734,-0.05443663145650667,0.0,-0.034977830602498344,0.020844429988940247,0.0012102911994859651,0.006214243963232526,-0.0009990542696861834,-0.0011443399963163331,0.0027577169846732365,0.01108483638160154,0.007737988848760252,0.010159139007256483,-0.002460219213336962,-0.001365064512289033,0.10016381845644666,-0.017170208214777,0.02525720665312333,0.004706484204854913,-0.034977830602498344,-0.020844429988940247,-0.07681337529065499,0.0,-0.003689084131142933,0.0021368183676356003,0.0004792539718192001,4.4943326548608215e-05,-0.029867720506863333,0.013651081198775554,-0.0337143433877015,-0.0025737233727654994,-0.0017640858007697336,-0.002867813040848383,0.001662289495119119,0.002804534288073168,0.001732970839878925,-0.0016385524580667672,0.0012102911994859651,-0.006214243963232526,-0.003689084131142933,-0.0021368183676356003,-0.10079829999915,0.0,0.9996977554451667
0.6550000000000006,0.0015199459679703835,0.0,0.00041641464186788316,0.0011802414601152869,0.0002196284883983769,0.0024954144978266836,-0.0008872882860863066,-0.00016611580291516677,0.0013009862607218667,-0.0013981747463845838,-0.0012519048097462842,-0.00043553855174844957,-0.0005730668584732169,9.90350578449833e-05,-0.0001448639690888333,-0.0015417714792696662,-0.00032050854995354717,0.0003625164245841332,0.00041641464186788316,-0.0011802414601152869,0.12798425635407498,0.0,0.2846380685255834,-0.017024285820268485,0.008737949106095282,0.02006979235223548,0.019284742752159325,-0.008239061011311048,-0.004176602069815432,-0.0026521042424875996,0.007224012474170083,-0.001908231722156075,0.0027436360780183,-0.011007244474953883,-0.029750051918793333,-0.013529317979188741,0.0002196284883983769,-0.0024954144978266836,0.2846380685255834,0.017024285820268485,0.43476398551069995,0.0,-0.02509625719247584,0.04813670593633168,0.008904452834467499,-0.012705036820335617,-0.007634348105505184,-0.007028944404506116,-0.012800653875507384,0.009952305245054086,0.007771230009871065,-0.010188306988813834,-0.03365814430345867,0.0026953038016458955,-0.0008872882860863066,0.00016611580291516677,0.008737949106095282,-0.02006979235223548,-0.02509625719247584,-0.04813670593633168,0.7211130931745166,0.0,0.15031132867188332,0.01847896566974349,0.011261007732428503,-0.0010395265164591333,0.017623746591007843,0.006576036562934584,-0.0025038955554788998,0.0013961565639753998,-0.0017663058152899334,0.003203185445558898,0.0013009862607218667,0.0013981747463845838,0.019284742752159325,0.008239061011311048,0.008904452834467499,0.012705036820335617,0.15031132867188332,-0.01847896566974349,0.11689721362111836,0.0,0.06293295354115833,0.0069051568457714815,0.015151659191276682,-0.009315326713041416,0.10017351823663502,0.01717212282959334,0.0016555895098028664,-0.0027758655805248606,-0.0012519048097462842,0.00043553855174844957,-0.004176602069815432,0.0026521042424875996,-0.007634348105505184,0.007028944404506116,0.011261007732428503,0.0010395265164591333,0.06293295354115833,-0.0069051568457714815,-0.17002425687346667,0.0,-0.0855319117879783,-0.001231904222216432,0.025261316873256664,-0.004713800913244679,0.0017015553040228663,0.001652867571679,-0.0005730668584732169,-9.90350578449833e-05,0.007224012474170083,0.001908231722156075,-0.012800653875507384,-0.009952305245054086,0.017623746591007843,-0.006576036562934584,0.015151659191276682,0.009315326713041416,-0.0855319117879783,0.001231904222216432,-0.05461473674369666,0.0,-0.03499146425244334,0.02079018091505226,0.0012455504357670503,0.0062097229685249165,-0.0001448639690888333,0.0015417714792696662,0.0027436360780183,0.011007244474953883,0.007771230009871065,0.010188306988813834,-0.0025038955554788998,-0.0013961565639753998,0.10017351823663502,-0.01717212282959334,0.025261316873256664,0.004713800913244679,-0.03499146425244334,-0.02079018091505226,-0.07693401616716833,0.0,-0.00368547406419002,0.002077970921872416,-0.00032050854995354717,-0.0003625164245841332,-0.029750051918793333,0.013529317979188741,-0.03365814430345867,-0.0026953038016458955,-0.0017663058152899334,-0.003203185445558898,0.0016555895098028664,0.0027758655805248606,0.0017015553040228663,-0.001652867571679,0.0012455504357670503,-0.0062097229685249165,-0.00368547406419002,-0.002077970921872416,-0.10100791296046999,0.0,0.9996975718839832
0.6559999999999994,0.0015197624017608167,0.0,-0.0011601711732823338,-0.0004958515831554198,-0.00189512777876965,-0.0015802378207732002,0.0007311707786963,-0.0006254422978507667,0.00015454459716189963,0.0018865562037885797,0.0012292504955387536,-0.0005452689599264197,0.0003515602612387548,-0.00043561268053286665,0.0012391595545019035,0.0009700835937566165,-9.072849612466825e-06,-0.00047989723115388663,-0.0011601711732823338,0.0004958515831554198,0.1274401040784417,0.0,0.2844806072080167,-0.017140692231178103,0.008594532531579331,0.020204835476678833,0.01931406580249982,-0.008144360878600985,-0.004117674041920674,-0.0026883699656143826,0.0072246798359018455,-0.0019949171009586,0.0027234834520338948,-0.010925796281836004,-0.029651828249911662,-0.0134095371422123,-0.00189512777876965,0.0015802378207732002,0.2844806072080167,0.017140692231178103,0.4348567627462,0.0,-0.025231559646513507,0.04794737893948666,0.00877572587883635,-0.012790521437201156,-0.007694146720038033,-0.007022459857322077,-0.012799329279527422,0.009980602703521633,0.007783993250884483,-0.01023073143112112,-0.033603335438659836,0.0028013528773178013,0.0007311707786963,0.0006254422978507667,0.008594532531579331,-0.020204835476678833,-0.025231559646513507,-0.04794737893948666,0.7221288337581165,0.0,0.1505640768209333,0.018590128959619083,0.011451399938549432,-0.001163278379327116,0.017631435685042003,0.00641824019586123,-0.0025297720634520834,0.001414242951963984,-0.0017950029912185788,0.0035091351002204197,0.00015454459716189963,-0.0018865562037885797,0.01931406580249982,0.008144360878600985,0.00877572587883635,0.012790521437201156,0.1505640768209333,-0.018590128959619083,0.11699100888039833,0.0,0.06287631802669168,0.006840799999037699,0.015125128114856112,-0.009331764728385133,0.10017902922902167,0.017162436609579664,0.0016375090236232831,-0.0027726217178849002,0.0012292504955387536,0.0005452689599264197,-0.004117674041920674,0.0026883699656143826,-0.007694146720038033,0.007022459857322077,0.011451399938549432,0.001163278379327116,0.06287631802669168,-0.006840799999037699,-0.17017633947699995,0.0,-0.08546576884461,-0.0012392036446861668,0.025255837366321667,-0.004711274044735283,0.0016483912253951838,0.0016745652569512932,0.0003515602612387548,0.00043561268053286665,0.0072246798359018455,0.0019949171009586,-0.012799329279527422,-0.009980602703521633,0.017631435685042003,-0.00641824019586123,0.015125128114856112,0.009331764728385133,-0.08546576884461,0.0012392036446861668,-0.054791936182765,0.0,-0.03499913231399166,0.020758739991168493,0.00130724671785295,0.006217637526965958,0.0012391595545019035,-0.0009700835937566165,0.0027234834520338948,0.010925796281836004,0.007783993250884483,0.01023073143112112,-0.0025297720634520834,-0.001414242951963984,0.10017902922902167,-0.017162436609579664,0.025255837366321667,0.004711274044735283,-0.03499913231399166,-0.020758739991168493,-0.07705579908721832,0.0,-0.003683346482191282,0.0020151799669601168,-9.072849612466825e-06,0.00047989723115388663,-0.029651828249911662,0.0134095371422123,-0.033603335438659836,-0.0028013528773178013,-0.0017950029912185788,-0.0035091351002204197,0.0016375090236232831,0.0027726217178849002,0.0016483912253951838,-0.0016745652569512932,0.00130724671785295,-0.006217637526965958,-0.003683346482191282,-0.0020151799669601168,-0.10121500880723164,0.0,0.9996973883107501
0.6569999999999994,0.001519578827362566,0.0,0.0011486887841883333,-0.0005126243393386001,0.002418125763065733,-0.0002280139910880501,1.716476674333122e-06,0.0010464099159791553,-0.001466894517597194,-0.0011471847922831368,-0.000532570156965174,0.0012521887019039148,2.401210570867497e-05,0.0005315313517912433,-0.0015859190934994166,0.000237985952164205,0.0003090300627340332,0.00034457520362602805,0.0011486887841883333,0.0005126243393386001,0.12689020956480665,0.0,0.2843028026184334,-0.01724259275278677,0.008522304809012218,0.020324819488398004,0.019342904616686713,-0.008079102065499838,-0.0040561941285832655,-0.0027398296718106887,0.007229966884654715,-0.0020774440104436393,0.0027345293318991,-0.01085185043691645,-0.02954489827588667,-0.013285388009711609,0.002418125763065733,0.0002280139910880501,0.2843028026184334,0.01724259275278677,0.43495555282316667,0.0,-0.025377873382825166,0.04775270618834831,0.008655890188168786,-0.012901620123252418,-0.007750107793430081,-0.007010552468583827,-0.012790611216161513,0.010032947781465884,0.007755228366200793,-0.010256065136963831,-0.033526105397846506,0.002895396012035883,1.716476674333122e-06,-0.0010464099159791553,0.008522304809012218,-0.020324819488398004,-0.025377873382825166,-0.04775270618834831,0.7231436160679167,0.0,0.1508465277368833,0.01865567394316191,0.01164787414113606,-0.0012730129308260335,0.017682186057148632,0.006267458029878348,-0.002568342896212083,0.0014200860518953,-0.0018666223156852998,0.0037862765205274496,-0.001466894517597194,0.0011471847922831368,0.019342904616686713,0.008079102065499838,0.008655890188168786,0.012901620123252418,0.1508465277368833,-0.01865567394316191,0.11708041809185002,0.0,0.06282854345444833,0.006791727784950037,0.015090097267258204,-0.009329332876267648,0.10017080390516,0.017113388443817833,0.0016276083452183994,-0.0027809212497663634,-0.000532570156965174,-0.0012521887019039148,-0.0040561941285832655,0.0027398296718106887,-0.007750107793430081,0.007010552468583827,0.01164787414113606,0.0012730129308260335,0.06282854345444833,-0.006791727784950037,-0.17032725640293334,0.0,-0.08540877382585998,-0.0012267894372399834,0.025254280517139998,-0.004698169847953072,0.0015902958262731554,0.0017011429814399988,2.401210570867497e-05,-0.0005315313517912433,0.007229966884654715,0.0020774440104436393,-0.012790611216161513,-0.010032947781465884,0.017682186057148632,-0.006267458029878348,0.015090097267258204,0.009329332876267648,-0.08540877382585998,0.0012267894372399834,-0.05496750860816001,0.0,-0.035002582705045006,0.02074557732369758,0.001369626513234895,0.006217237210842884,-0.0015859190934994166,-0.000237985952164205,0.0027345293318991,0.01085185043691645,0.007755228366200793,0.010256065136963831,-0.002568342896212083,-0.0014200860518953,0.10017080390516,-0.017113388443817833,0.025254280517139998,0.004698169847953072,-0.035002582705045006,-0.02074557732369758,-0.0771777141790017,0.0,-0.0036713004061901472,0.0019757480030462176,0.0003090300627340332,-0.00034457520362602805,-0.02954489827588667,0.013285388009711609,-0.033526105397846506,-0.002895396012035883,-0.0018666223156852998,-0.0037862765205274496,0.0016276083452183994,0.0027809212497663634,0.0015902958262731554,-0.0017011429814399988,0.001369626513234895,-0.006217237210842884,-0.0036713004061901472,-0.0019757480030462176,-0.10141969145537999,0.0,0.9996972047294833
0.6580000000000007,0.0015193952609349826,0.0,-0.0003919585378202567,0.0012209536004587533,-0.0015027740895981667,0.0018779752069001167,-0.0008435036820671332,-0.0007422346162258835,0.0017915507433128506,-0.0002817081157544149,-0.0004526642660641999,-0.0012944711848357007,-0.00035674021530308317,-0.0003497066911760204,0.0009394644831413739,-0.0013490271830459998,-0.00043851595437913345,-6.315780490676998e-05,-0.0003919585378202567,-0.0012209536004587533,0.12633480691404167,0.0,0.2841429888038334,-0.017328930826246525,0.008498203600982999,0.020479365947447335,0.019380909561682265,-0.00804882626914905,-0.004004283912016999,-0.0028000530674064327,0.007271022979167118,-0.002149984829260467,0.002799709068573859,-0.01079704898733425,-0.029447864577913332,-0.013145392177613619,-0.0015027740895981667,-0.0018779752069001167,0.2841429888038334,0.017328930826246525,0.43505995100570005,0.0,-0.0255780999624085,0.047541994049098334,0.008521435426361702,-0.013024935804037336,-0.007791346090406565,-0.0069628893060653405,-0.012744028157078834,0.010081777786471185,0.007727507192144231,-0.010251376417553333,-0.033452468069378655,0.0029955401962097517,-0.0008435036820671332,0.0007422346162258835,0.008498203600982999,-0.020479365947447335,-0.0255780999624085,-0.047541994049098334,0.724157521382217,0.0,0.15116317004986668,0.018765566051618002,0.011882821938498354,-0.00135883426613937,0.017725330595829834,0.006166833274253723,-0.002651698195236417,0.001415249088599199,-0.0019798123380520166,0.004040977398050216,0.0017915507433128506,0.0002817081157544149,0.019380909561682265,0.00804882626914905,0.008521435426361702,0.013024935804037336,0.15116317004986668,-0.018765566051618002,0.11716504410702494,0.0,0.06280470453451499,0.006754832882127972,0.01506650907352592,-0.00933375256283805,0.10017789242270334,0.017040105548742333,0.0016358783154921837,-0.0027912924451043417,-0.0004526642660641999,0.0012944711848357007,-0.004004283912016999,0.0028000530674064327,-0.007791346090406565,0.0069628893060653405,0.011882821938498354,0.00135883426613937,0.06280470453451499,-0.006754832882127972,-0.17047747155821671,0.0,-0.085357068796005,-0.001231298084232275,0.025254578082831672,-0.004681815096652283,0.0015416487849260333,0.0017199693765066503,-0.00035674021530308317,0.0003497066911760204,0.007271022979167118,0.002149984829260467,-0.012744028157078834,-0.010081777786471185,0.017725330595829834,-0.006166833274253723,0.01506650907352592,0.00933375256283805,-0.085357068796005,0.001231298084232275,-0.05514163191852835,0.0,-0.03500843398306166,0.02071984813200021,0.001414860404256447,0.006208399319337232,0.0009394644831413739,0.0013490271830459998,0.002799709068573859,0.01079704898733425,0.007727507192144231,0.010251376417553333,-0.002651698195236417,-0.001415249088599199,0.10017789242270334,-0.017040105548742333,0.025254578082831672,0.004681815096652283,-0.03500843398306166,-0.02071984813200021,-0.07729870035422166,0.0,-0.003641876445567784,0.00195536029754548,-0.00043851595437913345,6.315780490676998e-05,-0.029447864577913332,0.013145392177613619,-0.033452468069378655,-0.0029955401962097517,-0.0019798123380520166,-0.004040977398050216,0.0016358783154921837,0.0027912924451043417,0.0015416487849260333,-0.0017199693765066503,0.001414860404256447,-0.006208399319337232,-0.003641876445567784,-0.00195536029754548,-0.10162189368243006,0.0,0.9996970211561332
0.6589999999999995,0.0015192117043325332,0.0,-0.0006805715871521167,-0.0011379814094473865,-0.00033083506476033324,-0.0023619853452397045,0.0011939265034550165,-0.00016758758862073328,-0.0009798445613195335,0.0014657949441784837,0.0012197601916123662,0.0006544768377013284,0.00046884355520831334,1.6598197045887683e-05,0.0003439517924992683,0.0016532667748702424,0.0003655856381021332,-0.00023640116347314975,-0.0006805715871521167,0.0011379814094473865,0.12577430903550504,0.0,0.28396066484425003,-0.017391010996327404,0.008455510081947034,0.020655308724356503,0.019453921410711002,-0.008006814364422249,-0.003945532683205201,-0.002848213149308316,0.007319398850262487,-0.0022045818915175834,0.002893167075525133,-0.01076438468377039,-0.029394622543091664,-0.012993390792793318,-0.00033083506476033324,0.0023619853452397045,0.28396066484425003,0.017391010996327404,0.4351693780935667,0.0,-0.0258091484590145,0.047313143173930004,0.008368055182799266,-0.013135525039033846,-0.007834775343374751,-0.006928771465229264,-0.012706995983605866,0.01013021883217725,0.007731180598740143,-0.01024536137362555,-0.03340888326806683,0.003088918336098533,0.0011939265034550165,0.00016758758862073328,0.008455510081947034,-0.020655308724356503,-0.0258091484590145,-0.047313143173930004,0.7251718842217165,0.0,0.15144718110348337,0.01891817724456009,0.012142904560764748,-0.00141494548989625,0.0177475793694832,0.006102075460323707,-0.0027561028346156664,0.0014040873268212168,-0.00211564712573035,0.004263525770312176,-0.0009798445613195335,-0.0014657949441784837,0.019453921410711002,0.008006814364422249,0.008368055182799266,0.013135525039033846,0.15144718110348337,-0.01891817724456009,0.11724332181584837,0.0,0.06278201801227,0.00670867258610257,0.015060795639917735,-0.009349492153738335,0.10019978305858832,0.01696282691730067,0.0016584691695489728,-0.0028081916503733635,0.0012197601916123662,-0.0006544768377013284,-0.003945532683205201,0.002848213149308316,-0.007834775343374751,0.006928771465229264,0.012142904560764748,0.00141494548989625,0.06278201801227,-0.00670867258610257,-0.1706261149633667,0.0,-0.08529335028034997,-0.0012624686613130168,0.02523637978867333,-0.004661925666995566,0.0014954723745499497,0.0017267624422656368,0.00046884355520831334,-1.6598197045887683e-05,0.007319398850262487,0.0022045818915175834,-0.012706995983605866,-0.01013021883217725,0.0177475793694832,-0.006102075460323707,0.015060795639917735,0.009349492153738335,-0.08529335028034997,0.0012624686613130168,-0.055315113060415,0.0,-0.03500945217869667,0.020672949294691705,0.001457541306807875,0.0062116593089422325,0.0003439517924992683,-0.0016532667748702424,0.002893167075525133,0.01076438468377039,0.007731180598740143,0.01024536137362555,-0.0027561028346156664,-0.0014040873268212168,0.10019978305858832,-0.01696282691730067,0.02523637978867333,0.004661925666995566,-0.03500945217869667,-0.020672949294691705,-0.07741860693715501,0.0,-0.0036006040313642323,0.0019219764122282328,0.0003655856381021332,0.00023640116347314975,-0.029394622543091664,0.012993390792793318,-0.03340888326806683,-0.003088918336098533,-0.00211564712573035,-0.004263525770312176,0.0016584691695489728,0.0028081916503733635,0.0014954723745499497,-0.0017267624422656368,0.001457541306807875,-0.0062116593089422325,-0.0036006040313642323,-0.0019219764122282328,-0.10182143231670168,0.0,0.9996968375932666
0.6599999999999995,0.0015190281442848163,0.0,0.0013175398461586,0.0002570346946839,0.0019127314225770497,0.0013562555870330504,-0.0007035457080407409,0.0011083869065881666,-0.00041853363193150047,-0.0016756507056069167,-0.001351118357753855,0.00037497341607576674,-0.00035912694353623344,0.00026625230876268325,-0.0014691810631096277,-0.0009103788598922837,-0.00011443869999430005,0.00042430585486684987,0.0013175398461586,-0.0002570346946839,0.12520944478034163,0.0,0.2837534056487168,-0.017444026952724935,0.008385899094848217,0.02078605099084766,0.019566276799177176,-0.007936132408435501,-0.0038639337707964336,-0.0028816251049741345,0.007339636201477303,-0.0022438092298868325,0.0029752842377509868,-0.010755928651770084,-0.02938175114343501,-0.012849265258849002,0.0019127314225770497,-0.0013562555870330504,0.2837534056487168,0.017444026952724935,0.4352832101529669,0.0,-0.026034635671261675,0.04709360561739,0.008214259190342618,-0.013238874368204262,-0.007884654181511932,-0.006960394250760068,-0.012720402053266707,0.010202377218072678,0.007735466539120351,-0.01027205347181547,-0.033384186008277,0.003154374070264171,-0.0007035457080407409,-0.0011083869065881666,0.008385899094848217,-0.02078605099084766,-0.026034635671261675,-0.04709360561739,0.7261867261552166,0.0,0.15169562132593334,0.019029323422370816,0.01239720978438562,-0.0014531255032372297,0.01779643006168515,0.006031879117185446,-0.002834508637010932,0.001395850349304616,-0.0022620065143026343,0.004438413461836782,-0.00041853363193150047,0.0016756507056069167,0.019566276799177176,0.007936132408435501,0.008214259190342618,0.013238874368204262,0.15169562132593334,-0.019029323422370816,0.11731475236152997,0.0,0.06274859213869502,0.00665427999169441,0.0150546657516811,-0.00936173826387695,0.10022413115355998,0.016874318396123696,0.0016885723847054003,-0.0028334162002372834,-0.001351118357753855,-0.00037497341607576674,-0.0038639337707964336,0.0028816251049741345,-0.007884654181511932,0.006960394250760068,0.01239720978438562,0.0014531255032372297,0.06274859213869502,-0.00665427999169441,-0.1707723380583666,0.0,-0.0852322492605967,-0.00129495303212238,0.025204645247355,-0.004634864448418894,0.001441176296105933,0.001730206601863516,-0.00035912694353623344,-0.00026625230876268325,0.007339636201477303,0.0022438092298868325,-0.012720402053266707,-0.010202377218072678,0.01779643006168515,-0.006031879117185446,0.0150546657516811,0.00936173826387695,-0.0852322492605967,0.00129495303212238,-0.055488357188438336,0.0,-0.03500253224129834,0.02063363337991235,0.0015150081614975315,0.006235485807504712,-0.0014691810631096277,0.0009103788598922837,0.0029752842377509868,0.010755928651770084,0.007735466539120351,0.01027205347181547,-0.002834508637010932,-0.001395850349304616,0.10022413115355998,-0.016874318396123696,0.025204645247355,0.004634864448418894,-0.03500253224129834,-0.02063363337991235,-0.07753747701549836,0.0,-0.003561350320926366,0.0018644429964024332,-0.00011443869999430005,-0.00042430585486684987,-0.02938175114343501,0.012849265258849002,-0.033384186008277,-0.003154374070264171,-0.0022620065143026343,-0.004438413461836782,0.0016885723847054003,0.0028334162002372834,0.001441176296105933,-0.001730206601863516,0.0015150081614975315,-0.006235485807504712,-0.003561350320926366,-0.0018644429964024332,-0.10201833530546499,0.0,0.9996966540267332
0.6610000000000007,0.0015188445688865,0.0,-0.0010693308859390956,0.000787084235357217,-0.002238721734890634,0.000440257714972467,-0.0003832780173449668,-0.0013656489891650967,0.0014932257167809626,0.0008097374098726002,0.0007146471332463665,-0.001225780874072467,0.00013428409867025486,-0.0004132905382373834,0.001706916263401166,-0.00043823464180228506,-0.0001937395670183884,-0.00040021588997939984,-0.0010693308859390956,-0.000787084235357217,0.12464027821229337,0.0,0.28353055793666665,-0.017516236926277337,0.008349291516371883,0.020841480292331578,0.0196816991892725,-0.007878060721327153,-0.0037727490470964996,-0.0029188556125739826,0.007351732113124212,-0.0022762803427402397,0.0030419206036505267,-0.01076998822520075,-0.02936244219063667,-0.012718446519046902,-0.002238721734890634,-0.000440257714972467,0.28353055793666665,0.017516236926277337,0.43540150864001664,0.0,-0.026258647597830843,0.046897943610018325,0.008071278817653533,-0.013359156338708347,-0.007925479330042536,-0.007013921326400555,-0.012743022272911136,0.010297330595872099,0.007700572328753031,-0.010315051098901682,-0.03335249039412115,0.00320921733416685,-0.0003832780173449668,0.0013656489891650967,0.008349291516371883,-0.020841480292331578,-0.026258647597830843,-0.046897943610018325,0.7272007682713002,0.0,0.15194383225379998,0.01908409563106767,0.012653462154955384,-0.0014816937380475667,0.017881124255502454,0.005947756616666447,-0.0028873512395991333,0.0013891211555643421,-0.0024251764693108834,0.004569811083486614,0.0014932257167809626,-0.0008097374098726002,0.0196816991892725,0.007878060721327153,0.008071278817653533,0.013359156338708347,0.15194383225379998,-0.01908409563106767,0.11738027822352168,0.0,0.06271332211812833,0.006618472573059156,0.015027119843605136,-0.009369050355073672,0.10023377324418663,0.016756511967377447,0.001725603502276483,-0.002850607876165101,0.0007146471332463665,0.001225780874072467,-0.0037727490470964996,0.0029188556125739826,-0.007925479330042536,0.007013921326400555,0.012653462154955384,0.0014816937380475667,0.06271332211812833,-0.006618472573059156,-0.17091662610668337,0.0,-0.08518934428172835,-0.0013108417425147867,0.025185657716661664,-0.00460704859955,0.001387113117760933,0.0017368953769250634,0.00013428409867025486,0.0004132905382373834,0.007351732113124212,0.0022762803427402397,-0.012743022272911136,-0.010297330595872099,0.017881124255502454,-0.005947756616666447,0.015027119843605136,0.009369050355073672,-0.08518934428172835,0.0013108417425147867,-0.055661126612430015,0.0,-0.03498996052610332,0.020618232758077653,0.0015742609717737434,0.006259041949957598,0.001706916263401166,0.00043823464180228506,0.0030419206036505267,0.01076998822520075,0.007700572328753031,0.010315051098901682,-0.0028873512395991333,-0.0013891211555643421,0.10023377324418663,-0.016756511967377447,0.025185657716661664,0.00460704859955,-0.03498996052610332,-0.020618232758077653,-0.0776545833172083,0.0,-0.0035301193101012337,0.001810048906935544,-0.0001937395670183884,0.00040021588997939984,-0.02936244219063667,0.012718446519046902,-0.03335249039412115,-0.00320921733416685,-0.0024251764693108834,-0.004569811083486614,0.001725603502276483,0.002850607876165101,0.001387113117760933,-0.0017368953769250634,0.0015742609717737434,-0.006259041949957598,-0.0035301193101012337,-0.001810048906935544,-0.10221287143529999,0.0,0.9996964704441834
0.6619999999999996,0.0015186609931130332,0.0,0.00014569129980400013,-0.0013236244849165672,0.001179251575802133,-0.0018739585804034332,0.0013050005630954162,0.0006847606820105501,-0.0015783753760043667,0.0005195358168732814,0.00032517783913027005,0.00139021996267749,0.00013240514564836657,0.00040256787379829343,-0.0008893708541571525,0.0015584936665022251,0.0004065203157764331,0.0001867476993480167,0.00014569129980400013,0.0013236244849165672,0.1240661663975,0.0,0.28331787922935,-0.017602828677420336,0.008379712643089619,0.020871459811794644,0.01977400061070733,-0.0078611962939996,-0.003696767122105667,-0.0029696548249272337,0.007404358180924667,-0.0023063130600432685,0.0031139625715463303,-0.01079505864652475,-0.0293149492655085,-0.012590243177220533,0.001179251575802133,0.0018739585804034332,0.28331787922935,0.017602828677420336,0.4355247952239,0.0,-0.026524334917027166,0.046713533496106664,0.007929634700603682,-0.013499130873826046,-0.007957773770491419,-0.007014413068410918,-0.012715312158192398,0.01038881965917205,0.007651572247558618,-0.010325301947150018,-0.03333298487761467,0.0032879065406312504,0.0013050005630954162,-0.0006847606820105501,0.008379712643089619,-0.020871459811794644,-0.026524334917027166,-0.046713533496106664,0.7282136949389668,0.0,0.1522024588380167,0.019166416672868412,0.012942052196850384,-0.00148263436033368,0.017934228558270905,0.005861803734155784,-0.0029524827195460666,0.0013687722902943006,-0.002615192439075634,0.004681349011416567,-0.0015783753760043667,-0.0005195358168732814,0.01977400061070733,0.0078611962939996,0.007929634700603682,0.013499130873826046,0.1522024588380167,-0.019166416672868412,0.11744033642741333,0.0,0.06269637457301831,0.0066160731625629,0.014990823006278237,-0.009398367692680452,0.10023998795796338,0.016621175126042685,0.0017668539595459168,-0.0028393667052063,0.00032517783913027005,-0.00139021996267749,-0.003696767122105667,0.0029696548249272337,-0.007957773770491419,0.007014413068410918,0.012942052196850384,0.00148263436033368,0.06269637457301831,-0.0066160731625629,-0.17106007963641667,0.0,-0.08516640655379498,-0.0013277769433426823,0.025187974884945008,-0.004590455877903823,0.0013486446373847834,0.0017437875496903452,0.00013240514564836657,-0.00040256787379829343,0.007404358180924667,0.0023063130600432685,-0.012715312158192398,-0.01038881965917205,0.017934228558270905,-0.005861803734155784,0.014990823006278237,0.009398367692680452,-0.08516640655379498,0.0013277769433426823,-0.05583318718952499,0.0,-0.03498071037414,0.020603689660030296,0.0016091142079091138,0.006263462114884046,-0.0008893708541571525,-0.0015584936665022251,0.0031139625715463303,0.01079505864652475,0.007651572247558618,0.010325301947150018,-0.0029524827195460666,-0.0013687722902943006,0.10023998795796338,-0.016621175126042685,0.025187974884945008,0.004590455877903823,-0.03498071037414,-0.020603689660030296,-0.077768913281,0.0,-0.0035002267345155347,0.0017819050586872715,0.0004065203157764331,-0.0001867476993480167,-0.0293149492655085,0.012590243177220533,-0.03333298487761467,-0.0032879065406312504,-0.002615192439075634,-0.004681349011416567,0.0017668539595459168,0.0028393667052063,0.0013486446373847834,-0.0017437875496903452,0.0016091142079091138,-0.006263462114884046,-0.0035002267345155347,-0.0017819050586872715,-0.10240518701176667,0.0,0.999696286861567
0.6629999999999996,0.0015184774292102661,0.0,0.0009049950731079664,0.0010382946933154501,0.0005579597775492499,0.002076932638527617,-0.0013914889405977327,0.0004876510509748168,0.0006950506968083166,-0.00146203004139297,-0.0011846381056580771,-0.0008028926336321834,-0.0003421886418734286,-0.0002246740269231984,-0.0005028165704682965,-0.001749859766881083,-0.00043986094419303315,0.00011921446285010682,0.0009049950731079664,-0.0010382946933154501,0.12348726850224664,0.0,0.2831149159136167,-0.017660064365109838,0.008425000948028465,0.020929686580779146,0.019860660199863003,-0.007858509709122267,-0.0036342270033447167,-0.0030237534427749505,0.007495434951381284,-0.0023254488996600833,0.003191951426225768,-0.01081771269790388,-0.029269354526969663,-0.012464664049165642,0.0005579597775492499,-0.002076932638527617,0.2831149159136167,0.017660064365109838,0.43565275153931654,0.0,-0.026842402936437845,0.04652528203584332,0.007772974610275568,-0.013635644333357205,-0.008004994437011765,-0.006978502676802817,-0.012648081328342112,0.010451671254999132,0.0076446965738373816,-0.010291715834016512,-0.033357117929152004,0.0033817020233071,-0.0013914889405977327,-0.0004876510509748168,0.008425000948028465,-0.020929686580779146,-0.026842402936437845,-0.04652528203584332,0.7292269453669499,0.0,0.15242868463450002,0.019318544947746232,0.013254539251944938,-0.001431106242439125,0.017912205153982085,0.005768696208469251,-0.003042751200384616,0.0013282541404719755,-0.002825995070287683,0.004791277000617284,0.0006950506968083166,0.00146203004139297,0.019860660199863003,0.007858509709122267,0.007772974610275568,0.013635644333357205,0.15242868463450002,-0.019318544947746232,0.11749412354039997,0.0,0.06269834140118498,0.006627762437473384,0.014973922289563719,-0.0094618473618233,0.1002587688438017,0.016505859544134034,0.00180447409428075,-0.002801817285750398,-0.0011846381056580771,0.0008028926336321834,-0.0036342270033447167,0.0030237534427749505,-0.008004994437011765,0.006978502676802817,0.013254539251944938,0.001431106242439125,0.06269834140118498,-0.006627762437473384,-0.17120294696174995,0.0,-0.08514676894264168,-0.0013646239673055247,0.025188855852844996,-0.004583484279940031,0.0013188310793076498,0.0017443335949744933,-0.0003421886418734286,0.0002246740269231984,0.007495434951381284,0.0023254488996600833,-0.012648081328342112,-0.010451671254999132,0.017912205153982085,-0.005768696208469251,0.014973922289563719,0.0094618473618233,-0.08514676894264168,0.0013646239673055247,-0.056004746707919995,0.0,-0.03497773244589166,0.020565205779102355,0.0016212608510486669,0.006263976209942251,-0.0005028165704682965,0.001749859766881083,0.003191951426225768,0.01081771269790388,0.0076446965738373816,0.010291715834016512,-0.003042751200384616,-0.0013282541404719755,0.1002587688438017,-0.016505859544134034,0.025188855852844996,0.004583484279940031,-0.03497773244589166,-0.020565205779102355,-0.07788047528236,0.0,-0.003458093978321866,0.0017653897657095505,-0.00043986094419303315,-0.00011921446285010682,-0.029269354526969663,0.012464664049165642,-0.033357117929152004,-0.0033817020233071,-0.002825995070287683,-0.004791277000617284,0.00180447409428075,0.002801817285750398,0.0013188310793076498,-0.0017443335949744933,0.0016212608510486669,-0.006263976209942251,-0.003458093978321866,-0.0017653897657095505,-0.10259529413465333,0.0,0.9996961032916494
0.6640000000000008,0.0015182938755083164,0.0,-0.0014239142672533996,-5.5461134460609994e-05,-0.0018379333379184733,-0.0009674959964764671,0.0005476434498560665,-0.001356762734734575,0.0005768540339004495,0.0014766314381237501,0.0014152740356608536,-0.0002306924325389499,0.00039823151035256644,-4.055653054195022e-05,0.001612445533062655,0.0008671994476426836,0.00026506044211171655,-0.00039246457561814167,-0.0014239142672533996,5.5461134460609994e-05,0.12290565972775999,0.0,0.2828942202729168,-0.0176500253885485,0.008420581095332762,0.020992574264488004,0.019964436848567003,-0.00783663269024245,-0.003558642093213618,-0.003071544067801749,0.007571241090355753,-0.00232733861260285,0.003249099036298599,-0.010835160742691786,-0.029249241523501664,-0.01235427815946445,-0.0018379333379184733,0.0009674959964764671,0.2828942202729168,0.0176500253885485,0.43578354256978324,0.0,-0.027168422582698123,0.04634551937653432,0.0076024274856185525,-0.013753606925082556,-0.008080559731733467,-0.006986000715020102,-0.012591693047407931,0.010490043681922663,0.0076842568370063145,-0.010255283262389031,-0.03340676732487183,0.003455879766337327,0.0005476434498560665,0.001356762734734575,0.008420581095332762,-0.020992574264488004,-0.027168422582698123,-0.04634551937653432,0.7302413951311332,0.0,0.15259433161214997,0.019460818057393636,0.013548900036450968,-0.0013329799867345838,0.01787091426213248,0.005652654638843001,-0.0031261948391657418,0.0012799567569698829,-0.0030453393302050167,0.004891380232188958,0.0005768540339004495,-0.0014766314381237501,0.019964436848567003,0.00783663269024245,0.0076024274856185525,0.013753606925082556,0.15259433161214997,-0.019460818057393636,0.11754137145960329,0.0,0.06269691737876833,0.0066255144979307495,0.014971329531514452,-0.00953761504769607,0.10027608430760335,0.016423055524452435,0.0018336472012012329,-0.0027631935875398667,0.0014152740356608536,0.0002306924325389499,-0.003558642093213618,0.003071544067801749,-0.008080559731733467,0.006986000715020102,0.013548900036450968,0.0013329799867345838,0.06269691737876833,-0.0066255144979307495,-0.17134469846939998,0.0,-0.08511748785312,-0.0014051311815986816,0.02517072125750167,-0.004571820966128115,0.0012747857281150332,0.0017354624215590506,0.00039823151035256644,4.055653054195022e-05,0.007571241090355753,0.00232733861260285,-0.012591693047407931,-0.010490043681922663,0.01787091426213248,-0.005652654638843001,0.014971329531514452,0.00953761504769607,-0.08511748785312,0.0014051311815986816,-0.05617601018545333,0.0,-0.03497138769716667,0.020517763765293462,0.0016432819946246122,0.006285619216208503,0.001612445533062655,-0.0008671994476426836,0.003249099036298599,0.010835160742691786,0.0076842568370063145,0.010255283262389031,-0.0031261948391657418,-0.0012799567569698829,0.10027608430760335,-0.016423055524452435,0.02517072125750167,0.004571820966128115,-0.03497138769716667,-0.020517763765293462,-0.07799025941015833,0.0,-0.0034012584302436826,0.0017354644902330288,0.00026506044211171655,0.00039246457561814167,-0.029249241523501664,0.01235427815946445,-0.03340676732487183,-0.003455879766337327,-0.0030453393302050167,-0.004891380232188958,0.0018336472012012329,0.0027631935875398667,0.0012747857281150332,-0.0017354624215590506,0.0016432819946246122,-0.006285619216208503,-0.0034012584302436826,-0.0017354644902330288,-0.10278337496758504,0.0,0.9996959197310831
0.6649999999999994,0.001518110317378934,0.0,0.001039371809767133,-0.0009896994175836336,0.0018789793183250335,-0.0006381581160578499,0.0006789002832732864,0.0013085393146021831,-0.00145104051031087,-0.0005761982612936999,-0.0008505136251537,0.0011582652863292334,-0.0002858419443467933,0.0002783045317016983,-0.0017435834745143997,0.0005435454753009335,5.005834292144745e-05,0.0004902054711316667,0.001039371809767133,0.0009896994175836336,0.12232428695845497,0.0,0.2826834838850667,-0.017575437733191666,0.008377323144148205,0.02100334097387184,0.02006744239957697,-0.007813793618548965,-0.003461681583349456,-0.0031249054531370256,0.007610061147855351,-0.0023199680450057673,0.0032772679474721332,-0.01085608504940024,-0.029236010332625004,-0.012260585679534686,0.0018789793183250335,0.0006381581160578499,0.2826834838850667,0.017575437733191666,0.4359145333236667,0.0,-0.027469219316015547,0.04619691596016167,0.007435363250273398,-0.013866077866418648,-0.008175051798840519,-0.007047238089850518,-0.012553598932656429,0.010527232904861801,0.007717144874441454,-0.010241388313359615,-0.0334442825143355,0.003515617699427358,0.0006789002832732864,-0.0013085393146021831,0.008377323144148205,-0.02100334097387184,-0.027469219316015547,-0.04619691596016167,0.7312559950405334,0.0,0.15275589796586667,0.019523579511328347,0.01381996757766745,-0.0012155265921956853,0.017877257411131473,0.0055142823061068704,-0.0031748879776835838,0.0012298001200480163,-0.0032682054255225874,0.004962390469602632,-0.00145104051031087,0.0005761982612936999,0.02006744239957697,0.007813793618548965,0.007435363250273398,0.013866077866418648,0.15275589796586667,-0.019523579511328347,0.11758339473313498,0.0,0.06268657949511498,0.006611090153051583,0.014956067815408602,-0.0096066132617128,0.10028017574430498,0.016346270972113684,0.0018573600741870018,-0.0027421359053071124,-0.0008505136251537,-0.0011582652863292334,-0.003461681583349456,0.0031249054531370256,-0.008175051798840519,0.007047238089850518,0.01381996757766745,0.0012155265921956853,0.06268657949511498,-0.006611090153051583,-0.17148536481898322,0.0,-0.08509527328643003,-0.0014197172158611666,0.025147667710478327,-0.004550426642900741,0.001211055530838543,0.0017198144590319495,-0.0002858419443467933,-0.0002783045317016983,0.007610061147855351,0.0023199680450057673,-0.012553598932656429,-0.010527232904861801,0.017877257411131473,-0.0055142823061068704,0.014956067815408602,0.0096066132617128,-0.08509527328643003,0.0014197172158611666,-0.056346622209448326,0.0,-0.034956577375676666,0.020495416837146067,0.0016920039177961328,0.00632408084947345,-0.0017435834745143997,-0.0005435454753009335,0.0032772679474721332,0.01085608504940024,0.007717144874441454,0.010241388313359615,-0.0031748879776835838,-0.0012298001200480163,0.10028017574430498,-0.016346270972113684,0.025147667710478327,0.004550426642900741,-0.034956577375676666,-0.020495416837146067,-0.07809879742001831,0.0,-0.003343676736289014,0.0017017228129810713,5.005834292144745e-05,-0.0004902054711316667,-0.029236010332625004,0.012260585679534686,-0.0334442825143355,-0.003515617699427358,-0.0032682054255225874,-0.004962390469602632,0.0018573600741870018,0.0027421359053071124,0.001211055530838543,-0.0017198144590319495,0.0016920039177961328,-0.00632408084947345,-0.003343676736289014,-0.0017017228129810713,-0.10296979975817334,0.0,0.9996957361664998
0.6659999999999997,0.001517926758648883,0.0,-2.297101930706672e-05,0.001433302461195916,-0.0008067484482006338,0.0017108564232546585,-0.0014483365472288433,-0.0003653494266080998,0.0013882733257981283,-0.0006401772871267013,-0.00020288401888891657,-0.0014228944728619,4.480325107455014e-05,-0.0003861296171079167,0.0008361232825929499,-0.0016214006724084332,-0.00034728550995753363,-0.0003650097632895834,-2.297101930706672e-05,-0.001433302461195916,0.12174554918294503,0.0,0.2824686465735168,-0.017445977976753967,0.00835746889183155,0.020952697522772495,0.020141982982219666,-0.007826305917856298,-0.003360361701153917,-0.0032003759029544665,0.007650980366647585,-0.002314229200149866,0.003306384270370527,-0.010875495731145804,-0.029200398847908347,-0.012167001387456324,-0.0008067484482006338,-0.0017108564232546585,0.2824686465735168,0.017445977976753967,0.43604323208039997,0.0,-0.02776526849611133,0.046076470700018184,0.007270453123806699,-0.013987111306854932,-0.008275041588183367,-0.00708868986128387,-0.012493648480039919,0.010573964611746452,0.007710045477984133,-0.010212627830567303,-0.0334682622007915,0.0035936500128197174,-0.0014483365472288433,0.0003653494266080998,0.00835746889183155,-0.020952697522772495,-0.02776526849611133,-0.046076470700018184,0.7322694798965332,0.0,0.15293963849758335,0.01955476547520214,0.0141012650968945,-0.0010816790572953836,0.017904423096216596,0.005364551217205347,-0.003202749507489799,0.001161805214048267,-0.0034951687032068832,0.004999531288461167,0.0013882733257981283,0.0006401772871267013,0.020141982982219666,0.007826305917856298,0.007270453123806699,0.013987111306854932,0.15293963849758335,-0.01955476547520214,0.11762143166006832,0.0,0.062672893238315,0.006606826367349666,0.014921145792828616,-0.00967439569907574,0.10026562273418001,0.016246795780416188,0.0018790884380961667,-0.0027284719931681147,-0.00020288401888891657,0.0014228944728619,-0.003360361701153917,0.0032003759029544665,-0.008275041588183367,0.00708868986128387,0.0141012650968945,0.0010816790572953836,0.062672893238315,-0.006606826367349666,-0.17162591036125002,0.0,-0.08507892213496168,-0.0014122802548708162,0.025131270833540005,-0.004527796321983887,0.0011474285425970832,0.0017038198538213275,4.480325107455014e-05,0.0003861296171079167,0.007650980366647585,0.002314229200149866,-0.012493648480039919,-0.010573964611746452,0.017904423096216596,-0.005364551217205347,0.014921145792828616,0.00967439569907574,-0.08507892213496168,0.0014122802548708162,-0.056515919864340014,0.0,-0.03493296456510168,0.020494766342251832,0.00174785021267375,0.006353007094095068,0.0008361232825929499,0.0016214006724084332,0.003306384270370527,0.010875495731145804,0.007710045477984133,0.010212627830567303,-0.003202749507489799,-0.001161805214048267,0.10026562273418001,-0.016246795780416188,0.025131270833540005,0.004527796321983887,-0.03493296456510168,-0.020494766342251832,-0.07820547026782833,0.0,-0.0032950332861726808,0.001694970641447672,-0.00034728550995753363,0.0003650097632895834,-0.029200398847908347,0.012167001387456324,-0.0334682622007915,-0.0035936500128197174,-0.0034951687032068832,-0.004999531288461167,0.0018790884380961667,0.0027284719931681147,0.0011474285425970832,-0.0017038198538213275,0.00174785021267375,-0.006353007094095068,-0.0032950332861726808,-0.001694970641447672,-0.10315476648415332,0.0,0.9996955526010166
0.6670000000000009,0.0015177432161226836,0.0,-0.0010323848830283166,-0.0010413038739455172,-0.0006500569491853264,-0.0017018295913149666,0.0012495939911523835,-0.0008238260087381013,-0.0004971017205337154,0.0013950253305406502,0.0011259484532832667,0.0008856506161045003,0.00020688518603088665,0.0002930869727528665,0.000569239315181775,0.0017499510361589177,0.0005038279167858627,8.301752969893357e-05,-0.0010323848830283166,0.0010413038739455172,0.12117159924487836,0.0,0.2822567776238667,-0.0172517890188069,0.008367891760982647,0.020896971831946165,0.02021102888323616,-0.007870446411511151,-0.00326556910095561,-0.0032912467978222994,0.0077268586257049346,-0.00230868196642215,0.0033660007135500663,-0.010880931364823999,-0.029161485701081673,-0.012070007634502469,-0.0006500569491853264,0.0017018295913149666,0.2822567776238667,0.0172517890188069,0.4361670422604,0.0,-0.02809824594775995,0.04597678900318766,0.0070827327308531805,-0.014108606876893831,-0.008380201171361195,-0.007075456717240718,-0.012405490456215312,0.010619593118839182,0.0076925039227485345,-0.01013255334528045,-0.03351335074963883,0.0036881615054913668,0.0012495939911523835,0.0008238260087381013,0.008367891760982647,-0.020896971831946165,-0.02809824594775995,-0.04597678900318766,0.7332824609266166,0.0,0.15313203914395002,0.019641281384748445,0.014403820507127497,-0.00090557640366965,0.0178959400602729,0.0052052074675589,-0.0032360148500586816,0.0010639758178557985,-0.0037221102068587834,0.005018808530349104,-0.0004971017205337154,-0.0013950253305406502,0.02021102888323616,0.007870446411511151,0.0070827327308531805,0.014108606876893831,0.15313203914395002,-0.019641281384748445,0.11765501427789332,0.0,0.06267291932360335,0.006617387641770916,0.014897035867309508,-0.009753315519132695,0.10026326690709833,0.016135202116985253,0.0018969634703460668,-0.0027068466583287996,0.0011259484532832667,-0.0008856506161045003,-0.00326556910095561,0.0032912467978222994,-0.008380201171361195,0.007075456717240718,0.014403820507127497,0.00090557640366965,0.06267291932360335,-0.006617387641770916,-0.17176695496596667,0.0,-0.08506175297375831,-0.0014167530767161334,0.025111263250736666,-0.004507719711524134,0.00109896583883374,0.0016916114417832142,0.00020688518603088665,-0.0002930869727528665,0.0077268586257049346,0.00230868196642215,-0.012405490456215312,-0.010619593118839182,0.0178959400602729,-0.0052052074675589,0.014897035867309508,0.009753315519132695,-0.08506175297375831,0.0014167530767161334,-0.056683728560701654,0.0,-0.034914460889944994,0.02048275819575384,0.0017897870285607,0.006366354510439683,0.000569239315181775,-0.0017499510361589177,0.0033660007135500663,0.010880931364823999,0.0076925039227485345,0.01013255334528045,-0.0032360148500586816,-0.0010639758178557985,0.10026326690709833,-0.016135202116985253,0.025111263250736666,0.004507719711524134,-0.034914460889944994,-0.02048275819575384,-0.07830956227720333,0.0,-0.0032494353942961016,0.0017174169010181499,0.0005038279167858627,-8.301752969893357e-05,-0.029161485701081673,0.012070007634502469,-0.03351335074963883,-0.0036881615054913668,-0.0037221102068587834,-0.005018808530349104,0.0018969634703460668,0.0027068466583287996,0.00109896583883374,-0.0016916114417832142,0.0017897870285607,-0.006366354510439683,-0.0032494353942961016,-0.0017174169010181499,-0.10333824507034663,0.0,0.9996953690517498
0.6679999999999995,0.0015175596917286996,0.0,0.0015241164625559,-1.264825948311688e-05,0.0016301071405684002,0.0006869835737668496,-0.0002267533584673167,0.001479905125743633,-0.0006286053598992834,-0.0012911768381755084,-0.001418602390398168,0.00014201633782456668,-0.00032209817002404643,-6.023207664346668e-05,-0.001670981595319566,-0.0008407169678644672,-0.0004538663435617301,0.0002560721703257168,0.0015241164625559,1.264825948311688e-05,0.1206051160227067,0.0,0.28201891946024993,-0.016984264557247282,0.008343998664049933,0.020879421843794835,0.020314046341175493,-0.007910508725787467,-0.0031650597351014663,-0.0033723780713626494,0.007806288436658465,-0.0022934619427530845,0.0034450160134377665,-0.010874293984873513,-0.02915511935279334,-0.011984312873858365,0.0016301071405684002,-0.0006869835737668496,0.28201891946024993,0.016984264557247282,0.4362830442451334,0.0,-0.028455888730209974,0.04589601656562318,0.006859564781411879,-0.01420723175355212,-0.008485308006210869,-0.007066370052708466,-0.012325816106372013,0.010655033019984002,0.007696720982600917,-0.010028064326262553,-0.03357706349125334,0.0037591526175647,-0.0002267533584673167,-0.001479905125743633,0.008343998664049933,-0.020879421843794835,-0.028455888730209974,-0.04589601656562318,0.73429653369315,0.0,0.15329609806208327,0.019763461462176852,0.01469275337260383,-0.0006800287564116166,0.01787421209034368,0.0050472536486485,-0.003265276373888416,0.0009483164384646118,-0.003943526712303734,0.005025998656906549,-0.0006286053598992834,0.0012911768381755084,0.020314046341175493,0.007910508725787467,0.006859564781411879,0.01420723175355212,0.15329609806208327,-0.019763461462176852,0.11768298014727999,0.0,0.062679244477145,0.006617805828794485,0.014900950516868794,-0.00983403348247697,0.10027961524089665,0.01603431502160603,0.001914842043613848,-0.0026818637832373544,-0.001418602390398168,-0.00014201633782456668,-0.0031650597351014663,0.0033723780713626494,-0.008485308006210869,0.007066370052708466,0.01469275337260383,0.0006800287564116166,0.062679244477145,-0.006617805828794485,-0.17190785521095,0.0,-0.08502271601555335,-0.00144603422954129,0.025071685546464995,-0.004479103710384943,0.0010582735374778502,0.001678737482412458,-0.00032209817002404643,6.023207664346668e-05,0.007806288436658465,0.0022934619427530845,-0.012325816106372013,-0.010655033019984002,0.01787421209034368,-0.0050472536486485,0.014900950516868794,0.00983403348247697,-0.08502271601555335,0.00144603422954129,-0.05685053667427166,0.0,-0.03490310640053167,0.020446745832437663,0.0018277575805650827,0.006384971244173835,-0.001670981595319566,0.0008407169678644672,0.0034450160134377665,0.010874293984873513,0.007696720982600917,0.010028064326262553,-0.003265276373888416,-0.0009483164384646118,0.10027961524089665,-0.01603431502160603,0.025071685546464995,0.004479103710384943,-0.03490310640053167,-0.020446745832437663,-0.07841132305428165,0.0,-0.003197597219706902,0.0017357331018350397,-0.0004538663435617301,-0.0002560721703257168,-0.02915511935279334,0.011984312873858365,-0.03357706349125334,-0.0037591526175647,-0.003943526712303734,-0.005025998656906549,0.001914842043613848,0.0026818637832373544,0.0010582735374778502,-0.001678737482412458,0.0018277575805650827,-0.006384971244173835,-0.003197597219706902,-0.0017357331018350397,-0.1035203333396233,0.0,0.9996951855204331
0.6689999999999997,0.0015173761712612833,0.0,-0.0010839284891017834,0.001116939345470182,-0.001579234172053605,0.0006551348654716001,-0.0009691374323981723,-0.0011769468873997003,0.0013444843942781494,0.0004369398533943665,0.0008998048658602521,-0.0011013757352766663,0.00026950645667580007,-0.00017417230917521638,0.0018040396965436386,-0.0006039879035792165,0.00018462993236688545,-0.0005019817149006332,-0.0010839284891017834,-0.001116939345470182,0.1200486762149833,0.0,0.28179094610823324,-0.01666918598780677,0.008255412680318305,0.02088186141811453,0.020444549567665338,-0.007939205146722418,-0.0030500786576942644,-0.0034331296291108173,0.007848758784847264,-0.0022727363916642176,0.0035093693926925556,-0.010878743293658222,-0.029181455997698332,-0.011919409236544366,-0.001579234172053605,-0.0006551348654716001,0.28179094610823324,0.01666918598780677,0.4363886586586499,0.0,-0.028788003848119453,0.045850660816484506,0.0066219064778304335,-0.014281579441149597,-0.008575426310800735,-0.007112401117711034,-0.012276158086544513,0.010695582223829632,0.007698900183932278,-0.00995404761725888,-0.03362915690947367,0.003795106373316065,-0.0009691374323981723,0.0011769468873997003,0.008255412680318305,-0.02088186141811453,-0.028788003848119453,-0.045850660816484506,0.7353120274044002,0.0,0.15347663834864997,0.01984306404762632,0.014948094061835832,-0.0004349195892656501,0.017921940000953478,0.004917149082905051,-0.0032573442853063173,0.0008402297890772682,-0.004153843246877284,0.005008203122518228,0.0013444843942781494,-0.0004369398533943665,0.020444549567665338,0.007939205146722418,0.0066219064778304335,0.014281579441149597,0.15347663834864997,-0.01984306404762632,0.117705351223565,0.0,0.062685157293965,0.006596119919814682,0.014914054104447587,-0.009902368556096969,0.10031178460042499,0.015939342384647184,0.0019406050470033543,-0.0026688398106968583,0.0008998048658602521,0.0011013757352766663,-0.0030500786576942644,0.0034331296291108173,-0.008575426310800735,0.007112401117711034,0.014948094061835832,0.0004349195892656501,0.062685157293965,-0.006596119919814682,-0.17204757045101665,0.0,-0.08496982053404833,-0.0014779491053899486,0.02502936743888166,-0.004439289047331294,0.0010176014747210916,0.0016618054104102012,0.00026950645667580007,0.00017417230917521638,0.007848758784847264,0.0022727363916642176,-0.012276158086544513,-0.010695582223829632,0.017921940000953478,-0.004917149082905051,0.014914054104447587,0.009902368556096969,-0.08496982053404833,0.0014779491053899486,-0.05701682048396168,0.0,-0.03489444846609499,0.020413417039697002,0.0018823342559811166,0.006423979497251483,0.0018040396965436386,0.0006039879035792165,0.0035093693926925556,0.010878743293658222,0.007698900183932278,0.00995404761725888,-0.0032573442853063173,-0.0008402297890772682,0.10031178460042499,-0.015939342384647184,0.02502936743888166,0.004439289047331294,-0.03489444846609499,-0.020413417039697002,-0.07851132193521002,0.0,-0.0031476036817559673,0.0017272428114586988,0.00018462993236688545,0.0005019817149006332,-0.029181455997698332,0.011919409236544366,-0.03362915690947367,-0.003795106373316065,-0.004153843246877284,-0.005008203122518228,0.0019406050470033543,0.0026688398106968583,0.0010176014747210916,-0.0016618054104102012,0.0018823342559811166,-0.006423979497251483,-0.0031476036817559673,-0.0017272428114586988,-0.10370137480903328,0.0,0.9996950019935164
0.670000000000001,0.0015171926413835668,0.0,-2.65766058648385e-05,-0.0015558722730765842,0.0006562609508174501,-0.0015048167116239665,0.0015668691570112996,9.342303632209837e-05,-0.0012439961768001833,0.000661449696912145,0.00015175868807958324,0.0014151588612639002,-9.013716662251684e-05,0.00032111343539335666,-0.0008591051807242093,0.0017345104193269001,0.00018472394089526627,0.0005120250203017753,-2.65766058648385e-05,0.0015558722730765842,0.11950335459016834,0.0,0.28158270991195,-0.01634665332228327,0.008157389698778734,0.020855621041635693,0.020555638313669317,-0.007985907867146098,-0.0029350355794271086,-0.003486058010797282,0.0078709809967954,-0.002263387027978306,0.003551311041011898,-0.010901210099793616,-0.029199508140081668,-0.011861731818552462,0.0006562609508174501,0.0015048167116239665,0.28158270991195,0.01634665332228327,0.4364825357636333,0.0,-0.029072895362374698,0.04584226040185569,0.0063944107776395635,-0.014354627143100986,-0.00864540205630467,-0.0071628128733326486,-0.012230942379000166,0.010754893911408901,0.00764823596718535,-0.009905382582886849,-0.033664312975244186,0.003831948508586716,0.0015668691570112996,-9.342303632209837e-05,0.008157389698778734,-0.020855621041635693,-0.029072895362374698,-0.04584226040185569,0.7363283701333001,0.0,0.15370419701755,0.01988651937944025,0.015189477821190784,-0.00018568538383769987,0.018054581705763868,0.004819751608633201,-0.0032114181959458994,0.0007441381959501968,-0.004354213161433333,0.004958350966641944,-0.0012439961768001833,-0.000661449696912145,0.020555638313669317,0.007985907867146098,0.0063944107776395635,0.014354627143100986,0.15370419701755,-0.01988651937944025,0.11772288288126331,0.0,0.06268332117443162,0.006575308634195847,0.014908964891728538,-0.009961833335267567,0.10034382146644166,0.015824684486845007,0.0019716829680242,-0.0026628774763663003,0.00015175868807958324,-0.0014151588612639002,-0.0029350355794271086,0.003486058010797282,-0.00864540205630467,0.0071628128733326486,0.015189477821190784,0.00018568538383769987,0.06268332117443162,-0.006575308634195847,-0.17218607912241674,0.0,-0.0849123199256867,-0.001494450080675,0.025010228794993327,-0.004409785252946784,0.0009879934918176265,0.001649482089817212,-9.013716662251684e-05,-0.00032111343539335666,0.0078709809967954,0.002263387027978306,-0.012230942379000166,-0.010754893911408901,0.018054581705763868,-0.004819751608633201,0.014908964891728538,0.009961833335267567,-0.0849123199256867,0.001494450080675,-0.057182518256765014,0.0,-0.03488275339572501,0.020396756685974658,0.0019486929641491489,0.006466917887862317,-0.0008591051807242093,-0.0017345104193269001,0.003551311041011898,0.010901210099793616,0.00764823596718535,0.009905382582886849,-0.0032114181959458994,-0.0007441381959501968,0.10034382146644166,-0.015824684486845007,0.025010228794993327,0.004409785252946784,-0.03488275339572501,-0.020396756685974658,-0.07860929879931332,0.0,-0.0031161686918521657,0.0017079208202840947,0.00018472394089526627,-0.0005120250203017753,-0.029199508140081668,0.011861731818552462,-0.033664312975244186,-0.003831948508586716,-0.004354213161433333,-0.004958350966641944,0.0019716829680242,0.0026628774763663003,0.0009879934918176265,-0.001649482089817212,0.0019486929641491489,-0.006466917887862317,-0.0031161686918521657,-0.0017079208202840947,-0.10388162137389333,0.0,0.9996948184567669
0.6709999999999996,0.001517009115421983,0.0,0.0011357628876165337,0.0010858043852895994,0.0005274287537100496,0.001493719509148772,-0.0011727256511430304,0.0010726056218461671,0.000402697911480617,-0.0013463022863867446,-0.0010955604195970665,-0.0009062625904718316,-0.00015063284844958,-0.00030561037708108326,-0.0006375089134779949,-0.0018718805120163653,-0.0004673399858248164,-0.0002789429390342001,0.0011357628876165337,-0.0010858043852895994,0.11896906449160169,0.0,0.2813849997602999,-0.01602233909946973,0.008112698361666299,0.02079385713627918,0.020637304425568,-0.008061862146865965,-0.0028358253429193996,-0.003540334121632754,0.007920674258859044,-0.002273688915993533,0.0035934069682493496,-0.010915720477258816,-0.029188624985931503,-0.011801042218680233,0.0005274287537100496,-0.001493719509148772,0.2813849997602999,0.01602233909946973,0.4365641803067334,0.0,-0.029354924675708334,0.04586007582380601,0.006180628688072748,-0.014438807653460312,-0.008709308269801552,-0.007143819393015098,-0.0121668046480696,0.010821667832337283,0.007547409704435265,-0.0098229866713222,-0.03371772680289184,0.0038891596098100164,-0.0011727256511430304,-0.0010726056218461671,0.008112698361666299,-0.02079385713627918,-0.029354924675708334,-0.04586007582380601,0.7373460131133334,0.0,0.15394255606416668,0.019978162513369042,0.015423926815297665,8.990758184213341e-05,0.018207746291543994,0.004721354321593659,-0.0031624436217947837,0.0006411616735662666,-0.004559562524711266,0.004885206489913551,0.000402697911480617,0.0013463022863867446,0.020637304425568,0.008061862146865965,0.006180628688072748,0.014438807653460312,0.15394255606416668,-0.019978162513369042,0.11773532347438004,0.0,0.06267501478920998,0.006579441814406801,0.014899563269504201,-0.010030987411636433,0.10037953063434497,0.015692081408873588,0.0019905494291731205,-0.002642494284705218,-0.0010955604195970665,0.0009062625904718316,-0.0028358253429193996,0.003540334121632754,-0.008709308269801552,0.007143819393015098,0.015423926815297665,-8.990758184213341e-05,0.06267501478920998,-0.006579441814406801,-0.17232414255973333,0.0,-0.08485460018228169,-0.0015113545556628498,0.025011269511915006,-0.00441027732332131,0.0009799576408214832,0.0016542176559434503,-0.00015063284844958,0.00030561037708108326,0.007920674258859044,0.002273688915993533,-0.0121668046480696,-0.010821667832337283,0.018207746291543994,-0.004721354321593659,0.014899563269504201,0.010030987411636433,-0.08485460018228169,0.0015113545556628498,-0.057347312501931674,0.0,-0.034875972382194996,0.020372054378536,0.0020030113838345838,0.006490734641720497,-0.0006375089134779949,0.0018718805120163653,0.0035934069682493496,0.010915720477258816,0.007547409704435265,0.0098229866713222,-0.0031624436217947837,-0.0006411616735662666,0.10037953063434497,-0.015692081408873588,0.025011269511915006,0.00441027732332131,-0.034875972382194996,-0.020372054378536,-0.07870450477143001,0.0,-0.0031062552362127066,0.0016994003673836365,-0.0004673399858248164,0.0002789429390342001,-0.029188624985931503,0.011801042218680233,-0.03371772680289184,-0.0038891596098100164,-0.004559562524711266,-0.004885206489913551,0.0019905494291731205,0.002642494284705218,0.0009799576408214832,-0.0016542176559434503,0.0020030113838345838,-0.006490734641720497,-0.0031062552362127066,-0.0016994003673836365,-0.10406099574368169,0.0,0.9996946349246169
0.6719999999999996,0.0015168256038688333,0.0,-0.0016243174400747827,5.2053766103883305e-05,-0.0013640179386544668,-0.0007130890719653163,4.133145174724884e-05,-0.0015654222433055499,0.0006669485994571903,0.00123204202757407,0.0014117269244572164,-9.195473866167959e-05,0.00031519840483283505,0.00011404438760117148,0.0018183440697934028,0.0008811012296287831,0.0005289846984161082,-8.894191417531646e-05,-0.0016243174400747827,-5.2053766103883305e-05,0.11844643411329997,0.0,0.28119285128308336,-0.015665161083561505,0.008101008700886266,0.020740422503096823,0.020727664815967998,-0.008137602864199263,-0.0027454093357454023,-0.003587073883089213,0.00799610544039261,-0.0022866309899436514,0.003645142255547567,-0.010903118090518728,-0.029172333547649667,-0.011753031031681516,-0.0013640179386544668,0.0007130890719653163,0.28119285128308336,0.015665161083561505,0.43663267620011675,0.0,-0.02966857859923475,0.045887723193681486,0.0059757012705023505,-0.01451424118649939,-0.008776332530244466,-0.00707859292677512,-0.01209861413035019,0.010866229970722386,0.007451689958085802,-0.00968521598717162,-0.0337972756315695,0.003936504200468851,4.133145174724884e-05,0.0015654222433055499,0.008101008700886266,-0.020740422503096823,-0.02966857859923475,-0.045887723193681486,0.7383667486346499,0.0,0.15413491351031663,0.020142583544221528,0.015613368843664942,0.0004010480014141668,0.018345296911882168,0.0046041031879179815,-0.003131858118943632,0.000522020410598317,-0.004786157109513097,0.004794381284127933,0.0006669485994571903,-0.00123204202757407,0.020727664815967998,0.008137602864199263,0.0059757012705023505,0.01451424118649939,0.15413491351031663,-0.020142583544221528,0.11774156372053672,0.0,0.06266152952065501,0.006596763698745452,0.01491809522625286,-0.010107221328208602,0.10042840231519835,0.015577131416874569,0.00198733820160425,-0.0026017937811430064,0.0014117269244572164,9.195473866167959e-05,-0.0027454093357454023,0.003587073883089213,-0.008776332530244466,0.00707859292677512,0.015613368843664942,-0.0004010480014141668,0.06266152952065501,-0.006596763698745452,-0.17246197497238341,0.0,-0.08479409951680333,-0.0015478879340090834,0.025007773162896655,-0.0044295357294641445,0.000979408966044867,0.0016705034657697204,0.00031519840483283505,-0.00011404438760117148,0.00799610544039261,0.0022866309899436514,-0.01209861413035019,-0.010866229970722386,0.018345296911882168,-0.0046041031879179815,0.01491809522625286,0.010107221328208602,-0.08479409951680333,0.0015478879340090834,-0.05751125108227169,0.0,-0.034882094720616666,0.0203162502637535,0.0020367833850522214,0.006504678964411477,0.0018183440697934028,-0.0008811012296287831,0.003645142255547567,0.010903118090518728,0.007451689958085802,0.00968521598717162,-0.003131858118943632,-0.000522020410598317,0.10042840231519835,-0.015577131416874569,0.025007773162896655,0.0044295357294641445,-0.034882094720616666,-0.0203162502637535,-0.07879708034899664,0.0,-0.003097767663249277,0.001694499368022188,0.0005289846984161082,8.894191417531646e-05,-0.029172333547649667,0.011753031031681516,-0.0337972756315695,-0.003936504200468851,-0.004786157109513097,-0.004794381284127933,0.00198733820160425,0.0026017937811430064,0.000979408966044867,-0.0016705034657697204,0.0020367833850522214,-0.006504678964411477,-0.003097767663249277,-0.001694499368022188,-0.10423949046242002,0.0,0.9996944514062834
0.6730000000000012,0.0015166421034368005,0.0,0.0011429944480724169,-0.0012314859410339505,0.0014373546719246833,-0.0003823976337546669,0.0011016382680024165,0.001058950053551384,-0.0013514932998470166,-0.0003816873138395332,-0.000950716125492717,0.0010386467302780863,-0.00030521514829778997,0.00013788949157028828,-0.0019233366547892904,0.0006895644089730333,-0.00032645980530325005,0.0004119420805264333,0.0011429944480724169,0.0012314859410339505,0.1179375538007367,0.0,0.28101433852053337,-0.015255264838759665,0.008060655594000833,0.02071717238865742,0.020845829492390174,-0.008187776725016933,-0.0026446738356278522,-0.003616098706500968,0.008043567007796501,-0.002284311353234456,0.0036831692884844837,-0.010880793459432983,-0.029172415602005175,-0.011730757641720149,0.0014373546719246833,0.0003823976337546669,0.28101433852053337,0.015255264838759665,0.4366863562632834,0.0,-0.029979826962790692,0.04591333568238916,0.00578770769408885,-0.014553867966442096,-0.008836229432143685,-0.007049114626161065,-0.012048313343543336,0.01087699696053768,0.007391558564867466,-0.009539640200489785,-0.03386125344154632,0.003949874081283894,0.0011016382680024165,-0.001058950053551384,0.008060655594000833,-0.02071717238865742,-0.029979826962790692,-0.04591333568238916,0.7393914722422502,0.0,0.1542910580640333,0.02029489385769306,0.015727547937837663,0.0007150963067072999,0.018507592922763237,0.0045031152640194845,-0.003102023763434563,0.00040409335113778325,-0.005027342434995902,0.004675087303776335,-0.0013514932998470166,0.0003816873138395332,0.020845829492390174,0.008187776725016933,0.00578770769408885,0.014553867966442096,0.1542910580640333,-0.02029489385769306,0.11774149896992334,0.0,0.06263463173691666,0.0065953422332950176,0.014955328326215218,-0.010170829781367203,0.10047601497640998,0.015495077273900863,0.0019771717146305668,-0.0025611630416834405,-0.000950716125492717,-0.0010386467302780863,-0.0026446738356278522,0.003616098706500968,-0.008836229432143685,0.007049114626161065,0.015727547937837663,-0.0007150963067072999,0.06263463173691666,-0.0065953422332950176,-0.17259892952598335,0.0,-0.08472824745457333,-0.0015913915258911999,0.02499529004360001,-0.004444150553566468,0.0009650007906120667,0.00167691456003195,-0.00030521514829778997,-0.00013788949157028828,0.008043567007796501,0.002284311353234456,-0.012048313343543336,-0.01087699696053768,0.018507592922763237,-0.0045031152640194845,0.014955328326215218,0.010170829781367203,-0.08472824745457333,0.0015913915258911999,-0.057674729214498344,0.0,-0.034890339622121666,0.020246840636843004,0.0020706739342824165,0.006538666620731882,-0.0019233366547892904,-0.0006895644089730333,0.0036831692884844837,0.010880793459432983,0.007391558564867466,0.009539640200489785,-0.003102023763434563,-0.00040409335113778325,0.10047601497640998,-0.015495077273900863,0.02499529004360001,0.004444150553566468,-0.034890339622121666,-0.020246840636843004,-0.0788881094672867,0.0,-0.0030706127823643373,0.00167132555195405,-0.00032645980530325005,-0.0004119420805264333,-0.029172415602005175,0.011730757641720149,-0.03386125344154632,-0.003949874081283894,-0.005027342434995902,-0.004675087303776335,0.0019771717146305668,0.0025611630416834405,0.0009650007906120667,-0.00167691456003195,0.0020706739342824165,-0.006538666620731882,-0.0030706127823643373,-0.00167132555195405,-0.10441748727240666,0.0,0.9996942678991834
0.6739999999999997,0.0015164585979900165,0.0,5.893450083964509e-05,0.001698361668753583,-0.0007958133821333,0.0011809042208347836,-0.0015040342179761495,0.00013071519551615806,0.0012093938858719633,-0.0007248776593837519,-5.6847443449378116e-05,-0.0014066703045840867,0.00013875750350837335,-0.0003174241854341317,0.0008456598686087716,-0.001854159375698613,-2.8014013621950058e-05,-0.0005149064875284332,5.893450083964509e-05,-0.001698361668753583,0.11744439623371662,0.0,0.2808935677515166,-0.014812760795680502,0.007980267607761899,0.02068822308686439,0.020958875898061165,-0.008232109380375765,-0.0025322942903279505,-0.003638520732393263,0.008040032775092971,-0.0022742215038399167,0.003696058868373283,-0.010876567286257518,-0.029181302423561664,-0.011719580514139566,-0.0007958133821333,-0.0011809042208347836,0.2808935677515166,0.014812760795680502,0.43672376793545004,0.0,-0.030254293054369726,0.045931018549560984,0.0056326800771068315,-0.014565871492575414,-0.008884400747130733,-0.0070658966091881005,-0.012012111509645136,0.010871580597028647,0.00733352569762502,-0.00942968977942363,-0.03389087566535533,0.003955829263713874,-0.0015040342179761495,-0.00013071519551615806,0.007980267607761899,-0.02068822308686439,-0.030254293054369726,-0.045931018549560984,0.7404191951487665,0.0,0.15449179835935004,0.020380674292985075,0.0157991557764055,0.0010101727503766802,0.018725509753209947,0.004444679841719445,-0.0030487708423452982,0.00030611899623733294,-0.005258424187283105,0.004519141848936433,0.0012093938858719633,0.0007248776593837519,0.020958875898061165,0.008232109380375765,0.0056326800771068315,0.014565871492575414,0.15449179835935004,-0.020380674292985075,0.11773631212579835,0.0,0.06259172803817167,0.0065699997225863475,0.01497713579996502,-0.010222919176332215,0.10051294488307336,0.015420134968503814,0.001981180893054136,-0.0025374545795774834,-5.6847443449378116e-05,0.0014066703045840867,-0.0025322942903279505,0.003638520732393263,-0.008884400747130733,0.0070658966091881005,0.0157991557764055,-0.0010101727503766802,0.06259172803817167,-0.0065699997225863475,-0.17273457272628331,0.0,-0.08467144170356837,-0.0016166162846711501,0.024995222897258328,-0.004454775362126444,0.0009345830035101334,0.0016670064148183368,0.00013875750350837335,0.0003174241854341317,0.008040032775092971,0.0022742215038399167,-0.012012111509645136,-0.010871580597028647,0.018725509753209947,-0.004444679841719445,0.01497713579996502,0.010222919176332215,-0.08467144170356837,0.0016166162846711501,-0.05783787894455998,0.0,-0.034886447591445,0.0201966728759695,0.0021242048346110337,0.006597256290752473,0.0008456598686087716,0.001854159375698613,0.003696058868373283,0.010876567286257518,0.00733352569762502,0.00942968977942363,-0.0030487708423452982,-0.00030611899623733294,0.10051294488307336,-0.015420134968503814,0.024995222897258328,0.004454775362126444,-0.034886447591445,-0.0201966728759695,-0.07897819036891167,0.0,-0.0030315438342420173,0.0016324446973904998,-2.8014013621950058e-05,0.0005149064875284332,-0.029181302423561664,0.011719580514139566,-0.03389087566535533,-0.003955829263713874,-0.005258424187283105,-0.004519141848936433,0.001981180893054136,0.0025374545795774834,0.0009345830035101334,-0.0016670064148183368,0.0021242048346110337,-0.006597256290752473,-0.0030315438342420173,-0.0016324446973904998,-0.10459540361460004,0.0,0.9996940843872668
0.6749999999999997,0.0015162750897613005,0.0,-0.0012442756657063832,-0.0011660242915957832,-0.00014954149618029972,-0.0013602464755894006,0.0008932339814436837,-0.0012085571855330328,-0.00029843919708759994,0.0013662899830733767,0.0010326195775930832,0.0009621610585979783,9.926845173641254e-05,0.00033400359059021647,0.0007355313780347167,0.001882620984915654,0.00034009161190316496,0.0003747589933885132,-0.0012442756657063832,0.0011660242915957832,0.11696769713400329,0.0,0.2807884386457667,-0.01435450927443483,0.007895061481600048,0.02059937677925865,0.02103675108500067,-0.008307559634192916,-0.002418221323545537,-0.003673292046096865,0.008023558132174029,-0.00227288565801415,0.0037124258047067675,-0.010882062967112697,-0.029177855112816512,-0.011695881667363498,-0.00014954149618029972,0.0013602464755894006,0.2807884386457667,0.01435450927443483,0.43674428730049997,0.0,-0.03051884378340749,0.04593291488140365,0.005505806063127765,-0.014576478700773431,-0.008932670996132368,-0.007059916171346833,-0.011975550773735162,0.010870848022832969,0.007239231065975704,-0.009330349388356618,-0.03391180862624833,0.003982223352096233,0.0008932339814436837,0.0012085571855330328,0.007895061481600048,-0.02059937677925865,-0.03051884378340749,-0.04593291488140365,0.7414487427636668,0.0,0.1547279352695667,0.020456794247530167,0.015870265600570102,0.0013121794262676999,0.01895096731171766,0.0043921833799520655,-0.002975796502181149,0.00022246594931348324,-0.005462683470308067,0.004331385800408084,-0.00029843919708759994,-0.0013662899830733767,0.02103675108500067,0.008307559634192916,0.005505806063127765,0.014576478700773431,0.1547279352695667,-0.020456794247530167,0.11772653439875833,0.0,0.06252721693844668,0.0065403186853514005,0.014976888453786998,-0.010280190647200897,0.10053429076316331,0.015325102310235603,0.001994264987389954,-0.002517683557820783,0.0010326195775930832,-0.0009621610585979783,-0.002418221323545537,0.003673292046096865,-0.008932670996132368,0.007059916171346833,0.015870265600570102,-0.0013121794262676999,0.06252721693844668,-0.0065403186853514005,-0.17286922384136671,0.0,-0.08462245726424837,-0.0016271735736309882,0.02500897185929833,-0.004473079306231132,0.0008973263441330366,0.0016581242223054169,9.926845173641254e-05,-0.00033400359059021647,0.008023558132174029,0.00227288565801415,-0.011975550773735162,-0.010870848022832969,0.01895096731171766,-0.0043921833799520655,0.014976888453786998,0.010280190647200897,-0.08462245726424837,0.0016271735736309882,-0.05800038987818668,0.0,-0.03486323622220501,0.020163624337817,0.0021896593480501825,0.006650313241240285,0.0007355313780347167,-0.001882620984915654,0.0037124258047067675,0.010882062967112697,0.007239231065975704,0.009330349388356618,-0.002975796502181149,-0.00022246594931348324,0.10053429076316331,-0.015325102310235603,0.02500897185929833,0.004473079306231132,-0.03486323622220501,-0.020163624337817,-0.07906678099976669,0.0,-0.0030032172242463956,0.0016081008442229501,0.00034009161190316496,-0.0003747589933885132,-0.029177855112816512,0.011695881667363498,-0.03391180862624833,-0.003982223352096233,-0.005462683470308067,-0.004331385800408084,0.001994264987389954,0.002517683557820783,0.0008973263441330366,-0.0016581242223054169,0.0021896593480501825,-0.006650313241240285,-0.0030032172242463956,-0.0016081008442229501,-0.104773241094925,0.0,0.9996939008721331
0.6759999999999998,0.001516091594185084,0.0,0.0017387726204396838,-6.657654877346793e-05,0.0009759288616276665,0.0008975864191191839,0.00029203458288203375,0.0014511797111300393,-0.0007585307322851848,-0.0011305236903636,-0.0014123618074736999,2.5722034967490538e-05,-0.0002689269520359668,-0.00018023341470064976,-0.0018550758933448838,-0.0007795662496154168,-0.0004914099795266149,-8.304425594480001e-05,0.0017387726204396838,6.657654877346793e-05,0.11650804748945667,0.0,0.28067628486308327,-0.013868668386870817,0.007812030215780335,0.020466487927872666,0.021108892159937664,-0.008420342877345983,-0.002303022974339937,-0.0037206228801514763,0.008031736231971183,-0.002271975977802233,0.003763593802934985,-0.010876541329523242,-0.02917454698360783,-0.011664277824041695,0.0009759288616276665,-0.0008975864191191839,0.28067628486308327,0.013868668386870817,0.4367471931546002,0.0,-0.030830846939075434,0.04592918104491331,0.005381584329136187,-0.014589751111191564,-0.008988799500426322,-0.0070027175032209696,-0.011949192020999165,0.010875268286145028,0.007132026721071633,-0.009199378003082433,-0.03394665034804,0.004012692617533151,0.00029203458288203375,-0.0014511797111300393,0.007812030215780335,-0.020466487927872666,-0.030830846939075434,-0.04592918104491331,0.7424805533547502,0.0,0.1549454702868667,0.020598735641050615,0.015932969866032785,0.0016456224275245217,0.019127516142299048,0.004299773354802468,-0.002906750178112749,0.0001392858615798836,-0.005640106853279833,0.004128690116149216,-0.0007585307322851848,0.0011305236903636,0.021108892159937664,0.008420342877345983,0.005381584329136187,0.014589751111191564,0.1549454702868667,-0.020598735641050615,0.1177110825661833,0.0,0.062455756664195006,0.006512348746282767,0.014985214366230468,-0.010340126956408586,0.10057007057233333,0.015225764353415683,0.001994415695787166,-0.002483142907378167,-0.0014123618074736999,-2.5722034967490538e-05,-0.002303022974339937,0.0037206228801514763,-0.008988799500426322,0.0070027175032209696,0.015932969866032785,-0.0016456224275245217,0.062455756664195006,-0.006512348746282767,-0.17300302132323336,0.0,-0.08458955819223164,-0.0016493921892510885,0.025016478969919997,-0.0044863345486564985,0.000852083640270935,0.0016609193844899998,-0.0002689269520359668,0.00018023341470064976,0.008031736231971183,0.002271975977802233,-0.011949192020999165,-0.010875268286145028,0.019127516142299048,-0.004299773354802468,0.014985214366230468,0.010340126956408586,-0.08458955819223164,0.0016493921892510885,-0.05816213551587834,0.0,-0.03483540092301332,0.020122641329396004,0.00224762357790127,0.006681449334417283,-0.0018550758933448838,0.0007795662496154168,0.003763593802934985,0.010876541329523242,0.007132026721071633,0.009199378003082433,-0.002906750178112749,-0.0001392858615798836,0.10057007057233333,-0.015225764353415683,0.025016478969919997,0.0044863345486564985,-0.03483540092301332,-0.020122641329396004,-0.07915328058992002,0.0,-0.0029917248739169114,0.001613906432220104,-0.0004914099795266149,8.304425594480001e-05,-0.02917454698360783,0.011664277824041695,-0.03394665034804,-0.004012692617533151,-0.005640106853279833,-0.004128690116149216,0.001994415695787166,0.002483142907378167,0.000852083640270935,-0.0016609193844899998,0.00224762357790127,-0.006681449334417283,-0.0029917248739169114,-0.001613906432220104,-0.10495081335984499,0.0,0.9996937173701002
0.6769999999999997,0.0015159081120278165,0.0,-0.0012106611616143283,0.0013298097138506827,-0.001281282288635567,-5.100966308600104e-06,-0.0012464077965180498,-0.000744730985268217,0.0012940161863701802,0.00022657854004145547,0.0009918275534437837,-0.0010060469067121433,0.0002885562307970419,-2.6449382666683233e-05,0.0018506794708013363,-0.0007838694645215001,0.0004274709675515666,-0.0002501413160838834,-0.0012106611616143283,-0.0013298097138506827,0.11606678497575836,0.0,0.2805294685221666,-0.013350067290710163,0.007699783939141768,0.02035863797728367,0.021211021021117826,-0.00854239340613258,-0.0021811710306985136,-0.0037596887254233366,0.008039966208154902,-0.0022449108238772005,0.0038382341882749107,-0.010866861479787163,-0.029201176779882994,-0.011643995693014995,-0.001281282288635567,5.100966308600104e-06,0.2805294685221666,0.013350067290710163,0.4367311709684833,0.0,-0.03119097119787019,0.045935859890724,0.005242476261527752,-0.014577819388486698,-0.009032623090740117,-0.006951891887050173,-0.011943509425743048,0.01087374681565628,0.00706061732628445,-0.009050124679944283,-0.033967142046645006,0.004018167552453646,-0.0012464077965180498,0.000744730985268217,0.007699783939141768,-0.02035863797728367,-0.03119097119787019,-0.045935859890724,0.7435158680055332,0.0,0.15512676148938334,0.02077384404223975,0.015957677545340495,0.0019891910203117835,0.019257303135673597,0.0041960825817687,-0.002845204638010373,5.9971746954866475e-05,-0.005791222842916099,0.003917770110848161,0.0012940161863701802,-0.00022657854004145547,0.021211021021117826,0.00854239340613258,0.005242476261527752,0.014577819388486698,0.15512676148938334,-0.02077384404223975,0.11768887978554333,0.0,0.06238637513597667,0.006464485637251645,0.015011231013068097,-0.01037759904183377,0.10062462159977166,0.015152420367496708,0.00198557770602625,-0.0024357908316365168,0.0009918275534437837,0.0010060469067121433,-0.0021811710306985136,0.0037596887254233366,-0.009032623090740117,0.006951891887050173,0.015957677545340495,-0.0019891910203117835,0.06238637513597667,-0.006464485637251645,-0.17313511252840003,0.0,-0.08456682730310501,-0.0016913652978857103,0.025006591222531665,-0.004467824714864597,0.0007943113675426667,0.0016584294382832336,0.0002885562307970419,2.6449382666683233e-05,0.008039966208154902,0.0022449108238772005,-0.011943509425743048,-0.01087374681565628,0.019257303135673597,-0.0041960825817687,0.015011231013068097,0.01037759904183377,-0.08456682730310501,0.0016913652978857103,-0.058323627930256645,0.0,-0.03480728445554834,0.020067743861325673,0.0022959639571956494,0.006712949350872536,0.0018506794708013363,0.0007838694645215001,0.0038382341882749107,0.010866861479787163,0.00706061732628445,0.009050124679944283,-0.002845204638010373,-5.9971746954866475e-05,0.10062462159977166,-0.015152420367496708,0.025006591222531665,0.004467824714864597,-0.03480728445554834,-0.020067743861325673,-0.07923809741293,0.0,-0.0029772938674893,0.0016280973222238503,0.0004274709675515666,0.0002501413160838834,-0.029201176779882994,0.011643995693014995,-0.033967142046645006,-0.004018167552453646,-0.005791222842916099,-0.003917770110848161,0.00198557770602625,0.0024357908316365168,0.0007943113675426667,-0.0016584294382832336,0.0022959639571956494,-0.006712949350872536,-0.0029772938674893,-0.0016280973222238503,-0.10512824009437494,0.0,0.9996935338817331
0.6779999999999998,0.0015157246274336666,0.0,-9.076170519693491e-05,-0.0018358222336291006,0.000914702116915517,-0.0008256351153238999,0.0013911389084846166,-0.0004187030377031164,-0.0010154143399078248,0.0007707183409435016,2.9189880999690055e-05,0.001418490716442963,-0.00020332263376192806,0.00019070360094561678,-0.0007344861152305998,0.0018620658065595,-0.00015735675794865007,0.00047652979691993,-9.076170519693491e-05,0.0018358222336291006,0.11564473266900503,0.0,0.28039806061675,-0.01283669724273668,0.0075487897041158795,0.020302065632294,0.02132466342301229,-0.008659336170443347,-0.002061100003376467,-0.003779106179002083,0.008007969294531583,-0.002192207964092853,0.0039000102697625506,-0.01088363848792332,-0.029267906118322827,-0.011636885545536971,0.000914702116915517,0.0008256351153238999,0.28039806061675,0.01283669724273668,0.4366953765126335,0.0,-0.031550696434557025,0.045970682460264166,0.0050960889142262185,-0.014533955370395747,-0.009047557136829466,-0.006954233646606935,-0.01194862302772528,0.010877436175273664,0.007023602380505991,-0.008937049428169648,-0.03395284131613832,0.004008554118027549,0.0013911389084846166,0.0004187030377031164,0.0075487897041158795,-0.020302065632294,-0.031550696434557025,-0.045970682460264166,0.7445549330264668,0.0,0.15535922355350001,0.020911922542119883,0.01595978201618183,0.0023172539332591002,0.019378431538988588,0.0041466226490040605,-0.0027702097880572363,6.996336401868397e-06,-0.005908492043617417,0.0036937290207161547,-0.0010154143399078248,-0.0007707183409435016,0.02132466342301229,0.008659336170443347,0.0050960889142262185,0.014533955370395747,0.15535922355350001,-0.020911922542119883,0.11766038562286661,0.0,0.06232910259313835,0.006385902275628518,0.015034016770973864,-0.010387913174512738,0.10069350643575167,0.015106148273888396,0.0019951494553132505,-0.0023912481505521327,2.9189880999690055e-05,-0.001418490716442963,-0.002061100003376467,0.003779106179002083,-0.009047557136829466,0.006954233646606935,0.01595978201618183,-0.0023172539332591002,0.06232910259313835,-0.006385902275628518,-0.17326426317719998,0.0,-0.0845568762203767,-0.0017361566065709011,0.025000810742486668,-0.00442196167230158,0.0007346976815586001,0.0016364613623428336,-0.00020332263376192806,-0.00019070360094561678,0.008007969294531583,0.002192207964092853,-0.01194862302772528,-0.010877436175273664,0.019378431538988588,-0.0041466226490040605,0.015034016770973864,0.010387913174512738,-0.0845568762203767,0.0017361566065709011,-0.05848562532153331,0.0,-0.03477227057640166,0.020026271022506665,0.0023495971239686003,0.00677065567402195,-0.0007344861152305998,-0.0018620658065595,0.0039000102697625506,0.01088363848792332,0.007023602380505991,0.008937049428169648,-0.0027702097880572363,-6.996336401868397e-06,0.10069350643575167,-0.015106148273888396,0.025000810742486668,0.00442196167230158,-0.03477227057640166,-0.020026271022506665,-0.07932204847653167,0.0,-0.002950255909299384,0.0016240155830206204,-0.00015735675794865007,-0.00047652979691993,-0.029267906118322827,0.011636885545536971,-0.03395284131613832,-0.004008554118027549,-0.005908492043617417,-0.0036937290207161547,0.0019951494553132505,0.0023912481505521327,0.0007346976815586001,-0.0016364613623428336,0.0023495971239686003,-0.00677065567402195,-0.002950255909299384,-0.0016240155830206204,-0.10530586509290665,0.0,0.9996933503899829
0.6789999999999999,0.001515541124890517,0.0,0.0013705391985167662,0.0012454076340750974,-0.00013174342990266704,0.0011877458778167985,-0.0006765735453562328,0.0013222372580110186,0.00011130356820117014,-0.0012416157456253,-0.0010581382567809335,-0.0009663587052327735,4.928093269913184e-05,-0.0002886046476961499,-0.0007992206030701867,-0.0018219372904755744,-0.000199008417684,-0.00048051736683659525,0.0013705391985167662,-0.0012454076340750974,0.11524061133051831,0.0,0.28029345853143334,-0.012376864242429366,0.007383519135022165,0.020239701898123855,0.0213979735925884,-0.008790656670128934,-0.0019610698317771417,-0.0037912661160086265,0.007949471323993084,-0.0021438033028393167,0.003938262824194423,-0.010928856951930736,-0.029345802490735002,-0.01162363278803694,-0.00013174342990266704,-0.0011877458778167985,0.28029345853143334,0.012376864242429366,0.4366406372762502,0.0,-0.03187610588060999,0.04603319368576118,0.004954483050328901,-0.014492674252341855,-0.009050642048510886,-0.006966722118118414,-0.011948128933750786,0.010910053784376355,0.006965365736211668,-0.00887158514558059,-0.033931709379421665,0.004017005422144784,-0.0006765735453562328,-0.0013222372580110186,0.007383519135022165,-0.020239701898123855,-0.03187610588060999,-0.04603319368576118,0.7455974227316168,0.0,0.1556621254613833,0.021025363237028652,0.015965212707309502,0.0026494105331253,0.019498977413797382,0.004145755390879449,-0.002670192391310619,-1.29616186123166e-05,-0.005990190602015922,0.00345074444586532,0.00011130356820117014,0.0012416157456253,0.0213979735925884,0.008790656670128934,0.004954483050328901,0.014492674252341855,0.1556621254613833,-0.021025363237028652,0.11762643082049333,0.0,0.06227797058160668,0.006296071552386,0.015037093510721427,-0.010394591162759615,0.10076389259999495,0.015060480526105452,0.00202276784985562,-0.002352367353588949,-0.0010581382567809335,0.0009663587052327735,-0.0019610698317771417,0.0037912661160086265,-0.009050642048510886,0.006966722118118414,0.015965212707309502,-0.0026494105331253,0.06227797058160668,-0.006296071552386,-0.17338999776391664,0.0,-0.08455344690061167,-0.001773738068798932,0.025014841124515,-0.004382957351549241,0.0006905013840793815,0.00161164036929539,4.928093269913184e-05,0.0002886046476961499,0.007949471323993084,0.0021438033028393167,-0.011948128933750786,-0.010910053784376355,0.019498977413797382,-0.004145755390879449,0.015037093510721427,0.010394591162759615,-0.08455344690061167,0.001773738068798932,-0.058648486230065,0.0,-0.03472230333133166,0.020011257862459338,0.002414456817407767,0.006839890256416347,-0.0007992206030701867,0.0018219372904755744,0.003938262824194423,0.010928856951930736,0.006965365736211668,0.00887158514558059,-0.002670192391310619,1.29616186123166e-05,0.10076389259999495,-0.015060480526105452,0.025014841124515,0.004382957351549241,-0.03472230333133166,-0.020011257862459338,-0.07940521313589834,0.0,-0.00293365509099896,0.0016085283804826334,-0.000199008417684,0.00048051736683659525,-0.029345802490735002,0.01162363278803694,-0.033931709379421665,-0.004017005422144784,-0.005990190602015922,-0.00345074444586532,0.00202276784985562,0.002352367353588949,0.0006905013840793815,-0.00161164036929539,0.002414456817407767,-0.006839890256416347,-0.00293365509099896,-0.0016085283804826334,-0.10548377927293999,0.0,0.9996931668816001
0.6799999999999998,0.0015153576160074835,0.0,-0.001878448519886211,9.571909587872492e-05,-0.0006875776944047833,-0.0009521127187176666,-0.0004423391888075835,-0.0014490982591514007,0.0008157273781800173,0.0009090632247948931,0.0014439667341654618,-7.96976032718966e-05,0.0001397583184451649,0.0002712357004152498,0.0018503711579534328,0.0007261464559395835,0.00048241623966338343,0.000249787597326175,-0.001878448519886211,-9.571909587872492e-05,0.11485192294311003,0.0,0.28019731617189997,-0.01197414912354535,0.007227386934965844,0.020122513211733393,0.021425044696990258,-0.008951662753699585,-0.0018813409869167,-0.003809540720097184,0.007917733166824915,-0.002114829976267775,0.0039723986270485,-0.010966343834066118,-0.02940798531254667,-0.011597865820392149,-0.0006875776944047833,0.0009521127187176666,0.28019731617189997,0.01197414912354535,0.43656871799286656,0.0,-0.03219244024439733,0.04613185252988565,0.004821422730723551,-0.01448231831484471,-0.009068300835374169,-0.006927972432375824,-0.011945979615435715,0.01097197391321075,0.006860792229532816,-0.008803402898889453,-0.033944457295323346,0.004044561995897665,-0.0004423391888075835,0.0014490982591514007,0.007227386934965844,-0.020122513211733393,-0.03219244024439733,-0.04613185252988565,0.7466437502030835,0.0,0.15595597776739997,0.021172529075980665,0.015949705868415962,0.0030070104653519944,0.019603685906163452,0.004123126262029523,-0.002557142816238071,-2.555731973532172e-05,-0.006048249547118235,0.003188722351173116,0.0008157273781800173,-0.0009090632247948931,0.021425044696990258,0.008951662753699585,0.004821422730723551,0.01448231831484471,0.15595597776739997,-0.021172529075980665,0.11758672176536336,0.0,0.062229352496864995,0.006217349343115649,0.015042198294054869,-0.010413432790251729,0.10084347853818833,0.015010307784525946,0.00202920222976915,-0.0023166132607975566,0.0014439667341654618,7.96976032718966e-05,-0.0018813409869167,0.003809540720097184,-0.009068300835374169,0.006927972432375824,0.015949705868415962,-0.0030070104653519944,0.062229352496864995,-0.006217349343115649,-0.17351248374209993,0.0,-0.08455584072323999,-0.0018163163962229799,0.025035338232773336,-0.004363485565183916,0.000664836875923925,0.0016080011137810384,0.0001397583184451649,-0.0002712357004152498,0.007917733166824915,0.002114829976267775,-0.011945979615435715,-0.01097197391321075,0.019603685906163452,-0.004123126262029523,0.015042198294054869,0.010413432790251729,-0.08455584072323999,0.0018163163962229799,-0.058812136500239996,0.0,-0.03466945729085001,0.01999772326594484,0.0024760184220891336,0.006889834974657784,0.0018503711579534328,-0.0007261464559395835,0.0039723986270485,0.010966343834066118,0.006860792229532816,0.008803402898889453,-0.002557142816238071,2.555731973532172e-05,0.10084347853818833,-0.015010307784525946,0.025035338232773336,0.004363485565183916,-0.03466945729085001,-0.01999772326594484,-0.07948716120352665,0.0,-0.0029505688538425594,0.0016003221086147666,0.00048241623966338343,-0.000249787597326175,-0.02940798531254667,0.011597865820392149,-0.033944457295323346,-0.004044561995897665,-0.006048249547118235,-0.003188722351173116,0.00202920222976915,0.0023166132607975566,0.000664836875923925,-0.0016080011137810384,0.0024760184220891336,-0.006889834974657784,-0.0029505688538425594,-0.0016003221086147666,-0.10566170570901999,0.0,0.9996929833656334
0.6809999999999999,0.0015151741103903668,0.0,0.0012949871347240002,-0.0014561544556435367,0.0011358568191988502,0.00020968524987661634,0.001318874969466755,0.0007625470380637991,-0.001201315732478883,-3.838065239216154e-05,-0.0009731092660042136,0.0010775472596845637,-0.0002742608883840416,-0.00013035111735596995,-0.0018349832039439853,0.0007887376510575,-0.0005452414275564664,0.00013636798289368336,0.0012949871347240002,0.0014561544556435367,0.11447720902043329,0.0,0.28010256964696667,-0.011593443404264164,0.007082918100928816,0.01998859378880323,0.021445201322477445,-0.009118476726099377,-0.0018030928556003005,-0.0038273530063362236,0.007922554832888125,-0.0020817794307451012,0.004011544341345665,-0.010972226680084598,-0.029460555560021327,-0.011580962600918216,0.0011358568191988502,-0.00020968524987661634,0.28010256964696667,0.011593443404264164,0.4364805535625165,0.0,-0.03252850250282517,0.046273179545153156,0.004699903033957732,-0.014481507644313552,-0.009093210208295786,-0.0068575820283818655,-0.01195092226517283,0.011031002477822146,0.006751991496684083,-0.008695467149994186,-0.03398104258341333,0.004066209018783489,0.001318874969466755,-0.0007625470380637991,0.007082918100928816,-0.01998859378880323,-0.03252850250282517,-0.046273179545153156,0.7476950874092999,0.0,0.15617941185865,0.021347505491346275,0.015866986904785836,0.00335716845172838,0.019690239675562615,0.0040601764169285294,-0.0024445125160828473,-5.502538904897337e-05,-0.0060935697495883324,0.0029019948443091493,-0.001201315732478883,3.838065239216154e-05,0.021445201322477445,0.009118476726099377,0.004699903033957732,0.014481507644313552,0.15617941185865,-0.021347505491346275,0.11754085860021164,0.0,0.06218742836351503,0.00614827647322409,0.015075860842358034,-0.01042463049764445,0.10093637374321665,0.014987586052727228,0.001998275437362975,-0.0022928295116924177,-0.0009731092660042136,-0.0010775472596845637,-0.0018030928556003005,0.0038273530063362236,-0.009093210208295786,0.0068575820283818655,0.015866986904785836,-0.00335716845172838,0.06218742836351503,-0.00614827647322409,-0.1736317172231666,0.0,-0.0845633630347967,-0.001871739768241767,0.025042868627898326,-0.004340633079509733,0.0006493486589638,0.0016182239106729169,-0.0002742608883840416,0.00013035111735596995,0.007922554832888125,0.0020817794307451012,-0.01195092226517283,-0.011031002477822146,0.019690239675562615,-0.0040601764169285294,0.015075860842358034,0.01042463049764445,-0.0845633630347967,0.001871739768241767,-0.05897656606595499,0.0,-0.03462887044957666,0.01996054222550699,0.0025150886061702715,0.006924372847190916,-0.0018349832039439853,-0.0007887376510575,0.004011544341345665,0.010972226680084598,0.006751991496684083,0.008695467149994186,-0.0024445125160828473,5.502538904897337e-05,0.10093637374321665,-0.014987586052727228,0.025042868627898326,0.004340633079509733,-0.03462887044957666,-0.01996054222550699,-0.07956829739820002,0.0,-0.002980098725606234,0.001593099811132595,-0.0005452414275564664,-0.00013636798289368336,-0.029460555560021327,0.011580962600918216,-0.03398104258341333,-0.004066209018783489,-0.0060935697495883324,-0.0029019948443091493,0.001998275437362975,0.0022928295116924177,0.0006493486589638,-0.0016182239106729169,0.0025150886061702715,-0.006924372847190916,-0.002980098725606234,-0.001593099811132595,-0.10583950216212665,0.0,0.9996927998534668
0.682,0.001514990604852716,0.0,0.00012410405763048333,0.002022509092218899,-0.0009394140082021167,0.0006306063626135167,-0.0014817778371429499,0.000355474710896517,0.000848027442410175,-0.0008460343682840672,-8.140679754018163e-05,-0.0014556365094730288,0.0002956112751861666,-7.381314522981649e-05,0.0007515271700492684,-0.0018514598597581468,0.0003131143337920665,-0.0004855211149965282,0.00012410405763048333,-0.002022509092218899,0.11411661998349668,0.0,0.28002885349605006,-0.011213203700378897,0.006947251260650118,0.019896197365190167,0.021475018398017565,-0.009256503065176098,-0.0017161091893217039,-0.0038312755027086,0.007913376940779253,-0.0020250934068693706,0.004035952435069184,-0.010964190713471737,-0.02952086572316834,-0.011588127730934778,-0.0009394140082021167,-0.0006306063626135167,0.28002885349605006,0.011213203700378897,0.4363760415487501,0.0,-0.03284845942167651,0.0464348286952625,0.004598325166559633,-0.014448566763551903,-0.00910046538902044,-0.0068198678683300375,-0.011954248278154854,0.01106442094395458,0.006684881793100646,-0.008572878880474399,-0.03400244851066833,0.004084115941170517,-0.0014817778371429499,-0.000355474710896517,0.006947251260650118,-0.019896197365190167,-0.03284845942167651,-0.0464348286952625,0.7487516545595501,0.0,0.1563717440653333,0.021476525778087015,0.01571412743306367,0.00365157387736217,0.019770639513141678,0.004024814994446751,-0.0023271014128461503,-9.015969297674808e-05,-0.006115645428272168,0.0025805673105148996,0.000848027442410175,0.0008460343682840672,0.021475018398017565,0.009256503065176098,0.004598325166559633,0.014448566763551903,0.1563717440653333,-0.021476525778087015,0.11749013167304333,0.0,0.0621516301458567,0.006072684805361746,0.01512685821553935,-0.010409183921886837,0.10101617497421503,0.015007494388134793,0.0019705659673911083,-0.0022906143045809675,-8.140679754018163e-05,0.0014556365094730288,-0.0017161091893217039,0.0038312755027086,-0.00910046538902044,0.0068198678683300375,0.01571412743306367,-0.00365157387736217,0.0621516301458567,-0.006072684805361746,-0.17374742825595,0.0,-0.08456447586752999,-0.0019239371632316703,0.02504394546367666,-0.00430029840678465,0.0006436061609836168,0.0016137212915613753,0.0002956112751861666,7.381314522981649e-05,0.007913376940779253,0.0020250934068693706,-0.011954248278154854,-0.01106442094395458,0.019770639513141678,-0.004024814994446751,0.01512685821553935,0.010409183921886837,-0.08456447586752999,0.0019239371632316703,-0.05914200587580833,0.0,-0.034590537907771675,0.019914603696212504,0.0025360806770986237,0.00697617548213085,0.0007515271700492684,0.0018514598597581468,0.004035952435069184,0.010964190713471737,0.006684881793100646,0.008572878880474399,-0.0023271014128461503,9.015969297674808e-05,0.10101617497421503,-0.015007494388134793,0.02504394546367666,0.00430029840678465,-0.034590537907771675,-0.019914603696212504,-0.079649962899985,0.0,-0.0029804002133243,0.0015656218711302503,0.0003131143337920665,0.0004855211149965282,-0.02952086572316834,0.011588127730934778,-0.03400244851066833,-0.004084115941170517,-0.006115645428272168,-0.0025805673105148996,0.0019705659673911083,0.0022906143045809675,0.0006436061609836168,-0.0016137212915613753,0.0025360806770986237,-0.00697617548213085,-0.0029804002133243,-0.0015656218711302503,-0.10601742499677,0.0,0.9996926163413505
0.6829999999999999,0.001514807084614467,0.0,-0.0015507327836998639,-0.0013848653411610663,0.00023713893814070018,-0.0010902644810757436,0.0008130782033792502,-0.0013043943371943833,5.872331026931337e-05,0.0012044637066230583,0.0011193200475686496,0.0009601862775492337,-0.00018106930817019982,0.00026655161293572834,0.0007604674936848901,0.0018273766504420812,0.00010400420982793322,0.0005903258229741719,-0.0015507327836998639,0.0013848653411610663,0.11377024513914999,0.0,0.28003613361028346,-0.010848088025272002,0.006816715185629848,0.019835336213481127,0.021484963388183884,-0.00937226456138975,-0.0016316204612289663,-0.0038292290163522325,0.007861033199515404,-0.0019648834349514396,0.0040357671064731385,-0.010969129054283357,-0.029590075067249002,-0.011608704920012418,0.00023713893814070018,0.0010902644810757436,0.28003613361028346,0.010848088025272002,0.43625538370671685,0.0,-0.03309790494654784,0.046581831632265654,0.004525590109332735,-0.014389205670641208,-0.009096503424129206,-0.00682230693193973,-0.011946993349078549,0.011084222624462235,0.006636742480388566,-0.008476659758374187,-0.03401651152274332,0.004127965319551882,0.0008130782033792502,0.0013043943371943833,0.006816715185629848,-0.019835336213481127,-0.03309790494654784,-0.046581831632265654,0.7498122832083336,0.0,0.15661928356586666,0.021536106671904573,0.015526855160524015,0.003898597137179867,0.019854945062990053,0.0040527017186709315,-0.0021919813225363166,-0.00010382192890544992,-0.006096540333157647,0.00223200969142076,5.872331026931337e-05,-0.0012044637066230583,0.021484963388183884,0.00937226456138975,0.004525590109332735,0.014389205670641208,0.15661928356586666,-0.021536106671904573,0.11743667373129836,0.0,0.06211777403033166,0.005991314438143474,0.015176238109377814,-0.010387049497305834,0.10107218229927334,0.015036789394146328,0.0019848675279847683,-0.0023035887338324745,0.0011193200475686496,-0.0009601862775492337,-0.0016316204612289663,0.0038292290163522325,-0.009096503424129206,0.00682230693193973,0.015526855160524015,-0.003898597137179867,0.06211777403033166,-0.005991314438143474,-0.1738597875267833,0.0,-0.08455657350063335,-0.0019548231591631185,0.02506083187285834,-0.004263023106545283,0.0006516648730897,0.001587966989813864,-0.00018106930817019982,-0.00026655161293572834,0.007861033199515404,0.0019648834349514396,-0.011946993349078549,-0.011084222624462235,0.019854945062990053,-0.0040527017186709315,0.015176238109377814,0.010387049497305834,-0.08455657350063335,0.0019548231591631185,-0.059308483692735,0.0,-0.03453703882742333,0.01988874432780567,0.00256058533115715,0.007056449197125717,0.0007604674936848901,-0.0018273766504420812,0.0040357671064731385,0.010969129054283357,0.006636742480388566,0.008476659758374187,-0.0021919813225363166,0.00010382192890544992,0.10107218229927334,-0.015036789394146328,0.02506083187285834,0.004263023106545283,-0.03453703882742333,-0.01988874432780567,-0.07973291107023668,0.0,-0.00295022748361645,0.0015165602376066832,0.00010400420982793322,-0.0005903258229741719,-0.029590075067249002,0.011608704920012418,-0.03401651152274332,-0.004127965319551882,-0.006096540333157647,-0.00223200969142076,0.0019848675279847683,0.0023035887338324745,0.0006516648730897,-0.001587966989813864,0.00256058533115715,-0.007056449197125717,-0.00295022748361645,-0.0015165602376066832,-0.10619577776607,0.0,0.9996924328141829
0.6839999999999997,0.001514623554363733,0.0,0.002117085695034294,-0.00011200360043809819,0.0005856883936950164,0.0009459902597136675,0.00035130096813209996,0.0015237663083650496,-0.0009358239041973961,-0.0007669922857616282,-0.001492224328791433,0.0001380292064279167,-4.1082228177699856e-05,-0.0003437365186277333,-0.0018049858580702998,-0.0007538541294977001,-0.00048446514862973006,-0.0003936614110463334,0.002117085695034294,0.00011200360043809819,0.11343733099877835,0.0,0.28008656333493326,-0.010497927631257219,0.006672429780402417,0.01974573206569892,0.021450917997024636,-0.009505126932338482,-0.0015509886535742502,-0.0038391903872314116,0.0077992099131791994,-0.0019291181210104515,0.004035342857402173,-0.010975506561904968,-0.02964553999500384,-0.011624545690014634,0.0005856883936950164,-0.0009459902597136675,0.28008656333493326,0.010497927631257219,0.43611955559648324,0.0,-0.033276788828529344,0.046700368682171985,0.0044794769655695,-0.014342435820777523,-0.009109293171890433,-0.0068111518335872675,-0.01194290396618865,0.011103434661827527,0.006553495254782097,-0.008395095169866935,-0.03405782450235,0.004198376412648746,0.00035130096813209996,-0.0015237663083650496,0.006672429780402417,-0.01974573206569892,-0.033276788828529344,-0.046700368682171985,0.7508756957431335,0.0,0.15688940096681667,0.021577717213155368,0.01531255959679434,0.00413308377875055,0.019941427928305538,0.004081643297085846,-0.002034634136722567,-9.247614447186682e-05,-0.006030072843873467,0.0018836896793954332,-0.0009358239041973961,0.0007669922857616282,0.021450917997024636,0.009505126932338482,0.0044794769655695,0.014342435820777523,0.15688940096681667,-0.021577717213155368,0.11738121668773163,0.0,0.062068455659866656,0.0059174680677356005,0.015232415814696748,-0.010382624298487984,0.10110968303133334,0.015037375122213552,0.0020207184476164334,-0.0023184585727772104,-0.001492224328791433,-0.0001380292064279167,-0.0015509886535742502,0.0038391903872314116,-0.009109293171890433,0.0068111518335872675,0.01531255959679434,-0.00413308377875055,0.062068455659866656,-0.0059174680677356005,-0.1739695149841999,0.0,-0.08453190796790504,-0.001971241381686467,0.025090038836248326,-0.004244729345063873,0.0006647113147711767,0.0015625845605659837,-4.1082228177699856e-05,0.0003437365186277333,0.0077992099131791994,0.0019291181210104515,-0.01194290396618865,-0.011103434661827527,0.019941427928305538,-0.004081643297085846,0.015232415814696748,0.010382624298487984,-0.08453190796790504,0.001971241381686467,-0.05947554610805834,0.0,-0.03446239691271,0.01987396104948784,0.002592361809612707,0.00713696798852624,-0.0018049858580702998,0.0007538541294977001,0.004035342857402173,0.010975506561904968,0.006553495254782097,0.008395095169866935,-0.002034634136722567,9.247614447186682e-05,0.10110968303133334,-0.015037375122213552,0.025090038836248326,0.004244729345063873,-0.03446239691271,-0.01987396104948784,-0.07981656459678335,0.0,-0.0029276538312731338,0.0014677562135440652,-0.00048446514862973006,0.0003936614110463334,-0.02964553999500384,0.011624545690014634,-0.03405782450235,-0.004198376412648746,-0.006030072843873467,-0.0018836896793954332,0.0020207184476164334,0.0023184585727772104,0.0006647113147711767,-0.0015625845605659837,0.002592361809612707,-0.00713696798852624,-0.0029276538312731338,-0.0014677562135440652,-0.10637454761397501,0.0,0.9996922492774001
0.6850000000000002,0.0015144400328254827,0.0,-0.0014511209212430827,0.0016306789319342878,-0.0010769919945488216,-0.0002428859937872004,-0.0013447291781291833,-0.0008459950669092833,0.0011911872913066498,-0.00015724676146350002,0.0009691299888287343,-0.001167289195283267,0.00025626480361476655,0.00025281224978125004,0.0018049931910263269,-0.0007356384908293832,0.0006403454023953832,-1.1173303619229808e-05,-0.0014511209212430827,-0.0016306789319342878,0.11311792789307999,0.0,0.28014672420081665,-0.010120758774545076,0.006497303890762965,0.019633744539356488,0.02140163204739448,-0.009673062433568635,-0.0014542441256238864,-0.0038592540616686675,0.007766197479904801,-0.0019061499269731998,0.004061774546532084,-0.01096066234061805,-0.029682243773370167,-0.011643178572956468,-0.0010769919945488216,0.0002428859937872004,0.28014672420081665,0.010120758774545076,0.4359686496764832,0.0,-0.033443533479927005,0.04681307181227996,0.004448474527723817,-0.014315713517478384,-0.009142253503369448,-0.006760520038910727,-0.011970124536412595,0.011107579688507936,0.006440961905792479,-0.008285489789307581,-0.03413000874221499,0.004265983392328439,-0.0013447291781291833,0.0008459950669092833,0.006497303890762965,-0.019633744539356488,-0.033443533479927005,-0.04681307181227996,0.7519417412719669,0.0,0.15711667291391668,0.021656107954035036,0.01505565072683133,0.004344717064758533,0.02002932173927802,0.004048983543302634,-0.0018693109501676287,-7.107107792992843e-05,-0.005923343717052195,0.001566451200886216,0.0011911872913066498,0.00015724676146350002,0.02140163204739448,0.009673062433568635,0.004448474527723817,0.014315713517478384,0.15711667291391668,-0.021656107954035036,0.11732296830137331,0.0,0.06200814058281666,0.0058520204133687605,0.015316647796571752,-0.01038163207927024,0.10115976758939832,0.015023912766612793,0.0020377919271035985,-0.0023300541531289997,0.0009691299888287343,0.001167289195283267,-0.0014542441256238864,0.0038592540616686675,-0.009142253503369448,0.006760520038910727,0.01505565072683133,-0.004344717064758533,0.06200814058281666,-0.0058520204133687605,-0.17407709298514998,0.0,-0.08450683354712665,-0.0019893072780092,0.025115688089290003,-0.004222479935239119,0.00066640447567132,0.0015512097396055496,0.00025626480361476655,-0.00025281224978125004,0.007766197479904801,0.0019061499269731998,-0.011970124536412595,-0.011107579688507936,0.02002932173927802,-0.004048983543302634,0.015316647796571752,0.01038163207927024,-0.08450683354712665,0.0019893072780092,-0.059642705814885,0.0,-0.034384528899854994,0.019842420358413167,0.0026120811703714965,0.00719253738020357,0.0018049931910263269,0.0007356384908293832,0.004061774546532084,0.01096066234061805,0.006440961905792479,0.008285489789307581,-0.0018693109501676287,7.107107792992843e-05,0.10115976758939832,-0.015023912766612793,0.025115688089290003,0.004222479935239119,-0.034384528899854994,-0.019842420358413167,-0.07990026222256665,0.0,-0.0029258034738464936,0.001432098789399107,0.0006403454023953832,1.1173303619229808e-05,-0.029682243773370167,0.011643178572956468,-0.03413000874221499,-0.004265983392328439,-0.005923343717052195,-0.001566451200886216,0.0020377919271035985,0.0023300541531289997,0.00066640447567132,-0.0015512097396055496,0.0026120811703714965,-0.00719253738020357,-0.0029258034738464936,-0.001432098789399107,-0.10655360040398668,0.0,0.9996920657494999
0.686,0.001514256524633999,0.0,-0.00015475973833713503,-0.002258741128027924,0.0008896521275857497,-0.0006041624926091878,0.0015629292909084336,-0.0003715112481694249,-0.0006998677642767166,0.0009630686688883882,0.00014305427473601664,0.0015247991451735508,-0.00036737523497065467,-3.811728558792152e-05,-0.0007587586219856069,0.001803078659991802,-0.00047730083380689663,0.00043157607075361675,-0.00015475973833713503,0.002258741128027924,0.11281399745683167,0.0,0.28017385218655,-0.00968489463540847,0.006306892824247566,0.01957190106120833,0.021371467191154916,-0.009848280772638635,-0.0013366312346502168,-0.003866397402639682,0.007736228437027549,-0.0018618224673049163,0.004107329665978468,-0.010937460779311669,-0.029718124026599017,-0.011685561126620355,0.0008896521275857497,0.0006041624926091878,0.28017385218655,0.00968489463540847,0.4358009541088166,0.0,-0.03361754188452817,0.046930679929773005,0.004420953720914871,-0.014265265624547736,-0.009158186788794502,-0.006704222298042522,-0.012025773056945051,0.011079976847060151,0.006354935977378884,-0.0081441952107406,-0.03419086813004665,0.00431989690672505,0.0015629292909084336,0.0003715112481694249,0.006306892824247566,-0.01957190106120833,-0.03361754188452817,-0.046930679929773005,0.7530110006808334,0.0,0.15729695513863332,0.021755113702718654,0.01476542754551768,0.004495896480172685,0.02010198111928532,0.003989656635948051,-0.0017114813051543833,-4.331711644377327e-05,-0.005775826397103084,0.0012926221921303234,-0.0006998677642767166,-0.0009630686688883882,0.021371467191154916,0.009848280772638635,0.004420953720914871,0.014265265624547736,0.15729695513863332,-0.021755113702718654,0.117261375318175,0.0,0.06194524493661668,0.0057776676366423,0.015412761714998231,-0.010355095895090032,0.10121591759627166,0.0150266071383985,0.0020417714048830203,-0.0023259260568355,0.00014305427473601664,-0.0015247991451735508,-0.0013366312346502168,0.003866397402639682,-0.009158186788794502,0.006704222298042522,0.01476542754551768,-0.004495896480172685,0.06194524493661668,-0.0057776676366423,-0.17418234355443346,0.0,-0.08448408422879665,-0.0020082440338299833,0.025137204071705,-0.004168649978704716,0.0006553062132038817,0.001537543746411605,-0.00036737523497065467,3.811728558792152e-05,0.007736228437027549,0.0018618224673049163,-0.012025773056945051,-0.011079976847060151,0.02010198111928532,-0.003989656635948051,0.015412761714998231,0.010355095895090032,-0.08448408422879665,0.0020082440338299833,-0.05980992419238499,0.0,-0.034308379698990005,0.01979263140163933,0.0026101409332973326,0.0072330389695619505,-0.0007587586219856069,-0.001803078659991802,0.004107329665978468,0.010937460779311669,0.006354935977378884,0.0081441952107406,-0.0017114813051543833,4.331711644377327e-05,0.10121591759627166,-0.0150266071383985,0.025137204071705,0.004168649978704716,-0.034308379698990005,-0.01979263140163933,-0.07998434003794329,0.0,-0.002909276897905239,0.0014021997485997569,-0.00047730083380689663,-0.00043157607075361675,-0.029718124026599017,0.011685561126620355,-0.03419086813004665,-0.00431989690672505,-0.005775826397103084,-0.0012926221921303234,0.0020417714048830203,0.0023259260568355,0.0006553062132038817,-0.001537543746411605,0.0026101409332973326,-0.0072330389695619505,-0.002909276897905239,-0.0014021997485997569,-0.10673309406983503,0.0,0.9996918822352
0.6869999999999998,0.0015140730178863824,0.0,0.0017658887237770328,0.001515407738195967,-0.00016017055308295138,0.0010226920298060597,-0.0008060767622650577,0.0014171771504753502,-0.00023501562845130034,-0.0011674392567496833,-0.001213556821119467,-0.0009698382512339995,0.00031400555191441186,-0.0002350439010810515,-0.0007450218143932666,-0.0018131915638330514,6.585921424991658e-05,-0.0006405387475508014,0.0017658887237770328,-0.001515407738195967,0.11252760963582004,0.0,0.28020560173546666,-0.009221555934430916,0.006127780891878047,0.01959029277074228,0.021352179542722605,-0.010007637452040512,-0.0012271637957128232,-0.0038518965475015624,0.007663531739509671,-0.0017990802705597497,0.0041460924030749255,-0.010951821567999898,-0.0297709606993415,-0.011754720836624098,-0.00016017055308295138,-0.0010226920298060597,0.28020560173546666,0.009221555934430916,0.4356146694199834,0.0,-0.033756824327182,0.047042512077393496,0.004395683006247333,-0.014175538652000184,-0.009133094483536499,-0.006675692145306918,-0.012085518376812165,0.011041137529076931,0.006310165349917559,-0.008021047487201165,-0.03422280048857334,0.004376192353476123,-0.0008060767622650577,-0.0014171771504753502,0.006127780891878047,-0.01959029277074228,-0.033756824327182,-0.047042512077393496,0.7540836419106001,0.0,0.15753160287478335,0.021845587598886905,0.014480933795886868,0.004594193072075899,0.020139799933114978,0.00396998868258682,-0.001560580814153717,5.037173705733401e-06,-0.005584565673239883,0.0010627695534547836,-0.00023501562845130034,0.0011674392567496833,0.021352179542722605,0.010007637452040512,0.004395683006247333,0.014175538652000184,0.15753160287478335,-0.021845587598886905,0.11719670811267834,0.0,0.06189126350204333,0.005688691186643506,0.015491507969092705,-0.010311473949888104,0.10127575730982502,0.0150360142805792,0.0020656296143576835,-0.00228732522326371,-0.001213556821119467,0.0009698382512339995,-0.0012271637957128232,0.0038518965475015624,-0.009133094483536499,0.006675692145306918,0.014480933795886868,-0.004594193072075899,0.06189126350204333,-0.005688691186643506,-0.17428490511074998,0.0,-0.08446405215958167,-0.002018155019044984,0.025175862217388337,-0.004099865745710851,0.0006448387114165333,0.0015045178287294,0.00031400555191441186,0.0002350439010810515,0.007663531739509671,0.0017990802705597497,-0.012085518376812165,-0.011041137529076931,0.020139799933114978,-0.00396998868258682,0.015491507969092705,0.010311473949888104,-0.08446405215958167,0.002018155019044984,-0.05997743145747166,0.0,-0.03422882919661166,0.01975377217941151,0.00260018590775143,0.007283753442272531,-0.0007450218143932666,0.0018131915638330514,0.0041460924030749255,0.010951821567999898,0.006310165349917559,0.008021047487201165,-0.001560580814153717,-5.037173705733401e-06,0.10127575730982502,-0.0150360142805792,0.025175862217388337,0.004099865745710851,-0.03422882919661166,-0.01975377217941151,-0.08006921366734335,0.0,-0.0028543922872786673,0.0013684743426163584,6.585921424991658e-05,0.0006405387475508014,-0.0297709606993415,0.011754720836624098,-0.03422280048857334,-0.004376192353476123,-0.005584565673239883,-0.0010627695534547836,0.0020656296143576835,0.00228732522326371,0.0006448387114165333,-0.0015045178287294,0.00260018590775143,-0.007283753442272531,-0.0028543922872786673,-0.0013684743426163584,-0.10691345314027668,0.0,0.9996916987208999
0.6880000000000002,0.0015138894998523167,0.0,-0.002352230143586563,0.00019635523917968192,-0.0006041801113824166,-0.0007966313433135666,-0.0005186872729269667,-0.0015907137204180665,0.0010357607401961164,0.0006122222982424336,0.00156882295913501,-0.00020960262115737595,-5.477243404128327e-05,0.00043168895234178654,0.0018108539987544798,0.0007468691242835837,0.00037761232054841674,0.0005296755263045987,-0.002352230143586563,-0.00019635523917968192,0.11225867084498166,0.0,0.2802433232821333,-0.008779397399308534,0.005947112212937903,0.01963335014129716,0.021308476505096822,-0.010167196380451049,-0.001150073306418503,-0.0038311912419827397,0.0075557234214700016,-0.0017552099045456675,0.004171784633712916,-0.011017933139033887,-0.029825144323046674,-0.01182612932505688,-0.0006041801113824166,0.0007966313433135666,0.2802433232821333,0.008779397399308534,0.4354099767498833,0.0,-0.033830215763808506,0.047129425683403996,0.0043729101109119825,-0.01409291979719625,-0.009091822285218201,-0.006652816546915184,-0.012142689888956535,0.011019306888725865,0.006248675045405019,-0.007950238875361516,-0.03425394090571499,0.00443389170908845,-0.0005186872729269667,0.0015907137204180665,0.005947112212937903,-0.01963335014129716,-0.033830215763808506,-0.047129425683403996,0.7551596371908332,0.0,0.15783505406461668,0.021952324715375435,0.014209212610819501,0.0046777739236563125,0.020158630474282662,0.003976781743132215,-0.001405689260337025,8.316087325550018e-05,-0.00535497468261662,0.0008763749839413361,0.0010357607401961164,-0.0006122222982424336,0.021308476505096822,0.010167196380451049,0.0043729101109119825,0.01409291979719625,0.15783505406461668,-0.021952324715375435,0.1171285567082767,0.0,0.06183790832900003,0.0055976159252893,0.015549294666480216,-0.010285939932824534,0.10134203449730662,0.015017924521776877,0.0021023138561274,-0.002212915719589084,0.00156882295913501,0.00020960262115737595,-0.001150073306418503,0.0038311912419827397,-0.009091822285218201,0.006652816546915184,0.014209212610819501,-0.0046777739236563125,0.06183790832900003,-0.0055976159252893,-0.17438480723045,0.0,-0.08443906675618666,-0.002022695848889752,0.025232247520385,-0.0040561442418244,0.0006397135144029051,0.0014653936573989501,-5.477243404128327e-05,-0.00043168895234178654,0.0075557234214700016,0.0017552099045456675,-0.012142689888956535,-0.011019306888725865,0.020158630474282662,-0.003976781743132215,0.015549294666480216,0.010285939932824534,-0.08443906675618666,0.002022695848889752,-0.06014524750778668,0.0,-0.034143175934458335,0.019734632937414835,0.0025927921062561827,0.007338566724654616,0.0018108539987544798,-0.0007468691242835837,0.004171784633712916,0.011017933139033887,0.006248675045405019,0.007950238875361516,-0.001405689260337025,-8.316087325550018e-05,0.10134203449730662,-0.015017924521776877,0.025232247520385,0.0040561442418244,-0.034143175934458335,-0.019734632937414835,-0.08015421519236997,0.0,-0.002792704678251871,0.0013350595796403283,0.00037761232054841674,-0.0005296755263045987,-0.029825144323046674,0.01182612932505688,-0.03425394090571499,-0.00443389170908845,-0.00535497468261662,-0.0008763749839413361,0.0021023138561274,0.002212915719589084,0.0006397135144029051,-0.0014653936573989501,0.0025927921062561827,-0.007338566724654616,-0.002792704678251871,-0.0013350595796403283,-0.10709494586653495,0.0,0.9996915151963832
0.689,0.0015137059830842492,0.0,0.0015215369637311999,-0.001849149038605767,0.0009627628276834163,0.00012191888491316684,0.0015599218409318234,0.0007258032052392332,-0.0011685059364249498,0.00034821204351875076,-0.0009660988109823548,0.0012763267542462,-0.00029869836983771006,-0.00037925243942259326,-0.0018105531634210735,0.0007632435933241294,-0.0006368464595132481,-0.00015890469825488324,0.0015215369637311999,0.001849149038605767,0.11200588921723671,0.0,0.2802613366585333,-0.00835126930467332,0.0057358462864062825,0.0196506509919865,0.02123975303916684,-0.010345605798237614,-0.001088172367339812,-0.003813598532727699,0.007466233467682665,-0.0017420491445020168,0.004197442893394518,-0.011100423071084204,-0.02985534065255351,-0.011883252893155066,0.0009627628276834163,-0.00012191888491316684,0.2802613366585333,0.00835126930467332,0.43518809698536665,0.0,-0.03388436151451916,0.0472103263471155,0.004354223611214218,-0.014054842030369866,-0.009073223807499468,-0.006592029893637232,-0.012215341533745431,0.011005790806261065,0.006129686228910452,-0.007903743470007584,-0.03431115942391667,0.004463898537975861,0.0015599218409318234,-0.0007258032052392332,0.0057358462864062825,-0.0196506509919865,-0.03388436151451916,-0.0472103263471155,0.7562395130107001,0.0,0.15811948177081667,0.022116536692166386,0.013926054218461005,0.004740447704425257,0.020210240514468493,0.003955118335631517,-0.0012452275517544228,0.0001761803111454168,-0.005096851828387651,0.0007390985116059165,-0.0011685059364249498,-0.00034821204351875076,0.02123975303916684,0.010345605798237614,0.004354223611214218,0.014054842030369866,0.15811948177081667,-0.022116536692166386,0.1170551252974,0.0,0.06178223377382166,0.005510488989437971,0.01560899479229903,-0.010291119842569316,0.10142243665996666,0.014975486073469256,0.0021054778781082173,-0.002128807568842633,-0.0009660988109823548,-0.0012763267542462,-0.001088172367339812,0.003813598532727699,-0.009073223807499468,0.006592029893637232,0.013926054218461005,-0.004740447704425257,0.06178223377382166,-0.005510488989437971,-0.1744821454797166,0.0,-0.08441917500634001,-0.002033954368532566,0.025283831402268326,-0.004039976233751785,0.0006303059092243669,0.0014465107448133334,-0.00029869836983771006,0.00037925243942259326,0.007466233467682665,0.0017420491445020168,-0.012215341533745431,-0.011005790806261065,0.020210240514468493,-0.003955118335631517,0.01560899479229903,0.010291119842569316,-0.08441917500634001,0.002033954368532566,-0.06031315220545831,0.0,-0.03406654528516,0.019710735180786993,0.002580428574445679,0.007366219304109129,-0.0018105531634210735,-0.0007632435933241294,0.004197442893394518,0.011100423071084204,0.006129686228910452,0.007903743470007584,-0.0012452275517544228,-0.0001761803111454168,0.10142243665996666,-0.014975486073469256,0.025283831402268326,0.004039976233751785,-0.03406654528516,-0.019710735180786993,-0.0802382665870517,0.0,-0.0027632779120337517,0.0013104645631068332,-0.0006368464595132481,0.00015890469825488324,-0.02985534065255351,0.011883252893155066,-0.03431115942391667,-0.004463898537975861,-0.005096851828387651,-0.0007390985116059165,0.0021054778781082173,0.002128807568842633,0.0006303059092243669,-0.0014465107448133334,0.002580428574445679,-0.007366219304109129,-0.0027632779120337517,-0.0013104645631068332,-0.10727743454858168,0.0,0.9996913316732833
0.6899999999999998,0.0015135224770771662,0.0,0.00028255642579526677,0.002433938535782779,-0.0007322564798581399,0.000581153311790105,-0.0016280116339271336,0.0006281227565266169,0.0005704313175739501,-0.0010987648878447167,-0.00020517492980543008,-0.0015851642218186553,0.0005136818882299453,6.486699755653336e-05,0.000735629106759742,-0.0018370972913249663,0.0005779572775798333,-0.0002978322746508501,0.00028255642579526677,-0.002433938535782779,0.11176931500575499,0.0,0.28024664384751663,-0.007898434576832218,0.00550834957664405,0.019661764970802673,0.021178787129726154,-0.010519558453465635,-0.0010161147279979731,-0.0037878852680705167,0.007415315187273767,-0.0017254985493888068,0.004226137891608301,-0.011174031708857092,-0.029861061059372494,-0.011941613373064281,-0.0007322564798581399,-0.000581153311790105,0.28024664384751663,0.007898434576832218,0.4349488451167334,0.0,-0.03397948100801283,0.04732271123478883,0.0043428506924828,-0.014029739573751704,-0.009070951906214849,-0.006493561861348418,-0.012303545439052535,0.010967152210843554,0.005990509980027635,-0.007836523515880415,-0.034377075387853326,0.004453536719048903,-0.0016280116339271336,-0.0006281227565266169,0.00550834957664405,-0.019661764970802673,-0.03397948100801283,-0.04732271123478883,0.7573244905649165,0.0,0.15833213472386667,0.022322875597961495,0.013635080778294999,0.004738991910276125,0.020307040426413667,0.003910771425451614,-0.0010914463578711327,0.0002568059791751003,-0.004814542024751483,0.0006470780668719162,0.0005704313175739501,0.0010987648878447167,0.021178787129726154,0.010519558453465635,0.0043428506924828,0.014029739573751704,0.15833213472386667,-0.022322875597961495,0.11697483167094164,0.0,0.06173398868707334,0.005417019113776085,0.015674012336275536,-0.0103033479394189,0.1015050259209383,0.014949960728320447,0.002058931478563684,-0.0020561451700709834,-0.00020517492980543008,0.0015851642218186553,-0.0010161147279979731,0.0037878852680705167,-0.009070951906214849,0.006493561861348418,0.013635080778294999,-0.004738991910276125,0.06173398868707334,-0.005417019113776085,-0.17457666774923328,0.0,-0.08441670518726833,-0.0020508176697825865,0.025318387453593334,-0.004019174155511271,0.0006124448726351682,0.0014462473823030268,0.0005136818882299453,-6.486699755653336e-05,0.007415315187273767,0.0017254985493888068,-0.012303545439052535,-0.010967152210843554,0.020307040426413667,-0.003910771425451614,0.015674012336275536,0.0103033479394189,-0.08441670518726833,0.0020508176697825865,-0.06048104736554167,0.0,-0.03401487558314,0.01966470052008833,0.0025507608857694717,0.007360521538032135,0.000735629106759742,0.0018370972913249663,0.004226137891608301,0.011174031708857092,0.005990509980027635,0.007836523515880415,-0.0010914463578711327,-0.0002568059791751003,0.1015050259209383,-0.014949960728320447,0.025318387453593334,0.004019174155511271,-0.03401487558314,-0.01966470052008833,-0.08032138099267663,0.0,-0.0027480758169377835,0.0012972957072548664,0.0005779572775798333,0.0002978322746508501,-0.029861061059372494,0.011941613373064281,-0.034377075387853326,-0.004453536719048903,-0.004814542024751483,-0.0006470780668719162,0.002058931478563684,0.0020561451700709834,0.0006124448726351682,-0.0014462473823030268,0.0025507608857694717,-0.007360521538032135,-0.0027480758169377835,-0.0012972957072548664,-0.10746076056735833,0.0,0.9996911481610002
0.6910000000000003,0.0015133389779953996,0.0,-0.0019869382273138675,-0.0015288521874871127,9.947886086063402e-05,-0.000886056357258027,0.000676695896928967,-0.001596765821746061,0.00040344982598065026,0.00119907346334816,0.0012588917078493668,0.0009709291072106502,-0.00042451594007721663,0.0003415037312925717,0.0007916955221110167,0.0018126052333573169,-0.00021654745757746985,0.0005986812443568268,-0.0019869382273138675,0.0015288521874871127,0.11155025293923165,0.0,0.2802144336340834,-0.007425432851950299,0.005304239433627082,0.01969583697365383,0.021140200712565508,-0.01064927712672655,-0.0009432900558871799,-0.003749371626051584,0.00736411378553645,-0.0016837204324820327,0.004241566118345371,-0.011261782088976385,-0.029862346792433176,-0.012015207430750114,9.947886086063402e-05,0.000886056357258027,0.2802144336340834,0.007425432851950299,0.4346909086863499,0.0,-0.034096209273463164,0.04745959263414965,0.0043407135589039495,-0.013963736505984066,-0.009051082517307268,-0.006398015349811712,-0.01237615327321023,0.010894044212275916,0.005889155978743818,-0.007751289026131465,-0.03441753958748333,0.004425048963764341,0.000676695896928967,0.001596765821746061,0.005304239433627082,-0.01969583697365383,-0.034096209273463164,-0.04745959263414965,0.7584152300279163,0.0,0.15852718950115,0.022513290429164803,0.0133686964023545,0.00466576839508505,0.020393360428675088,0.003899699372075196,-0.0009464262226676825,0.0003148118457086333,-0.004505519826121903,0.000581830769645567,0.00040344982598065026,-0.00119907346334816,0.021140200712565508,0.01064927712672655,0.0043407135589039495,0.013963736505984066,0.15852718950115,-0.022513290429164803,0.11688778460334001,0.0,0.061696726601465,0.005305271335146495,0.01572072764081912,-0.01030743195271037,0.10156008889131332,0.014954926314851711,0.0020048632434592,-0.0019859104405540724,0.0012588917078493668,-0.0009709291072106502,-0.0009432900558871799,0.003749371626051584,-0.009051082517307268,0.006398015349811712,0.0133686964023545,-0.00466576839508505,0.061696726601465,-0.005305271335146495,-0.1746679564905667,0.0,-0.08441824664123168,-0.0020599838800072667,0.025349012457080006,-0.0039862370228726995,0.0006004324398540051,0.0014351054499168018,-0.00042451594007721663,-0.0003415037312925717,0.00736411378553645,0.0016837204324820327,-0.01237615327321023,-0.010894044212275916,0.020393360428675088,-0.003899699372075196,0.01572072764081912,0.01030743195271037,-0.08441824664123168,0.0020599838800072667,-0.060649056045135014,0.0,-0.03398120985695,0.019614386872460993,0.0025072372556546743,0.007356685847752151,0.0007916955221110167,-0.0018126052333573169,0.004241566118345371,0.011261782088976385,0.005889155978743818,0.007751289026131465,-0.0009464262226676825,-0.0003148118457086333,0.10156008889131332,-0.014954926314851711,0.025349012457080006,0.0039862370228726995,-0.03398120985695,-0.019614386872460993,-0.08040442885396168,0.0,-0.002699074556997562,0.0012953289080064924,-0.00021654745757746985,-0.0005986812443568268,-0.029862346792433176,0.012015207430750114,-0.03441753958748333,-0.004425048963764341,-0.004505519826121903,-0.000581830769645567,0.0020048632434592,0.0019859104405540724,0.0006004324398540051,-0.0014351054499168018,0.0025072372556546743,-0.007356685847752151,-0.002699074556997562,-0.0012953289080064924,-0.10764510919015666,0.0,0.999690964654583
0.6920000000000001,0.0015131554693942168,0.0,0.0025137259621100154,-0.0003419125289239166,0.0005178217159675833,0.0006804687429489497,0.0006711192446934,0.0015628181898355497,-0.0011798572746410665,-0.0005370983051399666,-0.0015741412129188787,0.00022622998908389667,3.466506957651835e-05,-0.0005780529864733126,-0.0018186012975140832,-0.0006947394113166497,-0.0002468171270921914,-0.0005823222833658165,0.0025137259621100154,0.0003419125289239166,0.11134870722733001,0.0,0.2802290795575834,-0.006983264996517215,0.005124782358385084,0.019739870254868928,0.021102214172190326,-0.010734640678271639,-0.0008942135536021504,-0.0037225295583573834,0.007284894887611898,-0.0016422170426523507,0.0042361813778905855,-0.011388769364460337,-0.02987376828616799,-0.012090290460606116,0.0005178217159675833,-0.0006804687429489497,0.2802290795575834,0.006983264996517215,0.4344144530886001,0.0,-0.03418925141340733,0.04757163920538677,0.0043454554599975485,-0.013864715784972496,-0.009017097786503349,-0.006326876823434365,-0.012414310828939713,0.010806746062927499,0.0058160888339234,-0.007686766861014352,-0.03443879594540667,0.004395384307854865,0.0006711192446934,-0.0015628181898355497,0.005124782358385084,-0.019739870254868928,-0.03418925141340733,-0.04757163920538677,0.7595113630778331,0.0,0.15878652536025004,0.022679247609869654,0.01313471362332883,0.004562829582059284,0.020445069589930746,0.003933662207653467,-0.0007962174342834161,0.00037025839674853316,-0.004170360072878466,0.0005325824890111832,-0.0011798572746410665,0.0005370983051399666,0.021102214172190326,0.010734640678271639,0.0043454554599975485,0.013864715784972496,0.15878652536025004,-0.022679247609869654,0.11679458430642999,0.0,0.061667878103841674,0.005180997566863157,0.015750468232533676,-0.01032155922095158,0.10158920549137,0.014956719010411318,0.0019822149324980665,-0.0019007682687605491,-0.0015741412129188787,-0.00022622998908389667,-0.0008942135536021504,0.0037225295583573834,-0.009017097786503349,0.006326876823434365,0.01313471362332883,-0.004562829582059284,0.061667878103841674,-0.005180997566863157,-0.17475594429895,0.0,-0.084411652572045,-0.002055792065883467,0.025389363434063342,-0.003969551332205401,0.0006053573028073667,0.0014007735636630985,3.466506957651835e-05,0.0005780529864733126,0.007284894887611898,0.0016422170426523507,-0.012414310828939713,-0.010806746062927499,0.020445069589930746,-0.003933662207653467,0.015750468232533676,0.01032155922095158,-0.084411652572045,0.002055792065883467,-0.06081716938496165,0.0,-0.03395176816860167,0.019582962703757995,0.002463968396251901,0.0073851843085668495,-0.0018186012975140832,0.0006947394113166497,0.0042361813778905855,0.011388769364460337,0.0058160888339234,0.007686766861014352,-0.0007962174342834161,-0.00037025839674853316,0.10158920549137,-0.014956719010411318,0.025389363434063342,0.003969551332205401,-0.03395176816860167,-0.019582962703757995,-0.08048755843707668,0.0,-0.002616973241277301,0.0013042017105346947,-0.0002468171270921914,0.0005823222833658165,-0.02987376828616799,0.012090290460606116,-0.03443879594540667,-0.004395384307854865,-0.004170360072878466,-0.0005325824890111832,0.0019822149324980665,0.0019007682687605491,0.0006053573028073667,-0.0014007735636630985,0.002463968396251901,-0.0073851843085668495,-0.002616973241277301,-0.0013042017105346947,-0.10783080990889665,0.0,0.9996907811399002
0.693,0.001512971953339017,0.0,-0.0015321960243160498,0.002034286122653483,-0.0008217456863356827,-0.00014784730349445024,-0.0015532531484014414,-0.0005905702470732503,0.0012163541761960666,-0.0005021928412894203,0.0009406666571374998,-0.001287898366770394,0.00042352616625109993,0.0004503593546572334,0.0017282811459474498,-0.0007899964293132402,0.00057347208716885,0.000279944052282435,-0.0015321960243160498,-0.002034286122653483,0.11116278846175834,0.0,0.2802684452434,-0.006588035005194444,0.004927236879359498,0.019760632504873633,0.02103909928596946,-0.01081328214302873,-0.0008573389758401499,-0.003726675180699334,0.007207765694957502,-0.001625450286907868,0.004224673068072918,-0.01152304423111475,-0.029880213426148328,-0.012143088050157168,-0.0008217456863356827,0.00014784730349445024,0.2802684452434,0.006588035005194444,0.43412176591041673,0.0,-0.0342680022263405,0.04763005782693508,0.004351392471924033,-0.013776191269025285,-0.009008594942066434,-0.006258591553104182,-0.012435334599618932,0.010708111552266168,0.005719849090393399,-0.00764668759387877,-0.03446318326439166,0.004352239755230565,-0.0015532531484014414,0.0005905702470732503,0.004927236879359498,-0.019760632504873633,-0.0342680022263405,-0.04763005782693508,0.7606122061048499,0.0,0.15905886300919997,0.022853876795568155,0.01290977334786343,0.004452314138062114,0.020514041934570817,0.003968912022794133,-0.0006328986812063532,0.0004435941186934318,-0.0038181839958479013,0.0005168501214357165,0.0012163541761960666,0.0005021928412894203,0.02103909928596946,0.01081328214302873,0.004351392471924033,0.013776191269025285,0.15905886300919997,-0.022853876795568155,0.11669463658318836,0.0,0.061636314072669986,0.005055577771540819,0.0157948184017989,-0.01035536233039495,0.10159946466093167,0.014929475605394461,0.001972039470942916,-0.0018087377372978752,0.0009406666571374998,0.001287898366770394,-0.0008573389758401499,0.003726675180699334,-0.009008594942066434,0.006258591553104182,0.01290977334786343,-0.004452314138062114,0.061636314072669986,-0.005055577771540819,-0.17484091775714994,0.0,-0.08438824672245333,-0.0020458418580309337,0.025427883925758333,-0.0039777120136827914,0.0006124506647291832,0.0013639547602038585,0.00042352616625109993,-0.0004503593546572334,0.007207765694957502,0.001625450286907868,-0.012435334599618932,-0.010708111552266168,0.020514041934570817,-0.003968912022794133,0.0157948184017989,0.01035536233039495,-0.08438824672245333,0.0020458418580309337,-0.06098506994595167,0.0,-0.033918088965456665,0.01955669036911284,0.0024258773626721995,0.007429314739505233,0.0017282811459474498,0.0007899964293132402,0.004224673068072918,0.01152304423111475,0.005719849090393399,0.00764668759387877,-0.0006328986812063532,-0.0004435941186934318,0.10159946466093167,-0.014929475605394461,0.025427883925758333,0.0039777120136827914,-0.033918088965456665,-0.01955669036911284,-0.08056990080781835,0.0,-0.002554401519321024,0.0013225469166056668,0.00057347208716885,-0.000279944052282435,-0.029880213426148328,0.012143088050157168,-0.03446318326439166,-0.004352239755230565,-0.0038181839958479013,-0.0005168501214357165,0.001972039470942916,0.0018087377372978752,0.0006124506647291832,-0.0013639547602038585,0.0024258773626721995,-0.007429314739505233,-0.002554401519321024,-0.0013225469166056668,-0.10801788288557831,0.0,0.9996905976173501
0.6940000000000001,0.0015127884459954838,0.0,-0.0003820615371755666,-0.00253546799754275,0.0006882135930963835,-0.00044330797566024817,0.0014797336987744996,-0.0006704351550213497,-0.00048739107790688325,0.0012204726730593335,0.0002458282061929383,0.0015718544363624081,-0.0006429293982989669,-3.04337222924095e-05,-0.0006396724523732167,0.0017503450573214932,-0.0006207195785854999,0.00015246495508285004,-0.0003820615371755666,0.00253546799754275,0.11099115015000498,0.0,0.2803123555827834,-0.006201448458169781,0.00469940841891195,0.019768349922286137,0.020959191304556028,-0.010909298631848946,-0.0007989503258640666,-0.0037463897467319477,0.007175045665769131,-0.0016100782522239488,0.004222158182018864,-0.011618279511942,-0.029869887773066667,-0.012180444284168302,0.0006882135930963835,0.00044330797566024817,0.2803123555827834,0.006201448458169781,0.43381459082778334,0.0,-0.03438553473341934,0.04767806145464917,0.004357367053719984,-0.0137019632880424,-0.009039415223996183,-0.006172342076346316,-0.012466436777915682,0.010573170077488281,0.005601107918962931,-0.007590005897437014,-0.03449415072585334,0.004290155504941034,0.0014797336987744996,0.0006704351550213497,0.00469940841891195,-0.019768349922286137,-0.03438553473341934,-0.04767806145464917,0.7617176245964833,0.0,0.1592663500539334,0.023051942880833325,0.012699229565808934,0.004316052352861784,0.020640479205163032,0.003975423159755883,-0.00047307152893944984,0.0005233199297858331,-0.0034729517238286023,0.0005578133990562333,-0.00048739107790688325,-0.0012204726730593335,0.020959191304556028,0.010909298631848946,0.004357367053719984,0.0137019632880424,0.1592663500539334,-0.023051942880833325,0.11658695299087832,0.0,0.06161320695850834,0.004928002331506869,0.015869280919192798,-0.010382702684302502,0.10160933975162,0.014904286700107188,0.0019374429998453748,-0.0017346343390104838,0.0002458282061929383,-0.0015718544363624081,-0.0007989503258640666,0.0037463897467319477,-0.009039415223996183,0.006172342076346316,0.012699229565808934,-0.004316052352861784,0.06161320695850834,-0.004928002331506869,-0.17492305587424994,0.0,-0.08436863561831334,-0.0020344259570101554,0.02546037554229499,-0.003976921530392899,0.0006009536481037667,0.0013426521628554665,-0.0006429293982989669,3.04337222924095e-05,0.007175045665769131,0.0016100782522239488,-0.012466436777915682,-0.010573170077488281,0.020640479205163032,-0.003975423159755883,0.015869280919192798,0.010382702684302502,-0.08436863561831334,0.0020344259570101554,-0.06115246247318667,0.0,-0.03389079991324166,0.019509594551012657,0.0023857158828439755,0.007457937325174733,-0.0006396724523732167,-0.0017503450573214932,0.004222158182018864,0.011618279511942,0.005601107918962931,0.007590005897437014,-0.00047307152893944984,-0.0005233199297858331,0.10160933975162,-0.014904286700107188,0.02546037554229499,0.003976921530392899,-0.03389079991324166,-0.019509594551012657,-0.08065112424664664,0.0,-0.00253409761039032,0.0013475910720905332,-0.0006207195785854999,-0.00015246495508285004,-0.029869887773066667,0.012180444284168302,-0.03449415072585334,-0.004290155504941034,-0.0034729517238286023,-0.0005578133990562333,0.0019374429998453748,0.0017346343390104838,0.0006009536481037667,-0.0013426521628554665,0.0023857158828439755,-0.007457937325174733,-0.00253409761039032,-0.0013475910720905332,-0.10820605031390332,0.0,0.9996904141029165
0.6950000000000002,0.0015126049498732828,0.0,0.002102028737264095,0.0015181513864970166,-0.00017729231686100015,0.0007681765931699,-0.0005583933002538666,0.0014895043441835005,-0.0005166581363924334,-0.0011919341572984665,-0.0012843897662349081,-0.0009281570023638833,0.0004986450580880498,-0.0004249155711092333,-0.0007811977476861832,-0.0016660102869503002,0.000367808204671133,-0.000510667173887388,0.002102028737264095,-0.0015181513864970166,0.1108341984832267,0.0,0.28032407314043334,-0.0058066933558709325,0.004487231200407582,0.019797016604750996,0.02087860093338008,-0.011001679963152282,-0.000722627317957625,-0.0037549769847846563,0.007168078433787483,-0.0015625162963381336,0.004220525236760632,-0.01167868390201468,-0.029854557804998343,-0.012227897145729116,-0.00017729231686100015,-0.0007681765931699,0.28032407314043334,0.0058066933558709325,0.43349266858763336,0.0,-0.03453642162280599,0.04775639511887533,0.004367025779879917,-0.013598493713853714,-0.009068486434108765,-0.006078430188093352,-0.012501193976762966,0.010396685194975183,0.005512576927798785,-0.007495766389659067,-0.03450608799109334,0.004230122320957617,-0.0005583933002538666,-0.0014895043441835005,0.004487231200407582,-0.019797016604750996,-0.03453642162280599,-0.04775639511887533,0.7628278877338333,0.0,0.1593988194691833,0.023242702677752768,0.012530859752078091,0.004150227012145702,0.02076690662499512,0.0039617576808357174,-0.0003287746476874664,0.0005893891648481663,-0.0031500335321293224,0.0006527720912258501,-0.0005166581363924334,0.0011919341572984665,0.02087860093338008,0.011001679963152282,0.004367025779879917,0.013598493713853714,0.1593988194691833,-0.023242702677752768,0.11647184527082834,0.0,0.06160444166681,0.004787885503154467,0.01594424941911442,-0.010380084781666302,0.10160768497820666,0.014916216460249583,0.0018864741901693616,-0.0016702450093227497,-0.0012843897662349081,0.0009281570023638833,-0.000722627317957625,0.0037549769847846563,-0.009068486434108765,0.006078430188093352,0.012530859752078091,-0.004150227012145702,0.06160444166681,-0.004787885503154467,-0.17500218822033328,0.0,-0.08435425071669501,-0.0020192451140155876,0.025501690120258325,-0.003941981275343222,0.0005784449368125166,0.0013232683866179335,0.0004986450580880498,0.0004249155711092333,0.007168078433787483,0.0015625162963381336,-0.012501193976762966,-0.010396685194975183,0.02076690662499512,-0.0039617576808357174,0.01594424941911442,0.010380084781666302,-0.08435425071669501,0.0020192451140155876,-0.061319358724138344,0.0,-0.03386956443543166,0.019443831505157338,0.0023395257584829187,0.007475341394402111,-0.0007811977476861832,0.0016660102869503002,0.004220525236760632,0.01167868390201468,0.005512576927798785,0.007495766389659067,-0.0003287746476874664,-0.0005893891648481663,0.10160768497820666,-0.014916216460249583,0.025501690120258325,0.003941981275343222,-0.03386956443543166,-0.019443831505157338,-0.08073221991907002,0.0,-0.0025161895877544196,0.0013806437549286502,0.000367808204671133,0.000510667173887388,-0.029854557804998343,0.012227897145729116,-0.03450608799109334,-0.004230122320957617,-0.0031500335321293224,-0.0006527720912258501,0.0018864741901693616,0.0016702450093227497,0.0005784449368125166,-0.0013232683866179335,0.0023395257584829187,-0.007475341394402111,-0.0025161895877544196,-0.0013806437549286502,-0.108395207561255,0.0,0.9996902306003164
0.696,0.0015124214507696997,0.0,-0.00257340244453315,0.0004277903918903833,-0.0003910098451590504,-0.0006349689565226169,-0.0006748223102408485,-0.0014143875995257296,0.0012029808665207841,0.00044820192188381144,0.0015672119132294255,-0.0002878834412421483,-5.7491188227831205e-05,0.0006710790284114766,0.0017084286759654493,0.0006184239271774999,5.756388869500011e-05,0.0006188017356520885,-0.00257340244453315,-0.0004277903918903833,0.1106918048646383,0.0,0.2803482869997333,-0.005458599577801219,0.004330467221771184,0.01985897079780602,0.02079197383882691,-0.011069326620084198,-0.0006674065202201966,-0.0037551632061023146,0.007137867145625832,-0.0014976339599220003,0.004201347390692433,-0.011749444547473219,-0.02986001682346333,-0.01229503896868192,-0.0003910098451590504,0.0006349689565226169,0.2803482869997333,0.005458599577801219,0.43315613313560003,0.0,-0.034668152758525334,0.047839929502956,0.00438967904906125,-0.013462309130120167,-0.009060020479352946,-0.006000145542082388,-0.01252112766857185,0.010222935236383979,0.0054744915958351344,-0.0074040708579609675,-0.034488702148378333,0.0041968937158323675,-0.0006748223102408485,0.0014143875995257296,0.004330467221771184,-0.01985897079780602,-0.034668152758525334,-0.047839929502956,0.7639428936737669,0.0,0.15954672648921667,0.023416943853793004,0.012401496973332265,0.003991150671521883,0.02082567309773712,0.003936981089596234,-0.00018888135695503376,0.0006558323606140002,-0.002850856820613383,0.000784439358654467,0.0012029808665207841,-0.00044820192188381144,0.02079197383882691,0.011069326620084198,0.00438967904906125,0.013462309130120167,0.15954672648921667,-0.023416943853793004,0.1163504915969517,0.0,0.06161319333152501,0.004640962007193583,0.01600191906236508,-0.010360542878311884,0.10160538844162835,0.014951079607869214,0.001850968906778618,-0.0015778279000603498,0.0015672119132294255,0.0002878834412421483,-0.0006674065202201966,0.0037551632061023146,-0.009060020479352946,0.006000145542082388,0.012401496973332265,-0.003991150671521883,0.06161319333152501,-0.004640962007193583,-0.17507800587503336,0.0,-0.08433872257986998,-0.0020036070934795996,0.025568907727193335,-0.003894254379800667,0.0005687278754941168,0.001288169501877018,-5.7491188227831205e-05,-0.0006710790284114766,0.007137867145625832,0.0014976339599220003,-0.01252112766857185,-0.010222935236383979,0.02082567309773712,-0.003936981089596234,0.01600191906236508,0.010360542878311884,-0.08433872257986998,0.0020036070934795996,-0.06148594701501333,0.0,-0.03384471759077333,0.019389839634746334,0.002292176896162798,0.007513275985100382,0.0017084286759654493,-0.0006184239271774999,0.004201347390692433,0.011749444547473219,0.0054744915958351344,0.0074040708579609675,-0.00018888135695503376,-0.0006558323606140002,0.10160538844162835,-0.014951079607869214,0.025568907727193335,0.003894254379800667,-0.03384471759077333,-0.019389839634746334,-0.08081414016784837,0.0,-0.0024692856357417673,0.0014203432215316835,5.756388869500011e-05,-0.0006188017356520885,-0.02986001682346333,0.01229503896868192,-0.034488702148378333,-0.0041968937158323675,-0.002850856820613383,-0.000784439358654467,0.001850968906778618,0.0015778279000603498,0.0005687278754941168,-0.001288169501877018,0.002292176896162798,-0.007513275985100382,-0.0024692856357417673,-0.0014203432215316835,-0.10858560456910168,0.0,0.9996900470950164
0.6970000000000003,0.001512237933724433,0.0,0.001507399894011693,-0.0021167498395921166,0.0006849792276935502,0.00017676987823689972,0.001496738573883584,0.00046859471763398345,-0.0011355305746870163,0.0005724986029600462,-0.0008830033071444999,0.0013546748988725195,-0.0004660642436240667,-0.0005379215093810335,-0.0016298691363456834,0.0007535921768850499,-0.00044689371189190325,-0.00043826505560358344,0.001507399894011693,0.0021167498395921166,0.110561049915565,0.0,0.28039357769191675,-0.005215437204731733,0.0042106819308984,0.019939242873028083,0.020675547258931316,-0.011131337705213915,-0.0006485711012447402,-0.0037642877472898787,0.007079911108575502,-0.0014542340585866663,0.004159034153688067,-0.011838816721820387,-0.029881513537119337,-0.012363122312671603,0.0006849792276935502,-0.00017676987823689972,0.28039357769191675,0.005215437204731733,0.43280814201571655,0.0,-0.034755206943593506,0.047865387216053525,0.004423475966171917,-0.013351006880360148,-0.0090320632187334,-0.0059387646636926816,-0.012531566588256647,0.010087418932440247,0.005439843472755333,-0.007365328626428982,-0.034459060403075,0.004187569867354416,0.001496738573883584,-0.00046859471763398345,0.0042106819308984,-0.019939242873028083,-0.034755206943593506,-0.047865387216053525,0.7650622156237499,0.0,0.15971724570366666,0.023601956046929645,0.012274557990229494,0.0038569902618338,0.02084838583732002,0.003895656455404179,-4.488892280288277e-05,0.0007571341476272503,-0.0025798917018933745,0.0009461221400443666,-0.0011355305746870163,-0.0005724986029600462,0.020675547258931316,0.011131337705213915,0.004423475966171917,0.013351006880360148,0.15971724570366666,-0.023601956046929645,0.116223160939965,0.0,0.061629232734390006,0.004506632517849633,0.01606129109774633,-0.010346732725324851,0.10162053662135667,0.014972700271536597,0.0018219452246376984,-0.0014517357816459665,-0.0008830033071444999,-0.0013546748988725195,-0.0006485711012447402,0.0037642877472898787,-0.0090320632187334,0.0059387646636926816,0.012274557990229494,-0.0038569902618338,0.061629232734390006,-0.004506632517849633,-0.1751504528508833,0.0,-0.0843112605722083,-0.0019975757868714,0.025647443079233327,-0.00386718228207075,0.0005700948614087099,0.0012493448439582005,-0.0004660642436240667,0.0005379215093810335,0.007079911108575502,0.0014542340585866663,-0.012531566588256647,-0.010087418932440247,0.02084838583732002,-0.003895656455404179,0.01606129109774633,0.010346732725324851,-0.0843112605722083,0.0019975757868714,-0.06165238742404329,0.0,-0.03380697492151167,0.019357090581234495,0.0022471816400455383,0.007570518960186535,-0.0016298691363456834,-0.0007535921768850499,0.004159034153688067,0.011838816721820387,0.005439843472755333,0.007365328626428982,-4.488892280288277e-05,-0.0007571341476272503,0.10162053662135667,-0.014972700271536597,0.025647443079233327,0.00386718228207075,-0.03380697492151167,-0.019357090581234495,-0.08089665144451333,0.0,-0.0024255952726770624,0.0014512881802883,-0.00044689371189190325,0.00043826505560358344,-0.029881513537119337,0.012363122312671603,-0.034459060403075,-0.004187569867354416,-0.0025798917018933745,-0.0009461221400443666,0.0018219452246376984,0.0014517357816459665,0.0005700948614087099,-0.0012493448439582005,0.0022471816400455383,-0.007570518960186535,-0.0024255952726770624,-0.0014512881802883,-0.10877745113814169,0.0,0.9996898635708835
0.6980000000000003,0.0015120544096166343,0.0,0.0004433875030853501,0.002544885796397615,-0.000597964283008633,0.0003292871941239631,-0.0013873382455542,0.0007968456613616161,0.0003569502399948367,-0.0012109653065371,-0.0003519021716919601,-0.0015935322968929485,0.0007554761741181681,5.380199981124334e-05,0.0006337964885050999,-0.0016785995391487998,0.0006297648333718653,5.654656206336655e-05,0.0004433875030853501,-0.002544885796397615,0.11043782761018332,0.0,0.28043712436830004,-0.005060393767956001,0.004094186154135417,0.02002127548010065,0.020527718370841583,-0.011213429709827655,-0.0006376282561075217,-0.0037756746502520403,0.00704063777980625,-0.0014335723407244332,0.004100851049443769,-0.011907623482672868,-0.029889648034498513,-0.012415949784731949,-0.000597964283008633,-0.0003292871941239631,0.28043712436830004,0.005060393767956001,0.4324533294891834,0.0,-0.034825987586577165,0.047839262585418325,0.0044621166991222535,-0.013303629104989651,-0.009026403486559616,-0.005875527817081635,-0.01255755910887465,0.009968953502375784,0.005368177315846632,-0.007377513599578626,-0.034438471294149994,0.004180808940874243,-0.0013873382455542,-0.0007968456613616161,0.004094186154135417,-0.02002127548010065,-0.034825987586577165,-0.047839262585418325,0.7661854157103333,0.0,0.15983349339398337,0.023806703048540125,0.012146421699894416,0.003714273130903848,0.02091343717723105,0.0038479341730757845,9.354949304366598e-05,0.000894205489189717,-0.0023562755933295167,0.0011431632991045833,0.0003569502399948367,0.0012109653065371,0.020527718370841583,0.011213429709827655,0.0044621166991222535,0.013303629104989651,0.15983349339398337,-0.023806703048540125,0.116089343088935,0.0,0.06165352285985002,0.004391917050805814,0.01614201259833136,-0.010338677531429096,0.10166017854661669,0.014988830767831082,0.0017602352759893663,-0.0013404643203963286,-0.0003519021716919601,0.0015935322968929485,-0.0006376282561075217,0.0037756746502520403,-0.009026403486559616,0.005875527817081635,0.012146421699894416,-0.003714273130903848,0.06165352285985002,-0.004391917050805814,-0.1752196692530167,0.0,-0.08428314386494996,-0.0020037199133769034,0.025714936716206664,-0.0038580242482994663,0.0005587307691258883,0.0012342098334295,0.0007554761741181681,-5.380199981124334e-05,0.00704063777980625,0.0014335723407244332,-0.01255755910887465,-0.009968953502375784,0.02091343717723105,-0.0038479341730757845,0.01614201259833136,0.010338677531429096,-0.08428314386494996,0.0020037199133769034,-0.061818846981053326,0.0,-0.03376486791635666,0.019322132818687825,0.002204746082967086,0.007608367715501581,0.0006337964885050999,0.0016785995391487998,0.004100851049443769,0.011907623482672868,0.005368177315846632,0.007377513599578626,9.354949304366598e-05,-0.000894205489189717,0.10166017854661669,-0.014988830767831082,0.025714936716206664,0.0038580242482994663,-0.03376486791635666,-0.019322132818687825,-0.08097931116312,0.0,-0.002425297807249716,0.0014532109813534747,0.0006297648333718653,-5.654656206336655e-05,-0.029889648034498513,0.012415949784731949,-0.034438471294149994,-0.004180808940874243,-0.0023562755933295167,-0.0011431632991045833,0.0017602352759893663,0.0013404643203963286,0.0005587307691258883,-0.0012342098334295,0.002204746082967086,-0.007608367715501581,-0.002425297807249716,-0.0014532109813534747,-0.10897046287083668,0.0,0.99968968004015
0.6990000000000001,0.0015118708866111831,0.0,-0.002127104773268449,-0.0014671672729288932,0.00020104904723611762,-0.0006319456203173052,0.00037503532331210015,-0.0016028036782923616,0.0006214084888358574,0.0010979894542349,0.0013671107368641217,0.0008782199742352829,-0.0006060073853697666,0.0005152297671935666,0.0007330806228482168,0.0016622867070453583,-0.0005096987971365634,0.00035638153688935515,-0.002127104773268449,0.0014671672729288932,0.11031973391793498,0.0,0.2804659220195,-0.004944724163746181,0.00398722424868545,0.02009870204456471,0.020373755106951313,-0.011293902942112204,-0.0006147719807065666,-0.0037655805179790448,0.007043659026534402,-0.0014042293902531832,0.0040305057981515225,-0.011939580901120567,-0.02987266838289067,-0.012463807191953034,0.00020104904723611762,0.0006319456203173052,0.2804659220195,0.004944724163746181,0.43209440282885,0.0,-0.03490307617287539,0.04782688844524,0.004511908744703413,-0.013287005773267543,-0.009041991404997772,-0.005797136189096118,-0.012604749059589528,0.009831471812650924,0.005279429820497032,-0.007402238558317329,-0.03442678680682166,0.004170613401064112,0.00037503532331210015,0.0016028036782923616,0.00398722424868545,-0.02009870204456471,-0.03490307617287539,-0.04782688844524,0.7673123889581001,0.0,0.15986151989125,0.023998612735561312,0.012054504059764434,0.003529477979949705,0.021016269713370454,0.003817237823482465,0.00021643393450006664,0.0010329261580965,-0.002182571971992933,0.0013710197897781333,0.0006214084888358574,-0.0010979894542349,0.020373755106951313,0.011293902942112204,0.004511908744703413,0.013287005773267543,0.15986151989125,-0.023998612735561312,0.11594951035582998,0.0,0.06169573962351665,0.004287856109620766,0.016226130630455016,-0.010325834488043405,0.10170448268813997,0.015039650892496419,0.0016588705862912334,-0.0012778254264474158,0.0013671107368641217,-0.0008782199742352829,-0.0006147719807065666,0.0037655805179790448,-0.009041991404997772,0.005797136189096118,0.012054504059764434,-0.003529477979949705,0.06169573962351665,-0.004287856109620766,-0.17528577977484996,0.0,-0.08426873671214,-0.0020135523422298808,0.025770451018201673,-0.003843877262760383,0.0005286291592906833,0.001247957466510345,-0.0006060073853697666,-0.0005152297671935666,0.007043659026534402,0.0014042293902531832,-0.012604749059589528,-0.009831471812650924,0.021016269713370454,-0.003817237823482465,0.016226130630455016,0.010325834488043405,-0.08426873671214,0.0020135523422298808,-0.06198558438876336,0.0,-0.03373133162296834,0.019270856404674665,0.002162438407830495,0.007610105831959482,0.0007330806228482168,-0.0016622867070453583,0.0040305057981515225,0.011939580901120567,0.005279429820497032,0.007402238558317329,0.00021643393450006664,-0.0010329261580965,0.10170448268813997,-0.015039650892496419,0.025770451018201673,0.003843877262760383,-0.03373133162296834,-0.019270856404674665,-0.08106291193122502,0.0,-0.0024429491882757824,0.0014276687443422833,-0.0005096987971365634,-0.00035638153688935515,-0.02987266838289067,0.012463807191953034,-0.03442678680682166,-0.004170613401064112,-0.002182571971992933,-0.0013710197897781333,0.0016588705862912334,0.0012778254264474158,0.0005286291592906833,-0.001247957466510345,0.002162438407830495,-0.007610105831959482,-0.0024429491882757824,-0.0014276687443422833,-0.10916413434152673,0.0,0.9996894965107664
0.7000000000000004,0.0015116873602018834,0.0,0.0025495288939780003,-0.0004773702647548833,0.0002778817687996834,0.0005790248928523836,0.0009360564919703877,0.0013962638306805005,-0.0012376485257818003,-0.0003103636672122999,-0.0015719907617205672,0.0003504272774855499,5.6719208149933294e-05,-0.0008307654145820634,-0.0017087518875166167,-0.000676995002963281,0.0001355064312411999,-0.0005802097583885319,0.0025495288939780003,0.0004773702647548833,0.11020569833281994,0.0,0.2804871810609667,-0.004871926906050543,0.0039136398843828335,0.020170483620362244,0.02023267823716627,-0.011328734527262569,-0.0005996733119638832,-0.0037318378317141346,0.007053868622773153,-0.0013604880641885167,0.003941165056459763,-0.011974385942724052,-0.029854573664039,-0.012519102774042164,0.0002778817687996834,-0.0005790248928523836,0.2804871810609667,0.004871926906050543,0.43173242161264996,0.0,-0.03496407244122865,0.04782738070545332,0.004591730969251652,-0.013248268274972498,-0.009042714303123232,-0.0057107965162355315,-0.012651592941087449,0.009684661744905334,0.005219637295674821,-0.007424581492973997,-0.034408504817328336,0.004179341257251103,0.0009360564919703877,-0.0013962638306805005,0.0039136398843828335,-0.020170483620362244,-0.03496407244122865,-0.04782738070545332,0.7684427269264166,0.0,0.15985945101734994,0.02414738910078431,0.012015279532406019,0.0033100647421899676,0.021080680036104728,0.0038038468206385003,0.00033539300619370014,0.0011584947570359985,-0.0020308768517446666,0.0016155300908517398,-0.0012376485257818003,0.0003103636672122999,0.02023267823716627,0.011328734527262569,0.004591730969251652,0.013248268274972498,0.15985945101734994,-0.02414738910078431,0.11580544804207166,0.0,0.061752416867958335,0.004187209701521399,0.016289089456605812,-0.010311191248708268,0.10172797455214004,0.015125180586030637,0.0015514567302542563,-0.0012334442282162506,-0.0015719907617205672,-0.0003504272774855499,-0.0005996733119638832,0.0037318378317141346,-0.009042714303123232,0.0057107965162355315,0.012015279532406019,-0.0033100647421899676,0.061752416867958335,-0.004187209701521399,-0.17534887527548335,0.0,-0.08425440729459671,-0.002018446143659096,0.02582447279652,-0.003826710404857001,0.0005030649116031232,0.0012668214166462496,5.6719208149933294e-05,0.0008307654145820634,0.007053868622773153,0.0013604880641885167,-0.012651592941087449,-0.009684661744905334,0.021080680036104728,-0.0038038468206385003,0.016289089456605812,0.010311191248708268,-0.08425440729459671,0.002018446143659096,-0.06215280437209668,0.0,-0.03369857977799666,0.019223763979390667,0.0021154034950787654,0.007608716918439135,-0.0017087518875166167,0.000676995002963281,0.003941165056459763,0.011974385942724052,0.005219637295674821,0.007424581492973997,0.00033539300619370014,-0.0011584947570359985,0.10172797455214004,-0.015125180586030637,0.02582447279652,0.003826710404857001,-0.03369857977799666,-0.019223763979390667,-0.08114873004780833,0.0,-0.0024220969090363916,0.0013988796657442902,0.0001355064312411999,0.0005802097583885319,-0.029854573664039,0.012519102774042164,-0.034408504817328336,-0.004179341257251103,-0.0020308768517446666,-0.0016155300908517398,0.0015514567302542563,0.0012334442282162506,0.0005030649116031232,-0.0012668214166462496,0.0021154034950787654,-0.007608716918439135,-0.0024220969090363916,-0.0013988796657442902,-0.10935825960095667,0.0,0.9996893129782332
0.7010000000000003,0.0015115038147430165,0.0,-0.0014768827409381332,0.0021299966757880495,-0.0005828880935194133,-0.0002427376438670667,-0.0016754599267523496,-0.00026347770214809295,0.0010807906758563716,-0.0007239350856441885,0.0008382082836253998,-0.0013695789798297666,0.0006061587784455501,0.0006445633904913668,0.001687846789591633,-0.0007198772490947664,0.00028217001412571654,0.0005005897209618501,-0.0014768827409381332,-0.0021299966757880495,0.110093441762645,0.0,0.28054534288986666,-0.004881805303497248,0.0038746040844621172,0.020242163986649114,0.020099734866204585,-0.011317998611849931,-0.0006120755829595834,-0.003703656349789423,0.007038207559927113,-0.0013309323134885172,0.0038323093847441327,-0.012048322744037781,-0.029862877440460837,-0.012573444014892134,-0.0005828880935194133,0.0002427376438670667,0.28054534288986666,0.004881805303497248,0.4313698168068164,0.0,-0.035003214297184254,0.04776434294254834,0.004701328077660583,-0.013194303311708155,-0.009020737317638583,-0.005634698678879597,-0.012685530141944065,0.009561301232782527,0.005191955491329869,-0.007469944914617075,-0.03438644188628166,0.004220889284189867,-0.0016754599267523496,0.00026347770214809295,0.0038746040844621172,-0.020242163986649114,-0.035003214297184254,-0.04776434294254834,0.7695753689032003,0.0,0.15990572250594995,0.02426991857164069,0.012004317078152988,0.003077409690581283,0.021100078554471158,0.0037991690410802076,0.0004593109168950839,0.0012958992703891367,-0.0018829371159099916,0.0018658571855634826,0.0010807906758563716,0.0007239350856441885,0.020099734866204585,0.011317998611849931,0.004701328077660583,0.013194303311708155,0.15990572250594995,-0.02426991857164069,0.11565838866840666,0.0,0.06181211532534833,0.004096311305146333,0.016348749703227618,-0.010305529795010567,0.10174490808386667,0.015199282225216432,0.001456605723061212,-0.0011706664452943334,0.0008382082836253998,0.0013695789798297666,-0.0006120755829595834,0.003703656349789423,-0.009020737317638583,0.005634698678879597,0.012004317078152988,-0.003077409690581283,0.06181211532534833,-0.004096311305146333,-0.1754092993453833,0.0,-0.08422789496880496,-0.0020152410918697614,0.025873952094129984,-0.0038300466013034,0.0004943486423442835,0.0012727601510125466,0.0006061587784455501,-0.0006445633904913668,0.007038207559927113,0.0013309323134885172,-0.012685530141944065,-0.009561301232782527,0.021100078554471158,-0.0037991690410802076,0.016348749703227618,0.010305529795010567,-0.08422789496880496,0.0020152410918697614,-0.062320402298014985,0.0,-0.03365513298029166,0.019201809421186496,0.002059146134684151,0.007637056894480315,0.001687846789591633,0.0007198772490947664,0.0038323093847441327,0.012048322744037781,0.005191955491329869,0.007469944914617075,0.0004593109168950839,-0.0012958992703891367,0.10174490808386667,-0.015199282225216432,0.025873952094129984,0.0038300466013034,-0.03365513298029166,-0.019201809421186496,-0.0812367643255783,0.0,-0.00235941143492097,0.0013768655190353968,0.00028217001412571654,-0.0005005897209618501,-0.029862877440460837,0.012573444014892134,-0.03438644188628166,-0.004220889284189867,-0.0018829371159099916,-0.0018658571855634826,0.001456605723061212,0.0011706664452943334,0.0004943486423442835,-0.0012727601510125466,0.002059146134684151,-0.007637056894480315,-0.00235941143492097,-0.0013768655190353968,-0.10955292456101165,0.0,0.9996891294262498
0.7019999999999988,0.0015113202543760506,0.0,-0.0004386687225566166,-0.0025406747362343818,0.0006156322814345999,-0.00020044055707762033,0.0013373386846561336,-0.0010509842911607078,-0.00018093891329801624,0.0013110053090298502,0.00039348715401308336,0.0015535047096588992,-0.0009483940628546211,-5.557038069166686e-06,-0.0006801552893190337,0.0016807261816444497,-0.0005327090471463665,-0.00018633194053408342,-0.0004386687225566166,0.0025406747362343818,0.10997966346718833,0.0,0.28060778883361664,-0.0049538681228978015,0.003838206691053183,0.02031180304092573,0.019960847233118185,-0.011297968236477928,-0.0006280047115007518,-0.0036949009720383453,0.0070164446383065154,-0.0013272948744059085,0.0037197948977926816,-0.012133649196047017,-0.029880257289137496,-0.012603490294064086,0.0006156322814345999,0.00020044055707762033,0.28060778883361664,0.0049538681228978015,0.43101053155271685,0.0,-0.035057128294329595,0.04760214477003169,0.004812584622747638,-0.013160617632577577,-0.009008712439794552,-0.005576464246084821,-0.012719050739593419,0.009453496654477719,0.005158877087233052,-0.007552363231559682,-0.034371093911020015,0.004273521211742234,0.0013373386846561336,0.0010509842911607078,0.003838206691053183,-0.02031180304092573,-0.035057128294329595,-0.04760214477003169,0.7707089261057333,0.0,0.1599620660324,0.024382452830858627,0.012009021297470482,0.0028295327120872672,0.02114634128351013,0.0038252226681812825,0.0005712749786251672,0.001464056768353083,-0.001758647475614867,0.0021188618617817966,-0.00018093891329801624,-0.0013110053090298502,0.019960847233118185,0.011297968236477928,0.004812584622747638,0.013160617632577577,0.1599620660324,-0.024382452830858627,0.115508203296315,0.0,0.061860849715586655,0.0040235116470997995,0.016432681490103667,-0.010302798248821668,0.1017553649990533,0.0152378711758816,0.0013559146806751638,-0.00111421982236115,0.00039348715401308336,-0.0015535047096588992,-0.0006280047115007518,0.0036949009720383453,-0.009008712439794552,0.005576464246084821,0.012009021297470482,-0.0028295327120872672,0.061860849715586655,-0.0040235116470997995,-0.17546777459601665,0.0,-0.08418171737894836,-0.0020029574991512105,0.02590038896758333,-0.0038564619204261505,0.0004787360884416,0.0012734476255733434,-0.0009483940628546211,5.557038069166686e-06,0.0070164446383065154,0.0013272948744059085,-0.012719050739593419,-0.009453496654477719,0.02114634128351013,-0.0038252226681812825,0.016432681490103667,0.010302798248821668,-0.08418171737894836,0.0020029574991512105,-0.06248802309532666,0.0,-0.033599402503133334,0.019185990845932834,0.001997118742463953,0.007677690333473016,-0.0006801552893190337,-0.0016807261816444497,0.0037197948977926816,0.012133649196047017,0.005158877087233052,0.007552363231559682,0.0005712749786251672,-0.001464056768353083,0.1017553649990533,-0.0152378711758816,0.02590038896758333,0.0038564619204261505,-0.033599402503133334,-0.019185990845932834,-0.08132591337792666,0.0,-0.0023030824270318375,0.0013433151705152364,-0.0005327090471463665,0.00018633194053408342,-0.029880257289137496,0.012603490294064086,-0.034371093911020015,-0.004273521211742234,-0.001758647475614867,-0.0021188618617817966,0.0013559146806751638,0.00111421982236115,0.0004787360884416,-0.0012734476255733434,0.001997118742463953,-0.007677690333473016,-0.0023030824270318375,-0.0013433151705152364,-0.10974798774816996,0.0,0.9996889458590001
0.7030000000000005,0.0015111366981423835,0.0,0.0020973147994878274,0.0014891655091303654,-0.00034471437228251594,0.0005890833300890997,-0.0001523776557130632,0.0016977064067724497,-0.0008492930781166669,-0.0010279086462594833,-0.0013621500532982683,-0.0008109791189098332,0.0007203324957674834,-0.0007010511481211833,-0.00070294563219299,-0.001648078284196834,0.00051344675028734,-0.0001954625229655667,0.0020973147994878274,-0.0014891655091303654,0.10986314537631502,0.0,0.2806647990573,-0.005005586313050102,0.0037821665861445014,0.020380689776718346,0.019823464808861595,-0.011281782229091536,-0.0006119838577680166,-0.0036804521805094336,0.0070269206085694326,-0.0013229962187057164,0.0036222158262727497,-0.012187633894459897,-0.029879335647402493,-0.012609075367335833,-0.00034471437228251594,-0.0005890833300890997,0.2806647990573,0.005005586313050102,0.43065628278651674,0.0,-0.03516434756137343,0.04742359262174834,0.004911293541757624,-0.013141057116504545,-0.009030198653079769,-0.005524687313257631,-0.012766923917438526,0.00932486508665915,0.005109198095787434,-0.007638767562318435,-0.034372365944906655,0.004313081839071884,-0.0001523776557130632,-0.0016977064067724497,0.0037821665861445014,-0.020380689776718346,-0.03516434756137343,-0.04742359262174834,0.7718424860682834,0.0,0.15997299384366673,0.024474923370220187,0.012065613420616985,0.002567102071619001,0.021252966862806637,0.003906562774260918,0.0006473895562484331,0.0016367439860143116,-0.0016859948474697657,0.002366452674693,-0.0008492930781166669,0.0010279086462594833,0.019823464808861595,0.011281782229091536,0.004911293541757624,0.013141057116504545,0.15997299384366673,-0.024474923370220187,0.11535508901653163,0.0,0.06191464422289665,0.003967630029849596,0.01653240823748688,-0.010286601456100568,0.10175300372394504,0.015278331099881498,0.0012366627934943433,-0.0011152647875737097,-0.0013621500532982683,0.0008109791189098332,-0.0006119838577680166,0.0036804521805094336,-0.009030198653079769,0.005524687313257631,0.012065613420616985,-0.002567102071619001,0.06191464422289665,-0.003967630029849596,-0.17552518628683333,0.0,-0.08413616259470005,-0.0019770878877544288,0.02591133456101833,-0.003880670039728821,0.0004312669626688834,0.0012811277036814997,0.0007203324957674834,0.0007010511481211833,0.0070269206085694326,0.0013229962187057164,-0.012766923917438526,-0.00932486508665915,0.021252966862806637,-0.003906562774260918,0.01653240823748688,0.010286601456100568,-0.08413616259470005,0.0019770878877544288,-0.06265536000830998,0.0,-0.03354749958291999,0.019149865819189833,0.0019371749857713166,0.007697210533775399,-0.00070294563219299,0.001648078284196834,0.0036222158262727497,0.012187633894459897,0.005109198095787434,0.007638767562318435,0.0006473895562484331,-0.0016367439860143116,0.10175300372394504,-0.015278331099881498,0.02591133456101833,0.003880670039728821,-0.03354749958291999,-0.019149865819189833,-0.08141589586820001,0.0,-0.002269967054751418,0.001289592825589045,0.00051344675028734,0.0001954625229655667,-0.029879335647402493,0.012609075367335833,-0.034372365944906655,-0.004313081839071884,-0.0016859948474697657,-0.002366452674693,0.0012366627934943433,0.0011152647875737097,0.0004312669626688834,-0.0012811277036814997,0.0019371749857713166,-0.007697210533775399,-0.002269967054751418,-0.001289592825589045,-0.10994293548638669,0.0,0.9996887622956169
0.7040000000000004,0.00151095315201145,0.0,-0.0025458377844679884,0.0004288839577495,-0.00016040197807113324,-0.0006926403454048426,-0.0011282624931003497,-0.0012751334966041336,0.0013263530546259756,8.093992741459978e-05,0.0015123464533116499,-0.0003898548980996,-3.414546572705509e-05,0.001053186792093402,0.0016488535222200999,0.0006506582343591662,-0.0002502363252872998,0.0004572404045396667,-0.0025458377844679884,-0.0004288839577495,0.10974570516721502,0.0,0.28068336342883327,-0.004993887643161868,0.0037210974419239007,0.020459856126449284,0.01970374179860955,-0.011242825948188092,-0.0005764270773042497,-0.003634649419568618,0.007053995419593352,-0.0012932723346305232,0.0035433767122237505,-0.012220048172952004,-0.029867788727007166,-0.012614943404945244,-0.00016040197807113324,0.0006926403454048426,0.28068336342883327,0.004993887643161868,0.43030495972143334,0.0,-0.03529620673566869,0.04730813862051333,0.0050124920812556475,-0.013087917397213999,-0.009064591660255729,-0.0054604916958028065,-0.012818019744334906,0.009176258243503987,0.005076225048445065,-0.007684951856416351,-0.03438169575833334,0.004341631606597532,-0.0011282624931003497,0.0012751334966041336,0.0037210974419239007,-0.020459856126449284,-0.03529620673566869,-0.04730813862051333,0.7729759503495833,0.0,0.1599348862182167,0.024532123901686267,0.012198554371810354,0.0023209502735905,0.021364056926826285,0.004014521741967533,0.0006949326570941665,0.00178496019380925,-0.0016538944544442333,0.0026006109968265663,0.0013263530546259756,-8.093992741459978e-05,0.01970374179860955,0.011242825948188092,0.0050124920812556475,0.013087917397213999,0.1599348862182167,-0.024532123901686267,0.11520058200876997,0.0,0.0619804567327783,0.003918616575697609,0.016613889182259995,-0.010255517789178234,0.10172204479054664,0.015348937609700165,0.0011142631147734,-0.0011609655135867668,0.0015123464533116499,0.0003898548980996,-0.0005764270773042497,0.003634649419568618,-0.009064591660255729,0.0054604916958028065,0.012198554371810354,-0.0023209502735905,0.0619804567327783,-0.003918616575697609,-0.17558224450820006,0.0,-0.08409101135234337,-0.0019372010199319003,0.025930974021048336,-0.0038868123361542333,0.0003669505469101284,0.0012839237793260002,-3.414546572705509e-05,-0.001053186792093402,0.007053995419593352,0.0012932723346305232,-0.012818019744334906,-0.009176258243503987,0.021364056926826285,-0.004014521741967533,0.016613889182259995,0.010255517789178234,-0.08409101135234337,0.0019372010199319003,-0.06282220898580665,0.0,-0.03350006281113834,0.019098295374371174,0.0018780883199794839,0.007698863000247132,0.0016488535222200999,-0.0006506582343591662,0.0035433767122237505,0.012220048172952004,0.005076225048445065,0.007684951856416351,0.0006949326570941665,-0.00178496019380925,0.10172204479054664,-0.015348937609700165,0.025930974021048336,0.0038868123361542333,-0.03350006281113834,-0.019098295374371174,-0.08150765288633835,0.0,-0.0022226240898361766,0.0012458377472114065,-0.0002502363252872998,-0.0004572404045396667,-0.029867788727007166,0.012614943404945244,-0.03438169575833334,-0.004341631606597532,-0.0016538944544442333,-0.0026006109968265663,0.0011142631147734,0.0011609655135867668,0.0003669505469101284,-0.0012839237793260002,0.0018780883199794839,-0.007698863000247132,-0.0022226240898361766,-0.0012458377472114065,-0.11013746527553665,0.0,0.9996885787433165
0.704999999999999,0.0015107696055850672,0.0,0.0015147583553796501,-0.002100349943612299,0.0006090008728299832,0.00039302432408143336,0.0016927784285383838,4.202140626058654e-05,-0.0009372035129589,0.0009189454018028671,-0.0007655168566298166,0.00135327931929285,-0.0007561572268054682,-0.0008124681721872497,-0.0015936694103508586,0.0007043787779549535,-0.00010800411691182282,-0.0004838090471486828,0.0015147583553796501,0.002100349943612299,0.10962934065298499,0.0,0.28069030164473335,-0.0049614727490033496,0.0036881566813946397,0.02056346837257882,0.01960444547460033,-0.011172214919776434,-0.0005625973287260333,-0.00357460103178885,0.007050011158013092,-0.0012521043807469912,0.0034770446486264996,-0.012277222560354833,-0.029881453918147834,-0.012640085018946668,0.0006090008728299832,-0.00039302432408143336,0.28069030164473335,0.0049614727490033496,0.42995386344336667,0.0,-0.03542000782959673,0.047237493406430006,0.005134504761419001,-0.012994626255809,-0.00908302576335288,-0.005385228767986397,-0.012860105476947319,0.009057320337053818,0.005083047919067668,-0.00769987023629595,-0.03438876665945333,0.004376649307915084,0.0016927784285383838,-4.202140626058654e-05,0.0036881566813946397,-0.02056346837257882,-0.03542000782959673,-0.047237493406430006,0.77410952406175,0.0,0.15992634177536666,0.024577347063951836,0.012370010218263996,0.002125743049051534,0.02143795942574612,0.004100260773504757,0.0007349608176504999,0.0019287971508061407,-0.0016349736035177333,0.002820957389095134,-0.0009372035129589,-0.0009189454018028671,0.01960444547460033,0.011172214919776434,0.005134504761419001,0.012994626255809,0.15992634177536666,-0.024577347063951836,0.11504604037858832,0.0,0.06205160090344499,0.0038742674552838174,0.016675523928614665,-0.01021981977879855,0.10169384407192002,0.015426404978868331,0.0010002011168161033,-0.0011898411460573833,-0.0007655168566298166,-0.00135327931929285,-0.0005625973287260333,0.00357460103178885,-0.00908302576335288,0.005385228767986397,0.012370010218263996,-0.002125743049051534,0.06205160090344499,-0.0038742674552838174,-0.1756392415736334,0.0,-0.08404035888673168,-0.0018945880754749798,0.025970432084795332,-0.0038857988502270673,0.0003176838890930084,0.0012616732410212703,-0.0007561572268054682,0.0008124681721872497,0.007050011158013092,0.0012521043807469912,-0.012860105476947319,-0.009057320337053818,0.02143795942574612,-0.004100260773504757,0.016675523928614665,0.01021981977879855,-0.08404035888673168,0.0018945880754749798,-0.06298840231824669,0.0,-0.033448276402669994,0.019060207263295496,0.001808900005152388,0.0077132846138458,-0.0015936694103508586,-0.0007043787779549535,0.0034770446486264996,0.012277222560354833,0.005083047919067668,0.00769987023629595,0.0007349608176504999,-0.0019287971508061407,0.10169384407192002,-0.015426404978868331,0.025970432084795332,0.0038857988502270673,-0.033448276402669994,-0.019060207263295496,-0.08160161004844,0.0,-0.0021407321926812635,0.0012403092424545952,-0.00010800411691182282,0.0004838090471486828,-0.029881453918147834,0.012640085018946668,-0.03438876665945333,-0.004376649307915084,-0.0016349736035177333,-0.002820957389095134,0.0010002011168161033,0.0011898411460573833,0.0003176838890930084,-0.0012616732410212703,0.001808900005152388,-0.0077132846138458,-0.0021407321926812635,-0.0012403092424545952,-0.11033188901162165,0.0,0.9996883951904165
0.7060000000000005,0.0015105860472008168,0.0,0.00038724599753560006,0.0025491264314286724,-0.0007260840673205781,0.00014635808035495327,-0.0011702721976798167,0.0012205220471294164,-7.666235063068355e-05,-0.0012848842434769832,-0.0004459614967754248,-0.0015000027383977662,0.0011794978915695845,3.650313835951659e-05,0.0006085090106050001,-0.0015897282167205836,0.0003920344255915169,0.00029051269882283807,0.00038724599753560006,-0.0025491264314286724,0.10951385349844331,0.0,0.2806859166007,-0.0049532437119468005,0.0036930549330464165,0.020687371270802175,0.019507203205185338,-0.011103532717306585,-0.0005776109437016,-0.003529171720431133,0.007007673104843368,-0.001225825719045083,0.00341830936735005,-0.012364078752305833,-0.02991763834094566,-0.012672520475954917,-0.0007260840673205781,-0.00014635808035495327,0.2806859166007,0.0049532437119468005,0.4296028301924333,0.0,-0.03555071842962419,0.047152905570288346,0.005262449909355768,-0.012907208889247828,-0.009090523988117364,-0.005320118123721769,-0.012900937131665648,0.008992960151781667,0.005099591241022,-0.007735005446060952,-0.034389551403165006,0.0044124692033165,-0.0011702721976798167,-0.0012205220471294164,0.0036930549330464165,-0.020687371270802175,-0.03555071842962419,-0.047152905570288346,0.7752434033547,0.0,0.15994713140781674,0.02463432497623439,0.012526968985792003,0.0019845526731844167,0.021506836124702673,0.004174100538670834,0.0007519914753393662,0.0021045388615787163,-0.0016313302195362664,0.0030276054738553326,-7.666235063068355e-05,0.0012848842434769832,0.019507203205185338,0.011103532717306585,0.005262449909355768,0.012907208889247828,0.15994713140781674,-0.02463432497623439,0.11489141262086998,0.0,0.06211143488312332,0.0038473980098013938,0.01673897507608665,-0.01018368530149023,0.10169190824550167,0.015480951427884332,0.0008823475181592521,-0.0011935609977938332,-0.0004459614967754248,0.0015000027383977662,-0.0005776109437016,0.003529171720431133,-0.009090523988117364,0.005320118123721769,0.012526968985792003,-0.0019845526731844167,0.06211143488312332,-0.0038473980098013938,-0.17569625909335002,0.0,-0.08397731306458668,-0.0018631935538864983,0.02600937250147683,-0.0038911643189726485,0.0002813473687433814,0.0012172861994624968,0.0011794978915695845,-3.650313835951659e-05,0.007007673104843368,0.001225825719045083,-0.012900937131665648,-0.008992960151781667,0.021506836124702673,-0.004174100538670834,0.01673897507608665,0.01018368530149023,-0.08397731306458668,0.0018631935538864983,-0.06315398761156002,0.0,-0.03338864171218168,0.019043061713764506,0.001728030183955252,0.007739936173468034,0.0006085090106050001,0.0015897282167205836,0.00341830936735005,0.012364078752305833,0.005099591241022,0.007735005446060952,0.0007519914753393662,-0.0021045388615787163,0.10169190824550167,-0.015480951427884332,0.02600937250147683,0.0038911643189726485,-0.03338864171218168,-0.019043061713764506,-0.08169694436526666,0.0,-0.0020618109947073736,0.0012492032049040663,0.0003920344255915169,-0.00029051269882283807,-0.02991763834094566,0.012672520475954917,-0.034389551403165006,-0.0044124692033165,-0.0016313302195362664,-0.0030276054738553326,0.0008823475181592521,0.0011935609977938332,0.0002813473687433814,-0.0012172861994624968,0.001728030183955252,-0.007739936173468034,-0.0020618109947073736,-0.0012492032049040663,-0.1105266830180433,0.0,0.9996882116254503
0.7070000000000005,0.0015104024900285333,0.0,-0.0020512824266943172,-0.0015259648037713506,0.00042465340401166943,-0.000642167676560183,-0.00012204809742388277,-0.001704556869738136,0.0009897176885736497,0.000775000954539033,0.0013766412751736337,0.0007442984027833886,-0.0009172462608316001,0.0008505830507078332,0.0006826179124613148,0.00152800275904205,-0.00048668258338038854,2.9322261243699916e-05,-0.0020512824266943172,0.0015259648037713506,0.10939844636354998,0.0,0.2806638299401834,-0.0049412670806010675,0.0037128102420360657,0.020811350566325496,0.019400584684833168,-0.011066167470238749,-0.0005927226030411917,-0.003487018395871399,0.006972723899024964,-0.0012088373195802337,0.003366142508058155,-0.012439991213650869,-0.02993648977741916,-0.012695562035930483,0.00042465340401166943,0.000642167676560183,0.2806638299401834,0.0049412670806010675,0.42925261034573337,0.0,-0.0357077682300628,0.047079992008485,0.005373026780760491,-0.012855534221828,-0.009119551750165123,-0.005278997324277229,-0.012949745091080695,0.008951717270219154,0.0050869369753365,-0.007813656623578186,-0.03438636934424166,0.00442419167833545,-0.00012204809742388277,0.001704556869738136,0.0037128102420360657,-0.020811350566325496,-0.0357077682300628,-0.047079992008485,0.7763776183781664,0.0,0.1599318523957667,0.024683279445352004,0.012676816457317145,0.0018871211196564582,0.021604792944428342,0.004288529650382931,0.0007207774289363834,0.0023005099458468007,-0.0016685714725271637,0.0032118919812298328,0.0009897176885736497,-0.000775000954539033,0.019400584684833168,0.011066167470238749,0.005373026780760491,0.012855534221828,0.1599318523957667,-0.024683279445352004,0.11473673750465004,0.0,0.06216898747537167,0.0038510128664485804,0.01681106844119583,-0.010146903610987334,0.10170134529197501,0.015533801252098502,0.0007593316090440132,-0.0012337343334700836,0.0013766412751736337,-0.0007442984027833886,-0.0005927226030411917,0.003487018395871399,-0.009119551750165123,0.005278997324277229,0.012676816457317145,-0.0018871211196564582,0.06216898747537167,-0.0038510128664485804,-0.17575351748705,0.0,-0.08391571517462001,-0.0018451439892916916,0.026035264209868667,-0.003898693592180342,0.00023301988337745,0.0011757788564171,-0.0009172462608316001,-0.0008505830507078332,0.006972723899024964,0.0012088373195802337,-0.012949745091080695,-0.008951717270219154,0.021604792944428342,-0.004288529650382931,0.01681106844119583,0.010146903610987334,-0.08391571517462001,0.0018451439892916916,-0.06331937425459165,0.0,-0.03333665314130166,0.019025475196731166,0.0016524207318916124,0.007747244325577332,0.0006826179124613148,-0.00152800275904205,0.003366142508058155,0.012439991213650869,0.0050869369753365,0.007813656623578186,0.0007207774289363834,-0.0023005099458468007,0.10170134529197501,-0.015533801252098502,0.026035264209868667,0.003898693592180342,-0.03333665314130166,-0.019025475196731166,-0.08179308169868164,0.0,-0.0020214047500978325,0.0012304061977387285,-0.00048668258338038854,-2.9322261243699916e-05,-0.02993648977741916,0.012695562035930483,-0.03438636934424166,-0.00442419167833545,-0.0016685714725271637,-0.0032118919812298328,0.0007593316090440132,0.0012337343334700836,0.00023301988337745,-0.0011757788564171,0.0016524207318916124,-0.007747244325577332,-0.0020214047500978325,-0.0012304061977387285,-0.110721813580105,0.0,0.9996880280620835
0.7079999999999991,0.0015102189432637005,0.0,0.0025165755079327055,-0.00037149383960906676,0.00018578961791003676,0.0007776207273916333,0.001373523517851662,0.0010697843173444002,-0.0012146329254384498,0.00019862809310163294,-0.0014810897115344335,0.00042267998227718344,6.594901118851674e-05,-0.0013078505132306866,-0.0015568842396787663,-0.0005993428300664498,0.0003403697095171868,-0.0003283172186843285,0.0025165755079327055,0.00037149383960906676,0.10928411432592001,0.0,0.2806213709870334,-0.004883927209767584,0.0037266763461339765,0.020927587087414327,0.019294146043735173,-0.011041984480807832,-0.0006014538632135002,-0.003418307859257916,0.006970534162248229,-0.0011753282545306002,0.0033198262091038017,-0.01248936588214799,-0.029918083785776674,-0.01272028441356892,0.00018578961791003676,-0.0007776207273916333,0.2806213709870334,0.004883927209767584,0.4289017910922835,0.0,-0.03585598002094449,0.04709271154039334,0.0054694736434866675,-0.01281347292465667,-0.009179613691719535,-0.005247302989183821,-0.0129980476738403,0.008900347275522117,0.005047336227362498,-0.007907179360250633,-0.034376967967335005,0.004402267039855318,0.001373523517851662,-0.0010697843173444002,0.0037266763461339765,-0.020927587087414327,-0.03585598002094449,-0.04709271154039334,0.7775124048171833,0.0,0.15986404843461674,0.02469155668473683,0.012857295977257663,0.00183436680916175,0.021700759493631826,0.004444043045845675,0.0006584926767069348,0.00247407280463755,-0.0017423877827854337,0.003378177976638784,-0.0012146329254384498,-0.00019862809310163294,0.019294146043735173,0.011041984480807832,0.0054694736434866675,0.01281347292465667,0.15986404843461674,-0.02469155668473683,0.11458376815967496,0.0,0.06224266655467667,0.003882390107412817,0.016876784649836066,-0.010118284621540831,0.10169281902093666,0.015625163315674984,0.0006528696285267831,-0.0013364056985856745,-0.0014810897115344335,-0.00042267998227718344,-0.0006014538632135002,0.003418307859257916,-0.009179613691719535,0.005247302989183821,0.012857295977257663,-0.00183436680916175,0.06224266655467667,-0.003882390107412817,-0.17581147727024998,0.0,-0.08386858536158333,-0.0018325798350350404,0.02605741033833249,-0.0038987110782859333,0.00017231388391136682,0.00115490075621805,6.594901118851674e-05,0.0013078505132306866,0.006970534162248229,0.0011753282545306002,-0.0129980476738403,-0.008900347275522117,0.021700759493631826,-0.004444043045845675,0.016876784649836066,0.010118284621540831,-0.08386858536158333,0.0018325798350350404,-0.06348503672765833,0.0,-0.033307644097155004,0.018994002850005836,0.001593270124096154,0.007725055525877717,-0.0015568842396787663,0.0005993428300664498,0.0033198262091038017,0.01248936588214799,0.005047336227362498,0.007907179360250633,0.0006584926767069348,-0.00247407280463755,0.10169281902093666,-0.015625163315674984,0.02605741033833249,0.0038987110782859333,-0.033307644097155004,-0.018994002850005836,-0.08189092910273166,0.0,-0.001996667075365015,0.0011934141211033499,0.0003403697095171868,0.0003283172186843285,-0.029918083785776674,0.01272028441356892,-0.034376967967335005,-0.004402267039855318,-0.0017423877827854337,-0.003378177976638784,0.0006528696285267831,0.0013364056985856745,0.00017231388391136682,-0.00115490075621805,0.001593270124096154,-0.007725055525877717,-0.001996667075365015,-0.0011934141211033499,-0.11091700972932839,0.0,0.9996878445084002
0.7090000000000006,0.001510035402297266,0.0,-0.001521070453023166,0.002037066238496,-0.0007185602676198432,-0.00038784592019651973,-0.0017404741598864328,0.000313768540553017,0.0006712393631542867,-0.0010173604325151332,0.0007417874454867501,-0.001312468605887222,0.0009158101807652216,0.001003737104132816,0.0015275549997287503,-0.000665784660754915,-2.800538596358336e-05,0.00044156456958916677,-0.001521070453023166,-0.002037066238496,0.10917256769759165,0.0,0.28055402129605,-0.004809156417188435,0.0037397450185741987,0.021041265411832998,0.019201372496694336,-0.010998693170719267,-0.0006313944654108735,-0.003332246068563229,0.006968504240435788,-0.0011248814022457334,0.003272807989232883,-0.012547374021425648,-0.029886991114014997,-0.01276628260883935,-0.0007185602676198432,0.00038784592019651973,0.28055402129605,0.004809156417188435,0.4285480016401667,0.0,-0.035951968033929506,0.04717245215632334,0.005579216105108165,-0.012742165283378497,-0.009244663969161567,-0.005206482938753954,-0.013037260585986364,0.008850868201608518,0.005013451074936568,-0.007987568793073113,-0.034352978626816674,0.004372595131599484,-0.0017404741598864328,-0.000313768540553017,0.0037397450185741987,-0.021041265411832998,-0.035951968033929506,-0.04717245215632334,0.7786478669323501,0.0,0.15979450700766668,0.024660260675597002,0.013061247449347167,0.0018174055893767117,0.021742375680641673,0.004577815717281817,0.0006055815083122668,0.0026234539679135505,-0.0018245644623218333,0.0035577089873444563,0.0006712393631542867,0.0010173604325151332,0.019201372496694336,0.010998693170719267,0.005579216105108165,0.012742165283378497,0.15979450700766668,-0.024660260675597002,0.11443486013803003,0.0,0.06232457860341333,0.003925459571002935,0.01692646039862595,-0.010106589598773667,0.10166174147639001,0.015745930629451167,0.0005729500766700115,-0.0014417898682781503,0.0007417874454867501,0.001312468605887222,-0.0006313944654108735,0.003332246068563229,-0.009244663969161567,0.005206482938753954,0.013061247449347167,-0.0018174055893767117,0.06232457860341333,-0.003925459571002935,-0.17587049853053333,0.0,-0.08382036266341002,-0.001821813474517042,0.026079788709779828,-0.0038928533436539334,0.0001296406786465667,0.0011480439396043833,0.0009158101807652216,-0.001003737104132816,0.006968504240435788,0.0011248814022457334,-0.013037260585986364,-0.008850868201608518,0.021742375680641673,-0.004577815717281817,0.01692646039862595,0.010106589598773667,-0.08382036266341002,0.001821813474517042,-0.06365110785705998,0.0,-0.03329120708078166,0.018962560297542008,0.0015374928402777995,0.00770109449164515,0.0015275549997287503,0.000665784660754915,0.003272807989232883,0.012547374021425648,0.005013451074936568,0.007987568793073113,0.0006055815083122668,-0.0026234539679135505,0.10166174147639001,-0.015745930629451167,0.026079788709779828,0.0038928533436539334,-0.03329120708078166,-0.018962560297542008,-0.08199164729017167,0.0,-0.00194988208287415,0.0011854659344949356,-2.800538596358336e-05,-0.00044156456958916677,-0.029886991114014997,0.01276628260883935,-0.034352978626816674,-0.004372595131599484,-0.0018245644623218333,-0.0035577089873444563,0.0005729500766700115,0.0014417898682781503,0.0001296406786465667,-0.0011480439396043833,0.0015374928402777995,-0.00770109449164515,-0.00194988208287415,-0.0011854659344949356,-0.11111241717188167,0.0,0.9996876609605666
0.7100000000000006,0.0015098518510297497,0.0,-0.00033600166511967494,-0.0025141503196882266,0.0007812876240543999,-0.0002807737008744616,0.0009326498127642831,-0.0015228234798015012,0.0003110909272351833,0.0011825562815591499,0.00039636039902211657,0.0014317875284819183,-0.0014077937308790993,-3.055851764440012e-05,-0.0006230693755402674,0.0015224151395438325,-0.00026738236125094987,-0.0003189602335463832,-0.00033600166511967494,0.0025141503196882266,0.10906353836424168,0.0,0.28049544273895,-0.004777960159194716,0.003771336434159679,0.02114553902538001,0.019119426685199656,-0.010945826208200846,-0.0006931110647022782,-0.00327327172075497,0.006939332977726516,-0.0010814305542768664,0.003216360774704863,-0.012640496661292654,-0.029870345798841673,-0.012830654881858352,0.0007812876240543999,0.0002807737008744616,0.28049544273895,0.004777960159194716,0.4281913664110999,0.0,-0.0360254900717394,0.047225709636734996,0.0057086434730465934,-0.012647384044627955,-0.009292782487029184,-0.005167182467099418,-0.013073970188920713,0.008827960733823316,0.004999990248701298,-0.008073707860738667,-0.03431725413268168,0.004362686370104206,0.0009326498127642831,0.0015228234798015012,0.003771336434159679,-0.02114553902538001,-0.0360254900717394,-0.047225709636734996,0.7797835743751833,0.0,0.15976987560675004,0.024618224866962003,0.013248144039973642,0.0018087260946464,0.02173131344296466,0.004667402889577934,0.0005567307321090501,0.002782090498538001,-0.0019096201267992006,0.0037685858295311504,0.0003110909272351833,-0.0011825562815591499,0.019119426685199656,0.010945826208200846,0.0057086434730465934,0.012647384044627955,0.15976987560675004,-0.024618224866962003,0.11429083586587171,0.0,0.06239789228702668,0.00397238246562495,0.016975944361205694,-0.01010652993376583,0.10164083384247663,0.015850546301883834,0.0005060436743574634,-0.0015022645937151533,0.00039636039902211657,-0.0014317875284819183,-0.0006931110647022782,0.00327327172075497,-0.009292782487029184,0.005167182467099418,0.013248144039973642,-0.0018087260946464,0.06239789228702668,-0.00397238246562495,-0.1759306705325833,0.0,-0.08376310371211833,-0.0018148371851901017,0.02609085795310683,-0.003889908986993702,0.00011877301192981668,0.0011431405617129502,-0.0014077937308790993,3.055851764440012e-05,0.006939332977726516,0.0010814305542768664,-0.013073970188920713,-0.008827960733823316,0.02173131344296466,-0.004667402889577934,0.016975944361205694,0.01010652993376583,-0.08376310371211833,0.0018148371851901017,-0.06381745226376166,0.0,-0.03327496516159666,0.018947817727839992,0.0014673842268996334,0.0076992857861357174,-0.0006230693755402674,-0.0015224151395438325,0.003216360774704863,0.012640496661292654,0.004999990248701298,0.008073707860738667,0.0005567307321090501,-0.002782090498538001,0.10164083384247663,-0.015850546301883834,0.02609085795310683,0.003889908986993702,-0.03327496516159666,-0.018947817727839992,-0.08209502357555169,0.0,-0.0018872845497834348,0.0012117271462217,-0.00026738236125094987,0.0003189602335463832,-0.029870345798841673,0.012830654881858352,-0.03431725413268168,-0.004362686370104206,-0.0019096201267992006,-0.0037685858295311504,0.0005060436743574634,0.0015022645937151533,0.00011877301192981668,-0.0011431405617129502,0.0014673842268996334,-0.0076992857861357174,-0.0018872845497834348,-0.0012117271462217,-0.11130854309270834,0.0,0.9996874774026165
0.7109999999999992,0.0015096682931408664,0.0,0.001981477059211996,0.0015546757972087174,-0.00032886315183134983,0.0007921848972449665,0.0005238838208488298,0.0017185462097984998,-0.0010976359708616663,-0.0005645774894584004,-0.0012682453513334162,-0.0007335462957850102,0.001032598078066867,-0.001027399185603135,-0.00059307555247747,-0.001496537902657563,0.0003988582446066065,5.370474892251342e-05,0.001981477059211996,-0.0015546757972087174,0.10895535977357168,0.0,0.2804223591144667,-0.004776243427291288,0.0038132903985429994,0.02121746981268834,0.019029639106952122,-0.010912690118365787,-0.0007540166520171285,-0.00325013805371585,0.006911260911835365,-0.0010492787365682834,0.0031515132623689,-0.012737544746869833,-0.02984991174637334,-0.012883828955789487,-0.00032886315183134983,-0.0007921848972449665,0.2804223591144667,0.004776243427291288,0.42783411021311657,0.0,-0.0361287820616155,0.047212396261825,0.005825585012801695,-0.012556733214452916,-0.00933102943266954,-0.005161062715519703,-0.013113688600842867,0.008818315335833538,0.004993213161628499,-0.008192869522593732,-0.03427434393103166,0.004367154235011317,0.0005238838208488298,-0.0017185462097984998,0.0038132903985429994,-0.02121746981268834,-0.0361287820616155,-0.047212396261825,0.7809184849373164,0.0,0.15974118954613334,0.024558138659801835,0.013408816848779221,0.0017980165119267568,0.021696592670000504,0.004763298369652866,0.0004752534337982497,0.002951152203251975,-0.0020179899811615,0.003985015540168067,-0.0010976359708616663,0.0005645774894584004,0.019029639106952122,0.010912690118365787,0.005825585012801695,0.012556733214452916,0.15974118954613334,-0.024558138659801835,0.11415138035536329,0.0,0.062451961121195006,0.004030503235143917,0.01703948517267917,-0.01009857396599817,0.10162071257504332,0.01592241114845067,0.00045194249253745027,-0.0015549859656583164,-0.0012682453513334162,0.0007335462957850102,-0.0007540166520171285,0.00325013805371585,-0.00933102943266954,0.005161062715519703,0.013408816848779221,-0.0017980165119267568,0.062451961121195006,-0.004030503235143917,-0.17599213784883336,0.0,-0.0836978218527217,-0.0018104929699935385,0.026077260418138157,-0.003891438374033628,0.00011528791682163669,0.0011423247075869837,0.001032598078066867,0.001027399185603135,0.006911260911835365,0.0010492787365682834,-0.013113688600842867,-0.008818315335833538,0.021696592670000504,-0.004763298369652866,0.01703948517267917,0.01009857396599817,-0.0836978218527217,0.0018104929699935385,-0.06398401766268666,0.0,-0.03326217480701334,0.018933520620254333,0.0013899290174515665,0.007706405400080816,-0.00059307555247747,0.001496537902657563,0.0031515132623689,0.012737544746869833,0.004993213161628499,0.008192869522593732,0.0004752534337982497,-0.002951152203251975,0.10162071257504332,-0.01592241114845067,0.026077260418138157,0.003891438374033628,-0.03326217480701334,-0.018933520620254333,-0.08220003349641833,0.0,-0.0018374810611829833,0.0012268964773382133,0.0003988582446066065,-5.370474892251342e-05,-0.02984991174637334,0.012883828955789487,-0.03427434393103166,-0.004367154235011317,-0.0020179899811615,-0.003985015540168067,0.00045194249253745027,0.0015549859656583164,0.00011528791682163669,-0.0011423247075869837,0.0013899290174515665,-0.007706405400080816,-0.0018374810611829833,-0.0012268964773382133,-0.11150552072618665,0.0,0.9996872938387166
0.7120000000000007,0.0015094847468707998,0.0,-0.0024830180247215248,0.0002855339571531149,-0.0003905652469988251,-0.0008080546957667667,-0.0016413819122760808,-0.0007425572289725004,0.0011749238142674315,-0.00041538090704346505,0.0013870357545036139,-0.0003421416606428665,-2.7815534960610288e-06,0.00149461528629585,0.0014379377609906002,0.0006552422846567832,-0.00032692438980945,0.00020911737706786487,-0.0024830180247215248,-0.0002855339571531149,0.10884815618968333,0.0,0.2803469188183,-0.004728116544960351,0.0038388639234824343,0.02125299785754216,0.018932689719977,-0.010892784083029601,-0.000784697386198276,-0.0032214396005734,0.0069271820455648085,-0.0010060673965687002,0.0030901821777428854,-0.012800707356929546,-0.029799558764613324,-0.012912287034906001,-0.0003905652469988251,0.0008080546957667667,0.2803469188183,0.004728116544960351,0.42747648597431653,0.0,-0.03626261559480536,0.047200702086715,0.005913366937871329,-0.012470080806488672,-0.009378002664148365,-0.0051921098618412246,-0.01315675012658868,0.008787066375321596,0.004987943500883558,-0.008321692513245167,-0.034235419898365,0.004367398894127546,-0.0016413819122760808,0.0007425572289725004,0.0038388639234824343,-0.02125299785754216,-0.03626261559480536,-0.047200702086715,0.7820514912546499,0.0,0.15968033297490006,0.02445166692711266,0.013575028736943103,0.0018140357839466297,0.021649148891978588,0.0048916957580586165,0.0003617166169709333,0.0030870660969088,-0.002160153090027517,0.0041712741530331495,0.0011749238142674315,0.00041538090704346505,0.018932689719977,0.010892784083029601,0.005913366937871329,0.012470080806488672,0.15968033297490006,-0.02445166692711266,0.11401731977162335,0.0,0.06250327092982834,0.0041047490306845395,0.017111724917430026,-0.010068918156885999,0.10157750670140168,0.016000175964364666,0.00043516103004764546,-0.0016503107669817326,0.0013870357545036139,0.0003421416606428665,-0.000784697386198276,0.0032214396005734,-0.009378002664148365,0.0051921098618412246,0.013575028736943103,-0.0018140357839466297,0.06250327092982834,-0.0041047490306845395,-0.17605544504541673,0.0,-0.08364587398007502,-0.0017979526929607001,0.026050472612241672,-0.003892263715351203,9.419861837212667e-05,0.0011560190512805183,-2.7815534960610288e-06,-0.00149461528629585,0.0069271820455648085,0.0010060673965687002,-0.01315675012658868,-0.008787066375321596,0.021649148891978588,-0.0048916957580586165,0.017111724917430026,0.010068918156885999,-0.08364587398007502,0.0017979526929607001,-0.06415080795490335,0.0,-0.03326994505672999,0.018895542407346342,0.0013254346494082,0.0077026573920192494,0.0014379377609906002,-0.0006552422846567832,0.0030901821777428854,0.012800707356929546,0.004987943500883558,0.008321692513245167,0.0003617166169709333,-0.0030870660969088,0.10157750670140168,-0.016000175964364666,0.026050472612241672,0.003892263715351203,-0.03326994505672999,-0.018895542407346342,-0.08230667870425501,0.0,-0.0017969301005205844,0.0012159773049717165,-0.00032692438980945,-0.00020911737706786487,-0.029799558764613324,0.012912287034906001,-0.034235419898365,-0.004367398894127546,-0.002160153090027517,-0.0041712741530331495,0.00043516103004764546,0.0016503107669817326,9.419861837212667e-05,-0.0011560190512805183,0.0013254346494082,-0.0077026573920192494,-0.0017969301005205844,-0.0012159773049717165,-0.11170289594722665,0.0,0.9996871102851167
0.7130000000000004,0.0015093012171618668,0.0,0.0015495420948814496,-0.0019513281143066824,0.000901293823821567,0.00023459746927860002,0.001625856499706317,-0.000755609538580666,-0.0005244429113666166,0.0011434207517901003,-0.0007310979464347999,0.0011758440017406997,-0.001071457245774388,-0.0010832594292422503,-0.001465748909939882,0.0005194709526141049,0.00011174173024938311,-0.00034792903206545014,0.0015495420948814496,0.0019513281143066824,0.10874444827716669,0.0,0.2802554903001333,-0.004605946489344427,0.003844988799751017,0.021275895906289286,0.018849967328620664,-0.01084474375035328,-0.00080512925263497,-0.003162753621886616,0.006970564241330786,-0.0009428251670341502,0.003037669663325067,-0.012839837759360751,-0.02972664700635667,-0.012933717286452465,0.000901293823821567,-0.00023459746927860002,0.2802554903001333,0.004605946489344427,0.42711570388593334,0.0,-0.036366635949280614,0.047230400819328326,0.005997335744868915,-0.012355615816184669,-0.009434087267532502,-0.005223405369533103,-0.013205600656304748,0.008726088743218417,0.005000636979173241,-0.008406100781996452,-0.03420198851187835,0.004361807521233,0.001625856499706317,0.000755609538580666,0.003844988799751017,-0.021275895906289286,-0.036366635949280614,-0.047230400819328326,0.7831819389631502,0.0,0.1596008941736167,0.02430087236056887,0.013751997615212015,0.0018767095057208535,0.021584399985322786,0.004998244112711633,0.0002509923759157334,0.0031733565244539495,-0.002334827456821366,0.004328081080484899,-0.0005244429113666166,-0.0011434207517901003,0.018849967328620664,0.01084474375035328,0.005997335744868915,0.012355615816184669,0.1596008941736167,-0.02430087236056887,0.11389066437686333,0.0,0.06255207378137004,0.0041787616686375,0.017174743518018665,-0.01002163759888532,0.10149803636401171,0.0161047778601685,0.0004525317301448329,-0.0017614608652135602,-0.0007310979464347999,-0.0011758440017406997,-0.00080512925263497,0.003162753621886616,-0.009434087267532502,0.005223405369533103,0.013751997615212015,-0.0018767095057208535,0.06255207378137004,-0.0041787616686375,-0.17612126799961664,0.0,-0.08360118044159331,-0.0017706173427225855,0.02602482221891,-0.003889237535257698,6.872623672873323e-05,0.0011798856854253797,-0.001071457245774388,0.0010832594292422503,0.006970564241330786,0.0009428251670341502,-0.013205600656304748,-0.008726088743218417,0.021584399985322786,-0.004998244112711633,0.017174743518018665,0.01002163759888532,-0.08360118044159331,0.0017706173427225855,-0.06431750705567332,0.0,-0.03328897669618167,0.01883502810373716,0.0012737836886331504,0.0076929114487226495,-0.001465748909939882,-0.0005194709526141049,0.003037669663325067,0.012839837759360751,0.005000636979173241,0.008406100781996452,0.0002509923759157334,-0.0031733565244539495,0.10149803636401171,-0.0161047778601685,0.02602482221891,0.003889237535257698,-0.03328897669618167,-0.01883502810373716,-0.08241601809738833,0.0,-0.0017411165253733382,0.0012235422853425048,0.00011174173024938311,0.00034792903206545014,-0.02972664700635667,0.012933717286452465,-0.03420198851187835,-0.004361807521233,-0.002334827456821366,-0.004328081080484899,0.0004525317301448329,0.0017614608652135602,6.872623672873323e-05,-0.0011798856854253797,0.0012737836886331504,-0.0076929114487226495,-0.0017411165253733382,-0.0012235422853425048,-0.11190033681829331,0.0,0.9996869267490835
0.7139999999999992,0.0015091176931055499,0.0,0.0002776609585537719,0.002474932331010903,-0.0007769440864821663,0.0005480669571604831,-0.00045503220224123327,0.001709244176570885,-0.00047684499904180016,-0.0011741133178920164,-0.0003137761588929717,-0.0013219186829932213,0.0015588942059585331,-4.018911213749873e-06,0.0006776743994722315,-0.0013571179320566336,0.00013084518957775013,0.0003247463827945668,0.0002776609585537719,-0.002474932331010903,0.10864634356618667,0.0,0.2801776845587666,-0.004461965559955304,0.003863749044111317,0.021303031222676645,0.018795679413484832,-0.010758431843505775,-0.0008499966902738833,-0.0031027080509592503,0.0069959634228008855,-0.000884546506865867,0.0029883192934036518,-0.012889726451217599,-0.02966557861621833,-0.012969014462856122,-0.0007769440864821663,-0.0005480669571604831,0.2801776845587666,0.004461965559955304,0.4267494163225834,0.0,-0.03642890116278437,0.047258524929494984,0.006111408869828282,-0.012211806064279315,-0.009483702134827902,-0.005232113206182613,-0.013268564031721886,0.00866332839889823,0.005048212480164811,-0.008441690809535449,-0.03417572278567999,0.004371629523320333,-0.00045503220224123327,-0.001709244176570885,0.003863749044111317,-0.021303031222676645,-0.03642890116278437,-0.047258524929494984,0.7843094948806166,0.0,0.15955837744464996,0.024151460610303346,0.013899723485164482,0.0019580442231021417,0.02152320144823817,0.005034352043042018,0.00014545354798041482,0.0032511509884618076,-0.0025438100932037174,0.004464834106535231,-0.00047684499904180016,0.0011741133178920164,0.018795679413484832,0.010758431843505775,0.006111408869828282,0.012211806064279315,0.15955837744464996,-0.024151460610303346,0.11377212759192165,0.0,0.06259068393737335,0.004233916838743717,0.017226941130011164,-0.00996189978036482,0.10142826885815333,0.016205659192620337,0.0004601124308640004,-0.0018375781588089665,-0.0003137761588929717,0.0013219186829932213,-0.0008499966902738833,0.0031027080509592503,-0.009483702134827902,0.005232113206182613,0.013899723485164482,-0.0019580442231021417,0.06259068393737335,-0.004233916838743717,-0.1761896491834666,0.0,-0.08355923141085668,-0.0017393367484889672,0.026007055311271326,-0.0038867698427504324,6.686540501534996e-05,0.0011966772443674316,0.0015588942059585331,4.018911213749873e-06,0.0069959634228008855,0.000884546506865867,-0.013268564031721886,-0.00866332839889823,0.02152320144823817,-0.005034352043042018,0.017226941130011164,0.00996189978036482,-0.08355923141085668,0.0017393367484889672,-0.06448363562693334,0.0,-0.033298800076061674,0.01877660002370567,0.0012148593753076508,0.007694262986387534,0.0006776743994722315,0.0013571179320566336,0.0029883192934036518,0.012889726451217599,0.005048212480164811,0.008441690809535449,0.00014545354798041482,-0.0032511509884618076,0.10142826885815333,-0.016205659192620337,0.026007055311271326,0.0038867698427504324,-0.033298800076061674,-0.01877660002370567,-0.08252836663292168,0.0,-0.0016698840252596552,0.0012794524342444173,0.00013084518957775013,-0.0003247463827945668,-0.02966557861621833,0.012969014462856122,-0.03417572278567999,-0.004371629523320333,-0.0025438100932037174,-0.004464834106535231,0.0004601124308640004,0.0018375781588089665,6.686540501534996e-05,-0.0011966772443674316,0.0012148593753076508,-0.007694262986387534,-0.0016698840252596552,-0.0012794524342444173,-0.1120981053923433,0.0,0.9996867432182834
0.7150000000000009,0.0015089341628073828,0.0,-0.0019284876998008494,-0.001555845525576864,0.00010682177980353338,-0.0009618851492532662,-0.0010291651632351954,-0.0014018383746530992,0.0011906594288899573,0.0004343731287460999,0.001158215673886133,0.0007020382336757999,-0.0011235853338893167,0.0011539226914395347,0.00043613681155790324,0.001398731422813085,-0.0003138473556719499,-0.0001738417175414167,-0.0019284876998008494,0.001555845525576864,0.10855384785052834,0.0,0.2801058212415333,-0.004329903331242733,0.003919596258980152,0.021316130819653438,0.01875312366772284,-0.010670324225684652,-0.0009147574666447664,-0.003064499166957287,0.006999665715227882,-0.0008586141473167167,0.0029392558159067506,-0.012947278284421949,-0.029619927119195002,-0.013004698455244768,0.00010682177980353338,0.0009618851492532662,0.2801058212415333,0.004329903331242733,0.42637783615658326,0.0,-0.03649791178140607,0.047242558154443316,0.006243362615162799,-0.012077361388629238,-0.009513221456816616,-0.005240995696545349,-0.013343407550267064,0.00861443580921873,0.005124716036135273,-0.008479762764300503,-0.034155962654335,0.004402837141785536,-0.0010291651632351954,0.0014018383746530992,0.003919596258980152,-0.021316130819653438,-0.03649791178140607,-0.047242558154443316,0.7854339686273,0.0,0.15953675873371667,0.024019122840195934,0.01398138995033468,0.00202797926917425,0.021492242575887145,0.005038435380971309,-1.8327456337170294e-06,0.0033481488333291817,-0.0027805338698547663,0.004558624617888833,0.0011906594288899573,-0.0004343731287460999,0.01875312366772284,0.010670324225684652,0.006243362615162799,0.012077361388629238,0.15953675873371667,-0.024019122840195934,0.11366046375500671,0.0,0.06260634759469999,0.004279368132856115,0.01727481619109,-0.009884155479411749,0.10139346837728169,0.016269156620712506,0.00043646444732453355,-0.0018991375118026,0.001158215673886133,-0.0007020382336757999,-0.0009147574666447664,0.003064499166957287,-0.009513221456816616,0.005240995696545349,0.01398138995033468,-0.00202797926917425,0.06260634759469999,-0.004279368132856115,-0.17626005476793336,0.0,-0.08352141742118997,-0.0017177264300804163,0.02598880154674184,-0.0038919576260139505,8.396719557590819e-05,0.0011967137339920545,-0.0011235853338893167,-0.0011539226914395347,0.006999665715227882,0.0008586141473167167,-0.013343407550267064,-0.00861443580921873,0.021492242575887145,-0.005038435380971309,0.01727481619109,0.009884155479411749,-0.08352141742118997,0.0017177264300804163,-0.06464914511126499,0.0,-0.033293398660583326,0.018729912485957997,0.0011463095167268506,0.007699691282853833,0.00043613681155790324,-0.001398731422813085,0.0029392558159067506,0.012947278284421949,0.005124716036135273,0.008479762764300503,-1.8327456337170294e-06,-0.0033481488333291817,0.10139346837728169,-0.016269156620712506,0.02598880154674184,0.0038919576260139505,-0.033293398660583326,-0.018729912485957997,-0.08264275507682334,0.0,-0.001604510269817768,0.001343199665251317,-0.0003138473556719499,0.0001738417175414167,-0.029619927119195002,0.013004698455244768,-0.034155962654335,-0.004402837141785536,-0.0027805338698547663,-0.004558624617888833,0.00043646444732453355,0.0018991375118026,8.396719557590819e-05,-0.0011967137339920545,0.0011463095167268506,-0.007699691282853833,-0.001604510269817768,-0.001343199665251317,-0.11229653591448666,0.0,0.9996865596818832
0.7160000000000005,0.0015087506384297335,0.0,0.002436727835214076,-0.0002610886204365435,0.0006533897839674493,0.000756291871733566,0.0017124156408266165,5.0491227035282665e-05,-0.0011185302978949682,0.0005832787101152666,-0.0013088936431134499,0.00031555673170051646,-1.776957173530839e-05,-0.0016728697812119836,-0.0012483097510215169,-0.0006806198744170485,0.00037756806279326657,-6.123960228305668e-05,0.002436727835214076,0.0002610886204365435,0.10846682947543833,0.0,0.2800416705899167,-0.004168313990627667,0.003985492581445849,0.021295534440067914,0.01870261198248416,-0.010605010475573034,-0.0009728026876974504,-0.0030173156736995007,0.007021497582498065,-0.0008570699631649049,0.0028963893884539063,-0.01297897235026557,-0.029564108886486657,-0.01301359716402473,0.0006533897839674493,-0.000756291871733566,0.2800416705899167,0.004168313990627667,0.42600124000910006,0.0,-0.036595226310472254,0.047224252421480005,0.006361380038719289,-0.011978535972504279,-0.009532183986485969,-0.005278727616618616,-0.013414895755201033,0.008560882809246202,0.005207751538106157,-0.008551797977692793,-0.034141107331036674,0.004438059705456717,0.0017124156408266165,-5.0491227035282665e-05,0.003985492581445849,-0.021295534440067914,-0.036595226310472254,-0.047224252421480005,0.7865549958253669,0.0,0.15949514910018336,0.023868565092355045,0.014002332492069967,0.0021054598188080505,0.02148879168119833,0.005072776462648798,-0.0002077385092845328,0.003434650639012317,-0.0030215106960167913,0.004573541585815999,-0.0011185302978949682,-0.0005832787101152666,0.01870261198248416,0.010605010475573034,0.006361380038719289,0.011978535972504279,0.15949514910018336,-0.023868565092355045,0.11355498337345171,0.0,0.062605584453005,0.004340169333894984,0.01731791729034466,-0.009785744098555598,0.10136685145240001,0.016312415110585666,0.00041840725424361697,-0.0020087967309364483,-0.0013088936431134499,-0.00031555673170051646,-0.0009728026876974504,0.0030173156736995007,-0.009532183986485969,0.005278727616618616,0.014002332492069967,-0.0021054598188080505,0.062605584453005,-0.004340169333894984,-0.17633225356331667,0.0,-0.08349977885442166,-0.0017034218035520332,0.025964641669586345,-0.00390864838403258,9.339449249739999e-05,0.0011890839546681423,-1.776957173530839e-05,0.0016728697812119836,0.007021497582498065,0.0008570699631649049,-0.013414895755201033,-0.008560882809246202,0.02148879168119833,-0.005072776462648798,0.01731791729034466,0.009785744098555598,-0.08349977885442166,0.0017034218035520332,-0.06481444286947666,0.0,-0.033290894942356666,0.018681597080827336,0.0010932284736171502,0.00769000986266345,-0.0012483097510215169,0.0006806198744170485,0.0028963893884539063,0.01297897235026557,0.005207751538106157,0.008551797977692793,-0.0002077385092845328,-0.003434650639012317,0.10136685145240001,-0.016312415110585666,0.025964641669586345,0.00390864838403258,-0.033290894942356666,-0.018681597080827336,-0.08275841753117166,0.0,-0.0015507083733344385,0.0013636303180395168,0.00037756806279326657,6.123960228305668e-05,-0.029564108886486657,0.01301359716402473,-0.034141107331036674,-0.004438059705456717,-0.0030215106960167913,-0.004573541585815999,0.00041840725424361697,0.0020087967309364483,9.339449249739999e-05,-0.0011890839546681423,0.0010932284736171502,-0.00769000986266345,-0.0015507083733344385,-0.0013636303180395168,-0.11249530920695001,0.0,0.9996863761510499
0.7169999999999993,0.0015085671271404,0.0,-0.0015069779058932509,0.0018996633053897669,-0.0010436814505906083,-3.669062150150011e-05,-0.0010671115944708496,0.0013106851914115672,0.00034464095217626156,-0.0012148352790490998,0.000698894796668965,-0.0011187177440938503,0.0012302266545098069,0.0012277632239598166,0.0013457199584113201,-0.000386178097601935,-0.0002674346316576165,0.00029482987652919995,-0.0015069779058932509,-0.0018996633053897669,0.10838689477890001,0.0,0.2800054004675834,-0.0039405222559465505,0.004023160297716032,0.021269938259962637,0.01865036688928033,-0.010537805940350552,-0.0010292367302131337,-0.0029298089057261823,0.007072850201515682,-0.0008554901930165631,0.0028648375118250167,-0.01297964952010652,-0.029486985385358336,-0.013000270420040141,-0.0010436814505906083,3.669062150150011e-05,0.2800054004675834,0.0039405222559465505,0.4256175355199169,0.0,-0.03666737064772875,0.04725722439721167,0.006462853799990552,-0.011894410643085832,-0.009564293519238959,-0.00533085766537225,-0.0134728075553728,0.008481041674328098,0.005274518487369141,-0.008637345969636417,-0.034121575294265,0.004461991421162469,-0.0010671115944708496,-0.0013106851914115672,0.004023160297716032,-0.021269938259962637,-0.03666737064772875,-0.04725722439721167,0.7876724387064833,0.0,0.1594444127300833,0.0236841410173826,0.013988539189383097,0.0022161852124165464,0.021496639926109173,0.005133268300086135,-0.00042752048293454145,0.0034827815178327163,-0.0032495803324409833,0.004517479194102601,0.00034464095217626156,0.0012148352790490998,0.01865036688928033,0.010537805940350552,0.006462853799990552,0.011894410643085832,0.1594444127300833,-0.0236841410173826,0.11345686209812335,0.0,0.06260610180059333,0.004419647904677397,0.01735021897926067,-0.00968161819965842,0.10131857146429504,0.016370336110043834,0.000436877049157085,-0.0021753315059918335,0.000698894796668965,0.0011187177440938503,-0.0010292367302131337,0.0029298089057261823,-0.009564293519238959,0.00533085766537225,0.013988539189383097,-0.0022161852124165464,0.06260610180059333,-0.004419647904677397,-0.17640669572425002,0.0,-0.08349498086424668,-0.0016844664840443685,0.025936024600619497,-0.003933922185215299,8.918030111205162e-05,0.0011874457738128034,0.0012302266545098069,-0.0012277632239598166,0.007072850201515682,0.0008554901930165631,-0.0134728075553728,-0.008481041674328098,0.021496639926109173,-0.005133268300086135,0.01735021897926067,0.00968161819965842,-0.08349498086424668,0.0016844664840443685,-0.06497978891482832,0.0,-0.033304363923415,0.018623546540975835,0.0010675158083054833,0.007666405816905967,0.0013457199584113201,0.000386178097601935,0.0028648375118250167,0.01297964952010652,0.005274518487369141,0.008637345969636417,-0.00042752048293454145,-0.0034827815178327163,0.10131857146429504,-0.016370336110043834,0.025936024600619497,0.003933922185215299,-0.033304363923415,-0.018623546540975835,-0.08287581310900997,0.0,-0.0014937406685321417,0.001358176466340017,-0.0002674346316576165,-0.00029482987652919995,-0.029486985385358336,0.013000270420040141,-0.034121575294265,-0.004461991421162469,-0.0032495803324409833,-0.004517479194102601,0.000436877049157085,0.0021753315059918335,8.918030111205162e-05,-0.0011874457738128034,0.0010675158083054833,-0.007666405816905967,-0.0014937406685321417,-0.001358176466340017,-0.11269380784949834,0.0,0.9996861926331496
0.718000000000001,0.00150838362205555,0.0,-0.0002925465291821033,-0.002395410507637468,0.0007612359166573336,-0.0007729873672646834,-0.00038821575889191293,-0.0016162596272540502,0.000658277513546067,0.0010972166153512331,0.0002887032138656,0.0012544556811607337,-0.0018065068036756332,6.6246746409265835e-06,-0.0006720749966896999,0.0012069493065601051,1.5769911949966664e-05,-0.00040161277760451656,-0.0002925465291821033,0.002395410507637468,0.108315829664885,0.0,0.2799902190214833,-0.003690556854071433,0.0040419239372551045,0.021282400724691022,0.018615297192023164,-0.010442477607941474,-0.0011114658929956829,-0.00283104956127228,0.007115828200644467,-0.0008550932483185832,0.002840242011526201,-0.012984838276301553,-0.029411419021718333,-0.012993558176549434,0.0007612359166573336,0.0007729873672646834,0.2799902190214833,0.003690556854071433,0.42522447353695014,0.0,-0.03666761338226767,0.04730536958703834,0.006575498409753207,-0.011792714056076566,-0.009613913215747043,-0.005369657057857702,-0.013521942853398809,0.008381867945031596,0.005325621030092867,-0.008713733922946531,-0.03408740761616334,0.004486788796663933,-0.00038821575889191293,0.0016162596272540502,0.0040419239372551045,-0.021282400724691022,-0.03666761338226767,-0.04730536958703834,0.7887864265448333,0.0,0.15942385422608332,0.023497983996939094,0.013958458677387582,0.0023305422569817507,0.021514110821595163,0.005175973694828684,-0.0006251433538426332,0.003527768822683484,-0.003473700849641542,0.004434730245717834,0.000658277513546067,-0.0010972166153512331,0.018615297192023164,0.010442477607941474,0.006575498409753207,0.011792714056076566,0.15942385422608332,-0.023497983996939094,0.11336704212718,0.0,0.06261470061703668,0.004494397829342776,0.017366855662047834,-0.009588653884530849,0.10125929773080003,0.016432438533268003,0.00046614744514817476,-0.0023470086510128745,0.0002887032138656,-0.0012544556811607337,-0.0011114658929956829,0.00283104956127228,-0.009613913215747043,0.005369657057857702,0.013958458677387582,-0.0023305422569817507,0.06261470061703668,-0.004494397829342776,-0.1764837524883667,0.0,-0.08348593345019502,-0.0016598299814879062,0.025903155731003664,-0.003960037432427281,9.443096449876494e-05,0.00118926968873545,-0.0018065068036756332,-6.6246746409265835e-06,0.007115828200644467,0.0008550932483185832,-0.013521942853398809,-0.008381867945031596,0.021514110821595163,-0.005175973694828684,0.017366855662047834,0.009588653884530849,-0.08348593345019502,0.0016598299814879062,-0.065145018650505,0.0,-0.033317177965734995,0.018566346133738844,0.0010468893104310683,0.007647181774388834,-0.0006720749966896999,-0.0012069493065601051,0.002840242011526201,0.012984838276301553,0.005325621030092867,0.008713733922946531,-0.0006251433538426332,-0.003527768822683484,0.10125929773080003,-0.016432438533268003,0.025903155731003664,0.003960037432427281,-0.033317177965734995,-0.018566346133738844,-0.08299545116670501,0.0,-0.0014290904541795616,0.0013811289012077015,1.5769911949966664e-05,0.00040161277760451656,-0.029411419021718333,0.012993558176549434,-0.03408740761616334,-0.004486788796663933,-0.003473700849641542,-0.004434730245717834,0.00046614744514817476,0.0023470086510128745,9.443096449876494e-05,-0.00118926968873545,0.0010468893104310683,-0.007647181774388834,-0.0014290904541795616,-0.0013811289012077015,-0.112891924069035,0.0,0.9996860091215329
0.7190000000000006,0.0015082001047903998,0.0,0.0018928290260949413,0.0014897112529089586,3.9143798726766836e-05,0.0011128321099708367,0.0014856362825759063,0.0006676432557175499,-0.00128185016060825,-0.0002522937170477966,-0.0010795825160866432,-0.0006654368727787483,0.0013048781013809,-0.0013547411365936932,-0.00036114964652959983,-0.0012926284544512836,0.00026007706632312993,0.00032131503426024993,0.0018928290260949413,-0.0014897112529089586,0.10825319459973834,0.0,0.2799999167691665,-0.0034834326876629065,0.0040776734576414165,0.021323271691088667,0.01859431811109666,-0.010343889123947882,-0.001215148665148188,-0.0027765503727676774,0.007127588314392032,-0.0008733054007300398,0.0028154913841228835,-0.013017454737041183,-0.029364185537795,-0.013003537321788178,3.9143798726766836e-05,-0.0011128321099708367,0.2799999167691665,0.0034834326876629065,0.4248227295358833,0.0,-0.03663775211535349,0.047306077214046664,0.0067064891255105615,-0.011677263160229484,-0.009655677771749834,-0.0054018312327925,-0.013566894915079283,0.008286005123437096,0.005382997745414501,-0.008796038719843786,-0.03404611245210833,0.0045326338367610245,0.0014856362825759063,-0.0006676432557175499,0.0040776734576414165,-0.021323271691088667,-0.03663775211535349,-0.047306077214046664,0.7898970721026503,0.0,0.15945436382211672,0.02333708392839083,0.013919224446903399,0.0024033729889745164,0.021538885115023,0.005201808774041883,-0.0008260080209602954,0.0036060985901064336,-0.0037006259764663834,0.004348956822644733,-0.00128185016060825,0.0002522937170477966,0.01859431811109666,0.010343889123947882,0.0067064891255105615,0.011677263160229484,0.15945436382211672,-0.02333708392839083,0.11328436009769334,0.0,0.06263006795347,0.004551945047159718,0.01737152884526217,-0.009507965143451062,0.10122807504150334,0.016457460734160337,0.0004797750756417319,-0.0024952494833547665,-0.0010795825160866432,0.0006654368727787483,-0.001215148665148188,0.0027765503727676774,-0.009655677771749834,0.0054018312327925,0.013919224446903399,-0.0024033729889745164,0.06263006795347,-0.004551945047159718,-0.17656316994781665,0.0,-0.08346961299595497,-0.001637224083527453,0.025865452563176333,-0.0039828247177878156,0.00012225625725218673,0.0011824842703314082,0.0013048781013809,0.0013547411365936932,0.007127588314392032,0.0008733054007300398,-0.013566894915079283,-0.008286005123437096,0.021538885115023,-0.005201808774041883,0.01737152884526217,0.009507965143451062,-0.08346961299595497,0.001637224083527453,-0.065309949103475,0.0,-0.03331451915493001,0.01852425565318017,0.0010084506870873334,0.007640283516708071,-0.00036114964652959983,0.0012926284544512836,0.0028154913841228835,0.013017454737041183,0.005382997745414501,0.008796038719843786,-0.0008260080209602954,-0.0036060985901064336,0.10122807504150334,-0.016457460734160337,0.025865452563176333,0.0039828247177878156,-0.03331451915493001,-0.01852425565318017,-0.08311655011635496,0.0,-0.0013676516446621502,0.0014355056180661166,0.00026007706632312993,-0.00032131503426024993,-0.029364185537795,0.013003537321788178,-0.03404611245210833,-0.0045326338367610245,-0.0037006259764663834,-0.004348956822644733,0.0004797750756417319,0.0024952494833547665,0.00012225625725218673,-0.0011824842703314082,0.0010084506870873334,-0.007640283516708071,-0.0013676516446621502,-0.0014355056180661166,-0.11309006167545833,0.0,0.9996858255975165
0.7199999999999994,0.001508016576484017,0.0,-0.002382888244786449,0.00026627803294981855,-0.0008392348633374719,-0.000773724517798667,-0.0014152731610860766,0.0007314442223851004,0.001069868865214284,-0.0008017064790424667,0.0012180009991949506,-0.00029032621331171355,5.1965955427173325e-05,0.0019548584468549,0.0011150465914847336,0.0006390360122032466,-0.0004341464717337833,-7.532459045990009e-05,-0.002382888244786449,-0.00026627803294981855,0.10819742344975335,0.0,0.28000228642751673,-0.0033000601688350758,0.004117115052717149,0.0213538988469345,0.018554482212085333,-0.010276127652575521,-0.0012997979893977,-0.0027654953998344496,0.007134024524239118,-0.0008997694256093548,0.0027907287531363178,-0.013052266472398622,-0.02933694744527667,-0.013003851631745717,-0.0008392348633374719,0.000773724517798667,0.28000228642751673,0.0033000601688350758,0.4244144266594834,0.0,-0.03664384238949234,0.047261952271977006,0.006818788966280019,-0.011568199721716334,-0.00966436850422852,-0.0054620346222269515,-0.013598273509741623,0.0082007594668452,0.005453269409723618,-0.00890262104189787,-0.03400453025789333,0.004597437441152339,-0.0014152731610860766,-0.0007314442223851004,0.004117115052717149,-0.0213538988469345,-0.03664384238949234,-0.047261952271977006,0.7910040124903335,0.0,0.15949202695623335,0.02317006243247492,0.013866004076772933,0.002444760579257433,0.021536430094017827,0.005247920534260885,-0.001050957395501533,0.0036866360331202497,-0.00390858472525873,0.0042452801187883174,0.001069868865214284,0.0008017064790424667,0.018554482212085333,0.010276127652575521,0.006818788966280019,0.011568199721716334,0.15949202695623335,-0.02317006243247492,0.11320706199993501,0.0,0.06263642335466499,0.004606383785584298,0.017364331264785492,-0.009425204823038125,0.10120260440275335,0.01643463685307484,0.000511631559231915,-0.0026392530187301,0.0012180009991949506,0.00029032621331171355,-0.0012997979893977,0.0027654953998344496,-0.00966436850422852,0.0054620346222269515,0.013866004076772933,-0.002444760579257433,0.06263642335466499,-0.004606383785584298,-0.17664458390383334,0.0,-0.08344923996108501,-0.0016202679438577366,0.025817460776364834,-0.00400361859924105,0.00015503152985292147,0.0011667848069470384,5.1965955427173325e-05,-0.0019548584468549,0.007134024524239118,0.0008997694256093548,-0.013598273509741623,-0.0082007594668452,0.021536430094017827,-0.005247920534260885,0.017364331264785492,0.009425204823038125,-0.08344923996108501,0.0016202679438577366,-0.06547471167400666,0.0,-0.03330321027077334,0.018487495210350827,0.0009614652858002933,0.007635425839666717,0.0011150465914847336,-0.0006390360122032466,0.0027907287531363178,0.013052266472398622,0.005453269409723618,0.00890262104189787,-0.001050957395501533,-0.0036866360331202497,0.10120260440275335,-0.01643463685307484,0.025817460776364834,0.00400361859924105,-0.03330321027077334,-0.018487495210350827,-0.08323767765859998,0.0,-0.0013129245288499986,0.0014718234719430067,-0.0004341464717337833,7.532459045990009e-05,-0.02933694744527667,0.013003851631745717,-0.03400453025789333,-0.004597437441152339,-0.00390858472525873,-0.0042452801187883174,0.000511631559231915,0.0026392530187301,0.00015503152985292147,-0.0011667848069470384,0.0009614652858002933,-0.007635425839666717,-0.0013129245288499986,-0.0014718234719430067,-0.11328832587680333,0.0,0.9996856420627
0.7209999999999991,0.00150783305324055,0.0,0.001490362193277034,-0.0018584237365608784,0.0011738475507185836,-6.141701869381673e-05,0.0003242405955707671,-0.0015221682843494168,-0.00015471147380983322,0.0013618377550308836,-0.0006454791319474501,0.0010359436274959837,-0.001453486282667183,-0.0014023421639205497,-0.0011890583108346336,0.0003175701291937501,0.0004054682338927332,-0.00023697080494740498,0.001490362193277034,0.0018584237365608784,0.10814871467787004,0.0,0.28002720861168334,-0.0030742551698865928,0.004108256025534717,0.021382346265667002,0.01848619488554951,-0.010224575030679355,-0.0013433496271236039,-0.0027509598408144665,0.007167238746640284,-0.0009032709167522431,0.0027709013605598104,-0.013062931264094208,-0.029308231980209997,-0.012979083058723589,0.0011738475507185836,6.141701869381673e-05,0.28002720861168334,0.0030742551698865928,0.42399933275936674,0.0,-0.03668642324651684,0.04723898475508748,0.006887348377039123,-0.011460767976245501,-0.009650944997829567,-0.005559823187686034,-0.013610860283365868,0.0081146592440956,0.005515568769733135,-0.009010040389453461,-0.03396489665017001,0.004660686542982938,0.0003242405955707671,0.0015221682843494168,0.004108256025534717,-0.021382346265667002,-0.03668642324651684,-0.04723898475508748,0.7921066876566665,0.0,0.15953801887296665,0.022967209331233324,0.013797539808340614,0.00250656721658465,0.021487126071629836,0.005315848923999467,-0.001251119523947667,0.0037198450226527836,-0.0040719101254763,0.004115757125329466,-0.00015471147380983322,-0.0013618377550308836,0.01848619488554951,0.010224575030679355,0.006887348377039123,0.011460767976245501,0.15953801887296665,-0.022967209331233324,0.1131352188014467,0.0,0.06263740258735834,0.004668359797920505,0.0173404266787745,-0.00933190781517865,0.10114785416258666,0.016408745683590666,0.0006121749786575833,-0.0027878598685681668,-0.0006454791319474501,-0.0010359436274959837,-0.0013433496271236039,0.0027509598408144665,-0.009650944997829567,0.005559823187686034,0.013797539808340614,-0.00250656721658465,0.06263740258735834,-0.004668359797920505,-0.17672808425541672,0.0,-0.08343935282792167,-0.0016011026196316328,0.02576397303015416,-0.004024128877477882,0.0001711696666705117,0.001157138402570983,-0.001453486282667183,0.0014023421639205497,0.007167238746640284,0.0009032709167522431,-0.013610860283365868,-0.0081146592440956,0.021487126071629836,-0.005315848923999467,0.0173404266787745,0.00933190781517865,-0.08343935282792167,0.0016011026196316328,-0.06563950720098335,0.0,-0.033305295963786674,0.018436810317754168,0.0009271482737765162,0.007627447066022028,-0.0011890583108346336,-0.0003175701291937501,0.0027709013605598104,0.013062931264094208,0.005515568769733135,0.009010040389453461,-0.001251119523947667,-0.0037198450226527836,0.10114785416258666,-0.016408745683590666,0.02576397303015416,0.004024128877477882,-0.033305295963786674,-0.018436810317754168,-0.08335847270638165,0.0,-0.0012556730980485935,0.0014767908750171904,0.0004054682338927332,0.00023697080494740498,-0.029308231980209997,0.012979083058723589,-0.03396489665017001,-0.004660686542982938,-0.0040719101254763,-0.004115757125329466,0.0006121749786575833,0.0027878598685681668,0.0001711696666705117,-0.001157138402570983,0.0009271482737765162,-0.007627447066022028,-0.0012556730980485935,-0.0014767908750171904,-0.11348626425296668,0.0,0.9996854585330165
0.7220000000000008,0.0015076495388227664,0.0,0.00026666357504319854,0.0023603974544392963,-0.0007610325480279495,0.0009275668347644338,0.0009292234443652332,0.0011970791009253837,-0.000890459828034183,-0.001087458876025433,-0.00026842007924244204,-0.0011488117230707092,0.002070461803478566,-9.337530824166729e-06,0.0005934638148571995,-0.0010206027415217498,-0.00017018980616248337,0.00046134934973750014,0.00026666357504319854,-0.0023603974544392963,0.10810895551216171,0.0,0.28005975495063334,-0.002801534123866483,0.004054795639478016,0.021450218055132985,0.018420190664347844,-0.010151977393946217,-0.0013687408988638501,-0.0027227607939725048,0.0072104453473485035,-0.0008791135276109099,0.0027544268395962497,-0.013063278698928366,-0.02927185109327834,-0.01295140071102145,-0.0007610325480279495,-0.0009275668347644338,0.28005975495063334,0.002801534123866483,0.4235751270473667,0.0,-0.0366905792291555,0.047237704168225,0.006934444902625366,-0.01132524453893684,-0.009642974068284765,-0.005662083680814634,-0.013611378678922165,0.008015525466254923,0.005554709087072631,-0.009068985120074773,-0.03391289014185332,0.004704788216732683,0.0009292234443652332,-0.0011970791009253837,0.004054795639478016,-0.021450218055132985,-0.0366905792291555,-0.047237704168225,0.79320494113215,0.0,0.15960831035229994,0.02274860845552335,0.013724259555159664,0.0026027009590773335,0.021417677844062327,0.005365966204247249,-0.0013768868095491347,0.003719833755553467,-0.004205507752972599,0.0039763723251116665,-0.000890459828034183,0.001087458876025433,0.018420190664347844,0.010151977393946217,0.006934444902625366,0.01132524453893684,0.15960831035229994,-0.02274860845552335,0.11306998524726335,0.0,0.06263846093702664,0.004720192792745084,0.01729462836983,-0.009241552220908217,0.10105474955323834,0.01640702883381883,0.0007586067755055881,-0.002910907366839817,-0.00026842007924244204,0.0011488117230707092,-0.0013687408988638501,0.0027227607939725048,-0.009642974068284765,0.005662083680814634,0.013724259555159664,-0.0026027009590773335,0.06263846093702664,-0.004720192792745084,-0.17681395007171655,0.0,-0.0834267431317017,-0.0015717909797219134,0.025713427742407147,-0.004037934484660784,0.00017709956235299005,0.0011588592730298636,0.002070461803478566,9.337530824166729e-06,0.0072104453473485035,0.0008791135276109099,-0.013611378678922165,-0.008015525466254923,0.021417677844062327,-0.005365966204247249,0.01729462836983,0.009241552220908217,-0.0834267431317017,0.0015717909797219134,-0.06580408500199333,0.0,-0.033314471101023334,0.01836536105092,0.0009033650139675173,0.007621182328803225,0.0005934638148571995,0.0010206027415217498,0.0027544268395962497,0.013063278698928366,0.005554709087072631,0.009068985120074773,-0.0013768868095491347,-0.003719833755553467,0.10105474955323834,-0.01640702883381883,0.025713427742407147,0.004037934484660784,-0.033314471101023334,-0.01836536105092,-0.08347972627590501,0.0,-0.0011978964447423367,0.0014996870568047091,-0.00017018980616248337,-0.00046134934973750014,-0.02927185109327834,0.01295140071102145,-0.03391289014185332,-0.004704788216732683,-0.004205507752972599,-0.0039763723251116665,0.0007586067755055881,0.002910907366839817,0.00017709956235299005,-0.0011588592730298636,0.0009033650139675173,-0.007621182328803225,-0.0011978964447423367,-0.0014996870568047091,-0.11368362211617497,0.0,0.9996852750119166
0.7229999999999995,0.0015074660218268665,0.0,-0.0018573525786801353,-0.0014828865901807364,-0.0002029399395376924,-0.0011806870315356753,-0.001473090125586833,-7.508833788908368e-05,0.0014275991557487668,0.00010444878274299332,0.000988612680389907,0.0005940308573860331,-0.0014989376730430834,0.0014907789912902163,0.0002721678107219501,0.0010845194823749249,-0.00017198126559471338,-0.0004913969671750039,-0.0018573525786801353,0.0014828865901807364,0.108078983445435,0.0,0.28010122909108326,-0.002546076054763878,0.004020631001179754,0.021557723270080785,0.018381835731527664,-0.010064713947144428,-0.0013999457346363512,-0.0027180662097388685,0.007232488002414783,-0.0008553816753301966,0.0027339416291310287,-0.01308209242843583,-0.02924517727096499,-0.012949860444783586,-0.0002029399395376924,0.0011806870315356753,0.28010122909108326,0.002546076054763878,0.4231411060335168,0.0,-0.03663047211116484,0.04720939780810333,0.007004345916008167,-0.01116104979135713,-0.009641747329336004,-0.005737510765683599,-0.013608879636059503,0.007913594718896834,0.005591088027378916,-0.009070896118559551,-0.03384885079072667,0.004738543443223167,-0.001473090125586833,7.508833788908368e-05,0.004020631001179754,-0.021557723270080785,-0.03663047211116484,-0.04720939780810333,0.7942988536029998,0.0,0.15972714541135,0.022552165404661442,0.013662072865012835,0.002690611010368051,0.021370464980307164,0.005380657859999438,-0.0014577216752319829,0.003732642066335942,-0.004339741660723385,0.0038359759786557326,0.0014275991557487668,-0.00010444878274299332,0.018381835731527664,0.010064713947144428,0.007004345916008167,0.01116104979135713,0.15972714541135,-0.022552165404661442,0.11301105990950502,0.0,0.06264705046683834,0.00474246614609876,0.01723286359833975,-0.009170873332280564,0.10097417902026166,0.016404084592365004,0.0008822772223546951,-0.0029904770455443743,0.000988612680389907,-0.0005940308573860331,-0.0013999457346363512,0.0027180662097388685,-0.009641747329336004,0.005737510765683599,0.013662072865012835,-0.002690611010368051,0.06264705046683834,-0.00474246614609876,-0.17690191315339995,0.0,-0.08340822843696835,-0.0015393415304200163,0.025678058253101668,-0.004041186262289865,0.00019368316810508952,0.0011605028471050112,-0.0014989376730430834,-0.0014907789912902163,0.007232488002414783,0.0008553816753301966,-0.013608879636059503,-0.007913594718896834,0.021370464980307164,-0.005380657859999438,0.01723286359833975,0.009170873332280564,-0.08340822843696835,0.0015393415304200163,-0.06596790075114668,0.0,-0.03331127190718001,0.01828859036513467,0.0008709629679645329,0.007621146785602181,0.0002721678107219501,-0.0010845194823749249,0.0027339416291310287,0.01308209242843583,0.005591088027378916,0.009070896118559551,-0.0014577216752319829,-0.003732642066335942,0.10097417902026166,-0.016404084592365004,0.025678058253101668,0.004041186262289865,-0.03331127190718001,-0.01828859036513467,-0.08360171261761165,0.0,-0.0011571656105323783,0.0015730676830870032,-0.00017198126559471338,0.0004913969671750039,-0.02924517727096499,0.012949860444783586,-0.03384885079072667,-0.004738543443223167,-0.004339741660723385,-0.0038359759786557326,0.0008822772223546951,0.0029904770455443743,0.00019368316810508952,-0.0011605028471050112,0.0008709629679645329,-0.007621146785602181,-0.0011571656105323783,-0.0015730676830870032,-0.11388085100283504,0.0,0.9996850914887999
0.7239999999999992,0.0015072824904230502,0.0,0.0023525000431341907,-0.00025069227725487336,0.0010075285843829031,0.0006050703386623275,0.0010025902237241237,-0.001043916110682869,-0.0010463174242362834,0.0009870362352419335,-0.0011068370859315681,0.0002939674748654831,2.484761365404992e-05,-0.0021559994339773528,-0.0008790200347038667,-0.000563337875870667,0.0004871604919412667,0.00029247376713143353,0.0023525000431341907,0.00025069227725487336,0.10805758353914668,0.0,0.28012817787753336,-0.0023364810844086494,0.0040353669090838,0.02165157722251516,0.01834638529346518,-0.009997613492510474,-0.0014264947506660778,-0.0027414514796135236,0.007239505559103068,-0.0008545174741563332,0.002705430313200022,-0.013111446101055451,-0.029228896343358332,-0.01296050103122559,0.0010075285843829031,-0.0006050703386623275,0.28012817787753336,0.0023364810844086494,0.42269897918688315,0.0,-0.03655789748662067,0.04715016872010818,0.00709718492337875,-0.01100313087141243,-0.009616565043500435,-0.005790826799477401,-0.013601972125931498,0.007831919570916968,0.005648675024191017,-0.009059494053708499,-0.03378525259619,0.004774938334780299,0.0010025902237241237,0.001043916110682869,0.0040353669090838,-0.02165157722251516,-0.03655789748662067,-0.04715016872010818,0.7953884112487497,0.0,0.1598708231736166,0.022365486477087235,0.013599688864732831,0.0027361845633051005,0.0213421128995915,0.005383749192554967,-0.0015521645924840496,0.0037482916099980334,-0.004464289480565902,0.0036843782687767347,-0.0010463174242362834,-0.0009870362352419335,0.01834638529346518,0.009997613492510474,0.00709718492337875,0.01100313087141243,0.1598708231736166,-0.022365486477087235,0.11295680884661169,0.0,0.06264462696480166,0.004746620004532684,0.01716111622073358,-0.009113665044886218,0.10092626699777502,0.01637501179562183,0.0009733505753092187,-0.0030518485744683503,-0.0011068370859315681,-0.0002939674748654831,-0.0014264947506660778,0.0027414514796135236,-0.009616565043500435,0.005790826799477401,0.013599688864732831,-0.0027361845633051005,0.06264462696480166,-0.004746620004532684,-0.17699119198206664,0.0,-0.08339171544973169,-0.0015183271834520325,0.02565547808864117,-0.004042799706249035,0.00022256745101261656,0.0011530934410144873,2.484761365404992e-05,0.0021559994339773528,0.007239505559103068,0.0008545174741563332,-0.013601972125931498,-0.007831919570916968,0.0213421128995915,-0.005383749192554967,0.01716111622073358,0.009113665044886218,-0.08339171544973169,0.0015183271834520325,-0.066130809097275,0.0,-0.03329140550831333,0.018222328084139008,0.0008281653892043048,0.007620179468341134,-0.0008790200347038667,0.000563337875870667,0.002705430313200022,0.013111446101055451,0.005648675024191017,0.009059494053708499,-0.0015521645924840496,-0.0037482916099980334,0.10092626699777502,-0.01637501179562183,0.02565547808864117,0.004042799706249035,-0.03329140550831333,-0.018222328084139008,-0.08372365531353336,0.0,-0.0011361717179263668,0.0016561597487969495,0.0004871604919412667,-0.00029247376713143353,-0.029228896343358332,0.01296050103122559,-0.03378525259619,-0.004774938334780299,-0.004464289480565902,-0.0036843782687767347,0.0009733505753092187,0.0030518485744683503,0.00022256745101261656,-0.0011530934410144873,0.0008281653892043048,-0.007620179468341134,-0.0011361717179263668,-0.0016561597487969495,-0.11407850096848501,0.0,0.9996849079501169
0.7250000000000008,0.0015070989578064497,0.0,-0.0014659798651291665,0.001813348503647338,-0.001095152919538367,0.00036649865949991316,0.00013796261761445,0.001430979703500766,-1.3564993156033507e-05,-0.0014330872745321617,0.0005645800744866501,-0.0009813326480545231,0.0015004023057478835,0.0016028176503289826,0.0009703856433824882,-0.00017337285249566676,-0.0006152620863447351,9.192400829618338e-05,-0.0014659798651291665,-0.001813348503647338,0.10804354883119502,0.0,0.28014768295815,-0.0021305853946884832,0.004049358362271116,0.02170286773840323,0.018283195974398838,-0.009950016868301537,-0.0014363340440520353,-0.002740612246818727,0.007266695294358822,-0.0008662183501235332,0.002669950981737117,-0.013123245820368385,-0.02920073808359167,-0.012946026725975052,-0.001095152919538367,-0.00036649865949991316,0.28014768295815,0.0021305853946884832,0.42224981215798335,0.0,-0.03650700471166033,0.04711632457827817,0.0071770399142275145,-0.010877873096730167,-0.009557726346508902,-0.005845152308252017,-0.013584951938163468,0.007777154578112135,0.005716468804052766,-0.009073434280710248,-0.03373037742803834,0.004809543308118034,0.00013796261761445,-0.001430979703500766,0.004049358362271116,-0.02170286773840323,-0.03650700471166033,-0.04711632457827817,0.7964732270197501,0.0,0.16002845447473332,0.022147544524280336,0.013508016390550997,0.002755534925404367,0.02130394501125625,0.0053923616006665166,-0.0016506273081496664,0.003724739072234507,-0.004536301339066718,0.0035185453028848995,-1.3564993156033507e-05,0.0014330872745321617,0.018283195974398838,0.009950016868301537,0.0071770399142275145,0.010877873096730167,0.16002845447473332,-0.022147544524280336,0.11290696523477164,0.0,0.062612623452225,0.0047594676225369455,0.017081423561172947,-0.009054254571159168,0.10087892599703002,0.016349721887411166,0.0010874182412161832,-0.0031184696429582843,0.0005645800744866501,0.0009813326480545231,-0.0014363340440520353,0.002740612246818727,-0.009557726346508902,0.005845152308252017,0.013508016390550997,-0.002755534925404367,0.062612623452225,-0.0047594676225369455,-0.17708114195420005,0.0,-0.0833922442965017,-0.0015136027325543667,0.025635525282031835,-0.00405596943507865,0.0002497800585844917,0.0011466334806908625,0.0015004023057478835,-0.0016028176503289826,0.007266695294358822,0.0008662183501235332,-0.013584951938163468,-0.007777154578112135,0.02130394501125625,-0.0053923616006665166,0.017081423561172947,0.009054254571159168,-0.0833922442965017,0.0015136027325543667,-0.06629325385566334,0.0,-0.033279576905663334,0.018166766479489668,0.0007965127112907499,0.00761131945451055,0.0009703856433824882,0.00017337285249566676,0.002669950981737117,0.013123245820368385,0.005716468804052766,0.009073434280710248,-0.0016506273081496664,-0.003724739072234507,0.10087892599703002,-0.016349721887411166,0.025635525282031835,0.00405596943507865,-0.033279576905663334,-0.018166766479489668,-0.08384515822782,0.0,-0.0011135633923055833,0.0016967461659228482,-0.0006152620863447351,-9.192400829618338e-05,-0.02920073808359167,0.012946026725975052,-0.03373037742803834,-0.004809543308118034,-0.004536301339066718,-0.0035185453028848995,0.0010874182412161832,0.0031184696429582843,0.0002497800585844917,-0.0011466334806908625,0.0007965127112907499,-0.00761131945451055,-0.0011135633923055833,-0.0016967461659228482,-0.1142763737525683,0.0,0.99968472441095
0.7259999999999993,0.0015069154326268666,0.0,-0.0002590628555644,-0.002272504863584801,0.00040390322284935057,-0.0010813789708964494,-0.0011843345814886333,-0.0008172077267759994,0.0010438901547016003,0.0009821167770526168,0.00028411853298729154,0.0010617804782026114,-0.0022245209676184183,-0.00013305875217968342,-0.0005748342721582331,0.0007717524360250881,0.00044547169858075977,-0.0004883239420411,-0.0002590628555644,0.002272504863584801,0.10803703166431168,0.0,0.28018465514834995,-0.0019009786047821664,0.004034746950038566,0.021744173024273162,0.018207850856132517,-0.009886688473563547,-0.0014533929792587999,-0.0026897545754821016,0.00732145535364445,-0.0008747456508935068,0.0026323069809295507,-0.013118734999110936,-0.02914439082406834,-0.012900314852748498,0.00040390322284935057,0.0010813789708964494,0.28018465514834995,0.0019009786047821664,0.4217926300807332,0.0,-0.03643039044771885,0.04711734992923817,0.007226998701368917,-0.010773833979358669,-0.00950331194933005,-0.005898158074284463,-0.013559771597698988,0.00772686714213215,0.005764041387314484,-0.00910913286754245,-0.03366959452472333,0.004832066452980515,-0.0011843345814886333,0.0008172077267759994,0.004034746950038566,-0.021744173024273162,-0.03643039044771885,-0.04711734992923817,0.7975529975750835,0.0,0.1602169876576667,0.0218993591511175,0.013390882879426504,0.0027764393064250996,0.02125852727804883,0.005400538703492516,-0.0017105034725071002,0.0036646416616642006,-0.004553508418316232,0.003353487343368149,0.0010438901547016003,-0.0009821167770526168,0.018207850856132517,0.009886688473563547,0.007226998701368917,0.010773833979358669,0.1602169876576667,-0.0218993591511175,0.11286327877651668,0.0,0.06255957355395665,0.004789484819222367,0.017002644910342955,-0.009000229361219749,0.10080701270134501,0.0163664853150475,0.0012407201401866863,-0.0031828725118715497,0.00028411853298729154,-0.0010617804782026114,-0.0014533929792587999,0.0026897545754821016,-0.00950331194933005,0.005898158074284463,0.013390882879426504,-0.0027764393064250996,0.06255957355395665,-0.004789484819222367,-0.1771716895380167,0.0,-0.083406130157455,-0.001513907575208683,0.025613768340122505,-0.0040800718336335105,0.00026849024015156495,0.00115395564017386,-0.0022245209676184183,0.00013305875217968342,0.00732145535364445,0.0008747456508935068,-0.013559771597698988,-0.00772686714213215,0.02125852727804883,-0.005400538703492516,0.017002644910342955,0.009000229361219749,-0.083406130157455,0.001513907575208683,-0.06645566876889832,0.0,-0.033296802743893336,0.01811608811323466,0.0007873662285331,0.00759869233254375,-0.0005748342721582331,-0.0007717524360250881,0.0026323069809295507,0.013118734999110936,0.005764041387314484,0.00910913286754245,-0.0017105034725071002,-0.0036646416616642006,0.10080701270134501,-0.0163664853150475,0.025613768340122505,0.0040800718336335105,-0.033296802743893336,-0.01811608811323466,-0.08396713734916167,0.0,-0.0010768157941209446,0.0017099408089919833,0.00044547169858075977,0.0004883239420411,-0.02914439082406834,0.012900314852748498,-0.03366959452472333,-0.004832066452980515,-0.004553508418316232,-0.003353487343368149,0.0012407201401866863,0.0031828725118715497,0.00026849024015156495,-0.00115395564017386,0.0007873662285331,-0.00759869233254375,-0.0010768157941209446,-0.0017099408089919833,-0.11447381699348001,0.0,0.9996845408799168
0.7269999999999993,0.0015067319089641501,0.0,0.001769817571189737,0.0013874165502018832,0.0006191949978709662,0.0009924508077929332,0.00138801729892855,-0.0003917628714580588,-0.0014453503157134165,7.829946854713335e-05,-0.0009191001038868166,-0.0005242863836767401,0.0017069038927590835,-0.0014700470795063617,-0.00011030849328729171,-0.0009520441843748499,-3.7307971133883346e-05,0.0006820022716746834,0.001769817571189737,-0.0013874165502018832,0.10803798239060167,0.0,0.28022636705616666,-0.0016932818221936999,0.0040448803306300995,0.021801793864382666,0.018153824601873113,-0.009796385264198218,-0.0015079651441792436,-0.0026297191533642,0.0073750555370001815,-0.0008918811770868499,0.0025962350457421667,-0.013128173042854503,-0.029074516828296655,-0.012850943460953897,0.0006191949978709662,-0.0009924508077929332,0.28022636705616666,0.0016932818221936999,0.4213272687320499,0.0,-0.03629204000620083,0.047080556084759674,0.007273161741318118,-0.010669334736993748,-0.009487156135261583,-0.005927882298610367,-0.013538370091596395,0.007659019098905317,0.005796174561545666,-0.009152755860282783,-0.033594593419248316,0.004856222017732398,0.00138801729892855,0.0003917628714580588,0.0040448803306300995,-0.021801793864382666,-0.03629204000620083,-0.047080556084759674,0.7986274309890669,0.0,0.1604299782837667,0.021653185244496675,0.0132995197783535,0.00279379217797219,0.021227813685786502,0.005402722286840875,-0.0017518733566814833,0.0036134079381225674,-0.0045682865301608835,0.003192870992656767,-0.0014453503157134165,-7.829946854713335e-05,0.018153824601873113,0.009796385264198218,0.007273161741318118,0.010669334736993748,0.1604299782837667,-0.021653185244496675,0.11282708698045667,0.0,0.06250887191490832,0.004826032565529105,0.016937306087419935,-0.008973457088962815,0.10073106875854834,0.01640244958878833,0.0013778018971771836,-0.0032342501631079,-0.0009191001038868166,0.0005242863836767401,-0.0015079651441792436,0.0026297191533642,-0.009487156135261583,0.005927882298610367,0.0132995197783535,-0.00279379217797219,0.06250887191490832,-0.004826032565529105,-0.1772630999609333,0.0,-0.08340814285195336,-0.0015102843350324328,0.025592834143275997,-0.004104737137039102,0.00028910118584741666,0.0011683798686385398,0.0017069038927590835,0.0014700470795063617,0.0073750555370001815,0.0008918811770868499,-0.013538370091596395,-0.007659019098905317,0.021227813685786502,-0.005402722286840875,0.016937306087419935,0.008973457088962815,-0.08340814285195336,0.0015102843350324328,-0.06661801035061167,0.0,-0.033327301292371665,0.018074490533967497,0.0007840712138852552,0.007589323350883952,-0.00011030849328729171,0.0009520441843748499,0.0025962350457421667,0.013128173042854503,0.005796174561545666,0.009152755860282783,-0.0017518733566814833,-0.0036134079381225674,0.10073106875854834,-0.01640244958878833,0.025592834143275997,0.004104737137039102,-0.033327301292371665,-0.018074490533967497,-0.08409047000728997,0.0,-0.0010399678522449933,0.0017454159961054934,-3.7307971133883346e-05,-0.0006820022716746834,-0.029074516828296655,0.012850943460953897,-0.033594593419248316,-0.004856222017732398,-0.0045682865301608835,-0.003192870992656767,0.0013778018971771836,0.0032342501631079,0.00028910118584741666,-0.0011683798686385398,0.0007840712138852552,-0.007589323350883952,-0.0010399678522449933,-0.0017454159961054934,-0.11467056333296498,0.0,0.9996843573489497
0.728000000000001,0.001506548369371467,0.0,-0.0022009126726527293,0.0002579206847384333,-0.001179971557328885,-0.00012612148992469978,-0.0005790262616653171,0.0013260882661299137,0.0009303124422290999,-0.0011352646157386718,0.000983986022175242,-0.000282623444449408,-0.00017076428192845002,0.00226294171098195,0.0007187723406514884,0.0006212966108802502,-0.0004217723560640583,-0.0005627672934320333,-0.0022009126726527293,-0.0002579206847384333,0.10804445104585667,0.0,0.28026786014923327,-0.0015577205429513337,0.0041201753964008,0.02184070779255382,0.01811264935183923,-0.009707556935196317,-0.0015902888138810659,-0.0026012370696294838,0.007412774384133483,-0.000936707344437016,0.002560196212888405,-0.013162936202512505,-0.029019311458258333,-0.012811783781978088,-0.001179971557328885,0.00012612148992469978,0.28026786014923327,0.0015577205429513337,0.4208564041217332,0.0,-0.03615089129213018,0.04696853858262316,0.0073341409654187764,-0.01056865489622424,-0.009490349332076738,-0.005931495224515939,-0.013528633962464886,0.00758470153777417,0.0058531233148564005,-0.009216585772448986,-0.03353333899417999,0.004906585701473133,-0.0005790262616653171,-0.0013260882661299137,0.0041201753964008,-0.02184070779255382,-0.03615089129213018,-0.04696853858262316,0.7996960031140665,0.0,0.16065746346586665,0.021418449427564174,0.01326624517589135,0.0027890000041616556,0.02120659201694926,0.005398971801421971,-0.0018355259687872505,0.0035808180021246008,-0.004610359250917751,0.003025621197431417,0.0009303124422290999,0.0011352646157386718,0.01811264935183923,0.009707556935196317,0.0073341409654187764,0.01056865489622424,0.16065746346586665,-0.021418449427564174,0.112797784394405,0.0,0.06247168922129667,0.004864101873435619,0.016894220073517666,-0.00897611350409286,0.10069529587005163,0.016404979178955833,0.0014682234439408,-0.003279793629158207,0.000983986022175242,0.000282623444449408,-0.0015902888138810659,0.0026012370696294838,-0.009490349332076738,0.005931495224515939,0.01326624517589135,-0.0027890000041616556,0.06247168922129667,-0.004864101873435619,-0.17735556940698335,0.0,-0.08339977930430832,-0.0015049010598339081,0.025575854512095007,-0.0041293980171603845,0.00032295735192461994,0.0011753808368139844,-0.00017076428192845002,-0.00226294171098195,0.007412774384133483,0.000936707344437016,-0.013528633962464886,-0.00758470153777417,0.02120659201694926,-0.005398971801421971,0.016894220073517666,0.00897611350409286,-0.08339977930430832,0.0015049010598339081,-0.06678009327517834,0.0,-0.03335060173212834,0.01805726020549384,0.0007666304714365666,0.007581952402884697,0.0007187723406514884,-0.0006212966108802502,0.002560196212888405,0.013162936202512505,0.0058531233148564005,0.009216585772448986,-0.0018355259687872505,-0.0035808180021246008,0.10069529587005163,-0.016404979178955833,0.025575854512095007,0.0041293980171603845,-0.03335060173212834,-0.01805726020549384,-0.08421452971885833,0.0,-0.0010110917728156832,0.0018062403403305014,-0.0004217723560640583,0.0005627672934320333,-0.029019311458258333,0.012811783781978088,-0.03353333899417999,-0.004906585701473133,-0.004610359250917751,-0.003025621197431417,0.0014682234439408,0.003279793629158207,0.00032295735192461994,-0.0011753808368139844,0.0007666304714365666,-0.007581952402884697,-0.0010110917728156832,-0.0018062403403305014,-0.11486682484118328,0.0,0.9996841738030006
0.7289999999999994,0.0015063648165619503,0.0,0.0013685932062065481,-0.0016951795054917364,0.0008666039668286945,-0.0008416852814451888,-0.0006641157829912497,-0.0012915536910930662,0.00022105789048256495,0.0014721321122041777,-0.00046921313557466646,0.0008691740322679667,-0.0014832821693012666,-0.0017345039000370005,-0.0009354184092361014,2.1406813269633466e-05,0.0007114187779638337,0.0001566163258612166,0.0013685932062065481,0.0016951795054917364,0.10805404616163003,0.0,0.28027708222926667,-0.0014612142465184838,0.004201371326554733,0.02182548251642837,0.01803835281496757,-0.009632973036929315,-0.0016643035268321497,-0.002581887168032042,0.007451538312102862,-0.0009933185044780166,0.0025225960005874335,-0.01319730305730599,-0.028983639308959995,-0.012756656500400946,0.0008666039668286945,0.0008416852814451888,0.28027708222926667,0.0014612142465184838,0.42038304276678323,0.0,-0.03608376854760333,0.046822925061985834,0.007370225227995714,-0.010485278438524448,-0.009467267293734451,-0.005941766850283885,-0.013524438197998168,0.007527490647593332,0.00594967664657589,-0.009316208818446912,-0.033506282564665014,0.004980785072673732,-0.0006641157829912497,0.0012915536910930662,0.004201371326554733,-0.02182548251642837,-0.03608376854760333,-0.046822925061985834,0.8007578334338832,0.0,0.16088224790491665,0.02116572056795017,0.013254448835830884,0.0027620234003771504,0.02115490613647133,0.005374188145588002,-0.001960988388539267,0.0035298807081202655,-0.004644018305083851,0.0028545138434991823,0.00022105789048256495,-0.0014721321122041777,0.01803835281496757,0.009632973036929315,0.007370225227995714,0.010485278438524448,0.16088224790491665,-0.02116572056795017,0.11277426545583168,0.0,0.06242421475406,0.004909997714260166,0.016869314419367003,-0.008985915128976165,0.10067513580356331,0.0163611782242815,0.0015566850130495668,-0.0033171812475801437,-0.00046921313557466646,-0.0008691740322679667,-0.0016643035268321497,0.002581887168032042,-0.009467267293734451,0.005941766850283885,0.013254448835830884,-0.0027620234003771504,0.06242421475406,-0.004909997714260166,-0.17744920203041664,0.0,-0.08339455083740167,-0.0015018724496356681,0.025551353658758335,-0.004159841528293951,0.0003645263375604283,0.001176996925610946,-0.0014832821693012666,0.0017345039000370005,0.007451538312102862,0.0009933185044780166,-0.013524438197998168,-0.007527490647593332,0.02115490613647133,-0.005374188145588002,0.016869314419367003,0.008985915128976165,-0.08339455083740167,0.0015018724496356681,-0.06694195340434167,0.0,-0.03337268515055667,0.018061897968298667,0.0007397339733916334,0.007570453063680367,-0.0009354184092361014,-2.1406813269633466e-05,0.0025225960005874335,0.01319730305730599,0.00594967664657589,0.009316208818446912,-0.001960988388539267,-0.0035298807081202655,0.10067513580356331,-0.0163611782242815,0.025551353658758335,0.004159841528293951,-0.03337268515055667,-0.018061897968298667,-0.08433785530297833,0.0,-0.0009713574653482533,0.0018512847428229248,0.0007114187779638337,-0.0001566163258612166,-0.028983639308959995,0.012756656500400946,-0.033506282564665014,-0.004980785072673732,-0.004644018305083851,-0.0028545138434991823,0.0015566850130495668,0.0033171812475801437,0.0003645263375604283,-0.001176996925610946,0.0007397339733916334,-0.007570453063680367,-0.0009713574653482533,-0.0018512847428229248,-0.11506255165313167,0.0,0.9996839902441998
0.7299999999999993,0.0015061812686546665,0.0,0.00021144687225246989,0.002128797210145201,7.884377801767008e-05,0.0012558058083267812,0.0014218160393741003,0.0003010963525269902,-0.001247535697598667,-0.0008635666393908834,-0.0002783545913857731,-0.0008919673770124933,0.0022839919020076174,0.00020589903297281667,0.0006616694503024503,-0.0006464572087844336,-0.0006592641415901451,0.00035856874469169993,0.00021144687225246989,-0.002128797210145201,0.10806634010425668,0.0,0.28029968001163336,-0.0013375830225920329,0.004210216973101851,0.021798987414675803,0.017926223514183836,-0.009549059850254515,-0.0017168319182503332,-0.0025335825337291836,0.007510022398215185,-0.0010274388632765333,0.0024891379055111003,-0.013212642061822882,-0.02896123583527,-0.012666455383063501,7.884377801767008e-05,-0.0012558058083267812,0.28029968001163336,0.0013375830225920329,0.4199073010550499,0.0,-0.03609943955027484,0.04670370745211167,0.007338483731039863,-0.010408999366088044,-0.009417001031225364,-0.0059881510524383424,-0.013524005064325004,0.007481545864110944,0.006055454115084699,-0.009432845697140714,-0.03350017725297667,0.005057036869302488,0.0014218160393741003,-0.0003010963525269902,0.004210216973101851,-0.021798987414675803,-0.03609943955027484,-0.04670370745211167,0.801812224965233,0.0,0.1611309839065333,0.020889339866192003,0.013217110639378268,0.0027357931827207992,0.021067331059891836,0.005312467201653248,-0.0020613125497164165,0.003447919723189372,-0.004633405060123851,0.0027037622481780143,-0.001247535697598667,0.0008635666393908834,0.017926223514183836,0.009549059850254515,0.007338483731039863,0.010408999366088044,0.1611309839065333,-0.020889339866192003,0.11275661847125835,0.0,0.06236384212489333,0.004964870322966652,0.016853662942170167,-0.008988238927039397,0.10063145095760169,0.016309121396695495,0.001689147204345183,-0.0033229273950909997,-0.0002783545913857731,0.0008919673770124933,-0.0017168319182503332,0.0025335825337291836,-0.009417001031225364,0.0059881510524383424,0.013217110639378268,-0.0027357931827207992,0.06236384212489333,-0.004964870322966652,-0.17754425871828333,0.0,-0.08340956861095335,-0.0014917188372158853,0.025512334016964993,-0.004193816391601817,0.00039688298012756227,0.0011869600916590338,0.0022839919020076174,-0.00020589903297281667,0.007510022398215185,0.0010274388632765333,-0.013524005064325004,-0.007481545864110944,0.021067331059891836,-0.005312467201653248,0.016853662942170167,0.008988238927039397,-0.08340956861095335,0.0014917188372158853,-0.06710357832839833,0.0,-0.03342079619451167,0.01806799872538333,0.0007199714720066049,0.0075609964020183305,0.0006616694503024503,0.0006464572087844336,0.0024891379055111003,0.013212642061822882,0.006055454115084699,0.009432845697140714,-0.0020613125497164165,-0.003447919723189372,0.10063145095760169,-0.016309121396695495,0.025512334016964993,0.004193816391601817,-0.03342079619451167,-0.01806799872538333,-0.08445984293099668,0.0,-0.0009092360379462883,0.0018725147001950767,-0.0006592641415901451,-0.00035856874469169993,-0.02896123583527,0.012666455383063501,-0.03350017725297667,-0.005057036869302488,-0.004633405060123851,-0.0027037622481780143,0.001689147204345183,0.0033229273950909997,0.00039688298012756227,-0.0011869600916590338,0.0007199714720066049,-0.0075609964020183305,-0.0009092360379462883,-0.0018725147001950767,-0.11525717919747666,0.0,0.9996838066894165
0.7310000000000011,0.0015059977315163005,0.0,-0.0016276154269952486,-0.0013468578026771508,-0.0010792549628384834,-0.0008018021812559788,-0.0011258672460992515,0.0009035194336700177,0.001525189954716167,-0.0003051494029839333,0.0007820670006485335,0.0003816567958885,-0.0017827546329035472,0.0014556674254844668,-2.7192759030488303e-05,0.0009126305098581829,0.0002672915064118166,-0.0007177153641739816,-0.0016276154269952486,0.0013468578026771508,0.10808245727909664,0.0,0.28033790213765,-0.00118177418569337,0.004179032363881385,0.021817120032847723,0.017820477820078114,-0.00944262220217435,-0.0017644682070467334,-0.00247172820226755,0.007575341469190749,-0.0010378659932851904,0.0024672967480836834,-0.013220875902248345,-0.028951671717681662,-0.012567061607653562,-0.0010792549628384834,0.0008018021812559788,0.28033790213765,0.00118177418569337,0.41942758159915017,0.0,-0.03614981038391883,0.046586228555551674,0.007254162108618632,-0.010310722715424752,-0.009380226306129499,-0.0060611857766309785,-0.01353059159539855,0.007413008646802818,0.006145247541628904,-0.009521364712157284,-0.03347977876898,0.0051247276383639745,-0.0011258672460992515,-0.0009035194336700177,0.004179032363881385,-0.021817120032847723,-0.03614981038391883,-0.046586228555551674,0.8028591232141998,0.0,0.16138907102390004,0.02061754216419933,0.013160530290436673,0.0027298388946683334,0.020981294624700497,0.005220834898164618,-0.0021117176484845837,0.0033690748434103837,-0.004594487842460919,0.0025727591763656838,0.001525189954716167,0.0003051494029839333,0.017820477820078114,0.00944262220217435,0.007254162108618632,0.010310722715424752,0.16138907102390004,-0.02061754216419933,0.11274530473001834,0.0,0.062308533628423333,0.005015146952437464,0.016838455362606006,-0.008993377056396265,0.10055794891895503,0.0162634818562615,0.0018371983556110664,-0.003289563247014816,0.0007820670006485335,-0.0003816567958885,-0.0017644682070467334,0.00247172820226755,-0.009380226306129499,0.0060611857766309785,0.013160530290436673,-0.0027298388946683334,0.062308533628423333,-0.005015146952437464,-0.1776412961455166,0.0,-0.08342444237002503,-0.0014604636016255664,0.025464844823318334,-0.004218577411986315,0.0004185328428145334,0.00120258380234925,-0.0017827546329035472,-0.0014556674254844668,0.007575341469190749,0.0010378659932851904,-0.01353059159539855,-0.007413008646802818,0.020981294624700497,-0.005220834898164618,0.016838455362606006,0.008993377056396265,-0.08342444237002503,0.0014604636016255664,-0.06726437418682332,0.0,-0.033486728078694995,0.018056633049542,0.0007059296719449398,0.0075619719265681016,-2.7192759030488303e-05,-0.0009126305098581829,0.0024672967480836834,0.013220875902248345,0.006145247541628904,0.009521364712157284,-0.0021117176484845837,-0.0033690748434103837,0.10055794891895503,-0.0162634818562615,0.025464844823318334,0.004218577411986315,-0.033486728078694995,-0.018056633049542,-0.08458082213814334,0.0,-0.0008500645793359918,0.0019117364680320515,0.0002672915064118166,0.0007177153641739816,-0.028951671717681662,0.012567061607653562,-0.03347977876898,-0.0051247276383639745,-0.004594487842460919,-0.0025727591763656838,0.0018371983556110664,0.003289563247014816,0.0004185328428145334,-0.00120258380234925,0.0007059296719449398,-0.0075619719265681016,-0.0008500645793359918,-0.0019117364680320515,-0.11545034893774499,0.0,0.9996836231456333
0.7319999999999995,0.0015058141958895336,0.0,0.002098808664184684,-0.00017238062875883165,0.0013996434774267666,-0.0003303842094875663,1.789642870455031e-05,-0.0014242028304334833,-0.0008376144173936083,0.001345602316467733,-0.0007603037925050418,0.00030357186254996644,0.00023286142188346672,-0.0022960695478653355,-0.0005877443677099666,-0.000658868987523917,0.000285835476723035,0.0007342468248629833,0.002098808664184684,0.00017238062875883165,0.10810294919520337,0.0,0.28039083745419996,-0.001039116400219567,0.004192878810369335,0.021862135843988204,0.01774755527148083,-0.009340226009826848,-0.0018146351036707827,-0.0024351003725166004,0.0076258094334265975,-0.0010508993590305667,0.002456510551396867,-0.01323887819381042,-0.028968596569228337,-0.012499337703164892,0.0013996434774267666,0.0003303842094875663,0.28039083745419996,0.001039116400219567,0.4189437874236665,0.0,-0.036214970363893664,0.0464303210991315,0.007172563269585521,-0.010188939826381995,-0.00937195018130942,-0.006133497588126935,-0.013541461350390353,0.007315434593711774,0.006238549088385761,-0.009567889184161637,-0.03344887526222166,0.00519274375597817,1.789642870455031e-05,0.0014242028304334833,0.004192878810369335,-0.021862135843988204,-0.036214970363893664,-0.0464303210991315,0.8038986509326999,0.0,0.1616439217125,0.020371161295632965,0.013120341171066252,0.002737548221164667,0.020932664524467,0.005120216289995584,-0.002165007070033367,0.0033143675023961498,-0.004549673487523035,0.002435415893103768,-0.0008376144173936083,-0.001345602316467733,0.01774755527148083,0.009340226009826848,0.007172563269585521,0.010188939826381995,0.1616439217125,-0.020371161295632965,0.11273947990377671,0.0,0.06228040462606666,0.005046926407804609,0.016821873534611665,-0.009014515128546346,0.10051106433261169,0.016195014782023332,0.0019512213622774983,-0.0032433844848397996,-0.0007603037925050418,-0.00030357186254996644,-0.0018146351036707827,0.0024351003725166004,-0.00937195018130942,0.006133497588126935,0.013120341171066252,-0.002737548221164667,0.06228040462606666,-0.005046926407804609,-0.1777407430629667,0.0,-0.08343271011887003,-0.0014103887828183666,0.02542918521862166,-0.004230693372860404,0.00044659220763193253,0.0012092156691064333,0.00023286142188346672,0.0022960695478653355,0.0076258094334265975,0.0010508993590305667,-0.013541461350390353,-0.007315434593711774,0.020932664524467,-0.005120216289995584,0.016821873534611665,0.009014515128546346,-0.08343271011887003,0.0014103887828183666,-0.06742341338480334,0.0,-0.03353761035864667,0.018033079702575505,0.000679353169947983,0.0075703682207996816,-0.0005877443677099666,0.000658868987523917,0.002456510551396867,0.01323887819381042,0.006238549088385761,0.009567889184161637,-0.002165007070033367,-0.0033143675023961498,0.10051106433261169,-0.016195014782023332,0.02542918521862166,0.004230693372860404,-0.03353761035864667,-0.018033079702575505,-0.08470061353990667,0.0,-0.0008241926387293551,0.0019941469858220495,0.000285835476723035,-0.0007342468248629833,-0.028968596569228337,0.012499337703164892,-0.03344887526222166,-0.00519274375597817,-0.004549673487523035,-0.002435415893103768,0.0019512213622774983,0.0032433844848397996,0.00044659220763193253,-0.0012092156691064333,0.000679353169947983,-0.0075703682207996816,-0.0008241926387293551,-0.0019941469858220495,-0.11564247206004499,0.0,0.9996834396035
0.7329999999999994,0.0015056306517181996,0.0,-0.0013923569393543445,0.001577436412803467,-0.0007026187524715614,0.0013398649240827503,0.0010712988887601283,0.0009057338130853165,-0.00043719937210045325,-0.001524399142194,0.00027322179368990685,-0.0007374380848189165,0.0014656254342319704,0.0017935963040263002,0.0008270581281206468,8.862127250475008e-05,-0.0007445605446323666,-0.0003641605820250365,-0.0013923569393543445,-0.001577436412803467,0.10812740492822331,0.0,0.2804278591061333,-0.0009144255534053668,0.00424931659715328,0.02187762838270655,0.017677839080344763,-0.00926641793382788,-0.001854184896870155,-0.0024111722809083166,0.007660999113975232,-0.0010780883138050506,0.00245041165106068,-0.013254284588550715,-0.029012505629651672,-0.012453496481524145,-0.0007026187524715614,-0.0013398649240827503,0.2804278591061333,0.0009144255534053668,0.4184570902533001,0.0,-0.03629706349687067,0.046258973576453324,0.007103964072491018,-0.010073416140159004,-0.009355129804215068,-0.006196281832775965,-0.013546247962535153,0.0072239047317086014,0.006359664140173283,-0.00960238843101831,-0.03342824742618666,0.005261180741901895,0.0010712988887601283,-0.0009057338130853165,0.00424931659715328,-0.02187762838270655,-0.03629706349687067,-0.046258973576453324,0.8049308877217,0.0,0.1618923721877333,0.02013782259409643,0.01308978450908353,0.0027223231931456,0.020911387252166323,0.005018522706902834,-0.002258517491465816,0.003247815453391684,-0.004482079435346283,0.0022946922420620333,-0.00043719937210045325,0.001524399142194,0.017677839080344763,0.00926641793382788,0.007103964072491018,0.010073416140159004,0.1618923721877333,-0.02013782259409643,0.11273727360635334,0.0,0.06225686625316167,0.005058868904491208,0.016800604307436504,-0.009040624112480054,0.1005069942595183,0.016085979716081035,0.0020452522701847166,-0.0032027875378902006,0.00027322179368990685,0.0007374380848189165,-0.001854184896870155,0.0024111722809083166,-0.009355129804215068,0.006196281832775965,0.01308978450908353,-0.0027223231931456,0.06225686625316167,-0.005058868904491208,-0.17784253410051665,0.0,-0.08344452499439335,-0.0013553120299810801,0.025407907308255005,-0.004240771788085132,0.0004884934661325182,0.0012050996927777033,0.0014656254342319704,-0.0017935963040263002,0.007660999113975232,0.0010780883138050506,-0.013546247962535153,-0.0072239047317086014,0.020911387252166323,-0.005018522706902834,0.016800604307436504,0.009040624112480054,-0.08344452499439335,0.0013553120299810801,-0.06758013628747,0.0,-0.03355655596003001,0.018011067980256496,0.0006335494869434002,0.00757515196748364,0.0008270581281206468,-8.862127250475008e-05,0.00245041165106068,0.013254284588550715,0.006359664140173283,0.00960238843101831,-0.002258517491465816,-0.003247815453391684,0.1005069942595183,-0.016085979716081035,0.025407907308255005,0.004240771788085132,-0.03355655596003001,-0.018011067980256496,-0.08481818534857168,0.0,-0.0008217659439162532,0.0020878366110532493,-0.0007445605446323666,0.0003641605820250365,-0.029012505629651672,0.012453496481524145,-0.03342824742618666,-0.005261180741901895,-0.004482079435346283,-0.0022946922420620333,0.0020452522701847166,0.0032027875378902006,0.0004884934661325182,-0.0012050996927777033,0.0006335494869434002,-0.00757515196748364,-0.0008217659439162532,-0.0020878366110532493,-0.11583417537178496,0.0,0.9996832560527332
0.7340000000000011,0.0015054471134695005,0.0,-9.76158658263683e-05,-0.002087335836980278,-0.0005514229822320003,-0.0014837308354217174,-0.0013608833328176502,0.0002498818326408081,0.0014035401616289,0.0006896056754722167,0.0003449312712517234,0.0006724670635147767,-0.0023150170470053,-0.00025737816422543344,-0.0006308127711835331,0.00045485271827160024,0.000841097442109259,-0.00025661232560898344,-9.76158658263683e-05,0.002087335836980278,0.10815588857156669,0.0,0.2804676088424334,-0.0007667706945226667,0.004267917669264551,0.02187740814975567,0.017586697373402384,-0.009206978757349766,-0.0018839537700132002,-0.0023535776932554694,0.007698988547418705,-0.001102232778323935,0.002445308479548734,-0.013245476237380753,-0.02907013635695833,-0.012386455368677184,-0.0005514229822320003,0.0014837308354217174,0.2804676088424334,0.0007667706945226667,0.41796723187929996,0.0,-0.03637935455752068,0.04613223385226566,0.0070151094064232426,-0.009984756771296734,-0.009304967215044722,-0.006264802862630243,-0.013538310710605368,0.007165350049808895,0.006491896482395284,-0.009653909390134314,-0.033417418001879994,0.005320629595541014,-0.0013608833328176502,-0.0002498818326408081,0.004267917669264551,-0.02187740814975567,-0.03637935455752068,-0.04613223385226566,0.8059560319457668,0.0,0.1621664693053333,0.019904109859162657,0.013032588066277223,0.0026519893233219937,0.020895139500479356,0.004913812838627932,-0.002353638334084317,0.0031401271927080734,-0.0043661676261084505,0.0021948579507151122,0.0014035401616289,-0.0006896056754722167,0.017586697373402384,0.009206978757349766,0.0070151094064232426,0.009984756771296734,0.1621664693053333,-0.019904109859162657,0.11273754401852497,0.0,0.06220454593370165,0.005054205129405496,0.01676628536041334,-0.009052516419964818,0.10050238948714167,0.015972940859642328,0.0021697870709186436,-0.0031460536324664505,0.0003449312712517234,-0.0006724670635147767,-0.0018839537700132002,0.0023535776932554694,-0.009304967215044722,0.006264802862630243,0.013032588066277223,-0.0026519893233219937,0.06220454593370165,-0.005054205129405496,-0.17794615365858332,0.0,-0.083470545256535,-0.00130376727829395,0.025386733381383333,-0.004257910308183875,0.0005340819001389938,0.0012052595271564168,-0.0023150170470053,0.00025737816422543344,0.007698988547418705,0.001102232778323935,-0.013538310710605368,-0.007165350049808895,0.020895139500479356,-0.004913812838627932,0.01676628536041334,0.009052516419964818,-0.083470545256535,0.00130376727829395,-0.06773450935572668,0.0,-0.03356725692775833,0.017990062617430327,0.0005834907486942435,0.007575936614009849,-0.0006308127711835331,-0.00045485271827160024,0.002445308479548734,0.013245476237380753,0.006491896482395284,0.009653909390134314,-0.002353638334084317,-0.0031401271927080734,0.10050238948714167,-0.015972940859642328,0.025386733381383333,0.004257910308183875,-0.03356725692775833,-0.017990062617430327,-0.08493301067496999,0.0,-0.0008116771743342836,0.002152289871260443,0.000841097442109259,0.00025661232560898344,-0.02907013635695833,0.012386455368677184,-0.033417418001879994,-0.005320629595541014,-0.0043661676261084505,-0.0021948579507151122,0.0021697870709186436,0.0031460536324664505,0.0005340819001389938,-0.0012052595271564168,0.0005834907486942435,-0.007575936614009849,-0.0008116771743342836,-0.002152289871260443,-0.11602539733114833,0.0,0.9996830725085164
0.7349999999999995,0.0015052635903152333,0.0,0.0015188912224677977,0.0013991663108213826,0.0015556158669399335,0.0006221894076433502,0.0006606888144996833,-0.0011972964612284329,-0.0014398975584513662,0.0005485050762797166,-0.000689595407130367,-0.00018775488609019833,0.0018525644288716664,-0.0014365109376400047,0.00014178922775528498,-0.0007238367728311999,-0.00046407573335649987,0.0007945417349706666,0.0015188912224677977,-0.0013991663108213826,0.10818920522704999,0.0,0.2805487054666333,-0.0005889153320623499,0.004248146911244617,0.02191699692379433,0.01749665403615095,-0.009141013612255782,-0.0019303808694438398,-0.002268270788550099,0.0077422067514877685,-0.001112330124516383,0.0024488276837382325,-0.013214207245775964,-0.02912861262353833,-0.012291128952343635,0.0015556158669399335,-0.0006221894076433502,0.2805487054666333,0.0005889153320623499,0.4174724304277166,0.0,-0.036423058468878014,0.04604284354382417,0.006895030393192415,-0.009912753921161114,-0.009254365466278372,-0.0063475420230472085,-0.013512918926290508,0.007117854926275967,0.006598845375729693,-0.009719935307659015,-0.03339463736443168,0.0053769669637559175,0.0006606888144996833,0.0011972964612284329,0.004248146911244617,-0.02191699692379433,-0.036423058468878014,-0.04604284354382417,0.8069748265313833,0.0,0.1624837331369833,0.019683416743860996,0.0129515402424974,0.002539108999887883,0.020882756318794663,0.004825296977396634,-0.0024143657670054673,0.0030158969592620887,-0.004213847259634173,0.002155701488156469,-0.0014398975584513662,-0.0005485050762797166,0.01749665403615095,0.009141013612255782,0.006895030393192415,0.009912753921161114,0.1624837331369833,-0.019683416743860996,0.11274034997334333,0.0,0.06212879072818502,0.005031837008728316,0.01671646313371516,-0.00905441867735955,0.10046909395144,0.015900136916287985,0.002326445280058817,-0.003057008522505169,-0.000689595407130367,0.00018775488609019833,-0.0019303808694438398,0.002268270788550099,-0.009254365466278372,0.0063475420230472085,0.0129515402424974,-0.002539108999887883,0.06212879072818502,-0.005031837008728316,-0.17805104658523338,0.0,-0.0834957896982683,-0.0012504725912058478,0.025361645860996648,-0.004274649562805064,0.0005735901458110165,0.0012159119404271301,0.0018525644288716664,0.0014365109376400047,0.0077422067514877685,0.001112330124516383,-0.013512918926290508,-0.007117854926275967,0.020882756318794663,-0.004825296977396634,0.01671646313371516,0.00905441867735955,-0.0834957896982683,0.0012504725912058478,-0.06788659114761832,0.0,-0.03359462620789,0.017959801362545498,0.0005416151605363364,0.007581650708057917,0.00014178922775528498,0.0007238367728311999,0.0024488276837382325,0.013214207245775964,0.006598845375729693,0.009719935307659015,-0.0024143657670054673,-0.0030158969592620887,0.10046909395144,-0.015900136916287985,0.025361645860996648,0.004274649562805064,-0.03359462620789,-0.017959801362545498,-0.08504597252784496,0.0,-0.0007933813509932999,0.0021957735899301462,-0.00046407573335649987,-0.0007945417349706666,-0.02912861262353833,0.012291128952343635,-0.03339463736443168,-0.0053769669637559175,-0.004213847259634173,-0.002155701488156469,0.002326445280058817,0.003057008522505169,0.0005735901458110165,-0.0012159119404271301,0.0005416151605363364,-0.007581650708057917,-0.0007933813509932999,-0.0021957735899301462,-0.11621557651064,0.0,0.9996828889784832
0.7359999999999994,0.0015050800755570498,0.0,-0.002045208069642383,7.375256691604981e-05,-0.0015952419577298994,0.0007885291828621333,0.0005017526538566605,0.0012591317568864504,0.000571171540011443,-0.0014158118121493997,0.0005650724088227668,-0.00036548081951484965,-0.0003022407701895142,0.002333372245961823,0.00038219768337856524,0.000600277736541883,-0.00020060396237377333,-0.0009273167206495169,-0.002045208069642383,-7.375256691604981e-05,0.10822748495842503,0.0,0.2806479574654,-0.00043366051479506676,0.004281820209475467,0.021978256958993,0.017433583001557434,-0.009077323660768901,-0.002008159530665953,-0.0022096767352726998,0.007768855269032435,-0.0011246499538900168,0.002469660394192183,-0.013182874648643561,-0.029184913116388326,-0.012205177193009085,-0.0015952419577298994,-0.0007885291828621333,0.2806479574654,0.00043366051479506676,0.4169725092509166,0.0,-0.036415378940407334,0.045906868261009176,0.00678216959945585,-0.009846157408059015,-0.009241380518107353,-0.0064328168984819165,-0.01346584723790615,0.007045365767192151,0.006683415191929568,-0.009791312362609045,-0.03336489768933167,0.005446685780007651,0.0005017526538566605,-0.0012591317568864504,0.004281820209475467,-0.021978256958993,-0.036415378940407334,-0.045906868261009176,0.80798776744855,0.0,0.16280791903121672,0.019479939055851162,0.012894606794190768,0.0024278176924717996,0.020874645370936497,0.0047739198814873715,-0.002487559432960417,0.0029041102659766505,-0.004055490197788332,0.0021366112637780333,0.000571171540011443,0.0014158118121493997,0.017433583001557434,0.009077323660768901,0.00678216959945585,0.009846157408059015,0.16280791903121672,-0.019479939055851162,0.11274580426431997,0.0,0.06206170975023831,0.004991687038002685,0.016658190261922497,-0.009068392220178606,0.10043316076774668,0.015856420311099854,0.002468406018401217,-0.00296148455941605,0.0005650724088227668,0.00036548081951484965,-0.002008159530665953,0.0022096767352726998,-0.009241380518107353,0.0064328168984819165,0.012894606794190768,-0.0024278176924717996,0.06206170975023831,-0.004991687038002685,-0.17815690471938336,0.0,-0.08349182968639335,-0.0011912153445928332,0.02534503764160167,-0.004278118735712396,0.0006122037083903551,0.001225890559026605,-0.0003022407701895142,-0.002333372245961823,0.007768855269032435,0.0011246499538900168,-0.01346584723790615,-0.007045365767192151,0.020874645370936497,-0.0047739198814873715,0.016658190261922497,0.009068392220178606,-0.08349182968639335,0.0011912153445928332,-0.06803623619618,0.0,-0.033620725145133326,0.01791953646740217,0.0005007118164573768,0.007592747275075082,0.00038219768337856524,-0.000600277736541883,0.002469660394192183,0.013182874648643561,0.006683415191929568,0.009791312362609045,-0.002487559432960417,-0.0029041102659766505,0.10043316076774668,-0.015856420311099854,0.02534503764160167,0.004278118735712396,-0.033620725145133326,-0.01791953646740217,-0.08515827589081668,0.0,-0.0007959415196702916,0.0022518524173571336,-0.00020060396237377333,0.0009273167206495169,-0.029184913116388326,0.012205177193009085,-0.03336489768933167,-0.005446685780007651,-0.004055490197788332,-0.0021366112637780333,0.002468406018401217,0.00296148455941605,0.0006122037083903551,-0.001225890559026605,0.0005007118164573768,-0.007592747275075082,-0.0007959415196702916,-0.0022518524173571336,-0.1164045237341083,0.0,0.9996827054572166
0.7369999999999999,0.0015048965495738993,0.0,0.0014073926494333306,-0.0014730139175580536,0.0005012954605418902,-0.0017886925018119452,-0.0012866933332803332,-0.00041676172014075,0.0006712560161959169,0.0013555776304834033,-0.0001015907373769835,0.0006333032602924836,-0.001452909582347617,-0.0018471494596763267,-0.0006666357474755264,-0.00018354806688374996,0.0007996182046772503,0.000562397932220022,0.0014073926494333306,0.0014730139175580536,0.1082692248087567,0.0,0.28074422376818325,-0.0003463231782337666,0.004389888846158096,0.021986839868969994,0.01737464732322651,-0.009037268917617532,-0.002099024916108283,-0.0021986468361779262,0.007764514026353151,-0.0011547614660203146,0.0024976230813804996,-0.013163422067341066,-0.02924474117476667,-0.012146393397483007,0.0005012954605418902,0.0017886925018119452,0.28074422376818325,0.0003463231782337666,0.4164702936922666,0.0,-0.03639096328335234,0.045680606496124,0.006710027185649131,-0.009800506254414301,-0.009252713081786454,-0.006504712833842118,-0.013403075467580683,0.006959895894461583,0.006782538103938951,-0.00987778282647223,-0.033371387292615004,0.0055284191447835754,-0.0012866933332803332,0.00041676172014075,0.004389888846158096,-0.021986839868969994,-0.03639096328335234,-0.045680606496124,0.8089942974011338,0.0,0.16312881232425003,0.01927555166033533,0.012889023443706082,0.002333010934293165,0.02085818707206597,0.004743799578915251,-0.0026326443271639664,0.002779325655821116,-0.003905095151708815,0.0021005211139986006,0.0006712560161959169,-0.0013555776304834033,0.01737464732322651,0.009037268917617532,0.006710027185649131,0.009800506254414301,0.16312881232425003,-0.01927555166033533,0.11275344620409496,0.0,0.06201842774785666,0.004941218064583768,0.016604276445729836,-0.009100793471384832,0.10043916278285002,0.015804022062232605,0.002577697107502083,-0.0028829557341199822,-0.0001015907373769835,-0.0006333032602924836,-0.002099024916108283,0.0021986468361779262,-0.009252713081786454,0.006504712833842118,0.012889023443706082,-0.002333010934293165,0.06201842774785666,-0.004941218064583768,-0.1782636096910167,0.0,-0.08346539725374667,-0.0011293571339156285,0.02534569616792667,-0.004272125390576957,0.0006588807138788518,0.0012295466466569949,-0.001452909582347617,0.0018471494596763267,0.007764514026353151,0.0011547614660203146,-0.013403075467580683,-0.006959895894461583,0.02085818707206597,-0.004743799578915251,0.016604276445729836,0.009100793471384832,-0.08346539725374667,0.0011293571339156285,-0.06818329606775334,0.0,-0.03361940236247833,0.017883268559247663,0.0004487456178519502,0.007598319991589966,-0.0006666357474755264,0.00018354806688374996,0.0024976230813804996,0.013163422067341066,0.006782538103938951,0.00987778282647223,-0.0026326443271639664,-0.002779325655821116,0.10043916278285002,-0.015804022062232605,0.02534569616792667,0.004272125390576957,-0.03361940236247833,-0.017883268559247663,-0.08527011675653329,0.0,-0.0008269109625394499,0.0023235547996759503,0.0007996182046772503,-0.000562397932220022,-0.02924474117476667,0.012146393397483007,-0.033371387292615004,-0.0055284191447835754,-0.003905095151708815,-0.0021005211139986006,0.002577697107502083,0.0028829557341199822,0.0006588807138788518,-0.0012295466466569949,0.0004487456178519502,-0.007598319991589966,-0.0008269109625394499,-0.0023235547996759503,-0.1165926142159567,0.0,0.9996825219253999
0.7379999999999997,0.0015047130125636831,0.0,1.328882020859845e-05,0.002023220776679566,0.0010060798754180501,0.001617520902122833,0.0011527582106029837,-0.00071993810018095,-0.001444048969479858,-0.0003898290687822717,-0.00038064221958196485,-0.0004803897630861333,0.0023252415333421305,0.0002629158900140667,0.0006093262638474162,-0.0002903607180335836,-0.0009989715518972499,0.0001366567622128749,1.328882020859845e-05,-0.002023220776679566,0.10831237256374998,0.0,0.280805466949,-0.0003070295274913334,0.004476121546559751,0.021936869073656665,0.017269490739874986,-0.009009854416598984,-0.0021789825851276667,-0.0021987688473032335,0.00773661375681858,-0.0011848155283628833,0.0025111868604085165,-0.013142863118023932,-0.029311102607093333,-0.012082842659061602,0.0010060798754180501,-0.001617520902122833,0.280805466949,0.0003070295274913334,0.41596906028974995,0.0,-0.03639417976969967,0.04540657381192999,0.006648975174665515,-0.00979231806822075,-0.00923879326213835,-0.006568592537487758,-0.013337968113301953,0.006906282993528317,0.006904925806306638,-0.009989670744431679,-0.033430774802661656,0.005602142037384839,0.0011527582106029837,0.00071993810018095,0.004476121546559751,-0.021936869073656665,-0.03639417976969967,-0.04540657381192999,0.8099932201244998,0.0,0.16346082298456668,0.019055058780017935,0.01291243277008263,0.0022206610023932324,0.020814275602317196,0.004686895001913076,-0.0028182991023361996,0.0026096005872044,-0.003761418402433933,0.00206686035413195,-0.001444048969479858,0.0003898290687822717,0.017269490739874986,0.009009854416598984,0.006648975174665515,0.00979231806822075,0.16346082298456668,-0.019055058780017935,0.11276286440650504,0.0,0.06197208122242329,0.0048856357718162526,0.016557278334882502,-0.009130149934754833,0.10045768670653499,0.015739576431212987,0.0026769982384433097,-0.00279462365314455,-0.00038064221958196485,0.0004803897630861333,-0.0021789825851276667,0.0021987688473032335,-0.00923879326213835,0.006568592537487758,0.01291243277008263,-0.0022206610023932324,0.06197208122242329,-0.0048856357718162526,-0.1783710541418167,0.0,-0.08343008700317997,-0.001069107840710649,0.025346703320366655,-0.0042675108372487005,0.0007108913597519168,0.0012403540269286949,0.0023252415333421305,-0.0002629158900140667,0.00773661375681858,0.0011848155283628833,-0.013337968113301953,-0.006906282993528317,0.020814275602317196,-0.004686895001913076,0.016557278334882502,0.009130149934754833,-0.08343008700317997,0.001069107840710649,-0.06832772067223664,0.0,-0.033601678675406664,0.017852027322096505,0.00039120234283031654,0.007589786172866713,0.0006093262638474162,0.0002903607180335836,0.0025111868604085165,0.013142863118023932,0.006904925806306638,0.009989670744431679,-0.0028182991023361996,-0.0026096005872044,0.10045768670653499,-0.015739576431212987,0.025346703320366655,0.0042675108372487005,-0.033601678675406664,-0.017852027322096505,-0.08538110519786836,0.0,-0.0008575667637457216,0.0023829933781942514,-0.0009989715518972499,-0.0001366567622128749,-0.029311102607093333,0.012082842659061602,-0.033430774802661656,-0.005602142037384839,-0.003761418402433933,-0.00206686035413195,0.0026769982384433097,0.00279462365314455,0.0007108913597519168,-0.0012403540269286949,0.00039120234283031654,-0.007589786172866713,-0.0008575667637457216,-0.0023829933781942514,-0.11678001200395004,0.0,0.999682338381183
0.7389999999999995,0.0015045294805850504,0.0,-0.0014069917934327418,-0.0014174926081351948,-0.0019235950561223181,-0.0003655137606140136,-0.00020430275442925007,0.0013541417250066098,0.0012621436438539017,-0.0007905710528091834,0.0005762076558639147,3.644917388140004e-05,-0.0018303142699671831,0.0014421523318436428,-0.0002570376132860498,0.0006116201408197166,0.0006536518427886794,-0.0007948728476420336,-0.0014069917934327418,0.0014174926081351948,0.10835578608012833,0.0,0.28087595908496665,-0.00027856629245303694,0.004478441979627451,0.021907433435638227,0.017114834534489767,-0.008963557546616702,-0.0022449968337477553,-0.0021868490789856494,0.00770173249841935,-0.0011849328454769834,0.0025071957926879837,-0.013108961733233901,-0.029388100126066668,-0.011992056379184855,-0.0019235950561223181,0.0003655137606140136,0.28087595908496665,0.00027856629245303694,0.41546989884634994,0.0,-0.03644990169604899,0.045155383738726,0.006559307299612471,-0.009806488888935797,-0.00918231226067205,-0.006644303265820259,-0.013283725261734606,0.006888573178417785,0.007016693440131681,-0.010114274832049547,-0.03352071733452333,0.005662650654684295,-0.00020430275442925007,-0.0013541417250066098,0.004478441979627451,-0.021907433435638227,-0.03644990169604899,-0.045155383738726,0.81098410060975,0.0,0.16384097901121666,0.018839526944018005,0.01293554304567403,0.0020755071054077328,0.020750218397027533,0.004584342759974832,-0.0029642379037860492,0.00242863377010827,-0.0036259881514691178,0.002066868750071983,0.0012621436438539017,0.0007905710528091834,0.017114834534489767,0.008963557546616702,0.006559307299612471,0.009806488888935797,0.16384097901121666,-0.018839526944018005,0.11277424248593831,0.0,0.06192255166763501,0.004822658178363249,0.01651210619079467,-0.009142422157177716,0.100446637372255,0.01570129438543325,0.002774483586323133,-0.002659085910053436,0.0005762076558639147,-3.644917388140004e-05,-0.0022449968337477553,0.0021868490789856494,-0.00918231226067205,0.006644303265820259,0.01293554304567403,-0.0020755071054077328,0.06192255166763501,-0.004822658178363249,-0.1784791074827833,0.0,-0.08339740504929334,-0.0010038322311058483,0.025334719790383337,-0.004260127666765729,0.0007547648287319915,0.0012721698429279163,-0.0018303142699671831,-0.0014421523318436428,0.00770173249841935,0.0011849328454769834,-0.013283725261734606,-0.006888573178417785,0.020750218397027533,-0.004584342759974832,0.01651210619079467,0.009142422157177716,-0.08339740504929334,0.0010038322311058483,-0.06846936896246666,0.0,-0.03361032285784333,0.017814717696621168,0.0003439263516261336,0.007575954261775835,-0.0002570376132860498,-0.0006116201408197166,0.0025071957926879837,0.013108961733233901,0.007016693440131681,0.010114274832049547,-0.0029642379037860492,-0.00242863377010827,0.100446637372255,-0.01570129438543325,0.025334719790383337,0.004260127666765729,-0.03361032285784333,-0.017814717696621168,-0.08549159906312166,0.0,-0.000871842655973835,0.0024225064663502484,0.0006536518427886794,0.0007948728476420336,-0.029388100126066668,0.011992056379184855,-0.03352071733452333,-0.005662650654684295,-0.0036259881514691178,-0.002066868750071983,0.002774483586323133,0.002659085910053436,0.0007547648287319915,-0.0012721698429279163,0.0003439263516261336,-0.007575954261775835,-0.000871842655973835,-0.0024225064663502484,-0.1169663271515917,0.0,0.9996821548428999
0.74,0.0015043459577664333,0.0,0.0019710199185045494,2.0282529783183177e-05,0.0016235250969773827,-0.0012326933618529165,-0.0008883850447203658,-0.0010493969525786,-0.0003133899465913352,0.0014702336133777835,-0.0003776384308840999,0.0003892722518558949,0.0002873499242391832,-0.0023029278153948165,-0.0002240658695094002,-0.0006144579214493968,5.427051492528322e-05,0.0010369443463065884,0.0019710199185045494,-2.0282529783183177e-05,0.10839906787724667,0.0,0.2809434224740167,-0.00026588579887203324,0.004456847278386551,0.021908028494953366,0.016949543907504395,-0.008892599106179714,-0.0023020693292421074,-0.0021882968699932447,0.007664747096954496,-0.0011591743477607332,0.0025009133971731334,-0.01306641781432702,-0.029468854188686666,-0.01190155162753392,0.0016235250969773827,0.0012326933618529165,0.2809434224740167,0.00026588579887203324,0.41497283849078337,0.0,-0.03655910537213917,0.04491080797779701,0.0064592336080106704,-0.009809156353047384,-0.009111387883118157,-0.006736126079986173,-0.013240134916651299,0.0068536786317932525,0.007093175691763385,-0.010215805218510614,-0.03360587050567,0.005720439401767704,-0.0008883850447203658,0.0010493969525786,0.004456847278386551,-0.021908028494953366,-0.03655910537213917,-0.04491080797779701,0.8119674693596667,0.0,0.16422783977926667,0.018645980029469926,0.012950947400696905,0.0019369226384289835,0.020689939522425815,0.004456404081029265,-0.0030592327237888004,0.002284037900195043,-0.00348561834572419,0.0020853851225090167,-0.0003133899465913352,-0.0014702336133777835,0.016949543907504395,0.008892599106179714,0.0064592336080106704,0.009809156353047384,0.16422783977926667,-0.018645980029469926,0.11278797251156165,0.0,0.06189679717611166,0.004754538819036466,0.016468589717575515,-0.009153624480900234,0.10039791255141169,0.015701500336933513,0.002842344731222084,-0.002492335748972416,-0.0003776384308840999,-0.0003892722518558949,-0.0023020693292421074,0.0021882968699932447,-0.009111387883118157,0.006736126079986173,0.012950947400696905,-0.0019369226384289835,0.06189679717611166,-0.004754538819036466,-0.17858794051200008,0.0,-0.08334892505296834,-0.0009245286533844848,0.025315830346083337,-0.004233412963178551,0.0007859370484161834,0.0013167208347365838,0.0002873499242391832,0.0023029278153948165,0.007664747096954496,0.0011591743477607332,-0.013240134916651299,-0.0068536786317932525,0.020689939522425815,-0.004456404081029265,0.016468589717575515,0.009153624480900234,-0.08334892505296834,0.0009245286533844848,-0.06860778133340167,0.0,-0.03364550488692167,0.017761142329677168,0.00031266243132373303,0.007565714923521062,-0.0002240658695094002,0.0006144579214493968,0.0025009133971731334,0.01306641781432702,0.007093175691763385,0.010215805218510614,-0.0030592327237888004,-0.002284037900195043,0.10039791255141169,-0.015701500336933513,0.025315830346083337,0.004233412963178551,-0.03364550488692167,-0.017761142329677168,-0.0856027282874567,0.0,-0.0008968277960685451,0.00246767922241,5.427051492528322e-05,-0.0010369443463065884,-0.029468854188686666,0.01190155162753392,-0.03360587050567,-0.005720439401767704,-0.00348561834572419,-0.0020853851225090167,0.002842344731222084,0.002492335748972416,0.0007859370484161834,-0.0013167208347365838,0.00031266243132373303,-0.007565714923521062,-0.0008968277960685451,-0.00246767922241,-0.11715127275085502,0.0,0.9996819713129502
0.7409999999999998,0.001504162433550434,0.0,-0.0014145911601869616,0.0013560473913478163,-0.0001516229044286831,0.00211635981959556,0.0013758474816339828,3.292191695952017e-05,-0.000856999314877295,-0.0012586305895999348,-5.607886076169767e-05,-0.0005214738681211,0.0014219517543464168,0.0018181794806422828,0.0005647676023368998,0.0003077479817985333,-0.0007483819370503086,-0.0007393789975959454,-0.0014145911601869616,-0.0013560473913478163,0.10844156880968334,0.0,0.2810022453932,-0.0002968847917288333,0.004469459989970634,0.0218593388590956,0.016798876480227976,-0.0088198420350809,-0.0023439435046314267,-0.002220825380998417,0.007624343096659699,-0.0011356459840330504,0.002494055500910322,-0.013031063726629417,-0.029546741166078336,-0.011850423148569619,-0.0001516229044286831,-0.00211635981959556,0.2810022453932,0.0002968847917288333,0.4144793222739666,0.0,-0.0367244737622375,0.04462179679446799,0.0064073586611502675,-0.00979682846450355,-0.009050608232941017,-0.00682578259098456,-0.01320221733574058,0.006775085259496469,0.007154344997189899,-0.010276463455662906,-0.03368755938278334,0.005775210259625574,0.0013758474816339828,-3.292191695952017e-05,0.004469459989970634,-0.0218593388590956,-0.0367244737622375,-0.04462179679446799,0.8129433519079503,0.0,0.16459247227823337,0.01846233936495902,0.012968964507235399,0.0018371614126905687,0.020660141238977334,0.0043251135761494565,-0.003155290160561766,0.0021583692584271385,-0.0033173120133656833,0.0020980900018889134,-0.000856999314877295,0.0012586305895999348,0.016798876480227976,0.0088198420350809,0.0064073586611502675,0.00979682846450355,0.16459247227823337,-0.01846233936495902,0.11280428061768669,0.0,0.061920132266038326,0.004693562524492735,0.01643995654562317,-0.009182214004690468,0.10036507496787499,0.01571180262780338,0.0028627040171746447,-0.0023399294925740667,-5.607886076169767e-05,0.0005214738681211,-0.0023439435046314267,0.002220825380998417,-0.009050608232941017,0.00682578259098456,0.012968964507235399,-0.0018371614126905687,0.061920132266038326,-0.004693562524492735,-0.17869804344073334,0.0,-0.08328965580095668,-0.0008361657494862999,0.025307485045543334,-0.00418910748643608,0.0008151466520938168,0.0013576824114769166,0.0014219517543464168,-0.0018181794806422828,0.007624343096659699,0.0011356459840330504,-0.01320221733574058,-0.006775085259496469,0.020660141238977334,-0.0043251135761494565,0.01643995654562317,0.009182214004690468,-0.08328965580095668,0.0008361657494862999,-0.06874244103728834,0.0,-0.03367141230686,0.017696153075595664,0.00028946589657852337,0.007552995059554142,0.0005647676023368998,-0.0003077479817985333,0.002494055500910322,0.013031063726629417,0.007154344997189899,0.010276463455662906,-0.003155290160561766,-0.0021583692584271385,0.10036507496787499,-0.01571180262780338,0.025307485045543334,0.00418910748643608,-0.03367141230686,-0.017696153075595664,-0.0857151641453833,0.0,-0.0009632431532841367,0.0025364653945971504,-0.0007483819370503086,0.0007393789975959454,-0.029546741166078336,0.011850423148569619,-0.03368755938278334,-0.005775210259625574,-0.0033173120133656833,-0.0020980900018889134,0.0028627040171746447,0.0023399294925740667,0.0008151466520938168,-0.0013576824114769166,0.00028946589657852337,-0.007552995059554142,-0.0009632431532841367,-0.0025364653945971504,-0.11733524963690331,0.0,0.9996817877823668
0.7419999999999997,0.001503978897655917,0.0,6.905459983162837e-05,-0.001952856579898401,-0.0015347185738208001,-0.0015513153883668501,-0.0009401978149706668,0.0010111906095170839,0.0015052854674161835,0.0002257608318753166,0.00043354975808551627,0.0002964720865727765,-0.002279755852060984,-0.00027764588737525013,-0.0006215216518855158,0.00010730007889793286,0.0010806704062943163,3.8451332597616584e-05,6.905459983162837e-05,0.001952856579898401,0.10848236104213996,0.0,0.2810340770244166,-0.0003574749621541834,0.004474051305557835,0.02173114319269166,0.01665046274717165,-0.0087519410309279,-0.0023663959657499937,-0.0022479866697224663,0.0075828378929518,-0.0011282318805401661,0.0024703590890189663,-0.013003845344243831,-0.029621098504495003,-0.01182326767683567,-0.0015347185738208001,0.0015513153883668501,0.2810340770244166,0.0003574749621541834,0.4139915136752166,0.0,-0.03693653894203284,0.0442996429009265,0.006410571773450984,-0.009799288751836964,-0.00898320860310662,-0.006893768414209619,-0.013170477948402867,0.006693581424196235,0.007228601356166011,-0.010315936689142161,-0.03377342585084833,0.005814083809366151,-0.0009401978149706668,-0.0010111906095170839,0.004474051305557835,-0.02173114319269166,-0.03693653894203284,-0.0442996429009265,0.81391121545345,0.0,0.16494336438328333,0.018286627195359954,0.01300279007193999,0.001742537569379116,0.020664631631032663,0.004187591982067098,-0.0032579341625464703,0.0020001607979557084,-0.0031298283303718326,0.0021213427376398394,0.0015052854674161835,-0.0002257608318753166,0.01665046274717165,0.0087519410309279,0.006410571773450984,0.009799288751836964,0.16494336438328333,-0.018286627195359954,0.11282313208726501,0.0,0.06196494568316666,0.004641799371336733,0.016429369910872,-0.009211438010546559,0.10036267324648666,0.015712548590948915,0.0028549152176068162,-0.0022102987997991933,0.00043354975808551627,-0.0002964720865727765,-0.0023663959657499937,0.0022479866697224663,-0.00898320860310662,0.006893768414209619,0.01300279007193999,-0.001742537569379116,0.06196494568316666,-0.004641799371336733,-0.1788097948482833,0.0,-0.08323694074145832,-0.0007508577890933949,0.025303870584776664,-0.004147790875196683,0.000850440286615735,0.0013936171034033167,-0.002279755852060984,0.00027764588737525013,0.0075828378929518,0.0011282318805401661,-0.013170477948402867,-0.006693581424196235,0.020664631631032663,-0.004187591982067098,0.016429369910872,0.009211438010546559,-0.08323694074145832,0.0007508577890933949,-0.06887318240653668,0.0,-0.03367303242887834,0.017630215147642164,0.0002670626870812502,0.007526361776128332,-0.0006215216518855158,-0.00010730007889793286,0.0024703590890189663,0.013003845344243831,0.007228601356166011,0.010315936689142161,-0.0032579341625464703,-0.0020001607979557084,0.10036267324648666,-0.015712548590948915,0.025303870584776664,0.004147790875196683,-0.03367303242887834,-0.017630215147642164,-0.08582875817915335,0.0,-0.0010569749076410132,0.0026129854459774992,0.0010806704062943163,-3.8451332597616584e-05,-0.029621098504495003,0.01182326767683567,-0.03377342585084833,-0.005814083809366151,-0.0031298283303718326,-0.0021213427376398394,0.0028549152176068162,0.0022102987997991933,0.000850440286615735,-0.0013936171034033167,0.0002670626870812502,-0.007526361776128332,-0.0010569749076410132,-0.0026129854459774992,-0.1175188614815267,0.0,0.9996816042400497
0.7430000000000001,0.0015037953654155496,0.0,0.001306901544148799,0.0014262336317802963,0.0022334452188139497,-0.00011907173876205,-0.0001465943952814416,-0.0013793908195767833,-0.0011771125542406166,0.0009364565195494316,-0.0005158198952247001,0.00013240761111246897,0.0018292644127621339,-0.0013889247923058665,0.000421921311280235,-0.00045283683143968313,-0.0008459454558511127,0.0007278909080665069,0.001306901544148799,-0.0014262336317802963,0.10852117600614836,0.0,0.28105787507873325,-0.0004021007460454666,0.004411277960304567,0.02160863129944733,0.016501443624668582,-0.008665407316453568,-0.0023872681766890012,-0.0022278619501625327,0.007551509366120051,-0.0011269097582062386,0.0024245850713365586,-0.01297106349355581,-0.029700783411353324,-0.011775593429699416,0.0022334452188139497,0.00011907173876205,0.28105787507873325,0.0004021007460454666,0.41350964825694997,0.0,-0.03716946260612066,0.04401515118657233,0.006421948562048459,-0.009830731848475946,-0.008887455798237808,-0.006947898119201825,-0.013142459728477884,0.006650748759949868,0.007311137424045333,-0.010364243779028883,-0.03385295727781834,0.005839818620350364,-0.0001465943952814416,0.0013793908195767833,0.004411277960304567,-0.02160863129944733,-0.03716946260612066,-0.04401515118657233,0.8148714548167834,0.0,0.1653139845425,0.018152619633750915,0.013061639944045949,0.0016054265464633996,0.020695277504932334,0.004037754584382115,-0.0033143129808282834,0.001816912478121383,-0.0029601979963477998,0.002192741084102316,-0.0011771125542406166,-0.0009364565195494316,0.016501443624668582,0.008665407316453568,0.006421948562048459,0.009830731848475946,0.1653139845425,-0.018152619633750915,0.11284400138987169,0.0,0.06199272901024667,0.004581936461084866,0.01642137354316534,-0.009217615635310017,0.100346426242275,0.015723538329147337,0.00284108681703165,-0.0020734218811397833,-0.0005158198952247001,-0.00013240761111246897,-0.0023872681766890012,0.0022278619501625327,-0.008887455798237808,0.006947898119201825,0.013061639944045949,-0.0016054265464633996,0.06199272901024667,-0.004581936461084866,-0.1789228702562333,0.0,-0.08319947244288001,-0.0006775805794508665,0.02528672668518749,-0.004119897000849397,0.0008870811657188018,0.0014358081878760682,0.0018292644127621339,0.0013889247923058665,0.007551509366120051,0.0011269097582062386,-0.013142459728477884,-0.006650748759949868,0.020695277504932334,-0.004037754584382115,0.01642137354316534,0.009217615635310017,-0.08319947244288001,0.0006775805794508665,-0.06900025742577501,0.0,-0.03368329047796333,0.017570002479565163,0.0002489973249897667,0.007491063341601001,0.000421921311280235,0.00045283683143968313,0.0024245850713365586,0.01297106349355581,0.007311137424045333,0.010364243779028883,-0.0033143129808282834,-0.001816912478121383,0.100346426242275,-0.015723538329147337,0.02528672668518749,0.004119897000849397,-0.03368329047796333,-0.017570002479565163,-0.08594344987673995,0.0,-0.0011391356501514681,0.0026762133972139993,-0.0008459454558511127,-0.0007278909080665069,-0.029700783411353324,0.011775593429699416,-0.03385295727781834,-0.005839818620350364,-0.0029601979963477998,-0.002192741084102316,0.00284108681703165,0.0020734218811397833,0.0008870811657188018,-0.0014358081878760682,0.0002489973249897667,-0.007491063341601001,-0.0011391356501514681,-0.0026762133972139993,-0.11770207757507833,0.0,0.999681420701533
0.7439999999999999,0.0015036118472619333,0.0,-0.001896480913524845,-8.009771102193315e-05,-0.0014579054384008504,0.0018012151650264334,0.001144215455436166,0.0007818024177121333,0.0001400392453382684,-0.00148799173683745,0.0002424965558151116,-0.00048302862572653323,-0.00036347590326072017,0.00228424062597725,-4.5038498097649896e-05,0.0006039247567842333,0.00013599641459655012,-0.0011321653483165916,-0.001896480913524845,8.009771102193315e-05,0.1085584912774117,0.0,0.2810993288388334,-0.00041983811996798836,0.0043138131594040886,0.02154521869900533,0.016379564048511833,-0.008550076932087154,-0.002430984651593555,-0.002179039939967933,0.007544414427281751,-0.0011260461458433497,0.0023804863326895827,-0.012923743363859886,-0.029788027973613334,-0.011702120306816747,-0.0014579054384008504,-0.0018012151650264334,0.2810993288388334,0.00041983811996798836,0.41303203460903326,0.0,-0.037400689318107014,0.04378395568421634,0.006417634144898364,-0.009866844393233164,-0.008782979212728258,-0.0070137558716591485,-0.013097946084484054,0.006625730462717466,0.007379248576727398,-0.010423993146984879,-0.03391253107693334,0.0058748329182346515,0.001144215455436166,-0.0007818024177121333,0.0043138131594040886,-0.02154521869900533,-0.037400689318107014,-0.04378395568421634,0.8158260531421665,0.0,0.16569992733851663,0.018086512159729586,0.013141420019714646,0.0014438734590085341,0.02073973302647799,0.003895875720029149,-0.0033050604570196824,0.0016494126714957334,-0.0028228176740994165,0.002322512817786717,0.0001400392453382684,0.00148799173683745,0.016379564048511833,0.008550076932087154,0.006417634144898364,0.009866844393233164,0.16569992733851663,-0.018086512159729586,0.11286581952531166,0.0,0.06200574644217502,0.004506952361711783,0.016406729244071837,-0.009213789164125914,0.10028999061346668,0.0157643127272275,0.00282092609566671,-0.0019232359280022839,0.0002424965558151116,0.00048302862572653323,-0.002430984651593555,0.002179039939967933,-0.008782979212728258,0.0070137558716591485,0.013141420019714646,-0.0014438734590085341,0.06200574644217502,-0.004506952361711783,-0.17903637661198338,0.0,-0.08316183999943001,-0.0006182575008502685,0.025256000232323828,-0.004093568556557416,0.0009172825617238833,0.0014825551351836182,-0.00036347590326072017,-0.00228424062597725,0.007544414427281751,0.0011260461458433497,-0.013097946084484054,-0.006625730462717466,0.02073973302647799,-0.003895875720029149,0.016406729244071837,0.009213789164125914,-0.08316183999943001,0.0006182575008502685,-0.06912416139674335,0.0,-0.03372790732249,0.01751605118239217,0.00024017263195349496,0.007462047136331501,-4.5038498097649896e-05,-0.0006039247567842333,0.0023804863326895827,0.012923743363859886,0.007379248576727398,0.010423993146984879,-0.0033050604570196824,-0.0016494126714957334,0.10028999061346668,-0.0157643127272275,0.025256000232323828,0.004093568556557416,-0.03372790732249,-0.01751605118239217,-0.08605982763614835,0.0,-0.0012041249008738163,0.002732658809765933,0.00013599641459655012,0.0011321653483165916,-0.029788027973613334,0.011702120306816747,-0.03391253107693334,-0.0058748329182346515,-0.0028228176740994165,-0.002322512817786717,0.00282092609566671,0.0019232359280022839,0.0009172825617238833,-0.0014825551351836182,0.00024017263195349496,-0.007462047136331501,-0.0012041249008738163,-0.002732658809765933,-0.1178844075798317,0.0,0.9996812371766329
0.7449999999999994,0.0015034283375139836,0.0,0.001366341186938567,-0.001267836627419434,-0.0003714299272471169,-0.002387470620380782,-0.0013220682901331662,0.000374000985218376,0.000983859721684767,0.0011345743543888084,0.00021084923430971658,0.000510863940640508,-0.001352863749434414,-0.001901500424696067,-0.00034666194879476704,-0.0004843954614253179,0.0006653731871287134,0.0009454523556258601,0.001366341186938567,0.001267836627419434,0.10859456480298996,0.0,0.2811398252821665,-0.0004479250702992499,0.00424764651104625,0.021470965422974032,0.01630887960235335,-0.00843125431361914,-0.0024996696335302326,-0.0021477479199797996,0.007563596151359932,-0.001138033829494483,0.0023612677502481685,-0.012873121009226138,-0.029869200334353332,-0.011638289272977767,-0.0003714299272471169,0.002387470620380782,0.2811398252821665,0.0004479250702992499,0.41255800134661674,0.0,-0.03763576519206817,0.043537372628196826,0.006425984422441282,-0.00988893158273927,-0.008703622862540483,-0.007098167278607613,-0.013017499728375148,0.006573939900924033,0.007442382360553833,-0.010482371821445818,-0.033962656914913326,0.005920969073128198,-0.0013220682901331662,-0.000374000985218376,0.00424764651104625,-0.021470965422974032,-0.03763576519206817,-0.043537372628196826,0.8167765714993996,0.0,0.16605595473800003,0.01805423361936193,0.013231460219223919,0.0013193138973255842,0.020783269511509,0.0037784264422430344,-0.0032806603632529563,0.0014845777363811004,-0.00270114403088745,0.0024868129948080494,0.000983859721684767,-0.0011345743543888084,0.01630887960235335,0.00843125431361914,0.006425984422441282,0.00988893158273927,0.16605595473800003,-0.01805423361936193,0.11288762451814165,0.0,0.062029934528376664,0.004433573371817684,0.016395275575937167,-0.009231438803887014,0.10022830264459996,0.01581138300579167,0.0027898172323330833,-0.001792541229767416,0.00021084923430971658,-0.000510863940640508,-0.0024996696335302326,0.0021477479199797996,-0.008703622862540483,0.007098167278607613,0.013231460219223919,-0.0013193138973255842,0.062029934528376664,-0.004433573371817684,-0.17914960841726668,0.0,-0.083105454966765,-0.0005749111406838953,0.02522609866175283,-0.004057446448329267,0.0009443912384404338,0.0015164157849455416,-0.001352863749434414,0.001901500424696067,0.007563596151359932,0.001138033829494483,-0.013017499728375148,-0.006573939900924033,0.020783269511509,-0.0037784264422430344,0.016395275575937167,0.009231438803887014,-0.083105454966765,0.0005749111406838953,-0.06924543770133833,0.0,-0.033778575428356654,0.017465475773430664,0.0002353137985937103,0.007440780836796329,-0.00034666194879476704,0.0004843954614253179,0.0023612677502481685,0.012873121009226138,0.007442382360553833,0.010482371821445818,-0.0032806603632529563,-0.0014845777363811004,0.10022830264459996,-0.01581138300579167,0.02522609866175283,0.004057446448329267,-0.033778575428356654,-0.017465475773430664,-0.08617839272071502,0.0,-0.0012816336495083667,0.0027989237048326827,0.0006653731871287134,-0.0009454523556258601,-0.029869200334353332,0.011638289272977767,-0.033962656914913326,-0.005920969073128198,-0.00270114403088745,-0.0024868129948080494,0.0027898172323330833,0.001792541229767416,0.0009443912384404338,-0.0015164157849455416,0.0002353137985937103,-0.007440780836796329,-0.0012816336495083667,-0.0027989237048326827,-0.11806569800488333,0.0,0.9996810536608496
0.7460000000000003,0.0015032448170959503,0.0,-6.55076232602333e-05,0.0018409416405390036,0.0020758367346225834,0.0013788173734024668,0.0005447800187819166,-0.0012505771238469502,-0.001506307230217278,-3.723661596329499e-05,-0.0005376456597730685,-0.0001866572534870016,0.0023169927591259834,0.00037837121458135216,0.0005788147655189493,0.0001601589684064733,-0.0011447432706358665,-0.00026227690080910004,-6.55076232602333e-05,-0.0018409416405390036,0.10862863177620832,0.0,0.28118205255764994,-0.0005163308902429665,0.004207079767972499,0.021330330874485413,0.016275980657615655,-0.008335076906801731,-0.002577577222502484,-0.0021369598202468114,0.007596652010347185,-0.0011720599409598001,0.0023565820379486484,-0.01283723670331135,-0.02993773366423167,-0.011596551052366453,0.0020758367346225834,-0.0013788173734024668,0.28118205255764994,0.0005163308902429665,0.4120892458098833,0.0,-0.037891814066314665,0.04323157913185,0.006464761480789117,-0.009918690482768165,-0.008650027032712775,-0.007179961074714935,-0.012908445028425032,0.0065054428457429845,0.007536682496056788,-0.010543377359528833,-0.034031575028843346,0.005949006581446813,0.0005447800187819166,0.0012505771238469502,0.004207079767972499,-0.021330330874485413,-0.037891814066314665,-0.04323157913185,0.8177227576865168,0.0,0.16638742775501664,0.018013721250781083,0.013335575839235133,0.0012491724264365686,0.020824451244545007,0.0036642028365273176,-0.0032838718378658495,0.0012636305822486668,-0.002595749325101933,0.0026545606376515837,-0.001506307230217278,3.723661596329499e-05,0.016275980657615655,0.008335076906801731,0.006464761480789117,0.009918690482768165,0.16638742775501664,-0.018013721250781083,0.11290895715578667,0.0,0.06207278029954499,0.004370712006333367,0.01640013301827867,-0.00927084757261555,0.10021393091777667,0.0158284595430875,0.0027598844621681998,-0.0016994300668305832,-0.0005376456597730685,0.0001866572534870016,-0.002577577222502484,0.0021369598202468114,-0.008650027032712775,0.007179961074714935,0.013335575839235133,-0.0012491724264365686,0.06207278029954499,-0.004370712006333367,-0.17926228398994998,0.0,-0.08304693418079001,-0.0005476577190193834,0.025204601639937336,-0.004021253023835333,0.00097712612859305,0.0015313662937389803,0.0023169927591259834,-0.00037837121458135216,0.007596652010347185,0.0011720599409598001,-0.012908445028425032,-0.0065054428457429845,0.020824451244545007,-0.0036642028365273176,0.01640013301827867,0.00927084757261555,-0.08304693418079001,0.0005476577190193834,-0.06936462206406503,0.0,-0.03380063716319167,0.017423061324413337,0.0002225602607542667,0.007415297175520965,0.0005788147655189493,-0.0001601589684064733,0.0023565820379486484,0.01283723670331135,0.007536682496056788,0.010543377359528833,-0.0032838718378658495,-0.0012636305822486668,0.10021393091777667,-0.0158284595430875,0.025204601639937336,0.004021253023835333,-0.03380063716319167,-0.017423061324413337,-0.08629875586511669,0.0,-0.0013821073895449684,0.002872466195449516,-0.0011447432706358665,0.00026227690080910004,-0.02993773366423167,0.011596551052366453,-0.034031575028843346,-0.005949006581446813,-0.002595749325101933,-0.0026545606376515837,0.0027598844621681998,0.0016994300668305832,0.00097712612859305,-0.0015313662937389803,0.0002225602607542667,-0.007415297175520965,-0.0013821073895449684,-0.002872466195449516,-0.11824630519291666,0.0,0.9996808701332167
0.747,0.0015030612860765663,0.0,-0.0012411146176272258,-0.001327790173073217,-0.002463184699285853,0.0005834126075898664,0.0006277492385083372,0.0012086909207558332,0.0010292804960131989,-0.0010957149408068667,0.000511434381494818,-0.00028010656552995,-0.0019111890669467658,0.0013840269091161819,-0.0005701893893851162,0.00023713485094871366,0.001039012718791864,-0.0005857762486833835,-0.0012411146176272258,0.001327790173073217,0.10865941440314167,0.0,0.2812026419526333,-0.0006104170827077836,0.004146576079969853,0.021190897498516447,0.016242241616298322,-0.008247664948734698,-0.0026524024909330684,-0.002112262776298291,0.00762752720935648,-0.00121159072001875,0.0023431478470814834,-0.012812380068405838,-0.03000508968119834,-0.01154908176885372,-0.002463184699285853,-0.0005834126075898664,0.2812026419526333,0.0006104170827077836,0.4116277713707665,0.0,-0.03816102806907066,0.042903829685268825,0.006481987905567986,-0.009980430866746002,-0.00858335719638942,-0.007245682407978934,-0.012789177939751753,0.006477514738803902,0.00766981860406456,-0.010619669935189669,-0.03412226631863334,0.0059373847135690515,0.0006277492385083372,-0.0012086909207558332,0.004146576079969853,-0.021190897498516447,-0.03816102806907066,-0.042903829685268825,0.8186638358915334,0.0,0.16672127084725002,0.0179737535904323,0.013472610383343096,0.0011904916691538486,0.020874599279110173,0.0035095078044743992,-0.003286440206465719,0.0009760169432842274,-0.002537624212626726,0.002813541255028016,0.0010292804960131989,0.0010957149408068667,0.016242241616298322,0.008247664948734698,0.006481987905567986,0.009980430866746002,0.16672127084725002,-0.0179737535904323,0.11292907924463666,0.0,0.06210514748390501,0.004299267640089368,0.016412483730961165,-0.009301527476516268,0.10021592624827669,0.015805877531452163,0.002738959251349482,-0.0016184753879378852,0.000511434381494818,0.00028010656552995,-0.0026524024909330684,0.002112262776298291,-0.00858335719638942,0.007245682407978934,0.013472610383343096,-0.0011904916691538486,0.06210514748390501,-0.004299267640089368,-0.1793739937108333,0.0,-0.08299693782900332,-0.000533373140888855,0.02517966420227067,-0.003998118290890884,0.0010132209094943598,0.0015452138626078004,-0.0019111890669467658,-0.0013840269091161819,0.00762752720935648,0.00121159072001875,-0.012789177939751753,-0.006477514738803902,0.020874599279110173,-0.0035095078044743992,0.016412483730961165,0.009301527476516268,-0.08299693782900332,0.000533373140888855,-0.06948212331067,0.0,-0.033801189008883334,0.017391413792331504,0.00020006063679173342,0.0073784901776211016,-0.0005701893893851162,-0.00023713485094871366,0.0023431478470814834,0.012812380068405838,0.00766981860406456,0.010619669935189669,-0.003286440206465719,-0.0009760169432842274,0.10021592624827669,-0.015805877531452163,0.02517966420227067,0.003998118290890884,-0.033801189008883334,-0.017391413792331504,-0.08641993150398167,0.0,-0.001477029634015183,0.0029374121338787995,0.001039012718791864,0.0005857762486833835,-0.03000508968119834,0.01154908176885372,-0.03412226631863334,-0.0059373847135690515,-0.002537624212626726,-0.002813541255028016,0.002738959251349482,0.0016184753879378852,0.0010132209094943598,-0.0015452138626078004,0.00020006063679173342,-0.0073784901776211016,-0.001477029634015183,-0.0029374121338787995,-0.11842642707461667,0.0,0.9996806865961166
0.7479999999999996,0.001502877759773867,0.0,0.0017745436511491335,4.726892170453996e-05,0.0013002044715253172,-0.002214265410562068,-0.0013280062729885674,-0.0002774093975395168,0.00010340213526873504,0.001507527268574165,-0.00013268351443011667,0.0005764337427323334,0.00038936253434869987,-0.0023486107944548497,0.00029992112722166677,-0.0005515252185414328,-0.0003730346525393751,0.0011397786473503015,0.0017745436511491335,-4.726892170453996e-05,0.10868606815108668,0.0,0.28123049995105004,-0.0007105121557635004,0.0040775031840493674,0.021146622132257334,0.016197369001307384,-0.008146480314035084,-0.002716681704353822,-0.002070878481636441,0.007655764515826404,-0.0012277831387406664,0.002326340089519285,-0.012781085028270266,-0.030089072960095,-0.01148516673045824,0.0013002044715253172,0.002214265410562068,0.28123049995105004,0.0007105121557635004,0.41117385529623335,0.0,-0.03843192649989966,0.042624105661463,0.0064205138546230495,-0.010058683017213169,-0.008476461432188649,-0.007306498679876953,-0.012670072220704692,0.006511836998875172,0.007807887297021252,-0.010707037844232265,-0.034226425125071666,0.005898522520055928,-0.0013280062729885674,0.0002774093975395168,0.0040775031840493674,-0.021146622132257334,-0.03843192649989966,-0.042624105661463,0.81960049821885,0.0,0.16709354485989994,0.01797669894111642,0.013641489386052717,0.0011164657318724184,0.020947057884831498,0.003312726635977886,-0.003239970619071434,0.0006914192953055102,-0.0025460814544924467,0.0029678618529880504,0.00010340213526873504,-0.001507527268574165,0.016197369001307384,0.008146480314035084,0.0064205138546230495,0.010058683017213169,0.16709354485989994,-0.01797669894111642,0.11294633228807836,0.0,0.06213021111347999,0.004207426105053553,0.016414835256073686,-0.009317026335055233,0.10019069606761502,0.015762997828098667,0.0027129032082775007,-0.0015200799264276333,-0.00013268351443011667,-0.0005764337427323334,-0.002716681704353822,0.002070878481636441,-0.008476461432188649,0.007306498679876953,0.013641489386052717,-0.0011164657318724184,0.06213021111347999,-0.004207426105053553,-0.17948395382221669,0.0,-0.08295618891100835,-0.0005255872335402167,0.02514814931307734,-0.003982601103111567,0.0010382054222235165,0.0015759483681436952,0.00038936253434869987,0.0023486107944548497,0.007655764515826404,0.0012277831387406664,-0.012670072220704692,-0.006511836998875172,0.020947057884831498,-0.003312726635977886,0.016414835256073686,0.009317026335055233,-0.08295618891100835,0.0005255872335402167,-0.06959815165573999,0.0,-0.033817672726986665,0.01736829629258333,0.00017736543920981665,0.0073427300008448,0.00029992112722166677,0.0005515252185414328,0.002326340089519285,0.012781085028270266,0.007807887297021252,0.010707037844232265,-0.003239970619071434,-0.0006914192953055102,0.10019069606761502,-0.015762997828098667,0.02514814931307734,0.003982601103111567,-0.033817672726986665,-0.01736829629258333,-0.08654114871914166,0.0,-0.0015493824285733836,0.002990814764754335,-0.0003730346525393751,-0.0011397786473503015,-0.030089072960095,0.01148516673045824,-0.034226425125071666,-0.005898522520055928,-0.0025460814544924467,-0.0029678618529880504,0.0027129032082775007,0.0015200799264276333,0.0010382054222235165,-0.0015759483681436952,0.00017736543920981665,-0.0073427300008448,-0.0015493824285733836,-0.002990814764754335,-0.1186058744539,0.0,0.9996805030635834
0.7490000000000003,0.0015026942415214332,0.0,-0.0012380043737089833,0.0011985504346345907,0.0007099245491637852,0.002531860525054349,0.0010490466496284499,-0.000824200346739733,-0.001177591301266967,-0.0009896028826680394,-0.0003566348526467332,-0.00048240319291495003,0.0013952546720980331,0.001961366290955284,0.00012441482717035016,0.0006161414416153015,-0.0004886551698407301,-0.0010909599587210332,-0.0012380043737089833,-0.0011985504346345907,0.10870824138406832,0.0,0.2812471680497167,-0.000826680212352217,0.004048190551638785,0.021153812295555803,0.016155754012957872,-0.008046514105983496,-0.0027577344678006,-0.002047562889851415,0.007690159301272165,-0.0012155309770706668,0.0023273622865553336,-0.01273720338349285,-0.03017527290151,-0.011431448123701667,0.0007099245491637852,-0.002531860525054349,0.2812471680497167,0.000826680212352217,0.41072702339855,0.0,-0.03872033994820385,0.04238941321573501,0.006294770381963,-0.01011639296950435,-0.008341536362088866,-0.007365676020850167,-0.012551117824617685,0.006556419868543483,0.007918464957931205,-0.010774776593275586,-0.03433025201255333,0.005851327739261116,0.0010490466496284499,0.000824200346739733,0.004048190551638785,-0.021153812295555803,-0.03872033994820385,-0.04238941321573501,0.8205344251307333,0.0,0.16746247591331667,0.018013845212069002,0.013800143167399965,0.001052298765414715,0.02104234740793739,0.003116147914462522,-0.0031507343029029667,0.0004603501007780834,-0.0025930597154968163,0.003119610763123116,-0.001177591301266967,0.0009896028826680394,0.016155754012957872,0.008046514105983496,0.006294770381963,0.01011639296950435,0.16746247591331667,-0.018013845212069002,0.11295907949966004,0.0,0.06217278904249169,0.004118204255567149,0.016406918281645134,-0.0093434822776649,0.100137419580125,0.01570597126923335,0.0026637225504673326,-0.0014162987134023848,-0.0003566348526467332,0.00048240319291495003,-0.0027577344678006,0.002047562889851415,-0.008341536362088866,0.007365676020850167,0.013800143167399965,-0.001052298765414715,0.06217278904249169,-0.004118204255567149,-0.17959178968806672,0.0,-0.08290383960913833,-0.0005187741396419831,0.025119643738151672,-0.003957763605950861,0.0010470271973254167,0.001616091235414115,0.0013952546720980331,-0.001961366290955284,0.007690159301272165,0.0012155309770706668,-0.012551117824617685,-0.006556419868543483,0.02104234740793739,-0.003116147914462522,0.016406918281645134,0.0093434822776649,-0.08290383960913833,0.0005187741396419831,-0.06971271695307499,0.0,-0.033846154867665006,0.017341502905710664,0.0001624352447630665,0.007320738089825119,0.00012441482717035016,-0.0006161414416153015,0.0023273622865553336,0.01273720338349285,0.007918464957931205,0.010774776593275586,-0.0031507343029029667,-0.0004603501007780834,0.100137419580125,-0.01570597126923335,0.025119643738151672,0.003957763605950861,-0.033846154867665006,-0.017341502905710664,-0.086662034158615,0.0,-0.0016253904908016341,0.0030414343800034323,-0.0004886551698407301,0.0010909599587210332,-0.03017527290151,0.011431448123701667,-0.03433025201255333,-0.005851327739261116,-0.0025930597154968163,-0.003119610763123116,0.0026637225504673326,0.0014162987134023848,0.0010470271973254167,-0.001616091235414115,0.0001624352447630665,-0.007320738089825119,-0.0016253904908016341,-0.0030414343800034323,-0.11878460331626664,0.0,0.9996803195388835
0.75,0.0015025107200276498,0.0,1.1911593674683325e-05,-0.0016799714394754,-0.002379938402118717,-0.0012680803170631836,-6.619602005066717e-05,0.0012989317742637234,0.0015499090149420165,-0.00017354307864169197,0.0006126915377603384,3.8020477680069455e-05,-0.0023944017267400006,-0.0003863552851926166,-0.0005020465304601501,-0.0004063280189947331,0.0010974126505809835,0.0004794322875148403,1.1911593674683325e-05,0.0016799714394754,0.10872536789471332,0.0,0.28126828458548325,-0.0009824412528488967,0.004061242535716017,0.021109183801096797,0.016123124730960593,-0.007979152844418061,-0.002764443326178028,-0.00205042405314615,0.0077290816094588,-0.0011920793708789497,0.0023392403705022164,-0.012697790204885349,-0.030239567561785006,-0.0114091320043332,-0.002379938402118717,0.0012680803170631836,0.28126828458548325,0.0009824412528488967,0.41028806067506685,0.0,-0.03905469616322332,0.04215148810170833,0.0061636990573954685,-0.010151453688383435,-0.008208054751519419,-0.0074045210613096785,-0.012438110716347367,0.0065674086321073,0.008003558039376923,-0.010805072710263588,-0.03442698012546332,0.005793159033819399,-6.619602005066717e-05,-0.0012989317742637234,0.004061242535716017,-0.021109183801096797,-0.03905469616322332,-0.04215148810170833,0.8214660187507496,0.0,0.16780807887358332,0.018032093486977332,0.01392067697362135,0.0010181110431899826,0.0211667611281738,0.00295559926106635,-0.0030604341198544162,0.00024633324199035343,-0.0026383407060155332,0.0032654672458482504,0.0015499090149420165,0.00017354307864169197,0.016123124730960593,0.007979152844418061,0.0061636990573954685,0.010151453688383435,0.16780807887358332,-0.018032093486977332,0.1129670811851533,0.0,0.06224955082560001,0.004056994799024884,0.016410883670627686,-0.00939348109724992,0.10011488867226165,0.015622106455690177,0.0025932337210055494,-0.0013370370080273831,0.0006126915377603384,-3.8020477680069455e-05,-0.002764443326178028,0.00205042405314615,-0.008208054751519419,0.0074045210613096785,0.01392067697362135,-0.0010181110431899826,0.06224955082560001,-0.004056994799024884,-0.17969798343351667,0.0,-0.0828521474106883,-0.0005107558208846198,0.02510618570186,-0.003924521327704765,0.001051737491697017,0.0016478526273174532,-0.0023944017267400006,0.0003863552851926166,0.0077290816094588,0.0011920793708789497,-0.012438110716347367,-0.0065674086321073,0.0211667611281738,-0.00295559926106635,0.016410883670627686,0.00939348109724992,-0.0828521474106883,0.0005107558208846198,-0.06982577702508667,0.0,-0.03385109184321,0.017303508997832,0.00015169592439423307,0.007306964039877221,-0.0005020465304601501,0.0004063280189947331,0.0023392403705022164,0.012697790204885349,0.008003558039376923,0.010805072710263588,-0.0030604341198544162,-0.00024633324199035343,0.10011488867226165,-0.015622106455690177,0.02510618570186,0.003924521327704765,-0.03385109184321,-0.017303508997832,-0.08678212667468664,0.0,-0.0017355238159946994,0.0030901663302718655,0.0010974126505809835,-0.0004794322875148403,-0.030239567561785006,0.0114091320043332,-0.03442698012546332,-0.005793159033819399,-0.0026383407060155332,-0.0032654672458482504,0.0025932337210055494,0.0013370370080273831,0.001051737491697017,-0.0016478526273174532,0.00015169592439423307,-0.007306964039877221,-0.0017355238159946994,-0.0030901663302718655,-0.11896301608205002,0.0,0.9996801360105998
0.7509999999999997,0.0015023271840196163,0.0,0.0011641909435147174,0.0011579352337131657,0.002600492490175984,-0.0008595622792074502,-0.0009031375162890487,-0.0008968275178458668,-0.0009140964536366333,0.00124936618947835,-0.0004370612988355,0.00045461008205676675,0.001967766498479117,-0.001433669314847633,0.0006972631361188329,3.1296859881167384e-06,-0.0011472398045877994,0.00039958308733204666,0.0011641909435147174,-0.0011579352337131657,0.10873634180560668,0.0,0.28129477280071663,-0.0011724546988895331,0.004079233925341198,0.021005567858245384,0.016083316723493682,-0.00793809300141415,-0.002743985967736617,-0.0020394430644491137,0.007757514817587835,-0.0011713545681739665,0.0023343885556995334,-0.012670743932303698,-0.030286783190459996,-0.01139629936793505,0.002600492490175984,0.0008595622792074502,0.28129477280071663,0.0011724546988895331,0.40985871834393345,0.0,-0.039413284097698335,0.04189286710332167,0.006033365638618498,-0.010198902625825451,-0.00808297071004625,-0.0074049094397991505,-0.012342893047377835,0.006577258924139183,0.008081330965592786,-0.010812213680093748,-0.03450639883072667,0.005718766987680788,-0.0009031375162890487,0.0008968275178458668,0.004079233925341198,-0.021005567858245384,-0.039413284097698335,-0.04189286710332167,0.8223945106820998,0.0,0.16814425101618333,0.01803138331680155,0.014038628677875838,0.0009894072870969535,0.021325225902184396,0.0028277801425503827,-0.0029650641964138655,9.87318661046646e-07,-0.002685451850631967,0.003396224424738167,-0.0009140964536366333,-0.00124936618947835,0.016083316723493682,0.00793809300141415,0.006033365638618498,0.010198902625825451,0.16814425101618333,-0.01803138331680155,0.11297082753172999,0.0,0.062335905695831674,0.004010913814417299,0.016428949143474116,-0.00943940023986166,0.10013295577609,0.015509402531644833,0.0025147904812353747,-0.0012814494876986998,-0.0004370612988355,-0.00045461008205676675,-0.002743985967736617,0.0020394430644491137,-0.00808297071004625,0.0074049094397991505,0.014038628677875838,-0.0009894072870969535,0.062335905695831674,-0.004010913814417299,-0.17980325579646672,0.0,-0.08281875858102498,-0.0004978878305731668,0.025099203611168328,-0.0038994446739191004,0.0010618038025352581,0.001672300297821073,0.001967766498479117,0.001433669314847633,0.007757514817587835,0.0011713545681739665,-0.012342893047377835,-0.006577258924139183,0.021325225902184396,-0.0028277801425503827,0.016428949143474116,0.00943940023986166,-0.08281875858102498,0.0004978878305731668,-0.06993727828906163,0.0,-0.03381752624085,0.017257667170140333,0.00013740385875671689,0.007285328937471817,0.0006972631361188329,-3.1296859881167384e-06,0.0023343885556995334,0.012670743932303698,0.008081330965592786,0.010812213680093748,-0.0029650641964138655,-9.87318661046646e-07,0.10013295577609,-0.015509402531644833,0.025099203611168328,0.0038994446739191004,-0.03381752624085,-0.017257667170140333,-0.08690076679305998,0.0,-0.0018699719716771368,0.0031268925129809793,-0.0011472398045877994,-0.00039958308733204666,-0.030286783190459996,0.01139629936793505,-0.03450639883072667,-0.005718766987680788,-0.002685451850631967,-0.003396224424738167,0.0025147904812353747,0.0012814494876986998,0.0010618038025352581,-0.001672300297821073,0.00013740385875671689,-0.007285328937471817,-0.0018699719716771368,-0.0031268925129809793,-0.11914147220066666,0.0,0.99967995246805
0.7520000000000004,0.0015021436479876005,0.0,-0.001587499735431634,3.328450105182989e-05,-0.001194679644432351,0.002498920160008216,0.0012483513398285665,-6.280704736894516e-05,-0.0002942673195933801,-0.0014848135531547238,-6.220782919287491e-05,-0.0006427635363630332,-0.0004098080899636334,0.0024134788371380335,-0.000595796950548583,0.0004799844043506497,0.0005723055102204586,-0.0010976728094612667,-0.001587499735431634,-3.328450105182989e-05,0.10874021740455835,0.0,0.2813294275734167,-0.0013695089120382498,0.004099418431716034,0.02092377057613654,0.01603467492490043,-0.007891370081440804,-0.0027185895538379,-0.0019896997491893865,0.007771725379470701,-0.0011507546448256223,0.0023048349112104,-0.012639722751139336,-0.03034753239795001,-0.011365789608434235,-0.001194679644432351,-0.002498920160008216,0.2813294275734167,0.0013695089120382498,0.4094397495686501,0.0,-0.03974962181592267,0.04165047728155166,0.005865126101188002,-0.01027680143853658,-0.00795452130898075,-0.007372600508806883,-0.01226897540602525,0.0066405136614137,0.008153735342791754,-0.010821802013841968,-0.034566639501631656,0.005644023864014925,0.0012483513398285665,6.280704736894516e-05,0.004099418431716034,-0.02092377057613654,-0.03974962181592267,-0.04165047728155166,0.8233201975780836,0.0,0.1684955749924333,0.0180786889350162,0.014205555077416585,0.0009385000835727164,0.021510995707652657,0.0027255987543114975,-0.0028270241552116,-0.00024007337152109998,-0.0027697492140279167,0.0035037412704220696,-0.0002942673195933801,0.0014848135531547238,0.01603467492490043,0.007891370081440804,0.005865126101188002,0.01027680143853658,0.1684955749924333,-0.0180786889350162,0.11296964172068001,0.0,0.06241198263267,0.003950392151688339,0.01643315092572265,-0.009461661520838497,0.10014251494349001,0.01539300258721617,0.0024259847263666087,-0.001225508670551,-6.220782919287491e-05,0.0006427635363630332,-0.0027185895538379,0.0019896997491893865,-0.00795452130898075,0.007372600508806883,0.014205555077416585,-0.0009385000835727164,0.06241198263267,-0.003950392151688339,-0.1799076487461667,0.0,-0.08279928292225333,-0.0004831373275929166,0.02508490216008167,-0.0038861411215230994,0.001072790207352052,0.0017080554994069173,-0.0004098080899636334,-0.0024134788371380335,0.007771725379470701,0.0011507546448256223,-0.01226897540602525,-0.0066405136614137,0.021510995707652657,-0.0027255987543114975,0.01643315092572265,0.009461661520838497,-0.08279928292225333,0.0004831373275929166,-0.07004714101677,0.0,-0.03377576772124501,0.017213205112732662,0.00012177678834726684,0.0072568009099893745,-0.000595796950548583,-0.0004799844043506497,0.0023048349112104,0.012639722751139336,0.008153735342791754,0.010821802013841968,-0.0028270241552116,0.00024007337152109998,0.10014251494349001,-0.01539300258721617,0.02508490216008167,0.0038861411215230994,-0.03377576772124501,-0.017213205112732662,-0.08701758204972997,0.0,-0.0019971369119680927,0.0031468149349963516,0.0005723055102204586,0.0010976728094612667,-0.03034753239795001,0.011365789608434235,-0.034566639501631656,-0.005644023864014925,-0.0027697492140279167,-0.0035037412704220696,0.0024259847263666087,0.001225508670551,0.001072790207352052,-0.0017080554994069173,0.00012177678834726684,-0.0072568009099893745,-0.0019971369119680927,-0.0031468149349963516,-0.11931980918186667,0.0,0.9996797689255499
0.753,0.0015019601221462507,0.0,0.0010127557704858647,-0.001121224542003734,-0.0009915685751540832,-0.002647277805792517,-0.0007791453704363338,0.0009395029350112911,0.0012537869244820892,0.0007927336714429334,0.000542233683265622,0.00037932990783412236,-0.001387421993278178,-0.0020463008147933747,0.00014953156996588656,-0.0008077637218846498,0.00033851009611224336,0.0012087402132918818,0.0010127557704858647,0.001121224542003734,0.10873664722520172,0.0,0.28136960198408345,-0.0015694236983355495,0.004149856265391683,0.020870373963156504,0.015996316643765104,-0.00783366248120892,-0.002701256228838751,-0.0019316977891642667,0.0077913594536707115,-0.0011259815968466663,0.0022739860168317166,-0.012586188681533765,-0.030427863880980007,-0.011322929923098567,-0.0009915685751540832,0.002647277805792517,0.28136960198408345,0.0015694236983355495,0.40903060972743327,0.0,-0.040066285597234,0.04144396016321999,0.0056602140945618325,-0.0103588722302257,-0.007825330196564543,-0.0073276830471897154,-0.012201645862079375,0.006743590364992718,0.008203038195253514,-0.01083987560413167,-0.03461791060864166,0.005591827788789251,-0.0007791453704363338,-0.0009395029350112911,0.004149856265391683,-0.020870373963156504,-0.040066285597234,-0.04144396016321999,0.8242451340622832,0.0,0.16884455295030001,0.018196502630088113,0.014408021382661328,0.0008812812603389004,0.021695760345200175,0.00266741148701629,-0.002641111376488934,-0.00042464638658491646,-0.0028964774320367494,0.0035927429389243995,0.0012537869244820892,-0.0007927336714429334,0.015996316643765104,0.00783366248120892,0.0056602140945618325,0.0103588722302257,0.16884455295030001,-0.018196502630088113,0.11296185928184,0.0,0.06248645727544166,0.003879210517180266,0.01641169425018,-0.009482128988152216,0.10011616667498999,0.015297621662774498,0.0023186936387791,-0.0011673364649160832,0.000542233683265622,-0.00037932990783412236,-0.002701256228838751,0.0019316977891642667,-0.007825330196564543,0.0073276830471897154,0.014408021382661328,-0.0008812812603389004,0.06248645727544166,-0.003879210517180266,-0.18001057895483336,0.0,-0.08276842654394835,-0.0004777147462560365,0.02506855852373666,-0.0038678600507690694,0.0010788006834366334,0.0017572786786637135,-0.001387421993278178,0.0020463008147933747,0.0077913594536707115,0.0011259815968466663,-0.012201645862079375,-0.006743590364992718,0.021695760345200175,-0.00266741148701629,0.01641169425018,0.009482128988152216,-0.08276842654394835,0.0004777147462560365,-0.07015552581469833,0.0,-0.033753969515478335,0.01717336088884566,0.00011191842830955828,0.007239021844145931,0.00014953156996588656,0.0008077637218846498,0.0022739860168317166,0.012586188681533765,0.008203038195253514,0.01083987560413167,-0.002641111376488934,0.00042464638658491646,0.10011616667498999,-0.015297621662774498,0.02506855852373666,0.0038678600507690694,-0.033753969515478335,-0.01717336088884566,-0.08713284829956665,0.0,-0.0021106286989783832,0.0031549031293689506,0.00033851009611224336,-0.0012087402132918818,-0.030427863880980007,0.011322929923098567,-0.03461791060864166,-0.005591827788789251,-0.0028964774320367494,-0.0035927429389243995,0.0023186936387791,0.0011673364649160832,0.0010788006834366334,-0.0017572786786637135,0.00011191842830955828,-0.007239021844145931,-0.0021106286989783832,-0.0031549031293689506,-0.11949767195679996,0.0,0.9996795853932168
0.7539999999999997,0.0015017766008803498,0.0,0.00012472360103452006,0.0014239300878355,0.0026722605997600243,0.0011417058972035417,-0.00016219863626102394,-0.0011787297008700466,-0.0014170682758876168,0.0003559084533797002,-0.0006627209958502501,0.00017179771804571008,0.0024418548001329003,0.0005004993886100667,0.0004597127530860496,0.0007370879347238329,-0.001083323254071455,-0.0006626865923265985,0.00012472360103452006,-0.0014239300878355,0.10872510106390498,0.0,0.28140043217598326,-0.001805783990041566,0.0042134103701155,0.020756404982122494,0.015980549991556396,-0.007784735856126468,-0.002689491904380397,-0.001896892808164117,0.007832483628588967,-0.001104923499600583,0.002264057312596403,-0.012518612175532951,-0.03049885139406001,-0.011282814148098317,0.0026722605997600243,-0.0011417058972035417,0.28140043217598326,0.001805783990041566,0.4086315725806334,0.0,-0.04041189547942117,0.04123347494790834,0.005469780070784501,-0.010421406140247398,-0.007714664535952141,-0.007282279328110737,-0.012124218953737083,0.006825028121906534,0.008231902196875184,-0.010862688787298009,-0.034665488090044994,0.005557065890051584,-0.00016219863626102394,0.0011787297008700466,0.0042134103701155,-0.020756404982122494,-0.04041189547942117,-0.04123347494790834,0.8251704013438332,0.0,0.16915012942631666,0.0183011827902755,0.014590200687480615,0.0008546276451660322,0.021857031379189765,0.0026603167302137005,-0.0024365797248428176,-0.0005925152998232582,-0.003032757549122021,0.003678942631316273,-0.0014170682758876168,-0.0003559084533797002,0.015980549991556396,0.007784735856126468,0.005469780070784501,0.010421406140247398,0.16915012942631666,-0.0183011827902755,0.11294722200574497,0.0,0.06256862030582334,0.003824602644087734,0.016392941871578453,-0.009523343474273095,0.10008525532842835,0.015217208166478502,0.00220501258446395,-0.0011274837440722327,-0.0006627209958502501,-0.00017179771804571008,-0.002689491904380397,0.001896892808164117,-0.007714664535952141,0.007282279328110737,0.014590200687480615,-0.0008546276451660322,0.06256862030582334,-0.003824602644087734,-0.18011168915918335,0.0,-0.08271343858441836,-0.00048640458231194005,0.025064280397973336,-0.003835303062142465,0.0010851436117467672,0.001798551831878233,0.0024418548001329003,-0.0005004993886100667,0.007832483628588967,0.001104923499600583,-0.012124218953737083,-0.006825028121906534,0.021857031379189765,-0.0026603167302137005,0.016392941871578453,0.009523343474273095,-0.08271343858441836,0.00048640458231194005,-0.07026291336187,0.0,-0.03373274497276501,0.01713314099898533,0.00010615846435746494,0.0072365665755422665,0.0004597127530860496,-0.0007370879347238329,0.002264057312596403,0.012518612175532951,0.008231902196875184,0.010862688787298009,-0.0024365797248428176,0.0005925152998232582,0.10008525532842835,-0.015217208166478502,0.025064280397973336,0.003835303062142465,-0.03373274497276501,-0.01713314099898533,-0.08724712298831167,0.0,-0.0022292016570414994,0.0031528285331707,-0.001083323254071455,0.0006626865923265985,-0.03049885139406001,0.011282814148098317,-0.034665488090044994,-0.005557065890051584,-0.003032757549122021,-0.003678942631316273,0.00220501258446395,0.0011274837440722327,0.0010851436117467672,-0.001798551831878233,0.00010615846435746494,-0.0072365665755422665,-0.0022292016570414994,-0.0031528285331707,-0.11967494622029998,0.0,0.9996794018653165
0.7550000000000006,0.0015015930651980495,0.0,-0.0010723577055612504,-0.0008333487007663751,-0.0027174672993249675,0.0011771279968221834,0.0009790743276099998,0.0006590930809892997,0.0006777367988128652,-0.0012596241371512328,0.000317674938825862,-0.00064017868719849,-0.0020843450530611003,0.0013669914832657832,-0.0008981305566996975,-0.00022858027551883345,0.0012638840797063332,-0.00025752184798284006,-0.0010723577055612504,0.0008333487007663751,0.108703692547635,0.0,0.2814471153938499,-0.0021113069110769286,0.004240842284215066,0.020557191452284667,0.015980423310437204,-0.007748658224420268,-0.0026868824413550847,-0.0018667930131025495,0.007884101091683233,-0.0010972873400869334,0.002267154497430749,-0.012460463227851085,-0.030553993999460002,-0.01123569742346047,-0.0027174672993249675,-0.0011771279968221834,0.2814471153938499,0.0021113069110769286,0.4082451196811333,0.0,-0.040811014893147854,0.04097709448066832,0.005322319825880202,-0.010487198046299316,-0.007640401609763383,-0.007231475619734418,-0.0120388632643367,0.0068774173880747835,0.008277215315619599,-0.010895770389102664,-0.034707835096768336,0.005510164823965497,0.0009790743276099998,-0.0006590930809892997,0.004240842284215066,-0.020557191452284667,-0.040811014893147854,-0.04097709448066832,0.8260945204314167,0.0,0.16942957419064994,0.018329428061363017,0.014744501152878262,0.0008687933886152005,0.022005931881007332,0.0026734329852773965,-0.0022178008458169636,-0.00082800343968995,-0.0031576492412644986,0.0037579341856536167,0.0006777367988128652,0.0012596241371512328,0.015980423310437204,0.007748658224420268,0.005322319825880202,0.010487198046299316,0.16942957419064994,-0.018329428061363017,0.11292760272091334,0.0,0.06265689589853835,0.003790336983385749,0.016404915199231818,-0.009567713141865365,0.10009900899307667,0.015138910257518004,0.0021097992364338997,-0.0011070938180562835,0.000317674938825862,0.00064017868719849,-0.0026868824413550847,0.0018667930131025495,-0.007640401609763383,0.007231475619734418,0.014744501152878262,-0.0008687933886152005,0.06265689589853835,-0.003790336983385749,-0.18021122990536664,0.0,-0.08265957882043334,-0.0004974550751957066,0.025076482729045016,-0.0038031727535556307,0.0011008618327501165,0.0018215052579882833,-0.0020843450530611003,-0.0013669914832657832,0.007884101091683233,0.0010972873400869334,-0.0120388632643367,-0.0068774173880747835,0.022005931881007332,-0.0026734329852773965,0.016404915199231818,0.009567713141865365,-0.08265957882043334,0.0004974550751957066,-0.07036973274958834,0.0,-0.033685410184919995,0.017095352628870502,9.613856720618345e-05,0.007231211450732133,-0.0008981305566996975,0.00022858027551883345,0.002267154497430749,0.012460463227851085,0.008277215315619599,0.010895770389102664,-0.0022178008458169636,0.00082800343968995,0.10009900899307667,-0.015138910257518004,0.025076482729045016,0.0038031727535556307,-0.033685410184919995,-0.017095352628870502,-0.08736072441365499,0.0,-0.0023594922300859034,0.003138102567766384,0.0012638840797063332,0.00025752184798284006,-0.030553993999460002,0.01123569742346047,-0.034707835096768336,-0.005510164823965497,-0.0031576492412644986,-0.0037579341856536167,0.0021097992364338997,0.0011070938180562835,0.0011008618327501165,-0.0018215052579882833,9.613856720618345e-05,-0.007231211450732133,-0.0023594922300859034,-0.003138102567766384,-0.1198516230546,0.0,0.9996792183224331
0.7560000000000001,0.00150140951515395,0.0,0.0012683724082258165,-0.0002090002196134334,0.001023093696457815,-0.002795191163561525,-0.0011516461246677998,0.0003181959333304337,0.0004795902795436365,0.0013091524834839832,0.00028069718961645,0.0006933374744057166,0.000520916456079325,-0.002423443248617587,0.0008576230264439253,-0.0004963626575143053,-0.0007547907722617833,0.0010695671193949668,0.0012683724082258165,0.0002090002196134334,0.10866955226985334,0.0,0.28147735142045,-0.0024820384303673323,0.004229621137403601,0.0203560916101092,0.015979831062421183,-0.007702083615300682,-0.0027057735862407663,-0.0018104621099136165,0.007920784708041686,-0.0010958442522417456,0.002261272023014016,-0.012410244941649549,-0.03061923574094833,-0.011165836553268098,0.001023093696457815,0.002795191163561525,0.28147735142045,0.0024820384303673323,0.40787450853681667,0.0,-0.0412355445461325,0.040693732725826666,0.005180829342089965,-0.010586952247547583,-0.007595149331347451,-0.007164324308999247,-0.011957658622515195,0.006959266319258056,0.008362606374646232,-0.010943129836433167,-0.03473505605172499,0.005428621226250851,-0.0011516461246677998,-0.0003181959333304337,0.004229621137403601,-0.0203560916101092,-0.0412355445461325,-0.040693732725826666,0.8270156662385,0.0,0.16970280452259995,0.018327487872362165,0.014919328180771685,0.0009096365895976055,0.02216227015620233,0.0026643266629474464,-0.00195518884675065,-0.001127699394212117,-0.003283314260513446,0.0037999076881262504,0.0004795902795436365,-0.0013091524834839832,0.015979831062421183,0.007702083615300682,0.005180829342089965,0.010586952247547583,0.16970280452259995,-0.018327487872362165,0.11290469828158335,0.0,0.06273405813911166,0.003753829494933253,0.016429150816830537,-0.009585483010856035,0.10013194281335167,0.015066516797802335,0.002035476885045083,-0.0010854742552768332,0.00028069718961645,-0.0006933374744057166,-0.0027057735862407663,0.0018104621099136165,-0.007595149331347451,0.007164324308999247,0.014919328180771685,-0.0009096365895976055,0.06273405813911166,-0.003753829494933253,-0.18030954905244997,0.0,-0.08261326144143831,-0.000501175855885701,0.025092872793906682,-0.003784874889062816,0.0011246512156198667,0.001844137416534264,0.000520916456079325,0.002423443248617587,0.007920784708041686,0.0010958442522417456,-0.011957658622515195,-0.006959266319258056,0.02216227015620233,-0.0026643266629474464,0.016429150816830537,0.009585483010856035,-0.08261326144143831,0.000501175855885701,-0.07047599267964165,0.0,-0.033621965967153326,0.017064038066436173,8.244787286886661e-05,0.007205838845820106,0.0008576230264439253,0.0004963626575143053,0.002261272023014016,0.012410244941649549,0.008362606374646232,0.010943129836433167,-0.00195518884675065,0.001127699394212117,0.10013194281335167,-0.015066516797802335,0.025092872793906682,0.003784874889062816,-0.033621965967153326,-0.017064038066436173,-0.08747379151813,0.0,-0.0024819264019136566,0.0031147417023934328,-0.0007547907722617833,-0.0010695671193949668,-0.03061923574094833,0.011165836553268098,-0.03473505605172499,-0.005428621226250851,-0.003283314260513446,-0.0037999076881262504,0.002035476885045083,0.0010854742552768332,0.0011246512156198667,-0.001844137416534264,8.244787286886661e-05,-0.007205838845820106,-0.0024819264019136566,-0.0031147417023934328,-0.12002746682500001,0.0,0.9996790347665496
0.7569999999999998,0.0015012259661706666,0.0,-0.0006550226520015165,0.0009995056955138396,0.0013207790842420998,0.002679785846586549,0.0005011751212251513,-0.0011053699588145336,-0.0012743843058551166,-0.0005250016878236834,-0.0007377239603823168,-0.0002695902976397934,0.0013106794056205336,0.002095309295135933,-0.00027559479739657807,0.0009939485884541985,-0.00018418295505028334,-0.001299961198282865,-0.0006550226520015165,-0.0009995056955138396,0.10862034121585501,0.0,0.28148234187788346,-0.0028972399093438344,0.004227756231282835,0.020216645115528172,0.01597752556410421,-0.007634531600352631,-0.00274111198911115,-0.0017430090180788657,0.007940315420835398,-0.0010803343714873663,0.0022488202689239863,-0.012345174767437728,-0.030710051301298325,-0.011089555112313925,0.0013207790842420998,-0.002679785846586549,0.28148234187788346,0.0028972399093438344,0.40752164295960014,0.0,-0.04166417457127682,0.040456091625776666,0.005005318742219316,-0.010707310452648642,-0.007553428390619741,-0.007080629010411034,-0.011889949336530686,0.0070960603645513175,0.008464999511181117,-0.010999122429517174,-0.0347511002291,0.005317104082795016,0.0005011751212251513,0.0011053699588145336,0.004227756231282835,-0.020216645115528172,-0.04166417457127682,-0.040456091625776666,0.8279342023288668,0.0,0.16999201065436667,0.018363589234867004,0.015132017956601967,0.0009686040991575829,0.022325259321147328,0.002626131294870583,-0.001644242447885709,-0.0013970076839708832,-0.0034219411164536665,0.0037953982435858,-0.0012743843058551166,0.0005250016878236834,0.01597752556410421,0.007634531600352631,0.005005318742219316,0.010707310452648642,0.16999201065436667,-0.018363589234867004,0.11287846591931334,0.0,0.06280857098313833,0.003712609531069676,0.016437755754292852,-0.009587871515172246,0.10014765257979333,0.015012640883205034,0.0019620431952615666,-0.0010548680619744146,-0.0007377239603823168,0.0002695902976397934,-0.00274111198911115,0.0017430090180788657,-0.007553428390619741,0.007080629010411034,0.015132017956601967,-0.0009686040991575829,0.06280857098313833,-0.003712609531069676,-0.18040663037179996,0.0,-0.08256603300393332,-0.0005036047577772668,0.02511150767697167,-0.0037724027015525225,0.0011449716713964355,0.0018831876191089004,0.0013106794056205336,-0.002095309295135933,0.007940315420835398,0.0010803343714873663,-0.011889949336530686,-0.0070960603645513175,0.022325259321147328,-0.002626131294870583,0.016437755754292852,0.009587871515172246,-0.08256603300393332,0.0005036047577772668,-0.07058151944800835,0.0,-0.03358097452696666,0.017038632899950168,7.294203492493333e-05,0.007170898255627267,-0.00027559479739657807,-0.0009939485884541985,0.0022488202689239863,0.012345174767437728,0.008464999511181117,0.010999122429517174,-0.001644242447885709,0.0013970076839708832,0.10014765257979333,-0.015012640883205034,0.02511150767697167,0.0037724027015525225,-0.03358097452696666,-0.017038632899950168,-0.08758660935455832,0.0,-0.0025837782978730146,0.0030917420477900243,-0.00018418295505028334,0.001299961198282865,-0.030710051301298325,0.011089555112313925,-0.0347511002291,-0.005317104082795016,-0.0034219411164536665,-0.0037953982435858,0.0019620431952615666,0.0010548680619744146,0.0011449716713964355,-0.0018831876191089004,7.294203492493333e-05,-0.007170898255627267,-0.0025837782978730146,-0.0030917420477900243,-0.12020226800433331,0.0,0.9996788512108334
0.7580000000000003,0.0015010424224231333,0.0,-0.0002693140676720484,-0.0010602598889234332,-0.002887443903383607,-0.000894917415763462,0.0005322765833378669,0.0010994211224491502,0.001271225934410677,-0.0005631562765139667,0.0007406730629577003,-0.0003831682134823534,-0.0024040002923143597,-0.0005775484065787997,-0.0005038874815258168,-0.0009101021945401434,0.00101109040467961,0.0008185415410251861,-0.0002693140676720484,0.0010602598889234332,0.10855494452431498,0.0,0.2814284075324833,-0.0033443228462005006,0.004233427867880651,0.020090379871770002,0.015973100324244836,-0.007562717283959115,-0.0027696270324420844,-0.0016960011403817253,0.007963524782392848,-0.0010451396680273043,0.0022535979903285934,-0.012253939931597365,-0.030793921271471666,-0.0110316086958431,-0.002887443903383607,0.000894917415763462,0.2814284075324833,0.0033443228462005006,0.40718701785294986,0.0,-0.04211644489675933,0.040293756668599995,0.004808005694350501,-0.010806886672195069,-0.007499490410904632,-0.006985728406561919,-0.011832932060719531,0.0072288577846457425,0.008547865971816001,-0.01104500720643468,-0.03475652165133666,0.005196472913378769,0.0005322765833378669,-0.0010994211224491502,0.004233427867880651,-0.020090379871770002,-0.04211644489675933,-0.040293756668599995,0.8288515402132499,0.0,0.1702610932223167,0.018402534831652162,0.015328051086913548,0.0010433413854712163,0.022485041153848338,0.0025862422848858834,-0.0013191553866936702,-0.0015859542465563666,-0.0035614848058687664,0.0037776235521584842,0.001271225934410677,0.0005631562765139667,0.015973100324244836,0.007562717283959115,0.004808005694350501,0.010806886672195069,0.1702610932223167,-0.018402534831652162,0.11284881472334996,0.0,0.06288937373878835,0.0036973127838801335,0.01644338421800003,-0.009602319474260568,0.10014075432595834,0.014970228063109652,0.0018808179902153996,-0.0010304753358349567,0.0007406730629577003,0.0003831682134823534,-0.0027696270324420844,0.0016960011403817253,-0.007499490410904632,0.006985728406561919,0.015328051086913548,-0.0010433413854712163,0.06288937373878835,-0.0036973127838801335,-0.18050264940951669,0.0,-0.08249856045951165,-0.0005095702627320501,0.025136483390763343,-0.003753557603464733,0.0011561802712011502,0.0019267164974405328,-0.0024040002923143597,0.0005775484065787997,0.007963524782392848,0.0010451396680273043,-0.011832932060719531,-0.0072288577846457425,0.022485041153848338,-0.0025862422848858834,0.01644338421800003,0.009602319474260568,-0.08249856045951165,0.0005095702627320501,-0.07068628501554332,0.0,-0.03356062622963833,0.017006220010050335,7.157826106663334e-05,0.007144105154031077,-0.0005038874815258168,0.0009101021945401434,0.0022535979903285934,0.012253939931597365,0.008547865971816001,0.01104500720643468,-0.0013191553866936702,0.0015859542465563666,0.10014075432595834,-0.014970228063109652,0.025136483390763343,0.003753557603464733,-0.03356062622963833,-0.017006220010050335,-0.08769956479901334,0.0,-0.002680606788522062,0.0030671218739963817,0.00101109040467961,-0.0008185415410251861,-0.030793921271471666,0.0110316086958431,-0.03475652165133666,-0.005196472913378769,-0.0035614848058687664,-0.0037776235521584842,0.0018808179902153996,0.0010304753358349567,0.0011561802712011502,-0.0019267164974405328,7.157826106663334e-05,-0.007144105154031077,-0.002680606788522062,-0.0030671218739963817,-0.12037619285126665,0.0,0.9996786676606834
0.7590000000000002,0.0015008588748403671,0.0,0.0008862381104303263,0.0004791630864420666,0.0026566154171567837,-0.0015169021950430831,-0.0011887453453171834,-0.00029786639664198324,-0.0004663826527770437,0.0013259931321510838,-0.00024341528049260017,0.0008619273141915018,0.0020978441578123823,-0.0012939576159717446,0.0010034392237966605,0.00030002560098954837,-0.0012863739007314165,8.609298457321673e-05,0.0008862381104303263,-0.0004791630864420666,0.1084727584741867,0.0,0.28134843856854996,-0.0038191521886722663,0.004194757405429999,0.01992653992830883,0.01596347601169003,-0.007501996632164431,-0.0027842754657759336,-0.0016584974799570369,0.007996435833605263,-0.0010020088587842993,0.0022776803554923754,-0.012158432971143487,-0.030842248087685,-0.010990099404944283,0.0026566154171567837,0.0015169021950430831,0.28134843856854996,0.0038191521886722663,0.4068710501679501,0.0,-0.04262936113230166,0.040177394570836675,0.004627402558222568,-0.010878069577244086,-0.007450433726382604,-0.006881509970042806,-0.011781152189421903,0.007306105865574315,0.008609475049099348,-0.011068530277423633,-0.03474450355849334,0.0050816914693424175,-0.0011887453453171834,0.00029786639664198324,0.004194757405429999,-0.01992653992830883,-0.04262936113230166,-0.040177394570836675,0.8297674409101666,0.0,0.1705052544718333,0.01836950670229448,0.015471470667806497,0.0011220015494617338,0.022656710171742332,0.0025761575770275,-0.0010042039834187336,-0.0017393719821007887,-0.0036879752259822503,0.003779068456796734,-0.0004663826527770437,-0.0013259931321510838,0.01596347601169003,0.007501996632164431,0.004627402558222568,0.010878069577244086,0.1705052544718333,-0.01836950670229448,0.11281766434330168,0.0,0.06298034321513167,0.003726237569336558,0.016485710543627633,-0.00962117192847628,0.10015923836907172,0.014926425649605163,0.0018008506901592328,-0.0010228220705850168,-0.00024341528049260017,-0.0008619273141915018,-0.0027842754657759336,0.0016584974799570369,-0.007450433726382604,0.006881509970042806,0.015471470667806497,-0.0011220015494617338,0.06298034321513167,-0.003726237569336558,-0.18059859556749996,0.0,-0.08243190678383498,-0.0005083973278267669,0.02516641425235833,-0.003738357692552868,0.0011665128689437004,0.001953779658233536,0.0020978441578123823,0.0012939576159717446,0.007996435833605263,0.0010020088587842993,-0.011781152189421903,-0.007306105865574315,0.022656710171742332,-0.0025761575770275,0.016485710543627633,0.00962117192847628,-0.08243190678383498,0.0005083973278267669,-0.07079028317281168,0.0,-0.033528866099741685,0.01695606464328617,7.644930406157168e-05,0.007121514180524131,0.0010034392237966605,-0.00030002560098954837,0.0022776803554923754,0.012158432971143487,0.008609475049099348,0.011068530277423633,-0.0010042039834187336,0.0017393719821007887,0.10015923836907172,-0.014926425649605163,0.02516641425235833,0.003738357692552868,-0.033528866099741685,-0.01695606464328617,-0.08781288116853998,0.0,-0.002793613921515759,0.003028378886017883,-0.0012863739007314165,-8.609298457321673e-05,-0.030842248087685,0.010990099404944283,-0.03474450355849334,-0.0050816914693424175,-0.0036879752259822503,-0.003779068456796734,0.0018008506901592328,0.0010228220705850168,0.0011665128689437004,-0.001953779658233536,7.644930406157168e-05,-0.007121514180524131,-0.002793613921515759,-0.003028378886017883,-0.12054952875469999,0.0,0.9996784841063497
0.7599999999999999,0.0015006753148528835,0.0,-0.0008901631339032032,0.00030477537406653314,-0.0006984668982936166,0.0029852112360552654,0.0009955161542071168,-0.0007280115121273159,-0.0006732054432644332,-0.001226881417767793,-0.00048700728800285076,-0.0008297513092364832,-0.0005566025531073499,0.002381208143612583,-0.0009570702629066983,0.0004938873618422538,0.0008804864979189674,-0.0009415393657033334,-0.0008901631339032032,-0.00030477537406653314,0.10837314254300998,0.0,0.28125650014836673,-0.004300765022255349,0.004104397514918584,0.0197490755279019,0.015947148517789837,-0.007443313737217499,-0.002804454907152887,-0.001595339046660119,0.008018540075821734,-0.0009617660338734832,0.0022938944376833447,-0.012077945776304019,-0.030871626411120005,-0.010946577366006337,-0.0006984668982936166,-0.0029852112360552654,0.28125650014836673,0.004300765022255349,0.40657425184263346,0.0,-0.043184174567767665,0.04007776753580499,0.004461760275031467,-0.010949257825743599,-0.0074318208695693805,-0.006765523541711785,-0.011736139932995859,0.0073553063737614435,0.008669785579056932,-0.011068108303492353,-0.03470344462271,0.004977360671458329,0.0009955161542071168,0.0007280115121273159,0.004104397514918584,-0.0197490755279019,-0.043184174567767665,-0.04007776753580499,0.8306806971231665,0.0,0.17073106124761664,0.018293678588582222,0.015601148239840212,0.0012030984085827337,0.02285404640211166,0.0025951353503175004,-0.0006836357304115233,-0.0018872424372373,-0.003803940045506517,0.0037820214736506005,-0.0006732054432644332,0.001226881417767793,0.015947148517789837,0.007443313737217499,0.004461760275031467,0.010949257825743599,0.17073106124761664,-0.018293678588582222,0.11278749742979002,0.0,0.063065492618785,0.003771182371185467,0.016558073547305083,-0.009610987980885848,0.10020952379820162,0.014884069943033805,0.0017272421656615762,-0.0010230117395570164,-0.00048700728800285076,0.0008297513092364832,-0.002804454907152887,0.001595339046660119,-0.0074318208695693805,0.006765523541711785,0.015601148239840212,-0.0012030984085827337,0.063065492618785,-0.003771182371185467,-0.1806957747714667,0.0,-0.08238563188007834,-0.0004866948303469917,0.025183223642006664,-0.003742954177716603,0.0011851589753126498,0.0019660954760613806,-0.0005566025531073499,-0.002381208143612583,0.008018540075821734,0.0009617660338734832,-0.011736139932995859,-0.0073553063737614435,0.02285404640211166,-0.0025951353503175004,0.016558073547305083,0.009610987980885848,-0.08238563188007834,0.0004866948303469917,-0.07089322894179334,0.0,-0.03347339065861333,0.016888151966247676,8.449252996605002e-05,0.007084758460677453,-0.0009570702629066983,-0.0004938873618422538,0.0022938944376833447,0.012077945776304019,0.008669785579056932,0.011068108303492353,-0.0006836357304115233,0.0018872424372373,0.10020952379820162,-0.014884069943033805,0.025183223642006664,0.003742954177716603,-0.03347339065861333,-0.016888151966247676,-0.08792669982874833,0.0,-0.0029194621178711302,0.0029694107058522525,0.0008804864979189674,0.0009415393657033334,-0.030871626411120005,0.010946577366006337,-0.03470344462271,-0.004977360671458329,-0.003803940045506517,-0.0037820214736506005,0.0017272421656615762,0.0010230117395570164,0.0011851589753126498,-0.0019660954760613806,8.449252996605002e-05,-0.007084758460677453,-0.0029194621178711302,-0.0029694107058522525,-0.12072226017121669,0.0,0.9996783005404327
0.7610000000000005,0.0015004917593955335,0.0,0.00034480321103301493,-0.0008040604543948168,-0.00170383341569127,-0.002543584383737475,-7.361597820675185e-05,0.0012280759657034167,0.0013481037254995832,0.0003030200479608352,0.0009923648998275668,0.00024859281456301666,-0.0012628568693434166,-0.002080440429153549,0.00037059823106149,-0.0010515240137748657,3.0262871577164836e-06,0.001293168439590467,0.00034480321103301493,0.0008040604543948168,0.10825639711762833,0.0,0.28114751047659997,-0.00474757429194095,0.004018634666951831,0.019592073358785378,0.0159346258474855,-0.0073769709689372465,-0.002840915062492658,-0.0015105353329347001,0.00802042021696452,-0.0009246226248126499,0.0022851311840449006,-0.012000833745866952,-0.03091349495593334,-0.010905865639648503,-0.00170383341569127,0.002543584383737475,0.28114751047659997,0.00474757429194095,0.4062958364768834,0.0,-0.04371403391048315,0.0400129689814365,0.0042786743523558326,-0.011031898264437484,-0.007441098721482167,-0.006639439030198782,-0.011705749881303363,0.007427311135515549,0.0087300679166081,-0.01105178018270108,-0.034643580886958326,0.004891949930641167,-7.361597820675185e-05,-0.0012280759657034167,0.004018634666951831,-0.019592073358785378,-0.04371403391048315,-0.0400129689814365,0.8315917924454167,0.0,0.17094540040874995,0.018277033051352382,0.015762887075051555,0.0013030749078889834,0.023064384622465673,0.002624330822892317,-0.0003564283675727498,-0.001973937939163984,-0.003923472829602933,0.0037475891200355513,0.0013481037254995832,-0.0003030200479608352,0.0159346258474855,0.0073769709689372465,0.0042786743523558326,0.011031898264437484,0.17094540040874995,-0.018277033051352382,0.11275832083142498,0.0,0.06314222819718833,0.0037945262520741327,0.01661077232055523,-0.009572684748333914,0.10024742329468501,0.014851120975257235,0.001648335829134382,-0.0010239383333371832,0.0009923648998275668,-0.00024859281456301666,-0.002840915062492658,0.0015105353329347001,-0.007441098721482167,0.006639439030198782,0.015762887075051555,-0.0013030749078889834,0.06314222819718833,-0.0037945262520741327,-0.18079462000813334,0.0,-0.08234889670945332,-0.0004553650837675583,0.025174475758300008,-0.0037616888476182052,0.001208962119886097,0.001983226551532783,-0.0012628568693434166,0.002080440429153549,0.00802042021696452,0.0009246226248126499,-0.011705749881303363,-0.007427311135515549,0.023064384622465673,-0.002624330822892317,0.01661077232055523,0.009572684748333914,-0.08234889670945332,0.0004553650837675583,-0.07099467904715999,0.0,-0.03342068408951001,0.01681019986606417,9.47092970124084e-05,0.007035660158238318,0.00037059823106149,0.0010515240137748657,0.0022851311840449006,0.012000833745866952,0.0087300679166081,0.01105178018270108,-0.0003564283675727498,0.001973937939163984,0.10024742329468501,-0.014851120975257235,0.025174475758300008,0.0037616888476182052,-0.03342068408951001,-0.01681019986606417,-0.08804123201568001,0.0,-0.0030380054654501392,0.0028970876416696835,3.0262871577164836e-06,-0.001293168439590467,-0.03091349495593334,0.010905865639648503,-0.034643580886958326,-0.004891949930641167,-0.003923472829602933,-0.0037475891200355513,0.001648335829134382,0.0010239383333371832,0.001208962119886097,-0.001983226551532783,9.47092970124084e-05,-0.007035660158238318,-0.0030380054654501392,-0.0028970876416696835,-0.12089419058160002,0.0,0.9996781169783832
0.7620000000000003,0.0015003082213192833,0.0,0.00034986963865655835,0.0007194718689743628,0.0030461759301494687,0.0004981614557282504,-0.0008737827553327996,-0.0008216671519264001,-0.0011201431520430835,0.0007910408293581001,-0.0009221262784371,0.000554615784693465,0.0023629286716545994,0.0006183447157737834,0.0004529293479094334,0.0010407217342284685,-0.0008808188490683498,-0.0009459472159639128,0.00034986963865655835,-0.0007194718689743628,0.10812469824139503,0.0,0.2810150769518833,-0.005126852612135382,0.0039536940392110665,0.01942759849604683,0.015933547051692,-0.0073122717637692965,-0.002874772544735899,-0.00144227708499725,0.008026960437258583,-0.0008879174915618002,0.0022728075391591665,-0.011904241585207436,-0.030962419228826674,-0.010887915646685335,0.0030461759301494687,-0.0004981614557282504,0.2810150769518833,0.005126852612135382,0.4060330724986833,0.0,-0.04419034253079966,0.040000554655921006,0.00407432477927225,-0.011102147354012788,-0.007457265824289566,-0.006510234107280887,-0.011688485526569719,0.0075142940721011015,0.008769306114707399,-0.011026858672106047,-0.034599953378570004,0.004839261730301367,-0.0008737827553327996,0.0008216671519264001,0.0039536940392110665,-0.01942759849604683,-0.04419034253079966,-0.040000554655921006,0.8325029990024831,0.0,0.17114038968023323,0.018334756495983852,0.01592910296091753,0.0014252942177504604,0.02326252448035824,0.0026647457950904,-5.137798165445845e-05,-0.0019532978114081825,-0.004055971370968976,0.0036710273653422962,-0.0011201431520430835,-0.0007910408293581001,0.015933547051692,0.0073122717637692965,0.00407432477927225,0.011102147354012788,0.17114038968023323,-0.018334756495983852,0.11272803624600165,0.0,0.063226639276205,0.003802621661054118,0.016629705112423735,-0.0095390787213135,0.10024903013705996,0.0148223776861205,0.0015522548160372194,-0.0010341836784126764,-0.0009221262784371,-0.000554615784693465,-0.002874772544735899,0.00144227708499725,-0.007457265824289566,0.006510234107280887,0.01592910296091753,-0.0014252942177504604,0.063226639276205,-0.003802621661054118,-0.18089444875080007,0.0,-0.08229435209511,-0.0004418916722209101,0.02514995536438167,-0.003773689667472584,0.0012285067001049166,0.002007965187168933,0.0023629286716545994,-0.0006183447157737834,0.008026960437258583,0.0008879174915618002,-0.011688485526569719,-0.0075142940721011015,0.02326252448035824,-0.0026647457950904,0.016629705112423735,0.0095390787213135,-0.08229435209511,0.0004418916722209101,-0.07109469722799168,0.0,-0.03339137589948833,0.016727347807442998,0.00010383239065675664,0.006995017514825565,0.0004529293479094334,-0.0010407217342284685,0.0022728075391591665,0.011904241585207436,0.008769306114707399,0.011026858672106047,-5.137798165445845e-05,0.0019532978114081825,0.10024903013705996,-0.0148223776861205,0.02514995536438167,0.003773689667472584,-0.03339137589948833,-0.016727347807442998,-0.08815664357420337,0.0,-0.003141148587454597,0.0028155366216576225,-0.0008808188490683498,0.0009459472159639128,-0.030962419228826674,0.010887915646685335,-0.034599953378570004,-0.004839261730301367,-0.004055971370968976,-0.0036710273653422962,0.0015522548160372194,0.0010341836784126764,0.0012285067001049166,-0.002007965187168933,0.00010383239065675664,-0.006995017514825565,-0.003141148587454597,-0.0028155366216576225,-0.12106539122315002,0.0,0.9996779334341
0.763,0.0015001246978557335,0.0,-0.0007145950139734263,-0.000174471102578465,-0.0024816815851226837,0.0019187912055280006,0.0011425014221144003,-0.00013319091913998286,0.00016086641093856683,-0.0013546303957313835,0.00027321065367429007,-0.0010905241809310337,-0.00212260066862895,0.0012275339114899504,-0.0010494748507107333,-0.00045039015392431665,0.0012897553518713327,0.00010764187133001657,-0.0007145950139734263,0.000174471102578465,0.10798109985731337,0.0,0.28086395950948334,-0.005443577511907687,0.003851826585528327,0.019220431629619786,0.015943503913364836,-0.007259711417680795,-0.0028912793774609185,-0.0014014766067597833,0.00806258463897345,-0.0008543285859936837,0.0022881043346031343,-0.011796847660016234,-0.030992138113048334,-0.010886783210364634,-0.0024816815851226837,-0.0019187912055280006,0.28086395950948334,0.005443577511907687,0.4057828285749166,0.0,-0.044653071449161336,0.040006093438366,0.003883680617617049,-0.011144525889200951,-0.0074758688069374146,-0.006385936060436865,-0.01166923558898513,0.007569944445847566,0.00879079626672075,-0.010998660354643763,-0.034590521391669994,0.004814659539761368,0.0011425014221144003,0.00013319091913998286,0.003851826585528327,-0.019220431629619786,-0.044653071449161336,-0.040006093438366,0.8334152575594668,0.0,0.17131158841108332,0.018364056035154435,0.01604285865444255,0.0015484859807495662,0.023446422920552504,0.0027377765827353833,0.00022646038415761636,-0.0018756568622092314,-0.004199437098863088,0.003574216913627533,0.00016086641093856683,0.0013546303957313835,0.015943503913364836,0.007259711417680795,0.003883680617617049,0.011144525889200951,0.17131158841108332,-0.018364056035154435,0.112695966804185,0.0,0.06332418310764501,0.0038217724397864236,0.016655123125563116,-0.009515002841733003,0.10024181117075166,0.01478801500812194,0.0014449633228265613,-0.00106347954434505,0.00027321065367429007,0.0010905241809310337,-0.0028912793774609185,0.0014014766067597833,-0.0074758688069374146,0.006385936060436865,0.01604285865444255,-0.0015484859807495662,0.06332418310764501,-0.0038217724397864236,-0.18099446230636665,0.0,-0.08221740923251665,-0.00045295131248125853,0.02512242123250333,-0.0037724734281350276,0.00124379173892885,0.0020199751748226336,-0.00212260066862895,-0.0012275339114899504,0.00806258463897345,0.0008543285859936837,-0.01166923558898513,-0.007569944445847566,0.023446422920552504,-0.0027377765827353833,0.016655123125563116,0.009515002841733003,-0.08221740923251665,0.00045295131248125853,-0.07119401423157669,0.0,-0.03336580336162666,0.016637289848013836,0.00010565766906551844,0.006968271859861049,-0.0010494748507107333,0.00045039015392431665,0.0022881043346031343,0.011796847660016234,0.00879079626672075,0.010998660354643763,0.00022646038415761636,0.0018756568622092314,0.10024181117075166,-0.01478801500812194,0.02512242123250333,0.0037724734281350276,-0.03336580336162666,-0.016637289848013836,-0.08827295359065833,0.0,-0.0032345409149891324,0.0027162412623023655,0.0012897553518713327,-0.00010764187133001657,-0.030992138113048334,0.010886783210364634,-0.034590521391669994,-0.004814659539761368,-0.004199437098863088,-0.003574216913627533,0.0014449633228265613,0.00106347954434505,0.00124379173892885,-0.0020199751748226336,0.00010565766906551844,-0.006968271859861049,-0.0032345409149891324,-0.0027162412623023655,-0.12123609746115001,0.0,0.9996777499036166
0.7640000000000007,0.0014999411715356664,0.0,0.0005566632245717338,-0.0004209911265658664,0.00029140290555616647,-0.0031531958603059503,-0.0006107672025978333,0.0009277322016438171,0.0009157452109258166,0.000987362774829717,0.0005979299923470016,0.0010012023339605683,0.0006144189856697832,-0.002358237779778434,0.0010851851530426784,-0.0004137881521648,-0.001039873776468936,0.0007928320537864834,0.0005566632245717338,0.0004209911265658664,0.10782744896178337,0.0,0.280751039648,-0.005727400870716074,0.003689869067146818,0.0189931332849614,0.015969401147081338,-0.007215975485264149,-0.0029107506807970474,-0.0013617881472042332,0.008118360344091517,-0.0008284215240710665,0.0023269005416445467,-0.011710158182622095,-0.031015055956886663,-0.010875410737101732,0.00029140290555616647,0.0031531958603059503,0.280751039648,0.005727400870716074,0.4055435250512999,0.0,-0.04513686331032097,0.03997646651809582,0.0037356361171335573,-0.01117922226933668,-0.007521111206531769,-0.006275007869808318,-0.011640089358570166,0.007593493372274348,0.008830047226036551,-0.010970048440184902,-0.03460068776842499,0.0047905549731420685,-0.0006107672025978333,-0.0009277322016438171,0.003689869067146818,-0.0189931332849614,-0.04513686331032097,-0.03997646651809582,0.8343270154851831,0.0,0.1714917316697666,0.01831307422743967,0.016103596703783984,0.0016640620594845002,0.02364029600377149,0.0028433784076560505,0.00051819470568585,-0.0018220218556984334,-0.004338213465126635,0.0034604075915836644,0.0009157452109258166,-0.000987362774829717,0.015969401147081338,0.007215975485264149,0.0037356361171335573,0.01117922226933668,0.1714917316697666,-0.01831307422743967,0.11266389618260168,0.0,0.06343065850745998,0.0038443404408877503,0.016709471660227824,-0.00946880636763067,0.10026609722566833,0.014754736776521001,0.0013428211182195998,-0.0011021359930741827,0.0005979299923470016,-0.0010012023339605683,-0.0029107506807970474,0.0013617881472042332,-0.007521111206531769,0.006275007869808318,0.016103596703783984,-0.0016640620594845002,0.06343065850745998,-0.0038443404408877503,-0.1810944265410334,0.0,-0.08215051513708334,-0.00046731659000649994,0.025093375004789992,-0.0037711180078055543,0.0012640067076220495,0.0020102424164165186,0.0006144189856697832,0.002358237779778434,0.008118360344091517,0.0008284215240710665,-0.011640089358570166,-0.007593493372274348,0.02364029600377149,-0.0028433784076560505,0.016709471660227824,0.00946880636763067,-0.08215051513708334,0.00046731659000649994,-0.07129335912279669,0.0,-0.03332418159287333,0.016546003453434835,9.667130758280006e-05,0.006937568744517534,0.0010851851530426784,0.0004137881521648,0.0023269005416445467,0.011710158182622095,0.008830047226036551,0.010970048440184902,0.00051819470568585,0.0018220218556984334,0.10026609722566833,-0.014754736776521001,0.025093375004789992,0.0037711180078055543,-0.03332418159287333,-0.016546003453434835,-0.08839020272836336,0.0,-0.0033197734635736146,0.002593882932771112,-0.001039873776468936,-0.0007928320537864834,-0.031015055956886663,0.010875410737101732,-0.03460068776842499,-0.0047905549731420685,-0.004338213465126635,-0.0034604075915836644,0.0013428211182195998,0.0011021359930741827,0.0012640067076220495,-0.0020102424164165186,9.667130758280006e-05,-0.006937568744517534,-0.0033197734635736146,-0.002593882932771112,-0.12140627208923328,0.0,0.9996775663709332
0.7650000000000005,0.0014997576418701336,0.0,-1.7359408876480194e-05,0.0006711473701439166,0.002091899740012701,0.0023673514250444824,-0.00031793219263645035,-0.0010395708763298003,-0.001324390049961133,8.496848191811327e-05,-0.0011601470316598172,-0.00029389646957010023,0.0012221726706487265,0.002068769355106216,-0.0004928762871413666,0.001087677614487766,0.00024029301701802304,-0.0013007729470744492,-1.7359408876480194e-05,-0.0006711473701439166,0.10766424904228668,0.0,0.28065985705475,-0.005990017656080269,0.0035184420357634357,0.018777353555867484,0.016014394630840048,-0.00716902568104178,-0.0029545564578877842,-0.0013108845207311162,0.00816679606776862,-0.0008086310100380169,0.0023568880619048004,-0.01164409191290283,-0.03105889402241334,-0.01084932250887145,0.002091899740012701,-0.0023673514250444824,0.28065985705475,0.005990017656080269,0.40531489773090007,0.0,-0.04560312196153262,0.039899715521728184,0.003612015982460817,-0.011222516438759792,-0.007607377377662734,-0.006181669885381315,-0.011612678069900717,0.007638660765811147,0.008903489973767002,-0.010935363282441463,-0.034601045624095,0.004740678515763082,-0.00031793219263645035,0.0010395708763298003,0.0035184420357634357,-0.018777353555867484,-0.04560312196153262,-0.039899715521728184,0.8352367027823665,0.0,0.1716746136446,0.018252976566130365,0.01615179523239432,0.0017969644774971669,0.02386156902696133,0.0029469347540748165,0.0008497477893583166,-0.0017954244977536333,-0.004454350416321351,0.0033051599683989676,-0.001324390049961133,-8.496848191811327e-05,0.016014394630840048,0.00716902568104178,0.003612015982460817,0.011222516438759792,0.1716746136446,-0.018252976566130365,0.11263305388320503,0.0,0.06353276677074,0.003842739834252966,0.016752128050487248,-0.009388980086155001,0.10029291200525496,0.014728703978602495,0.0012501733017271502,-0.0011350681664921822,-0.0011601470316598172,0.00029389646957010023,-0.0029545564578877842,0.0013108845207311162,-0.007607377377662734,0.006181669885381315,0.01615179523239432,-0.0017969644774971669,0.06353276677074,-0.003842739834252966,-0.18119420277761664,0.0,-0.082093739987775,-0.00047520661207808347,0.025055459938385,-0.003777450419449393,0.0012911840671569169,0.00199876112933888,0.0012221726706487265,-0.002068769355106216,0.00816679606776862,0.0008086310100380169,-0.011612678069900717,-0.007638660765811147,0.02386156902696133,-0.0029469347540748165,0.016752128050487248,0.009388980086155001,-0.082093739987775,0.00047520661207808347,-0.07139293922524499,0.0,-0.03327727718872666,0.016464075131442338,8.209748928456662e-05,0.006888585848751462,-0.0004928762871413666,-0.001087677614487766,0.0023568880619048004,0.01164409191290283,0.008903489973767002,0.010935363282441463,0.0008497477893583166,0.0017954244977536333,0.10029291200525496,-0.014728703978602495,0.025055459938385,0.003777450419449393,-0.03327727718872666,-0.016464075131442338,-0.08850849827921334,0.0,-0.003387190535634217,0.0024622414082951668,0.00024029301701802304,0.0013007729470744492,-0.03105889402241334,0.01084932250887145,-0.034601045624095,-0.004740678515763082,-0.004454350416321351,-0.0033051599683989676,0.0012501733017271502,0.0011350681664921822,0.0012911840671569169,-0.00199876112933888,8.209748928456662e-05,-0.006888585848751462,-0.003387190535634217,-0.0024622414082951668,-0.1215756379637,0.0,0.9996773828344333
0.7659999999999988,0.0014995741225840673,0.0,-0.0004975848110535167,-0.0003934716743425668,-0.003150797635740135,-0.00011307355448074691,0.0009803367206158004,0.00040948714746130336,0.0007862114458961186,-0.0010648082904501051,0.0010456186628165717,-0.000621574610782785,-0.0022968127415759006,-0.0006043009488112164,-0.0004235520246400005,-0.0011352207607308,0.0006931393440569333,0.001123513873567567,-0.0004975848110535167,0.0003934716743425668,0.10749235387788171,0.0,0.2805699737025666,-0.006221022678383251,0.0033736430409056564,0.018566795076934716,0.01607152428184368,-0.007118813134531151,-0.0030021518890825244,-0.0012716854467126504,0.008202417422654828,-0.0007843183430104994,0.0023711014997030693,-0.011568774141269233,-0.03111907966754833,-0.010835275717455649,-0.003150797635740135,0.00011307355448074691,0.2805699737025666,0.006221022678383251,0.40509625254098336,0.0,-0.046009201716798245,0.03981746773957683,0.0034788643961367674,-0.01126217511888708,-0.0077154597413814354,-0.006099398562785368,-0.011610079452726602,0.007733047531569383,0.008984211145818185,-0.01089015533365892,-0.03459353821450834,0.004659749848380359,0.0009803367206158004,-0.00040948714746130336,0.0033736430409056564,-0.018566795076934716,-0.046009201716798245,-0.03981746773957683,0.8361447139677668,0.0,0.17186537820421663,0.0182466443800924,0.016198144978927298,0.001957721209875,0.02410460787193833,0.003031224664468565,0.0011802537605720498,-0.0017350537812671,-0.004541370975682329,0.003098095563935118,0.0007862114458961186,0.0010648082904501051,0.01607152428184368,0.007118813134531151,0.0034788643961367674,0.01126217511888708,0.17186537820421663,-0.0182466443800924,0.112602347491555,0.0,0.06363836516866167,0.0038277348264243497,0.01675100084898578,-0.009310030476932197,0.10029520127070501,0.014700811395936516,0.0011569967867181665,-0.0011669873369043382,0.0010456186628165717,0.000621574610782785,-0.0030021518890825244,0.0012716854467126504,-0.0077154597413814354,0.006099398562785368,0.016198144978927298,-0.001957721209875,0.06363836516866167,-0.0038277348264243497,-0.18129318870721667,0.0,-0.08202812688205499,-0.0004970565820259918,0.02501875716085001,-0.0037836491576188434,0.0013146642027069414,0.002006552316381458,-0.0022968127415759006,0.0006043009488112164,0.008202417422654828,0.0007843183430104994,-0.011610079452726602,-0.007733047531569383,0.02410460787193833,-0.003031224664468565,0.01675100084898578,0.009310030476932197,-0.08202812688205499,0.0004970565820259918,-0.07149292328352998,0.0,-0.03325592075117167,0.016398423789313662,6.752818512928337e-05,0.006832266918908332,-0.0004235520246400005,0.0011352207607308,0.0023711014997030693,0.011568774141269233,0.008984211145818185,0.01089015533365892,0.0011802537605720498,0.0017350537812671,0.10029520127070501,-0.014700811395936516,0.02501875716085001,0.0037836491576188434,-0.03325592075117167,-0.016398423789313662,-0.08862771189428667,0.0,-0.0034318646702667173,0.002340199844835717,0.0006931393440569333,-0.001123513873567567,-0.03111907966754833,0.010835275717455649,-0.03459353821450834,-0.004659749848380359,-0.004541370975682329,-0.003098095563935118,0.0011569967867181665,0.0011669873369043382,0.0013146642027069414,-0.002006552316381458,6.752818512928337e-05,-0.006832266918908332,-0.0034318646702667173,-0.002340199844835717,-0.12174421880661669,0.0,0.9996771993092002
0.7670000000000007,0.001499390615484566,0.0,0.0005700649597247415,-0.00017205706145793323,0.0022661559689277416,-0.002226190058043033,-0.0009145162833043331,0.0004678785461228028,0.0002735546813676831,0.0013064240895646665,-0.00030384603678528346,0.0011967953242546217,0.002036997365631017,-0.0011827243575142352,0.0010924957650650666,0.0005030322101319998,-0.001244526365994733,-0.0003695583169556334,0.0005700649597247415,0.00017205706145793323,0.10731355153054833,0.0,0.2804338798666334,-0.006415405592453101,0.003209902492939106,0.018350452739860235,0.016117855672549954,-0.007071896815336583,-0.0030255100557357553,-0.0012566061690814335,0.008241079969183676,-0.0007501089474688912,0.0023997736422529978,-0.011471546015073717,-0.031160236101096663,-0.010839007866903188,0.0022661559689277416,0.002226190058043033,0.2804338798666334,0.006415405592453101,0.4048859947517166,0.0,-0.0463738509000182,0.03975861235154217,0.0033365660569148166,-0.011278215389648051,-0.007815059106335984,-0.006014982497779266,-0.011634892489154152,0.0078265278214635,0.009040335689425765,-0.010833224518683765,-0.03459087050144833,0.004555908898802733,-0.0009145162833043331,-0.0004678785461228028,0.003209902492939106,-0.018350452739860235,-0.0463738509000182,-0.03975861235154217,0.8370518233339334,0.0,0.17205384965620002,0.018229637134187054,0.01620954987477865,0.0021087567139443167,0.024342984400864832,0.0031284535844309856,0.0014595187040798497,-0.001617044426766967,-0.004598865149854667,0.002869175218657751,0.0002735546813676831,-0.0013064240895646665,0.016117855672549954,0.007071896815336583,0.0033365660569148166,0.011278215389648051,0.17205384965620002,-0.018229637134187054,0.11257095135678667,0.0,0.06373934032030165,0.0038419839227277156,0.016734331522819255,-0.009252096325628269,0.10027545397429001,0.014658174591189139,0.001062546820796383,-0.001215188582551025,-0.00030384603678528346,-0.0011967953242546217,-0.0030255100557357553,0.0012566061690814335,-0.007815059106335984,0.006014982497779266,0.01620954987477865,-0.0021087567139443167,0.06373934032030165,-0.0038419839227277156,-0.18139089049493337,0.0,-0.08193690730484166,-0.0005445179933489334,0.024994918828851666,-0.0037826055857138104,0.0013281391669534611,0.002026762771885625,0.002036997365631017,0.0011827243575142352,0.008241079969183676,0.0007501089474688912,-0.011634892489154152,-0.0078265278214635,0.024342984400864832,-0.0031284535844309856,0.016734331522819255,0.009252096325628269,-0.08193690730484166,0.0005445179933489334,-0.07159401409219496,0.0,-0.033255658698821675,0.01634045311691716,5.467437165143488e-05,0.006783911791983784,0.0010924957650650666,-0.0005030322101319998,0.0023997736422529978,0.011471546015073717,0.009040335689425765,0.010833224518683765,0.0014595187040798497,0.001617044426766967,0.10027545397429001,-0.014658174591189139,0.024994918828851666,0.0037826055857138104,-0.033255658698821675,-0.01634045311691716,-0.08874738229369664,0.0,-0.0034597189514853307,0.0022275581826663826,-0.001244526365994733,0.0003695583169556334,-0.031160236101096663,0.010839007866903188,-0.03459087050144833,-0.004555908898802733,-0.004598865149854667,-0.002869175218657751,0.001062546820796383,0.001215188582551025,0.0013281391669534611,-0.002026762771885625,5.467437165143488e-05,-0.006783911791983784,-0.0034597189514853307,-0.0022275581826663826,-0.1219124089123167,0.0,0.9996770157959667
0.7680000000000005,0.0014992071084551496,0.0,-0.00017914850076195018,0.000552509030299545,7.129728744714979e-05,0.0032048005325363642,0.00023345148885434952,-0.0009679946623621165,-0.0011689558828937169,-0.0006700301969276,-0.0006486802335468999,-0.0010810258021765804,-0.0005765409004163837,0.0022485425025296833,-0.0011217428198814663,0.0004169753347900666,0.0011521944836630276,-0.0005392856197485334,-0.00017914850076195018,-0.000552509030299545,0.10712903279305332,0.0,0.2802898898704667,-0.006594140049609,0.002986430104245717,0.01815703093123634,0.016144467907937995,-0.007026950779722801,-0.0030428784392520824,-0.0012410281252821774,0.008283567323612927,-0.0007140161162147071,0.0024565296832855473,-0.011380361178096819,-0.031179075535893323,-0.010832060781327615,7.129728744714979e-05,-0.0032048005325363642,0.2802898898704667,0.006594140049609,0.4046829527474835,0.0,-0.04675249143690877,0.039711374214346666,0.0032170256703209507,-0.011270742743990031,-0.007909418972390383,-0.005933406445893919,-0.01166511704115495,0.007865772724542665,0.009072936054713033,-0.010771032856740503,-0.034588248859851664,0.004444783573672233,0.00023345148885434952,0.0009679946623621165,0.002986430104245717,-0.01815703093123634,-0.04675249143690877,-0.039711374214346666,0.8379569841531502,0.0,0.17226085442286668,0.018118041492100653,0.016181006920492666,0.0022174931504436004,0.024556415126419165,0.003279886883745417,0.0016975985141754247,-0.0014813421892901667,-0.0046324874408341455,0.002660003049184283,-0.0011689558828937169,0.0006700301969276,0.016144467907937995,0.007026950779722801,0.0032170256703209507,0.011270742743990031,0.17226085442286668,-0.018118041492100653,0.11254085939092831,0.0,0.06381971776243332,0.003896183523692066,0.016744874841827614,-0.009187109080697616,0.10027365465369834,0.014608296907157255,0.000980555525880115,-0.0012813156977140325,-0.0006486802335468999,0.0010810258021765804,-0.0030428784392520824,0.0012410281252821774,-0.007909418972390383,0.005933406445893919,0.016181006920492666,-0.0022174931504436004,0.06381971776243332,-0.003896183523692066,-0.18148774447036667,0.0,-0.08185130775569999,-0.0005936739840742499,0.024980258916518335,-0.003783604432152604,0.001341992579963006,0.002039935607842325,-0.0005765409004163837,-0.0022485425025296833,0.008283567323612927,0.0007140161162147071,-0.01166511704115495,-0.007865772724542665,0.024556415126419165,-0.003279886883745417,0.016744874841827614,0.009187109080697616,-0.08185130775569999,0.0005936739840742499,-0.07169698908089833,0.0,-0.03325150771380501,0.016280177669523,4.786893678851655e-05,0.0067411914387830495,-0.0011217428198814663,-0.0004169753347900666,0.0024565296832855473,0.011380361178096819,0.009072936054713033,0.010771032856740503,0.0016975985141754247,0.0014813421892901667,0.10027365465369834,-0.014608296907157255,0.024980258916518335,0.003783604432152604,-0.03325150771380501,-0.016280177669523,-0.08886711998540164,0.0,-0.003478604482679926,0.0021098259604140504,0.0011521944836630276,0.0005392856197485334,-0.031179075535893323,0.010832060781327615,-0.034588248859851664,-0.004444783573672233,-0.0046324874408341455,-0.002660003049184283,0.000980555525880115,0.0012813156977140325,0.001341992579963006,-0.002039935607842325,4.786893678851655e-05,-0.0067411914387830495,-0.003478604482679926,-0.0021098259604140504,-0.12208035037456666,0.0,0.9996768322819999
0.7689999999999989,0.0014990235898121168,0.0,-0.0003480139167120668,-0.00047876488464195026,-0.002387377684393252,-0.0021429190913392674,0.000575861879745366,0.0007912720406228832,0.0012750330294470313,-0.00045639943241618334,0.001255770137870683,0.0003065271197688501,-0.0011662150259332002,-0.0019440345292958997,0.0005009429580284517,-0.0011139905301031864,-0.000488186158385034,0.00114850595630839,-0.0003480139167120668,0.00047876488464195026,0.10693849457330003,0.0,0.28016148741581665,-0.006771847846259752,0.00272876756220765,0.018005272658568165,0.016162006761121832,-0.006971394700644812,-0.003092187749815583,-0.0012014516410313188,0.008306723385960434,-0.0006865190451554762,0.0025108062148095165,-0.011314227647820353,-0.031202474129071664,-0.010800626454208836,-0.002387377684393252,0.0021429190913392674,0.28016148741581665,0.006771847846259752,0.40448713752860016,0.0,-0.047142668608676955,0.03964896965625499,0.003122068284398433,-0.011247955094040649,-0.008026883502953481,-0.005876354985497967,-0.011681940396052368,0.007867010400120215,0.009093220666936618,-0.010705106173331647,-0.03456294461931999,0.004344683487349375,0.000575861879745366,-0.0007912720406228832,0.00272876756220765,-0.018005272658568165,-0.047142668608676955,-0.03964896965625499,0.8388584576454164,0.0,0.17246688986656666,0.017950481881418186,0.016142047380227165,0.002312943134197,0.024738088375127507,0.0034745342202299827,0.0019294001840994167,-0.001349929117848483,-0.0046464491635099005,0.0024722693710509487,0.0012750330294470313,0.00045639943241618334,0.016162006761121832,0.006971394700644812,0.003122068284398433,0.011247955094040649,0.17246688986656666,-0.017950481881418186,0.11251481733214166,0.0,0.06386383643004333,0.003952546046821498,0.01676258775989125,-0.009091398722931519,0.10028985196881833,0.014566837224304898,0.0009183323301512498,-0.0013469942760209166,0.001255770137870683,-0.0003065271197688501,-0.003092187749815583,0.0012014516410313188,-0.008026883502953481,0.005876354985497967,0.016142047380227165,-0.002312943134197,0.06386383643004333,-0.003952546046821498,-0.18158476357601663,0.0,-0.08178945373971329,-0.00061772642822749,0.024954585365543333,-0.0037965404069776956,0.001366999070853881,0.002046467491010845,-0.0011662150259332002,0.0019440345292958997,0.008306723385960434,0.0006865190451554762,-0.011681940396052368,-0.007867010400120215,0.024738088375127507,-0.0034745342202299827,0.01676258775989125,0.009091398722931519,-0.08178945373971329,0.00061772642822749,-0.07180189398761333,0.0,-0.03323467792137999,0.016216761632864164,5.41566921594601e-05,0.006691654326854366,0.0005009429580284517,0.0011139905301031864,0.0025108062148095165,0.011314227647820353,0.009093220666936618,0.010705106173331647,0.0019294001840994167,0.001349929117848483,0.10028985196881833,-0.014566837224304898,0.024954585365543333,0.0037965404069776956,-0.03323467792137999,-0.016216761632864164,-0.08898693892101,0.0,-0.003490949373540184,0.001982105194298134,-0.000488186158385034,-0.00114850595630839,-0.031202474129071664,0.010800626454208836,-0.03456294461931999,-0.004344683487349375,-0.0046464491635099005,-0.0024722693710509487,0.0009183323301512498,0.0013469942760209166,0.001366999070853881,-0.002046467491010845,5.41566921594601e-05,-0.006691654326854366,-0.003490949373540184,-0.001982105194298134,-0.12224768542781668,0.0,0.9996766487566833
0.7700000000000008,0.0014988400738980502,0.0,0.0006129285251892015,-9.15853209933334e-07,0.0031953621373883496,-0.00026679365279561664,-0.0009591454249004834,-6.231372771024991e-05,-0.00048462525087181673,0.0012717797194238668,-0.0011283901501259166,0.000691288482773355,0.0021464536829686504,0.0005639357787738001,0.0004510615337052001,0.0011802458091306795,-0.00039904424144196666,-0.0011489231315311,0.0006129285251892015,9.15853209933334e-07,0.10674185459081335,0.0,0.28003327267736666,-0.006928532890757734,0.0024661123400650338,0.017869940709684097,0.016181089759381,-0.006898153876621124,-0.003169089669708733,-0.0011523564469881308,0.008298599181703122,-0.0006693203172035243,0.002533293611123098,-0.011251945962640317,-0.031238192412310004,-0.010773252291041615,0.0031953621373883496,0.00026679365279561664,0.28003327267736666,0.006928532890757734,0.4042983931126167,0.0,-0.04749592689248645,0.03958133768317668,0.0030149881776830156,-0.011211248444035146,-0.008174418498800722,-0.0058507484033549,-0.011694324041395567,0.00787787746008183,0.009094277775577548,-0.010634587109189205,-0.03452014062010998,0.004268349761777035,-0.0009591454249004834,6.231372771024991e-05,0.0024661123400650338,-0.017869940709684097,-0.04749592689248645,-0.03958133768317668,0.8397560781769503,0.0,0.17264183662665006,0.01782229712502136,0.016106072074920007,0.0024362580458791,0.024881073411993335,0.003669376786293033,0.002127797746640567,-0.00119246185701368,-0.004635308133760734,0.0022738855828592247,-0.00048462525087181673,-0.0012717797194238668,0.016181089759381,0.006898153876621124,0.0030149881776830156,0.011211248444035146,0.17264183662665006,-0.01782229712502136,0.11249292257387668,0.0,0.06388155481840001,0.003982650070532733,0.016739775429072772,-0.00899539532110447,0.10029625660866001,0.014531807469975,0.0008674202896938001,-0.0014072594825955333,-0.0011283901501259166,-0.000691288482773355,-0.003169089669708733,0.0011523564469881308,-0.008174418498800722,0.0058507484033549,0.016106072074920007,-0.0024362580458791,0.06388155481840001,-0.003982650070532733,-0.18168228612066661,0.0,-0.08173058145894498,-0.0006324451739438999,0.024910980724488326,-0.0038145167335247765,0.0013972223509679668,0.0020647054016854115,0.0021464536829686504,-0.0005639357787738001,0.008298599181703122,0.0006693203172035243,-0.011694324041395567,-0.00787787746008183,0.024881073411993335,-0.003669376786293033,0.016739775429072772,0.00899539532110447,-0.08173058145894498,0.0006324451739438999,-0.07190821717155498,0.0,-0.03322374651168333,0.016152224367966,7.466732439934997e-05,0.006639845024561449,0.0004510615337052001,-0.0011802458091306795,0.002533293611123098,0.011251945962640317,0.009094277775577548,0.010634587109189205,0.002127797746640567,0.00119246185701368,0.10029625660866001,-0.014531807469975,0.024910980724488326,0.0038145167335247765,-0.03322374651168333,-0.016152224367966,-0.089106998826705,0.0,-0.003496042725219866,0.0018554101494507734,-0.00039904424144196666,0.0011489231315311,-0.031238192412310004,0.010773252291041615,-0.03452014062010998,-0.004268349761777035,-0.004635308133760734,-0.0022738855828592247,0.0008674202896938001,0.0014072594825955333,0.0013972223509679668,-0.0020647054016854115,7.466732439934997e-05,-0.006639845024561449,-0.003496042725219866,-0.0018554101494507734,-0.12241412117485,0.0,0.9996764652344167
0.7710000000000006,0.0014986565716702167,0.0,-0.000369766139441195,0.0005268198559592333,-0.0020202200134509783,0.002536545106548328,0.0006304473014921498,-0.0006782582332729242,-0.0006271040947748166,-0.0012194393248072003,0.00031554360995351646,-0.001313797750673108,-0.001924299592107144,0.0010647480377804668,-0.0011778571881391501,-0.0005355224017265383,0.0010280908043495335,0.0005660504287501833,-0.000369766139441195,-0.0005268198559592333,0.10654075476027833,0.0,0.2798792055255167,-0.007039369620421865,0.0021722249206476167,0.017735337178206172,0.01619591490663484,-0.006808901447234634,-0.003235451325438233,-0.0011175685167063667,0.008281543546534466,-0.0006606434247334029,0.0025460002232226197,-0.01116359940619858,-0.03126450126459,-0.010774795796435211,-0.0020202200134509783,-0.002536545106548328,0.2798792055255167,0.007039369620421865,0.40411511361915,0.0,-0.04780664409685549,0.03954043424072667,0.002876457708062267,-0.011163061405352842,-0.008325908561153018,-0.005838671412106285,-0.01171532193736963,0.007897875524079749,0.009062909997243072,-0.010565113112759934,-0.03450271608556,0.0042117221190767825,0.0006304473014921498,0.0006782582332729242,0.0021722249206476167,-0.017735337178206172,-0.04780664409685549,-0.03954043424072667,0.8406510803712163,0.0,0.17279409638950002,0.017735955429424688,0.016053933511046534,0.00256562025350295,0.024964767685648332,0.0038485166126223666,0.0022465158449671836,-0.0009829495548702,-0.0045920407012516986,0.002057290179441735,-0.0006271040947748166,0.0012194393248072003,0.01619591490663484,0.006808901447234634,0.002876457708062267,0.011163061405352842,0.17279409638950002,-0.017735955429424688,0.11247334002367664,0.0,0.06389019794341166,0.004004221897088397,0.016680440744123334,-0.008933443649624463,0.10028759587157168,0.014490116466048064,0.0008198036479050119,-0.0014825504358542325,0.00031554360995351646,0.001313797750673108,-0.003235451325438233,0.0011175685167063667,-0.008325908561153018,0.005838671412106285,0.016053933511046534,-0.00256562025350295,0.06389019794341166,-0.004004221897088397,-0.18177953016673332,0.0,-0.08165156437676835,-0.0006740574875615334,0.024863344101214997,-0.003821995475321133,0.001421346408807862,0.0020969049333294837,-0.001924299592107144,-0.0010647480377804668,0.008281543546534466,0.0006606434247334029,-0.01171532193736963,-0.007897875524079749,0.024964767685648332,-0.0038485166126223666,0.016680440744123334,0.008933443649624463,-0.08165156437676835,0.0006740574875615334,-0.07201595094290832,0.0,-0.03323157486803832,0.0160809345652125,0.00010145881845432187,0.006603812127588203,-0.0011778571881391501,0.0005355224017265383,0.0025460002232226197,0.01116359940619858,0.009062909997243072,0.010565113112759934,0.0022465158449671836,0.0009829495548702,0.10028759587157168,-0.014490116466048064,0.024863344101214997,0.003821995475321133,-0.03323157486803832,-0.0160809345652125,-0.08922727546645168,0.0,-0.0034917301586639003,0.001737349732657384,0.0010280908043495335,-0.0005660504287501833,-0.03126450126459,0.010774795796435211,-0.03450271608556,-0.0042117221190767825,-0.0045920407012516986,-0.002057290179441735,0.0008198036479050119,0.0014825504358542325,0.001421346408807862,-0.0020969049333294837,0.00010145881845432187,-0.006603812127588203,-0.0034917301586639003,-0.001737349732657384,-0.12257990704410002,0.0,0.9996762817255332
0.771999999999999,0.001498473078886433,0.0,-0.0002143239741519247,-0.0006604018084659888,-0.00048016710794066643,-0.0032705287961233656,0.00013196939212941708,0.0008716614260794802,0.0013368916528502667,0.0003613105060693667,0.0007197071027492,0.0011791081007458519,0.0006366959774078497,-0.0020930115714255476,0.001233081298765413,-0.0004535659954966,-0.0011053043719015565,0.0002496097465426,-0.0002143239741519247,0.0006604018084659888,0.10633717593078001,0.0,0.2796944358751499,-0.007120447555356484,0.0018250395340425668,0.01763632540771566,0.016207515437795004,-0.0067029712709506355,-0.0032826854757805825,-0.0010923355968907662,0.008280350868022467,-0.0006628053676870881,0.0025946560159063716,-0.011060025484722734,-0.03127208732472834,-0.010783999981705667,-0.00048016710794066643,0.0032705287961233656,0.2796944358751499,0.007120447555356484,0.40393539021205005,0.0,-0.04813184113752166,0.039524383753583345,0.002730614671305293,-0.011115863185857632,-0.008457425827460719,-0.005829635537162341,-0.01172794926095185,0.00788856537210635,0.0090173007886876,-0.01050851656245375,-0.034530873028448344,0.0041622215388513245,0.00013196939212941708,-0.0008716614260794802,0.0018250395340425668,-0.01763632540771566,-0.04813184113752166,-0.039524383753583345,0.8415437537360501,0.0,0.17296048300331665,0.017608001535782247,0.015977695114850383,0.0026557629146752837,0.024975374850547995,0.004031956444116801,0.0023139850299700496,-0.0007393526011556833,-0.004524009324376351,0.0018458485102113675,0.0013368916528502667,-0.0003613105060693667,0.016207515437795004,0.0067029712709506355,0.002730614671305293,0.011115863185857632,0.17296048300331665,-0.017608001535782247,0.11245570066654169,0.0,0.06389022402626165,0.004033414871523116,0.016626831263499415,-0.008884393663791585,0.10028246090521,0.01444512775460845,0.0007849651616209004,-0.0015854949127614996,0.0007197071027492,-0.0011791081007458519,-0.0032826854757805825,0.0010923355968907662,-0.008457425827460719,0.005829635537162341,0.015977695114850383,-0.0026557629146752837,0.06389022402626165,-0.004033414871523116,-0.18187555822496668,0.0,-0.08156352227456831,-0.0007384157693083264,0.024819376597921657,-0.0038146908292222745,0.001443495290944017,0.002119684208985308,0.0006366959774078497,0.0020930115714255476,0.008280350868022467,0.0006628053676870881,-0.01172794926095185,-0.00788856537210635,0.024975374850547995,-0.004031956444116801,0.016626831263499415,0.008884393663791585,-0.08156352227456831,0.0007384157693083264,-0.07212566952604164,0.0,-0.03324357812761166,0.015992528230661163,0.0001289067794336599,0.0065877624301115345,0.001233081298765413,0.0004535659954966,0.0025946560159063716,0.011060025484722734,0.0090173007886876,0.01050851656245375,0.0023139850299700496,0.0007393526011556833,0.10028246090521,-0.01444512775460845,0.024819376597921657,0.0038146908292222745,-0.03324357812761166,-0.015992528230661163,-0.08934776921091497,0.0,-0.00347161777800545,0.0016213962897332615,-0.0011053043719015565,-0.0002496097465426,-0.03127208732472834,0.010783999981705667,-0.034530873028448344,-0.0041622215388513245,-0.004524009324376351,-0.0018458485102113675,0.0007849651616209004,0.0015854949127614996,0.001443495290944017,-0.002119684208985308,0.0001289067794336599,-0.0065877624301115345,-0.00347161777800545,-0.0016213962897332615,-0.12274539843593332,0.0,0.9996760982266332
0.7730000000000009,0.00149828957717605,0.0,0.0006976324408872498,0.0002921282698786802,0.0027452414450356327,0.0019026734568188346,-0.0007493221408410996,-0.0004098706164874333,-0.0011665810440521828,0.00077942155532775,-0.001375108076486943,-0.00033309395762587917,0.0010050391179756,0.0019061624669027002,-0.00056029688031081,0.0012247884568646803,0.0006455017161651336,-0.0008955465045324166,0.0006976324408872498,-0.0002921282698786802,0.1061311121842267,0.0,0.2795336427181001,-0.0072175343497751674,0.0014728543888075688,0.017600736020803833,0.016239064575445564,-0.006580623318156583,-0.003343744147282653,-0.0010601373940363002,0.008289260640100184,-0.0006754649798746676,0.002680795403429834,-0.010977541462065784,-0.031287713653243336,-0.010773459489226667,0.0027452414450356327,-0.0019026734568188346,0.2795336427181001,0.0072175343497751674,0.40375906021884994,0.0,-0.04852081553296984,0.03950041325707834,0.002604771770336771,-0.01108357009410168,-0.008578713967249352,-0.005841368801081418,-0.011710212639863968,0.007851300514080702,0.008995538701974667,-0.010468559028765463,-0.03457713454930999,0.004117171189576445,-0.0007493221408410996,0.0004098706164874333,0.0014728543888075688,-0.017600736020803833,-0.04852081553296984,-0.03950041325707834,0.8424328709397335,0.0,0.17316951456453336,0.017413687749882844,0.0158944891055725,0.002714715227391701,0.024941210474187656,0.004228887637109185,0.002412705033011017,-0.00049144484192125,-0.004440379744535799,0.0016506947216729827,-0.0011665810440521828,-0.00077942155532775,0.016239064575445564,0.006580623318156583,0.002604771770336771,0.01108357009410168,0.17316951456453336,-0.017413687749882844,0.11244155913755005,0.0,0.06389089257710498,0.004045090317094564,0.01658591923267357,-0.008810020660248833,0.10030041764485662,0.014418403203559754,0.0007751975963784166,-0.001693749941957329,-0.001375108076486943,0.00033309395762587917,-0.003343744147282653,0.0010601373940363002,-0.008578713967249352,0.005841368801081418,0.0158944891055725,-0.002714715227391701,0.06389089257710498,-0.004045090317094564,-0.18197014402323333,0.0,-0.08150080975549998,-0.0007861631693445481,0.024775191111137164,-0.003800438592601517,0.0014754046151596336,0.00211805266659926,0.0010050391179756,-0.0019061624669027002,0.008289260640100184,0.0006754649798746676,-0.011710212639863968,-0.007851300514080702,0.024941210474187656,-0.004228887637109185,0.01658591923267357,0.008810020660248833,-0.08150080975549998,0.0007861631693445481,-0.07223744895481168,0.0,-0.03324932101739334,0.01589337341265866,0.00015861325018827816,0.006578495458913933,-0.00056029688031081,-0.0012247884568646803,0.002680795403429834,0.010977541462065784,0.008995538701974667,0.010468559028765463,0.002412705033011017,0.00049144484192125,0.10030041764485662,-0.014418403203559754,0.024775191111137164,0.003800438592601517,-0.03324932101739334,-0.01589337341265866,-0.08946887117844499,0.0,-0.003432520504308651,0.0014992993767693333,0.0006455017161651336,0.0008955465045324166,-0.031287713653243336,0.010773459489226667,-0.03457713454930999,-0.004117171189576445,-0.004440379744535799,-0.0016506947216729827,0.0007751975963784166,0.001693749941957329,0.0014754046151596336,-0.00211805266659926,0.00015861325018827816,-0.006578495458913933,-0.003432520504308651,-0.0014992993767693333,-0.12291051318270002,0.0,0.9996759147182332
0.7740000000000007,0.0014981060653896825,0.0,-0.0007364278897487331,0.00034171655691638166,-0.003254755353110417,0.0006861667182359671,0.0007671102951546152,-0.0003631030993418171,0.00016645353017665011,-0.0014212047916842086,0.0012318611277336497,-0.0007524330383050969,-0.0020070449939071497,-0.0006363837788077,-0.000500144812823631,-0.0012998327662769001,0.00011344150733451577,0.0010684854308221734,-0.0007364278897487331,-0.00034171655691638166,0.10592093488076001,0.0,0.27937917115041666,-0.007353133569005319,0.001169073713327417,0.017600945190195165,0.016301640763602448,-0.006443350781638849,-0.0034311066424308175,-0.0010268052613411132,0.008283494271959247,-0.0006926779716529446,0.0027596627453187667,-0.010915686541604618,-0.031322200967904994,-0.010755120901327665,-0.003254755353110417,-0.0006861667182359671,0.27937917115041666,0.007353133569005319,0.40358753754046656,0.0,-0.04894343232136284,0.03946315778935835,0.002481724967656034,-0.011060658025939035,-0.008710427492711581,-0.005889843485424706,-0.011680468281310832,0.007838140194867617,0.009006288593204877,-0.0104305970129303,-0.034601438591796665,0.004077136995230549,0.0007671102951546152,0.0003631030993418171,0.001169073713327417,-0.017600945190195165,-0.04894343232136284,-0.03946315778935835,0.8433174871561333,0.0,0.17337806044728327,0.017216442580122067,0.015803168851887144,0.002788065793305801,0.024913909163857842,0.004416868597917851,0.0025683137720745,-0.00024300155602136666,-0.0043280908641396155,0.0014566061415122397,0.00016645353017665011,0.0014212047916842086,0.016301640763602448,0.006443350781638849,0.002481724967656034,0.011060658025939035,0.17337806044728327,-0.017216442580122067,0.1124315848087066,0.0,0.06390511080446167,0.004012850860033202,0.016519638779764523,-0.008722101176155997,0.10031620190451997,0.014409615785055367,0.0007842416216176665,-0.0017801344389229304,0.0012318611277336497,0.0007524330383050969,-0.0034311066424308175,0.0010268052613411132,-0.008710427492711581,0.005889843485424706,0.015803168851887144,-0.002788065793305801,0.06390511080446167,-0.004012850860033202,-0.18206329065440008,0.0,-0.08145037070309999,-0.0008097566250696132,0.024726177276354334,-0.0037841192928080025,0.001513295489857617,0.0021073163478300986,-0.0020070449939071497,0.0006363837788077,0.008283494271959247,0.0006926779716529446,-0.011680468281310832,-0.007838140194867617,0.024913909163857842,-0.004416868597917851,0.016519638779764523,0.008722101176155997,-0.08145037070309999,0.0008097566250696132,-0.07235053399011668,0.0,-0.03325585377062667,0.015797148674088164,0.00019258642388204656,0.006566230328335585,-0.000500144812823631,0.0012998327662769001,0.0027596627453187667,0.010915686541604618,0.009006288593204877,0.0104305970129303,0.0025683137720745,0.00024300155602136666,0.10031620190451997,-0.014409615785055367,0.024726177276354334,0.0037841192928080025,-0.03325585377062667,-0.015797148674088164,-0.08959109618225668,0.0,-0.0033792386735175,0.0013776723661371665,0.00011344150733451577,-0.0010684854308221734,-0.031322200967904994,0.010755120901327665,-0.034601438591796665,-0.004077136995230549,-0.0043280908641396155,-0.0014566061415122397,0.0007842416216176665,0.0017801344389229304,0.001513295489857617,-0.0021073163478300986,0.00019258642388204656,-0.006566230328335585,-0.0033792386735175,-0.0013776723661371665,-0.12307499842460005,0.0,0.9996757312002
0.7749999999999991,0.0014979225563779004,0.0,0.00024266479853581947,-0.0008190573198652749,0.0017388126491552343,-0.002806573409890133,-0.00014627744543281948,0.0008342370967293999,0.0009779243301023832,0.0010963378429801496,-0.00034522354668366006,0.0014187039507412068,0.001847141374231717,-0.00093227422735245,0.0013031691324219207,0.0005672289209151336,-0.0007639894077991499,-0.0006903653558926349,0.00024266479853581947,0.0008190573198652749,0.10570545349801665,0.0,0.27921114587738327,-0.007516687670270296,0.000903208605732683,0.017603667525858173,0.01637889719382097,-0.0063008310368925435,-0.003504370906286325,-0.0010105875703040163,0.008258672582987738,-0.000705750216331917,0.002815934562609749,-0.010838668430800835,-0.03134990611644,-0.010757154503468836,0.0017388126491552343,0.002806573409890133,0.27921114587738327,0.007516687670270296,0.40342186066216673,0.0,-0.04935443179135549,0.03945946226002284,0.0023243105700762514,-0.011039612797791884,-0.008851896254489084,-0.005956487683919348,-0.0116844658291572,0.007880901149714183,0.009022464708255334,-0.010382174877905975,-0.03460689926233165,0.00402776520278335,-0.00014627744543281948,-0.0008342370967293999,0.000903208605732683,-0.017603667525858173,-0.04935443179135549,-0.03945946226002284,0.8441983144156,0.0,0.1735964976596833,0.017067756023223486,0.015684848929252933,0.0028782245421334267,0.02492177505708267,0.004579063291487251,0.002718633754566084,1.4477389021305108e-05,-0.004167857365686133,0.0012583642751160837,0.0009779243301023832,-0.0010963378429801496,0.01637889719382097,0.0063008310368925435,0.0023243105700762514,0.011039612797791884,0.1735964976596833,-0.017067756023223486,0.11242426752765002,0.0,0.06395039413898498,0.0039619815104391665,0.016420950088916968,-0.008664437199027883,0.10032588923184502,0.014390679254332999,0.0007955082776051333,-0.001851294769170356,-0.00034522354668366006,-0.0014187039507412068,-0.003504370906286325,0.0010105875703040163,-0.008851896254489084,0.005956487683919348,0.015684848929252933,-0.0028782245421334267,0.06395039413898498,-0.0039619815104391665,-0.18215439169309997,0.0,-0.08139011550434498,-0.0008472306228610833,0.024685500516177496,-0.0037645193149737684,0.0015406637702313501,0.002108799129405932,0.001847141374231717,0.00093227422735245,0.008258672582987738,0.000705750216331917,-0.0116844658291572,-0.007880901149714183,0.02492177505708267,-0.004579063291487251,0.016420950088916968,0.008664437199027883,-0.08139011550434498,0.0008472306228610833,-0.07246445490992,0.0,-0.033280259029479994,0.015710121226499334,0.00022432651992262994,0.0065566416030081,0.0013031691324219207,-0.0005672289209151336,0.002815934562609749,0.010838668430800835,0.009022464708255334,0.010382174877905975,0.002718633754566084,-1.4477389021305108e-05,0.10032588923184502,-0.014390679254332999,0.024685500516177496,0.0037645193149737684,-0.033280259029479994,-0.015710121226499334,-0.08971441674040169,0.0,-0.003320948137522082,0.0012711417412487993,-0.0007639894077991499,0.0006903653558926349,-0.03134990611644,0.010757154503468836,-0.03460689926233165,-0.00402776520278335,-0.004167857365686133,-0.0012583642751160837,0.0007955082776051333,0.001851294769170356,0.0015406637702313501,-0.002108799129405932,0.00022432651992262994,-0.0065566416030081,-0.003320948137522082,-0.0012711417412487993,-0.12323900763193334,0.0,0.9996755476843668
0.776000000000001,0.001497739051143316,0.0,0.0004830871213595998,0.0007489888790016451,0.0008257048202679504,0.0031863054966282498,-0.0005889597519485837,-0.0005913778728217001,-0.0015105093316009667,-3.150747959936192e-05,-0.000759658640089815,-0.0012592584214607336,-0.00063946981522075,0.001945299178396,-0.0013177443681016865,0.000520077694310334,0.0009745083092665837,1.6753945630100144e-05,0.0004830871213595998,-0.0007489888790016451,0.10548436698835831,0.0,0.2789824992788833,-0.007697327837190895,0.0006432281377056997,0.017619421598227995,0.01644110843402062,-0.006168879671317067,-0.003533259640346175,-0.0010097048056785835,0.008231026575460702,-0.0007069216688091677,0.0028901319271417494,-0.010729897826911498,-0.03134158803136999,-0.010767594162309832,0.0008257048202679504,-0.0031863054966282498,0.2789824992788833,0.007697327837190895,0.40326202599791655,0.0,-0.04975701195284348,0.0395240497615975,0.002128778260002419,-0.011023904455760817,-0.008979307116202019,-0.006005222039695382,-0.011724263611457566,0.00794310349461271,0.009022790389984433,-0.010323549624357754,-0.0346076397086,0.003948053154443769,-0.0005889597519485837,0.0005913778728217001,0.0006432281377056997,-0.017619421598227995,-0.04975701195284348,-0.0395240497615975,0.8450767298888999,0.0,0.17385979753831665,0.01693140824105032,0.015538754639056147,0.0029407087911439175,0.024941114014078166,0.004729518600557417,0.00281220607304295,0.0002760631047082334,-0.003965183833768634,0.0010836319069277166,-0.0015105093316009667,3.150747959936192e-05,0.01644110843402062,0.006168879671317067,0.002128778260002419,0.011023904455760817,0.17385979753831665,-0.01693140824105032,0.1124181381156333,0.0,0.064007389458235,0.003937760636338417,0.016327680349310734,-0.008636186727502992,0.10033243114491498,0.01434461318504923,0.0008098830495652583,-0.0019278380250194154,-0.000759658640089815,0.0012592584214607336,-0.003533259640346175,0.0010097048056785835,-0.008979307116202019,0.006005222039695382,0.015538754639056147,-0.0029407087911439175,0.064007389458235,-0.003937760636338417,-0.18224276424349997,0.0,-0.0813140248139367,-0.0009123484525906083,0.024660474409554333,-0.003743192161113262,0.0015521136933222496,0.0021182747142835666,-0.00063946981522075,-0.001945299178396,0.008231026575460702,0.0007069216688091677,-0.011724263611457566,-0.00794310349461271,0.024941114014078166,-0.004729518600557417,0.016327680349310734,0.008636186727502992,-0.0813140248139367,0.0009123484525906083,-0.07257969600284668,0.0,-0.03331591237322999,0.015626791784322663,0.0002474760375902366,0.006553605960924646,-0.0013177443681016865,-0.000520077694310334,0.0028901319271417494,0.010729897826911498,0.009022790389984433,0.010323549624357754,0.00281220607304295,-0.0002760631047082334,0.10033243114491498,-0.01434461318504923,0.024660474409554333,0.003743192161113262,-0.03331591237322999,-0.015626791784322663,-0.089838224917845,0.0,-0.0032595403573118325,0.0011816980242555198,0.0009745083092665837,-1.6753945630100144e-05,-0.03134158803136999,0.010767594162309832,-0.0346076397086,-0.003948053154443769,-0.003965183833768634,-0.0010836319069277166,0.0008098830495652583,0.0019278380250194154,0.0015521136933222496,-0.0021182747142835666,0.0002474760375902366,-0.006553605960924646,-0.0032595403573118325,-0.0011816980242555198,-0.12340295070459999,0.0,0.9996753641729833
0.7770000000000006,0.0014975555373746162,0.0,-0.0009162229710143333,-0.00014889275232713174,-0.0028558306575129336,-0.0015886064368314827,0.0008057331452835329,-0.0001343551693059171,0.001076259982966837,-0.0011204882096818166,0.0014418061483469945,0.0003596291031702315,-0.0009420055209249667,-0.0017781428929922161,0.0005583812788151999,-0.0012870181920719302,-0.0007129682723511833,0.0005881032890302785,-0.0009162229710143333,0.00014889275232713174,0.10525678389526168,0.0,0.2787268520844167,-0.007908358951462021,0.00041320145948035045,0.017669106712082636,0.016480637601820485,-0.006058919893066418,-0.003550850093227066,-0.001006208096072367,0.00820480132291097,-0.0006946417880463675,0.003005597157336932,-0.010622860891416832,-0.03131534531880167,-0.010750027018246669,-0.0028558306575129336,0.0015886064368314827,0.2787268520844167,0.007908358951462021,0.4031081633862834,0.0,-0.05018817146247818,0.03964879668600866,0.001929102406327433,-0.011012063142968183,-0.009080669704260047,-0.006036264022098433,-0.011758232380154332,0.007982826887104668,0.009013797792693899,-0.010266947681102914,-0.03459976058874999,0.003850461044150567,0.0008057331452835329,0.0001343551693059171,0.00041320145948035045,-0.017669106712082636,-0.05018817146247818,-0.03964879668600866,0.8459530955080833,0.0,0.17420267703831674,0.016753190251005166,0.015394841416583337,0.002965886533991133,0.024941777150775158,0.004888838760815917,0.0028821692725120173,0.0005260570244930668,-0.0037542456378274005,0.0009577502024583198,0.001076259982966837,0.0011204882096818166,0.016480637601820485,0.006058919893066418,0.001929102406327433,0.011012063142968183,0.17420267703831674,-0.016753190251005166,0.11241387071707834,0.0,0.064054462901885,0.003940024992632596,0.016266591978456053,-0.008592884866101522,0.10034710978251839,0.014289118174678964,0.0008423865748901499,-0.002006032232396857,0.0014418061483469945,-0.0003596291031702315,-0.003550850093227066,0.001006208096072367,-0.009080669704260047,0.006036264022098433,0.015394841416583337,-0.002965886533991133,0.064054462901885,-0.003940024992632596,-0.18232879265538326,0.0,-0.08125495431283669,-0.0009664209664326999,0.02464324689579734,-0.003728368921707005,0.0015606964808669835,0.0021161395771258007,-0.0009420055209249667,0.0017781428929922161,0.00820480132291097,0.0006946417880463675,-0.011758232380154332,-0.007982826887104668,0.024941777150775158,-0.004888838760815917,0.016266591978456053,0.008592884866101522,-0.08125495431283669,0.0009664209664326999,-0.07269668749430003,0.0,-0.03335054783637167,0.015547405488658834,0.00026717654664490506,0.006549895884107101,0.0005583812788151999,0.0012870181920719302,0.003005597157336932,0.010622860891416832,0.009013797792693899,0.010266947681102914,0.0028821692725120173,-0.0005260570244930668,0.10034710978251839,-0.014289118174678964,0.02464324689579734,0.003728368921707005,-0.03335054783637167,-0.015547405488658834,-0.08996200872223499,0.0,-0.003190371467597045,0.001095345522109545,-0.0007129682723511833,-0.0005881032890302785,-0.03131534531880167,0.010750027018246669,-0.03459976058874999,-0.003850461044150567,-0.0037542456378274005,-0.0009577502024583198,0.0008423865748901499,0.002006032232396857,0.0015606964808669835,-0.0021161395771258007,0.00026717654664490506,-0.006549895884107101,-0.003190371467597045,-0.001095345522109545,-0.12356679951935,0.0,0.9996751806523332
0.7779999999999992,0.0014973720036210003,0.0,0.0007647793362221329,-0.00058439218545795,0.00305953014010196,-0.000937649794227066,-0.0003514919448925667,0.0007148715702191006,0.00012608883572289996,0.0015932261382614994,-0.0012886354028018672,0.0007774578396687302,0.0018806417017539665,0.0005276868790970883,0.0005205419113973672,0.0013096966174235163,0.00014908206821953826,-0.0008671761457398627,0.0007647793362221329,0.00058439218545795,0.10502066550840831,0.0,0.2784717967112833,-0.00815979067217467,0.0002432321408661666,0.017735268163691763,0.016506079434185483,-0.005968225185156998,-0.0035982527711216493,-0.0009961801713327166,0.008163014867478164,-0.0006763991471241332,0.003121205929712669,-0.010548350036523347,-0.031303992127563324,-0.010702643640967015,0.00305953014010196,0.000937649794227066,0.2784717967112833,0.00815979067217467,0.40296124548159995,0.0,-0.050623425947283335,0.03980653475194633,0.0017397589612446502,-0.010981963328169201,-0.00917128907718252,-0.006088418249253982,-0.011767442747891448,0.008010864713084933,0.008996159782019465,-0.010215495672953552,-0.034567068760093335,0.003768151664698817,-0.0003514919448925667,-0.0007148715702191006,0.0002432321408661666,-0.017735268163691763,-0.050623425947283335,-0.03980653475194633,0.8468271303216832,0.0,0.1745744049243833,0.01655296733046592,0.015253856140087837,0.0029943384695120664,0.02493088331359283,0.0050527723399691,0.0029722726048473443,0.0007622190679351168,-0.0035524711620832585,0.0008695632685785883,0.00012608883572289996,-0.0015932261382614994,0.016506079434185483,0.005968225185156998,0.0017397589612446502,0.010981963328169201,0.1745744049243833,-0.01655296733046592,0.11241280673630331,0.0,0.06408711929014002,0.0039296667842383835,0.016215254512890503,-0.008519173340316214,0.10035561226383165,0.014238039124491165,0.0008908280565332599,-0.002064813145659465,-0.0012886354028018672,-0.0007774578396687302,-0.0035982527711216493,0.0009961801713327166,-0.00917128907718252,0.006088418249253982,0.015253856140087837,-0.0029943384695120664,0.06408711929014002,-0.0039296667842383835,-0.1824136629569667,0.0,-0.08121739796797837,-0.000979402329226692,0.024615474098324833,-0.003721675727553367,0.0015761344560573166,0.0021029555739660185,0.0018806417017539665,-0.0005276868790970883,0.008163014867478164,0.0006763991471241332,-0.011767442747891448,-0.008010864713084933,0.02493088331359283,-0.0050527723399691,0.016215254512890503,0.008519173340316214,-0.08121739796797837,0.000979402329226692,-0.07281487168535,0.0,-0.03337919404450166,0.0154779726828135,0.0002897330806523317,0.006536322233972917,0.0005205419113973672,-0.0013096966174235163,0.003121205929712669,0.010548350036523347,0.008996159782019465,0.010215495672953552,0.0029722726048473443,-0.0007622190679351168,0.10035561226383165,-0.014238039124491165,0.024615474098324833,0.003721675727553367,-0.03337919404450166,-0.0154779726828135,-0.09008564153583168,0.0,-0.0031133290863860157,0.0010011114463250137,0.00014908206821953826,0.0008671761457398627,-0.031303992127563324,0.010702643640967015,-0.034567068760093335,-0.003768151664698817,-0.0035524711620832585,-0.0008695632685785883,0.0008908280565332599,0.002064813145659465,0.0015761344560573166,-0.0021029555739660185,0.0002897330806523317,-0.006536322233972917,-0.0031133290863860157,-0.0010011114463250137,-0.12373004676094995,0.0,0.9996749971126996
0.7790000000000011,0.0014971884648323833,0.0,-9.069486496665011e-05,0.00099269950206045,-0.0014247795545199167,0.002769588226329617,-0.0003629965328596827,-0.0006653697684439165,-0.0013091824992042666,-0.0009906166061220167,0.00036120599712923207,-0.0014725239564588996,-0.001645044272795635,0.0009513225592077331,-0.0013138900370358514,-0.0005689075896976967,0.0004333601712609333,0.0007126597073884415,-9.069486496665011e-05,-0.00099269950206045,0.104774565421985,0.0,0.2782218350370835,-0.008423046308952438,8.940676118716761e-05,0.017788926322596415,0.016520582524713348,-0.005891606122113551,-0.003653746924616842,-0.0009955271792300249,0.008095757275039498,-0.0006631770473123665,0.0031928723541060494,-0.010489597963672598,-0.031302920586398324,-0.010659506614336596,-0.0014247795545199167,-0.002769588226329617,0.2782218350370835,0.008423046308952438,0.4028219382218499,0.0,-0.0509916526466205,0.039990438351852474,0.00153742188187855,-0.010917741044398117,-0.00927263975515928,-0.00617931215098265,-0.011779745150990817,0.008057019901476883,0.008948644494914377,-0.010161702457045554,-0.03451670878044166,0.0037064311898951,-0.0003629965328596827,0.0006653697684439165,8.940676118716761e-05,-0.017788926322596415,-0.0509916526466205,-0.039990438351852474,0.84769939135445,0.0,0.17492591360176668,0.016398319078936494,0.015084221926036569,0.0030397180714343995,0.024931730035391727,0.005198229553882544,0.003037094514338784,0.0009752139308414165,-0.0033365313487808083,0.0007977577915733849,-0.0013091824992042666,0.0009906166061220167,0.016520582524713348,0.005891606122113551,0.00153742188187855,0.010917741044398117,0.17492591360176668,-0.016398319078936494,0.11241428208783998,0.0,0.06412104848848499,0.0038961551586031073,0.016148406052856997,-0.00845260974347197,0.100352792589345,0.014173326518112735,0.0009368370396317392,-0.002104401231730035,0.00036120599712923207,0.0014725239564588996,-0.003653746924616842,0.0009955271792300249,-0.00927263975515928,0.00617931215098265,0.015084221926036569,-0.0030397180714343995,0.06412104848848499,-0.0038961551586031073,-0.18249789513688333,0.0,-0.08117236326592665,-0.0009818963962657501,0.024571461826853838,-0.003714435378447233,0.001591006883856272,0.0021026926462955164,-0.001645044272795635,-0.0009513225592077331,0.008095757275039498,0.0006631770473123665,-0.011779745150990817,-0.008057019901476883,0.024931730035391727,-0.005198229553882544,0.016148406052856997,0.00845260974347197,-0.08117236326592665,0.0009818963962657501,-0.07293341344788165,0.0,-0.033404309831586675,0.015418189538592007,0.0003090327183067167,0.006516217440113984,-0.0013138900370358514,0.0005689075896976967,0.0031928723541060494,0.010489597963672598,0.008948644494914377,0.010161702457045554,0.003037094514338784,-0.0009752139308414165,0.100352792589345,-0.014173326518112735,0.024571461826853838,0.003714435378447233,-0.033404309831586675,-0.015418189538592007,-0.09020887835311169,0.0,-0.003034793808594101,0.0009042304657090502,0.0004333601712609333,-0.0007126597073884415,-0.031302920586398324,0.010659506614336596,-0.03451670878044166,-0.0037064311898951,-0.0033365313487808083,-0.0007977577915733849,0.0009368370396317392,0.002104401231730035,0.001591006883856272,-0.0021026926462955164,0.0003090327183067167,-0.006516217440113984,-0.003034793808594101,-0.0009042304657090502,-0.12389236504570002,0.0,0.999674813567517
0.7800000000000007,0.0014970049334738335,0.0,-0.0007188258682990667,-0.0007544997853475664,-0.000974746230000366,-0.002899749278312483,0.0006858780157405496,5.877092157206681e-05,0.0016473514178357161,-0.0003032044251608631,0.0007834253278087335,0.001296647192583865,0.000479728099602935,-0.0018151065268915854,0.001350907934820185,-0.0005201732615500429,-0.0007524777076308504,-0.00024608550852695996,-0.0007188258682990667,0.0007544997853475664,0.10451914952124002,0.0,0.2779676082904834,-0.008654334626224582,-0.00011737557611030015,0.01783894344171005,0.016514649769528288,-0.005828096870858084,-0.0036701909171482647,-0.0010104244081249024,0.0080219026349255,-0.0006589330102079857,0.003245014816703897,-0.01041066173497812,-0.031282304128739995,-0.010636951023040084,-0.000974746230000366,0.002899749278312483,0.2779676082904834,0.008654334626224582,0.40268932518643336,0.0,-0.051278766576943836,0.040205727921099665,0.001304246715104516,-0.010831979646115698,-0.009380533536355283,-0.006274160703240067,-0.011810649281715836,0.00810875243687428,0.008855260447130515,-0.010106111493658813,-0.03447739872126167,0.0036323398977339038,0.0006858780157405496,-5.877092157206681e-05,-0.00011737557611030015,-0.01783894344171005,-0.051278766576943836,-0.040205727921099665,0.8485715679209002,0.0,0.17528063389104992,0.016312054719735784,0.014889372603849553,0.003057922718944367,0.024933504539429177,0.005310337421159011,0.003013880973163717,0.0011479990461393105,-0.003090292867429934,0.0007571718101526501,0.0016473514178357161,0.0003032044251608631,0.016514649769528288,0.005828096870858084,0.001304246715104516,0.010831979646115698,0.17528063389104992,-0.016312054719735784,0.11241607270804002,0.0,0.06415986573469834,0.003876606822610483,0.016077710316477006,-0.008416329652749318,0.10035131377353337,0.014078832109829681,0.0009776049359306997,-0.0021498151399210997,0.0007834253278087335,-0.001296647192583865,-0.0036701909171482647,0.0010104244081249024,-0.009380533536355283,0.006274160703240067,0.014889372603849553,-0.003057922718944367,0.06415986573469834,-0.003876606822610483,-0.1825808879177834,0.0,-0.08110508252145165,-0.0010196096131867341,0.024521658863626665,-0.0036984906649609995,0.0015959056541463173,0.002124640499807416,0.000479728099602935,0.0018151065268915854,0.0080219026349255,0.0006589330102079857,-0.011810649281715836,-0.00810875243687428,0.024933504539429177,-0.005310337421159011,0.016077710316477006,0.008416329652749318,-0.08110508252145165,0.0010196096131867341,-0.07305254971885503,0.0,-0.03342810697984334,0.015360636542148,0.00031394107153971673,0.006497150502160141,0.001350907934820185,0.0005201732615500429,0.003245014816703897,0.01041066173497812,0.008855260447130515,0.010106111493658813,0.003013880973163717,-0.0011479990461393105,0.10035131377353337,-0.014078832109829681,0.024521658863626665,0.0036984906649609995,-0.03342810697984334,-0.015360636542148,-0.09033111984442328,0.0,-0.002955673825452248,0.0008145322243587498,-0.0007524777076308504,0.00024608550852695996,-0.031282304128739995,0.010636951023040084,-0.03447739872126167,-0.0036323398977339038,-0.003090292867429934,-0.0007571718101526501,0.0009776049359306997,0.0021498151399210997,0.0015959056541463173,-0.002124640499807416,0.00031394107153971673,-0.006497150502160141,-0.002955673825452248,-0.0008145322243587498,-0.12405393275969998,0.0,0.9996746300293999
0.7809999999999993,0.0014968214076793497,0.0,0.0011019500083770712,-3.796423533336661e-05,0.0027412469856037984,0.001286301020294383,-0.00035282710556565485,0.0004902729921911507,-0.0009026889650255164,0.0014382676371885584,-0.0014638895206876739,-0.000365737315645017,0.0009506919727668534,0.0016018558314068168,-0.0006015283719646434,0.001325267281672988,0.0007125527873971194,-0.00028564247989238333,0.0011019500083770712,3.796423533336661e-05,0.10425605048569338,0.0,0.2776999773702167,-0.00885087320184075,-0.00036336475805389475,0.01791420805585291,0.016495256548657498,-0.005770716438969182,-0.0036544892511822832,-0.001027810850559667,0.00797043328988283,-0.0006620391277297999,0.0033353574926268193,-0.010319700068889302,-0.031245106988838346,-0.01061415196859018,0.0027412469856037984,-0.001286301020294383,0.2776999773702167,0.00885087320184075,0.40256176129901655,0.0,-0.05154597897503166,0.040438855879343164,0.0010629221462990065,-0.010741518987612697,-0.009465606343105667,-0.006340975520077581,-0.011827284356821956,0.008131981767622233,0.008741247822616453,-0.010066525813052833,-0.034462332809634996,0.003526545938195494,-0.00035282710556565485,-0.0004902729921911507,-0.00036336475805389475,-0.01791420805585291,-0.05154597897503166,-0.040438855879343164,0.8494450156218832,0.0,0.17567704901781672,0.0162532681795567,0.014713849843230082,0.003027710363819883,0.02489201506953317,0.005394955485013383,0.0029358248775653165,0.00129586680979435,-0.0028413929314533323,0.0007730785774604886,-0.0009026889650255164,-0.0014382676371885584,0.016495256548657498,0.005770716438969182,0.0010629221462990065,0.010741518987612697,0.17567704901781672,-0.0162532681795567,0.112417102837935,0.0,0.06418877329807335,0.0038888659690472145,0.016022449323685333,-0.00838009581144923,0.10034702483347001,0.013975494035491332,0.0010353305761763504,-0.0022106732597574007,-0.0014638895206876739,0.000365737315645017,-0.0036544892511822832,0.001027810850559667,-0.009465606343105667,0.006340975520077581,0.014713849843230082,-0.003027710363819883,0.06418877329807335,-0.0038888659690472145,-0.18266210666956662,0.0,-0.08103407715397498,-0.0010811914824224171,0.02447335258036567,-0.003673433195525067,0.0015984230326180997,0.002147311138525483,0.0009506919727668534,-0.0016018558314068168,0.00797043328988283,0.0006620391277297999,-0.011827284356821956,-0.008131981767622233,0.02489201506953317,-0.005394955485013383,0.016022449323685333,0.00838009581144923,-0.08103407715397498,0.0010811914824224171,-0.073173240267495,0.0,-0.033449344772409996,0.01529913442649034,0.0003059139690128851,0.006476470352691884,-0.0006015283719646434,-0.001325267281672988,0.0033353574926268193,0.010319700068889302,0.008741247822616453,0.010066525813052833,0.0029358248775653165,-0.00129586680979435,0.10034702483347001,-0.013975494035491332,0.02447335258036567,0.003673433195525067,-0.033449344772409996,-0.01529913442649034,-0.09045197683515334,0.0,-0.0028637295298965877,0.000734317405810743,0.0007125527873971194,0.00028564247989238333,-0.031245106988838346,0.01061415196859018,-0.034462332809634996,-0.003526545938195494,-0.0028413929314533323,-0.0007730785774604886,0.0010353305761763504,0.0022106732597574007,0.0015984230326180997,-0.002147311138525483,0.0003059139690128851,-0.006476470352691884,-0.0028637295298965877,-0.000734317405810743,-0.12421498138268332,0.0,0.9996744464970665
0.7819999999999988,0.0014966378715068173,0.0,-0.0007718144775807484,0.0008745793113695669,-0.0027691461622362007,0.0010810517251749507,-0.00023258392217254977,-0.00048790702806761604,-0.0004813019543976768,-0.0016550301242620163,0.0012882099888296172,-0.0007731594423317068,-0.0017723179765170162,-0.00042073719176769143,-0.0005272787600657098,-0.001379815579970567,-0.00035594211135017164,0.0006749656473327668,-0.0007718144775807484,-0.0008745793113695669,0.10398558967003665,0.0,0.27746476605041687,-0.009054276638328557,-0.0005801010590883328,0.018008210428261673,0.016497525355022843,-0.0057137818015002345,-0.003654299023624051,-0.0010408660830050409,0.007948622443013833,-0.0006709171471726081,0.0034683588576460466,-0.010260856542283833,-0.031231847232806653,-0.010581826181538849,-0.0027691461622362007,-0.0010810517251749507,0.27746476605041687,0.009054276638328557,0.40243885944603325,0.0,-0.051845781618305345,0.04065847581615901,0.0008538397826761165,-0.01064971725378845,-0.00951514637721443,-0.006407152644598586,-0.011800599284461819,0.008134727130589678,0.008652325052497228,-0.010058407761207635,-0.034463026935459995,0.003412688275214383,-0.00023258392217254977,0.00048790702806761604,-0.0005801010590883328,-0.018008210428261673,-0.051845781618305345,-0.04065847581615901,0.8503198977221166,0.0,0.17611310911026662,0.016192806418483748,0.01457205652976922,0.002983492354290078,0.02479555469197967,0.005468943100536572,0.0028871438943604,0.001469700504426845,-0.0026208411178291163,0.0008372672499578593,-0.0004813019543976768,0.0016550301242620163,0.016497525355022843,0.0057137818015002345,0.0008538397826761165,0.01064971725378845,0.17611310911026662,-0.016192806418483748,0.11241800667957168,0.0,0.064219913186405,0.003900979593979767,0.015970421535780502,-0.008314484668755982,0.10033007131964165,0.013896963308253817,0.0011177874612662158,-0.0022644734005557656,0.0012882099888296172,0.0007731594423317068,-0.003654299023624051,0.0010408660830050409,-0.00951514637721443,0.006407152644598586,0.01457205652976922,-0.002983492354290078,0.064219913186405,-0.003900979593979767,-0.1827419412337833,0.0,-0.08098684397541,-0.0011199025092557,0.02442796033701801,-0.003641309539445933,0.0016116110741514166,0.002154151144849957,-0.0017723179765170162,0.00042073719176769143,0.007948622443013833,0.0006709171471726081,-0.011800599284461819,-0.008134727130589678,0.02479555469197967,-0.005468943100536572,0.015970421535780502,0.008314484668755982,-0.08098684397541,0.0011199025092557,-0.073295637149675,0.0,-0.033471890810595,0.015241316791544838,0.0002959771103047169,0.006447299731666466,-0.0005272787600657098,0.001379815579970567,0.0034683588576460466,0.010260856542283833,0.008652325052497228,0.010058407761207635,0.0028871438943604,-0.001469700504426845,0.10033007131964165,-0.013896963308253817,0.02442796033701801,0.003641309539445933,-0.033471890810595,-0.015241316791544838,-0.09057169297250496,0.0,-0.0027493511296249095,0.0006588636339246262,-0.00035594211135017164,-0.0006749656473327668,-0.031231847232806653,0.010581826181538849,-0.034463026935459995,-0.003412688275214383,-0.0026208411178291163,-0.0008372672499578593,0.0011177874612662158,0.0022644734005557656,0.0016116110741514166,-0.002154151144849957,0.0002959771103047169,-0.006447299731666466,-0.0027493511296249095,-0.0006588636339246262,-0.12437545707876668,0.0,0.9996742629546501
0.7830000000000008,0.0014964543261442,0.0,-0.00010231451860259497,-0.001221686165341216,0.0011016536651497172,-0.0026599680525697827,0.0005163541170113837,2.533922766749973e-05,0.0015933924765656506,0.0007455511107158665,-0.0003567922227311801,0.0014442198375213338,0.0014870112058117829,-0.0009405663528833003,0.0014004964129365012,0.0005932829341555332,-0.00017770496120026504,-0.00073968181350597,-0.00010231451860259497,0.001221686165341216,0.10370670405531503,0.0,0.27725586582965006,-0.009287856493172783,-0.0007651707796260168,0.018097412145773,0.016543271464298005,-0.005656687830523916,-0.003676851777461033,-0.0010616238185148501,0.007934441407517668,-0.0006884110660492165,0.003594645683031267,-0.010239836042244816,-0.031247032196936666,-0.010561003441896465,0.0011016536651497172,0.0026599680525697827,0.27725586582965006,0.009287856493172783,0.4023218063433333,0.0,-0.05214736562494667,0.04084744149440699,0.0006844715762576006,-0.010549800944394718,-0.0095494979471225,-0.006515905726621449,-0.011754190906362866,0.008156738616047718,0.008600859513154011,-0.010070396963320198,-0.034457571865478334,0.003316261579398533,0.0005163541170113837,-2.533922766749973e-05,-0.0007651707796260168,-0.018097412145773,-0.05214736562494667,-0.04084744149440699,0.8511958834623334,0.0,0.17652142679083332,0.016147994109989895,0.014419981232070812,0.002941251876860615,0.02468054221664766,0.00554326418702683,0.0028783533906889137,0.0016855000621995172,-0.0024149225909060167,0.0009299934595440666,0.0015933924765656506,-0.0007455511107158665,0.016543271464298005,0.005656687830523916,0.0006844715762576006,0.010549800944394718,0.17652142679083332,-0.016147994109989895,0.11241916294030666,0.0,0.06427188252449169,0.0038890190232474513,0.015890566832292664,-0.008242329986544084,0.10028525417989162,0.013840952523747417,0.0011973717914198498,-0.002290905904592684,-0.0003567922227311801,-0.0014442198375213338,-0.003676851777461033,0.0010616238185148501,-0.0095494979471225,0.006515905726621449,0.014419981232070812,-0.002941251876860615,0.06427188252449169,-0.0038890190232474513,-0.18282099894535006,0.0,-0.08094401913267335,-0.00113402891855085,0.0243827600736795,-0.003602084312850349,0.001632416584685193,0.002159126409725554,0.0014870112058117829,0.0009405663528833003,0.007934441407517668,0.0006884110660492165,-0.011754190906362866,-0.008156738616047718,0.02468054221664766,-0.00554326418702683,0.015890566832292664,0.008242329986544084,-0.08094401913267335,0.00113402891855085,-0.07341895671862501,0.0,-0.03349414047180667,0.015195249673986999,0.0002894530197146163,0.006408123940178435,0.0014004964129365012,-0.0005932829341555332,0.003594645683031267,0.010239836042244816,0.008600859513154011,0.010070396963320198,0.0028783533906889137,-0.0016855000621995172,0.10028525417989162,-0.013840952523747417,0.0243827600736795,0.003602084312850349,-0.03349414047180667,-0.015195249673986999,-0.09069066021518335,0.0,-0.0026190797952642493,0.0005866771127503165,-0.00017770496120026504,0.00073968181350597,-0.031247032196936666,0.010561003441896465,-0.034457571865478334,-0.003316261579398533,-0.0024149225909060167,-0.0009299934595440666,0.0011973717914198498,0.002290905904592684,0.001632416584685193,-0.002159126409725554,0.0002894530197146163,-0.006408123940178435,-0.0026190797952642493,-0.0005866771127503165,-0.12453531584558335,0.0,0.9996740794026998
0.7839999999999994,0.0014962707867058334,0.0,0.0010182785975062167,0.0007852348637935835,0.0011164501664520667,0.0025551388267409845,-0.00027938793285913334,0.0004557611216077178,-0.0016557013753790233,0.0006954223029158583,-0.0007537503721939716,-0.0012469163522115497,-0.00037411458428194996,0.0016699689936616668,-0.0014358951920045333,0.0006191337651885337,0.0006129508822377665,0.00042985753143801037,0.0010182785975062167,-0.0007852348637935835,0.10341879061354999,0.0,0.2770737543626,-0.009529795155637129,-0.0009788700830164459,0.018195514064204665,0.016622547542358704,-0.005604447838621333,-0.0036780571897907163,-0.0010966758351610335,0.007913093467250333,-0.0007173631338697661,0.0036988909977345497,-0.01021477236228641,-0.03125162499063667,-0.010566205822968317,0.0011164501664520667,-0.0025551388267409845,0.2770737543626,0.009529795155637129,0.40221148609883334,0.0,-0.05242093574071433,0.041035666023058325,0.0005249051096950334,-0.010447971539629898,-0.00959080316126838,-0.006650893901591019,-0.011734447184039199,0.008212529429208247,0.008562853627119437,-0.010082201119113149,-0.03443749573520167,0.0032274387787207203,-0.00027938793285913334,-0.0004557611216077178,-0.0009788700830164459,-0.018195514064204665,-0.05242093574071433,-0.041035666023058325,0.8520734676861504,0.0,0.17692081693775005,0.016155449234387782,0.014243233311467752,0.002860900690906525,0.024582178995527743,0.005621508625003541,0.002850489586271133,0.0018999332471122603,-0.002199561547272116,0.001058079600953833,-0.0016557013753790233,-0.0006954223029158583,0.016622547542358704,0.005604447838621333,0.0005249051096950334,0.010447971539629898,0.17692081693775005,-0.016155449234387782,0.11241968034161502,0.0,0.06435124141254998,0.0038834627238502773,0.01578658777492633,-0.008204037517017702,0.10023923701886002,0.013785853920702031,0.0012491868620075996,-0.0023021932319026834,-0.0007537503721939716,0.0012469163522115497,-0.0036780571897907163,0.0010966758351610335,-0.00959080316126838,0.006650893901591019,0.014243233311467752,-0.002860900690906525,0.06435124141254998,-0.0038834627238502773,-0.18289905964508335,0.0,-0.08089398749401834,-0.0011724659047581667,0.024346993277812663,-0.003559334619379496,0.0016475131995044741,0.0021816209783982,-0.00037411458428194996,-0.0016699689936616668,0.007913093467250333,0.0007173631338697661,-0.011734447184039199,-0.008212529429208247,0.024582178995527743,-0.005621508625003541,0.01578658777492633,0.008204037517017702,-0.08089398749401834,0.0011724659047581667,-0.07354306136619665,0.0,-0.033521930592618335,0.015161466409845165,0.00028234584294932485,0.006360740999279617,-0.0014358951920045333,-0.0006191337651885337,0.0036988909977345497,0.01021477236228641,0.008562853627119437,0.010082201119113149,0.002850489586271133,-0.0018999332471122603,0.10023923701886002,-0.013785853920702031,0.024346993277812663,0.003559334619379496,-0.033521930592618335,-0.015161466409845165,-0.09080888743094,0.0,-0.0024897406313565663,0.0005245372322199404,0.0006129508822377665,-0.00042985753143801037,-0.03125162499063667,0.010566205822968317,-0.03443749573520167,-0.0032274387787207203,-0.002199561547272116,-0.001058079600953833,0.0012491868620075996,0.0023021932319026834,0.0016475131995044741,-0.0021816209783982,0.00028234584294932485,-0.006360740999279617,-0.0024897406313565663,-0.0005245372322199404,-0.12469479122778335,0.0,0.9996738958570166
0.7849999999999989,0.0014960872558070664,0.0,-0.0013276427509019992,0.00025245072325495493,-0.0025657269601197853,-0.0009246651824068162,-0.00027856439126239854,-0.0005178604914218673,0.0006344474574391335,-0.0017090461434757832,0.0013782462269660003,0.00034501238002791816,-0.0009083653150345551,-0.0014162538746214338,0.0005546725769603665,-0.0014817932018062383,-0.0007289971309427333,7.161826526958324e-05,-0.0013276427509019992,-0.00025245072325495493,0.10312232104291001,0.0,0.27687319982065,-0.009756795025070463,-0.0012293062132679665,0.018331003216141555,0.016709564056668246,-0.005563210168234716,-0.003645103239485201,-0.0011328145090483957,0.007895238281779333,-0.0007520465855810545,0.003824346069792684,-0.010158435202276482,-0.031220707950201668,-0.01057497544630895,-0.0025657269601197853,0.0009246651824068162,0.27687319982065,0.009756795025070463,0.4021073697866168,0.0,-0.05268737916374468,0.04126162753656301,0.0003599560239008998,-0.010356346076622558,-0.009627529573498201,-0.006755111217381068,-0.01173911972309148,0.008274380289532235,0.008524264852224465,-0.010086651426163334,-0.03439643196155833,0.003123492773635333,-0.00027856439126239854,0.0005178604914218673,-0.0012293062132679665,-0.018331003216141555,-0.05268737916374468,-0.04126162753656301,0.8529541869447499,0.0,0.17735701541786666,0.016214156532771355,0.014085142016762732,0.0027178193588811867,0.02448255605952817,0.005698093165955402,0.0027752558058162864,0.002083863809843463,-0.0019960751176189492,0.0012390157914093831,0.0006344474574391335,0.0017090461434757832,0.016709564056668246,0.005563210168234716,0.0003599560239008998,0.010356346076622558,0.17735701541786666,-0.016214156532771355,0.112418665900245,0.0,0.06442164261074833,0.003917903943869533,0.01568888189831783,-0.008192154169658286,0.10019413048429666,0.013731152876194364,0.0012864188726912254,-0.002316024733697892,0.0013782462269660003,-0.00034501238002791816,-0.003645103239485201,0.0011328145090483957,-0.009627529573498201,0.006755111217381068,0.014085142016762732,-0.0027178193588811867,0.06442164261074833,-0.003917903943869533,-0.1829755222316833,0.0,-0.08084158853177834,-0.0012488446660572168,0.0243275047874815,-0.003522045458775067,0.0016535906284124665,0.002214172620341816,-0.0009083653150345551,0.0014162538746214338,0.007895238281779333,0.0007520465855810545,-0.01173911972309148,-0.008274380289532235,0.02448255605952817,-0.005698093165955402,0.01568888189831783,0.008192154169658286,-0.08084158853177834,0.0012488446660572168,-0.07366900715060001,0.0,-0.03355826656288166,0.015133405837018669,0.0002749358238336016,0.006303768542566352,0.0005546725769603665,0.0014817932018062383,0.003824346069792684,0.010158435202276482,0.008524264852224465,0.010086651426163334,0.0027752558058162864,-0.002083863809843463,0.10019413048429666,-0.013731152876194364,0.0243275047874815,0.003522045458775067,-0.03355826656288166,-0.015133405837018669,-0.09092625760318168,0.0,-0.0023699012787263005,0.0004808296484013814,-0.0007289971309427333,-7.161826526958324e-05,-0.031220707950201668,0.01057497544630895,-0.03439643196155833,-0.003123492773635333,-0.0019960751176189492,-0.0012390157914093831,0.0012864188726912254,0.002316024733697892,0.0016535906284124665,-0.002214172620341816,0.0002749358238336016,-0.006303768542566352,-0.0023699012787263005,-0.0004808296484013814,-0.12485413162531664,0.0,0.9996737123193333
0.7860000000000008,0.0014959037221979,0.0,0.0007459510175993834,-0.0012030316606736835,0.0023769396354760175,-0.0012136872058953997,0.0006615718792414672,5.992950025280817e-05,0.0008209508435371503,0.0016538581433887675,-0.0012012035595090165,0.0007142419722334168,0.001611270224482917,0.0003145652367795166,0.0006911294134822964,0.0014312046128610568,0.0005004364030951334,-0.0005153052551442664,0.0007459510175993834,0.0012030316606736835,0.10281754153600169,0.0,0.2766676642659501,-0.009980524124471335,-0.0014538368882084656,0.018492386190064714,0.01679718898051095,-0.005536790949215668,-0.0036303577512518254,-0.001159902934740767,0.007890231011236865,-0.00078401740386225,0.003989757669127901,-0.010100650836252067,-0.031186767656575007,-0.010561692152757936,0.0023769396354760175,0.0012136872058953997,0.2766676642659501,0.009980524124471335,0.40200853213321674,0.0,-0.05298064866063766,0.04153350100199901,0.00021895157258024968,-0.010270735079833261,-0.009636286867537886,-0.006824761933369617,-0.011729233601568752,0.008327849044592233,0.008504919980897535,-0.0100913511172903,-0.034342348504215,0.0030210170042378618,0.0006615718792414672,-5.992950025280817e-05,-0.0014538368882084656,-0.018492386190064714,-0.05298064866063766,-0.04153350100199901,0.8538393182576504,0.0,0.17785797512181667,0.01628485141528825,0.013972004648829526,0.0025498782384447286,0.02435376318997767,0.0057626541718050995,0.0026939287328345664,0.0022627172722388335,-0.0018470666600371001,0.001456836651997697,0.0008209508435371503,-0.0016538581433887675,0.01679718898051095,0.005536790949215668,0.00021895157258024968,0.010270735079833261,0.17785797512181667,-0.01628485141528825,0.1124164211176433,0.0,0.06446100266191,0.0039696126255395845,0.015611154613586168,-0.008168001102830884,0.10013475959543998,0.01369604082266586,0.001332387109041533,-0.002324971113409733,-0.0012012035595090165,-0.0007142419722334168,-0.0036303577512518254,0.001159902934740767,-0.009636286867537886,0.006824761933369617,0.013972004648829526,-0.0025498782384447286,0.06446100266191,-0.0039696126255395845,-0.18305060378131674,0.0,-0.08081109445371502,-0.0013143668889934329,0.0243214607725145,-0.0034992996654965997,0.001661216166234517,0.0022342012663231336,0.001611270224482917,-0.0003145652367795166,0.007890231011236865,0.00078401740386225,-0.011729233601568752,-0.008327849044592233,0.02435376318997767,-0.0057626541718050995,0.015611154613586168,0.008168001102830884,-0.08081109445371502,0.0013143668889934329,-0.07379739629343168,0.0,-0.03360391336416666,0.015112106328319165,0.00027839404049693,0.0062410378758051025,0.0006911294134822964,-0.0014312046128610568,0.003989757669127901,0.010100650836252067,0.008504919980897535,0.0100913511172903,0.0026939287328345664,-0.0022627172722388335,0.10013475959543998,-0.01369604082266586,0.0243214607725145,0.0034992996654965997,-0.03360391336416666,-0.015112106328319165,-0.09104296022835498,0.0,-0.0022562730298600333,0.0004522005580340834,0.0005004364030951334,0.0005153052551442664,-0.031186767656575007,0.010561692152757936,-0.034342348504215,-0.0030210170042378618,-0.0018470666600371001,-0.001456836651997697,0.001332387109041533,0.002324971113409733,0.001661216166234517,-0.0022342012663231336,0.00027839404049693,-0.0062410378758051025,-0.0022562730298600333,-0.0004522005580340834,-0.1250132276841833,0.0,0.9996735287791498
0.7869999999999995,0.0014957201752330161,0.0,0.00037079270371190174,0.0014241437195464336,-0.0007407305169678962,0.0024764212032066454,-0.0005022993435451005,0.0005612471014591003,-0.0017961249622308337,-0.0005305703210505517,0.00034467457718724646,-0.0013465354608302301,-0.0012825056398116147,0.0009192717613941665,-0.0015377371909335502,-0.0004905779420352834,-3.9881833972699926e-05,0.0006971500865339069,0.00037079270371190174,-0.0014241437195464336,0.1025037920691417,0.0,0.27646567543213324,-0.010215129439916289,-0.0016262588250840501,0.018655624143256878,0.01688920810550672,-0.005519066557813065,-0.0036687096884192457,-0.0011893694527756482,0.007881598252532799,-0.0008146409203346838,0.004147207527248651,-0.01007610560915793,-0.031179002445425007,-0.010536036283642547,-0.0007407305169678962,-0.0024764212032066454,0.27646567543213324,0.010215129439916289,0.4019147419075665,0.0,-0.05326295748159,0.04182735170384983,0.00012268544124833521,-0.010167849218778051,-0.009616780940725033,-0.006914586451554345,-0.011690684346600422,0.008391709386887334,0.008513312031428416,-0.010093233550841216,-0.03428548088524166,0.002956396162781738,-0.0005022993435451005,-0.0005612471014591003,-0.0016262588250840501,-0.018655624143256878,-0.05326295748159,-0.04182735170384983,0.85472913121605,0.0,0.17837349910843334,0.016344772183063398,0.013866151017457338,0.0023790041100861825,0.024208741286934506,0.005818907611752467,0.0026423632970759164,0.0024578983735564835,-0.0017507818034022153,0.0016788543140241168,-0.0017961249622308337,0.0005305703210505517,0.01688920810550672,0.005519066557813065,0.00012268544124833521,0.010167849218778051,0.17837349910843334,-0.016344772183063398,0.11241352882445828,0.0,0.06447835016761666,0.003989353121033883,0.015535026838411996,-0.008123960813883483,0.10004501514601666,0.013676806799468812,0.0013767988823683128,-0.0023154832083977337,0.00034467457718724646,0.0013465354608302301,-0.0036687096884192457,0.0011893694527756482,-0.009616780940725033,0.006914586451554345,0.013866151017457338,-0.0023790041100861825,0.06447835016761666,-0.003989353121033883,-0.18312522677356663,0.0,-0.08079345796306497,-0.0013340568701990386,0.024309914301783673,-0.0034882426006874446,0.0016755677452366835,0.0022388279696193333,-0.0012825056398116147,-0.0009192717613941665,0.007881598252532799,0.0008146409203346838,-0.011690684346600422,-0.008391709386887334,0.024208741286934506,-0.005818907611752467,0.015535026838411996,0.008123960813883483,-0.08079345796306497,0.0013340568701990386,-0.07392732562927666,0.0,-0.033646373250224994,0.01510310061581684,0.00030018556816478655,0.00618001986615511,-0.0015377371909335502,0.0004905779420352834,0.004147207527248651,0.01007610560915793,0.008513312031428416,0.010093233550841216,0.0026423632970759164,-0.0024578983735564835,0.10004501514601666,-0.013676806799468812,0.024309914301783673,0.0034882426006874446,-0.033646373250224994,-0.01510310061581684,-0.09115923333308831,0.0,-0.0021462271483629015,0.00042397849079460015,-3.9881833972699926e-05,-0.0006971500865339069,-0.031179002445425007,0.010536036283642547,-0.03428548088524166,-0.002956396162781738,-0.0017507818034022153,-0.0016788543140241168,0.0013767988823683128,0.0023154832083977337,0.0016755677452366835,-0.0022388279696193333,0.00030018556816478655,-0.00618001986615511,-0.0021462271483629015,-0.00042397849079460015,-0.12517178323058334,0.0,0.9996733452257335
0.787999999999999,0.0014955366305268504,0.0,-0.0013428589895107495,-0.0007312296533442331,-0.0012083979625008166,-0.0021915993748694656,-0.00015473984818980836,-0.0008467346496882337,0.001632122662835567,-0.0009621303973319118,0.0007010795119506682,0.0011940333041393252,0.00022441793102273311,-0.0015069455479201673,0.001453948733158728,-0.0007930496374154986,-0.00041324503655484484,-0.0005216916353805002,-0.0013428589895107495,0.0007312296533442331,0.10218095556245997,0.0,0.2762700319361166,-0.010428776045387299,-0.0017954562691765005,0.01884064962459682,0.016982015596431664,-0.005501592539369586,-0.0037151332815159328,-0.0012344768860848732,0.007852063526858669,-0.0008554792237315499,0.0042547725040257,-0.01007011326385191,-0.031177911461003315,-0.010521963592195387,-0.0012083979625008166,0.0021915993748694656,0.2762700319361166,0.010428776045387299,0.4018255739426166,0.0,-0.053463954850561664,0.042129301753472174,3.91089241150002e-05,-0.010035296624274482,-0.009590263623427278,-0.007044723360796417,-0.01165200928574936,0.008479333149955396,0.008519537967759715,-0.010073897929767853,-0.034227727259828346,0.002929756413659301,-0.00015473984818980836,0.0008467346496882337,-0.0017954562691765005,-0.01884064962459682,-0.053463954850561664,-0.042129301753472174,0.8556237258443669,0.0,0.17886528701209997,0.016421133326978747,0.013748278316317804,0.002166101274181901,0.024090319363773,0.005878998760361633,0.0025944144027287962,0.0026159170031218116,-0.001666095404078653,0.0019092894737241651,0.001632122662835567,0.0009621303973319118,0.016982015596431664,0.005501592539369586,3.91089241150002e-05,0.010035296624274482,0.17886528701209997,-0.016421133326978747,0.112409166235195,0.0,0.06449684239128665,0.003968571615185749,0.015448357265720834,-0.008093377948160134,0.0999519469268517,0.013644606332255248,0.001396404645143863,-0.002295572619654196,0.0007010795119506682,-0.0011940333041393252,-0.0037151332815159328,0.0012344768860848732,-0.009590263623427278,0.007044723360796417,0.013748278316317804,-0.002166101274181901,0.06449684239128665,-0.003968571615185749,-0.1831995550593167,0.0,-0.08076315732917333,-0.001342975778739533,0.024278846536312168,-0.003477301215055799,0.0016863799298480059,0.0022488560203678836,0.00022441793102273311,0.0015069455479201673,0.007852063526858669,0.0008554792237315499,-0.01165200928574936,-0.008479333149955396,0.024090319363773,-0.005878998760361633,0.015448357265720834,0.008093377948160134,-0.08076315732917333,0.001342975778739533,-0.074057701802155,0.0,-0.03367450825633166,0.01510469999590904,0.00033084954874795504,0.0061234246975646915,0.001453948733158728,0.0007930496374154986,0.0042547725040257,0.01007011326385191,0.008519537967759715,0.010073897929767853,0.0025944144027287962,-0.0026159170031218116,0.0999519469268517,-0.013644606332255248,0.024278846536312168,0.003477301215055799,-0.03367450825633166,-0.01510469999590904,-0.09127485153849335,0.0,-0.0020444421909811637,0.0003885058678105048,-0.00041324503655484484,0.0005216916353805002,-0.031177911461003315,0.010521963592195387,-0.034227727259828346,-0.002929756413659301,-0.001666095404078653,-0.0019092894737241651,0.001396404645143863,0.002295572619654196,0.0016863799298480059,-0.0022488560203678836,0.00033084954874795504,-0.0061234246975646915,-0.0020444421909811637,-0.0003885058678105048,-0.12532968814024997,0.0,0.9996731616750334
0.7890000000000009,0.0014953531011178164,0.0,0.0015118487760432144,-0.0005213510875939953,0.002377257716287101,0.0006622104264749269,0.0008848569047320719,0.00045165233177473364,-0.0004292715238193801,0.0018479090916092501,-0.0013286054489479323,-0.00035924191563721665,0.0008972212440301833,0.0012092446867094666,-0.0004537062545412501,0.0016259342859234669,0.0006217795571690053,0.00010919461687083013,0.0015118487760432144,0.0005213510875939953,0.10185088812110168,0.0,0.2760784011219334,-0.010571671518144263,-0.001995412144624043,0.019079928541577355,0.017059914015674336,-0.005484982547532885,-0.003714420850910152,-0.0012852271854274665,0.00781304059296575,-0.0009083647777764496,0.004337884465870817,-0.010040959333068516,-0.031149575355506658,-0.010519170635488852,0.002377257716287101,-0.0006622104264749269,0.2760784011219334,0.010571671518144263,0.40173890934324985,0.0,-0.05357721389155167,0.042449671962768824,-7.335190310505009e-05,-0.009885545978091546,-0.009568214983347681,-0.007161489921530668,-0.011630876198596618,0.008570152706918114,0.008490393343637504,-0.010023771697801564,-0.034163394616933344,0.002899237057892659,0.0008848569047320719,-0.00045165233177473364,-0.001995412144624043,-0.019079928541577355,-0.05357721389155167,-0.042449671962768824,0.8565242583620502,0.0,0.17934520193304998,0.01654999901591465,0.013672592066181648,0.001892479694097951,0.024016138595792106,0.005938932379905009,0.0025140404629519835,0.0026787423941075335,-0.0015988255832442577,0.0021799225098839818,-0.0004292715238193801,-0.0018479090916092501,0.017059914015674336,0.005484982547532885,-7.335190310505009e-05,0.009885545978091546,0.17934520193304998,-0.01654999901591465,0.11240124966790996,0.0,0.06451359558544502,0.003943565993635501,0.015361415368673333,-0.008092750857303781,0.0998872392095783,0.013583845067029653,0.0014046981864744505,-0.0022829106492218494,-0.0013286054489479323,0.00035924191563721665,-0.003714420850910152,0.0012852271854274665,-0.009568214983347681,0.007161489921530668,0.013672592066181648,-0.001892479694097951,0.06451359558544502,-0.003943565993635501,-0.18327245035661666,0.0,-0.08071413710593833,-0.0013902358663104171,0.02423369858008667,-0.003459216727765617,0.001681707334695995,0.002273193699157734,0.0008972212440301833,-0.0012092446867094666,0.00781304059296575,0.0009083647777764496,-0.011630876198596618,-0.008570152706918114,0.024016138595792106,-0.005938932379905009,0.015361415368673333,0.008092750857303781,-0.08071413710593833,0.0013902358663104171,-0.07418888175570167,0.0,-0.03369214055183667,0.015105306429640997,0.00035410134207959984,0.006069354185732083,-0.0004537062545412501,-0.0016259342859234669,0.004337884465870817,0.010040959333068516,0.008490393343637504,0.010023771697801564,0.0025140404629519835,-0.0026787423941075335,0.0998872392095783,-0.013583845067029653,0.02423369858008667,0.003459216727765617,-0.03369214055183667,-0.015105306429640997,-0.09138929794224332,0.0,-0.001954114320839245,0.0003523883864484655,0.0006217795571690053,-0.00010919461687083013,-0.031149575355506658,0.010519170635488852,-0.034163394616933344,-0.002899237057892659,-0.0015988255832442577,-0.0021799225098839818,0.0014046981864744505,0.0022829106492218494,0.001681707334695995,-0.002273193699157734,0.00035410134207959984,-0.006069354185732083,-0.001954114320839245,-0.0003523883864484655,-0.12548705040181668,0.0,0.99967297813905
0.7899999999999994,0.001495169585565983,0.0,-0.0006845083971591501,0.0015296389102093884,-0.0021290459510651004,0.00125532067175805,-0.0010256001593244657,0.0004939876464671834,-0.0010325949077031329,-0.001572832875981833,0.0012007272090796667,-0.0006706270631085066,-0.0014882570174389,-0.00021212689804951679,-0.0008529375643677334,-0.0014696345659055505,-0.0005209519710270732,0.0003220496944986741,-0.0006845083971591501,-0.0015296389102093884,0.1015165165009733,0.0,0.2758741038443001,-0.010638167483928786,-0.002182548467425809,0.019349381996521565,0.017122952002526382,-0.005467748447092697,-0.00368470228128305,-0.0013264406243448836,0.007789318395181833,-0.0009576170117634335,0.004442482338428034,-0.009989370703203848,-0.031101825613971665,-0.010508318224833267,-0.0021290459510651004,-0.00125532067175805,0.2758741038443001,0.010638167483928786,0.40165156230349996,0.0,-0.05365377455948333,0.042790810703858165,-0.00020361956744964314,-0.009728749810718073,-0.0095359380335604,-0.007217392972250168,-0.011602380244138599,0.008646052555355718,0.008438645602154184,-0.009955976083648396,-0.034094566777348324,0.00284091261935015,-0.0010256001593244657,-0.0004939876464671834,-0.002182548467425809,-0.019349381996521565,-0.05365377455948333,-0.042790810703858165,0.8574322411822499,0.0,0.1798237281156333,0.016715145101934115,0.013680422046537116,0.0016161584600317136,0.023953860620372008,0.005972910330571419,0.002414696600618416,0.0026818997527462696,-0.0016059272871466002,0.0024820845862520463,-0.0010325949077031329,0.001572832875981833,0.017122952002526382,0.005467748447092697,-0.00020361956744964314,0.009728749810718073,0.1798237281156333,-0.016715145101934115,0.11238817089770499,0.0,0.06450808306971668,0.0039290077064940325,0.015283039649157332,-0.008098379023633197,0.09983163188203334,0.013507329062593334,0.0014434820854824502,-0.002269258652840084,0.0012007272090796667,0.0006706270631085066,-0.00368470228128305,0.0013264406243448836,-0.0095359380335604,0.007217392972250168,0.013680422046537116,-0.0016161584600317136,0.06450808306971668,-0.0039290077064940325,-0.18334274453285002,0.0,-0.08065785152002497,-0.0014626921325494664,0.02418391864677416,-0.00343505670011745,0.001666675723934383,0.0022916610006345336,-0.0014882570174389,0.00021212689804951679,0.007789318395181833,0.0009576170117634335,-0.011602380244138599,-0.008646052555355718,0.023953860620372008,-0.005972910330571419,0.015283039649157332,0.008098379023633197,-0.08065785152002497,0.0014626921325494664,-0.07432187851397999,0.0,-0.03370643692142166,0.015091742140382149,0.000365459793642465,0.006020004198450734,-0.0008529375643677334,0.0014696345659055505,0.004442482338428034,0.009989370703203848,0.008438645602154184,0.009955976083648396,0.002414696600618416,-0.0026818997527462696,0.09983163188203334,-0.013507329062593334,0.02418391864677416,0.00343505670011745,-0.03370643692142166,-0.015091742140382149,-0.09150230070018668,0.0,-0.0018679620700352334,0.00032604903842250034,-0.0005209519710270732,-0.0003220496944986741,-0.031101825613971665,0.010508318224833267,-0.034094566777348324,-0.00284091261935015,-0.0016059272871466002,-0.0024820845862520463,0.0014434820854824502,0.002269258652840084,0.001666675723934383,-0.0022916610006345336,0.000365459793642465,-0.006020004198450734,-0.0018679620700352334,-0.00032604903842250034,-0.12564394210620003,0.0,0.999672794616767
0.7909999999999991,0.0014949860678008667,0.0,-0.0006284208423805282,-0.0016243157672832067,0.0005788444949935832,-0.002396018354059649,0.0002762262133102497,-0.0012444725472009663,0.0018387670851452505,0.0003130724351033834,-0.0003878661305347499,0.0013293870036430668,0.001168536967182065,-0.0009097901717327329,0.0016631366927835002,0.0004032132828574834,0.0001614828432563331,-0.0005861724569241166,-0.0006284208423805282,0.0016243157672832067,0.10117987761326663,0.0,0.2756788098274667,-0.010670023199663018,-0.0023074392201139844,0.019587422416715784,0.017198688647550163,-0.005443716496390877,-0.0036737381497882835,-0.001363455964463,0.0077891082063730015,-0.00098688505653355,0.004566164131503098,-0.009961701397891414,-0.031071499093486665,-0.010493342509707433,0.0005788444949935832,0.002396018354059649,0.2756788098274667,0.010670023199663018,0.4015613107284,0.0,-0.05373009394164669,0.04312569915232166,-0.00030977047460111656,-0.009566103641938946,-0.009476634378425117,-0.007240570053684466,-0.011545375358549352,0.008727296097679166,0.008404470573918948,-0.009889349754534382,-0.03404116867893168,0.002776038162713134,0.0002762262133102497,0.0012444725472009663,-0.0023074392201139844,-0.019587422416715784,-0.05373009394164669,-0.04312569915232166,0.8583480379803167,0.0,0.18030342635699995,0.016873617464771073,0.01374144449995307,0.001388542547807401,0.02386885206657965,0.005979396795327797,0.00232977024466865,0.0027160094400532496,-0.0016998042153365644,0.002764677322209616,0.0018387670851452505,-0.0003130724351033834,0.017198688647550163,0.005443716496390877,-0.00030977047460111656,0.009566103641938946,0.18030342635699995,-0.016873617464771073,0.11236953884562666,0.0,0.06450489797941668,0.0039017660103660523,0.015204840124422499,-0.008089648307678667,0.09976142163661166,0.013430877466045248,0.0015209515309063833,-0.0022297598621941824,-0.0003878661305347499,-0.0013293870036430668,-0.0036737381497882835,0.001363455964463,-0.009476634378425117,0.007240570053684466,0.01374144449995307,-0.001388542547807401,0.06450489797941668,-0.0039017660103660523,-0.18341033824618339,0.0,-0.08060951734865668,-0.0015137589322155487,0.02413285129058784,-0.0034047219505075567,0.001653725520409433,0.00228767748194515,0.001168536967182065,0.0009097901717327329,0.0077891082063730015,0.00098688505653355,-0.011545375358549352,-0.008727296097679166,0.02386885206657965,-0.005979396795327797,0.015204840124422499,0.008089648307678667,-0.08060951734865668,0.0015137589322155487,-0.07445654484419666,0.0,-0.03372135517338333,0.015068379180095234,0.0003711482162463,0.00598293405102052,0.0016631366927835002,-0.0004032132828574834,0.004566164131503098,0.009961701397891414,0.008404470573918948,0.009889349754534382,0.00232977024466865,-0.0027160094400532496,0.09976142163661166,-0.013430877466045248,0.02413285129058784,0.0034047219505075567,-0.03372135517338333,-0.015068379180095234,-0.09161385516507004,0.0,-0.001775424950999617,0.0003086877006336665,0.0001614828432563331,0.0005861724569241166,-0.031071499093486665,0.010493342509707433,-0.03404116867893168,-0.002776038162713134,-0.0016998042153365644,-0.002764677322209616,0.0015209515309063833,0.0022297598621941824,0.001653725520409433,-0.00228767748194515,0.0003711482162463,-0.00598293405102052,-0.001775424950999617,-0.0003086877006336665,-0.1258004018871833,0.0,0.9996726110931164
0.792000000000001,0.0014948025478916335,0.0,0.0016399505264556046,0.0007347026236553669,0.0012676208069026047,0.002072927642843179,0.0008636408527540331,0.0011022851255740665,-0.0014665120820169001,0.0011404997846023504,-0.0006643997707052501,-0.0012202471660011749,-0.00015497014428345662,0.0014370607307310484,-0.001457251362803672,0.0009514691104599331,0.0002923370586161666,0.0005266006625744165,0.0016399505264556046,-0.0007347026236553669,0.10084174365987165,0.0,0.27547771187426673,-0.010695946877509339,-0.0023861139085139997,0.0197768291804508,0.01730475022336603,-0.005409668367126631,-0.0036684743782850844,-0.0014071108834073998,0.007796169646424435,-0.0009991406436268828,0.004672198359921234,-0.009972119330535455,-0.031057103594079996,-0.01049659991827266,0.0012676208069026047,-0.002072927642843179,0.27547771187426673,0.010695946877509339,0.4014677729216501,0.0,-0.05377428248621334,0.04341306781846784,-0.0003893902354072667,-0.009400824794365131,-0.009398736772843681,-0.00728274870169433,-0.011482689726950164,0.008834065547697768,0.00839601365873335,-0.009822998929983503,-0.03400229739785167,0.0027272108397151332,0.0008636408527540331,-0.0011022851255740665,-0.0023861139085139997,-0.0197768291804508,-0.05377428248621334,-0.04341306781846784,0.8592707557620503,0.0,0.18074557753716664,0.017014483175254204,0.013813786521495341,0.0011766694835592913,0.023761462429247374,0.005999165890641601,0.0022572423257008665,0.002793896186705745,-0.001823292091007616,0.00301170067429045,-0.0014665120820169001,-0.0011404997846023504,0.01730475022336603,0.005409668367126631,-0.0003893902354072667,0.009400824794365131,0.18074557753716664,-0.017014483175254204,0.11234527088297669,0.0,0.06454323479804999,0.0038545746104923797,0.015111020847599,-0.008081462756893658,0.09967390412608332,0.013346874120894,0.0015975508392098501,-0.002164772577004166,-0.0006643997707052501,0.0012202471660011749,-0.0036684743782850844,0.0014071108834073998,-0.009398736772843681,0.00728274870169433,0.013813786521495341,-0.0011766694835592913,0.06454323479804999,-0.0038545746104923797,-0.1834756167229,0.0,-0.08055441992491832,-0.0015457307112985838,0.0240778630991085,-0.003362998420437418,0.0016418357250933507,0.0022753935569575752,-0.00015497014428345662,-0.0014370607307310484,0.007796169646424435,0.0009991406436268828,-0.011482689726950164,-0.008834065547697768,0.023761462429247374,-0.005999165890641601,0.015111020847599,0.008081462756893658,-0.08055441992491832,0.0015457307112985838,-0.07459193454224834,0.0,-0.033730084590515,0.015050069508294664,0.0003721195752352665,0.005956785532949693,-0.001457251362803672,-0.0009514691104599331,0.004672198359921234,0.009972119330535455,0.00839601365873335,0.009822998929983503,0.0022572423257008665,-0.002793896186705745,0.09967390412608332,-0.013346874120894,0.0240778630991085,0.003362998420437418,-0.033730084590515,-0.015050069508294664,-0.09172371740960665,0.0,-0.0016723176251117835,0.00029384635738871634,0.0002923370586161666,-0.0005266006625744165,-0.031057103594079996,0.01049659991827266,-0.03400229739785167,-0.0027272108397151332,-0.001823292091007616,-0.00301170067429045,0.0015975508392098501,0.002164772577004166,0.0016418357250933507,-0.0022753935569575752,0.0003721195752352665,-0.005956785532949693,-0.0016723176251117835,-0.00029384635738871634,-0.1259566495332,0.0,0.9996724275666338
0.7929999999999995,0.0014946190391078161,0.0,-0.0017272227825512502,0.0006750717327443334,-0.0023271190730313664,-0.000569697283439917,-0.0015253399282295751,-4.6410823421033125e-05,0.00015999258123070332,-0.0018419071953304092,0.0013189970860615333,0.00039213788970067476,-0.0009037821565134499,-0.0011100573836198102,0.0003057122038236017,-0.0017410675242597205,-0.0005662411796342971,-0.000165041284712195,-0.0017272227825512502,-0.0006750717327443334,0.10050279610609833,0.0,0.2752964430506166,-0.010705517001898455,-0.002462903820382651,0.019955912743971124,0.017431382506181467,-0.005375012520004643,-0.003616043809986401,-0.0014464448548398164,0.007794825145194848,-0.0010067077369398955,0.004756594396535902,-0.009978512551339719,-0.03102551407475166,-0.010517601726366213,-0.0023271190730313664,0.000569697283439917,0.2752964430506166,0.010705517001898455,0.40137107028308333,0.0,-0.05377325619109167,0.043661695025155337,-0.00048428453399976696,-0.009246614356162166,-0.009331940183994617,-0.007336445365534168,-0.011451139295796386,0.008950486049286135,0.008385029111008885,-0.009745782450484665,-0.033954395205165,0.0026858678678988324,-0.0015253399282295751,4.6410823421033125e-05,-0.002462903820382651,-0.019955912743971124,-0.05377325619109167,-0.043661695025155337,0.8601998745361665,0.0,0.18116748781560005,0.01717776561242782,0.013920897539220831,0.0009379823349067449,0.02365398000186248,0.006070032813891735,0.0021757149336639934,0.0028448180131035506,-0.0019439796391609173,0.003253853815172916,0.00015999258123070332,0.0018419071953304092,0.017431382506181467,0.005375012520004643,-0.00048428453399976696,0.009246614356162166,0.18116748781560005,-0.01717776561242782,0.11231484592562833,0.0,0.06463241502578666,0.0038264631854759692,0.015008852772533082,-0.00809970102444065,0.09961062113863002,0.013245317887341202,0.0016482150789932286,-0.0021003937276469,0.0013189970860615333,-0.00039213788970067476,-0.003616043809986401,0.0014464448548398164,-0.009331940183994617,0.007336445365534168,0.013920897539220831,-0.0009379823349067449,0.06463241502578666,-0.0038264631854759692,-0.18353831087888342,0.0,-0.08049771790822001,-0.0016090069215341787,0.024032027012892507,-0.003310823487987209,0.0016209234752992828,0.00227749204978635,-0.0009037821565134499,0.0011100573836198102,0.007794825145194848,0.0010067077369398955,-0.011451139295796386,-0.008950486049286135,0.02365398000186248,-0.006070032813891735,0.015008852772533082,0.00809970102444065,-0.08049771790822001,0.0016090069215341787,-0.07472831637076169,0.0,-0.033738680511018346,0.015044034826101832,0.0003617410933973139,0.005929702242156717,0.0003057122038236017,0.0017410675242597205,0.004756594396535902,0.009978512551339719,0.008385029111008885,0.009745782450484665,0.0021757149336639934,-0.0028448180131035506,0.09961062113863002,-0.013245317887341202,0.024032027012892507,0.003310823487987209,-0.033738680511018346,-0.015044034826101832,-0.09183134127208668,0.0,-0.0015660349834444498,0.00028446266261373913,-0.0005662411796342971,0.000165041284712195,-0.03102551407475166,0.010517601726366213,-0.033954395205165,-0.0026858678678988324,-0.0019439796391609173,-0.003253853815172916,0.0016482150789932286,0.0021003937276469,0.0016209234752992828,-0.00227749204978635,0.0003617410933973139,-0.005929702242156717,-0.0015660349834444498,-0.00028446266261373913,-0.12611299331711673,0.0,0.9996722440511999
0.7939999999999993,0.001494435541192,0.0,0.0007409744598861,-0.0017669114704095316,0.0020196429426493166,-0.001253415741992049,0.0010903557811776177,-0.0012346158614754204,0.0012132528285572167,0.001367055108037234,-0.0011944174106336746,0.0006411299490017459,0.001434328955670351,0.00013391990362961686,0.0010628168669268505,0.0014114240784061413,0.000516742509517558,-0.00026575425217358176,0.0007409744598861,0.0017669114704095316,0.10016401311085997,0.0,0.27511228189208325,-0.010689354345351766,-0.002536451013994317,0.020139456301529118,0.01755314487954229,-0.00535043527390875,-0.0035221406196037177,-0.001465099605407767,0.00778508091381565,-0.001005238702138617,0.004855258685393367,-0.009945625636687416,-0.03096332386649001,-0.010523516718197881,0.0020196429426493166,0.001253415741992049,0.27511228189208325,0.010689354345351766,0.4012705538624334,0.0,-0.05376195509277834,0.04391874645285199,-0.0006076132755896166,-0.009111128527534958,-0.0092860070635597,-0.007348661828829165,-0.011442561963324167,0.009047730933794986,0.008352168238344332,-0.009655340633221167,-0.033873238636916665,0.00263720541368806,0.0010903557811776177,0.0012346158614754204,-0.002536451013994317,-0.020139456301529118,-0.05376195509277834,-0.04391874645285199,0.8611363901174499,0.0,0.18158379611195,0.017391935949017064,0.01409222401312958,0.0007036853565410334,0.023539522790534576,0.00617193505340625,0.0020806361594529897,0.0028408879399798993,-0.0021004385948732176,0.003486996015478715,0.0012132528285572167,-0.001367055108037234,0.01755314487954229,0.00535043527390875,-0.0006076132755896166,0.009111128527534958,0.18158379611195,-0.017391935949017064,0.11227768260890832,0.0,0.064719312323325,0.0038484571617344227,0.014919809358307048,-0.008137422408214835,0.09956678017824167,0.013130966326756465,0.0016955109051222184,-0.0020424358138854,-0.0011944174106336746,-0.0006411299490017459,-0.0035221406196037177,0.001465099605407767,-0.0092860070635597,0.007348661828829165,0.01409222401312958,-0.0007036853565410334,0.064719312323325,-0.0038484571617344227,-0.18359787021828333,0.0,-0.0804503643149,-0.0017132013656870003,0.024008435610327332,-0.0032599774091260445,0.0015901669319335386,0.002289617391079712,0.001434328955670351,-0.00013391990362961686,0.00778508091381565,0.001005238702138617,-0.011442561963324167,-0.009047730933794986,0.023539522790534576,-0.00617193505340625,0.014919809358307048,0.008137422408214835,-0.0804503643149,0.0017132013656870003,-0.07486731382132499,0.0,-0.033758138166474994,0.01504011291965167,0.000341103028554012,0.0058952672181751655,0.0010628168669268505,-0.0014114240784061413,0.004855258685393367,0.009945625636687416,0.008352168238344332,0.009655340633221167,0.0020806361594529897,-0.0028408879399798993,0.09956678017824167,-0.013130966326756465,0.024008435610327332,0.0032599774091260445,-0.033758138166474994,-0.01504011291965167,-0.09193636131947999,0.0,-0.0014694581283546016,0.0002907395371698309,0.000516742509517558,0.00026575425217358176,-0.03096332386649001,0.010523516718197881,-0.033873238636916665,-0.00263720541368806,-0.0021004385948732176,-0.003486996015478715,0.0016955109051222184,0.0020424358138854,0.0015901669319335386,-0.002289617391079712,0.000341103028554012,-0.0058952672181751655,-0.0014694581283546016,-0.0002907395371698309,-0.12626946933495,0.0,0.9996720605467501
0.7950000000000012,0.0014942520389965163,0.0,0.0007494590926281832,0.0018216868948217485,-0.00049336437013075,0.002291418013689216,0.00026419440903095834,0.001724037627007933,-0.00180508077330185,-5.9701177239666747e-05,0.00039285870199351675,-0.001288644721527473,-0.0010777452158499035,0.0009481575393142268,-0.001736456306263767,-0.00017759903592878828,-0.00020424774770009334,0.0005438191822486436,0.0007494590926281832,-0.0018216868948217485,0.09982580584468666,0.0,0.27492902599775,-0.010669482231581456,-0.002575937407304132,0.020295153503624663,0.017661998440929264,-0.005334687994283515,-0.0034560856292822667,-0.0014702517196542833,0.007777223932442349,-0.0009818683610325998,0.00497992324082245,-0.009903235358147775,-0.03090725014908167,-0.010499688201674883,-0.00049336437013075,-0.002291418013689216,0.27492902599775,0.010669482231581456,0.40116538346548325,0.0,-0.05377845953936499,0.04420533519551599,-0.0007175407378695734,-0.008987751114943815,-0.00923751134157166,-0.007315127081603767,-0.011427160212603735,0.009132863008469395,0.008316268068418285,-0.009565341589233601,-0.033781520975025,0.0025938246642592828,0.00026419440903095834,-0.001724037627007933,-0.002575937407304132,-0.020295153503624663,-0.05377845953936499,-0.04420533519551599,0.8620816285239835,0.0,0.18202327165361662,0.017634473732037085,0.014296297526810334,0.000519213045723934,0.02339679933787708,0.006255758412313933,0.0019875783237403334,0.002845074817715129,-0.0023091055578347446,0.0036564857541570004,-0.00180508077330185,5.9701177239666747e-05,0.017661998440929264,0.005334687994283515,-0.0007175407378695734,0.008987751114943815,0.18202327165361662,-0.017634473732037085,0.11223365881546334,0.0,0.06477501035182168,0.003897697890050198,0.01485682109794092,-0.008166815914485618,0.09951177362989001,0.013016109685712667,0.001760812423072433,-0.001970785516851165,0.00039285870199351675,0.001288644721527473,-0.0034560856292822667,0.0014702517196542833,-0.00923751134157166,0.007315127081603767,0.014296297526810334,-0.000519213045723934,0.06477501035182168,-0.003897697890050198,-0.18365472564891663,0.0,-0.08043048758803836,-0.0018041326695806168,0.024009585961140337,-0.003224001439012483,0.0015618223767963333,0.002290901036995803,-0.0010777452158499035,-0.0009481575393142268,0.007777223932442349,0.0009818683610325998,-0.011427160212603735,-0.009132863008469395,0.02339679933787708,-0.006255758412313933,0.01485682109794092,0.008166815914485618,-0.08043048758803836,0.0018041326695806168,-0.07500963346284,0.0,-0.03379806181350166,0.015035993996163836,0.0003233746514949168,0.005865010260287328,-0.001736456306263767,0.00017759903592878828,0.00497992324082245,0.009903235358147775,0.008316268068418285,0.009565341589233601,0.0019875783237403334,-0.002845074817715129,0.09951177362989001,-0.013016109685712667,0.024009585961140337,0.003224001439012483,-0.03379806181350166,-0.015035993996163836,-0.09203869495035667,0.0,-0.0013870951449850334,0.0003121018047330669,-0.00020424774770009334,-0.0005438191822486436,-0.03090725014908167,0.010499688201674883,-0.033781520975025,-0.0025938246642592828,-0.0023091055578347446,-0.0036564857541570004,0.001760812423072433,0.001970785516851165,0.0015618223767963333,-0.002290901036995803,0.0003233746514949168,-0.005865010260287328,-0.0013870951449850334,-0.0003121018047330669,-0.12642579758823336,0.0,0.9996718770381834
0.7959999999999996,0.0014940685181212504,0.0,-0.0018499627277066143,-0.000792550096185166,-0.0012408335959367839,-0.0019030578252621335,-0.0015477302584163057,-0.0009459600350019445,0.0012736705562127327,-0.001267856881014499,0.0006323351167743499,0.00119257551378935,3.2274493359968564e-05,-0.0014021120289240674,0.0012988429741875246,-0.0011484416997159044,-0.00021015154338481664,-0.0005367277645273113,-0.0018499627277066143,0.000792550096185166,0.09948757646804166,0.0,0.27474213449266666,-0.010671404205493066,-0.0025785174235973163,0.02041616805563169,0.017762172891683796,-0.005317920698891384,-0.0034459826914660665,-0.0014823736699127667,0.007771256093006867,-0.00094214632845336,0.005093499388480449,-0.009897397059620085,-0.03088299012728001,-0.010471266109638664,-0.0012408335959367839,0.0019030578252621335,0.27474213449266666,0.010671404205493066,0.40105578905844996,0.0,-0.053792731827229996,0.04448284226985148,-0.0007891004644655666,-0.008867698281715,-0.009163022086605981,-0.0072948809580508,-0.011398974718682554,0.009226516988430909,0.008295365244117982,-0.009487459113530819,-0.03370777808186833,0.002577129019466533,-0.0015477302584163057,0.0009459600350019445,-0.0025785174235973163,-0.02041616805563169,-0.053792731827229996,-0.04448284226985148,0.8630358119953334,0.0,0.1824757793335833,0.017874682256963266,0.014490322897868032,0.0003504098569305669,0.02322290441445656,0.0063151597265467645,0.0019066874178614,0.0029005927074713133,-0.0025156408328496525,0.0037487388706095503,0.0012736705562127327,0.001267856881014499,0.017762172891683796,0.005317920698891384,-0.0007891004644655666,0.008867698281715,0.1824757793335833,-0.017874682256963266,0.11218283978464,0.0,0.06482165093700999,0.003934855895624903,0.014809888708749235,-0.00817466416979343,0.09942565865089169,0.012901992700918182,0.0018228578340282171,-0.0018876944028628562,0.0006323351167743499,-0.00119257551378935,-0.0034459826914660665,0.0014823736699127667,-0.009163022086605981,0.0072948809580508,0.014490322897868032,-0.0003504098569305669,0.06482165093700999,-0.003934855895624903,-0.1837103184335333,0.0,-0.08042802759494332,-0.001844188094806804,0.024021505329766997,-0.0032019197857274012,0.0015428728655283556,0.002281587479263716,3.2274493359968564e-05,0.0014021120289240674,0.007771256093006867,0.00094214632845336,-0.011398974718682554,-0.009226516988430909,0.02322290441445656,-0.0063151597265467645,0.014809888708749235,0.00817466416979343,-0.08042802759494332,0.001844188094806804,-0.07515415449045668,0.0,-0.033845019373234995,0.015045575294541499,0.0003176435394274168,0.005846815565151135,0.0012988429741875246,0.0011484416997159044,0.005093499388480449,0.009897397059620085,0.008295365244117982,0.009487459113530819,0.0019066874178614,-0.0029005927074713133,0.09942565865089169,-0.012901992700918182,0.024021505329766997,0.0032019197857274012,-0.033845019373234995,-0.015045575294541499,-0.092138110668415,0.0,-0.0013093176970823501,0.00033493140710520015,-0.00021015154338481664,0.0005367277645273113,-0.03088299012728001,0.010471266109638664,-0.03370777808186833,-0.002577129019466533,-0.0025156408328496525,-0.0037487388706095503,0.0018228578340282171,0.0018876944028628562,0.0015428728655283556,-0.002281587479263716,0.0003176435394274168,-0.005846815565151135,-0.0013093176970823501,-0.00033493140710520015,-0.12658180872126665,0.0,0.9996716935109
0.7969999999999993,0.0014938849916971665,0.0,0.0019082886021678995,-0.0007688197103592002,0.0021355248512248664,0.00046948567656029987,0.0017797225297527493,-0.0006009125868044002,4.275824068066652e-05,0.0017907747309321405,-0.0012863946005988412,-0.00040307088121361646,0.000974775674573727,0.0009671817063655338,-4.638595776440001e-05,0.00173542714421151,0.0004977061506800883,0.00025235993906954805,0.0019082886021678995,0.0007688197103592002,0.09914869900300666,0.0,0.27457147421805,-0.010678480663821398,-0.0025674815330156,0.0205544610074108,0.017855486094724378,-0.0052987526931761505,-0.0034380122922183344,-0.0015064399396425333,0.007754755395368435,-0.0009112814819509499,0.0051683157835785126,-0.009921947489554918,-0.03087154386664501,-0.010456121666502238,0.0021355248512248664,-0.00046948567656029987,0.27457147421805,0.010678480663821398,0.40094269767779994,0.0,-0.05375109761644665,0.04472332883037567,-0.0008574342463429165,-0.008751181412696533,-0.009074007136336952,-0.007321781604184336,-0.011376632540698156,0.009319099999585191,0.008272445547293096,-0.009416196792950915,-0.033639267464495,0.002590152987770582,0.0017797225297527493,0.0006009125868044002,-0.0025674815330156,-0.0205544610074108,-0.05375109761644665,-0.04472332883037567,0.8639985139906501,0.0,0.18291930220568328,0.018126897964101718,0.014699765497789343,0.00014352121625778365,0.02304915603841605,0.006383230332045113,0.0018471206232300503,0.0029411314176135297,-0.002686443133033017,0.003825759749490926,4.275824068066652e-05,-0.0017907747309321405,0.017855486094724378,0.0052987526931761505,-0.0008574342463429165,0.008751181412696533,0.18291930220568328,-0.018126897964101718,0.11212484284955165,0.0,0.06488726999122166,0.003957062898383455,0.01476906532830805,-0.008176020626950328,0.099339751189895,0.012784581911880194,0.0018532045902292832,-0.0018225622886166614,-0.0012863946005988412,0.00040307088121361646,-0.0034380122922183344,0.0015064399396425333,-0.009074007136336952,0.007321781604184336,0.014699765497789343,-0.00014352121625778365,0.06488726999122166,-0.003957062898383455,-0.18376561791829996,0.0,-0.08042711564892,-0.0018665421151875833,0.024033237144916494,-0.0031824740703942007,0.0015247870696998153,0.002285709777947845,0.000974775674573727,-0.0009671817063655338,0.007754755395368435,0.0009112814819509499,-0.011376632540698156,-0.009319099999585191,0.02304915603841605,-0.006383230332045113,0.01476906532830805,0.008176020626950328,-0.08042711564892,0.0018665421151875833,-0.075299801927565,0.0,-0.033877613082666666,0.015077570246323497,0.0003181991698111249,0.005827731772529968,-4.638595776440001e-05,-0.00173542714421151,0.0051683157835785126,0.009921947489554918,0.008272445547293096,0.009416196792950915,0.0018471206232300503,-0.0029411314176135297,0.099339751189895,-0.012784581911880194,0.024033237144916494,0.0031824740703942007,-0.033877613082666666,-0.015077570246323497,-0.09223415089284999,0.0,-0.0012279575773275,0.0003532810209765161,0.0004977061506800883,-0.00025235993906954805,-0.03087154386664501,0.010456121666502238,-0.033639267464495,-0.002590152987770582,-0.002686443133033017,-0.003825759749490926,0.0018532045902292832,0.0018225622886166614,0.0015247870696998153,-0.002285709777947845,0.0003181991698111249,-0.005827731772529968,-0.0012279575773275,-0.0003532810209765161,-0.12673755779601664,0.0,0.9996715099778335
0.7980000000000013,0.0014937014713221836,0.0,-0.0007855199531709979,0.0019637423204513166,-0.0017879851765637343,0.0011539285732602165,-0.0006832416595138007,0.0018311374515306335,-0.0012990487824401824,-0.0012013429824487,0.00119632224029288,-0.0006034748678010651,-0.0013716695084607493,1.2937673896400058e-05,-0.0012195202341604926,-0.0012239771159664736,-0.0005238305409961835,0.00012614562638216668,-0.0007855199531709979,-0.0019637423204513166,0.09880963379060165,0.0,0.27443584710351665,-0.010650640621005233,-0.002544793039695334,0.02074366536633797,0.017933057061192085,-0.005285816064234995,-0.0033873469614730694,-0.0015297208662617555,0.007722802829494032,-0.0009035400250219,0.00522786835227655,-0.009931596007330531,-0.030845023858075003,-0.01043482725706555,-0.0017879851765637343,-0.0011539285732602165,0.27443584710351665,0.010650640621005233,0.40082585143641675,0.0,-0.05365300728061166,0.044963433914510166,-0.0009555812506827498,-0.008637858175195948,-0.008997356338691984,-0.007351333167167935,-0.011364629254344514,0.009381680868857184,0.008217966741300316,-0.009340884091557144,-0.03354709902527666,0.0026129858528798327,-0.0006832416595138007,-0.0018311374515306335,-0.002544793039695334,-0.02074366536633797,-0.05365300728061166,-0.044963433914510166,0.8649704059280999,0.0,0.18333342342089992,0.018426460661861918,0.014972284774313385,-6.505954981363501e-05,0.022910503714288488,0.006467797789891415,0.0018149024193630505,0.0029015253523247833,-0.002875152834470683,0.003910919367732,-0.0012990487824401824,0.0012013429824487,0.017933057061192085,0.005285816064234995,-0.0009555812506827498,0.008637858175195948,0.18333342342089992,-0.018426460661861918,0.1120587662667867,0.0,0.06494615735761831,0.003989420882509945,0.014737577880954814,-0.008184756288262715,0.09928654176086335,0.012661359157761554,0.0018645131143177512,-0.0017850559698133336,0.00119632224029288,0.0006034748678010651,-0.0033873469614730694,0.0015297208662617555,-0.008997356338691984,0.007351333167167935,0.014972284774313385,6.505954981363501e-05,0.06494615735761831,-0.003989420882509945,-0.18382033467173328,0.0,-0.08042822798127666,-0.001916577739880617,0.024046805016269993,-0.003161816013220826,0.0014962638337613664,0.0023106579920460016,-0.0013716695084607493,-1.2937673896400058e-05,0.007722802829494032,0.0009035400250219,-0.011364629254344514,-0.009381680868857184,0.022910503714288488,-0.006467797789891415,0.014737577880954814,0.008184756288262715,-0.08042822798127666,0.001916577739880617,-0.07544715715155165,0.0,-0.033895733761164996,0.015119320947756337,0.0003145604664125114,0.005793730105231382,-0.0012195202341604926,0.0012239771159664736,0.00522786835227655,0.009931596007330531,0.008217966741300316,0.009340884091557144,0.0018149024193630505,-0.0029015253523247833,0.09928654176086335,-0.012661359157761554,0.024046805016269993,0.003161816013220826,-0.033895733761164996,-0.015119320947756337,-0.09232656615305997,0.0,-0.0011500331358893,0.0003751040459219503,-0.0005238305409961835,-0.00012614562638216668,-0.030845023858075003,0.01043482725706555,-0.03354709902527666,-0.0026129858528798327,-0.002875152834470683,-0.003910919367732,0.0018645131143177512,0.0017850559698133336,0.0014962638337613664,-0.0023106579920460016,0.0003145604664125114,-0.005793730105231382,-0.0011500331358893,-0.0003751040459219503,-0.12689297446545003,0.0,0.9996713264512168
0.7989999999999996,0.0014935179549131832,0.0,-0.0008999285877681665,-0.0019851800903591633,0.0003805094888647166,-0.0020569189324474244,-0.0010471768873458332,-0.00174076394641745,0.0017319281651904167,-9.001348569681663e-05,-0.0004468899077866333,0.0012617200830846449,0.0009587543363519499,-0.000986032875441934,0.0017005189496436836,-3.211164384138178e-05,0.00032397829977563313,-0.0004270667012440582,-0.0008999285877681665,0.0019851800903591633,0.09847175182027332,0.0,0.27430785861798335,-0.010572842955108734,-0.002486454711330167,0.020940380426750782,0.017995570165248078,-0.005277734106673434,-0.003325355459756963,-0.0015490957668039815,0.007690672065248849,-0.0009078707493620824,0.005305904082269702,-0.009920371484845073,-0.030812780782580002,-0.010391609202587504,0.0003805094888647166,0.0020569189324474244,0.27430785861798335,0.010572842955108734,0.4007034112940667,0.0,-0.05353542823281335,0.04523752966427523,-0.0010562843390683,-0.008512956110501199,-0.008932410215207184,-0.0073319167717038804,-0.0113436661101402,0.00941969801647073,0.008140079606602865,-0.009264300356287135,-0.03344221264106833,0.0026236442357623,-0.0010471768873458332,0.00174076394641745,-0.002486454711330167,-0.020940380426750782,-0.05353542823281335,-0.04523752966427523,0.8659529789207999,0.0,0.18369989552170007,0.018762209482970072,0.01528145671136187,-0.0001987609618312167,0.022811152146586147,0.006519679316723776,0.0017853515597296198,0.0028300486094899003,-0.0031214724728769825,0.003936898919913843,0.0017319281651904167,9.001348569681663e-05,0.017995570165248078,0.005277734106673434,-0.0010562843390683,0.008512956110501199,0.18369989552170007,-0.018762209482970072,0.11198370165533834,0.0,0.064956858445845,0.00403107507130809,0.014720140260382913,-0.008194573711912352,0.09924490763102,0.01253150033610769,0.001889298300456397,-0.0017460453757491686,-0.0004468899077866333,-0.0012617200830846449,-0.003325355459756963,0.0015490957668039815,-0.008932410215207184,0.0073319167717038804,0.01528145671136187,0.0001987609618312167,0.064956858445845,-0.00403107507130809,-0.18387392415840004,0.0,-0.08043500084650335,-0.0019790841551029165,0.024063598087950503,-0.003146824229409518,0.0014619964336859497,0.0023332811066828015,0.0009587543363519499,0.000986032875441934,0.007690672065248849,0.0009078707493620824,-0.0113436661101402,-0.00941969801647073,0.022811152146586147,-0.006519679316723776,0.014720140260382913,0.008194573711912352,-0.08043500084650335,0.0019790841551029165,-0.07559713302092665,0.0,-0.03391455496861499,0.015150576959756999,0.00030429034945889485,0.005753073554826964,0.0017005189496436836,3.211164384138178e-05,0.005305904082269702,0.009920371484845073,0.008140079606602865,0.009264300356287135,0.0017853515597296198,-0.0028300486094899003,0.09924490763102,-0.01253150033610769,0.024063598087950503,0.003146824229409518,-0.03391455496861499,-0.015150576959756999,-0.092415369120645,0.0,-0.001084569558740583,0.0004103751169214672,0.00032397829977563313,0.0004270667012440582,-0.030812780782580002,0.010391609202587504,-0.03344221264106833,-0.0026236442357623,-0.0031214724728769825,-0.003936898919913843,0.001889298300456397,0.0017460453757491686,0.0014619964336859497,-0.0023332811066828015,0.00030429034945889485,-0.005753073554826964,-0.001084569558740583,-0.0004103751169214672,-0.127047792417,0.0,0.9996711429289998
0.7999999999999993,0.0014933344273256506,0.0,0.0020951721077502304,0.000776503485769647,0.0012143809583094998,0.0016462745148868496,0.0020749935339589324,0.0002770802988300276,-0.0011134408956786602,0.0012925176122762499,-0.0005505427964262068,-0.0012282626562498669,4.023977595572846e-05,0.0013514997277682167,-0.0011386333022312632,0.001237935747309692,2.7095444115616662e-05,0.0005430323058829669,0.0020951721077502304,-0.000776503485769647,0.09813645991802167,0.0,0.27418232759861666,-0.010465707919007436,-0.002391467157351667,0.021088445268119836,0.018065261981357935,-0.0052674824799239,-0.003293224166692112,-0.0015785788873916332,0.007677945803450167,-0.0009072018538330333,0.005396427895014052,-0.009934546621423953,-0.030800592966113326,-0.010351747658703832,0.0012143809583094998,-0.0016462745148868496,0.27418232759861666,0.010465707919007436,0.40057354161331665,0.0,-0.05342553406644167,0.04551399526843382,-0.0011176895683257,-0.0083731507482634,-0.008854516129893299,-0.007284625092940189,-0.01130427683865082,0.009475042802534334,0.008079978380995433,-0.009198118564526452,-0.033367530502325,0.0026175670072623998,0.0020749935339589324,-0.0002770802988300276,-0.002391467157351667,-0.021088445268119836,-0.05342553406644167,-0.04551399526843382,0.8669466903048001,0.0,0.1840410188698667,0.019093635575560278,0.015566238425193335,-0.00025191841708415016,0.022729895371553156,0.006501942291419602,0.0017102311536177982,0.002810614804064033,-0.003372890128625684,0.0038635818151394664,-0.0011134408956786602,-0.0012925176122762499,0.018065261981357935,0.0052674824799239,-0.0011176895683257,0.0083731507482634,0.1840410188698667,-0.019093635575560278,0.11189928049161502,0.0,0.06495137023177834,0.004063028297393989,0.014709113237009285,-0.008194663621923217,0.09918968596098164,0.01240185866706073,0.0019307821152302386,-0.0016818808783831663,-0.0005505427964262068,0.0012282626562498669,-0.003293224166692112,0.0015785788873916332,-0.008854516129893299,0.007284625092940189,0.015566238425193335,0.00025191841708415016,0.06495137023177834,-0.004063028297393989,-0.1839267472047833,0.0,-0.08044967833702833,-0.002010510097452975,0.024079203127746997,-0.003138823757497025,0.0014325752654685492,0.0023379014281871167,4.023977595572846e-05,-0.0013514997277682167,0.007677945803450167,0.0009072018538330333,-0.01130427683865082,-0.009475042802534334,0.022729895371553156,-0.006501942291419602,0.014709113237009285,0.008194663621923217,-0.08044967833702833,0.002010510097452975,-0.07574904059965665,0.0,-0.03394116665545333,0.015172748407743498,0.0002921732449360851,0.005724975292108448,-0.0011386333022312632,-0.001237935747309692,0.005396427895014052,0.009934546621423953,0.008079978380995433,0.009198118564526452,0.0017102311536177982,-0.002810614804064033,0.09918968596098164,-0.01240185866706073,0.024079203127746997,0.003138823757497025,-0.03394116665545333,-0.015172748407743498,-0.09250051413275333,0.0,-0.0010246014855406717,0.0004592315647380997,2.7095444115616662e-05,-0.0005430323058829669,-0.030800592966113326,0.010351747658703832,-0.033367530502325,-0.0026175670072623998,-0.003372890128625684,-0.0038635818151394664,0.0019307821152302386,0.0016818808783831663,0.0014325752654685492,-0.0023379014281871167,0.0002921732449360851,-0.005724975292108448,-0.0010246014855406717,-0.0004592315647380997,-0.12720204542340002,0.0,0.9996709593939664
0.8010000000000002,0.0014931508914311328,0.0,-0.00206662825379585,0.0009565117727058756,-0.0019676757614330996,-0.00025969121695736667,-0.0015652639203027837,0.0014722742713562961,-0.0001727995518395498,-0.0016824054594297502,0.0012475397115999797,0.0005073595691957166,-0.0009694949271401165,-0.0008878223183384634,-0.00011206427320387328,-0.0016885060487701936,-0.00038085883218675015,-0.00038540746264661675,-0.00206662825379585,-0.0009565117727058756,0.09780470795785833,0.0,0.2740357049491667,-0.010346885266756204,-0.0022862578531712492,0.02119138337376938,0.01815705763573337,-0.005258997129761062,-0.0032618670890798155,-0.0016262653030350998,0.0076815912644935345,-0.0009041201089712833,0.005471327547954083,-0.009992366178525785,-0.03079760088921,-0.010339885101575151,-0.0019676757614330996,0.00025969121695736667,0.2740357049491667,0.010346885266756204,0.40043588228595006,0.0,-0.05330602613257167,0.045726652711339494,-0.0011469547151692666,-0.008240388893688475,-0.008755344388276833,-0.007261932417560966,-0.011261826416056487,0.009556175025269804,0.008053423339952166,-0.009140738496369713,-0.03332207217415333,0.0026087265986414667,-0.0015652639203027837,-0.0014722742713562961,-0.0022862578531712492,-0.02119138337376938,-0.05330602613257167,-0.045726652711339494,0.867950517289967,0.0,0.18434641599491655,0.019414314699895237,0.01582047087404356,-0.00027769417328383334,0.022645198466367384,0.0064476503255978,0.0015802862103505566,0.002825904719074882,-0.0035798140216006654,0.0037473586183248172,-0.0001727995518395498,0.0016824054594297502,0.01815705763573337,0.005258997129761062,-0.0011469547151692666,0.008240388893688475,0.18434641599491655,-0.019414314699895237,0.11180575693973,0.0,0.06498110912511999,0.0040926486236898,0.014684208959279833,-0.008189864079937052,0.09911606003538333,0.012281531397992564,0.0019627114345170333,-0.0016095705151150835,0.0012475397115999797,-0.0005073595691957166,-0.0032618670890798155,0.0016262653030350998,-0.008755344388276833,0.007261932417560966,0.01582047087404356,0.00027769417328383334,0.06498110912511999,-0.0040926486236898,-0.18397978710794996,0.0,-0.08045332749899832,-0.002016928346047807,0.024083995746559676,-0.0031266025615769113,0.0014039128260232897,0.0023400321512810165,-0.0009694949271401165,0.0008878223183384634,0.0076815912644935345,0.0009041201089712833,-0.011261826416056487,-0.009556175025269804,0.022645198466367384,-0.0064476503255978,0.014684208959279833,0.008189864079937052,-0.08045332749899832,0.002016928346047807,-0.07590139435220834,0.0,-0.03395811827887333,0.015200580324590837,0.0002801082180292349,0.005708035398981428,-0.00011206427320387328,0.0016885060487701936,0.005471327547954083,0.009992366178525785,0.008053423339952166,0.009140738496369713,0.0015802862103505566,-0.002825904719074882,0.09911606003538333,-0.012281531397992564,0.024083995746559676,0.0031266025615769113,-0.03395811827887333,-0.015200580324590837,-0.09258184774544337,0.0,-0.0009540454127163786,0.0005182424130509998,-0.00038085883218675015,0.00038540746264661675,-0.03079760088921,0.010339885101575151,-0.03332207217415333,-0.0026087265986414667,-0.0035798140216006654,-0.0037473586183248172,0.0019627114345170333,0.0016095705151150835,0.0014039128260232897,-0.0023400321512810165,0.0002801082180292349,-0.005708035398981428,-0.0009540454127163786,-0.0005182424130509998,-0.12735621030728336,0.0,0.9996707758519666
0.8019999999999997,0.0014929673638722995,0.0,0.0007575213786894036,-0.0021925531246343856,0.0015139744029996453,-0.0012126854337608669,-0.00014324106141409978,-0.002212742298132199,0.0013219422995511,0.001033045900696985,-0.0012372536510499334,0.0004891468556027649,0.0012978953942767994,-5.856156774880675e-05,0.0013159421287379637,0.0010979755071218633,0.0005280771406835503,2.6370660549183273e-05,0.0007575213786894036,0.0021925531246343856,0.09747731574406167,0.0,0.27390636922796674,-0.010205342543009784,-0.002190838879090734,0.021288081474677315,0.018266357377895504,-0.005269645623892953,-0.003179209090829718,-0.0016755510974698347,0.007685559865887622,-0.0009144167005214631,0.005532595727117183,-0.010050186191793549,-0.030778425110261673,-0.010339586863370581,0.0015139744029996453,0.0012126854337608669,0.27390636922796674,0.010205342543009784,0.4002906515335833,0.0,-0.053173342845348345,0.04589048260024165,-0.0011802512230547995,-0.00813365073993682,-0.00866230024622827,-0.007262353605699487,-0.011236141521066082,0.009629043593288365,0.008037438360655954,-0.009077069477388929,-0.03327122756805833,0.002609706276523016,-0.00014324106141409978,0.002212742298132199,-0.002190838879090734,-0.021288081474677315,-0.053173342845348345,-0.04589048260024165,0.8689638598580831,0.0,0.1846163683099667,0.019767444908477497,0.016082453261430648,-0.00028296574917353325,0.022551503969178478,0.006416384983630854,0.00143715825301665,0.0027979668031735835,-0.0037725849416033507,0.003636000103016034,0.0013219422995511,-0.001033045900696985,0.018266357377895504,0.005269645623892953,-0.0011802512230547995,0.00813365073993682,0.1846163683099667,-0.019767444908477497,0.11170354804999166,0.0,0.06504583052294832,0.004153883109720266,0.014641882186415869,-0.008200698882555871,0.09906587394826498,0.012177232329442216,0.0019722109924237836,-0.0015560827978487832,-0.0012372536510499334,-0.0004891468556027649,-0.003179209090829718,0.0016755510974698347,-0.00866230024622827,0.007262353605699487,0.016082453261430648,0.00028296574917353325,0.06504583052294832,-0.004153883109720266,-0.18403346271738336,0.0,-0.08045209812460834,-0.0020488497959876505,0.0240846494255435,-0.003106121662180488,0.0013648062458712664,0.002358856512493017,0.0012978953942767994,5.856156774880675e-05,0.007685559865887622,0.0009144167005214631,-0.011236141521066082,-0.009629043593288365,0.022551503969178478,-0.006416384983630854,0.014641882186415869,0.008200698882555871,-0.08045209812460834,0.0020488497959876505,-0.07605417377415838,0.0,-0.03396573191890333,0.015237663385216099,0.00026591060362525135,0.005683988700830467,0.0013159421287379637,-0.0010979755071218633,0.005532595727117183,0.010050186191793549,0.008037438360655954,0.009077069477388929,0.00143715825301665,-0.0027979668031735835,0.09906587394826498,-0.012177232329442216,0.0240846494255435,0.003106121662180488,-0.03396573191890333,-0.015237663385216099,-0.09265946953588165,0.0,-0.0008760988623307162,0.0005876717670333226,0.0005280771406835503,-2.6370660549183273e-05,-0.030778425110261673,0.010339586863370581,-0.03327122756805833,-0.002609706276523016,-0.0037725849416033507,-0.003636000103016034,0.0019722109924237836,0.0015560827978487832,0.0013648062458712664,-0.002358856512493017,0.00026591060362525135,-0.005683988700830467,-0.0008760988623307162,-0.0005876717670333226,-0.12751064420416666,0.0,0.999670592317383
0.8029999999999995,0.0014927838472176664,0.0,0.0010927960209017498,0.0020975348446969594,-0.00012125960444703339,0.001917893100605187,0.0018536156605588664,0.0013519516124374323,-0.0016431379217592362,0.00021576084942546511,0.0005479541176072394,-0.0011879551641081948,-0.000875561437246823,0.0009696832286200167,-0.0017076326170257898,0.00019725296562481015,-0.0004046509204172,0.00032701178690792987,0.0010927960209017498,-0.0020975348446969594,0.09715530882357838,0.0,0.2737778583025,-0.01002698563155562,-0.0021055769537169007,0.021383796637857617,0.018373916940195835,-0.005307116590140119,-0.0030633505936039497,-0.0017086523333636504,0.007682117038842798,-0.0009360395815320698,0.005609081475384335,-0.010064338193780714,-0.03073925020972333,-0.010319030793803351,-0.00012125960444703339,-0.001917893100605187,0.2737778583025,0.01002698563155562,0.4001369566984,0.0,-0.0530398136315683,0.04607229560541134,-0.001214577672820467,-0.00804107960186347,-0.008601373667007299,-0.0072354537163616586,-0.01122000615630315,0.009680418259508184,0.008012768672254133,-0.008999511828470466,-0.033198110409068345,0.002615861452114334,0.0018536156605588664,-0.0013519516124374323,-0.0021055769537169007,-0.021383796637857617,-0.0530398136315683,-0.04607229560541134,0.8699878322720168,0.0,0.18482532805834997,0.02016931405759619,0.016341602461663468,-0.0002325743381064166,0.02244652209825483,0.006400141522986844,0.0012978517325470335,0.002709193482585967,-0.00397630895545027,0.0034850417140961164,-0.0016431379217592362,-0.00021576084942546511,0.018373916940195835,0.005307116590140119,-0.001214577672820467,0.00804107960186347,0.18482532805834997,-0.02016931405759619,0.11159273599072338,0.0,0.06508301478739334,0.004251356802305451,0.014598392513966437,-0.008238025165102,0.09904149532207998,0.012082650170629516,0.0019735469152408996,-0.001511408966066723,0.0005479541176072394,0.0011879551641081948,-0.0030633505936039497,0.0017086523333636504,-0.008601373667007299,0.0072354537163616586,0.016341602461663468,0.0002325743381064166,0.06508301478739334,-0.004251356802305451,-0.1840874555286666,0.0,-0.08044795304670166,-0.0021182564882303283,0.02409103633967217,-0.0030897891517700365,0.0013171682392989765,0.002384856414247449,-0.000875561437246823,-0.0009696832286200167,0.007682117038842798,0.0009360395815320698,-0.01122000615630315,-0.009680418259508184,0.02244652209825483,-0.006400141522986844,0.014598392513966437,0.008238025165102,-0.08044795304670166,0.0021182564882303283,-0.07620870113549334,0.0,-0.03398412016871501,0.015268646977510531,0.0002509587654673666,0.005649429568194268,-0.0017076326170257898,-0.00019725296562481015,0.005609081475384335,0.010064338193780714,0.008012768672254133,0.008999511828470466,0.0012978517325470335,-0.002709193482585967,0.09904149532207998,-0.012082650170629516,0.02409103633967217,0.0030897891517700365,-0.03398412016871501,-0.015268646977510531,-0.09273384464820164,0.0,-0.0008148637307911649,0.0006655133615962902,-0.0004046509204172,-0.00032701178690792987,-0.03073925020972333,0.010319030793803351,-0.033198110409068345,-0.002615861452114334,-0.00397630895545027,-0.0034850417140961164,0.0019735469152408996,0.001511408966066723,0.0013171682392989765,-0.002384856414247449,0.0002509587654673666,-0.005649429568194268,-0.0008148637307911649,-0.0006655133615962902,-0.12766520752465,0.0,0.9996704087948498
0.8040000000000003,0.0014926003289154166,0.0,-0.002300039478380818,-0.0006873428009038651,-0.0013387115752631982,-0.001353044932820256,-0.002292602509904847,0.0005578147603590001,0.0009896866537468267,-0.0013107899188023338,0.0004251896909316486,0.0012253060988911067,-0.00011120624839824569,-0.0012959382829309592,0.0010266754996062918,-0.0013723179880964663,8.65142965838333e-05,-0.0005114081081714968,-0.002300039478380818,0.0006873428009038651,0.09683969957320332,0.0,0.27364489371944994,-0.009823279017028697,-0.002032406658430816,0.021462769337525136,0.018470616122519497,-0.005359211312600568,-0.002981627234744084,-0.0017343445470656,0.0076797043660663,-0.0009488754144475735,0.005705334145342702,-0.010056538199825986,-0.030707262063633344,-0.01028214841843428,-0.0013387115752631982,0.001353044932820256,0.27364489371944994,0.009823279017028697,0.39997320120729996,0.0,-0.05292228187991165,0.046276848132996005,-0.0012117421417023226,-0.007946763622778871,-0.008561583022635216,-0.0071714783725833516,-0.01120486147727095,0.009747604900960953,0.007997686373809985,-0.008920363177004018,-0.03313558648730333,0.002614476297349267,-0.002292602509904847,-0.0005578147603590001,-0.002032406658430816,-0.021462769337525136,-0.05292228187991165,-0.046276848132996005,0.871023554325017,0.0,0.18500033722208334,0.020582416574674477,0.016555589961665455,-0.00013863242581048358,0.022334429308672837,0.006340724832183399,0.0011376079592601502,0.0026090816237574832,-0.004139036854748501,0.003259041833727821,0.0009896866537468267,0.0013107899188023338,0.018470616122519497,0.005359211312600568,-0.0012117421417023226,0.007946763622778871,0.18500033722208334,-0.020582416574674477,0.11147310843016167,0.0,0.06508214478080503,0.004352578936019895,0.014572877467283583,-0.0082949196951265,0.09901651821856335,0.011988670681507513,0.0019782140364068665,-0.0014427110276928501,0.0004251896909316486,-0.0012253060988911067,-0.002981627234744084,0.0017343445470656,-0.008561583022635216,0.0071714783725833516,0.016555589961665455,0.00013863242581048358,0.06508214478080503,-0.004352578936019895,-0.18414166813113336,0.0,-0.08044380113552,-0.002180223186212117,0.024107469544214496,-0.003090509955694411,0.0012741033621935676,0.0023963416460046146,-0.00011120624839824569,0.0012959382829309592,0.0076797043660663,0.0009488754144475735,-0.01120486147727095,-0.009747604900960953,0.022334429308672837,-0.006340724832183399,0.014572877467283583,0.0082949196951265,-0.08044380113552,0.002180223186212117,-0.07636525740112501,0.0,-0.034030345771376674,0.015290637796831767,0.00024325965236603322,0.005626843097698367,0.0010266754996062918,0.0013723179880964663,0.005705334145342702,0.010056538199825986,0.007997686373809985,0.008920363177004018,0.0011376079592601502,-0.0026090816237574832,0.09901651821856335,-0.011988670681507513,0.024107469544214496,0.003090509955694411,-0.034030345771376674,-0.015290637796831767,-0.09280536561341005,0.0,-0.0007815483990724666,0.0007402690941156018,8.65142965838333e-05,0.0005114081081714968,-0.030707262063633344,0.01028214841843428,-0.03313558648730333,-0.002614476297349267,-0.004139036854748501,-0.003259041833727821,0.0019782140364068665,0.0014427110276928501,0.0012741033621935676,-0.0023963416460046146,0.00024325965236603322,-0.005626843097698367,-0.0007815483990724666,-0.0007402690941156018,-0.1278196474488333,0.0,0.9996702252700164
0.8049999999999998,0.0014924167969457673,0.0,0.002127081977274266,-0.0011566748413202163,0.00186083603217265,-5.315161374625004e-05,0.0010966114292225494,-0.0021521601446639,0.00024692446296203517,0.001625966464450717,-0.0011593004268865002,-0.0005797261623103502,0.0010206161276983504,0.0007605814636967165,0.0002923353566531348,0.0017000811923653654,0.0002731051186275499,0.0004252316972694067,0.002127081977274266,0.0011566748413202163,0.09653098945696503,0.0,0.27349553825778333,-0.009618771621260316,-0.0019688083224518173,0.021539578356904576,0.01855295559139534,-0.005410977662625834,-0.0029452242010171163,-0.0017689545478581827,0.0076863628173892634,-0.00094506972739795,0.005790618103183334,-0.010072699539141295,-0.030693185463248326,-0.010256932035945415,0.00186083603217265,5.315161374625004e-05,0.27349553825778333,0.009618771621260316,0.3997989602099498,0.0,-0.05281189916731,0.04642919368519683,-0.0011694633827981993,-0.007865173397401984,-0.008509327766777664,-0.007116950081345853,-0.011196445943365297,0.009849574221129217,0.008008811430310585,-0.008853580876236783,-0.033100294587506664,0.0026075384932060007,0.0010966114292225494,0.0021521601446639,-0.0019688083224518173,-0.021539578356904576,-0.05281189916731,-0.04642919368519683,0.8720705763683498,0.0,0.18516063792408327,0.020982403917741692,0.016738589066582647,-6.438833035736692e-05,0.02220467507790281,0.006227775727174849,0.0009639508545925452,0.002522756294834384,-0.004217156538973351,0.0030155821462307677,0.00024692446296203517,-0.001625966464450717,0.01855295559139534,0.005410977662625834,-0.0011694633827981993,0.007865173397401984,0.18516063792408327,-0.020982403917741692,0.11134450459692835,0.0,0.06508736822724334,0.0044402833512612325,0.014558516890420944,-0.008352032994225668,0.09896488793151498,0.011892629310434158,0.0019767771656857003,-0.0013523859792942067,-0.0011593004268865002,0.0005797261623103502,-0.0029452242010171163,0.0017689545478581827,-0.008509327766777664,0.007116950081345853,0.016738589066582647,6.438833035736692e-05,0.06508736822724334,-0.0044402833512612325,-0.1841968406565167,0.0,-0.08042703117217666,-0.002204600026370217,0.024123641927106,-0.003100789711103601,0.0012388178573868114,0.0023943970303615027,0.0010206161276983504,-0.0007605814636967165,0.0076863628173892634,0.00094506972739795,-0.011196445943365297,-0.009849574221129217,0.02220467507790281,-0.006227775727174849,0.014558516890420944,0.008352032994225668,-0.08042703117217666,0.002204600026370217,-0.07652248945986168,0.0,-0.034084932858580004,0.015321080925005616,0.0002505783873603166,0.005626729300203865,0.0002923353566531348,-0.0017000811923653654,0.005790618103183334,0.010072699539141295,0.008008811430310585,0.008853580876236783,0.0009639508545925452,-0.002522756294834384,0.09896488793151498,-0.011892629310434158,0.024123641927106,0.003100789711103601,-0.034084932858580004,-0.015321080925005616,-0.0928740016527833,0.0,-0.0007575411140408101,0.0008014649548367167,0.0002731051186275499,-0.0004252316972694067,-0.030693185463248326,0.010256932035945415,-0.033100294587506664,-0.0026075384932060007,-0.004217156538973351,-0.0030155821462307677,0.0019767771656857003,0.0013523859792942067,0.0012388178573868114,-0.0023943970303615027,0.0002505783873603166,-0.005626729300203865,-0.0007575411140408101,-0.0008014649548367167,-0.12797407392805002,0.0,0.9996700417315498
0.8059999999999995,0.0014922332659605662,0.0,-0.0006634863704810805,0.0023525167822350678,-0.001237343912508583,0.0013340504264909856,0.0009424944918210002,0.0023016848147371658,-0.001334954566312443,-0.0009705774773501451,0.001231538260063716,-0.00039766994083970006,-0.0012299856637021404,0.00024953121063733314,-0.0014504838411733012,-0.0009818152922398669,-0.00045916031134568823,-0.00011653390745701665,-0.0006634863704810805,-0.0023525167822350678,0.09622926506098332,0.0,0.27335859348540004,-0.009412358277844552,-0.0018978906939091204,0.021657661703281,0.01862135269007183,-0.005465256429213119,-0.0028963981887503566,-0.0018038738215801838,0.007698282783575581,-0.0009417572712258828,0.005846435667068551,-0.010113817251091086,-0.030685149288223332,-0.010247421242470368,-0.001237343912508583,-0.0013340504264909856,0.27335859348540004,0.009412358277844552,0.39961521123168325,0.0,-0.052684573061803346,0.04649605812956967,-0.0011329256623272173,-0.007817812527091786,-0.00843796312151129,-0.007098454530892951,-0.011199146220301333,0.009949209998187067,0.00802478617414325,-0.008793669370610177,-0.03306276283632667,0.002619635503395637,0.0009424944918210002,-0.0023016848147371658,-0.0018978906939091204,-0.021657661703281,-0.052684573061803346,-0.04649605812956967,0.8731277543203334,0.0,0.18529611665463336,0.021388173198712133,0.0169554608554928,-2.638479346211688e-05,0.02204087774327662,0.006113697962976716,0.0008588603815248333,0.0024157899822981332,-0.004258669228433566,0.0028206318039733164,-0.001334954566312443,0.0009705774773501451,0.01862135269007183,0.005465256429213119,-0.0011329256623272173,0.007817812527091786,0.18529611665463336,-0.021388173198712133,0.11120680158090171,0.0,0.06512576173919166,0.004527188851066467,0.014538737164581648,-0.008406336825291166,0.09891547472594,0.011798664419290637,0.0019566858832413807,-0.0012811950477068896,0.001231538260063716,0.00039766994083970006,-0.0028963981887503566,0.0018038738215801838,-0.00843796312151129,0.007098454530892951,0.0169554608554928,2.638479346211688e-05,0.06512576173919166,-0.004527188851066467,-0.1842536786284167,0.0,-0.08039404040193669,-0.002222559879501534,0.024133709087654342,-0.0031029720633955634,0.0012003401611745004,0.0024029666817403034,-0.0012299856637021404,-0.00024953121063733314,0.007698282783575581,0.0009417572712258828,-0.011199146220301333,-0.009949209998187067,0.02204087774327662,-0.006113697962976716,0.014538737164581648,0.008406336825291166,-0.08039404040193669,0.002222559879501534,-0.07667951871609334,0.0,-0.034119734149188334,0.01537263911796265,0.00027440210920557485,0.005625879294302636,-0.0014504838411733012,0.0009818152922398669,0.005846435667068551,0.010113817251091086,0.00802478617414325,0.008793669370610177,0.0008588603815248333,-0.0024157899822981332,0.09891547472594,-0.011798664419290637,0.024133709087654342,0.0031029720633955634,-0.034119734149188334,-0.01537263911796265,-0.09293950493932163,0.0,-0.00072563456123465,0.0008537456358039597,-0.00045916031134568823,0.00011653390745701665,-0.030685149288223332,0.010247421242470368,-0.03306276283632667,-0.002619635503395637,-0.004258669228433566,-0.0028206318039733164,0.0019566858832413807,0.0012811950477068896,0.0012003401611745004,-0.0024029666817403034,0.00027440210920557485,-0.005625879294302636,-0.00072563456123465,-0.0008537456358039597,-0.12812870498151663,0.0,0.9996698581943829
0.8070000000000004,0.0014920497482571167,0.0,-0.0012721999165427164,-0.0021358584851612333,-0.00010405968946489,-0.001808941083707892,-0.002455808822305078,-0.0008008355082532712,0.0016176662466148004,-0.00024587605120409827,-0.000600776121689817,0.0011428221719795501,0.0006608398081622332,-0.0010787849377420166,0.0017293846917855195,-0.0003543321894163051,0.00039104726232174993,-0.00021119162216801825,-0.0012721999165427164,0.0021358584851612333,0.09593479151607005,0.0,0.2732629049857833,-0.009183561163911485,-0.0017987495601201164,0.02182903584462378,0.018675889776514167,-0.00553186650311785,-0.0028057167215567672,-0.001815844431221468,0.007703729510718867,-0.0009524435231889201,0.0058907844703892185,-0.010138641945399925,-0.030675125521230005,-0.010226376993637782,-0.00010405968946489,0.001808941083707892,0.2732629049857833,0.009183561163911485,0.3994223301013501,0.0,-0.052520196701471664,0.04653394152870518,-0.0011224529600800833,-0.0077906847451002315,-0.008375529978247193,-0.007079932235696525,-0.011202063719531053,0.010011014702514186,0.00801481556340266,-0.008726631001007614,-0.03299360403057667,0.002661379182026399,-0.002455808822305078,0.0008008355082532712,-0.0017987495601201164,-0.02182903584462378,-0.052520196701471664,-0.04653394152870518,0.8741949104285832,0.0,0.18537954188991665,0.021803936178703194,0.017220819050170418,3.6504311102436816e-05,0.021858746663762738,0.0060309287772184845,0.0008825457946504699,0.0022666196240407,-0.0043155711968097,0.0026356766637028223,0.0016176662466148004,0.00024587605120409827,0.018675889776514167,0.00553186650311785,-0.0011224529600800833,0.0077906847451002315,0.18537954188991665,-0.021803936178703194,0.11105975016791331,0.0,0.06516325908187333,0.004617813572919017,0.014516819187935478,-0.008476671934951635,0.09891462164102169,0.011704352807260947,0.0019239004014396765,-0.0012453266081079834,-0.000600776121689817,-0.0011428221719795501,-0.0028057167215567672,0.001815844431221468,-0.008375529978247193,0.007079932235696525,0.017220819050170418,-3.6504311102436816e-05,0.06516325908187333,-0.004617813572919017,-0.1843117077049833,0.0,-0.08035624487818335,-0.0022738749446733677,0.024146895619431005,-0.0030924864776837005,0.0011504367051839116,0.002428603158093745,0.0006608398081622332,0.0010787849377420166,0.007703729510718867,0.0009524435231889201,-0.011202063719531053,-0.010011014702514186,0.021858746663762738,-0.0060309287772184845,0.014516819187935478,0.008476671934951635,-0.08035624487818335,0.0022738749446733677,-0.07683727512898002,0.0,-0.03413804999987334,0.015433524915410786,0.00030983722061119016,0.005603380802160768,0.0017293846917855195,0.0003543321894163051,0.0058907844703892185,0.010138641945399925,0.00801481556340266,0.008726631001007614,0.0008825457946504699,-0.0022666196240407,0.09891462164102169,-0.011704352807260947,0.024146895619431005,0.0030924864776837005,-0.03413804999987334,-0.015433524915410786,-0.09300181190895504,0.0,-0.0006966034081443018,0.0009043860832735575,0.00039104726232174993,0.00021119162216801825,-0.030675125521230005,0.010226376993637782,-0.03299360403057667,-0.002661379182026399,-0.0043155711968097,-0.0026356766637028223,0.0019239004014396765,0.0012453266081079834,0.0011504367051839116,-0.002428603158093745,0.00030983722061119016,-0.005603380802160768,-0.0006966034081443018,-0.0009043860832735575,-0.12828336254875003,0.0,0.9996696746706331
0.8079999999999999,0.0014918662419932662,0.0,0.0024760244155874332,0.0005738863414310999,0.001417234991283466,0.00115325016312865,0.002271671232469,-0.001424730127002888,-0.0009581965940400083,0.0012812693726437993,-0.0003707827601340599,-0.0012445150570125644,0.0003408019952258832,0.0012310913922814327,-0.0009582272799710935,0.0014735127705048136,-0.00014361719197690694,0.00041104995941583836,0.0024760244155874332,-0.0005738863414310999,0.09564822862908003,0.0,0.2731774497211833,-0.008925350667379284,-0.0016636038686534836,0.02200723823660342,0.018721358896113167,-0.0056013715118276835,-0.0027149787531003168,-0.0018064261643522836,0.0076994864607621664,-0.0009638157097762997,0.005945308941177052,-0.010138700063537232,-0.030673249314079994,-0.010184349073386315,0.001417234991283466,-0.00115325016312865,0.2731774497211833,0.008925350667379284,0.3992193874766,0.0,-0.05231878697240834,0.046576486400385655,-0.0011020468995391454,-0.007748383783088133,-0.008335994053578367,-0.007023490379678583,-0.011199088658845351,0.01006042023283525,0.00798701438477205,-0.008652364296602068,-0.03290197585368166,0.0027022344221726163,0.002271671232469,0.001424730127002888,-0.0016636038686534836,-0.02200723823660342,-0.05231878697240834,-0.046576486400385655,0.8752719707272002,0.0,0.18539974912809998,0.022181725743721403,0.017479343828464486,0.0001674460907683684,0.021712333447834034,0.005944412395053933,0.0009848928597304249,0.002106912205716218,-0.004344694257535717,0.0023950831455985884,-0.0009581965940400083,-0.0012812693726437993,0.018721358896113167,0.0056013715118276835,-0.0011020468995391454,0.007748383783088133,0.18539974912809998,-0.022181725743721403,0.1109031536581633,0.0,0.06516252387953166,0.004690537077113158,0.01451593178705733,-0.008572631140394988,0.09895427054949833,0.01159907399878406,0.0018889035874243164,-0.0012088267448744174,-0.0003707827601340599,0.0012445150570125644,-0.0027149787531003168,0.0018064261643522836,-0.008335994053578367,0.007023490379678583,0.017479343828464486,-0.0001674460907683684,0.06516252387953166,-0.004690537077113158,-0.18436964954698343,0.0,-0.08031933809065668,-0.002344086078355584,0.02416955635432166,-0.0030783716462952815,0.0010969709512395635,0.002446804957998949,0.0003408019952258832,-0.0012310913922814327,0.0076994864607621664,0.0009638157097762997,-0.011199088658845351,-0.01006042023283525,0.021712333447834034,-0.005944412395053933,0.01451593178705733,0.008572631140394988,-0.08031933809065668,0.002344086078355584,-0.07699686346957166,0.0,-0.034160092530559995,0.015481993444590513,0.0003494907285184635,0.005573190854014318,-0.0009582272799710935,-0.0014735127705048136,0.005945308941177052,0.010138700063537232,0.00798701438477205,0.008652364296602068,0.0009848928597304249,-0.002106912205716218,0.09895427054949833,-0.01159907399878406,0.02416955635432166,0.0030783716462952815,-0.034160092530559995,-0.015481993444590513,-0.09306098033840172,0.0,-0.0006864852461514165,0.0009519021375902163,-0.00014361719197690694,-0.00041104995941583836,-0.030673249314079994,0.010184349073386315,-0.03290197585368166,-0.0027022344221726163,-0.004344694257535717,-0.0023950831455985884,0.0018889035874243164,0.0012088267448744174,0.0010969709512395635,-0.002446804957998949,0.0003494907285184635,-0.005573190854014318,-0.0006864852461514165,-0.0009519021375902163,-0.1284376222204167,0.0,0.99966949115765
0.8089999999999994,0.001491682731634516,0.0,-0.0021982219507218534,0.0013772773373430746,-0.001809714670113367,0.00026127103389286,-0.00036590972070545943,0.002738992443689967,-0.00022915794287289634,-0.001542578607849533,0.0011518661752956635,0.0006362447293829836,-0.001128322042551183,-0.0005701494902675502,-0.0003711023120644835,-0.0017151151400818347,-0.00018359924842405008,-0.0003967380396708165,-0.0021982219507218534,-0.0013772773373430746,0.09537038051613834,0.0,0.2730895335406334,-0.008655762381397536,-0.0015013286004950165,0.022145353514564977,0.018773581148191165,-0.0056609691661426015,-0.0026582261181431655,-0.001796124648744388,0.007700234130118302,-0.0009539861430334452,0.006003912640041559,-0.010159686230727463,-0.030688332067168332,-0.010152628379047976,-0.001809714670113367,-0.00026127103389286,0.2730895335406334,0.008655762381397536,0.39900557636149997,0.0,-0.0521221579215067,0.04658469363068734,-0.0010462220275315455,-0.007697681820629965,-0.00829512835131215,-0.00694735376194725,-0.011201728786118534,0.01015013259180365,0.0079718527078774,-0.008581888162235717,-0.032812425057280006,0.0027077772961057347,-0.00036590972070545943,-0.002738992443689967,-0.0015013286004950165,-0.022145353514564977,-0.0521221579215067,-0.04658469363068734,0.8763574356109831,0.0,0.18540047346605004,0.022489736626631892,0.017695489509653047,0.0003435610830651338,0.021625965648282595,0.005812794990831999,0.0010743548911575,0.0019741723848628163,-0.0042885052186081496,0.0021332546489625163,-0.00022915794287289634,0.001542578607849533,0.018773581148191165,0.0056609691661426015,-0.0010462220275315455,0.007697681820629965,0.18540047346605004,-0.022489736626631892,0.11073739553404502,0.0,0.06515379654835332,0.00474383595097305,0.014542270583109895,-0.008674402722406405,0.09900287889391667,0.011482601538200972,0.0018504200812768338,-0.0011451264691768011,0.0011518661752956635,-0.0006362447293829836,-0.0026582261181431655,0.001796124648744388,-0.00829512835131215,0.00694735376194725,0.017695489509653047,-0.0003435610830651338,0.06515379654835332,-0.00474383595097305,-0.18442697729526672,0.0,-0.08028871504634,-0.0023934123418218075,0.02419535655704833,-0.003062081637924714,0.0010491774032353402,0.0024400747865420936,-0.001128322042551183,0.0005701494902675502,0.007700234130118302,0.0009539861430334452,-0.011201728786118534,-0.01015013259180365,0.021625965648282595,-0.005812794990831999,0.014542270583109895,0.008674402722406405,-0.08028871504634,0.0023934123418218075,-0.07715776308151168,0.0,-0.03418846080034167,0.015516764692257047,0.0003895655879520284,0.005560012300656417,-0.0003711023120644835,0.0017151151400818347,0.006003912640041559,0.010159686230727463,0.0079718527078774,0.008581888162235717,0.0010743548911575,-0.0019741723848628163,0.09900287889391667,-0.011482601538200972,0.02419535655704833,0.003062081637924714,-0.03418846080034167,-0.015516764692257047,-0.09311690817258,0.0,-0.0006870880516767052,0.0009963542869897365,-0.00018359924842405008,0.0003967380396708165,-0.030688332067168332,0.010152628379047976,-0.032812425057280006,-0.0027077772961057347,-0.0042885052186081496,-0.0021332546489625163,0.0018504200812768338,0.0011451264691768011,0.0010491774032353402,-0.0024400747865420936,0.0003895655879520284,-0.005560012300656417,-0.0006870880516767052,-0.0009963542869897365,-0.12859151456396667,0.0,0.9996693076411167
0.8100000000000005,0.001491499218945033,0.0,0.0005942802293420099,-0.0025736563039765,0.001058300943756267,-0.001469225549825036,-0.0019163426160433497,-0.0020895812660245818,0.0012344051726253154,0.0008915170872800467,-0.0012766751112991788,0.0003606892504538665,0.0011583898198677506,-0.0004370279323185544,0.0014956202799147487,0.000958594196290365,0.0004116263742151714,0.00013719643041607,0.0005942802293420099,0.0025736563039765,0.09510165646589663,0.0,0.2729723009055167,-0.00839624976879703,-0.001321473194580683,0.022238599381047892,0.018845437709427332,-0.005723774663638901,-0.0025981869700209504,-0.0017892059916915838,0.00771625991735025,-0.0009254164351652502,0.006047211796964949,-0.010227429840349104,-0.030704154751283335,-0.010154307732906268,0.001058300943756267,0.001469225549825036,0.2729723009055167,0.00839624976879703,0.3987815993595166,0.0,-0.051961904823715,0.046509594659827985,-0.0009772173801337832,-0.007684352582320951,-0.008227130460054804,-0.006886686903935016,-0.011212659007412881,0.01027634373812003,0.007968706220797716,-0.008518406801496934,-0.032718733460105,0.0026913006925221973,-0.0019163426160433497,0.0020895812660245818,-0.001321473194580683,-0.022238599381047892,-0.051961904823715,-0.046509594659827985,0.8774488746112168,0.0,0.18537950922981664,0.02274839771328663,0.017886710391937146,0.0005318385111251799,0.021558847396499745,0.005649754610379533,0.0011486148987903616,0.0018611638135191501,-0.004180593544535633,0.001920028398958925,0.0012344051726253154,-0.0008915170872800467,0.018845437709427332,0.005723774663638901,-0.0009772173801337832,0.007684352582320951,0.18537950922981664,-0.02274839771328663,0.1105635864585333,0.0,0.06517073956409167,0.004808623801050468,0.0145626600218946,-0.008762791870986332,0.09904066401998998,0.011366265954460735,0.0018079215851633669,-0.0010836794837062018,-0.0012766751112991788,-0.0003606892504538665,-0.0025981869700209504,0.0017892059916915838,-0.008227130460054804,0.006886686903935016,0.017886710391937146,-0.0005318385111251799,0.06517073956409167,-0.004808623801050468,-0.18448436881379995,0.0,-0.08025494462647499,-0.0024251406749286344,0.024212607806411667,-0.0030309370391699837,0.0010007250285661647,0.0024244983899760165,0.0011583898198677506,0.0004370279323185544,0.00771625991735025,0.0009254164351652502,-0.011212659007412881,-0.01027634373812003,0.021558847396499745,-0.005649754610379533,0.0145626600218946,0.008762791870986332,-0.08025494462647499,0.0024251406749286344,-0.07731876614569502,0.0,-0.034195626986041665,0.015549882738307784,0.0004319184637763036,0.0055566298584057965,0.0014956202799147487,-0.000958594196290365,0.006047211796964949,0.010227429840349104,0.007968706220797716,0.008518406801496934,0.0011486148987903616,-0.0018611638135191501,0.09904066401998998,-0.011366265954460735,0.024212607806411667,0.0030309370391699837,-0.034195626986041665,-0.015549882738307784,-0.09316934761254665,0.0,-0.0006767799228778928,0.0010524304379756334,0.0004116263742151714,-0.00013719643041607,-0.030704154751283335,0.010154307732906268,-0.032718733460105,-0.0026913006925221973,-0.004180593544535633,-0.001920028398958925,0.0018079215851633669,0.0010836794837062018,0.0010007250285661647,-0.0024244983899760165,0.0004319184637763036,-0.0055566298584057965,-0.0006767799228778928,-0.0010524304379756334,-0.12874560942031665,0.0,0.9996691241218834
0.811,0.001491315719120216,0.0,0.0014544254493787001,0.002267667508419641,0.0003245649142058234,0.0017772514404957333,0.002905676707176517,-0.00012564178276343787,-0.0014603532961795763,0.0002427636657218666,0.0006495711623283433,-0.0011495361744071114,-0.0004879867830213331,0.0011262828171860995,-0.0017644430389251026,0.00039037367973866695,-0.0003756874269267834,0.00021157817947238335,0.0014544254493787001,-0.002267667508419641,0.09484185596062004,0.0,0.2728624579826167,-0.00815032345002942,-0.0011303278703299483,0.022299584351117216,0.018943461633105507,-0.0058175960965432824,-0.002490170003853417,-0.001769474969041167,0.007734898627453565,-0.0009017409048626665,0.006078264000635717,-0.010303673696606756,-0.030707517493149993,-0.010166304921190117,0.0003245649142058234,-0.0017772514404957333,0.2728624579826167,0.00815032345002942,0.3985488872317333,0.0,-0.051832120771774993,0.04638915539553499,-0.0009163760158712301,-0.007721027119884852,-0.008147743109685534,-0.006835728280148199,-0.011223754216888449,0.010392881081040936,0.00795399691368867,-0.008452637357361365,-0.03261183248901999,0.00268983677324135,0.002905676707176517,0.00012564178276343787,-0.0011303278703299483,-0.022299584351117216,-0.051832120771774993,-0.04638915539553499,0.8785446025087997,0.0,0.18533433719513337,0.022986476863066548,0.01806215829282735,0.0007493471900949498,0.021477671201690942,0.005495547446138785,0.0012687654856061222,0.0017452306194947684,-0.004075089809028967,0.0017403760023837838,-0.0014603532961795763,-0.0002427636657218666,0.018943461633105507,0.0058175960965432824,-0.0009163760158712301,0.007721027119884852,0.18533433719513337,-0.022986476863066548,0.11038321917263001,0.0,0.0652007418261183,0.004906766771458402,0.014557984763808901,-0.008852109547471895,0.09910260723659164,0.01126554470966098,0.0017693080262768,-0.0010589009316865666,0.0006495711623283433,0.0011495361744071114,-0.002490170003853417,0.001769474969041167,-0.008147743109685534,0.006835728280148199,0.01806215829282735,-0.0007493471900949498,0.0652007418261183,-0.004906766771458402,-0.18454234091675004,0.0,-0.08023278710414332,-0.002480286814999251,0.024231881426369995,-0.0029827014881205747,0.0009416134542242868,0.002421251133586728,-0.0004879867830213331,-0.0011262828171860995,0.007734898627453565,0.0009017409048626665,-0.011223754216888449,-0.010392881081040936,0.021477671201690942,-0.005495547446138785,0.014557984763808901,0.008852109547471895,-0.08023278710414332,0.002480286814999251,-0.07747998305566832,0.0,-0.03418005873298666,0.015583132629855096,0.0004804585115603117,0.0055387875119116475,-0.0017644430389251026,-0.00039037367973866695,0.006078264000635717,0.010303673696606756,0.00795399691368867,0.008452637357361365,0.0012687654856061222,-0.0017452306194947684,0.09910260723659164,-0.01126554470966098,0.024231881426369995,0.0029827014881205747,-0.03418005873298666,-0.015583132629855096,-0.09321831369199166,0.0,-0.0006562048443789998,0.0011309011554839832,-0.0003756874269267834,-0.00021157817947238335,-0.030707517493149993,0.010166304921190117,-0.03261183248901999,-0.00268983677324135,-0.004075089809028967,-0.0017403760023837838,0.0017693080262768,0.0010589009316865666,0.0009416134542242868,-0.002421251133586728,0.0004804585115603117,-0.0055387875119116475,-0.0006562048443789998,-0.0011309011554839832,-0.1289003023129833,0.0,0.99966894061575
0.8119999999999995,0.0014911322327991832,0.0,-0.0026970295153546345,-0.0005433314816665531,-0.0015499412928151382,-0.0009621146972025833,-0.0018164086267753326,0.0023519687071961786,0.0008400583087346432,-0.001156857914363815,0.0003447999514206825,0.00125958390852932,-0.00045712943146506335,-0.0011441894026229902,0.0009717402073649448,-0.0015421774860568669,0.00010804170621333316,-0.0004299268601352769,-0.0026970295153546345,0.0005433314816665531,0.09459039989624668,0.0,0.2727416848486499,-0.007914398632671316,-0.00093375880510165,0.022315685877070942,0.019058017604364666,-0.005942338400824862,-0.0023640386772068836,-0.0017337321447145832,0.007733990182264017,-0.0008912798724881787,0.006119273251040385,-0.010339444209176155,-0.030700222069978324,-0.01015237807686895,-0.0015499412928151382,0.0009621146972025833,0.2727416848486499,0.007914398632671316,0.3983080667283834,0.0,-0.051698245628453314,0.04628891833927129,-0.0008401201078902502,-0.007765607401281716,-0.008091953646667932,-0.006763099649093732,-0.011233798736004568,0.010490229493654118,0.007922947495194167,-0.008377504867460632,-0.03249815272174,0.0027021410189625008,-0.0018164086267753326,-0.0023519687071961786,-0.00093375880510165,-0.022315685877070942,-0.051698245628453314,-0.04628891833927129,0.8796439808442004,0.0,0.18524697232301665,0.023188288231299835,0.01818248278601064,0.0010142569791197333,0.021409223036517044,0.005348005334442016,0.0014270841112990495,0.0016188498055808884,-0.003940385041545985,0.0015431602244964503,0.0008400583087346432,0.001156857914363815,0.019058017604364666,0.005942338400824862,-0.0008401201078902502,0.007765607401281716,0.18524697232301665,-0.023188288231299835,0.11019781241262837,0.0,0.06518926221155,0.005017959008681681,0.014553579018928738,-0.00895939660600867,0.09918964068303501,0.011181822783873118,0.0017344732520921664,-0.0010519185073671166,0.0003447999514206825,-0.00125958390852932,-0.0023640386772068836,0.0017337321447145832,-0.008091953646667932,0.006763099649093732,0.01818248278601064,-0.0010142569791197333,0.06518926221155,-0.005017959008681681,-0.1846004227788834,0.0,-0.080222628333975,-0.002565403658917002,0.024263533261503323,-0.0029348046328609148,0.0008789836794440672,0.002421143188883537,-0.00045712943146506335,0.0011441894026229902,0.007733990182264017,0.0008912798724881787,-0.011233798736004568,-0.010490229493654118,0.021409223036517044,-0.005348005334442016,0.014553579018928738,0.00895939660600867,-0.080222628333975,0.002565403658917002,-0.07764249219973003,0.0,-0.034171375747903326,0.015600584842294896,0.0005325945754107737,0.005508214451142517,0.0009717402073649448,0.0015421774860568669,0.006119273251040385,0.010339444209176155,0.007922947495194167,0.008377504867460632,0.0014270841112990495,-0.0016188498055808884,0.09918964068303501,-0.011181822783873118,0.024263533261503323,0.0029348046328609148,-0.034171375747903326,-0.015600584842294896,-0.0932643555137283,0.0,-0.0006477143915380354,0.0012177848621387165,0.00010804170621333316,0.0004299268601352769,-0.030700222069978324,0.01015237807686895,-0.03249815272174,-0.0027021410189625008,-0.003940385041545985,-0.0015431602244964503,0.0017344732520921664,0.0010519185073671166,0.0008789836794440672,-0.002421143188883537,0.0005325945754107737,-0.005508214451142517,-0.0006477143915380354,-0.0012177848621387165,-0.12905536449884997,0.0,0.9996687571225333
0.8130000000000005,0.0014909487445648665,0.0,0.002323303732225342,-0.0015533639542361832,0.0017535981482816566,-0.0005257318557264599,-0.0006236926124455165,-0.0029460302733092495,0.00020807555123116683,0.0013709436704696673,-0.0011252565193011935,-0.00064398965856565,0.0011386387133140265,0.00045392809977298966,0.00042092638611868316,0.0017794100485211714,0.00023929084834684998,0.0004003964730022371,0.002323303732225342,0.0015533639542361832,0.09434655687629001,0.0,0.27260901359280004,-0.007701038187165939,-0.0007402731486829999,0.02228212668118558,0.019177687770542167,-0.006073989991238968,-0.002286128476562867,-0.0017023272921696995,0.00771644757043963,-0.0008792584998625166,0.006171293778374401,-0.010347521470791883,-0.030696871837825004,-0.010118666406057037,0.0017535981482816566,0.0005257318557264599,0.27260901359280004,0.007701038187165939,0.39805924598191683,0.0,-0.05157107548765782,0.046217221145075996,-0.0007175357246690488,-0.007791087552311049,-0.008064020903971169,-0.006675596328979658,-0.0112631094209886,0.010612023590034197,0.007897813990712835,-0.008300523149703497,-0.03239969709602116,0.0026920972673762276,-0.0006236926124455165,0.0029460302733092495,-0.0007402731486829999,-0.02228212668118558,-0.05157107548765782,-0.046217221145075996,0.8807461780353834,0.0,0.18515811687665001,0.023335559092195993,0.018232321685681695,0.0012936613564448164,0.021398380375750814,0.005170615815653284,0.0015516845415849828,0.001484429156851823,-0.0037308720158904006,0.001359143201941166,0.00020807555123116683,-0.0013709436704696673,0.019177687770542167,0.006073989991238968,-0.0007175357246690488,0.007791087552311049,0.18515811687665001,-0.023335559092195993,0.11000868301411498,0.0,0.06513530554225165,0.005116864868938065,0.01458307461548024,-0.009073145184552664,0.09926784559701665,0.011106374401190517,0.0016922628449571266,-0.0010235627011964585,-0.0011252565193011935,0.00064398965856565,-0.002286128476562867,0.0017023272921696995,-0.008064020903971169,0.006675596328979658,0.018232321685681695,-0.0012936613564448164,0.06513530554225165,-0.005116864868938065,-0.18465817645743335,0.0,-0.080220321080535,-0.0026387106475657253,0.0243028767997,-0.0029047948437431826,0.0008306152155485336,0.0024046375695603167,0.0011386387133140265,-0.00045392809977298966,0.00771644757043963,0.0008792584998625166,-0.0112631094209886,-0.010612023590034197,0.021398380375750814,-0.005170615815653284,0.01458307461548024,0.009073145184552664,-0.080220321080535,0.0026387106475657253,-0.07780626310082334,0.0,-0.03419430388744667,0.015599736544343297,0.0005816935347710752,0.00549436846603915,0.00042092638611868316,-0.0017794100485211714,0.006171293778374401,0.010347521470791883,0.007897813990712835,0.008300523149703497,0.0015516845415849828,-0.001484429156851823,0.09926784559701665,-0.011106374401190517,0.0243028767997,0.0029047948437431826,-0.03419430388744667,-0.015599736544343297,-0.093308169189685,0.0,-0.0006588173184690665,0.0012919190557455509,0.00023929084834684998,-0.0004003964730022371,-0.030696871837825004,0.010118666406057037,-0.03239969709602116,-0.0026920972673762276,-0.0037308720158904006,-0.001359143201941166,0.0016922628449571266,0.0010235627011964585,0.0008306152155485336,-0.0024046375695603167,0.0005816935347710752,-0.00549436846603915,-0.0006588173184690665,-0.0012919190557455509,-0.12921043027625,0.0,0.9996685736281166
0.814,0.00149076523913705,0.0,-0.0005675040216325331,0.002757803088455778,-0.0007936620047634369,0.0016153496892940664,0.002665974751760767,0.0014623181811510846,-0.0010997028525328036,-0.000809251343042075,0.0012453984614749166,-0.0003398438829434601,-0.0010801178649299634,0.0005300551728634517,-0.001580951025920952,-0.0009541967988380716,-0.00046662699021319994,-0.00011707608588385007,-0.0005675040216325331,-0.002757803088455778,0.09410908177861334,0.0,0.2724597674133334,-0.007538163543768419,-0.0005442070157482166,0.022226040542009325,0.019292657896852826,-0.006203770228399235,-0.0022589125573576497,-0.0016860422323495996,0.007705460015963833,-0.0008587023814313667,0.00620500566775599,-0.01037199659069807,-0.03069883243101999,-0.01009439671366427,-0.0007936620047634369,-0.0016153496892940664,0.2724597674133334,0.007538163543768419,0.39780359747536664,0.0,-0.05148069276143733,0.046127282686892986,-0.0005646592840009206,-0.007824379862232549,-0.008032717814674082,-0.00660511068605345,-0.011317619235530756,0.010771414953866717,0.007887411439192018,-0.008236328969629931,-0.032319560551296665,0.0026536341572302655,0.002665974751760767,-0.0014623181811510846,-0.0005442070157482166,-0.022226040542009325,-0.05148069276143733,-0.046127282686892986,0.8818500250202166,0.0,0.18508755297570004,0.02345368150926701,0.01826326363762517,0.0015461468854847996,0.021423768720993733,0.004947706670534934,0.0016333818049609672,0.0013501398887573002,-0.003485736403510089,0.0012565855398309215,-0.0010997028525328036,0.000809251343042075,0.019292657896852826,0.006203770228399235,-0.0005646592840009206,0.007824379862232549,0.18508755297570004,-0.02345368150926701,0.10981675713957333,0.0,0.06507834596475666,0.005210792229163028,0.014626567505530878,-0.009164228573047337,0.09929844509370832,0.011033164397292886,0.0016463020771171537,-0.0009757946744561669,0.0012453984614749166,0.0003398438829434601,-0.0022589125573576497,0.0016860422323495996,-0.008032717814674082,0.00660511068605345,0.01826326363762517,-0.0015461468854847996,0.06507834596475666,-0.005210792229163028,-0.18471638713023328,0.0,-0.08021232023723499,-0.002672030985374002,0.024334650960535005,-0.0028879430838417504,0.0007993681298888167,0.0023783281558722165,-0.0010801178649299634,-0.0005300551728634517,0.007705460015963833,0.0008587023814313667,-0.011317619235530756,-0.010771414953866717,0.021423768720993733,-0.004947706670534934,0.014626567505530878,0.009164228573047337,-0.08021232023723499,0.002672030985374002,-0.07796983029023667,0.0,-0.034226051264116666,0.015598161279827143,0.0006281102408089166,0.005507603449946067,-0.001580951025920952,0.0009541967988380716,0.00620500566775599,0.01037199659069807,0.007887411439192018,0.008236328969629931,0.0016333818049609672,-0.0013501398887573002,0.09929844509370832,-0.011033164397292886,0.024334650960535005,0.0028879430838417504,-0.034226051264116666,-0.015598161279827143,-0.09335003954089,0.0,-0.0006689022840550809,0.001357312916559733,-0.00046662699021319994,0.00011707608588385007,-0.03069883243101999,0.01009439671366427,-0.032319560551296665,-0.0026536341572302655,-0.003485736403510089,-0.0012565855398309215,0.0016463020771171537,0.0009757946744561669,0.0007993681298888167,-0.0023783281558722165,0.0006281102408089166,-0.005507603449946067,-0.0006689022840550809,-0.001357312916559733,-0.12936557957519995,0.0,0.9996683901166501
0.8149999999999995,0.001490581728346733,0.0,-0.0015665301842786663,-0.0023569483256057336,-0.0005917477525235415,-0.0016545355632429154,-0.0028920331407551987,0.0010790437470526335,0.0013451810400646762,-0.0001957940892777169,-0.00063567761019605,0.0011106232534693501,0.00033750500407749956,-0.0011407936537624831,0.0018173890201919334,-0.0004643992156574165,0.000409820673722505,-0.0002486453436093218,-0.0015665301842786663,0.0023569483256057336,0.09387596436123498,0.0,0.2723267167959167,-0.007433877177095464,-0.0003287160221869383,0.022177352982677496,0.01939995239868938,-0.00634817285642797,-0.0022275537813329664,-0.0016686459894242655,0.007709987254338398,-0.0008493093317145506,0.0062018276405657324,-0.01041762570501322,-0.030703870747157344,-0.010079077833037183,-0.0005917477525235415,0.0016545355632429154,0.2723267167959167,0.007433877177095464,0.3975437231812833,0.0,-0.05140952514526135,0.045999783231975996,-0.0004242460591905663,-0.007889371701997073,-0.007983997069422674,-0.006550371817925767,-0.011374778835965613,0.01091545716631272,0.007875847028327852,-0.008186704486600747,-0.03225125678608667,0.0026285502121121147,-0.0028920331407551987,-0.0010790437470526335,-0.0003287160221869383,-0.022177352982677496,-0.05140952514526135,-0.045999783231975996,0.8829546362314503,0.0,0.18502493286285002,0.02357190406415533,0.018321396209917,0.0017842434819728835,0.021428100650440027,0.004705195871714952,0.0017586533315815,0.0012382735306217835,-0.0032765926113921,0.0012242936045392468,0.0013451810400646762,0.0001957940892777169,0.01939995239868938,0.00634817285642797,-0.0004242460591905663,0.007889371701997073,0.18502493286285002,-0.02357190406415533,0.10962262091486329,0.0,0.06503874684127667,0.005313503092644034,0.014646235754441952,-0.009230100627499498,0.09930294157815665,0.01096848004280715,0.0016139417431986827,-0.0009421209648934832,-0.00063567761019605,-0.0011106232534693501,-0.0022275537813329664,0.0016686459894242655,-0.007983997069422674,0.006550371817925767,0.018321396209917,-0.0017842434819728835,0.06503874684127667,-0.005313503092644034,-0.18477625773008335,0.0,-0.080199776717055,-0.002689809102062945,0.024361235435563334,-0.002870589815960167,0.0007711018728060501,0.00237016380237139,0.00033750500407749956,0.0011407936537624831,0.007709987254338398,0.0008493093317145506,-0.011374778835965613,-0.01091545716631272,0.021428100650440027,-0.004705195871714952,0.014646235754441952,0.009230100627499498,-0.080199776717055,0.002689809102062945,-0.07813214751961835,0.0,-0.03423269621845667,0.015610117404860787,0.0006811792410540592,0.0055221428704897825,0.0018173890201919334,0.0004643992156574165,0.0062018276405657324,0.01041762570501322,0.007875847028327852,0.008186704486600747,0.0017586533315815,-0.0012382735306217835,0.09930294157815665,-0.01096848004280715,0.024361235435563334,0.002870589815960167,-0.03423269621845667,-0.015610117404860787,-0.09338986734011169,0.0,-0.0006636859342141165,0.0014340193583897664,0.000409820673722505,0.0002486453436093218,-0.030703870747157344,0.010079077833037183,-0.03225125678608667,-0.0026285502121121147,-0.0032765926113921,-0.0012242936045392468,0.0016139417431986827,0.0009421209648934832,0.0007711018728060501,-0.00237016380237139,0.0006811792410540592,-0.0055221428704897825,-0.0006636859342141165,-0.0014340193583897664,-0.1295210472284,0.0,0.9996682065993171
0.8160000000000006,0.0014903982224037334,0.0,0.002811850312899778,0.0005109375368465168,0.0015948563706020004,0.000701216896299517,0.0010793085984394167,-0.002963465879360396,-0.0008330751038519499,0.001062708205988734,-0.00032377624165220005,-0.0012215497586571963,0.0005900536521226948,0.0010425399705914966,-0.0009582021849962933,0.0016294458923836487,-0.00012158070576318517,0.00045953513217106664,0.002811850312899778,-0.0005109375368465168,0.09364509095626,0.0,0.27224045268634994,-0.007366769340115714,-8.652663139902152e-05,0.02212643129789216,0.019495580636182328,-0.006511773601180829,-0.0021749659719715888,-0.0016321987448795101,0.007712253442476484,-0.0008699890132587831,0.006176134057430215,-0.010442126885989863,-0.030717619593709843,-0.010041426656885575,0.0015948563706020004,-0.000701216896299517,0.27224045268634994,0.007366769340115714,0.3972818633520667,0.0,-0.05128938644833083,0.04587112657596433,-0.0003028486718205499,-0.007951140765936532,-0.0079472290006251,-0.0064794370845007825,-0.01141683020556645,0.010997597732318364,0.007851806370570877,-0.008138917845404338,-0.032195684796589984,0.0026397574490303103,0.0010793085984394167,0.002963465879360396,-8.652663139902152e-05,-0.02212643129789216,-0.05128938644833083,-0.04587112657596433,0.884059646718683,0.0,0.18496150916346668,0.02367465225763483,0.018374519923195665,0.002048285289880617,0.0214032794094511,0.0044814652614260835,0.0019793925428984996,0.001173463224995217,-0.0030936091446054363,0.001187670690596585,-0.0008330751038519499,-0.001062708205988734,0.019495580636182328,0.006511773601180829,-0.0003028486718205499,0.007951140765936532,0.18496150916346668,-0.02367465225763483,0.10942680529130665,0.0,0.06499111782023666,0.00540773653147425,0.014650827107328061,-0.009296655414735334,0.09933290405687337,0.010919412663880801,0.0015964827431649267,-0.0009326983518066834,-0.00032377624165220005,0.0012215497586571963,-0.0021749659719715888,0.0016321987448795101,-0.0079472290006251,0.0064794370845007825,0.018374519923195665,-0.002048285289880617,0.06499111782023666,-0.00540773653147425,-0.18483777493700007,0.0,-0.08019061975978334,-0.002724364343593266,0.024398429104301664,-0.002852346007202467,0.0007394930512126496,0.002387528501476297,0.0005900536521226948,-0.0010425399705914966,0.007712253442476484,0.0008699890132587831,-0.01141683020556645,-0.010997597732318364,0.0214032794094511,-0.0044814652614260835,0.014650827107328061,0.009296655414735334,-0.08019061975978334,0.002724364343593266,-0.07829369657449332,0.0,-0.034218779214926665,0.01562959214898507,0.0007421877301136132,0.005516032823948981,-0.0009582021849962933,-0.0016294458923836487,0.006176134057430215,0.010442126885989863,0.007851806370570877,0.008138917845404338,0.0019793925428984996,-0.001173463224995217,0.09933290405687337,-0.010919412663880801,0.024398429104301664,0.002852346007202467,-0.034218779214926665,-0.01562959214898507,-0.09342772036645997,0.0,-0.0006555773531733105,0.0015176130653395496,-0.00012158070576318517,-0.00045953513217106664,-0.030717619593709843,0.010041426656885575,-0.032195684796589984,-0.0026397574490303103,-0.0030936091446054363,-0.001187670690596585,0.0015964827431649267,0.0009326983518066834,0.0007394930512126496,-0.002387528501476297,0.0007421877301136132,-0.005516032823948981,-0.0006555773531733105,-0.0015176130653395496,-0.1296765895759833,0.0,0.9996680230867828
0.8170000000000001,0.0014902147184334333,0.0,-0.0023568656471786996,0.0016839605462154997,-0.0015930242200584738,0.0007164939240880665,0.001615257784845173,0.0027906888077316836,-0.00012342240482064864,-0.00132489780865648,0.001076185310362717,0.0006432913939531667,-0.0011688040154516227,-0.00030008646655066293,-0.0004706121029225666,-0.0018201139523016665,-0.0002219273053013832,-0.00042939644287096643,-0.0023568656471786996,-0.0016839605462154997,0.09341511063491167,0.0,0.2721725316154166,-0.0073161008462494835,0.00016671488885651602,0.022040584992293798,0.019575706492113168,-0.006669185589502285,-0.002143608399224542,-0.0015902105138719499,0.007696940922858186,-0.0009088391346904166,0.0061443715282513515,-0.010430858643228482,-0.030745305810508338,-0.009975273062888253,-0.0015930242200584738,-0.0007164939240880665,0.2721725316154166,0.0073161008462494835,0.3970188621008831,0.0,-0.05108334107435319,0.04576013536589933,-0.00016683786531393352,-0.007957522910654118,-0.007947865171254334,-0.006390067670721966,-0.011461605375933572,0.011044346031675435,0.007829130910203258,-0.008086692747921615,-0.03214719266750334,0.0026542940835730462,0.001615257784845173,-0.0027906888077316836,0.00016671488885651602,-0.022040584992293798,-0.05108334107435319,-0.04576013536589933,0.8851644309373168,0.0,0.18490396901428335,0.02372740592850151,0.01836893160527778,0.0023373191575777118,0.021401510428694284,0.004290128405822129,0.0022394346691104886,0.0011521469638774466,-0.0028767214038048334,0.0011275381135068333,-0.00012342240482064864,0.00132489780865648,0.019575706492113168,0.006669185589502285,-0.00016683786531393352,0.007957522910654118,0.18490396901428335,-0.02372740592850151,0.10922985737237498,0.0,0.06491265560582998,0.005466239997000018,0.014682859614401132,-0.00937533622712595,0.09939084571357168,0.010880301802928014,0.0015703830110192995,-0.0009213873051852004,0.001076185310362717,-0.0006432913939531667,-0.002143608399224542,0.0015902105138719499,-0.007947865171254334,0.006390067670721966,0.01836893160527778,-0.0023373191575777118,0.06491265560582998,-0.005466239997000018,-0.1848998099120167,0.0,-0.08017807342668501,-0.0027652365792255633,0.024447276748825006,-0.002840963736768187,0.0007178781936528286,0.0024073401286182844,-0.0011688040154516227,0.00030008646655066293,0.007696940922858186,0.0009088391346904166,-0.011461605375933572,-0.011044346031675435,0.021401510428694284,-0.004290128405822129,0.014682859614401132,0.00937533622712595,-0.08017807342668501,0.0027652365792255633,-0.07845524053842831,0.0,-0.03420829172634167,0.015644814119201003,0.0007949693833344502,0.005500898957110019,-0.0004706121029225666,0.0018201139523016665,0.0061443715282513515,0.010430858643228482,0.007829130910203258,0.008086692747921615,0.0022394346691104886,-0.0011521469638774466,0.09939084571357168,-0.010880301802928014,0.024447276748825006,0.002840963736768187,-0.03420829172634167,-0.015644814119201003,-0.0934639831826417,0.0,-0.0006588771123463015,0.0015854342874282374,-0.0002219273053013832,0.00042939644287096643,-0.030745305810508338,0.009975273062888253,-0.03214719266750334,-0.0026542940835730462,-0.0028767214038048334,-0.0011275381135068333,0.0015703830110192995,0.0009213873051852004,0.0007178781936528286,-0.0024073401286182844,0.0007949693833344502,-0.005500898957110019,-0.0006588771123463015,-0.0015854342874282374,-0.12983160255465,0.0,0.9996678395762834
0.8179999999999996,0.0014900312009293831,0.0,0.0004804732268295157,-0.0028884328769479676,0.0005437847500724466,-0.0016485301387115666,-0.0032456988427730367,-0.0005423033425402831,0.0009980519761000814,0.0008444754025437,-0.001216995448131198,0.00028709509888601007,0.0010031207399555828,-0.0006483051231359384,0.0016058378074180482,0.0009531983963247848,0.0004692778858330169,0.00017009753734799997,0.0004804732268295157,0.0028884328769479676,0.09318541644559834,0.0,0.27211261099868334,-0.007286409984079734,0.000406953677041617,0.021917083270971947,0.0196458876503192,-0.00680412083758635,-0.00215430225420345,-0.0015666659440740913,0.0076805069526633026,-0.0009359789110193336,0.006098795272741268,-0.010428970918599617,-0.030783022544707498,-0.009913723837047249,0.0005437847500724466,0.0016485301387115666,0.27211261099868334,0.007286409984079734,0.3967551144484166,0.0,-0.050841175351781516,0.04564409572986366,-9.377077846622866e-06,-0.007921561529484016,-0.007967094226265316,-0.006310422791987035,-0.011537784976140834,0.011112422201975315,0.007825758154119433,-0.008041511852640766,-0.032088125709746666,0.0026416191879801505,-0.0032456988427730367,0.0005423033425402831,0.000406953677041617,-0.021917083270971947,-0.050841175351781516,-0.04564409572986366,0.8862679698710666,0.0,0.1848857078871499,0.02374134626947292,0.018307274634211505,0.0026157461681927995,0.021453019813945498,0.004109179555330452,0.002467378589535351,0.0011516591796867847,-0.0026287931923223338,0.0010931447371518822,0.0009980519761000814,-0.0008444754025437,0.0196458876503192,0.00680412083758635,-9.377077846622866e-06,0.007921561529484016,0.1848857078871499,-0.02374134626947292,0.10903229218171834,0.0,0.06482956323286002,0.005504201237805701,0.01474647158754256,-0.009445274013563997,0.09945029473215497,0.010841504953653217,0.0015210938841639337,-0.0008883697342008866,-0.001216995448131198,-0.00028709509888601007,-0.00215430225420345,0.0015666659440740913,-0.007967094226265316,0.006310422791987035,0.018307274634211505,-0.0026157461681927995,0.06482956323286002,-0.005504201237805701,-0.18496188879614997,0.0,-0.0801632610413233,-0.0027840112755664493,0.024495998069530005,-0.002831335249052103,0.0007128061953049811,0.0024107135076609156,0.0010031207399555828,0.0006483051231359384,0.0076805069526633026,0.0009359789110193336,-0.011537784976140834,-0.011112422201975315,0.021453019813945498,-0.004109179555330452,0.01474647158754256,0.009445274013563997,-0.0801632610413233,0.0027840112755664493,-0.07861649415813332,0.0,-0.03420268866861667,0.015661567196566983,0.0008249633571535832,0.0054976152414531335,0.0016058378074180482,-0.0009531983963247848,0.006098795272741268,0.010428970918599617,0.007825758154119433,0.008041511852640766,0.002467378589535351,-0.0011516591796867847,0.09945029473215497,-0.010841504953653217,0.024495998069530005,0.002831335249052103,-0.03420268866861667,-0.015661567196566983,-0.09349889004292833,0.0,-0.0006697947723105503,0.0016380769573560998,0.0004692778858330169,-0.00017009753734799997,-0.030783022544707498,0.009913723837047249,-0.032088125709746666,-0.0026416191879801505,-0.0026287931923223338,-0.0010931447371518822,0.0015210938841639337,0.0008883697342008866,0.0007128061953049811,-0.0024107135076609156,0.0008249633571535832,-0.0054976152414531335,-0.0006697947723105503,-0.0016380769573560998,-0.12998589509801667,0.0,0.9996676560524506
0.8190000000000005,0.001489847672492383,0.0,0.001715387941350291,0.002401902457582331,0.0007946867092544672,0.0015124042374761344,0.0025339583165546876,-0.002208882749880881,-0.0012840636129019005,0.00011812714675337162,0.0006678746369246501,-0.001044647401779497,-0.00020347832028119194,0.0011570041050533682,-0.0018162345821119508,0.0004570628022419997,-0.00046400635263938296,0.00021732196384148314,0.001715387941350291,-0.002401902457582331,0.09295536440537498,0.0,0.27203065215306665,-0.0072881646944060515,0.0006208255258131662,0.021775913747688173,0.019707313080243316,-0.006935298641931818,-0.0021634277161935982,-0.001559721920387784,0.007687005852305115,-0.0009412412276114055,0.00602747321500495,-0.010471865772308702,-0.030816818904036494,-0.009877280237599368,0.0007946867092544672,-0.0015124042374761344,0.27203065215306665,0.0072881646944060515,0.3964918866095167,0.0,-0.05062408897211885,0.04548379323539801,0.0001360105445409165,-0.007902295580286316,-0.00797537266575265,-0.006240603051582866,-0.01163216599792067,0.01119713058698604,0.007835368659307099,-0.008016538763385036,-0.03200536202216166,0.0026242982842339516,0.0025339583165546876,0.002208882749880881,0.0006208255258131662,-0.021775913747688173,-0.05062408897211885,-0.04548379323539801,0.8873693459945334,0.0,0.1848821712165667,0.023749091199296017,0.018220420212611065,0.0028584474459879337,0.02151699772501666,0.003916532192339667,0.002680154109906084,0.0011691728421043836,-0.0023962291112908495,0.0011009562589486164,-0.0012840636129019005,-0.00011812714675337162,0.019707313080243316,0.006935298641931818,0.0001360105445409165,0.007902295580286316,0.1848821712165667,-0.023749091199296017,0.10883463345276168,0.0,0.06475909814254334,0.0055576525788133355,0.014790532124020673,-0.009492322120722669,0.09949353085495166,0.010800738676068549,0.0014663953075158965,-0.0008463889508852497,0.0006678746369246501,0.001044647401779497,-0.0021634277161935982,0.001559721920387784,-0.00797537266575265,0.006240603051582866,0.018220420212611065,-0.0028584474459879337,0.06475909814254334,-0.0055576525788133355,-0.1850247549565999,0.0,-0.08014246629051996,-0.0027885406697162832,0.024536859836738336,-0.0028068924581673236,0.0007044062073904835,0.002407141785881701,-0.00020347832028119194,-0.0011570041050533682,0.007687005852305115,0.0009412412276114055,-0.01163216599792067,-0.01119713058698604,0.02151699772501666,-0.003916532192339667,0.014790532124020673,0.009492322120722669,-0.08014246629051996,0.0027885406697162832,-0.07877683275542331,0.0,-0.034171213176726674,0.01569196061369242,0.0008409810810621567,0.005496508306351452,-0.0018162345821119508,-0.0004570628022419997,0.00602747321500495,0.010471865772308702,0.007835368659307099,0.008016538763385036,0.002680154109906084,-0.0011691728421043836,0.09949353085495166,-0.010800738676068549,0.024536859836738336,0.0028068924581673236,-0.034171213176726674,-0.01569196061369242,-0.09353218487946996,0.0,-0.0006797584924475663,0.0017039120182747,-0.00046400635263938296,-0.00021732196384148314,-0.030816818904036494,0.009877280237599368,-0.03200536202216166,-0.0026242982842339516,-0.0023962291112908495,-0.0011009562589486164,0.0014663953075158965,0.0008463889508852497,0.0007044062073904835,-0.002407141785881701,0.0008409810810621567,-0.005496508306351452,-0.0006797584924475663,-0.0017039120182747,-0.13013983302561669,0.0,0.9996674725175833
0.8200000000000002,0.001489664150053683,0.0,-0.0029489820596967976,-0.0004560413749747152,-0.0016348987361786234,-0.0004811911472889335,0.00010108298815958379,0.0034375320747912497,0.0008060967987264432,-0.0009882653199888008,0.00024288368154895995,0.0011879138909923056,-0.0006786766666538167,-0.0009563124605124494,0.0009696057449288335,-0.0016163258492070667,0.00017199584706438774,-0.0004987024719378983,-0.0029489820596967976,0.0004560413749747152,0.09272413538951002,0.0,0.2719557812832333,-0.007309342213067834,0.0007980218578775657,0.02162130136765284,0.0197583264405226,-0.007087377997844699,-0.0021349312113124494,-0.0015508893892164498,0.007708364530062151,-0.0009390340830759697,0.005943921470238634,-0.010531459651351532,-0.030846174363029326,-0.009845649352210998,-0.0016348987361786234,0.0004811911472889335,0.2719557812832333,0.007309342213067834,0.3962308267382,0.0,-0.050443538059660994,0.04528530017789432,0.00025571359174331664,-0.0079136506268716,-0.00798458189913175,-0.006156640906180067,-0.011714867616236663,0.011255103124286087,0.007841091957524741,-0.008004918930969699,-0.031918274827378336,0.0026357134623213674,0.00010108298815958379,-0.0034375320747912497,0.0007980218578775657,-0.02162130136765284,-0.050443538059660994,-0.04528530017789432,0.8884679100796997,0.0,0.18488694059325003,0.023757866748606672,0.018105089335190953,0.003065281477748199,0.02155201060030249,0.0037203696134165986,0.00292709900431289,0.001225558682943747,-0.0021678328440564334,0.0011137864205341158,0.0008060967987264432,0.0009882653199888008,0.0197583264405226,0.007087377997844699,0.00025571359174331664,0.0079136506268716,0.18488694059325003,-0.023757866748606672,0.10863750568968168,0.0,0.06468896092231,0.0056268646202544325,0.014794263929077667,-0.009539498409308168,0.09956159354337665,0.010774169816187344,0.0014246730186842503,-0.0008188599300061497,0.00024288368154895995,-0.0011879138909923056,-0.0021349312113124494,0.0015508893892164498,-0.00798458189913175,0.006156640906180067,0.018105089335190953,-0.003065281477748199,0.06468896092231,-0.0056268646202544325,-0.18508870298738334,0.0,-0.08012979940831669,-0.002817564269584146,0.02458378994406333,-0.0027655682464711997,0.0006729714681109004,0.002412840858921031,-0.0006786766666538167,0.0009563124605124494,0.007708364530062151,0.0009390340830759697,-0.011714867616236663,-0.011255103124286087,0.02155201060030249,-0.0037203696134165986,0.014794263929077667,0.009539498409308168,-0.08012979940831669,0.002817564269584146,-0.07893679805285998,0.0,-0.03411279472744,0.015736226904821446,0.0008652614116815383,0.0054732538159593565,0.0009696057449288335,0.0016163258492070667,0.005943921470238634,0.010531459651351532,0.007841091957524741,0.008004918930969699,0.00292709900431289,-0.001225558682943747,0.09956159354337665,-0.010774169816187344,0.02458378994406333,0.0027655682464711997,-0.03411279472744,-0.015736226904821446,-0.09356359341094668,0.0,-0.0006937909474730665,0.0017901964129999834,0.00017199584706438774,0.0004987024719378983,-0.030846174363029326,0.009845649352210998,-0.031918274827378336,-0.0026357134623213674,-0.0021678328440564334,-0.0011137864205341158,0.0014246730186842503,0.0008188599300061497,0.0006729714681109004,-0.002412840858921031,0.0008652614116815383,-0.0054732538159593565,-0.0006937909474730665,-0.0017901964129999834,-0.13029365860709993,0.0,0.9996672889886
0.8209999999999997,0.00148948063643685,0.0,0.002419803031678263,-0.00182159075361945,0.0014861219079473928,-0.0008949309525130851,-0.0027750514746929986,-0.0021383651423298334,0.00013297380016859313,0.0012500564811338385,-0.0009715878033557669,-0.0006614246985376665,0.0011683281428793465,0.00020793530529519176,0.0004579948657338504,0.0018256440346225086,0.0002380172252480885,0.0005009824157411651,0.002419803031678263,0.00182159075361945,0.09249133296811166,0.0,0.2718598179165166,-0.007329313707724468,0.0009299648826773673,0.02143249077643267,0.019794451217953826,-0.007247498261882864,-0.00210041810704148,-0.0015435007021306335,0.0077106441853541175,-0.0009358511253756683,0.00587462407428887,-0.010564262134347918,-0.030872372102697165,-0.009795489026731835,0.0014861219079473928,0.0008949309525130851,0.2718598179165166,0.007329313707724468,0.3959725796765,0.0,-0.05026267548995251,0.045080603821051175,0.00038272863375520954,-0.007912557288620331,-0.008024095213338066,-0.006062167174794967,-0.011793852775604166,0.011286135763165568,0.007841726093443808,-0.0079918776808671,-0.03183824059486999,0.0026656344537386496,-0.0027750514746929986,0.0021383651423298334,0.0009299648826773673,-0.02143249077643267,-0.05026267548995251,-0.045080603821051175,0.8895630934752835,0.0,0.18488257705516672,0.02374620090532957,0.01793790516146578,0.003231189626375582,0.021582354715189666,0.0035370378226039687,0.003189484501619234,0.0013118512245347753,-0.0018882092985779996,0.001129749072774983,0.00013297380016859313,-0.0012500564811338385,0.019794451217953826,0.007247498261882864,0.00038272863375520954,0.007912557288620331,0.18488257705516672,-0.02374620090532957,0.10844153497364167,0.0,0.0645890465895,0.00567732216154985,0.0148001858715335,-0.009607316221151862,0.09966147749341836,0.0107740069708564,0.001379584212131177,-0.0008078271104327552,-0.0009715878033557669,0.0006614246985376665,-0.00210041810704148,0.0015435007021306335,-0.008024095213338066,0.006062167174794967,0.01793790516146578,-0.003231189626375582,0.0645890465895,-0.00567732216154985,-0.1851525026275833,0.0,-0.08011660158348001,-0.002881039022605123,0.024643212725564998,-0.0027199952859260335,0.0006301464156543666,0.0024185437716918163,0.0011683281428793465,-0.00020793530529519176,0.0077106441853541175,0.0009358511253756683,-0.011793852775604166,-0.011286135763165568,0.021582354715189666,-0.0035370378226039687,0.0148001858715335,0.009607316221151862,-0.08011660158348001,0.002881039022605123,-0.07909780007993499,0.0,-0.03405971447485501,0.01577960658679395,0.0008971438984016832,0.005430735426505836,0.0004579948657338504,-0.0018256440346225086,0.00587462407428887,0.010564262134347918,0.007841726093443808,0.0079918776808671,0.003189484501619234,-0.0013118512245347753,0.09966147749341836,-0.0107740069708564,0.024643212725564998,0.0027199952859260335,-0.03405971447485501,-0.01577960658679395,-0.09359354327224331,0.0,-0.0007212407626978633,0.0018652356083806174,0.0002380172252480885,-0.0005009824157411651,-0.030872372102697165,0.009795489026731835,-0.03183824059486999,-0.0026656344537386496,-0.0018882092985779996,-0.001129749072774983,0.001379584212131177,0.0008078271104327552,0.0006301464156543666,-0.0024185437716918163,0.0008971438984016832,-0.005430735426505836,-0.0007212407626978633,-0.0018652356083806174,-0.13044707028133334,0.0,0.999667105468667
0.8220000000000006,0.0014892971177605167,0.0,-0.0004342718986644499,0.0030318840435763156,-0.0003322886924618004,0.0017311657917737006,0.003444106746006884,-0.0007982294702878666,-0.0009769338531196968,-0.0007630737822516,0.00112412118804329,-0.00020019768463504835,-0.0009670795009575674,0.000702312820107655,-0.0016076562853007835,-0.0009547311591000695,-0.0005486456828013501,-0.00021503172683069952,-0.0004342718986644499,-0.0030318840435763156,0.09225707187502001,0.0,0.2717343141464333,-0.007354510560139563,0.0010238405596445668,0.02121357238230516,0.01982011034249614,-0.007386509252585365,-0.0021090040144697165,-0.0015615198883447835,0.007687918782564898,-0.0009170467488550387,0.005821704337068982,-0.010585105248426227,-0.030895129636047507,-0.009741679440110668,-0.0003322886924618004,-0.0017311657917737006,0.2717343141464333,0.007354510560139563,0.3957169283555666,0.0,-0.05008678453194716,0.044895723265992164,0.0005419314683133663,-0.007886780276238,-0.008085462429730272,-0.005991883319934481,-0.011912217549852258,0.011338848766796448,0.007854651079436682,-0.007983499975106717,-0.031750948802133326,0.0026864379264389475,0.003444106746006884,0.0007982294702878666,0.0010238405596445668,-0.02121357238230516,-0.05008678453194716,-0.044895723265992164,0.8906543613849666,0.0,0.18488230477075007,0.023713350563644917,0.017742025300084997,0.003345995399780701,0.021668359934165327,0.0033630219824795486,0.0034121608409409467,0.0013827496776888499,-0.0015735645352733167,0.00120223712299455,-0.0009769338531196968,0.0007630737822516,0.01982011034249614,0.007386509252585365,0.0005419314683133663,0.007886780276238,0.18488230477075007,-0.023713350563644917,0.10824709402447003,0.0,0.06447206053454832,0.005702316267385863,0.01485367977863417,-0.009681342060160301,0.0997589538877817,0.010788376386226678,0.0013012578173371863,-0.0007954630501207403,0.00112412118804329,0.00020019768463504835,-0.0021090040144697165,0.0015615198883447835,-0.008085462429730272,0.005991883319934481,0.017742025300084997,-0.003345995399780701,0.06447206053454832,-0.005702316267385863,-0.18521478585678336,0.0,-0.08009858249698665,-0.0029476649106777645,0.024707194633823332,-0.002679877216286083,0.0005990163168264168,0.002402986856439349,-0.0009670795009575674,-0.000702312820107655,0.007687918782564898,0.0009170467488550387,-0.011912217549852258,-0.011338848766796448,0.021668359934165327,-0.0033630219824795486,0.01485367977863417,0.009681342060160301,-0.08009858249698665,0.0029476649106777645,-0.0792604939969767,0.0,-0.03403848498182667,0.01581881670653383,0.0009142022682931541,0.005399755970288683,-0.0016076562853007835,0.0009547311591000695,0.005821704337068982,0.010585105248426227,0.007854651079436682,0.007983499975106717,0.0034121608409409467,-0.0013827496776888499,0.0997589538877817,-0.010788376386226678,0.024707194633823332,0.002679877216286083,-0.03403848498182667,-0.01581881670653383,-0.09362283242393502,0.0,-0.0007582821786389505,0.001904532322248867,-0.0005486456828013501,0.00021503172683069952,-0.030895129636047507,0.009741679440110668,-0.031750948802133326,-0.0026864379264389475,-0.0015735645352733167,-0.00120223712299455,0.0013012578173371863,0.0007954630501207403,0.0005990163168264168,-0.002402986856439349,0.0009142022682931541,-0.005399755970288683,-0.0007582821786389505,-0.001904532322248867,-0.13059971853650001,0.0,0.9996669219437667
0.8230000000000003,0.001489113579335483,0.0,-0.001809517645794483,-0.0024815546367736663,-0.0010281558728442997,-0.0014205739407747735,-0.0015847977489785506,0.0031669873734099163,0.0012236099990802565,-0.00019588443588329727,-0.00064526838044146,0.0009076470480234531,0.000132271896011193,-0.001191905786608467,0.0018092087691547834,-0.00047370226494187464,0.0005685933287808832,-0.0002326768008795668,-0.001809517645794483,0.0024815546367736663,0.09202093092022665,0.0,0.27157651363588337,-0.007418971490333487,0.0011064631423004334,0.02099464123791417,0.019834537638233802,-0.007502627996842948,-0.0021503478303909664,-0.001605378767120567,0.007670238127132536,-0.0008699768265314669,0.0057633902767569994,-0.010635197810543383,-0.030910360413820004,-0.009708328106213169,-0.0010281558728442997,0.0014205739407747735,0.27157651363588337,0.007418971490333487,0.39546432452683333,0.0,-0.04995866170981284,0.04472951520351383,0.0007050705515251994,-0.007881315882752447,-0.008133196148943917,-0.005948769685807116,-0.01207123547023723,0.011427278578963779,0.0078864278723468,-0.008000894813434653,-0.03164061532674666,0.0027065549956462,-0.0015847977489785506,-0.0031669873734099163,0.0011064631423004334,-0.02099464123791417,-0.04995866170981284,-0.04472951520351383,0.8917416869525835,0.0,0.1848702187154667,0.023681746598658578,0.017576095186716927,0.0034210862849609683,0.02181074810237967,0.0031712755960827,0.0035916028705295336,0.001426668953727967,-0.0013055343780016505,0.001359838910077631,0.0012236099990802565,0.00019588443588329727,0.019834537638233802,0.007502627996842948,0.0007050705515251994,0.007881315882752447,0.1848702187154667,-0.023681746598658578,0.10805423285123834,0.0,0.06436300894819498,0.005732818527129164,0.014927421594216502,-0.00973406489693158,0.09981187920834331,0.010797125724680634,0.0011936719887404334,-0.0007669908636427286,-0.00064526838044146,-0.0009076470480234531,-0.0021503478303909664,0.001605378767120567,-0.008133196148943917,0.005948769685807116,0.017576095186716927,-0.0034210862849609683,0.06436300894819498,-0.005732818527129164,-0.18527573920363333,0.0,-0.08007312222903333,-0.0029929475543874155,0.02476291728152,-0.0026432724801387524,0.0005766337850089671,0.0023672392760376837,0.000132271896011193,0.001191905786608467,0.007670238127132536,0.0008699768265314669,-0.01207123547023723,-0.011427278578963779,0.02181074810237967,-0.0031712755960827,0.014927421594216502,0.00973406489693158,-0.08007312222903333,0.0029929475543874155,-0.07942439258348165,0.0,-0.034030351627121674,0.01586386890417526,0.000913850363467467,0.005392132465985379,0.0018092087691547834,0.00047370226494187464,0.0057633902767569994,0.010635197810543383,0.0078864278723468,0.008000894813434653,0.0035916028705295336,-0.001426668953727967,0.09981187920834331,-0.010797125724680634,0.02476291728152,0.0026432724801387524,-0.034030351627121674,-0.01586386890417526,-0.0936516938140983,0.0,-0.0007923741095054997,0.0019259392374944176,0.0005685933287808832,0.0002326768008795668,-0.030910360413820004,0.009708328106213169,-0.03164061532674666,-0.0027065549956462,-0.0013055343780016505,-0.001359838910077631,0.0011936719887404334,0.0007669908636427286,0.0005766337850089671,-0.0023672392760376837,0.000913850363467467,-0.005392132465985379,-0.0007923741095054997,-0.0019259392374944176,-0.13075172483011663,0.0,0.9996667383990998
0.8239999999999998,0.0014889300334598162,0.0,0.0030315921156256853,0.0004902727916453766,0.0017096115920941664,0.00025396814244479997,-0.0014134575133797494,-0.003250847956576,-0.0007006424509877132,0.0010458633657349998,-0.0001700717355515667,-0.0010702391836978052,0.0007990913984295434,0.0009257035467537533,-0.0009416386103706216,0.0016333929928058243,-0.0002482878507189982,0.0005699878414894883,0.0030315921156256853,-0.0004902727916453766,0.09178134618297668,0.0,0.27142693699646675,-0.007536754569568801,0.0011998533231390674,0.020792341058752335,0.019833626133013194,-0.007621169076163739,-0.0021803992281525172,-0.0016459361790695664,0.007673733953433753,-0.0008088757215637502,0.005693815111039027,-0.010714525291026252,-0.030925036126465837,-0.009687595738498252,0.0017096115920941664,-0.00025396814244479997,0.27142693699646675,0.007536754569568801,0.3952165542908668,0.0,-0.049889839478019504,0.04456858724705699,0.0008306150012049931,-0.007922622524144085,-0.0081621101754999,-0.005898760634965758,-0.012223381767820153,0.011506194955067117,0.00792313484428449,-0.008043952978183215,-0.03153498699707833,0.0027555324161864492,-0.0014134575133797494,0.003250847956576,0.0011998533231390674,-0.020792341058752335,-0.049889839478019504,-0.04456858724705699,0.8928251939880502,0.0,0.18483889487375002,0.02365611795200451,0.017464657269728505,0.003487368679167461,0.021961386140729545,0.0029449674735009413,0.0037703095157343974,0.0014978328621142868,-0.0011135780851350167,0.0015694255180331766,-0.0007006424509877132,-0.0010458633657349998,0.019833626133013194,0.007621169076163739,0.0008306150012049931,0.007922622524144085,0.18483889487375002,-0.02365611795200451,0.10786309941890833,0.0,0.06426990931215833,0.0057799494077443,0.014974186644399663,-0.00976825919650927,0.09983689670056668,0.01080773789822048,0.0010878859426795334,-0.0007295894295875647,-0.0001700717355515667,0.0010702391836978052,-0.0021803992281525172,0.0016459361790695664,-0.0081621101754999,0.005898760634965758,0.017464657269728505,-0.003487368679167461,0.06426990931215833,-0.0057799494077443,-0.18533633402309999,0.0,-0.08004756945315167,-0.003031544029184299,0.024813577118796674,-0.0026082031297015315,0.0005426955793016,0.0023376909843725166,0.0007990913984295434,-0.0009257035467537533,0.007673733953433753,0.0008088757215637502,-0.012223381767820153,-0.011506194955067117,0.021961386140729545,-0.0029449674735009413,0.014974186644399663,0.00976825919650927,-0.08004756945315167,0.003031544029184299,-0.07958906967638166,0.0,-0.03400749096349501,0.01591970537074332,0.0009261416048571004,0.005385100688221233,-0.0009416386103706216,-0.0016333929928058243,0.005693815111039027,0.010714525291026252,0.00792313484428449,0.008043952978183215,0.0037703095157343974,-0.0014978328621142868,0.09983689670056668,-0.01080773789822048,0.024813577118796674,0.0026082031297015315,-0.03400749096349501,-0.01591970537074332,-0.09367981434822001,0.0,-0.00082083123718429,0.0019552677888356345,-0.0002482878507189982,-0.0005699878414894883,-0.030925036126465837,0.009687595738498252,-0.03153498699707833,-0.0027555324161864492,-0.0011135780851350167,-0.0015694255180331766,0.0010878859426795334,0.0007295894295875647,0.0005426955793016,-0.0023376909843725166,0.0009261416048571004,-0.005385100688221233,-0.00082083123718429,-0.0019552677888356345,-0.1309033510201167,0.0,0.9996665548467499
0.8250000000000007,0.0014887464909089836,0.0,-0.0024879943426861996,0.0018226467285759403,-0.0013607564264686333,0.0010677058892278998,0.0034108531462283174,0.00100223896139195,-0.00026548811191941696,-0.0012507115459720836,0.0008434678609552437,0.0006310045304531834,-0.0012683307083945503,-7.75354231907669e-05,-0.0004920436752407666,-0.0018275542397291748,-0.0002070687562475835,-0.0005845822881913053,-0.0024879943426861996,-0.0018226467285759403,0.091536594824025,0.0,0.2713178581690333,-0.007682016743534831,0.0013022871725523887,0.020583486336674246,0.019817442571260467,-0.007749301219200285,-0.002192505897006643,-0.0016644142532005915,0.00767670990920205,-0.0007614593291604186,0.005633533993251688,-0.010779890058486154,-0.030951112368608667,-0.009652857127038096,-0.0013607564264686333,-0.0010677058892278998,0.2713178581690333,0.007682016743534831,0.3949753044194833,0.0,-0.04981461389767984,0.044413698266245846,0.0009222536603133662,-0.007969529860552419,-0.008199259835058982,-0.0058348646074666685,-0.012346698339506251,0.011534943261961436,0.007953065485521068,-0.0080893346377034,-0.03146990616156,0.002832430284317025,0.0034108531462283174,-0.00100223896139195,0.0013022871725523887,-0.020583486336674246,-0.04981461389767984,-0.044413698266245846,0.8939047303558333,0.0,0.18480655501800006,0.02362074429464801,0.01737000618907816,0.003567012736048317,0.02210395477595467,0.002707472786597972,0.003957831541205441,0.0016412492093942166,-0.0009462841921164331,0.0018020156608996,-0.00026548811191941696,0.0012507115459720836,0.019817442571260467,0.007749301219200285,0.0009222536603133662,0.007969529860552419,0.18480655501800006,-0.02362074429464801,0.10767414855961,0.0,0.06418646428267832,0.005814258546001916,0.015008302253879831,-0.009806604493243602,0.09987751366195999,0.010844929379217664,0.0009972250326089832,-0.0007019576191316667,0.0008434678609552437,-0.0006310045304531834,-0.002192505897006643,0.0016644142532005915,-0.008199259835058982,0.0058348646074666685,0.01737000618907816,-0.003567012736048317,0.06418646428267832,-0.005814258546001916,-0.18539647537954995,0.0,-0.08002687991864336,-0.0030829940797787005,0.02487193516085167,-0.0025779525252272242,0.0004980320452245312,0.002327784699758567,-0.0012683307083945503,7.75354231907669e-05,0.00767670990920205,0.0007614593291604186,-0.012346698339506251,-0.011534943261961436,0.02210395477595467,-0.002707472786597972,0.015008302253879831,0.009806604493243602,-0.08002687991864336,0.0030829940797787005,-0.0797549183840633,0.0,-0.03397571780797833,0.01597542653097373,0.0009643792344691434,0.0053604575496277,-0.0004920436752407666,0.0018275542397291748,0.005633533993251688,0.010779890058486154,0.007953065485521068,0.0080893346377034,0.003957831541205441,-0.0016412492093942166,0.09987751366195999,-0.010844929379217664,0.02487193516085167,0.0025779525252272242,-0.03397571780797833,-0.01597542653097373,-0.09370733867033833,0.0,-0.0008469423172378682,0.0019800588508357333,-0.0002070687562475835,0.0005845822881913053,-0.030951112368608667,0.009652857127038096,-0.03146990616156,-0.002832430284317025,-0.0009462841921164331,-0.0018020156608996,0.0009972250326089832,0.0007019576191316667,0.0004980320452245312,-0.002327784699758567,0.0009643792344691434,-0.0053604575496277,-0.0008469423172378682,-0.0019800588508357333,-0.13105442091823333,0.0,0.9996663712981166
0.8260000000000004,0.0014885629491271503,0.0,0.00046159162177469994,-0.003072013763067549,0.0001173142686795666,-0.0017491011889968497,-0.002947895887642916,0.0019931576490064334,0.0010744308623527193,0.0006988272075656166,-0.0010268979349073969,0.00012523451721015003,0.0009755608337117167,-0.0008877920307069617,0.0016228049343281438,0.0009529585767336003,0.0005407354782122716,0.00030201695615206616,0.00046159162177469994,0.003072013763067549,0.09128605057373167,0.0,0.2712192678298833,-0.007827171309415166,0.001396680967756864,0.02034413016797458,0.01979362566062,-0.007862753074493533,-0.0022110166822257664,-0.0016783147847652504,0.007657463808631909,-0.0007360411107726381,0.0055914933965276825,-0.0108132025666472,-0.030985393468544,-0.009605424355621976,0.0001173142686795666,0.0017491011889968497,0.2712192678298833,0.007827171309415166,0.3947409786916,0.0,-0.04966017589478999,0.04426980526391667,0.0010160676193086001,-0.007968288209503616,-0.008246249274315857,-0.005797378182059441,-0.012474990258914626,0.011529916348031103,0.007988481935830538,-0.008125801212408166,-0.03142436586811834,0.0029139375929686925,-0.002947895887642916,-0.0019931576490064334,0.001396680967756864,-0.02034413016797458,-0.04966017589478999,-0.04426980526391667,0.8949798600703834,0.0,0.18477738946821673,0.02356230538033172,0.017250272257560664,0.003660881996858967,0.02226907059710933,0.0025053342004935334,0.004122954222411885,0.0018277978913427016,-0.0007829361476594332,0.0020712455445506166,0.0010744308623527193,-0.0006988272075656166,0.01979362566062,0.007862753074493533,0.0010160676193086001,0.007968288209503616,0.18477738946821673,-0.02356230538033172,0.10748790139682336,0.0,0.064111295791715,0.005819459292180227,0.015080858257019086,-0.009847379219556064,0.09993080171607163,0.010909438374579186,0.00090145125513488,-0.000688948245455625,-0.0010268979349073969,-0.00012523451721015003,-0.0022110166822257664,0.0016783147847652504,-0.008246249274315857,0.005797378182059441,0.017250272257560664,-0.003660881996858967,0.064111295791715,-0.005819459292180227,-0.18545526563373332,0.0,-0.08000504431208334,-0.0031315388439176555,0.024936734555476667,-0.00255520788173592,0.00046691391892018214,0.0023214795853203005,0.0009755608337117167,0.0008877920307069617,0.007657463808631909,0.0007360411107726381,-0.012474990258914626,-0.011529916348031103,0.02226907059710933,-0.0025053342004935334,0.015080858257019086,0.009847379219556064,-0.08000504431208334,0.0031315388439176555,-0.079922303517805,0.0,-0.03395254376525333,0.016018391175856152,0.0009984980512626898,0.005327825140145352,0.0016228049343281438,-0.0009529585767336003,0.0055914933965276825,0.0108132025666472,0.007988481935830538,0.008125801212408166,0.004122954222411885,-0.0018277978913427016,0.09993080171607163,-0.010909438374579186,0.024936734555476667,0.00255520788173592,-0.03395254376525333,-0.016018391175856152,-0.09373513664966168,0.0,-0.0008668567149628602,0.00197550788253,0.0005407354782122716,-0.00030201695615206616,-0.030985393468544,0.009605424355621976,-0.03142436586811834,-0.0029139375929686925,-0.0007829361476594332,-0.0020712455445506166,0.00090145125513488,0.000688948245455625,0.00046691391892018214,-0.0023214795853203005,0.0009984980512626898,-0.005327825140145352,-0.0008668567149628602,-0.00197550788253,-0.1312044601310833,0.0,0.9996661877488171
0.8269999999999987,0.0014883793930038668,0.0,0.0018359314906583812,0.0025182320094529176,0.0012226756305032333,0.001265291800558283,0.0003290388134557495,-0.003530894319012135,-0.0012406982280476833,0.00027430039718115006,0.0006572385009863499,-0.0007932461795550868,-2.1923556812018073e-05,0.001350545566335783,-0.0018213270328050763,0.00044412507270529997,-0.0006024249335481099,0.0001317612583208116,0.0018359314906583812,-0.0025182320094529176,0.09102980365555334,0.0,0.2711318808144167,-0.007981088937724333,0.0014763071313449337,0.020091351451520502,0.019771678943214775,-0.007951135083447414,-0.00223509145263615,-0.00170433767360845,0.007630910038379467,-0.0007138978831156131,0.005549436479353694,-0.010845484813719367,-0.031017925895303656,-0.009571695778825757,0.0012226756305032333,-0.001265291800558283,0.2711318808144167,0.007981088937724333,0.3945133713478834,0.0,-0.04944468520111833,0.04414020599975417,0.0011130004570428064,-0.007926463772839365,-0.0082765080972333,-0.005804245326114951,-0.012636822563641596,0.011537927847529947,0.008047328225805119,-0.008165348729699203,-0.031353696287755,0.00299958029480495,0.0003290388134557495,0.003530894319012135,0.0014763071313449337,-0.020091351451520502,-0.04944468520111833,-0.04414020599975417,0.8960503383959165,0.0,0.1847611946886834,0.023485549657754224,0.017108984182128195,0.003755070717907017,0.0224795371257845,0.0023461219481168165,0.00424688157329285,0.002007162659497883,-0.0006797713098719998,0.002379654377118084,-0.0012406982280476833,-0.00027430039718115006,0.019771678943214775,0.007951135083447414,0.0011130004570428064,0.007926463772839365,0.1847611946886834,-0.023485549657754224,0.10730500621076168,0.0,0.06405747256996001,0.005826267883039084,0.015187346148813148,-0.0098659333936485,0.09997311777240833,0.010981309212544818,0.0007835858187640668,-0.0006792811217821171,0.0006572385009863499,0.0007932461795550868,-0.00223509145263615,0.00170433767360845,-0.0082765080972333,0.005804245326114951,0.017108984182128195,-0.003755070717907017,0.06405747256996001,-0.005826267883039084,-0.1855129914862,0.0,-0.07999135095839,-0.0031469153291937236,0.024996645922018324,-0.002536580279362483,0.0004575641337016349,0.0023011731527758845,-2.1923556812018073e-05,-0.001350545566335783,0.007630910038379467,0.0007138978831156131,-0.012636822563641596,-0.011537927847529947,0.0224795371257845,-0.0023461219481168165,0.015187346148813148,0.0098659333936485,-0.07999135095839,0.0031469153291937236,-0.08009062911439331,0.0,-0.033932971070451665,0.016050650650674163,0.0010031903370246828,0.0053022552746151835,-0.0018213270328050763,-0.00044412507270529997,0.005549436479353694,0.010845484813719367,0.008047328225805119,0.008165348729699203,0.00424688157329285,-0.002007162659497883,0.09997311777240833,-0.010981309212544818,0.024996645922018324,0.002536580279362483,-0.033932971070451665,-0.016050650650674163,-0.09376394355533664,0.0,-0.0008779052588168305,0.0019517987043379667,-0.0006024249335481099,-0.0001317612583208116,-0.031017925895303656,0.009571695778825757,-0.031353696287755,-0.00299958029480495,-0.0006797713098719998,-0.002379654377118084,0.0007835858187640668,0.0006792811217821171,0.0004575641337016349,-0.0023011731527758845,0.0010031903370246828,-0.0053022552746151835,-0.0008779052588168305,-0.0019517987043379667,-0.13135333066025004,0.0,0.99966600418685
0.8280000000000008,0.0014881958264161166,0.0,-0.0030733785502040324,-0.0004912424082074999,-0.0017445788548714,2.308364988741648e-05,0.00250451030666415,0.0024897191680538413,0.0006500742094801367,-0.0010724572098745337,6.505776106448345e-05,0.0010259669566510168,-0.0009805573092303281,-0.0009682965643332154,0.00101044803177935,-0.0015989658595659548,0.0003399970084547333,-0.0005023554488222485,-0.0030733785502040324,0.0004912424082074999,0.0907675220752033,0.0,0.2710405869783167,-0.00815572176981675,0.0015425893525270993,0.019849647357371665,0.019742709695063112,-0.008042287993834883,-0.002233075602366845,-0.0017282064420547835,0.007622700679204006,-0.000682948639591333,0.0054967616365508,-0.010900737878244032,-0.031044281393158662,-0.009559565739735468,-0.0017445788548714,-2.308364988741648e-05,0.2710405869783167,0.00815572176981675,0.3942929554539166,0.0,-0.04923615862124335,0.04399899811592483,0.0011796759639519884,-0.007892683537009618,-0.008288262950852901,-0.005813205177064426,-0.012799061467735634,0.011561981848062947,0.008118839151324766,-0.008215620558246562,-0.031259109079975,0.0031003523515966496,0.00250451030666415,-0.0024897191680538413,0.0015425893525270993,-0.019849647357371665,-0.04923615862124335,-0.04399899811592483,0.8971159385923836,0.0,0.18474197600213332,0.02339327192150247,0.016972291418216167,0.003829031070179582,0.022711721859616167,0.002198437980412686,0.0043455212012842165,0.0021854102684413664,-0.0006669599395389333,0.0026970740129520507,0.0006500742094801367,0.0010724572098745337,0.019742709695063112,0.008042287993834883,0.0011796759639519884,0.007892683537009618,0.18474197600213332,-0.02339327192150247,0.10712647216201668,0.0,0.06401802569498169,0.005860741343043518,0.015262760149811665,-0.009861518081742382,0.09999088053667003,0.011051526772470132,0.0006599009075265,-0.0006644090200117266,6.505776106448345e-05,-0.0010259669566510168,-0.002233075602366845,0.0017282064420547835,-0.008288262950852901,0.005813205177064426,0.016972291418216167,-0.003829031070179582,0.06401802569498169,-0.005860741343043518,-0.1855713270373333,0.0,-0.07998611912022832,-0.0031318923588754223,0.025044420017273337,-0.0025144442395693568,0.0004478112118546333,0.0022755180165100835,-0.0009805573092303281,0.0009682965643332154,0.007622700679204006,0.000682948639591333,-0.012799061467735634,-0.011561981848062947,0.022711721859616167,-0.002198437980412686,0.015262760149811665,0.009861518081742382,-0.07998611912022832,0.0031318923588754223,-0.08025877501656668,0.0,-0.03388655151007,0.016076577474381,0.0009988525040095168,0.005276930023673533,0.00101044803177935,0.0015989658595659548,0.0054967616365508,0.010900737878244032,0.008118839151324766,0.008215620558246562,0.0043455212012842165,-0.0021854102684413664,0.09999088053667003,-0.011051526772470132,0.025044420017273337,0.0025144442395693568,-0.03388655151007,-0.016076577474381,-0.09379384569268664,0.0,-0.0008891333034289331,0.0019431007972405818,0.0003399970084547333,0.0005023554488222485,-0.031044281393158662,0.009559565739735468,-0.031259109079975,-0.0031003523515966496,-0.0006669599395389333,-0.0026970740129520507,0.0006599009075265,0.0006644090200117266,0.0004478112118546333,-0.0022755180165100835,0.0009988525040095168,-0.005276930023673533,-0.0008891333034289331,-0.0019431007972405818,-0.13150131574938334,0.0,0.9996658206142002
0.8290000000000005,0.0014880122682693168,0.0,0.002499662369474155,-0.0018563206580098,0.001183120476966685,-0.0013001019069021984,-0.0035116742399724666,0.00033773215480433324,0.00031634120505088354,0.0011925151503574317,-0.0007438807078632818,-0.0006928864851659164,0.0014177552548544669,7.3966086719001735e-06,0.00038951431517928354,0.0018823662162469332,0.0001119485258885,0.00058457379951145,0.002499662369474155,0.0018563206580098,0.09049883951269504,0.0,0.27097716658023324,-0.008324227732907254,0.0015738347188078833,0.019615530810967657,0.01969216729378652,-0.008166403183392101,-0.0021964147215108756,-0.0017340946608765501,0.007628869357942344,-0.0006593333874996168,0.005451885213347848,-0.010955906928388066,-0.03107651549229934,-0.009550446975404565,0.001183120476966685,0.0013001019069021984,0.27097716658023324,0.008324227732907254,0.3940804438580167,0.0,-0.04906977724868169,0.04382429425837833,0.0012136160159015618,-0.007881090343000014,-0.008313726844337465,-0.005796906224529282,-0.012923895432124464,0.011567011018733316,0.008176491607238167,-0.008263200169631434,-0.031186065186573332,0.00320378842126685,-0.0035116742399724666,-0.00033773215480433324,0.0015738347188078833,-0.019615530810967657,-0.04906977724868169,-0.04382429425837833,0.8981760698076833,0.0,0.18474540139263335,0.023288937769196664,0.01683801273605604,0.003867739093862234,0.02293669130306317,0.0020554277817091964,0.004433545658707302,0.002396470390981302,-0.0006940951717288667,0.0030136084129124495,0.00031634120505088354,-0.0011925151503574317,0.01969216729378652,0.008166403183392101,0.0012136160159015618,0.007881090343000014,0.18474540139263335,-0.023288937769196664,0.10695331481164169,0.0,0.063984025029055,0.0059025608568043664,0.015288688746372668,-0.009865364554798878,0.10002010933241669,0.011139286196887201,0.0005561825147017833,-0.0006534084525738167,-0.0007438807078632818,0.0006928864851659164,-0.0021964147215108756,0.0017340946608765501,-0.008313726844337465,0.005796906224529282,0.01683801273605604,-0.003867739093862234,0.063984025029055,-0.0059025608568043664,-0.1856312114806834,0.0,-0.07999898384400163,-0.003120179182905625,0.025091903381745002,-0.00248789033190735,0.0004206015211215666,0.002263875919757716,0.0014177552548544669,-7.3966086719001735e-06,0.007628869357942344,0.0006593333874996168,-0.012923895432124464,-0.011567011018733316,0.02293669130306317,-0.0020554277817091964,0.015288688746372668,0.009865364554798878,-0.07999898384400163,0.003120179182905625,-0.08042628842597499,0.0,-0.03381371457354667,0.016092667815457665,0.0010167304313262334,0.005239197490750595,0.00038951431517928354,-0.0018823662162469332,0.005451885213347848,0.010955906928388066,0.008176491607238167,0.008263200169631434,0.004433545658707302,-0.002396470390981302,0.10002010933241669,-0.011139286196887201,0.025091903381745002,0.00248789033190735,-0.03381371457354667,-0.016092667815457665,-0.093824905653535,0.0,-0.0009089071317799114,0.00195513583073885,0.0001119485258885,-0.00058457379951145,-0.03107651549229934,0.009550446975404565,-0.031186065186573332,-0.00320378842126685,-0.0006940951717288667,-0.0030136084129124495,0.0005561825147017833,0.0006534084525738167,0.0004206015211215666,-0.002263875919757716,0.0010167304313262334,-0.005239197490750595,-0.0009089071317799114,-0.00195513583073885,-0.1316486376486667,0.0,0.9996656370494162
0.8299999999999988,0.0014878287231771337,0.0,-0.00040305592378279335,0.0030991477047783164,0.00019530155281963305,0.0018122738348469248,0.0019776323774348312,-0.0029110510725096506,-0.0010469655956714507,-0.0005989313225493051,0.0009995745636081853,-1.3225540012240443e-05,-0.0010701105782549953,0.0010013726496244115,-0.0016067043937472334,-0.0010967853427149839,-0.00048556436397934993,-0.00033678947647458314,-0.00040305592378279335,-0.0030991477047783164,0.09022459885362331,0.0,0.27091018427636665,-0.008448170586187999,0.0015399307420753653,0.019371972290762443,0.019615686777966504,-0.0083072451774671,-0.002156688768833033,-0.001739334923728865,0.0076189936974775906,-0.0006617701790321999,0.005432695600122734,-0.010973850006827513,-0.031112347289892504,-0.009533223699130964,0.00019530155281963305,-0.0018122738348469248,0.27091018427636665,0.008448170586187999,0.3938753653650334,0.0,-0.048914588545526674,0.043619445639421994,0.0012557165187608826,-0.007858857871961299,-0.0083603832770111,-0.005796869385479086,-0.013031989172708291,0.011544059256104971,0.008217511971689764,-0.008295786218445166,-0.03113661877056167,0.0032908056155926168,0.0019776323774348312,0.0029110510725096506,0.0015399307420753653,-0.019371972290762443,-0.048914588545526674,-0.043619445639421994,0.8992300051000998,0.0,0.18475924249035,0.023164490472278493,0.016679711374042783,0.0038640286763126394,0.023155901458651783,0.0019513055702491578,0.004504515818585914,0.0026211452833085997,-0.0007227371337653833,0.003351747198276441,-0.0010469655956714507,0.0005989313225493051,0.019615686777966504,0.0083072451774671,0.0012557165187608826,0.007858857871961299,0.18475924249035,-0.023164490472278493,0.10678619637743665,0.0,0.06394202229016668,0.005920748613630084,0.015313781288238175,-0.009885466578073128,0.10006060181003501,0.011259627467939952,0.0004680364286745468,-0.0006637194997837835,0.0009995745636081853,1.3225540012240443e-05,-0.002156688768833033,0.001739334923728865,-0.0083603832770111,0.005796869385479086,0.016679711374042783,-0.0038640286763126394,0.06394202229016668,-0.005920748613630084,-0.1856918718530499,0.0,-0.08001819075454665,-0.003125993221998334,0.02514222419993167,-0.002460902999330167,0.0003905847498632817,0.0022619452113003093,-0.0010701105782549953,-0.0010013726496244115,0.0076189936974775906,0.0006617701790321999,-0.013031989172708291,-0.011544059256104971,0.023155901458651783,-0.0019513055702491578,0.015313781288238175,0.009885466578073128,-0.08001819075454665,0.003125993221998334,-0.08059351639776334,0.0,-0.03374322200505166,0.01608895969121333,0.0010436624384529789,0.00519117744550984,-0.0016067043937472334,0.0010967853427149839,0.005432695600122734,0.010973850006827513,0.008217511971689764,0.008295786218445166,0.004504515818585914,-0.0026211452833085997,0.10006060181003501,-0.011259627467939952,0.02514222419993167,0.002460902999330167,-0.03374322200505166,-0.01608895969121333,-0.09385795414528665,0.0,-0.000931415110539076,0.0019599674587142497,-0.00048556436397934993,0.00033678947647458314,-0.031112347289892504,0.009533223699130964,-0.03113661877056167,-0.0032908056155926168,-0.0007227371337653833,-0.003351747198276441,0.0004680364286745468,0.0006637194997837835,0.0003905847498632817,-0.0022619452113003093,0.0010436624384529789,-0.00519117744550984,-0.000931415110539076,-0.0019599674587142497,-0.13179519852533328,0.0,0.9996654534979332
0.8310000000000008,0.0014876451789087664,0.0,-0.0019236715165220825,-0.0024625592490905863,-0.0015567907480149763,-0.0010846332766702009,0.00096151793745035,0.0033445910746174156,0.0011298001199893336,-0.000324251316127465,-0.0007011381468882681,0.0006973906441947769,6.555247259714975e-05,-0.001502054432643083,0.001932444999949293,-0.00033698732995956007,0.0005825528943473666,-9.401525021816154e-05,-0.0019236715165220825,0.0024625592490905863,0.0899465518267333,0.0,0.2708305408408334,-0.008536078707486017,0.001451580930191284,0.019130508397271942,0.01952722189065403,-0.008431190709509833,-0.002143604241042992,-0.00177062027957622,0.007584223925640028,-0.0006801125830476663,0.005428098190252864,-0.010960662781390901,-0.03113861845967151,-0.009521236045495384,-0.0015567907480149763,0.0010846332766702009,0.2708305408408334,0.008536078707486017,0.39367624469701673,0.0,-0.04876904322411835,0.043416745401667664,0.0013320204370762345,-0.007817194537009901,-0.008394126972103516,-0.00585936175551851,-0.013175161032625993,0.011532222898602633,0.008266562209603392,-0.008326463859097933,-0.03107405095855167,0.0033718482995370824,0.00096151793745035,-0.0033445910746174156,0.001451580930191284,-0.019130508397271942,-0.04876904322411835,-0.043416745401667664,0.9002771226390163,0.0,0.1847831957217667,0.023005204997133887,0.01650774671956663,0.003821197412859916,0.023392591027114502,0.0019108313162145493,0.004554062834832118,0.0028040786247978382,-0.0007920029977244333,0.0036989043017334497,0.0011298001199893336,0.000324251316127465,0.01952722189065403,0.008431190709509833,0.0013320204370762345,0.007817194537009901,0.1847831957217667,-0.023005204997133887,0.10662582879700502,0.0,0.06389688352525001,0.005924331702246361,0.015374639684723338,-0.009895475925573164,0.10008457626486497,0.011395425921159906,0.00036523810104371624,-0.0007015878302502117,-0.0007011381468882681,-0.0006973906441947769,-0.002143604241042992,0.00177062027957622,-0.008394126972103516,0.00585936175551851,0.01650774671956663,-0.003821197412859916,0.06389688352525001,-0.005924331702246361,-0.18575247071661666,0.0,-0.08004286506015666,-0.0031288692689280203,0.025186409418571663,-0.0024380332836762995,0.00037674067710514,0.0022482468042997468,6.555247259714975e-05,0.001502054432643083,0.007584223925640028,0.0006801125830476663,-0.013175161032625993,-0.011532222898602633,0.023392591027114502,-0.0019108313162145493,0.015374639684723338,0.009895475925573164,-0.08004286506015666,0.0031288692689280203,-0.08076065160183331,0.0,-0.03369665026419,0.016067417724363337,0.0010428511950292196,0.005148952173382025,0.001932444999949293,0.00033698732995956007,0.005428098190252864,0.010960662781390901,0.008266562209603392,0.008326463859097933,0.004554062834832118,-0.0028040786247978382,0.10008457626486497,-0.011395425921159906,0.025186409418571663,0.0024380332836762995,-0.03369665026419,-0.016067417724363337,-0.09389411673133832,0.0,-0.0009453810914456163,0.001943217118622484,0.0005825528943473666,9.401525021816154e-05,-0.03113861845967151,0.009521236045495384,-0.03107405095855167,-0.0033718482995370824,-0.0007920029977244333,-0.0036989043017334497,0.00036523810104371624,0.0007015878302502117,0.00037674067710514,-0.0022482468042997468,0.0010428511950292196,-0.005148952173382025,-0.0009453810914456163,-0.001943217118622484,-0.13194088414176663,0.0,0.9996652699469336
0.8320000000000006,0.0014874616221242335,0.0,0.0030726033751642175,0.00037827590949116664,0.0018835467196257607,-0.00043477475130191675,-0.0031172297859526233,-0.0014006207297436876,-0.0005208319751496298,0.0010324706037603667,1.2781407858350006e-05,-0.0009856555966725666,0.0010466573316219832,0.001121057218667977,-0.0011524292841327065,0.0016201309786969009,-0.0003400426810210898,0.0004726261819298833,0.0030726033751642175,-0.00037827590949116664,0.08966553799181168,0.0,0.27072984502540004,-0.008631587954764316,0.0013497694071959677,0.01891333678502265,0.019423787606885335,-0.008537090974308135,-0.0021522275558939997,-0.001818127521580025,0.007549047273989141,-0.0006896617201778003,0.005419989525022482,-0.01094849504408357,-0.031150324285541004,-0.009528399053470499,0.0018835467196257607,0.00043477475130191675,0.27072984502540004,0.008631587954764316,0.39348232308910003,0.0,-0.04867419538634333,0.043229724447358314,0.0014185993346127917,-0.0077966714914072845,-0.008399014146469902,-0.005954828315859675,-0.013349310541314281,0.011551421491120333,0.008330015214843816,-0.008376264016824604,-0.030989163681536664,0.0034691376555954253,-0.0031172297859526233,0.0014006207297436876,0.0013497694071959677,-0.01891333678502265,-0.04867419538634333,-0.043229724447358314,0.9013170477705834,0.0,0.18481421960396668,0.02280875197852675,0.016367450480182528,0.003757778269071134,0.02364520082285633,0.0019047063844610497,0.0045899951008056975,0.002941177734182067,-0.0009479006250264951,0.004004378094272883,-0.0005208319751496298,-0.0010324706037603667,0.019423787606885335,0.008537090974308135,0.0014185993346127917,0.0077966714914072845,0.18481421960396668,-0.02280875197852675,0.1064731311923333,0.0,0.06385099947228497,0.005943144920274441,0.015434163368104999,-0.009884892583790455,0.10006374862466501,0.01151646207946275,0.00023374641437610673,-0.0007548123797821415,1.2781407858350006e-05,0.0009856555966725666,-0.0021522275558939997,0.001818127521580025,-0.008399014146469902,0.005954828315859675,0.016367450480182528,-0.003757778269071134,0.06385099947228497,-0.005943144920274441,-0.18581358876933335,0.0,-0.08007083404421834,-0.003111180504465799,0.025215610821810005,-0.0024226404855659006,0.0003707110732853517,0.002219395901888432,0.0010466573316219832,-0.001121057218667977,0.007549047273989141,0.0006896617201778003,-0.013349310541314281,-0.011551421491120333,0.02364520082285633,-0.0019047063844610497,0.015434163368104999,0.009884892583790455,-0.08007083404421834,0.003111180504465799,-0.08092719931001165,0.0,-0.03365934079461,0.016036038285199335,0.0010134454589327496,0.005121761700742237,-0.0011524292841327065,-0.0016201309786969009,0.005419989525022482,0.01094849504408357,0.008330015214843816,0.008376264016824604,0.0045899951008056975,-0.002941177734182067,0.10006374862466501,-0.01151646207946275,0.025215610821810005,0.0024226404855659006,-0.03365934079461,-0.016036038285199335,-0.09393375792640167,0.0,-0.0009514686128286949,0.0019235851589598165,-0.0003400426810210898,-0.0004726261819298833,-0.031150324285541004,0.009528399053470499,-0.030989163681536664,-0.0034691376555954253,-0.0009479006250264951,-0.004004378094272883,0.00023374641437610673,0.0007548123797821415,0.0003707110732853517,-0.002219395901888432,0.0010134454589327496,-0.005121761700742237,-0.0009514686128286949,-0.0019235851589598165,-0.13208586927606666,0.0,0.9996650863840836
0.832999999999999,0.0014872780654576502,0.0,-0.0023922987300657333,0.0018978702092896317,-0.0009774212250097266,0.001685826638331284,0.003052184825872568,-0.0014237668686241003,-0.00041431632959574953,-0.0010841820692387664,0.0006797023200805997,0.0007066235153335003,-0.0015795788138919336,-4.701405639907866e-05,-0.0003396331353417499,-0.0019946165477578923,-0.00010537526010030005,-0.0005554658979652714,-0.0023922987300657333,-0.0018978702092896317,0.08938109434625664,0.0,0.27063653676925004,-0.008748652995165166,0.0012520752082647833,0.018729308734393227,0.01928500226313644,-0.008646285748735966,-0.002169451819196444,-0.001852844978502415,0.007532115101927389,-0.0006909353608808071,0.005413489088557738,-0.010947489027354484,-0.031162579283957666,-0.009552778142600532,-0.0009774212250097266,-0.001685826638331284,0.27063653676925004,0.008748652995165166,0.39329428048145,0.0,-0.04865901154780668,0.04303578233333285,0.001480634619946216,-0.007828351617686484,-0.008404399687984515,-0.006026716653795866,-0.013500937408697955,0.011564631110621587,0.008382580637497769,-0.008442183313969143,-0.030925636054648334,0.0035754997980612826,0.003052184825872568,0.0014237668686241003,0.0012520752082647833,-0.018729308734393227,-0.04865901154780668,-0.04303578233333285,0.9023493451397002,0.0,0.1848734948757667,0.022594064340354318,0.01627606591575538,0.0036957211273106836,0.0238904826055095,0.0018868697549908162,0.004615451955449316,0.0030922617951927513,-0.0011710731631598618,0.004255442747945184,-0.00041431632959574953,0.0010841820692387664,0.01928500226313644,0.008646285748735966,0.001480634619946216,0.007828351617686484,0.1848734948757667,-0.022594064340354318,0.10632868714168665,0.0,0.06380505154086501,0.0059768173122274155,0.015453502846241087,-0.009881797475672667,0.10001563306494336,0.011621904110840601,9.478752188253519e-05,-0.0008138873278095616,0.0006797023200805997,-0.0007066235153335003,-0.002169451819196444,0.001852844978502415,-0.008404399687984515,0.006026716653795866,0.01627606591575538,-0.0036957211273106836,0.06380505154086501,-0.0059768173122274155,-0.18587624774900005,0.0,-0.08010217328995334,-0.0030878004579351056,0.02523801998364,-0.0024178577657959837,0.0003510286969578716,0.0022013863976299824,-0.0015795788138919336,4.701405639907866e-05,0.007532115101927389,0.0006909353608808071,-0.013500937408697955,-0.011564631110621587,0.0238904826055095,-0.0018868697549908162,0.015453502846241087,0.009881797475672667,-0.08010217328995334,0.0030878004579351056,-0.08109256738409669,0.0,-0.03361220753772499,0.01599968295442,0.0009946304805794714,0.005102918849838201,-0.0003396331353417499,0.0019946165477578923,0.005413489088557738,0.010947489027354484,0.008382580637497769,0.008442183313969143,0.004615451955449316,-0.0030922617951927513,0.10001563306494336,-0.011621904110840601,0.02523801998364,0.0024178577657959837,-0.03361220753772499,-0.01599968295442,-0.09397646965552667,0.0,-0.0009597935833588664,0.0019178632695841136,-0.00010537526010030005,0.0005554658979652714,-0.031162579283957666,0.009552778142600532,-0.030925636054648334,-0.0035754997980612826,-0.0011710731631598618,-0.004255442747945184,9.478752188253519e-05,0.0008138873278095616,0.0003510286969578716,-0.0022013863976299824,0.0009946304805794714,-0.005102918849838201,-0.0009597935833588664,-0.0019178632695841136,-0.1322304975649833,0.0,0.9996649028209835
0.834000000000001,0.0014870945191292498,0.0,0.0002928087811163333,-0.0030075791010106667,-0.0005939487028455337,-0.0019037703140381663,-0.0009208621728261504,0.003220687776049267,0.0010870634086567004,0.0004522581789255168,-0.0009713642196010334,-2.361671482437843e-05,0.0012097972771136433,-0.0011214963338773585,0.0016686265926346134,0.0011788023396807914,0.0004550485750171835,0.0003014578767397949,0.0002928087811163333,0.0030075791010106667,0.08909286607833998,0.0,0.2705776775466333,-0.008860726746746003,0.0011480885228220188,0.01856770517727907,0.01911162852381815,-0.0087526103135954,-0.0022019968077708497,-0.001870455074307872,0.007520145277810001,-0.0007081097125161834,0.005424885263435025,-0.010933791395722396,-0.031188872316350327,-0.009583632665765014,-0.0005939487028455337,0.0019037703140381663,0.2705776775466333,0.008860726746746003,0.39311298031228337,0.0,-0.04868222488033,0.04281193509547833,0.0015200576702203835,-0.00788603621972077,-0.008428428541692939,-0.006083827509939684,-0.013609120485379466,0.011527726180486583,0.008408223018332946,-0.008504443566412513,-0.03091462443756833,0.0036667931535892665,-0.0009208621728261504,-0.003220687776049267,0.0011480885228220188,-0.01856770517727907,-0.04868222488033,-0.04281193509547833,0.9033736078928002,0.0,0.1849816939348166,0.02238118542959514,0.016195068796411947,0.003638193529589533,0.024118275905682492,0.0018521587544856996,0.00461796689861965,0.003297248615671283,-0.0014163744527193169,0.004490262357175091,0.0010870634086567004,-0.0004522581789255168,0.01911162852381815,0.0087526103135954,0.0015200576702203835,0.00788603621972077,0.1849816939348166,-0.02238118542959514,0.10619232104761168,0.0,0.06376216435656498,0.005996538819763967,0.01546257397104145,-0.0099050272805171,0.09997304837695337,0.01173682140524642,-2.5532566955466846e-05,-0.0008858817030000312,-0.0009713642196010334,2.361671482437843e-05,-0.0022019968077708497,0.001870455074307872,-0.008428428541692939,0.006083827509939684,0.016195068796411947,-0.003638193529589533,0.06376216435656498,-0.005996538819763967,-0.18594024722601665,0.0,-0.0801337213263083,-0.0030797215144226565,0.02526831680161833,-0.0024224139578341345,0.0003164746953135133,0.002211332378026819,0.0012097972771136433,0.0011214963338773585,0.007520145277810001,0.0007081097125161834,-0.013609120485379466,-0.011527726180486583,0.024118275905682492,-0.0018521587544856996,0.01546257397104145,0.0099050272805171,-0.0801337213263083,0.0030797215144226565,-0.08125682779978498,0.0,-0.03356367095361334,0.01595816729642217,0.001004402019086688,0.005080692122247948,0.0016686265926346134,-0.0011788023396807914,0.005424885263435025,0.010933791395722396,0.008408223018332946,0.008504443566412513,0.00461796689861965,-0.003297248615671283,0.09997304837695337,-0.01173682140524642,0.02526831680161833,0.0024224139578341345,-0.03356367095361334,-0.01595816729642217,-0.09402210015551334,0.0,-0.0009682196217639665,0.0019118679796195004,0.0004550485750171835,-0.0003014578767397949,-0.031188872316350327,0.009583632665765014,-0.03091462443756833,-0.0036667931535892665,-0.0014163744527193169,-0.004490262357175091,-2.5532566955466846e-05,0.0008858817030000312,0.0003164746953135133,-0.002211332378026819,0.001004402019086688,-0.005080692122247948,-0.0009682196217639665,-0.0019118679796195004,-0.13237497540043336,0.0,0.9996647192682169
0.8350000000000006,0.0014869109800020998,0.0,0.0019356211848156053,0.0022903493533525028,0.0018784238148428672,0.0008485255339629329,-0.0018398616089454502,-0.002796499372450134,-0.0010918643846590667,0.00046351353481398984,0.0007095533178099502,-0.0006644605203472504,-6.687629441911649e-05,0.001716087353538417,-0.002007798663069467,0.00033991024011105844,-0.0005203104227595165,9.426636146184508e-05,0.0019356211848156053,-0.0022903493533525028,0.08880156449389502,0.0,0.27052017830700004,-0.008947683472862168,0.001037408009463102,0.018416182876192358,0.01893968518215922,-0.008826431613749918,-0.0022536864068977056,-0.0018926993450102503,0.007492256437775868,-0.0007463041473215998,0.005449458219073591,-0.010895501657118436,-0.031222518580736987,-0.009618078384214333,0.0018784238148428672,-0.0008485255339629329,0.27052017830700004,0.008947683472862168,0.3929383994499001,0.0,-0.04867786083952833,0.042556080967407164,0.0015677561076173313,-0.007923811520371101,-0.008434444622325794,-0.006174857798053017,-0.0137095507846528,0.011447996764053359,0.00842998711427839,-0.008557615071455301,-0.03093066105590667,0.0037512398465433987,-0.0018398616089454502,0.002796499372450134,0.001037408009463102,-0.018416182876192358,-0.04867786083952833,-0.042556080967407164,0.9043893829945334,0.0,0.18512330810785008,0.022161913420885835,0.016087099762993697,0.003575554271609745,0.024334001771090342,0.0018311089578596335,0.004587220161112849,0.0035364907773929003,-0.0016781133974230506,0.004714927719229734,-0.0010918643846590667,-0.00046351353481398984,0.01893968518215922,0.008826431613749918,0.0015677561076173313,0.007923811520371101,0.18512330810785008,-0.022161913420885835,0.10606370398769828,0.0,0.06372221030393167,0.005995078647201329,0.015515611220624271,-0.009928295672574191,0.09993336887148499,0.011864807223796316,-0.0001326035258253999,-0.0009805901686596502,0.0007095533178099502,0.0006644605203472504,-0.0022536864068977056,0.0018926993450102503,-0.008434444622325794,0.006174857798053017,0.016087099762993697,-0.003575554271609745,0.06372221030393167,-0.005995078647201329,-0.18600466974461663,0.0,-0.0801583247603417,-0.003074720103646323,0.02530403493169166,-0.0024332545460573497,0.0002854322440265517,0.002229697990024976,-6.687629441911649e-05,-0.001716087353538417,0.007492256437775868,0.0007463041473215998,-0.0137095507846528,-0.011447996764053359,0.024334001771090342,-0.0018311089578596335,0.015515611220624271,0.009928295672574191,-0.0801583247603417,0.003074720103646323,-0.08142037740421834,0.0,-0.033528698440850005,0.015910952758709997,0.0010141720919701835,0.005049869735409728,-0.002007798663069467,-0.00033991024011105844,0.005449458219073591,0.010895501657118436,0.00842998711427839,0.008557615071455301,0.004587220161112849,-0.0035364907773929003,0.09993336887148499,-0.011864807223796316,0.02530403493169166,0.0024332545460573497,-0.033528698440850005,-0.015910952758709997,-0.09407109491035663,0.0,-0.0009619232598726495,0.0018885403599928762,-0.0005203104227595165,-9.426636146184508e-05,-0.031222518580736987,0.009618078384214333,-0.03093066105590667,-0.0037512398465433987,-0.0016781133974230506,-0.004714927719229734,-0.0001326035258253999,0.0009805901686596502,0.0002854322440265517,-0.002229697990024976,0.0010141720919701835,-0.005049869735409728,-0.0009619232598726495,-0.0018885403599928762,-0.13251928412426667,0.0,0.9996645357228665
0.8359999999999991,0.001486727432551216,0.0,-0.0029560826065040662,-0.00023644169719728346,-0.0019143045458817332,0.0008438873450744669,0.003323157727830034,0.00041468293899940036,0.0004180193871247234,-0.0011044842878152829,-4.817088194408322e-05,0.0009856673853626359,-0.0012190759680690666,-0.0012761142975091073,0.0011775112195871816,-0.0016442743788872794,0.0003049586274807169,-0.00041780135507156675,-0.0029560826065040662,0.00023644169719728346,0.08850811380775167,0.0,0.27045313937966675,-0.009025939994767118,0.0009410573229593921,0.01827690067615767,0.01879811902085642,-0.0088688718789479,-0.002305954247920766,-0.0019234833084338866,0.007454265779571983,-0.0007769853067077004,0.0054677287143242315,-0.010859079449377106,-0.031257314197153156,-0.009666300275367083,-0.0019143045458817332,-0.0008438873450744669,0.27045313937966675,0.009025939994767118,0.39277007909341666,0.0,-0.04864030681456501,0.04228566279624358,0.0016264346086642789,-0.00794143886264903,-0.008395134391184833,-0.006291026066594468,-0.013832947678693286,0.011369595340845796,0.008474867620923782,-0.008610128574898299,-0.030944374175518333,0.0038657314295523167,0.003323157727830034,-0.00041468293899940036,0.0009410573229593921,-0.01827690067615767,-0.04864030681456501,-0.04228566279624358,0.9053961952175001,0.0,0.18529992472340004,0.021923934861629135,0.015966243516104806,0.003504055966060549,0.024553084328643004,0.001829625731153135,0.004521736735206549,0.0037796047356526957,-0.0019725007896808336,0.004874440342424067,0.0004180193871247234,0.0011044842878152829,0.01879811902085642,0.0088688718789479,0.0016264346086642789,0.00794143886264903,0.18529992472340004,-0.021923934861629135,0.10594304876482163,0.0,0.06368757139368168,0.006000347447574126,0.015603548578954437,-0.009924176603450584,0.09988844635976998,0.011979501359763617,-0.0002469001689831938,-0.0010934841728993331,-4.817088194408322e-05,-0.0009856673853626359,-0.002305954247920766,0.0019234833084338866,-0.008395134391184833,0.006291026066594468,0.015966243516104806,-0.003504055966060549,0.06368757139368168,-0.006000347447574126,-0.18606978540763333,0.0,-0.08018619378198168,-0.003042011029025599,0.025333377512413328,-0.0024517443806271496,0.0002658658797893116,0.0022270809021313603,-0.0012190759680690666,0.0012761142975091073,0.007454265779571983,0.0007769853067077004,-0.013832947678693286,-0.011369595340845796,0.024553084328643004,-0.001829625731153135,0.015603548578954437,0.009924176603450584,-0.08018619378198168,0.003042011029025599,-0.08158299721404003,0.0,-0.033503619848838345,0.015861699901167328,0.0009994979017491172,0.005015384289029974,0.0011775112195871816,0.0016442743788872794,0.0054677287143242315,0.010859079449377106,0.008474867620923782,0.008610128574898299,0.004521736735206549,-0.0037796047356526957,0.09988844635976998,-0.011979501359763617,0.025333377512413328,0.0024517443806271496,-0.033503619848838345,-0.015861699901167328,-0.09412360382396166,0.0,-0.000940614661301121,0.0018562278163135916,0.0003049586274807169,0.00041780135507156675,-0.031257314197153156,0.009666300275367083,-0.030944374175518333,-0.0038657314295523167,-0.0019725007896808336,-0.004874440342424067,-0.0002469001689831938,0.0010934841728993331,0.0002658658797893116,-0.0022270809021313603,0.0009994979017491172,-0.005015384289029974,-0.000940614661301121,-0.0018562278163135916,-0.1326634257015,0.0,0.9996643521683831
0.8370000000000011,0.0014865438795719833,0.0,0.0022073168091003834,-0.00191270361190362,0.0006770530117028163,-0.0019610535344898998,-0.0024814354824876325,0.0022739014312335003,0.0005242369883392164,0.0010465576592507582,-0.0006554178252647483,-0.0007566203325804885,0.0018068943142136664,1.4508790610043547e-05,0.0003275323412414835,0.001992760357380005,8.086130338586661e-05,0.0005088775839378337,0.0022073168091003834,0.00191270361190362,0.08821281524539833,0.0,0.2703516779655334,-0.009106181809984617,0.0008721038088691002,0.018159040902060986,0.01866667377635747,-0.008912565549434117,-0.0023370958406064833,-0.0019416931781852504,0.007427944578992118,-0.0007811319667494004,0.005476461138535072,-0.01085301727120507,-0.03129035483240066,-0.009737533075650253,0.0006770530117028163,0.0019610535344898998,0.2703516779655334,0.009106181809984617,0.39260803319198345,0.0,-0.048615593849393325,0.04199204166090633,0.0016614534663494003,-0.0079793021721001,-0.008347181134492539,-0.006368873180053102,-0.013950615863119553,0.011301847248467731,0.008527464791180469,-0.008659087942372414,-0.030961186203454994,0.004008013335139667,-0.0024814354824876325,-0.0022739014312335003,0.0008721038088691002,-0.018159040902060986,-0.048615593849393325,-0.04199204166090633,0.9063935790153838,0.0,0.18550086340928335,0.02167648705079966,0.015866824580595854,0.0034266974600442018,0.02478250953055583,0.0018192659885980518,0.004422180367548352,0.004032629641382599,-0.002293383288759656,0.004939528909714172,0.0005242369883392164,-0.0010465576592507582,0.01866667377635747,0.008912565549434117,0.0016614534663494003,0.0079793021721001,0.18550086340928335,-0.02167648705079966,0.1058306524023183,0.0,0.06364824708950166,0.0060255820084698175,0.015666641702568162,-0.009911631010142915,0.09983584451782163,0.012063443209219819,-0.00036495420760961604,-0.0012068114544980496,-0.0006554178252647483,0.0007566203325804885,-0.0023370958406064833,0.0019416931781852504,-0.008347181134492539,0.006368873180053102,0.015866824580595854,-0.0034266974600442018,0.06364824708950166,-0.0060255820084698175,-0.18613707577944993,0.0,-0.08021386256048164,-0.00298053712915085,0.02535183466873666,-0.00247542038855375,0.00024157654901390337,0.0022060225228075184,0.0018068943142136664,-1.4508790610043547e-05,0.007427944578992118,0.0007811319667494004,-0.013950615863119553,-0.011301847248467731,0.02478250953055583,-0.0018192659885980518,0.015666641702568162,0.009911631010142915,-0.08021386256048164,0.00298053712915085,-0.08174380660288168,0.0,-0.03346296620582001,0.015813647343577333,0.0009830764961202539,0.004981838904268148,0.0003275323412414835,-0.001992760357380005,0.005476461138535072,0.01085301727120507,0.008527464791180469,0.008659087942372414,0.004422180367548352,-0.004032629641382599,0.09983584451782163,-0.012063443209219819,0.02535183466873666,0.00247542038855375,-0.03346296620582001,-0.015813647343577333,-0.09417891785155837,0.0,-0.0009269339337407337,0.0018344152842845888,8.086130338586661e-05,-0.0005088775839378337,-0.03129035483240066,0.009737533075650253,-0.030961186203454994,-0.004008013335139667,-0.002293383288759656,-0.004939528909714172,-0.00036495420760961604,0.0012068114544980496,0.00024157654901390337,-0.0022060225228075184,0.0009830764961202539,-0.004981838904268148,-0.0009269339337407337,-0.0018344152842845888,-0.1328076548913,0.0,0.9996641686096669
0.8380000000000005,0.0014863603388555336,0.0,-0.00013875102209741675,0.0028800328064348154,0.0009719254587180166,0.0018265880801204828,-0.00013300281538099987,-0.0034033643572646665,-0.0011137939325585415,-0.0003261273877420999,0.0009955599342448046,9.669212395508338e-05,-0.0013351152870626991,0.0012968543293922102,-0.0016398659871197194,-0.001179410808053417,-0.0004285155363210834,-0.00030623374639017,-0.00013875102209741675,-0.0028800328064348154,0.0879161303592433,0.0,0.27025331570131655,-0.009159863784644087,0.0008027749264005168,0.018067565713348836,0.01851805447216085,-0.008973999712577231,-0.00234768557576415,-0.0019427383150303664,0.007416843597411036,-0.000776452658824888,0.005491475042248649,-0.010870723202119549,-0.03132792918508166,-0.009824670897484707,0.0009719254587180166,-0.0018265880801204828,0.27025331570131655,0.009159863784644087,0.39245233238050015,0.0,-0.04865475665204333,0.041658379064282984,0.0016567050262978223,-0.008053262468487265,-0.008333637322461649,-0.006393749623998865,-0.014028294563593354,0.011219457456098396,0.008552288212763066,-0.00869230434213975,-0.031003119234564995,0.0041317108298945145,-0.00013300281538099987,0.0034033643572646665,0.0008027749264005168,-0.018067565713348836,-0.04865475665204333,-0.041658379064282984,0.9073812987744834,0.0,0.1857477612807167,0.02145048405360629,0.01579178919047366,0.0033329273294471335,0.025020653885344264,0.001792630360394483,0.004286024064017184,0.0043100822173014345,-0.002618197227538832,0.0049578696463914015,-0.0011137939325585415,0.0003261273877420999,0.01851805447216085,0.008973999712577231,0.0016567050262978223,0.008053262468487265,0.1857477612807167,-0.02145048405360629,0.10572592696552832,0.0,0.06361063487662166,0.0060436751809849745,0.015699063814116163,-0.009923488628144853,0.09980786278148164,0.012139711639409915,-0.00046213525709896676,-0.0013081829736158494,0.0009955599342448046,-9.669212395508338e-05,-0.00234768557576415,0.0019427383150303664,-0.008333637322461649,0.006393749623998865,0.01579178919047366,-0.0033329273294471335,0.06361063487662166,-0.0060436751809849745,-0.18620713446008336,0.0,-0.08024547960834333,-0.0029212584448098833,0.025373509991728327,-0.002493164715256716,0.0001962426099282833,0.0021876971498114165,-0.0013351152870626991,-0.0012968543293922102,0.007416843597411036,0.000776452658824888,-0.014028294563593354,-0.011219457456098396,0.025020653885344264,-0.001792630360394483,0.015699063814116163,0.009923488628144853,-0.08024547960834333,0.0029212584448098833,-0.08190232858322169,0.0,-0.033406287283591664,0.015770123874376832,0.0010006613337160163,0.004949829844542832,-0.0016398659871197194,0.001179410808053417,0.005491475042248649,0.010870723202119549,0.008552288212763066,0.00869230434213975,0.004286024064017184,-0.0043100822173014345,0.09980786278148164,-0.012139711639409915,0.025373509991728327,0.002493164715256716,-0.033406287283591664,-0.015770123874376832,-0.09423622281751833,0.0,-0.0009345727590389664,0.001822849977796457,-0.0004285155363210834,0.00030623374639017,-0.03132792918508166,0.009824670897484707,-0.031003119234564995,-0.0041317108298945145,-0.002618197227538832,-0.0049578696463914015,-0.00046213525709896676,0.0013081829736158494,0.0001962426099282833,-0.0021876971498114165,0.0010006613337160163,-0.004949829844542832,-0.0009345727590389664,-0.001822849977796457,-0.13295237789535003,0.0,0.9996639850623334
0.8389999999999992,0.0014861768145141006,0.0,-0.0019825333268138484,-0.0020620012336434682,-0.0020465376356869,-0.0005138602332037003,0.00272620699007444,0.0021058468911138366,0.0009943592809641669,-0.00056601236663988,-0.0007796383959197454,0.0006102259939511438,6.273076063396647e-05,-0.0019149573527769477,0.0019848883712319234,-0.00031531916940973683,0.0005453147981200669,-7.78816516162599e-05,-0.0019825333268138484,0.0020620012336434682,0.08761985391853834,0.0,0.27014098945349996,-0.009143704318499597,0.0006882163702944492,0.017990657316129633,0.018361435914103708,-0.009032264827025953,-0.002347379477738366,-0.001951444164412383,0.007395537637609283,-0.0007853113239520515,0.005520219739336135,-0.010883798430705036,-0.03136623472938184,-0.009910364155935878,-0.0020465376356869,0.0005138602332037003,0.27014098945349996,0.009143704318499597,0.39230182878753345,0.0,-0.04874685701305503,0.041286117126209665,0.0016402825980957954,-0.008129759153829285,-0.008325953766382465,-0.0064218400449807915,-0.01408555334707815,0.011115266258179582,0.008549186534600918,-0.008709799618901382,-0.03105891174924165,0.004223735928718383,0.00272620699007444,-0.0021058468911138366,0.0006882163702944492,-0.017990657316129633,-0.04874685701305503,-0.041286117126209665,0.9083594528493836,0.0,0.18601082864560006,0.02124463619918229,0.015720348532801787,0.00320156969871065,0.025257964762686328,0.001784316259560267,0.004115781492857782,0.004586706424321183,-0.002937882233557365,0.004970728138015366,0.0009943592809641669,0.00056601236663988,0.018361435914103708,0.009032264827025953,0.0016402825980957954,0.008129759153829285,0.18601082864560006,-0.02124463619918229,0.10562780287597498,0.0,0.06357758999742832,0.006032470646755884,0.01574978737216367,-0.009941722621729368,0.09979861114758164,0.012235307986312696,-0.0005300351448592612,-0.0014032650393884095,-0.0007796383959197454,-0.0006102259939511438,-0.002347379477738366,0.001951444164412383,-0.008325953766382465,0.0064218400449807915,0.015720348532801787,-0.00320156969871065,0.06357758999742832,-0.006032470646755884,-0.18627892571653334,0.0,-0.08026940205504832,-0.002878476756716333,0.02539888259027667,-0.0024956336051343763,0.00014095314556374338,0.002165651247981365,6.273076063396647e-05,0.0019149573527769477,0.007395537637609283,0.0007853113239520515,-0.01408555334707815,-0.011115266258179582,0.025257964762686328,-0.001784316259560267,0.01574978737216367,0.009941722621729368,-0.08026940205504832,0.002878476756716333,-0.08205897621942332,0.0,-0.033355121836968336,0.01572861193338133,0.0010422158481358048,0.004914013856258246,0.0019848883712319234,0.00031531916940973683,0.005520219739336135,0.010883798430705036,0.008549186534600918,0.008709799618901382,0.004115781492857782,-0.004586706424321183,0.09979861114758164,-0.012235307986312696,0.02539888259027667,0.0024956336051343763,-0.033355121836968336,-0.01572861193338133,-0.09429560538850165,0.0,-0.0009483363999979353,0.0018039300248013398,0.0005453147981200669,7.78816516162599e-05,-0.03136623472938184,0.009910364155935878,-0.03105891174924165,-0.004223735928718383,-0.002937882233557365,-0.004970728138015366,-0.0005300351448592612,0.0014032650393884095,0.00014095314556374338,-0.002165651247981365,0.0010422158481358048,-0.004914013856258246,-0.0009483363999979353,-0.0018039300248013398,-0.13309780638981664,0.0,0.9996638015320168
0.8400000000000012,0.0014859932937337167,0.0,0.0028307227970610182,-3.2371170218834186e-06,0.001781121041804916,-0.0012056622002131743,-0.00336462282311935,0.0007586106626258669,-0.0002776945578992998,0.0010841677995097837,0.0001414448520578828,-0.0009731918445586878,0.0013224250399120397,0.0014316521204739004,-0.0011789541972324331,0.0016118937882404665,-0.0003689056806117999,0.00045130407932123526,0.0028307227970610182,3.2371170218834186e-06,0.08732669477785167,0.0,0.2700126212144667,-0.009061104558362567,0.000526171356883134,0.017916077072125964,0.0182276009053831,-0.009074024085726301,-0.0023379375440443235,-0.001983311377328317,0.007346504115807835,-0.0007997124863704004,0.005549012916741102,-0.010887339199534881,-0.03139757724283101,-0.009989691854873164,0.001781121041804916,0.0012056622002131743,0.2700126212144667,0.009061104558362567,0.3921540312387834,0.0,-0.048863392466698324,0.04092052550513066,0.0016434914072940329,-0.008190180635186036,-0.008268817536948333,-0.006485601068441181,-0.014174631280123603,0.011022233047351445,0.008557542847143518,-0.0087253719359626,-0.031111685043651676,0.004330621006621429,-0.00336462282311935,-0.0007586106626258669,0.000526171356883134,-0.017916077072125964,-0.048863392466698324,-0.04092052550513066,0.9093280564424503,0.0,0.18627694519775004,0.021021595662396735,0.01566239310667111,0.0030398437912771154,0.025492008847365008,0.0018273832874792335,0.003928446294650921,0.004814797794928461,-0.0032434164845522324,0.004939584775457999,-0.0002776945578992998,-0.0010841677995097837,0.0182276009053831,0.009074024085726301,0.0016434914072940329,0.008190180635186036,0.18627694519775004,-0.021021595662396735,0.10553618851058667,0.0,0.06355244649444168,0.006010749493036718,0.015838663538306662,-0.009923600433220684,0.099787019379435,0.012337681725224618,-0.000588043149279718,-0.0015091624141945815,0.0001414448520578828,0.0009731918445586878,-0.0023379375440443235,0.001983311377328317,-0.008268817536948333,0.006485601068441181,0.01566239310667111,-0.0030398437912771154,0.06355244649444168,-0.006010749493036718,-0.18635156473651668,0.0,-0.08028752010885834,-0.002832832335506433,0.025413416620545002,-0.002489228576614477,9.837027357905341e-05,0.0021130465235994,0.0013224250399120397,-0.0014316521204739004,0.007346504115807835,0.0007997124863704004,-0.014174631280123603,-0.011022233047351445,0.025492008847365008,-0.0018273832874792335,0.015838663538306662,0.009923600433220684,-0.08028752010885834,0.002832832335506433,-0.08221430527342834,0.0,-0.03332472323299333,0.015688692351568837,0.0010677319189256206,0.004873467509334617,-0.0011789541972324331,-0.0016118937882404665,0.005549012916741102,0.010887339199534881,0.008557542847143518,0.0087253719359626,0.003928446294650921,-0.004814797794928461,0.099787019379435,-0.012337681725224618,0.025413416620545002,0.002489228576614477,-0.03332472323299333,-0.015688692351568837,-0.09435761576783665,0.0,-0.0009487822683012498,0.0017739878533596333,-0.0003689056806117999,-0.00045130407932123526,-0.03139757724283101,0.009989691854873164,-0.031111685043651676,-0.004330621006621429,-0.0032434164845522324,-0.004939584775457999,-0.000588043149279718,0.0015091624141945815,9.837027357905341e-05,-0.0021130465235994,0.0010677319189256206,-0.004873467509334617,-0.0009487822683012498,-0.0017739878533596333,-0.13324386048108333,0.0,0.9996636180044669
0.8410000000000006,0.0014858097620102835,0.0,-0.0019253083843984169,0.0020005628451681165,-0.0003145299254171455,0.0021167913091313995,0.00154878539086625,-0.003049601569336505,-0.0005981929684727153,-0.0009246280426953166,0.0005676936639877332,0.0007962547192891005,-0.0019661224492327316,-6.308532338051648e-05,-0.00031354229916463354,-0.001976903167126783,-4.578734290400974e-05,-0.0006134083135040335,-0.0019253083843984169,-0.0020005628451681165,0.08703829781014666,0.0,0.2698563558405332,-0.008961979254842602,0.0003565846919058,0.01784530576017144,0.01810774873121205,-0.009111225692143466,-0.0023202764606821,-0.0020178389930180334,0.0072836300799214325,-0.0007994701320382681,0.005565227055418301,-0.010897541882738417,-0.031413622271345996,-0.01007265184790375,-0.0003145299254171455,-0.0021167913091313995,0.2698563558405332,0.008961979254842602,0.39200682248895,0.0,-0.04900077199267332,0.04059741547093632,0.00165810540470045,-0.008264214645311081,-0.008171290726908417,-0.006543212284505922,-0.014298984404737005,0.010962924234415002,0.00859361713959794,-0.008742369536593585,-0.031162128448443346,0.004475397363167715,0.00154878539086625,0.003049601569336505,0.0003565846919058,-0.01784530576017144,-0.04900077199267332,-0.04059741547093632,0.9102871279243169,0.0,0.18654729013513335,0.020768326310900236,0.015647406237583622,0.002890496555414834,0.025725294212382004,0.0019066482679047998,0.0037428396948714832,0.004982153856610467,-0.003515337084944718,0.00481058582257275,-0.0005981929684727153,0.0009246280426953166,0.01810774873121205,0.009111225692143466,0.00165810540470045,0.008264214645311081,0.18654729013513335,-0.020768326310900236,0.10545183605909667,0.0,0.06352727338336668,0.006005838152060653,0.015917693781629005,-0.0098746787352766,0.09975591663752001,0.012414817045245118,-0.0006553997084874336,-0.0016331352152599006,0.0005676936639877332,-0.0007962547192891005,-0.0023202764606821,0.0020178389930180334,-0.008171290726908417,0.006543212284505922,0.015647406237583622,-0.002890496555414834,0.06352727338336668,-0.006005838152060653,-0.18642561151104997,0.0,-0.08029634500957168,-0.0027682944993996836,0.025408286871671668,-0.0024850187677403174,6.971995025350658e-05,0.00203034610535688,-0.0019661224492327316,6.308532338051648e-05,0.0072836300799214325,0.0007994701320382681,-0.014298984404737005,-0.010962924234415002,0.025725294212382004,-0.0019066482679047998,0.015917693781629005,0.0098746787352766,-0.08029634500957168,0.0027682944993996836,-0.08236824715625334,0.0,-0.03330215045213167,0.015652381881445833,0.0010679457434737826,0.004835830768572535,-0.00031354229916463354,0.001976903167126783,0.005565227055418301,0.010897541882738417,0.00859361713959794,0.008742369536593585,0.0037428396948714832,-0.004982153856610467,0.09975591663752001,-0.012414817045245118,0.025408286871671668,0.0024850187677403174,-0.03330215045213167,-0.015652381881445833,-0.09442211544765503,0.0,-0.000943872868343313,0.0017515258915685662,-4.578734290400974e-05,0.0006134083135040335,-0.031413622271345996,0.01007265184790375,-0.031162128448443346,-0.004475397363167715,-0.003515337084944718,-0.00481058582257275,-0.0006553997084874336,0.0016331352152599006,6.971995025350658e-05,-0.00203034610535688,0.0010679457434737826,-0.004835830768572535,-0.000943872868343313,-0.0017515258915685662,-0.13339048546299997,0.0,0.9996634344668496
0.8419999999999992,0.001485626230620717,0.0,-0.0001294950788149834,-0.002709486628257649,-0.0013090608030414165,-0.0016539274365041504,0.0013372838110659994,0.003117612808687833,0.0010963259733348834,0.0001825457184977998,-0.0009444638711445383,-0.00017768287588141663,0.0014497453244649665,-0.001375746663117195,0.001647587971833484,0.001174841947782135,0.0004823101660502751,0.00042035428671120004,-0.0001294950788149834,0.002709486628257649,0.08675462790181335,0.0,0.2696973104236333,-0.008876526376660237,0.00020080396203070057,0.017795110053445046,0.017964500311603047,-0.009148395496424397,-0.002304588728823592,-0.0020319398064109835,0.007230324984851501,-0.0007911881285108098,0.005576747105221633,-0.010918423351673895,-0.031415954538996496,-0.010164695036881768,-0.0013090608030414165,0.0016539274365041504,0.2696973104236333,0.008876526376660237,0.39185974378731675,0.0,-0.04919434742938335,0.040306471907376996,0.0016531333220146328,-0.00837904813272945,-0.008085955465190703,-0.00655210776692102,-0.014411546232322167,0.010916636195334528,0.008628733489718434,-0.008750722285381018,-0.031220467218413334,0.004610877826762133,0.0013372838110659994,-0.003117612808687833,0.00020080396203070057,-0.017795110053445046,-0.04919434742938335,-0.040306471907376996,0.9112370583214837,0.0,0.18684475015279997,0.020526071110769598,0.01567639704858853,0.0027815731246313164,0.025958353751300334,0.001986125562845834,0.0035571625192113683,0.005120009341234901,-0.0037525524950360665,0.004607371516025446,0.0010963259733348834,-0.0001825457184977998,0.017964500311603047,0.009148395496424397,0.0016531333220146328,0.00837904813272945,0.18684475015279997,-0.020526071110769598,0.10537472162003499,0.0,0.06350086378791833,0.006010960941239415,0.015955178110255833,-0.009840179804978956,0.099718790134845,0.012469006446124802,-0.0007242998345761331,-0.0017664490853802949,-0.0009444638711445383,0.00017768287588141663,-0.002304588728823592,0.0020319398064109835,-0.008085955465190703,0.00655210776692102,0.01567639704858853,-0.0027815731246313164,0.06350086378791833,-0.006010960941239415,-0.18650189064891667,0.0,-0.08029419642128831,-0.002700526750734264,0.025395065911509994,-0.002481737867014301,3.710270633769831e-05,0.00195417895069705,0.0014497453244649665,0.001375746663117195,0.007230324984851501,0.0007911881285108098,-0.014411546232322167,-0.010916636195334528,0.025958353751300334,-0.001986125562845834,0.015955178110255833,0.009840179804978956,-0.08029419642128831,0.002700526750734264,-0.08252044255818498,0.0,-0.033272515325951664,0.015622562274571332,0.0010754211253768341,0.004808849042613283,0.001647587971833484,-0.001174841947782135,0.005576747105221633,0.010918423351673895,0.008628733489718434,0.008750722285381018,0.0035571625192113683,-0.005120009341234901,0.099718790134845,-0.012469006446124802,0.025395065911509994,0.002481737867014301,-0.033272515325951664,-0.015622562274571332,-0.09448829310714998,0.0,-0.0009552054865466495,0.0017511228608826865,0.0004823101660502751,-0.00042035428671120004,-0.031415954538996496,0.010164695036881768,-0.031220467218413334,-0.004610877826762133,-0.0037525524950360665,-0.004607371516025446,-0.0007242998345761331,0.0017664490853802949,3.710270633769831e-05,-0.00195417895069705,0.0010754211253768341,-0.004808849042613283,-0.0009552054865466495,-0.0017511228608826865,-0.13353790061834997,0.0,0.9996632509286664
0.8430000000000012,0.0014854427084459994,0.0,0.0020359525176751117,0.0017148896022514829,0.00211710639894606,0.00016556069209543658,-0.00323997207919195,-0.0009725134254517799,-0.0009209649953939703,0.0006856764692118836,0.0007804110676486003,-0.0005146442846077502,-5.679260775467666e-05,0.0020473348363454573,-0.0020131239950516686,0.00034893622780513337,-0.0006510706111662302,3.628138848419153e-05,0.0020359525176751117,-0.0017148896022514829,0.08647533848871167,0.0,0.26957420531299997,-0.008786590234527365,4.0539463268183275e-05,0.017768989763052082,0.01779234304413563,-0.009166220813269768,-0.002299252162388166,-0.002029991469326766,0.007188670622364016,-0.0008029897127469334,0.005597692609462733,-0.01092270903544098,-0.031411850092695,-0.010254656510735604,0.00211710639894606,-0.00016556069209543658,0.26957420531299997,0.008786590234527365,0.3917130462210833,0.0,-0.049438081824646665,0.04002302940054916,0.0016217815886391174,-0.008511608025421233,-0.008016615016648274,-0.006537958109772274,-0.014486324625302499,0.010850453628945862,0.008642930410366768,-0.008747006356282682,-0.03128664780388001,0.004694790944051026,-0.00323997207919195,0.0009725134254517799,4.0539463268183275e-05,-0.017768989763052082,-0.049438081824646665,-0.04002302940054916,0.9121789564579501,0.0,0.18716913805091667,0.02033370756867724,0.0157171629681135,0.002695421631254484,0.02619145954698053,0.002059827027787167,0.0033548933150181082,0.005247496805792543,-0.003978402926861467,0.004397534267749751,-0.0009209649953939703,-0.0006856764692118836,0.01779234304413563,0.009166220813269768,0.0016217815886391174,0.008511608025421233,0.18716913805091667,-0.02033370756867724,0.10530361126185667,0.0,0.06348235054819333,0.006006656667409667,0.015985780260014508,-0.009828931456489031,0.09968727312558832,0.012534998446179165,-0.0007733476702297404,-0.0019011208707798908,0.0007804110676486003,0.0005146442846077502,-0.002299252162388166,0.002029991469326766,-0.008016615016648274,0.006537958109772274,0.0157171629681135,-0.002695421631254484,0.06348235054819333,-0.006006656667409667,-0.18658003158970002,0.0,-0.08028018667120332,-0.0026513384703783856,0.025387400879931674,-0.00247098128788552,-2.748364799879932e-06,0.001909058821890632,-5.679260775467666e-05,-0.0020473348363454573,0.007188670622364016,0.0008029897127469334,-0.014486324625302499,-0.010850453628945862,0.02619145954698053,-0.002059827027787167,0.015985780260014508,0.009828931456489031,-0.08028018667120332,0.0026513384703783856,-0.08267104012793332,0.0,-0.033242223204600005,0.015595211796134332,0.0011070417148987296,0.0047865381039571666,-0.0020131239950516686,-0.00034893622780513337,0.005597692609462733,0.01092270903544098,0.008642930410366768,0.008747006356282682,0.0033548933150181082,-0.005247496805792543,0.09968727312558832,-0.012534998446179165,0.025387400879931674,0.00247098128788552,-0.033242223204600005,-0.015595211796134332,-0.09455587633955499,0.0,-0.0009784558696524332,0.0017621719007587498,-0.0006510706111662302,-3.628138848419153e-05,-0.031411850092695,0.010254656510735604,-0.03128664780388001,-0.004694790944051026,-0.003978402926861467,-0.004397534267749751,-0.0007733476702297404,0.0019011208707798908,-2.748364799879932e-06,-0.001909058821890632,0.0011070417148987296,-0.0047865381039571666,-0.0009784558696524332,-0.0017621719007587498,-0.13368637968063338,0.0,0.9996630674003666
0.8440000000000007,0.0014852591910705995,0.0,-0.002602352626900916,0.0003079108460171718,-0.00158270553908539,0.0014927221555559168,0.002812659079603067,-0.0018695334679801002,0.00017557607700183496,-0.00117956859553828,-0.00019773403407075,0.0008954461667657134,-0.001445533070486773,-0.0015109241143929047,0.0011834947948069668,-0.001675974628784017,0.0004492405370570672,-0.0004732405088874182,-0.002602352626900916,-0.0003079108460171718,0.08620098685113667,0.0,0.26947560894459993,-0.008670127924239601,-0.00012696116891816657,0.017753860876775048,0.0176320990258342,-0.009155653546983077,-0.00229528729947035,-0.002025468871456866,0.00714308286116225,-0.0008425054217293664,0.005621020169528314,-0.0108850367921571,-0.031401284726132156,-0.010329178409216997,-0.00158270553908539,-0.0014927221555559168,0.26947560894459993,0.008670127924239601,0.39156622352253334,0.0,-0.04965998917229668,0.03974076414204984,0.0015970136501711495,-0.008619197202935299,-0.007910602541934217,-0.006540772325454066,-0.01454866719165317,0.010762708639053983,0.00866678588846902,-0.008735466019617447,-0.031357189106988335,0.004758746641208933,0.002812659079603067,0.0018695334679801002,-0.00012696116891816657,-0.017753860876775048,-0.04965998917229668,-0.03974076414204984,0.9131138379352998,0.0,0.18748550254491667,0.020164925553055865,0.015745497958660055,0.002608591026571216,0.02642149331396333,0.002146918710636333,0.003132414593439584,0.005353936237755202,-0.0041955812575806,0.004198381824112152,0.00017557607700183496,0.00117956859553828,0.0176320990258342,0.009155653546983077,0.0015970136501711495,0.008619197202935299,0.18748550254491667,-0.020164925553055865,0.10523779184844333,0.0,0.06346639194046332,0.005999847528472897,0.01604802796420817,-0.009799527868968864,0.09964414836891664,0.012622691711091481,-0.0007987736886601641,-0.0020459447796275037,-0.00019773403407075,-0.0008954461667657134,-0.00229528729947035,0.002025468871456866,-0.007910602541934217,0.006540772325454066,0.015745497958660055,-0.002608591026571216,0.06346639194046332,-0.005999847528472897,-0.18665924301736675,0.0,-0.08025018617887668,-0.0026112063083181,0.025378146744741672,-0.002458032462586522,-3.193274243683339e-05,0.001881460313245166,-0.001445533070486773,0.0015109241143929047,0.00714308286116225,0.0008425054217293664,-0.01454866719165317,-0.010762708639053983,0.02642149331396333,-0.002146918710636333,0.01604802796420817,0.009799527868968864,-0.08025018617887668,0.0026112063083181,-0.08282057898253335,0.0,-0.03322102941564501,0.015561686898727833,0.0011366655201262713,0.004751051512788116,0.0011834947948069668,0.001675974628784017,0.005621020169528314,0.0108850367921571,0.00866678588846902,0.008735466019617447,0.003132414593439584,-0.005353936237755202,0.09964414836891664,-0.012622691711091481,0.025378146744741672,0.002458032462586522,-0.03322102941564501,-0.015561686898727833,-0.09462554024687835,0.0,-0.0009874350283183499,0.0017711761582673903,0.0004492405370570672,0.0004732405088874182,-0.031401284726132156,0.010329178409216997,-0.031357189106988335,-0.004758746641208933,-0.0041955812575806,-0.004198381824112152,-0.0007987736886601641,0.0020459447796275037,-3.193274243683339e-05,-0.001881460313245166,0.0011366655201262713,-0.004751051512788116,-0.0009874350283183499,-0.0017711761582673903,-0.13383585322531666,0.0,0.9996628838762497
0.8449999999999993,0.0014850756621775831,0.0,0.0015401451038375166,-0.002055320562198601,-3.505880317606327e-05,-0.0022008263324362807,-0.0003423442685052087,0.003350111958983545,0.0007428796762370678,0.0009852806121485298,-0.00047722136825228343,-0.0007792040581523902,0.0021134730197384494,8.571274352170653e-07,0.00034475044882761825,0.002034491009451561,2.272854997140139e-06,0.0006472356127531502,0.0015401451038375166,0.002055320562198601,0.08593217269502666,0.0,0.26939729149444996,-0.008549109146336366,-0.0002597443741230501,0.017738678490144797,0.017513924056177948,-0.009138790510490198,-0.0022830656333679674,-0.002009031986831267,0.0070908781784733204,-0.0008853412341430333,0.005626879179832196,-0.010819555764507048,-0.03138650892379333,-0.010395707646311201,-3.505880317606327e-05,0.0022008263324362807,0.26939729149444996,0.008549109146336366,0.3914184159803334,0.0,-0.049823143313665,0.039465603701205325,0.0015992554024030013,-0.00869401996638155,-0.0077613549119365495,-0.006541828971678784,-0.014630570299388,0.010680111002286167,0.008734531472949707,-0.008711366760188782,-0.03144147550737,0.004853631816410531,-0.0003423442685052087,-0.003350111958983545,-0.0002597443741230501,-0.017738678490144797,-0.049823143313665,-0.039465603701205325,0.9140419503225667,0.0,0.18780910850068328,0.019983625994063454,0.015768512692217535,0.002526994767664883,0.026656895422753967,0.0022556043578903506,0.002897571086786899,0.005429407898962784,-0.0043685750898368,0.003978299291950416,0.0007428796762370678,-0.0009852806121485298,0.017513924056177948,0.009138790510490198,0.0015992554024030013,0.00869401996638155,0.18780910850068328,-0.019983625994063454,0.10517791235469996,0.0,0.06344151923499168,0.006012664732333278,0.016119121290918834,-0.009736031150434669,0.09958783093662835,0.012702882581660331,-0.0008123332959002665,-0.00221522041158372,-0.00047722136825228343,0.0007792040581523902,-0.0022830656333679674,0.002009031986831267,-0.0077613549119365495,0.006541828971678784,0.015768512692217535,-0.002526994767664883,0.06344151923499168,-0.006012664732333278,-0.18673997230755005,0.0,-0.0802144149605967,-0.0025507808923238245,0.025355635974874995,-0.002461267911940927,-3.933280032049993e-05,0.0018495328216858531,0.0021134730197384494,-8.571274352170653e-07,0.0070908781784733204,0.0008853412341430333,-0.014630570299388,-0.010680111002286167,0.026656895422753967,-0.0022556043578903506,0.016119121290918834,0.009736031150434669,-0.0802144149605967,0.0025507808923238245,-0.08296907988501497,0.0,-0.033205747920515,0.015521392864707833,0.0011389022908220665,0.004695236732109616,0.00034475044882761825,-0.002034491009451561,0.005626879179832196,0.010819555764507048,0.008734531472949707,0.008711366760188782,0.002897571086786899,-0.005429407898962784,0.09958783093662835,-0.012702882581660331,0.025355635974874995,0.002461267911940927,-0.033205747920515,-0.015521392864707833,-0.09469777096500163,0.0,-0.000977842052346233,0.0017812755836515044,2.272854997140139e-06,-0.0006472356127531502,-0.03138650892379333,0.010395707646311201,-0.03144147550737,-0.004853631816410531,-0.0043685750898368,-0.003978299291950416,-0.0008123332959002665,0.00221522041158372,-3.933280032049993e-05,-0.0018495328216858531,0.0011389022908220665,-0.004695236732109616,-0.000977842052346233,-0.0017812755836515044,-0.1339860035161666,0.0,0.9996627003412332
0.8459999999999986,0.0014848921243308328,0.0,0.0004286927545738835,0.0024710895534119327,0.0016212241535699071,0.0014698484395248006,-0.002369681196480884,-0.002398650213811451,-0.00127089550098065,-0.00013970278192188673,0.0008793781242962171,0.00023437554880182006,-0.0014725574001135998,0.001542321463182621,-0.0017018001112979624,-0.001209999393951467,-0.00045905189559171747,-0.0004519975685900503,0.0004286927545738835,-0.0024710895534119327,0.08566859162534837,0.0,0.26930044862635005,-0.008444006110297332,-0.0003219952368569328,0.017720003982357506,0.017410428212079998,-0.009133195314063534,-0.002269191370655618,-0.0019623629909511506,0.007052506210202049,-0.0009156048090990163,0.005613959640704501,-0.010759358662183466,-0.03136539519941983,-0.01047223778221515,0.0016212241535699071,-0.0014698484395248006,0.26930044862635005,0.008444006110297332,0.3912697339664667,0.0,-0.049976560974494995,0.03917708070713583,0.001597525247584517,-0.008761731957386517,-0.007637866021097292,-0.006497711824201201,-0.014712429202085993,0.010607811406711699,0.008822661152093687,-0.008666170334973284,-0.0315307766145,0.004962578815471118,-0.002369681196480884,0.002398650213811451,-0.0003219952368569328,-0.017720003982357506,-0.049976560974494995,-0.03917708070713583,0.9149632069329169,0.0,0.18815184507471666,0.0198092909731868,0.015800507592533163,0.0024667258420956665,0.026904920120832735,0.0023753752308292336,0.0026485491008501182,0.005484778611635232,-0.004486201713470284,0.003724999576389099,-0.00127089550098065,0.00013970278192188673,0.017410428212079998,0.009133195314063534,0.001597525247584517,0.008761731957386517,0.18815184507471666,-0.0198092909731868,0.10512433416270167,0.0,0.06339407432914497,0.006040689382054816,0.016151225389836,-0.009678616493519534,0.09952635467147002,0.012755238921382136,-0.0008156973289307504,-0.002401117376291549,0.0008793781242962171,-0.00023437554880182006,-0.002269191370655618,0.0019623629909511506,-0.007637866021097292,0.006497711824201201,0.015800507592533163,-0.0024667258420956665,0.06339407432914497,-0.006040689382054816,-0.18682357674006672,0.0,-0.08017109650094331,-0.002466684180187417,0.025322095391308332,-0.002483332783431935,-3.849425094483324e-05,0.0018189964754432,-0.0014725574001135998,-0.001542321463182621,0.007052506210202049,0.0009156048090990163,-0.014712429202085993,-0.010607811406711699,0.026904920120832735,-0.0023753752308292336,0.016151225389836,0.009678616493519534,-0.08017109650094331,0.002466684180187417,-0.0831158441297767,0.0,-0.033175034998668335,0.015479337509897498,0.0011309639458839834,0.004629270815233883,-0.0017018001112979624,0.001209999393951467,0.005613959640704501,0.010759358662183466,0.008822661152093687,0.008666170334973284,0.0026485491008501182,-0.005484778611635232,0.09952635467147002,-0.012755238921382136,0.025322095391308332,0.002483332783431935,-0.033175034998668335,-0.015479337509897498,-0.09477208829568334,0.0,-0.0009783411426426995,0.0017979527578027498,-0.00045905189559171747,0.0004519975685900503,-0.03136539519941983,0.01047223778221515,-0.0315307766145,-0.004962578815471118,-0.004486201713470284,-0.003724999576389099,-0.0008156973289307504,0.002401117376291549,-3.849425094483324e-05,-0.0018189964754432,0.0011309639458839834,-0.004629270815233883,-0.0009783411426426995,-0.0017979527578027498,-0.13413673284919994,0.0,0.9996625167969835
0.8470000000000008,0.0014847085956243003,0.0,-0.0020670446558878177,-0.0013352307418599,-0.002195604877671683,0.00017375805219628322,0.0033889977813051334,-0.0002916535846770599,0.001014608624889817,-0.0008638978632274834,-0.0007870447158325638,0.00042748299899166817,-6.472017645286632e-05,-0.0021616609080498507,0.002083401832911147,-0.00034606721238960664,0.0006460926841775164,-1.3820890607958609e-05,-0.0020670446558878177,0.0013352307418599,0.08541009503743499,0.0,0.2692116775386666,-0.00832518837711305,-0.0003438503414907999,0.017708273815817837,0.017283745996804947,-0.009129546248406135,-0.002262893497735916,-0.0018961749165561635,0.007046773551188234,-0.0009473775064486,0.005601862960415848,-0.010711390358621837,-0.03134352817592101,-0.010560019857045907,-0.002195604877671683,-0.00017375805219628322,0.2692116775386666,0.00832518837711305,0.3911206140539833,0.0,-0.05019721533353499,0.038862707196993834,0.0015563977100518656,-0.00883787256404443,-0.007586673834082832,-0.0064207971378387315,-0.014759641445255508,0.010530077571690001,0.00888197593742256,-0.0086126656328556,-0.031602678367106674,0.005037731124066374,0.0033889977813051334,0.0002916535846770599,-0.0003438503414907999,-0.017708273815817837,-0.05019721533353499,-0.038862707196993834,0.9158781958295,0.0,0.18852820163940004,0.019692413297579852,0.01584603864419399,0.002415303598318995,0.027164288368124963,0.002505149518149008,0.0023769624529174005,0.005528933419375601,-0.004592700691215883,0.0034647226094061314,0.001014608624889817,0.0008638978632274834,0.017283745996804947,0.009129546248406135,0.0015563977100518656,0.00883787256404443,0.18852820163940004,-0.019692413297579852,0.10507572249360161,0.0,0.06334170673772335,0.006056004364083403,0.016155947741297003,-0.0096587935038895,0.09948552535256668,0.012805783577855584,-0.0007975814823631835,-0.0025750444834445664,-0.0007870447158325638,-0.00042748299899166817,-0.002262893497735916,0.0018961749165561635,-0.007586673834082832,0.0064207971378387315,0.01584603864419399,-0.002415303598318995,0.06334170673772335,-0.006056004364083403,-0.1869104278451166,0.0,-0.08013132856557997,-0.00238504181941135,0.025299369269053334,-0.0025047503210666984,-4.813586233029562e-05,0.0018067742187675361,-6.472017645286632e-05,0.0021616609080498507,0.007046773551188234,0.0009473775064486,-0.014759641445255508,-0.010530077571690001,0.027164288368124963,-0.002505149518149008,0.016155947741297003,0.0096587935038895,-0.08013132856557997,0.00238504181941135,-0.08326037423535164,0.0,-0.03312556004951333,0.015439174777792001,0.0011476999293772085,0.004567333963896598,0.002083401832911147,0.00034606721238960664,0.005601862960415848,0.010711390358621837,0.00888197593742256,0.0086126656328556,0.0023769624529174005,-0.005528933419375601,0.09948552535256668,-0.012805783577855584,0.025299369269053334,0.0025047503210666984,-0.03312556004951333,-0.015439174777792001,-0.09484794386875002,0.0,-0.0010053545468581158,0.0018096078362219994,0.0006460926841775164,1.3820890607958609e-05,-0.03134352817592101,0.010560019857045907,-0.031602678367106674,-0.005037731124066374,-0.004592700691215883,-0.0034647226094061314,-0.0007975814823631835,0.0025750444834445664,-4.813586233029562e-05,-0.0018067742187675361,0.0011476999293772085,-0.004567333963896598,-0.0010053545468581158,-0.0018096078362219994,-0.13428825679909998,0.0,0.9996623332618836
0.8479999999999994,0.0014845250810773167,0.0,0.0023526093474404665,-0.0006048091168603833,0.0014125313817036746,-0.0017864092419911663,-0.0019554577186234,0.002818640727317785,-8.88620430964666e-05,0.0013809807521339798,0.00027103228027733323,-0.0008384040835996161,0.0015882239321405418,0.0015109255846534335,-0.0012458597242196764,0.0017135827328840414,-0.0004515398777069504,0.00046831538212088335,0.0023526093474404665,0.0006048091168603833,0.08515816280845333,0.0,0.269120778331,-0.00814170078514673,-0.0003854595501842333,0.01771380467276233,0.01714002237780361,-0.009110378067050118,-0.002255636080494267,-0.0018388968399587668,0.00705789998953149,-0.0009951403030278065,0.005599141503196203,-0.010653229562270832,-0.031323759059275,-0.010642607804477738,0.0014125313817036746,0.0017864092419911663,0.269120778331,0.00814170078514673,0.3909699798950834,0.0,-0.05047511237920666,0.03852972071353733,0.0014929809976800827,-0.008904332713240115,-0.007559338391384619,-0.006360658948397249,-0.014782348939567837,0.010443089940825163,0.008911327207676985,-0.008573115642866396,-0.031650174756691664,0.005088747077527847,-0.0019554577186234,-0.002818640727317785,-0.0003854595501842333,-0.01771380467276233,-0.05047511237920666,-0.03852972071353733,0.9167880873666168,0.0,0.18889195042463333,0.019621154457660803,0.01590267210874318,0.0023442494970890835,0.027416715749905167,0.0026667266528816254,0.00208708369776775,0.005545868841677998,-0.004714433373160582,0.003213094566762933,-8.88620430964666e-05,-0.0013809807521339798,0.01714002237780361,0.009110378067050118,0.0014929809976800827,0.008904332713240115,0.18889195042463333,-0.019621154457660803,0.10503044831734167,0.0,0.06329330525016832,0.00605087823563197,0.016174600695712832,-0.0096452982828236,0.09944540216766501,0.012881512796939719,-0.0007508832727024153,-0.002722224723186699,0.00027103228027733323,0.0008384040835996161,-0.002255636080494267,0.0018388968399587668,-0.007559338391384619,0.006360658948397249,0.01590267210874318,-0.0023442494970890835,0.06329330525016832,-0.00605087823563197,-0.18699961080201666,0.0,-0.08009237863493666,-0.002319680131813059,0.025291341866171678,-0.002512678090511827,-6.415488340028674e-05,0.0018021914544213938,0.0015882239321405418,-0.0015109255846534335,0.00705789998953149,0.0009951403030278065,-0.014782348939567837,-0.010443089940825163,0.027416715749905167,-0.0026667266528816254,0.016174600695712832,0.0096452982828236,-0.08009237863493666,0.002319680131813059,-0.08340295372415328,0.0,-0.03307184358577667,0.015395560815034163,0.0011898228297708216,0.004505324086128631,-0.0012458597242196764,-0.0017135827328840414,0.005599141503196203,0.010653229562270832,0.008911327207676985,0.008573115642866396,0.00208708369776775,-0.005545868841677998,0.09944540216766501,-0.012881512796939719,0.025291341866171678,0.002512678090511827,-0.03307184358577667,-0.015395560815034163,-0.094925821401885,0.0,-0.001036363830392667,0.0017990665682280668,-0.0004515398777069504,-0.00046831538212088335,-0.031323759059275,0.010642607804477738,-0.031650174756691664,-0.005088747077527847,-0.004714433373160582,-0.003213094566762933,-0.0007508832727024153,0.002722224723186699,-6.415488340028674e-05,-0.0018021914544213938,0.0011898228297708216,-0.004505324086128631,-0.001036363830392667,-0.0017990665682280668,-0.13444066779949998,0.0,0.9996621497414833
0.8489999999999988,0.0014843415691648332,0.0,-0.0011515306282713406,0.0020925611089557005,0.0003627118639733334,0.002330024680452803,-0.0009382538495588667,-0.0032938755145979315,-0.0009588792196605164,-0.00104449669808565,0.0003846679284332165,0.0007919023500001009,-0.0022033590517954176,5.9681892877166415e-05,-0.00031652274497363336,-0.0020891904928881703,-1.5170625186831762e-06,-0.0006575005163945001,-0.0011515306282713406,-0.0020925611089557005,0.08491527225805498,0.0,0.2690284846025333,-0.007898275826252268,-0.0004619392342295495,0.017728919520875495,0.017017121491327832,-0.009084160255687285,-0.002237607255148333,-0.001795504601608795,0.007055345038443883,-0.001047794173126,0.005592035996076148,-0.010582229975571834,-0.03130949150524501,-0.010717215537737518,0.0003627118639733334,-0.002330024680452803,0.2690284846025333,0.007898275826252268,0.39081530915291673,0.0,-0.050770595200479995,0.03821014647830683,0.0014543323728101996,-0.00895355890148785,-0.007498003015498352,-0.006322446428932598,-0.014833194356797837,0.010366381920734004,0.008956476598576317,-0.008550439147917884,-0.031708306843088334,0.005167622256733517,-0.0009382538495588667,0.0032938755145979315,-0.0004619392342295495,-0.017728919520875495,-0.050770595200479995,-0.03821014647830683,0.91769344554675,0.0,0.1892457055813667,0.019538974355310365,0.015972557132532636,0.0022588492764540583,0.02763981926320917,0.0028799835935063153,0.0017998875258459493,0.005507998269261101,-0.004799703332120144,0.0029613637167986667,-0.0009588792196605164,0.00104449669808565,0.017017121491327832,0.009084160255687285,0.0014543323728101996,0.00895355890148785,0.1892457055813667,-0.019538974355310365,0.10498847005078166,0.0,0.063245959079315,0.006042882398537686,0.01620940471118867,-0.009595878630857103,0.09938726737179,0.012963388264218233,-0.0006801794104484932,-0.00285780158632732,0.0003846679284332165,-0.0007919023500001009,-0.002237607255148333,0.001795504601608795,-0.007498003015498352,0.006322446428932598,0.015972557132532636,-0.0022588492764540583,0.063245959079315,-0.006042882398537686,-0.18709048554508326,0.0,-0.08006205734197167,-0.00225426948336943,0.025280887236451666,-0.002519676922114915,-6.776682753284986e-05,0.0017763261267665013,-0.0022033590517954176,-5.9681892877166415e-05,0.007055345038443883,0.001047794173126,-0.014833194356797837,-0.010366381920734004,0.02763981926320917,-0.0028799835935063153,0.01620940471118867,0.009595878630857103,-0.08006205734197167,0.00225426948336943,-0.08354410475391834,0.0,-0.033027894475428345,0.015346801691012834,0.0012279720475240332,0.004432145270919186,-0.00031652274497363336,0.0020891904928881703,0.005592035996076148,0.010582229975571834,0.008956476598576317,0.008550439147917884,0.0017998875258459493,-0.005507998269261101,0.09938726737179,-0.012963388264218233,0.025280887236451666,0.002519676922114915,-0.033027894475428345,-0.015346801691012834,-0.09500655120103167,0.0,-0.001043946296095913,0.001769670630586133,-1.5170625186831762e-06,0.0006575005163945001,-0.03130949150524501,0.010717215537737518,-0.031708306843088334,-0.005167622256733517,-0.004799703332120144,-0.0029613637167986667,-0.0006801794104484932,0.00285780158632732,-6.776682753284986e-05,-0.0017763261267665013,0.0012279720475240332,-0.004432145270919186,-0.001043946296095913,-0.001769670630586133,-0.13459373085495,0.0,0.9996619662225169
0.8500000000000009,0.001484158046030983,0.0,-0.0007124449137095334,-0.002212818999244966,-0.0019631436107853833,-0.001357713366398284,0.0031080574987714825,0.0013451026482458838,0.0014439326236256355,-7.703581652433374e-06,-0.0008345970835701033,-0.00030516260940742496,0.0014980763236583157,-0.0016216698199855667,0.0017017070016248166,0.0012471928766161133,0.0004706103902046334,0.0004763303793765497,-0.0007124449137095334,0.002212818999244966,0.08468269862924169,0.0,0.2689078357955333,-0.007649105461917515,-0.0005399875808035499,0.017730293951415666,0.016916368923723498,-0.009065521761464855,-0.0022224642445115997,-0.0017471918082925496,0.007035516016152742,-0.0010891759528455672,0.005572226608536334,-0.010524146798794331,-0.031290620943488334,-0.010800829695296917,-0.0019631436107853833,0.001357713366398284,0.2689078357955333,0.007649105461917515,0.3906548784007666,0.0,-0.05108455043368999,0.03792547251128839,0.0014479938249137502,-0.009014075933947431,-0.007429787274204316,-0.006268620343769049,-0.014928438097940021,0.010307855979955786,0.009027124783821599,-0.008529490635075902,-0.03179511203380334,0.005280032865040663,0.0031080574987714825,-0.0013451026482458838,-0.0005399875808035499,-0.017730293951415666,-0.05108455043368999,-0.03792547251128839,0.91859441195185,0.0,0.18961472378805005,0.019443141640806478,0.01605018637040052,0.002195261693832901,0.027820716899835334,0.0031314138709939267,0.0015335854880385003,0.005409033739959914,-0.004784486887639535,0.002704205827845154,0.0014439326236256355,7.703581652433374e-06,0.016916368923723498,0.009065521761464855,0.0014479938249137502,0.009014075933947431,0.18961472378805005,-0.019443141640806478,0.10495027880513665,0.0,0.06319004802857169,0.0060419527167913985,0.016221376437836495,-0.009523840984977985,0.09930999636307666,0.013016660605853747,-0.0005961610004118048,-0.0029995676897807497,-0.0008345970835701033,0.00030516260940742496,-0.0022224642445115997,0.0017471918082925496,-0.007429787274204316,0.006268620343769049,0.01605018637040052,-0.002195261693832901,0.06319004802857169,-0.0060419527167913985,-0.1871834675948,0.0,-0.08003805944415666,-0.002174334726018488,0.025257491636098337,-0.002537849069011694,-5.68655080662666e-05,0.0017241753485184531,0.0014980763236583157,0.0016216698199855667,0.007035516016152742,0.0010891759528455672,-0.014928438097940021,-0.010307855979955786,0.027820716899835334,-0.0031314138709939267,0.016221376437836495,0.009523840984977985,-0.08003805944415666,0.002174334726018488,-0.08368386088213167,0.0,-0.032987242713475,0.015297205683870496,0.0012507706174574105,0.0043540832593510406,0.0017017070016248166,-0.0012471928766161133,0.005572226608536334,0.010524146798794331,0.009027124783821599,0.008529490635075902,0.0015335854880385003,-0.005409033739959914,0.09930999636307666,-0.013016660605853747,0.025257491636098337,0.002537849069011694,-0.032987242713475,-0.015297205683870496,-0.09509001663620668,0.0,-0.0010361794677083284,0.0017378315383717047,0.0004706103902046334,-0.0004763303793765497,-0.031290620943488334,0.010800829695296917,-0.03179511203380334,-0.005280032865040663,-0.004784486887639535,-0.002704205827845154,-0.0005961610004118048,0.0029995676897807497,-5.68655080662666e-05,-0.0017241753485184531,0.0012507706174574105,-0.0043540832593510406,-0.0010361794677083284,-0.0017378315383717047,-0.13474729802666666,0.0,0.9996617826933499
0.8509999999999993,0.0014839745226528996,0.0,0.0020422689538172703,0.0009525727230413997,0.0023475616426776856,-0.00046557525639241693,-0.0029831850653414343,0.0015126859888926164,-0.0009792204944877668,0.0011197123453664671,0.0008139305332272832,-0.00036325904016752485,0.00010625446336993329,0.0022246501054825007,-0.002079165864301366,0.0003384977255030057,-0.000681046758470033,-4.534338133866876e-06,0.0020422689538172703,-0.0009525727230413997,0.0844601381830183,0.0,0.2687640960327166,-0.00742082341431595,-0.0005990878918746167,0.017717793277484115,0.016804945910996336,-0.009040090958000084,-0.0022321012675864563,-0.0016902050865079837,0.007021160030210585,-0.0011241885654334398,0.0055558337711999,-0.010494750450732334,-0.0312540665356,-0.010898899340821269,0.0023475616426776856,0.00046557525639241693,0.2687640960327166,0.00742082341431595,0.39048869787011664,0.0,-0.051456816623315,0.037680600348525356,0.0014362444328329502,-0.00911621241671238,-0.007411609024105093,-0.006188401880004016,-0.015026618219939003,0.010250498120240531,0.009079832415366603,-0.00850879261356719,-0.031882031033764996,0.005380069476797067,-0.0029831850653414343,-0.0015126859888926164,-0.0005990878918746167,-0.017717793277484115,-0.051456816623315,-0.037680600348525356,0.9194918578794333,0.0,0.19000941701699994,0.019391390247388177,0.016125952616268965,0.0021668620667919724,0.027963461430987668,0.0033897187744800833,0.0012906927230008336,0.005267948793655963,-0.004688636602980843,0.002448305285668784,-0.0009792204944877668,-0.0011197123453664671,0.016804945910996336,0.009040090958000084,0.0014362444328329502,0.00911621241671238,0.19000941701699994,-0.019391390247388177,0.10491481934029004,0.0,0.06313508199559334,0.006034129700065613,0.01620141754345783,-0.009468412734269965,0.09923214581103999,0.013047888305395269,-0.0005055624952532338,-0.0031429625887200168,0.0008139305332272832,0.00036325904016752485,-0.0022321012675864563,0.0016902050865079837,-0.007411609024105093,0.006188401880004016,0.016125952616268965,-0.0021668620667919724,0.06313508199559334,-0.006034129700065613,-0.18727892316683328,0.0,-0.08001718024609335,-0.002091604209842762,0.025237578854939997,-0.002555054862765755,-5.222873241895167e-05,0.00167273321859945,0.00010625446336993329,-0.0022246501054825007,0.007021160030210585,0.0011241885654334398,-0.015026618219939003,-0.010250498120240531,0.027963461430987668,-0.0033897187744800833,0.01620141754345783,0.009468412734269965,-0.08001718024609335,0.002091604209842762,-0.08382194404204002,0.0,-0.03294227849542,0.01525170536419083,0.0012823825597365669,0.0042968295711093936,-0.002079165864301366,-0.0003384977255030057,0.0055558337711999,0.010494750450732334,0.009079832415366603,0.00850879261356719,0.0012906927230008336,-0.005267948793655963,0.09923214581103999,-0.013047888305395269,0.025237578854939997,0.002555054862765755,-0.03294227849542,-0.01525170536419083,-0.09517543004720999,0.0,-0.0010391649960443184,0.0017089093398842568,-0.000681046758470033,4.534338133866876e-06,-0.0312540665356,0.010898899340821269,-0.031882031033764996,-0.005380069476797067,-0.004688636602980843,-0.002448305285668784,-0.0005055624952532338,0.0031429625887200168,-5.222873241895167e-05,-0.00167273321859945,0.0012823825597365669,-0.0042968295711093936,-0.0010391649960443184,-0.0017089093398842568,-0.134901591376,0.0,0.9996615991631504
0.8519999999999989,0.0014837910069201668,0.0,-0.0020275148476834675,0.0008311149174614664,-0.0013174836905932399,0.002052079333523883,0.0007542391853223328,-0.0032249789645269864,-0.00017458672583544805,-0.0015407436142624302,-0.00032732982385226317,0.0008258674155010835,-0.0016762717982130501,-0.0015274388638625996,0.00120960379962265,-0.0017017585055103862,0.0004880891301465668,-0.0004708855982917168,-0.0020275148476834675,-0.0008311149174614664,0.0842470985343117,0.0,0.2686310752347168,-0.007195751803126332,-0.0006637949009632171,0.017709474417398736,0.016671786733779163,-0.008978903492358001,-0.0022633028482577115,-0.001639261415029483,0.007020460688275051,-0.0011689014773004988,0.005562853760465167,-0.010470402075811831,-0.031201179491131673,-0.010989585608634214,-0.0013174836905932399,-0.002052079333523883,0.2686310752347168,0.007195751803126332,0.3903171276648335,0.0,-0.051874418920375004,0.037465928782929994,0.0013977869906541332,-0.0092567387702971,-0.007426186303164305,-0.00611161056313596,-0.015092671234921914,0.010177880515991413,0.009091282584541201,-0.008502864765265603,-0.03194589994347832,0.005443327312998866,0.0007542391853223328,0.0032249789645269864,-0.0006637949009632171,-0.017709474417398736,-0.051874418920375004,-0.037465928782929994,0.9203876855882834,0.0,0.19040003612301667,0.019405770329769482,0.016198196690605498,0.002149889061597217,0.028078669014610164,0.003653833593254036,0.00107042277530515,0.005096197215044882,-0.004578248635915948,0.0021991182350764344,-0.00017458672583544805,0.0015407436142624302,0.016671786733779163,0.008978903492358001,0.0013977869906541332,0.0092567387702971,0.19040003612301667,-0.019405770329769482,0.10487997541467164,0.0,0.06309677805019999,0.006013669464510265,0.016182221050826336,-0.009424678357347336,0.09915533248885663,0.013090148761128384,-0.00040594138228875013,-0.0032745680921110274,-0.00032732982385226317,-0.0008258674155010835,-0.0022633028482577115,0.001639261415029483,-0.007426186303164305,0.00611161056313596,0.016198196690605498,-0.002149889061597217,0.06309677805019999,-0.006013669464510265,-0.18737630736191666,0.0,-0.07999671057592665,-0.002024199407633385,0.025236739049693327,-0.0025557726796789403,-6.479601171718848e-05,0.0016421062933357018,-0.0016762717982130501,0.0015274388638625996,0.007020460688275051,0.0011689014773004988,-0.015092671234921914,-0.010177880515991413,0.028078669014610164,-0.003653833593254036,0.016182221050826336,0.009424678357347336,-0.07999671057592665,0.002024199407633385,-0.08395843635104003,0.0,-0.03290288382375334,0.015206328935366834,0.0013382819722406669,0.004271788003215483,0.00120960379962265,0.0017017585055103862,0.005562853760465167,0.010470402075811831,0.009091282584541201,0.008502864765265603,0.00107042277530515,-0.005096197215044882,0.09915533248885663,-0.013090148761128384,0.025236739049693327,0.0025557726796789403,-0.03290288382375334,-0.015206328935366834,-0.09526265543089497,0.0,-0.0010494222576055605,0.001676733809695202,0.0004880891301465668,0.0004708855982917168,-0.031201179491131673,0.010989585608634214,-0.03194589994347832,-0.005443327312998866,-0.004578248635915948,-0.0021991182350764344,-0.00040594138228875013,0.0032745680921110274,-6.479601171718848e-05,-0.0016421062933357018,0.0013382819722406669,-0.004271788003215483,-0.0010494222576055605,-0.001676733809695202,-0.13505686342368334,0.0,0.9996614156412665
0.853000000000001,0.0014836074931654662,0.0,0.0007622129003904216,-0.0019868165283089636,-0.0006008441917301333,-0.0024369171856112827,0.00197147763571775,0.0026191454393014665,0.0012908257620672505,0.0009623763198794334,-0.00034596905000182826,-0.0008244512947430498,0.0023097451212063325,-0.00011768138466840008,0.0003466301711871832,0.0020234010299990985,-2.9833479301208505e-05,0.0006562597169384167,0.0007622129003904216,0.0019868165283089636,0.08404358023717998,0.0,0.26850647796756666,-0.006964564227554168,-0.0007513719794118004,0.017702321171171917,0.016547177590556832,-0.008891022060989184,-0.002290813226756704,-0.0015951608025319398,0.007012499266069532,-0.0012248538029222332,0.005587792783148948,-0.010421109179265014,-0.031142338401359992,-0.0110521068979495,-0.0006008441917301333,0.0024369171856112827,0.26850647796756666,0.006964564227554168,0.3901400303838001,0.0,-0.05226597316921833,0.037257670510259515,0.0013662391070083336,-0.00941274052947002,-0.0074095000507705825,-0.006047700305771216,-0.015142093322966716,0.010090890565463216,0.009100276616406165,-0.008505734694282932,-0.03201316930172333,0.005492378571476985,0.00197147763571775,-0.0026191454393014665,-0.0007513719794118004,-0.017702321171171917,-0.05226597316921833,-0.037257670510259515,0.9212831636440835,0.0,0.19075245381041667,0.01943285027436055,0.016266518042518077,0.00212590079428705,0.028158833184321327,0.003939334672341667,0.0008771729117183952,0.0048924977394443365,-0.00445780457774425,0.001967831432103705,0.0012908257620672505,-0.0009623763198794334,0.016547177590556832,0.008891022060989184,0.0013662391070083336,0.00941274052947002,0.19075245381041667,-0.01943285027436055,0.10484495636104998,0.0,0.06306066224389334,0.005996208169281382,0.016181516381953497,-0.009347858589979169,0.09906155853407833,0.013144554793991115,-0.0002924125350365997,-0.0033963328060185568,-0.00034596905000182826,0.0008244512947430498,-0.002290813226756704,0.0015951608025319398,-0.0074095000507705825,0.006047700305771216,0.016266518042518077,-0.00212590079428705,0.06306066224389334,-0.005996208169281382,-0.1874749904804334,0.0,-0.07997050800790335,-0.0019656881967772483,0.02523651994430667,-0.002549165276215216,-7.964546006463862e-05,0.0016227629346424828,0.0023097451212063325,0.00011768138466840008,0.007012499266069532,0.0012248538029222332,-0.015142093322966716,-0.010090890565463216,0.028158833184321327,-0.003939334672341667,0.016181516381953497,0.009347858589979169,-0.07997050800790335,0.0019656881967772483,-0.08409383383983667,0.0,-0.032879153646074986,0.015151362383420169,0.0013978534209291632,0.004257276121911118,0.0003466301711871832,-0.0020234010299990985,0.005587792783148948,0.010421109179265014,0.009100276616406165,0.008505734694282932,0.0008771729117183952,-0.0048924977394443365,0.09906155853407833,-0.013144554793991115,0.02523651994430667,0.002549165276215216,-0.032879153646074986,-0.015151362383420169,-0.09535231628712333,0.0,-0.0010384380313625391,0.0016491178362501003,-2.9833479301208505e-05,-0.0006562597169384167,-0.031142338401359992,0.0110521068979495,-0.03201316930172333,-0.005492378571476985,-0.00445780457774425,-0.001967831432103705,-0.0002924125350365997,0.0033963328060185568,-7.964546006463862e-05,-0.0016227629346424828,0.0013978534209291632,-0.004257276121911118,-0.0010384380313625391,-0.0016491178362501003,-0.13521296539059996,0.0,0.9996612321209838
0.8539999999999993,0.001483423963882884,0.0,0.0008752532810867877,0.0018523631493315422,0.0022058941446306568,0.0012564939062840313,-0.0032417250382039495,-0.00014501159174598355,-0.0016233487543933424,0.00030763905765301676,0.0008375284053603005,0.0003589777635645033,-0.0015415889430696833,0.001775809401988623,-0.0016538238665139168,-0.00115877077759285,-0.00041078450471228323,-0.0004759246927079882,0.0008752532810867877,-0.0018523631493315422,0.08384907574904998,0.0,0.2683966514820334,-0.006757668457826836,-0.0008299663928961667,0.01765886979446159,0.016457796115018665,-0.008822486087034532,-0.0023074722986012783,-0.0015407600832898,0.006980869193792563,-0.0012808130200289466,0.005607303851607299,-0.010357769973018916,-0.031085476405103327,-0.011097788988066752,0.0022058941446306568,-0.0012564939062840313,0.2683966514820334,0.006757668457826836,0.3899577355180835,0.0,-0.052607496744218336,0.03704031911034083,0.001376772496864734,-0.009572487622898092,-0.0073667114636653186,-0.00597499463398085,-0.015206538918307037,0.009996017448400507,0.009144665595693217,-0.008485680145752735,-0.03212109660345501,0.0055486566208966985,-0.0032417250382039495,0.00014501159174598355,-0.0008299663928961667,-0.01765886979446159,-0.052607496744218336,-0.03704031911034083,0.9221781196172666,0.0,0.19110141000568334,0.019438919964927918,0.016328288037053152,0.0021032291439984337,0.028199306466761664,0.0042406677069026,0.0007095412840089503,0.004658309585824366,-0.004278336894905917,0.0017874541624973562,-0.0016233487543933424,-0.00030763905765301676,0.016457796115018665,0.008822486087034532,0.001376772496864734,0.009572487622898092,0.19110141000568334,-0.019438919964927918,0.1048104656116917,0.0,0.06300974423760834,0.005994199736629608,0.0161759315005195,-0.009229615414204516,0.09896826208914332,0.01317995124250702,-0.00016638738067668326,-0.0035225770840273474,0.0008375284053603005,-0.0003589777635645033,-0.0023074722986012783,0.0015407600832898,-0.0073667114636653186,0.00597499463398085,0.016328288037053152,-0.0021032291439984337,0.06300974423760834,-0.005994199736629608,-0.1875753711508667,0.0,-0.07994208409104164,-0.001891013143553416,0.02521199738491666,-0.002554357221791355,-8.108528851174673e-05,0.0015955366865088993,-0.0015415889430696833,-0.001775809401988623,0.006980869193792563,0.0012808130200289466,-0.015206538918307037,-0.009996017448400507,0.028199306466761664,-0.0042406677069026,0.0161759315005195,0.009229615414204516,-0.07994208409104164,0.001891013143553416,-0.08422827606292833,0.0,-0.032868888143705,0.0150872244922025,0.0014378961411877166,0.004232623555349351,-0.0016538238665139168,0.00115877077759285,0.005607303851607299,0.010357769973018916,0.009144665595693217,0.008485680145752735,0.0007095412840089503,-0.004658309585824366,0.09896826208914332,-0.01317995124250702,0.02521199738491666,0.002554357221791355,-0.032868888143705,-0.0150872244922025,-0.09544455082369332,0.0,-0.0010010240574749628,0.0016423589453989501,-0.00041078450471228323,0.0004759246927079882,-0.031085476405103327,0.011097788988066752,-0.03212109660345501,-0.0055486566208966985,-0.004278336894905917,-0.0017874541624973562,-0.00016638738067668326,0.0035225770840273474,-8.108528851174673e-05,-0.0015955366865088993,0.0014378961411877166,-0.004232623555349351,-0.0010010240574749628,-0.0016423589453989501,-0.13536957383691667,0.0,0.9996610485860834
0.854999999999999,0.0014832404209763,0.0,-0.0018663020889573836,-0.0006111548701919998,-0.0024078872742936824,0.0007151268323437163,0.0021701792526514006,-0.002398311295211317,0.0008644400445560834,-0.0014466321734290667,-0.0008653111212652,0.0003173447223606033,-0.00021759536211251644,-0.0023837144695498308,0.0019638654598284747,-0.00036264350176475833,0.0006027490293012834,5.3758609764013475e-05,-0.0018663020889573836,0.0006111548701919998,0.08366218654581499,0.0,0.2682685953602333,-0.006588721862917101,-0.0008552702673703931,0.01754127581541107,0.0163857197754495,-0.008789082152684233,-0.0023309628300607573,-0.0014687279641804002,0.0069408067785552315,-0.0013349593537061997,0.005614859909575166,-0.010314097424274865,-0.03102110569388501,-0.011144354775207142,-0.0024078872742936824,-0.0007151268323437163,0.2682685953602333,0.006588721862917101,0.3897717107297668,0.0,-0.05294159947904334,0.03680489428239984,0.0014041630738204833,-0.009739365653890135,-0.007369667354277052,-0.005889479401568445,-0.015265110264795049,0.009884280848308597,0.00919899969597465,-0.008428247137350632,-0.03223949973102167,0.0055993788236305495,0.0021701792526514006,0.002398311295211317,-0.0008552702673703931,-0.01754127581541107,-0.05294159947904334,-0.03680489428239984,0.9230721033470837,0.0,0.1914539133024334,0.019459293761725397,0.01638148089561542,0.002099086765437313,0.028208189366918338,0.004536835072957849,0.0005584031839856331,0.004405057752214483,-0.004040028356939886,0.0016688853955574162,0.0008644400445560834,0.0014466321734290667,0.0163857197754495,0.008789082152684233,0.0014041630738204833,0.009739365653890135,0.1914539133024334,-0.019459293761725397,0.10477644899326834,0.0,0.06294389897051832,0.005993237229024217,0.01613671241595784,-0.009113068639875703,0.09889687205888838,0.013184682694481253,-3.376280001683325e-05,-0.00365532187967291,-0.0008653111212652,-0.0003173447223606033,-0.0023309628300607573,0.0014687279641804002,-0.007369667354277052,0.005889479401568445,0.01638148089561542,-0.002099086765437313,0.06294389897051832,-0.005993237229024217,-0.18767842026886666,0.0,-0.07989976288633503,-0.001794625123712634,0.025167325362133338,-0.0025667274005834917,-7.920005524270166e-05,0.0015626029664044666,-0.00021759536211251644,0.0023837144695498308,0.0069408067785552315,0.0013349593537061997,-0.015265110264795049,-0.009884280848308597,0.028208189366918338,-0.004536835072957849,0.01613671241595784,0.009113068639875703,-0.07989976288633503,0.001794625123712634,-0.0843612083689467,0.0,-0.03285554738415334,0.015021638681163001,0.0014688354849625,0.004210012121417405,0.0019638654598284747,0.00036264350176475833,0.005614859909575166,0.010314097424274865,0.00919899969597465,0.008428247137350632,0.0005584031839856331,-0.004405057752214483,0.09889687205888838,-0.013184682694481253,0.025167325362133338,0.0025667274005834917,-0.03285554738415334,-0.015021638681163001,-0.09553856682191834,0.0,-0.0009685008206607998,0.0016522753539271165,0.0006027490293012834,-5.3758609764013475e-05,-0.03102110569388501,0.011144354775207142,-0.03223949973102167,-0.0055993788236305495,-0.004040028356939886,-0.0016688853955574162,-3.376280001683325e-05,0.00365532187967291,-7.920005524270166e-05,-0.0015626029664044666,0.0014688354849625,-0.004210012121417405,-0.0009685008206607998,-0.0016522753539271165,-0.13552662954073336,0.0,0.9996608650366666
0.8560000000000011,0.001483056882581767,0.0,0.0016601203316057504,-0.0009128520265555335,0.0011303230063074003,-0.002224113410075618,0.0004562589536307366,0.0032236069355960277,0.0005109051136554,0.0016370683808611531,0.00041660267807273345,-0.00081162678131965,0.001885215507313804,0.0015568265055330007,-0.0011130313554589637,0.001633507440179247,-0.00045229277303833313,0.0003701053028493601,0.0016601203316057504,0.0009128520265555335,0.08348199682578165,0.0,0.26815141292701666,-0.006420936671326614,-0.0008406847285592497,0.017370226089973,0.016299598210577495,-0.008760429685385948,-0.002364566615069652,-0.0013949448990133498,0.006920472456192201,-0.0013943173988787752,0.005628675342744141,-0.010292878211226052,-0.030954989974016647,-0.011184320316726403,0.0011303230063074003,0.002224113410075618,0.26815141292701666,0.006420936671326614,0.38958307576733325,0.0,-0.053318438502909994,0.03656420371302901,0.0013969504363919828,-0.009917966606753783,-0.007445665271560835,-0.005818667930944311,-0.01527509892075116,0.009755034459688412,0.009221898182762553,-0.00836172953620987,-0.032315953356528336,0.005633647533930166,0.0004562589536307366,-0.0032236069355960277,-0.0008406847285592497,-0.017370226089973,-0.053318438502909994,-0.03656420371302901,0.9239656690682828,0.0,0.19180355999909998,0.01953311752701746,0.016433847022053895,0.0021123711342221005,0.028195019926388013,0.004825617564055785,0.00042230732314331616,0.0041432420163357,-0.003806736983073552,0.0015721253488015748,0.0005109051136554,-0.0016370683808611531,0.016299598210577495,0.008760429685385948,0.0013969504363919828,0.009917966606753783,0.19180355999909998,-0.01953311752701746,0.10474123550814836,0.0,0.06289386191526831,0.00597405093231535,0.016079971027127833,-0.009026264296692548,0.09886350820178498,0.013188705523976989,9.973209511176128e-05,-0.0037767111581850964,0.00041660267807273345,0.00081162678131965,-0.002364566615069652,0.0013949448990133498,-0.007445665271560835,0.005818667930944311,0.016433847022053895,-0.0021123711342221005,0.06289386191526831,-0.00597405093231535,-0.18778429177676662,0.0,-0.07985081153731333,-0.0016970957089008168,0.02513385733030501,-0.002563807462904807,-9.392342913831675e-05,0.00154023630727525,0.001885215507313804,-0.0015568265055330007,0.006920472456192201,0.0013943173988787752,-0.01527509892075116,-0.009755034459688412,0.028195019926388013,-0.004825617564055785,0.016079971027127833,0.009026264296692548,-0.07985081153731333,0.0016970957089008168,-0.08449207251019002,0.0,-0.03283809957105835,0.014958823325831667,0.0015165045602875567,0.0042149318429624836,-0.0011130313554589637,-0.001633507440179247,0.005628675342744141,0.010292878211226052,0.009221898182762553,0.00836172953620987,0.00042230732314331616,-0.0041432420163357,0.09886350820178498,-0.013188705523976989,0.02513385733030501,0.002563807462904807,-0.03283809957105835,-0.014958823325831667,-0.09563376500266167,0.0,-0.0009615911674886769,0.0016562277682074837,-0.00045229277303833313,-0.0003701053028493601,-0.030954989974016647,0.011184320316726403,-0.032315953356528336,-0.005633647533930166,-0.003806736983073552,-0.0015721253488015748,9.973209511176128e-05,0.0037767111581850964,-9.392342913831675e-05,-0.00154023630727525,0.0015165045602875567,-0.0042149318429624836,-0.0009615911674886769,-0.0016562277682074837,-0.13568422327081667,0.0,0.9996606814916333
0.8569999999999994,0.0014828733546111501,0.0,-0.00046165975632476346,0.0017804469922346649,0.0008777309402507345,0.0023694093478618585,-0.002802429324350849,-0.0017150247640489496,-0.0015613743368881328,-0.0007400007642059832,0.00023474309552359984,0.0008605502226435337,-0.00248497429709659,0.00021942647638121664,-0.00035912576060571336,-0.0019184239970972496,6.493669601423801e-05,-0.0005571433269630366,-0.00046165975632476346,-0.0017804469922346649,0.08330926579325831,0.0,0.26804531813156657,-0.006204472374814382,-0.0008350079921299998,0.017200961006088165,0.016196130340050005,-0.008713947761959634,-0.0023806343052232494,-0.001333149314476767,0.006912054174315205,-0.0014615998389605554,0.005654753189806038,-0.01025751497450528,-0.030906022636768338,-0.01120049758295773,0.0008777309402507345,-0.0023694093478618585,0.26804531813156657,0.006204472374814382,0.3893909857674334,0.0,-0.05371833815540667,0.03632981855163133,0.0013509019821576816,-0.010094161429348466,-0.007532010250079551,-0.005775675023630968,-0.0152435146583405,0.00962937625808718,0.009226937955970236,-0.008310122783388982,-0.032357640410971986,0.005669259971998501,-0.002802429324350849,0.0017150247640489496,-0.0008350079921299998,-0.017200961006088165,-0.05371833815540667,-0.03632981855163133,0.9248596846269497,0.0,0.1921144807546,0.01961969693634301,0.016494146323290652,0.0021259806923742334,0.028147120302954808,0.005116373120156515,0.00030758257092636666,0.0038704573993754406,-0.0036086737905545825,0.0014650453867562883,-0.0015613743368881328,0.0007400007642059832,0.016196130340050005,0.008713947761959634,0.0013509019821576816,0.010094161429348466,0.1921144807546,-0.01961969693634301,0.10470367400529171,0.0,0.06285704142058333,0.005942998658469933,0.016034309743642994,-0.008942530073171076,0.09883848163682167,0.013213739384009004,0.00023310964540113502,-0.0038688359544943526,0.00023474309552359984,-0.0008605502226435337,-0.0023806343052232494,0.001333149314476767,-0.007532010250079551,0.005775675023630968,0.016494146323290652,-0.0021259806923742334,0.06285704142058333,-0.005942998658469933,-0.1878922701959834,0.0,-0.07979829276646837,-0.0016144710630199603,0.025114986298623333,-0.002539744051985983,-0.00012102817353208677,0.0015257629514824483,-0.00248497429709659,-0.00021942647638121664,0.006912054174315205,0.0014615998389605554,-0.0152435146583405,-0.00962937625808718,0.028147120302954808,-0.005116373120156515,0.016034309743642994,0.008942530073171076,-0.07979829276646837,0.0016144710630199603,-0.08462093716057166,0.0,-0.03282253120535334,0.014893270599273497,0.0015850573892357222,0.004238360157628901,-0.00035912576060571336,0.0019184239970972496,0.005654753189806038,0.01025751497450528,0.009226937955970236,0.008310122783388982,0.00030758257092636666,-0.0038704573993754406,0.09883848163682167,-0.013213739384009004,0.025114986298623333,0.002539744051985983,-0.03282253120535334,-0.014893270599273497,-0.09573058782506502,0.0,-0.0009608318455373834,0.0016457216024454335,6.493669601423801e-05,0.0005571433269630366,-0.030906022636768338,0.01120049758295773,-0.032357640410971986,-0.005669259971998501,-0.0036086737905545825,-0.0014650453867562883,0.00023310964540113502,0.0038688359544943526,-0.00012102817353208677,-0.0015257629514824483,0.0015850573892357222,-0.004238360157628901,-0.0009608318455373834,-0.0016457216024454335,-0.13584219040861661,0.0,0.9996604979578833
0.8579999999999991,0.0014826898273053001,0.0,-0.0009365699434945481,-0.001510750364505883,-0.0023742723776105676,-0.0009646166389479496,0.003105175539794183,-0.0011134403644396046,0.0015886786616624074,-0.0006435590726399337,-0.0007393086595888582,-0.00046553120890756647,0.0016272943584150835,-0.0019371646581378495,0.0015946004695700834,0.0010928990550149334,0.0003270024078859334,0.00042964121182248005,-0.0009365699434945481,0.001510750364505883,0.08314580183327501,0.0,0.2679684090856167,-0.005938271016636832,-0.0008547840399677833,0.017046152727312427,0.016102942646390003,-0.00867501571864912,-0.002361011708322698,-0.0012772711909993099,0.006879687746262377,-0.0015345593574991674,0.005667692594571266,-0.010194106160609777,-0.03088860389358833,-0.011203062924545882,-0.0023742723776105676,0.0009646166389479496,0.2679684090856167,0.005938271016636832,0.3891931099315334,0.0,-0.05411514255421667,0.03612666429235683,0.0013118346332760672,-0.010255065012901752,-0.007577136309960816,-0.005739828556699819,-0.015229772353303674,0.009527789595297199,0.009262895274871502,-0.008260253408584854,-0.032431288533788835,0.005724545987980283,0.003105175539794183,0.0011134403644396046,-0.0008547840399677833,-0.017046152727312427,-0.05411514255421667,-0.03612666429235683,0.9257539565388665,0.0,0.19242511945125,0.019664011139594203,0.016557978522811063,0.0021341451787433847,0.0280515105972965,0.005395293584270096,0.00022510931700441672,0.003571024584176465,-0.0034130545964262513,0.0013867811306795493,0.0015886786616624074,0.0006435590726399337,0.016102942646390003,0.00867501571864912,0.0013118346332760672,0.010255065012901752,0.19242511945125,-0.019664011139594203,0.10466460904419833,0.0,0.06281465430716499,0.005917557880884039,0.015997349875685168,-0.008834675156025196,0.09881526916071166,0.013240093112098164,0.00036993416820744145,-0.003934059009939204,-0.0007393086595888582,0.00046553120890756647,-0.002361011708322698,0.0012772711909993099,-0.007577136309960816,0.005739828556699819,0.016557978522811063,-0.0021341451787433847,0.06281465430716499,-0.005917557880884039,-0.18800186936118335,0.0,-0.07975449708882999,-0.0015377383028549164,0.025087454527313327,-0.002512287813221101,-0.0001369895625059217,0.0014969482863402964,0.0016272943584150835,0.0019371646581378495,0.006879687746262377,0.0015345593574991674,-0.015229772353303674,-0.009527789595297199,0.0280515105972965,-0.005395293584270096,0.015997349875685168,0.008834675156025196,-0.07975449708882999,0.0015377383028549164,-0.08474816037499336,0.0,-0.03280904653468168,0.014827167966667169,0.001658482501455734,0.004249693063005951,0.0015946004695700834,-0.0010928990550149334,0.005667692594571266,0.010194106160609777,0.009262895274871502,0.008260253408584854,0.00022510931700441672,-0.003571024584176465,0.09881526916071166,-0.013240093112098164,0.025087454527313327,0.002512287813221101,-0.03280904653468168,-0.014827167966667169,-0.09582963940315999,0.0,-0.0009404298406438499,0.0016364362665185334,0.0003270024078859334,-0.00042964121182248005,-0.03088860389358833,0.011203062924545882,-0.032431288533788835,-0.005724545987980283,-0.0034130545964262513,-0.0013867811306795493,0.00036993416820744145,0.003934059009939204,-0.0001369895625059217,-0.0014969482863402964,0.001658482501455734,-0.004249693063005951,-0.0009404298406438499,-0.0016364362665185334,-0.13600018361219995,0.0,0.9996603144232002
0.8590000000000012,0.0014825062894562,0.0,0.0016682893480650307,0.0003385667830339165,0.0023127627340443417,-0.0010834622133107433,-0.0010604305867517386,0.0031237955777725164,-0.0005619036373721166,0.0015943647538851434,0.0008383975010704553,-0.00015621961689688338,0.0002357501352701004,0.0025433529662917762,-0.0018952217358077091,0.00037096544229488335,-0.0005250914970265152,-7.675803376148344e-05,0.0016682893480650307,-0.0003385667830339165,0.08299279839620834,0.0,0.26790090285835,-0.0056570818040828355,-0.0008804850334226002,0.01686121454458034,0.016033998769463337,-0.008662851335637834,-0.0023262379870619943,-0.0012172191705286516,0.006816478813293062,-0.001609999394020383,0.005647422552271674,-0.010132959747418548,-0.030886177661349993,-0.011217087588520096,0.0023127627340443417,0.0010834622133107433,0.26790090285835,0.0056570818040828355,0.3889875648561001,0.0,-0.05451531493247002,0.03597429006231116,0.0013060842498862494,-0.010409608384556132,-0.007608966022025312,-0.005696823745131917,-0.015255655217202735,0.009445137656434649,0.009331061595319455,-0.008194352053607206,-0.032548899870111,0.005788333678418235,-0.0010604305867517386,-0.0031237955777725164,-0.0008804850334226002,-0.01686121454458034,-0.05451531493247002,-0.03597429006231116,0.9266480520814503,0.0,0.1927587145062167,0.019691734317939434,0.0166002821036037,0.002146669417632667,0.02791972581343367,0.005628291931031134,0.0001909338790115165,0.0032373376794502,-0.003195899959528484,0.0013888896504638008,-0.0005619036373721166,-0.0015943647538851434,0.016033998769463337,0.008662851335637834,0.0013060842498862494,0.010409608384556132,0.1927587145062167,-0.019691734317939434,0.10462496837251997,0.0,0.06276293790656833,0.0059007883138246465,0.015943131976747998,-0.008726396445720421,0.09880786096265501,0.01324206674868967,0.0005151650348589001,-0.003987714809513778,0.0008383975010704553,0.00015621961689688338,-0.0023262379870619943,0.0012172191705286516,-0.007608966022025312,0.005696823745131917,0.0166002821036037,-0.002146669417632667,0.06276293790656833,-0.0059007883138246465,-0.1881133425929334,0.0,-0.07971465439950334,-0.001455211758013622,0.025045989660346664,-0.0024927475708574603,-0.0001346925561387518,0.0014464081920632329,0.0002357501352701004,-0.0025433529662917762,0.006816478813293062,0.001609999394020383,-0.015255655217202735,-0.009445137656434649,0.02791972581343367,-0.005628291931031134,0.015943131976747998,0.008726396445720421,-0.07971465439950334,0.001455211758013622,-0.08487369865221002,0.0,-0.03278796806042167,0.014770418986534166,0.0017255460159636337,0.004245013904423474,-0.0018952217358077091,-0.00037096544229488335,0.005647422552271674,0.010132959747418548,0.009331061595319455,0.008194352053607206,0.0001909338790115165,-0.0032373376794502,0.09880786096265501,-0.01324206674868967,0.025045989660346664,0.0024927475708574603,-0.03278796806042167,-0.014770418986534166,-0.09593059161008335,0.0,-0.0009077494818460995,0.0016346037676601168,-0.0005250914970265152,7.675803376148344e-05,-0.030886177661349993,0.011217087588520096,-0.032548899870111,-0.005788333678418235,-0.003195899959528484,-0.0013888896504638008,0.0005151650348589001,0.003987714809513778,-0.0001346925561387518,-0.0014464081920632329,0.0017255460159636337,-0.004245013904423474,-0.0009077494818460995,-0.0016346037676601168,-0.13615812626104998,0.0,0.9996601308792168
0.8599999999999995,0.001482322754643667,0.0,-0.001318696507477467,0.0009555276584389779,-0.0007807687486597499,0.002409750883847783,-0.0017694431884236167,-0.0027889737397565908,-0.000829915381508736,-0.0014666624993738837,-0.0004860766542884832,0.0006575463182082167,-0.0019857745489331,-0.0016492579614781162,0.0010602446467368098,-0.00161988907849275,0.0004237992717122584,-0.00031719432815967296,-0.001318696507477467,-0.0009555276584389779,0.08285068004559334,0.0,0.2678362936507667,-0.0053709283248554365,-0.0009052509739826674,0.016637299989645866,0.01597761690202734,-0.008643193438972735,-0.002303551684223317,-0.001159626038358608,0.006756440532880976,-0.0016810540667128076,0.005612718608909117,-0.010097366327370983,-0.030877665440023336,-0.01124390549282865,-0.0007807687486597499,-0.002409750883847783,0.2678362936507667,0.0053709283248554365,0.38877342776064994,0.0,-0.05494242464035,0.03588375982630733,0.001306593806755983,-0.010577828486420268,-0.007669495818496516,-0.00565697040712095,-0.015281822357356931,0.00937094602241368,0.009386681925854186,-0.008128098058863182,-0.03265181033222816,0.005842497157191434,-0.0017694431884236167,0.0027889737397565908,-0.0009052509739826674,-0.016637299989645866,-0.05494242464035,-0.03588375982630733,0.9275426594095164,0.0,0.19308301271131662,0.019762724899930507,0.016606438006567963,0.0021649569746272994,0.027784738136888996,0.005796974577753607,0.0002175752540926667,0.0028911293763616793,-0.002982068590375058,0.0014415437249738665,-0.000829915381508736,0.0014666624993738837,0.01597761690202734,0.008643193438972735,0.001306593806755983,0.010577828486420268,0.19308301271131662,-0.019762724899930507,0.10458381398618004,0.0,0.06272363882492832,0.005878415444213442,0.01587277738793926,-0.008655600400176057,0.09882438968115667,0.013232705296459498,0.0006702786922460999,-0.004032298053805817,-0.0004860766542884832,-0.0006575463182082167,-0.002303551684223317,0.001159626038358608,-0.007669495818496516,0.00565697040712095,0.016606438006567963,-0.0021649569746272994,0.06272363882492832,-0.005878415444213442,-0.18822681377908337,0.0,-0.07967549489441665,-0.0013772560613011123,0.02502049947393166,-0.0024706594886563953,-0.00013463967859319827,0.0013967044487377999,-0.0019857745489331,0.0016492579614781162,0.006756440532880976,0.0016810540667128076,-0.015281822357356931,-0.00937094602241368,0.027784738136888996,-0.005796974577753607,0.01587277738793926,0.008655600400176057,-0.07967549489441665,0.0013772560613011123,-0.08499720775098332,0.0,-0.032758877638515004,0.014725591984594171,0.0017929865177192,0.004256264369795125,0.0010602446467368098,0.00161988907849275,0.005612718608909117,0.010097366327370983,0.009386681925854186,0.008128098058863182,0.0002175752540926667,-0.0028911293763616793,0.09882438968115667,-0.013232705296459498,0.02502049947393166,0.0024706594886563953,-0.032758877638515004,-0.014725591984594171,-0.0960327152418617,0.0,-0.0008872915276892952,0.0016250328404246337,0.0004237992717122584,0.00031719432815967296,-0.030877665440023336,0.01124390549282865,-0.03265181033222816,-0.005842497157191434,-0.002982068590375058,-0.0014415437249738665,0.0006702786922460999,0.004032298053805817,-0.00013463967859319827,-0.0013967044487377999,0.0017929865177192,-0.004256264369795125,-0.0008872915276892952,-0.0016250328404246337,-0.13631621984635,0.0,0.99965994733815
0.8609999999999992,0.001482139232487483,0.0,0.00018261254677114826,-0.0015539794911109636,-0.001251648677399548,-0.0022366744182231195,0.0032893425073537035,0.0003987049229229333,0.0016584001696991631,0.0003728795446015117,-9.621498948874994e-05,-0.0007671502074109586,0.002606469037425933,-0.00022006570054866647,0.00041011163581462833,0.001886327365404648,-6.865268616945075e-05,0.0005155394586518834,0.00018261254677114826,0.0015539794911109636,0.08272008111619332,0.0,0.26779488233723325,-0.005059716387185717,-0.0009508107320955338,0.016432991001264587,0.015920154752587002,-0.008572158546329586,-0.00228770561761991,-0.0011179368423226638,0.006716251785383634,-0.0017425574714358511,0.00559261063132995,-0.010057833915050647,-0.030866832537113344,-0.011261320929583984,-0.001251648677399548,0.0022366744182231195,0.26779488233723325,0.005059716387185717,0.3885495553204333,0.0,-0.05537672474480834,0.03585241131087916,0.0012794699072627492,-0.010766780156629512,-0.007735199185342875,-0.005626602931111765,-0.015281557607025284,0.009313495020653532,0.0094102762953251,-0.008086184518335258,-0.03271261590286666,0.0058831711931563325,0.0032893425073537035,-0.0003987049229229333,-0.0009508107320955338,-0.016432991001264587,-0.05537672474480834,-0.03585241131087916,0.9284393122046168,0.0,0.19336053723385,0.019867838392930142,0.01659116421640693,0.002176802404783151,0.027666670501564166,0.005925606750825583,0.0003031105768475503,0.002562135915088304,-0.002800179665245433,0.0014752104277824668,0.0016584001696991631,-0.0003728795446015117,0.015920154752587002,0.008572158546329586,0.0012794699072627492,0.010766780156629512,0.19336053723385,-0.019867838392930142,0.104539589341035,0.0,0.06270430745906168,0.0058477927124042615,0.015815833664964852,-0.00861766035986348,0.098844198568905,0.013239346772788664,0.0008325454784024585,-0.004052419951406964,-9.621498948874994e-05,0.0007671502074109586,-0.00228770561761991,0.0011179368423226638,-0.007735199185342875,0.005626602931111765,0.01659116421640693,-0.002176802404783151,0.06270430745906168,-0.0058477927124042615,-0.18834158692868336,0.0,-0.07964203224572833,-0.0013245762419673817,0.025029453188503324,-0.0024385134834953256,-0.0001500993186055169,0.0013710592249659332,0.002606469037425933,0.00022006570054866647,0.006716251785383634,0.0017425574714358511,-0.015281557607025284,-0.009313495020653532,0.027666670501564166,-0.005925606750825583,0.015815833664964852,0.00861766035986348,-0.07964203224572833,0.0013245762419673817,-0.08511871123981668,0.0,-0.03273273621688833,0.014681627909703666,0.0018681249634542416,0.004299210761300226,0.00041011163581462833,-0.001886327365404648,0.00559261063132995,0.010057833915050647,0.0094102762953251,0.008086184518335258,0.0003031105768475503,-0.002562135915088304,0.098844198568905,-0.013239346772788664,0.025029453188503324,0.0024385134834953256,-0.03273273621688833,-0.014681627909703666,-0.09613604981279004,0.0,-0.0008758551892507949,0.00160372435206127,-6.865268616945075e-05,-0.0005155394586518834,-0.030866832537113344,0.011261320929583984,-0.03271261590286666,-0.0058831711931563325,-0.002800179665245433,-0.0014752104277824668,0.0008325454784024585,0.004052419951406964,-0.0001500993186055169,-0.0013710592249659332,0.0018681249634542416,-0.004299210761300226,-0.0008758551892507949,-0.00160372435206127,-0.13647456542363337,0.0,0.9996597638094668
0.8620000000000002,0.0014819557183014837,0.0,0.0009671964638905059,0.0011466036969599994,0.002562854619236305,0.0006077615576224476,-0.0024002141436499464,0.0023005265483088,-0.0014199223797680715,0.0009665310432753501,0.0005810634623977965,0.00045607964167713354,-0.0017105669164525004,0.0020220100449192045,-0.00161633093279944,-0.0010258146177296165,-0.00030774521809540003,-0.0003904629751851285,0.0009671964638905059,-0.0011466036969599994,0.08260218253984834,0.0,0.26777281486625004,-0.004714635914547682,-0.0010284554315098337,0.016284312061336143,0.01587073219032683,-0.008467903915509582,-0.002259032092542148,-0.001087605064068272,0.006670662272110013,-0.001793704896403764,0.005582093227629917,-0.009976516006606786,-0.030863757112704997,-0.011260935829853881,0.002562854619236305,-0.0006077615576224476,0.26777281486625004,0.004714635914547682,0.38831422008469996,0.0,-0.05576837069115669,0.03585642620902144,0.00124416572025565,-0.010966635690830282,-0.007760857551181317,-0.005585002123066968,-0.01527794623301965,0.009281626858853429,0.009431266319702298,-0.008057172205412714,-0.03277625887569183,0.005907063234564084,-0.0024002141436499464,-0.0023005265483088,-0.0010284554315098337,-0.016284312061336143,-0.05576837069115669,-0.03585642620902144,0.929338622119367,0.0,0.19360050076406668,0.019950963102635666,0.016567344978090724,0.0021733810094096986,0.027556689565383166,0.006040943515305139,0.0004351057146796669,0.002259124004117051,-0.002646064328218084,0.001489606600514917,-0.0014199223797680715,-0.0009665310432753501,0.01587073219032683,0.008467903915509582,0.00124416572025565,0.010966635690830282,0.19360050076406668,-0.019950963102635666,0.104492281484995,0.0,0.06267410283647665,0.005817735082862985,0.01578364137414725,-0.008576198542989117,0.09884577067071999,0.013257046109764603,0.0009971355528298864,-0.004040329883319383,0.0005810634623977965,-0.00045607964167713354,-0.002259032092542148,0.001087605064068272,-0.007760857551181317,0.005585002123066968,0.016567344978090724,-0.0021733810094096986,0.06267410283647665,-0.005817735082862985,-0.18845668575234997,0.0,-0.07961317060512332,-0.0012964465251778738,0.025044231878431668,-0.002412132579509784,-0.00016488795902534846,0.0013666924595681995,-0.0017105669164525004,-0.0020220100449192045,0.006670662272110013,0.001793704896403764,-0.01527794623301965,-0.009281626858853429,0.027556689565383166,-0.006040943515305139,0.01578364137414725,0.008576198542989117,-0.07961317060512332,0.0012964465251778738,-0.08523878292439004,0.0,-0.03271120080935666,0.014629806528837835,0.0019431223939691737,0.0043444434073397565,-0.00161633093279944,0.0010258146177296165,0.005582093227629917,0.009976516006606786,0.009431266319702298,0.008057172205412714,0.0004351057146796669,-0.002259124004117051,0.09884577067071999,-0.013257046109764603,0.025044231878431668,0.002412132579509784,-0.03271120080935666,-0.014629806528837835,-0.09624118201229505,0.0,-0.0008481134846553181,0.0015982128592791167,-0.00030774521809540003,0.0003904629751851285,-0.030863757112704997,0.011260935829853881,-0.03277625887569183,-0.005907063234564084,-0.002646064328218084,-0.001489606600514917,0.0009971355528298864,0.004040329883319383,-0.00016488795902534846,-0.0013666924595681995,0.0019431223939691737,-0.0043444434073397565,-0.0008481134846553181,-0.0015982128592791167,-0.1366330309689,0.0,0.9996595802890665
0.8629999999999997,0.0014817721951983335,0.0,-0.0014249737434931498,-7.426726657951668e-05,-0.0022228250296076344,0.0014885822252858438,-0.0002589931557543283,-0.0033341819830397176,0.00025322315965975,-0.001717804701258557,-0.0007166234654509769,9.192267532005669e-05,-0.0002612839098838167,-0.0026581616960231896,0.0018509108004577952,-0.0004359107713371201,0.00047109236408244014,4.6946265803699805e-05,-0.0014249737434931498,7.426726657951668e-05,0.082497875087875,0.0,0.2677771248372666,-0.004360698675436915,-0.0011309623629793834,0.016147521534055333,0.015849475736327664,-0.008385562198986654,-0.002225125768184262,-0.0010539948308302151,0.006604112657012156,-0.00183324207558525,0.005556194046547734,-0.009873540829658429,-0.03086164620641502,-0.011268491425669165,-0.0022228250296076344,-0.0014885822252858438,0.2677771248372666,0.004360698675436915,0.3880662966419332,0.0,-0.056119237672388314,0.03586314373598225,0.0012460648472910234,-0.011162514603870296,-0.0077682343781742165,-0.005521353344319228,-0.015296434210867902,0.009259209502464057,0.009471505123358146,-0.00801011511083844,-0.032880088391507,0.005902441396442433,-0.0002589931557543283,0.0033341819830397176,-0.0011309623629793834,-0.016147521534055333,-0.056119237672388314,-0.03586314373598225,0.9302402283850333,0.0,0.19385104584346668,0.020018818091447507,0.016530091850683003,0.002152123706155732,0.027453787789459838,0.0061460936687026116,0.0006030575624140668,0.0019729626449285173,-0.002515084653493434,0.0015470648145583666,0.00025322315965975,0.001717804701258557,0.015849475736327664,0.008385562198986654,0.0012460648472910234,0.011162514603870296,0.19385104584346668,-0.020018818091447507,0.10444259124007169,0.0,0.06261628358884,0.0057909607265755675,0.01575434232633273,-0.008526363211510265,0.09885606521566839,0.013261032621582302,0.0011618216507250344,-0.004011051581412567,-0.0007166234654509769,-9.192267532005669e-05,-0.002225125768184262,0.0010539948308302151,-0.0077682343781742165,0.005521353344319228,0.016530091850683003,-0.002152123706155732,0.06261628358884,-0.0057909607265755675,-0.1885718010050333,0.0,-0.07958819535501169,-0.0012683404569660698,0.02503238957458,-0.002409385853646125,-0.00015870515065396677,0.00136431531135495,-0.0002612839098838167,0.0026581616960231896,0.006604112657012156,0.00183324207558525,-0.015296434210867902,-0.009259209502464057,0.027453787789459838,-0.0061460936687026116,0.01575434232633273,0.008526363211510265,-0.07958819535501169,0.0012683404569660698,-0.08535785005546666,0.0,-0.03269078707373167,0.014578180315461993,0.0020052075392244543,0.00436222779920804,0.0018509108004577952,0.0004359107713371201,0.005556194046547734,0.009873540829658429,0.009471505123358146,0.00801011511083844,0.0006030575624140668,-0.0019729626449285173,0.09885606521566839,-0.013261032621582302,0.02503238957458,0.002409385853646125,-0.03269078707373167,-0.014578180315461993,-0.09634806992818333,0.0,-0.0007954392374671497,0.0016291502392719334,0.00047109236408244014,-4.6946265803699805e-05,-0.03086164620641502,0.011268491425669165,-0.032880088391507,-0.005902441396442433,-0.002515084653493434,-0.0015470648145583666,0.0011618216507250344,0.004011051581412567,-0.00015870515065396677,-0.00136431531135495,0.0020052075392244543,-0.00436222779920804,-0.0007954392374671497,-0.0016291502392719334,-0.13679164580160003,0.0,0.9996593967596664
0.8639999999999993,0.0014815886649525503,0.0,0.0009690504445789267,-0.0009500921330410701,0.0004380358533907833,-0.0026295897147239154,0.00275532899733235,0.0019681546272527837,0.0011283417137430629,0.0013598706740150207,0.0004328715032101331,-0.0005646519651923332,0.0021071292596246036,0.0016652428650363003,-0.0009710806320483801,0.001627059336975347,-0.0003511660545237088,0.0003004066344281999,0.0009690504445789267,0.0009500921330410701,0.08240738209587499,0.0,0.2677670494065833,-0.004012648267381149,-0.0012512248465855827,0.015959003771678335,0.015853189253413,-0.00833197545244201,-0.00221386238224515,-0.00101679525160144,0.00654444544141985,-0.0018598257798621996,0.005518419900761052,-0.009799120619582732,-0.03083649386267833,-0.011302282885507995,0.0004380358533907833,0.0026295897147239154,0.2677670494065833,0.004012648267381149,0.3878060914479001,0.0,-0.056466379944734996,0.035837976811547656,0.0012781547626770503,-0.011345883645117247,-0.007818889548602834,-0.005462259207318368,-0.015307620795702848,0.009213839949407464,0.009504774033548885,-0.00794410407572067,-0.032976484361430324,0.005869539332991472,0.00275532899733235,-0.0019681546272527837,-0.0012512248465855827,-0.015959003771678335,-0.056466379944734996,-0.035837976811547656,0.9311440188902336,0.0,0.19407814180420005,0.020123668649388828,0.01647482574923131,0.0021143486864214165,0.027368212554300164,0.006244736544997251,0.0007971204868140166,0.0017077692485246993,-0.002413972366622983,0.0016548343459650001,0.0011283417137430629,-0.0013598706740150207,0.015853189253413,0.00833197545244201,0.0012781547626770503,0.011345883645117247,0.19407814180420005,-0.020123668649388828,0.10438983556614335,0.0,0.06254467085841335,0.0057540334878396805,0.015703788163455065,-0.008500565047176705,0.09888629627655833,0.013248934713502882,0.0013270329501963252,-0.003980069308075817,0.0004328715032101331,0.0005646519651923332,-0.00221386238224515,0.00101679525160144,-0.007818889548602834,0.005462259207318368,0.01647482574923131,-0.0021143486864214165,0.06254467085841335,-0.0057540334878396805,-0.18868716188690005,0.0,-0.07955074582045331,-0.0012297904722680833,0.025001452085011668,-0.0024223511218466882,-0.00014203113215701676,0.001358616472312433,0.0021071292596246036,-0.0016652428650363003,0.00654444544141985,0.0018598257798621996,-0.015307620795702848,-0.009213839949407464,0.027368212554300164,-0.006244736544997251,0.015703788163455065,0.008500565047176705,-0.07955074582045331,0.0012297904722680833,-0.0854757983460767,0.0,-0.03266516967733,0.014533804042202668,0.0020556076903897468,0.004369282232350317,-0.0009710806320483801,-0.001627059336975347,0.005518419900761052,0.009799120619582732,0.009504774033548885,0.00794410407572067,0.0007971204868140166,-0.0017077692485246993,0.09888629627655833,-0.013248934713502882,0.025001452085011668,0.0024223511218466882,-0.03266516967733,-0.014533804042202668,-0.09645593694357332,0.0,-0.0007363305138470051,0.0016775622895128662,-0.0003511660545237088,-0.0003004066344281999,-0.03083649386267833,0.011302282885507995,-0.032976484361430324,-0.005869539332991472,-0.002413972366622983,-0.0016548343459650001,0.0013270329501963252,0.003980069308075817,-0.00014203113215701676,-0.001358616472312433,0.0020556076903897468,-0.004369282232350317,-0.0007363305138470051,-0.0016775622895128662,-0.13695080626523334,0.0,0.9996592132230334
0.8650000000000003,0.0014814051448245329,0.0,4.354473927274989e-05,0.0013044286511385947,0.001615311314611635,0.002118276093459816,-0.0033500956599235325,0.0008152495642914997,-0.0018029729305043668,-8.560479106011664e-05,8.796986261531667e-05,0.0006909840598744268,-0.002676263078168466,0.00033406422820306665,-0.00047937919425305,-0.001820817009560543,2.6585864449509872e-05,-0.0004576049618635834,4.354473927274989e-05,-0.0013044286511385947,0.08233109966113832,0.0,0.26775826176414996,-0.0036462331174484668,-0.0013899936494883329,0.0157413023164528,0.015860755746517498,-0.008270297371873597,-0.002228502900940377,-0.0009917956780084302,0.0065261561511766345,-0.0018748946070259675,0.005503329028468234,-0.00976105591747354,-0.03079678745729166,-0.011348053420357818,0.001615311314611635,-0.002118276093459816,0.26775826176414996,0.0036462331174484668,0.3875340283309333,0.0,-0.05683519422758,0.035787276433445675,0.0012834255488748663,-0.011522143017898301,-0.007928512423276182,-0.005436634608485818,-0.015273332521185966,0.009143940033363118,0.009499269405925066,-0.007893865923314336,-0.033015787778420666,0.0058326496796904164,-0.0033500956599235325,-0.0008152495642914997,-0.0013899936494883329,-0.0157413023164528,-0.05683519422758,-0.035787276433445675,0.9320505636251499,0.0,0.19426066231843334,0.020276311249561665,0.016420727859944202,0.0020648748677293332,0.027295085284517497,0.0063606997612168335,0.0010014553684701004,0.0014829799202431503,-0.0023309120989655017,0.0017442107710173838,-0.0018029729305043668,8.560479106011664e-05,0.015860755746517498,0.008270297371873597,0.0012834255488748663,0.011522143017898301,0.19426066231843334,-0.020276311249561665,0.10433223128294501,0.0,0.06249721810323832,0.005698968253611784,0.015645553310542338,-0.008512972937415516,0.09892618598181999,0.013244716282656055,0.0014851141553438175,-0.0039456023206022066,8.796986261531667e-05,-0.0006909840598744268,-0.002228502900940377,0.0009917956780084302,-0.007928512423276182,0.005436634608485818,0.016420727859944202,-0.0020648748677293332,0.06249721810323832,-0.005698968253611784,-0.18880256280768343,0.0,-0.07950871423816498,-0.0011955790576150499,0.02498693337641333,-0.002430185501301002,-0.0001405798847812668,0.0013624395506996064,-0.002676263078168466,-0.00033406422820306665,0.0065261561511766345,0.0018748946070259675,-0.015273332521185966,-0.009143940033363118,0.027295085284517497,-0.0063606997612168335,0.015645553310542338,0.008512972937415516,-0.07950871423816498,0.0011955790576150499,-0.08559246103511171,0.0,-0.03264007749554834,0.014490268380226832,0.002105783403575733,0.004405206610242267,-0.00047937919425305,0.001820817009560543,0.005503329028468234,0.00976105591747354,0.009499269405925066,0.007893865923314336,0.0010014553684701004,-0.0014829799202431503,0.09892618598181999,-0.013244716282656055,0.02498693337641333,0.002430185501301002,-0.03264007749554834,-0.014490268380226832,-0.09656437385434166,0.0,-0.0006837097541749249,0.0017167525758379663,2.6585864449509872e-05,0.0004576049618635834,-0.03079678745729166,0.011348053420357818,-0.033015787778420666,-0.0058326496796904164,-0.0023309120989655017,-0.0017442107710173838,0.0014851141553438175,0.0039456023206022066,-0.0001405798847812668,-0.0013624395506996064,0.002105783403575733,-0.004405206610242267,-0.0006837097541749249,-0.0017167525758379663,-0.13711090065098333,0.0,0.9996590296971168
0.8659999999999998,0.0014812216393226,0.0,-0.0009563621082325347,-0.0008336440856965252,-0.002692420454005254,-0.00026161267024546654,0.0016052916350853478,-0.003121254567848801,0.00131572349954585,-0.001268529676257083,-0.0005419038122701163,-0.0004241354381699503,0.0016595942000013173,-0.002132197567853699,0.0016096127689046835,0.0009369569042029164,0.0003033660222469952,0.00033400789635484667,-0.0009563621082325347,0.0008336440856965252,0.08227053818081163,0.0,0.2677462456193167,-0.0032227993824663,-0.0015404064855052831,0.015568482641848302,0.015857279605144,-0.00819120786931873,-0.0022414420606624665,-0.0009820698021077664,0.006535848639789232,-0.001885138666178938,0.005521747161981133,-0.009718660278168523,-0.03076780488807167,-0.011390683353981133,-0.002692420454005254,0.00026161267024546654,0.2677462456193167,0.0032227993824663,0.38724889958233333,0.0,-0.05720317823039499,0.0357351622955645,0.0012384299711209166,-0.011689467205092086,-0.008054693568197067,-0.005431744496849901,-0.015205698588451104,0.00907977213001237,0.009464061578802412,-0.00787365957484735,-0.03302690381848266,0.005805675760111118,0.0016052916350853478,0.003121254567848801,-0.0015404064855052831,-0.015568482641848302,-0.05720317823039499,-0.0357351622955645,0.9329603043585833,0.0,0.1944076180085,0.02042344922496683,0.016389237884229,0.0020140242977575045,0.027201589507596498,0.006507682454548167,0.0011991015940565584,0.0012962815143817907,-0.0022360844125103815,0.0017858732082677165,0.00131572349954585,0.001268529676257083,0.015857279605144,0.00819120786931873,0.0012384299711209166,0.011689467205092086,0.1944076180085,-0.02042344922496683,0.10426903987269502,0.0,0.062463471821829986,0.005633759161485516,0.01559988060142167,-0.008533591860711265,0.098940304221655,0.013254455449399195,0.001623083079469603,-0.00389916495476368,-0.0005419038122701163,0.0004241354381699503,-0.0022414420606624665,0.0009820698021077664,-0.008054693568197067,0.005431744496849901,0.016389237884229,-0.0020140242977575045,0.062463471821829986,-0.005633759161485516,-0.1889172879623167,0.0,-0.07946532825070833,-0.0011781582564194663,0.024984812035696666,-0.002431047390589484,-0.00015030373073398346,0.0013776978017570165,0.0016595942000013173,0.002132197567853699,0.006535848639789232,0.001885138666178938,-0.015205698588451104,-0.00907977213001237,0.027201589507596498,-0.006507682454548167,0.01559988060142167,0.008533591860711265,-0.07946532825070833,0.0011781582564194663,-0.08570809131539833,0.0,-0.03261665149721498,0.014438302495802165,0.002161970784480216,0.0044667611965197845,0.0016096127689046835,-0.0009369569042029164,0.005521747161981133,0.009718660278168523,0.009464061578802412,0.00787365957484735,0.0011991015940565584,-0.0012962815143817907,0.098940304221655,-0.013254455449399195,0.024984812035696666,0.002431047390589484,-0.03261665149721498,-0.014438302495802165,-0.09667375194873999,0.0,-0.0006257137376290668,0.0017533100186880167,0.0003033660222469952,-0.00033400789635484667,-0.03076780488807167,0.011390683353981133,-0.03302690381848266,-0.005805675760111118,-0.0022360844125103815,-0.0017858732082677165,0.001623083079469603,0.00389916495476368,-0.00015030373073398346,-0.0013776978017570165,0.002161970784480216,-0.0044667611965197845,-0.0006257137376290668,-0.0017533100186880167,-0.13727202622223336,0.0,0.99965884618485
0.8669999999999993,0.0014810381368629002,0.0,0.0012304723689683663,-0.00013240146036581677,0.0020504183433000833,-0.001818578540818483,0.0013574493888706476,0.0032879745963029163,2.3801560834044964e-05,0.001824902498567828,0.0006906463135141333,-8.120401876785015e-05,0.0003457511905616834,0.002672987809464217,-0.0017853566038395672,0.00047320980019464973,-0.0004431050934295301,-2.5477656740683422e-05,0.0012304723689683663,0.00013240146036581677,0.08222787693675168,0.0,0.26775695673793337,-0.0027503387716068446,-0.0016999760628707491,0.015458650398655804,0.015847924172946164,-0.00813697733375857,-0.0022371352845317522,-0.0009716256413282167,0.006533658269732899,-0.0019024639240748232,0.00554057355128869,-0.009658126269122966,-0.030755221326859986,-0.011448342676597337,0.0020504183433000833,0.001818578540818483,0.26775695673793337,0.0027503387716068446,0.3869483030664002,0.0,-0.05756190974355832,0.03570727340461033,0.0011861767375614064,-0.011838853234903104,-0.00817397982615808,-0.005419437216772831,-0.015156849114830005,0.00903520175548085,0.009434740946143667,-0.00786195715190525,-0.033078685663754,0.0057707199391664665,0.0013574493888706476,-0.0032879745963029163,-0.0016999760628707491,-0.015458650398655804,-0.05756190974355832,-0.03570727340461033,0.9338729489072837,0.0,0.19458354698366656,0.020532440222999764,0.016381012336426495,0.001964601551332467,0.027074420464951985,0.006664021457968767,0.0013949165387297166,0.0011155679413850674,-0.0021379561307443675,0.0018443051962056566,2.3801560834044964e-05,-0.001824902498567828,0.015847924172946164,0.00813697733375857,0.0011861767375614064,0.011838853234903104,0.19458354698366656,-0.020532440222999764,0.10420093419293666,0.0,0.062416710353436655,0.005564728180535483,0.015558302059071497,-0.0085368068322001,0.09894077058808501,0.01325748609933758,0.0017378909506056512,-0.0038431469226876164,0.0006906463135141333,8.120401876785015e-05,-0.0022371352845317522,0.0009716256413282167,-0.00817397982615808,0.005419437216772831,0.016381012336426495,-0.001964601551332467,0.062416710353436655,-0.005564728180535483,-0.18903077254019993,0.0,-0.07942821811149832,-0.0011655949721346669,0.02495955704641833,-0.0024384045879545326,-0.00014088673789354166,0.0013826862179414467,0.0003457511905616834,-0.002672987809464217,0.006533658269732899,0.0019024639240748232,-0.015156849114830005,-0.00903520175548085,0.027074420464951985,-0.006664021457968767,0.015558302059071497,0.0085368068322001,-0.07942821811149832,0.0011655949721346669,-0.08582308796370834,0.0,-0.03259050093243833,0.014387164219801829,0.0022224730188104987,0.004516674647632049,-0.0017853566038395672,-0.00047320980019464973,0.00554057355128869,0.009658126269122966,0.009434740946143667,0.00786195715190525,0.0013949165387297166,-0.0011155679413850674,0.09894077058808501,-0.01325748609933758,0.02495955704641833,0.0024384045879545326,-0.03259050093243833,-0.014387164219801829,-0.0967842720136867,0.0,-0.0005481851530053834,0.0018118466116789332,-0.0004431050934295301,2.5477656740683422e-05,-0.030755221326859986,0.011448342676597337,-0.033078685663754,-0.0057707199391664665,-0.0021379561307443675,-0.0018443051962056566,0.0017378909506056512,0.0038431469226876164,-0.00014088673789354166,-0.0013826862179414467,0.0022224730188104987,-0.004516674647632049,-0.0005481851530053834,-0.0018118466116789332,-0.13743430604645004,0.0,0.999658662676583
0.8680000000000004,0.0014808546239844498,0.0,-0.0007031509345920063,0.0009856456034479167,-8.128111156973333e-05,0.0027183925131153462,-0.003424446431243783,-0.0010837968038921665,-0.0013569828041822174,-0.0012010332649816146,-0.0004446654811726501,0.0005495007881451167,-0.0021362617840659363,-0.00161644677641138,0.0009172467510106401,-0.0016023641300599951,0.0003429237931056333,-0.00028710883693083654,-0.0007031509345920063,-0.0009856456034479167,0.082204139827105,0.0,0.26777877554403334,-0.002280360174226233,-0.0018823055230035499,0.015354083623124595,0.01584179763690967,-0.008131741672155218,-0.002234059798733534,-0.0009519832648189168,0.006512766425269917,-0.001937265226958412,0.005535242373930268,-0.009615471848646116,-0.030730482836193337,-0.011536874174060734,-8.128111156973333e-05,-0.0027183925131153462,0.26777877554403334,0.002280360174226233,0.3866309832766001,0.0,-0.05792544601065665,0.03570592196528668,0.001167074302799217,-0.01197043807469315,-0.008301873241977715,-0.0054069818917138164,-0.015141424914287415,0.008985340899998934,0.009416035941331165,-0.007844249324666947,-0.033163055577698324,0.005715803338825302,-0.003424446431243783,0.0010837968038921665,-0.0018823055230035499,-0.015354083623124595,-0.05792544601065665,-0.03570592196528668,0.9347881585277668,0.0,0.19477935241726663,0.02062305315298535,0.01637973639437516,0.0019057093225523494,0.02693152163410617,0.0068025185364927986,0.0016111172180056945,0.000926951690826418,-0.0020854468206000453,0.0019770755726791667,-0.0013569828041822174,0.0012010332649816146,0.01584179763690967,0.008131741672155218,0.001167074302799217,0.01197043807469315,0.19477935241726663,-0.02062305315298535,0.10412840635174496,0.0,0.062358750559856645,0.005492335959068865,0.0154954187338405,-0.008536703591939216,0.09894811098277165,0.013243060491010438,0.001842831494455883,-0.0037871712960924485,-0.0004446654811726501,-0.0005495007881451167,-0.002234059798733534,0.0009519832648189168,-0.008301873241977715,0.0054069818917138164,0.01637973639437516,-0.0019057093225523494,0.062358750559856645,-0.005492335959068865,-0.18914304947229998,0.0,-0.07938912595953498,-0.0011422416730992168,0.024905390174091664,-0.002452328788175695,-0.0001033413616998517,0.0013609831043675004,-0.0021362617840659363,0.00161644677641138,0.006512766425269917,0.001937265226958412,-0.015141424914287415,-0.008985340899998934,0.02693152163410617,-0.0068025185364927986,0.0154954187338405,0.008536703591939216,-0.07938912595953498,0.0011422416730992168,-0.08593745463988503,0.0,-0.032556490810369994,0.014350235574811996,0.0022793980546977895,0.004545948986526447,0.0009172467510106401,0.0016023641300599951,0.005535242373930268,0.009615471848646116,0.009416035941331165,0.007844249324666947,0.0016111172180056945,-0.000926951690826418,0.09894811098277165,-0.013243060491010438,0.024905390174091664,0.002452328788175695,-0.032556490810369994,-0.014350235574811996,-0.09689536427055331,0.0,-0.0004581897499873166,0.0018892293515761994,0.0003429237931056333,0.00028710883693083654,-0.030730482836193337,0.011536874174060734,-0.033163055577698324,-0.005715803338825302,-0.0020854468206000453,-0.0019770755726791667,0.001842831494455883,0.0037871712960924485,-0.0001033413616998517,-0.0013609831043675004,0.0022793980546977895,-0.004545948986526447,-0.0004581897499873166,-0.0018892293515761994,-0.13759819506754997,0.0,0.9996584791564337
0.8689999999999999,0.0014806711122096997,0.0,-0.00028205274923493335,-0.0011604610946967173,-0.001884001869062384,-0.0019018832954542163,0.0030604585531755833,-0.001930467207585733,0.0017962461212382838,-0.00019998370447618335,-5.7092559124620147e-05,-0.0007037258768918832,0.0026367017035105324,-0.0003677089588934,0.0004914024209724001,0.0017845785716596332,-5.758432152243489e-05,0.00045569246716971665,-0.00028205274923493335,0.0011604610946967173,0.08219853819295665,0.0,0.2678026334657167,-0.0018437577613800336,-0.0020887744796369845,0.015238186994751417,0.0158463249659094,-0.008141825824568584,-0.002253890282509317,-0.0009338855900072434,0.006501898163741255,-0.001986148415427964,0.005528337293059383,-0.009617248974291798,-0.030680395564274997,-0.011632431752344168,-0.001884001869062384,0.0019018832954542163,0.2678026334657167,0.0018437577613800336,0.38629754482298334,0.0,-0.05830202820626835,0.03573605130298533,0.00116105694735295,-0.012101029725800383,-0.008446493603352083,-0.005417837513242549,-0.015125412277973602,0.00891157419115135,0.009381693109590103,-0.00783745493841905,-0.03321821510439334,0.005666597167047316,0.0030604585531755833,0.001930467207585733,-0.0020887744796369845,-0.015238186994751417,-0.05830202820626835,-0.03573605130298533,0.9357058958624168,0.0,0.19494390668268333,0.02070922606207913,0.016382212596344682,0.0018321130101702171,0.02679250397808366,0.006917337630147939,0.001853504683283366,0.0007584589670948499,-0.002087790964224417,0.0021482548944433333,0.0017962461212382838,0.00019998370447618335,0.0158463249659094,0.008141825824568584,0.00116105694735295,0.012101029725800383,0.19494390668268333,-0.02070922606207913,0.10405132257045165,0.0,0.062323703058209994,0.005415496888434218,0.015414492725928338,-0.00855307851343103,0.09895288853284002,0.013228669213082979,0.001949490666196784,-0.0037333437014879156,-5.7092559124620147e-05,0.0007037258768918832,-0.002253890282509317,0.0009338855900072434,-0.008446493603352083,0.005417837513242549,0.016382212596344682,-0.0018321130101702171,0.062323703058209994,-0.005415496888434218,-0.18925429870383328,0.0,-0.07934676186858998,-0.0011141165760557331,0.024862425654034993,-0.00245733753245523,-6.568766882354858e-05,0.0013276177464448668,0.0026367017035105324,0.0003677089588934,0.006501898163741255,0.001986148415427964,-0.015125412277973602,-0.00891157419115135,0.02679250397808366,-0.006917337630147939,0.015414492725928338,0.00855307851343103,-0.07934676186858998,0.0011141165760557331,-0.08605089056999167,0.0,-0.032521036859616666,0.01432179099412534,0.0023239590407956494,0.004590545580490358,0.0004914024209724001,-0.0017845785716596332,0.005528337293059383,0.009617248974291798,0.009381693109590103,0.00783745493841905,0.001853504683283366,-0.0007584589670948499,0.09895288853284002,-0.013228669213082979,0.024862425654034993,0.00245733753245523,-0.032521036859616666,-0.01432179099412534,-0.09700644585058331,0.0,-0.0003768956821545867,0.0019598691246366174,-5.758432152243489e-05,-0.00045569246716971665,-0.030680395564274997,0.011632431752344168,-0.03321821510439334,-0.005666597167047316,-0.002087790964224417,-0.0021482548944433333,0.001949490666196784,0.0037333437014879156,-6.568766882354858e-05,-0.0013276177464448668,0.0023239590407956494,-0.004590545580490358,-0.0003768956821545867,-0.0019598691246366174,-0.13776404179791663,0.0,0.9996582956390332
0.8699999999999992,0.0014804876089456335,0.0,0.0010525339622288327,0.0005460800427327502,0.0026769913193523992,-5.896074353170009e-05,-0.0005128920524005668,0.0035950108248306504,-0.0010853539162613667,0.0014454657559303502,0.0005163776231695531,0.00046422894699884996,-0.0016187706624758518,0.00210170688670225,-0.0015991188842046586,-0.000924500125963283,-0.0002741390198649502,-0.0003723528523832332,0.0010525339622288327,-0.0005460800427327502,0.08220954872553499,0.0,0.2678465237202666,-0.0014346536758836567,-0.002289661818567366,0.015179944260590338,0.015861724685760904,-0.0081252900852144,-0.0022868444420021516,-0.0009260647284862914,0.0065059020993791,-0.0020382219693287126,0.005545663604711281,-0.009627714936922913,-0.03062846408769833,-0.011699432089391669,0.0026769913193523992,5.896074353170009e-05,0.2678465237202666,0.0014346536758836567,0.38594884244788347,0.0,-0.058669469407873334,0.03580769801638566,0.0011302205701932187,-0.012246435973434867,-0.00858484051645285,-0.005440699867113255,-0.0150930208977923,0.008832188844607881,0.009318248998248587,-0.007855480641523527,-0.03323626705169834,0.005641605788686923,-0.0005128920524005668,-0.0035950108248306504,-0.002289661818567366,-0.015179944260590338,-0.058669469407873334,-0.03580769801638566,0.9366261566028669,0.0,0.19507813180273342,0.02076088902513542,0.01639179844987943,0.001757490981630507,0.02665031432062433,0.007021247006558135,0.002107747771357716,0.0006342828373516178,-0.0020977085987293103,0.0022965966770482167,-0.0010853539162613667,-0.0014454657559303502,0.015861724685760904,0.0081252900852144,0.0011302205701932187,0.012246435973434867,0.19507813180273342,-0.02076088902513542,0.10397004503281337,0.0,0.062318294300445,0.005338250674950673,0.015342936492741833,-0.008576080776419413,0.09892469275904502,0.01322674923620292,0.0020529498378591333,-0.003671881134517884,0.0005163776231695531,-0.00046422894699884996,-0.0022868444420021516,0.0009260647284862914,-0.00858484051645285,0.005440699867113255,0.01639179844987943,-0.001757490981630507,0.062318294300445,-0.005338250674950673,-0.18936429320809997,0.0,-0.07931090819120666,-0.0011014076603674003,0.02485148352749667,-0.0024499127642782733,-4.7931385510479854e-05,0.0013092469572692036,-0.0016187706624758518,-0.00210170688670225,0.0065059020993791,0.0020382219693287126,-0.0150930208977923,-0.008832188844607881,0.02665031432062433,-0.007021247006558135,0.015342936492741833,0.008576080776419413,-0.07931090819120666,0.0011014076603674003,-0.08616333581582335,0.0,-0.03249406418531832,0.014284659836135997,0.0023556033007847833,0.0046686806903308824,-0.0015991188842046586,0.000924500125963283,0.005545663604711281,0.009627714936922913,0.009318248998248587,0.007855480641523527,0.002107747771357716,-0.0006342828373516178,0.09892469275904502,-0.01322674923620292,0.02485148352749667,0.0024499127642782733,-0.03249406418531832,-0.014284659836135997,-0.09711766065595002,0.0,-0.0003134547931165666,0.0020226791104405823,-0.0002741390198649502,0.0003723528523832332,-0.03062846408769833,0.011699432089391669,-0.03323626705169834,-0.005641605788686923,-0.0020977085987293103,-0.0022965966770482167,0.0020529498378591333,0.003671881134517884,-4.7931385510479854e-05,-0.0013092469572692036,0.0023556033007847833,-0.0046686806903308824,-0.0003134547931165666,-0.0020226791104405823,-0.13793167860885003,0.0,0.9996581121295165
0.8710000000000006,0.0014803041064494,0.0,-0.0010974894531268536,0.00042383318607393353,-0.0018189500254853935,0.00201097954641262,-0.0024198740078813833,-0.0027020030902782004,-0.0002838892940155484,-0.0017794366364717218,-0.0006840688479979333,1.9271740782466665e-05,-0.0003255483110047002,-0.002629701129077017,0.00178117422951451,-0.0004529072436602668,0.00044125642560028343,6.999254147215344e-05,-0.0010974894531268536,-0.00042383318607393353,0.08223561269093167,0.0,0.26791433157945005,-0.0010626526586173,-0.00245260621848855,0.015220465668057665,0.01587802766683835,-0.008097325154304268,-0.0023103518300665,-0.0009180442978981435,0.006491382722102634,-0.002087040456465205,0.0055679471748458055,-0.009596272164119235,-0.03059312593643833,-0.011729641935089997,-0.0018189500254853935,-0.00201097954641262,0.26791433157945005,0.0010626526586173,0.3855854745658332,0.0,-0.05900170636638335,0.03590797017436618,0.0010898214738078672,-0.012405591969952336,-0.008700882313279668,-0.0054356208503063145,-0.015071224644072097,0.008766023255278884,0.009243815654099733,-0.007876275566748452,-0.033266936106253336,0.00561580139678581,-0.0024198740078813833,0.0027020030902782004,-0.00245260621848855,-0.015220465668057665,-0.05900170636638335,-0.03590797017436618,0.9375482506867667,0.0,0.19522537802639991,0.020746214514061608,0.016393838416942714,0.0016859649594268167,0.026488871617187503,0.007117024208152431,0.0023611217527537208,0.0005452729760253666,-0.0020946158163463327,0.0024272239670775106,-0.0002838892940155484,0.0017794366364717218,0.01587802766683835,0.008097325154304268,0.0010898214738078672,0.012405591969952336,0.19522537802639991,-0.020746214514061608,0.10388586540888663,0.0,0.06230573695319331,0.005256263159539823,0.015286316586272834,-0.008582159136251282,0.09885803936361666,0.013224678940849976,0.002142925846709717,-0.0035939377048441333,-0.0006840688479979333,-1.9271740782466665e-05,-0.0023103518300665,0.0009180442978981435,-0.008700882313279668,0.0054356208503063145,0.016393838416942714,-0.0016859649594268167,0.06230573695319331,-0.005256263159539823,-0.18947232587895002,0.0,-0.07928216713469333,-0.0011095648150888668,0.02483750740351,-0.0024450909388010872,-3.4607697555761806e-05,0.0013100943719044664,-0.0003255483110047002,0.002629701129077017,0.006491382722102634,0.002087040456465205,-0.015071224644072097,-0.008766023255278884,0.026488871617187503,-0.007117024208152431,0.015286316586272834,0.008582159136251282,-0.07928216713469333,0.0011095648150888668,-0.08627525246893998,0.0,-0.032472010256855,0.014235632836880839,0.0023854677940648994,0.004746259083166033,0.00178117422951451,0.0004529072436602668,0.0055679471748458055,0.009596272164119235,0.009243815654099733,0.007876275566748452,0.0023611217527537208,-0.0005452729760253666,0.09885803936361666,-0.013224678940849976,0.02483750740351,0.0024450909388010872,-0.032472010256855,-0.014235632836880839,-0.09722936538316665,0.0,-0.00026533418622418315,0.0021074035278551752,0.00044125642560028343,-6.999254147215344e-05,-0.03059312593643833,0.011729641935089997,-0.033266936106253336,-0.00561580139678581,-0.0020946158163463327,-0.0024272239670775106,0.002142925846709717,0.0035939377048441333,-3.4607697555761806e-05,-0.0013100943719044664,0.0023854677940648994,-0.004746259083166033,-0.00026533418622418315,-0.0021074035278551752,-0.1381006351072666,0.0,0.9996579286205001
0.872,0.0014801205849761835,0.0,0.0003985600115205165,-0.0010934442602812673,-0.00019867802144330805,-0.002708293484946895,0.003616776035116733,-0.00013224369457516682,0.0014783731655169752,0.0010133230314398,0.00048075214193873326,-0.00047778285000412655,0.0020967694701608656,0.0016124255756641832,-0.0009495717332728448,0.0015707347569691831,-0.00033969135433653167,0.0002517501010059331,0.0003985600115205165,0.0010934442602812673,0.08227404168409666,0.0,0.26801982363323335,-0.000780989049387167,-0.0025914460659756844,0.015304706469317333,0.015891482360839416,-0.0081037569743532,-0.0023270232622325665,-0.0009008931589918165,0.00644516341114576,-0.0021316663402200465,0.005562670277667427,-0.009535437379746768,-0.030562455285630008,-0.011741489692552936,-0.00019867802144330805,0.002708293484946895,0.26801982363323335,0.000780989049387167,0.3852095141002501,0.0,-0.05932796193253334,0.03600541574064716,0.0010873252633464502,-0.012562039938832169,-0.008812183279905666,-0.005400185401816818,-0.015078531928393871,0.008696662590645448,0.009178315551065082,-0.007869156691012217,-0.033330580329245,0.005566654900736161,0.003616776035116733,0.00013224369457516682,-0.0025914460659756844,-0.015304706469317333,-0.05932796193253334,-0.03600541574064716,0.9384711011160333,0.0,0.19541195432246666,0.02068806363775612,0.016380911800243553,0.0015947708734752335,0.026317398144592,0.007199233133039398,0.002608890295394797,0.0004726776915506334,-0.002123582201786883,0.002573220583474166,0.0014783731655169752,-0.0010133230314398,0.015891482360839416,0.0081037569743532,0.0010873252633464502,0.012562039938832169,0.19541195432246666,-0.02068806363775612,0.10379988772406669,0.0,0.06227489499092501,0.00516391052142555,0.015223218399612501,-0.008573919510919481,0.09879914424833335,0.01321205665632307,0.0022244935303246996,-0.003501571349201984,0.00048075214193873326,0.00047778285000412655,-0.0023270232622325665,0.0009008931589918165,-0.008812183279905666,0.005400185401816818,0.016380911800243553,-0.0015947708734752335,0.06227489499092501,-0.00516391052142555,-0.18957774849700001,0.0,-0.07925888498568336,-0.00112111781372955,0.024790554143883335,-0.002449608261555202,-5.351641784898301e-06,0.001310636050816867,0.0020967694701608656,-0.0016124255756641832,0.00644516341114576,0.0021316663402200465,-0.015078531928393871,-0.008696662590645448,0.026317398144592,-0.007199233133039398,0.015223218399612501,0.008573919510919481,-0.07925888498568336,0.00112111781372955,-0.08638716403515834,0.0,-0.032456488412875,0.014189606312669165,0.0024206043702474315,0.0047891692982026494,-0.0009495717332728448,-0.0015707347569691831,0.005562670277667427,0.009535437379746768,0.009178315551065082,0.007869156691012217,0.002608890295394797,-0.0004726776915506334,0.09879914424833335,-0.01321205665632307,0.024790554143883335,0.002449608261555202,-0.032456488412875,-0.014189606312669165,-0.09734139150901498,0.0,-0.00023090641050766675,0.0022264719631489983,-0.00033969135433653167,-0.0002517501010059331,-0.030562455285630008,0.011741489692552936,-0.033330580329245,-0.005566654900736161,-0.002123582201786883,-0.002573220583474166,0.0022244935303246996,0.003501571349201984,-5.351641784898301e-06,-0.001310636050816867,0.0024206043702474315,-0.0047891692982026494,-0.00023090641050766675,-0.0022264719631489983,-0.1382706160755333,0.0,0.9996577450923498
0.8729999999999993,0.001479937044852666,0.0,0.0005601280373732664,0.001004759614796681,0.002058719871835533,0.0017138873413112918,-0.0022353577092221,0.0028519378672190185,-0.00174480415893055,0.0003993342197788033,-3.640854033717337e-05,0.0006619933160349998,-0.0026088719334365095,0.00036702519812800515,-0.0004313974218361502,-0.001788583732394225,5.092474197127832e-05,-0.0003997456435061664,0.0005601280373732664,-0.001004759614796681,0.08232045041652,0.0,0.2681171856431334,-0.0006211713879597202,-0.0027439823267065835,0.015354360211261013,0.01590881380729143,-0.008142015147783552,-0.0023602224954177168,-0.0008822556104447,0.006401568225874249,-0.0021691895277691936,0.00553815907956795,-0.009496732299273064,-0.030511179574283332,-0.011739371774416535,0.002058719871835533,-0.0017138873413112918,0.2681171856431334,0.0006211713879597202,0.3848253651305834,0.0,-0.05968759432417167,0.03606670507090401,0.001121495588543683,-0.012700273059124977,-0.008934252482957865,-0.005378677487891299,-0.015074942885446396,0.008592988844187383,0.00911301445297061,-0.007832993890124748,-0.033381991855686674,0.00552282654435174,-0.0022353577092221,-0.0028519378672190185,-0.0027439823267065835,-0.015354360211261013,-0.05968759432417167,-0.03606670507090401,0.9393938935021335,0.0,0.19557143950759995,0.020630047795379833,0.016367912744375514,0.0014729584811487837,0.026146285369245837,0.007267187719439911,0.002842062175908917,0.0004190797232369001,-0.0021999594568036,0.0027207060595768997,-0.00174480415893055,-0.0003993342197788033,0.01590881380729143,0.008142015147783552,0.001121495588543683,0.012700273059124977,0.19557143950759995,-0.020630047795379833,0.10371225042693667,0.0,0.06224842227215333,0.005062878674895205,0.015139275307341504,-0.008576892075465019,0.09875769261490332,0.013195248344612352,0.0023134563330098,-0.0033977320401924376,-3.640854033717337e-05,-0.0006619933160349998,-0.0023602224954177168,0.0008822556104447,-0.008934252482957865,0.005378677487891299,0.016367912744375514,-0.0014729584811487837,0.06224842227215333,-0.005062878674895205,-0.1896803855577,0.0,-0.07922580281196664,-0.0011263729518836666,0.024727879680664998,-0.0024503312105371776,2.765655140152864e-05,0.0013004839197090997,-0.0026088719334365095,-0.00036702519812800515,0.006401568225874249,0.0021691895277691936,-0.015074942885446396,-0.008592988844187383,0.026146285369245837,-0.007267187719439911,0.015139275307341504,0.008576892075465019,-0.07922580281196664,0.0011263729518836666,-0.08649922454560667,0.0,-0.03245418266610501,0.01415120340218517,0.0024515200662764336,0.004814612589101549,-0.0004313974218361502,0.001788583732394225,0.00553815907956795,0.009496732299273064,0.00911301445297061,0.007832993890124748,0.002842062175908917,-0.0004190797232369001,0.09875769261490332,-0.013195248344612352,0.024727879680664998,0.0024503312105371776,-0.03245418266610501,-0.01415120340218517,-0.09745326075026665,0.0,-0.00021391947135224995,0.002350370065043342,5.092474197127832e-05,0.0003997456435061664,-0.030511179574283332,0.011739371774416535,-0.033381991855686674,-0.00552282654435174,-0.0021999594568036,-0.0027207060595768997,0.0023134563330098,0.0033977320401924376,2.765655140152864e-05,-0.0013004839197090997,0.0024515200662764336,-0.004814612589101549,-0.00021391947135224995,-0.002350370065043342,-0.13844146412129998,0.0,0.9996575615459666
0.8740000000000006,0.0014797535031979162,0.0,-0.001108367116521484,-0.00024234088190633682,-0.0026410153888615836,0.00029888999760484985,-0.0006931641411266171,-0.003570362749317433,0.0008944787908270077,-0.0015540359220341928,-0.0003904466208003849,-0.0005039527257800902,0.0015763484044652993,-0.002093846490990513,0.0015577004472640738,0.0009785222310423165,0.00024615102173306647,0.0002934396509747667,-0.001108367116521484,0.00024234088190633682,0.082370564625095,0.0,0.2682125484190833,-0.000544479042457547,-0.0029032137949148,0.015372927569638262,0.01593281761944305,-0.008168979447798248,-0.0024114991914755833,-0.0008740905732067499,0.00639622599383095,-0.0021921314016565665,0.005529708729492902,-0.009487428646361755,-0.03045646999568666,-0.01171382722532885,-0.0026410153888615836,-0.00029888999760484985,0.2682125484190833,0.000544479042457547,0.3844374475246167,0.0,-0.06008587892875666,0.03610117649295251,0.0011388667734250667,-0.012824252712229815,-0.009060376170824334,-0.0053974481287885345,-0.01502030738393043,0.008462277179299168,0.009029573628302232,-0.007793405749812582,-0.033401075811805,0.0055245078333521335,-0.0006931641411266171,0.003570362749317433,-0.0029032137949148,-0.015372927569638262,-0.06008587892875666,-0.03610117649295251,0.9403163000547998,0.0,0.19569004304094997,0.020586120083244,0.01637015090451465,0.0013402721068015572,0.025966796905427834,0.00732231562747,0.003048070722363286,0.0003960513987967661,-0.002257236731518467,0.002836324707953933,0.0008944787908270077,0.0015540359220341928,0.01593281761944305,0.008168979447798248,0.0011388667734250667,0.012824252712229815,0.19569004304094997,-0.020586120083244,0.10362257363222499,0.0,0.06225689694289,0.004963178199115067,0.015053950568996327,-0.008605482072805296,0.09871582381322166,0.013183030700656634,0.002408242374131618,-0.0032821079395866167,-0.0003904466208003849,0.0005039527257800902,-0.0024114991914755833,0.0008740905732067499,-0.009060376170824334,0.0053974481287885345,0.01637015090451465,-0.0013402721068015572,0.06225689694289,-0.004963178199115067,-0.1897801948469666,0.0,-0.0791929634909633,-0.0011368247033287833,0.024686220317068342,-0.002436583575071284,3.694630143533018e-05,0.001292417433667183,0.0015763484044652993,0.002093846490990513,0.00639622599383095,0.0021921314016565665,-0.01502030738393043,-0.008462277179299168,0.025966796905427834,-0.00732231562747,0.015053950568996327,0.008605482072805296,-0.0791929634909633,0.0011368247033287833,-0.08661139900597001,0.0,-0.032472725954130005,0.014109602535432215,0.002468848645373258,0.004864953153394284,0.0015577004472640738,-0.0009785222310423165,0.005529708729492902,0.009487428646361755,0.009029573628302232,0.007793405749812582,0.003048070722363286,-0.0003960513987967661,0.09871582381322166,-0.013183030700656634,0.024686220317068342,0.002436583575071284,-0.032472725954130005,-0.014109602535432215,-0.0975648446023083,0.0,-0.00021450507950806523,0.0024500445450940825,0.00024615102173306647,-0.0002934396509747667,-0.03045646999568666,0.01171382722532885,-0.033401075811805,-0.0055245078333521335,-0.002257236731518467,-0.002836324707953933,0.002408242374131618,0.0032821079395866167,3.694630143533018e-05,-0.001292417433667183,0.002468848645373258,-0.004864953153394284,-0.00021450507950806523,-0.0024500445450940825,-0.13861282288625001,0.0,0.99965737799845
0.875,0.0014795699654008496,0.0,0.0009120710010797701,-0.000644189706130533,0.00160743067104367,-0.0021461060621157505,0.0031530598054582003,0.0018227874149377003,0.0005174755584167999,0.0017066443198151668,0.0006031253199739971,0.0001221859996132501,0.0003463958874887267,0.002583235411713654,-0.001793217144194456,0.0003746293909110167,-0.0003551760221748668,-4.866618433496673e-06,0.0009120710010797701,0.000644189706130533,0.08242241310255999,0.0,0.26829850309163333,-0.0004857919254994666,-0.0030207770145844895,0.015401910902700195,0.01594623943963788,-0.00816456625961715,-0.0024551615520612504,-0.000873298810670383,0.006412176404252631,-0.0021996769239900752,0.005541185289704288,-0.009460043953479103,-0.030429960395904995,-0.011670098296542818,0.00160743067104367,0.0021461060621157505,0.26829850309163333,0.0004857919254994666,0.38404760025895,0.0,-0.06048564539207501,0.0361367127866865,0.0011117825977879669,-0.012935053179783917,-0.00917924059311135,-0.005427859855608744,-0.01493216584372568,0.008343305257884766,0.008928295790624369,-0.007756057482913515,-0.033424487873278334,0.005553735019298433,0.0031530598054582003,-0.0018227874149377003,-0.0030207770145844895,-0.015401910902700195,-0.06048564539207501,-0.0361367127866865,0.9412381742672998,0.0,0.1957982094979,0.02053513847579554,0.016376713125803282,0.0012159997844861166,0.025758416120473172,0.0073589485488431685,0.0032210266755965454,0.00039130767734782185,-0.0022417611466514008,0.0029311523764296212,0.0005174755584167999,-0.0017066443198151668,0.01594623943963788,0.00816456625961715,0.0011117825977879669,0.012935053179783917,0.1957982094979,-0.02053513847579554,0.10353075410646666,0.0,0.06227611963586666,0.0048668705743819315,0.01498327122752484,-0.008645630150971752,0.09864969820884999,0.013167679951879915,0.002488787437927667,-0.00315517715293945,0.0006031253199739971,-0.0001221859996132501,-0.0024551615520612504,0.000873298810670383,-0.00917924059311135,0.005427859855608744,0.016376713125803282,-0.0012159997844861166,0.06227611963586666,-0.0048668705743819315,-0.1898769007437167,0.0,-0.0791620905988517,-0.0011637863435599164,0.024656083912998332,-0.0024183591722626015,2.5886577485273044e-05,0.0012951052622227949,0.0003463958874887267,-0.002583235411713654,0.006412176404252631,0.0021996769239900752,-0.01493216584372568,-0.008343305257884766,0.025758416120473172,-0.0073589485488431685,0.01498327122752484,0.008645630150971752,-0.0791620905988517,0.0011637863435599164,-0.08672382216038167,0.0,-0.032499889733336666,0.014059648801853229,0.0024854070981910397,0.004939088068670081,-0.001793217144194456,-0.0003746293909110167,0.005541185289704288,0.009460043953479103,0.008928295790624369,0.007756057482913515,0.0032210266755965454,-0.00039130767734782185,0.09864969820884999,-0.013167679951879915,0.024656083912998332,0.0024183591722626015,-0.032499889733336666,-0.014059648801853229,-0.097676343385255,0.0,-0.00022376469499908318,0.0025335245876195018,-0.0003551760221748668,4.866618433496673e-06,-0.030429960395904995,0.011670098296542818,-0.033424487873278334,-0.005553735019298433,-0.0022417611466514008,-0.0029311523764296212,0.002488787437927667,0.00315517715293945,2.5886577485273044e-05,-0.0012951052622227949,0.0024854070981910397,-0.004939088068670081,-0.00022376469499908318,-0.0025335245876195018,-0.13878425095713334,0.0,0.999657194454583
0.8759999999999994,0.0014793864222314161,0.0,-0.00013924683455600011,0.0010976334007612172,0.0004679762435141671,0.0026637360020103076,-0.0034215282242244837,0.0012134961479764626,-0.0015771697448711496,-0.0007580766962932499,-0.0005267735455360185,0.00030136600408046656,-0.0020505551670076737,-0.0015764615140007668,0.0010209244855985615,-0.0015164268331274535,0.0002120520633708166,-0.0002502664347938882,-0.00013924683455600011,-0.0010976334007612172,0.08247589711534833,0.0,0.26839743245148323,-0.00043588461836133337,-0.003096689378879933,0.015439310976968428,0.015933001606559898,-0.008152646129865255,-0.0024772978043623834,-0.0008683265434684502,0.006410151258987958,-0.002206550845618391,0.005539522042453248,-0.009399194021632301,-0.030430406483994994,-0.011639316203062404,0.0004679762435141671,-0.0026637360020103076,0.26839743245148323,0.00043588461836133337,0.38365569621215,0.0,-0.06088085024676667,0.036203380563680665,0.0010730872981323115,-0.013022279895607768,-0.00929852993579673,-0.005439735754769315,-0.014861106258005597,0.008250973429678933,0.00883238029414565,-0.007702483986824267,-0.03348992783198333,0.005555202460598799,-0.0034215282242244837,-0.0012134961479764626,-0.003096689378879933,-0.015439310976968428,-0.06088085024676667,-0.036203380563680665,0.9421593660050666,0.0,0.19594683206939997,0.020472338155334203,0.016387973791685165,0.0010933350166271833,0.025531339302335827,0.007367911996513069,0.003376982628516795,0.0003720900412519339,-0.0022013045746016122,0.0030404413641115504,-0.0015771697448711496,0.0007580766962932499,0.015933001606559898,0.008152646129865255,0.0010730872981323115,0.013022279895607768,0.19594683206939997,-0.020472338155334203,0.10343682659865165,0.0,0.06227894005639999,0.004764187449283471,0.014916008560386334,-0.008681614643047317,0.09859231949838668,0.013140261095141154,0.002544050363407749,-0.00302276554428269,-0.0005267735455360185,-0.00030136600408046656,-0.0024772978043623834,0.0008683265434684502,-0.00929852993579673,0.005439735754769315,0.016387973791685165,-0.0010933350166271833,0.06227894005639999,-0.004764187449283471,-0.1899700339242833,0.0,-0.07913784245330668,-0.0011967067305909335,0.024604291184669995,-0.0024079579951938896,2.6538664299196447e-05,0.0012893552262581535,-0.0020505551670076737,0.0015764615140007668,0.006410151258987958,0.002206550845618391,-0.014861106258005597,-0.008250973429678933,0.025531339302335827,-0.007367911996513069,0.014916008560386334,0.008681614643047317,-0.07913784245330668,0.0011967067305909335,-0.08683674377713334,0.0,-0.03252288957907166,0.014018988689210683,0.00252286776435895,0.005000210622360219,0.0010209244855985615,0.0015164268331274535,0.005539522042453248,0.009399194021632301,0.00883238029414565,0.007702483986824267,0.003376982628516795,-0.0003720900412519339,0.09859231949838668,-0.013140261095141154,0.024604291184669995,0.0024079579951938896,-0.03252288957907166,-0.014018988689210683,-0.09778768312735164,0.0,-0.00022961951412481667,0.0026236101155129657,0.0002120520633708166,0.0002502664347938882,-0.030430406483994994,0.011639316203062404,-0.03348992783198333,-0.005555202460598799,-0.0022013045746016122,-0.0030404413641115504,0.002544050363407749,0.00302276554428269,2.6538664299196447e-05,-0.0012893552262581535,0.00252286776435895,-0.005000210622360219,-0.00022961951412481667,-0.0026236101155129657,-0.1389557006202,0.0,0.9996570109043333
0.8770000000000007,0.0014792028638061332,0.0,-0.0007298432686008367,-0.0008373429341235955,-0.002236833407624134,-0.0014855844248849238,0.001267776179083733,-0.0033799324300242905,0.001567822773381217,-0.0006724976621594003,0.00019691884846245004,-0.0005722077070430852,0.0025337714475204835,-0.0003302919183495841,0.00034479523781659997,0.0018020555689816499,4.6249825848285e-05,0.0003086030440830001,-0.0007298432686008367,0.0008373429341235955,0.08253044337545996,0.0,0.2684892142473167,-0.00042702177005199995,-0.003203777684739317,0.015439372782056664,0.01589922024973975,-0.008148749103459734,-0.0024915395472453004,-0.0008550997333809893,0.006390092218837586,-0.002230189622150894,0.0055061174157269325,-0.009350520368708868,-0.030417024938271673,-0.011636664893898646,-0.002236833407624134,0.0014855844248849238,0.2684892142473167,0.00042702177005199995,0.3832621746800834,0.0,-0.06128165555757334,0.03630649903346718,0.0010601183993800968,-0.013077680493079917,-0.009419194384745864,-0.005450863674562193,-0.014813097851114667,0.008157600169853148,0.008752310630310014,-0.007631023337336096,-0.03357210576536167,0.0055216761119022,0.001267776179083733,0.0033799324300242905,-0.003203777684739317,-0.015439372782056664,-0.06128165555757334,-0.03630649903346718,0.9430801495228833,0.0,0.19609333816320007,0.020419527598660774,0.0164274924746088,0.0009640292704747501,0.0253180088026065,0.007348836947840815,0.0035406702786994868,0.0003299081576698601,-0.002216276304809625,0.0031610405130851954,0.001567822773381217,0.0006724976621594003,0.01589922024973975,0.008148749103459734,0.0010601183993800968,0.013077680493079917,0.19609333816320007,-0.020419527598660774,0.10334050464009169,0.0,0.06226995426432834,0.004657142387318486,0.014833775482330336,-0.008719081526122026,0.09856784673934166,0.013105959501146801,0.002586256138983702,-0.0028865188276466845,0.00019691884846245004,0.0005722077070430852,-0.0024915395472453004,0.0008550997333809893,-0.009419194384745864,0.005450863674562193,0.0164274924746088,-0.0009640292704747501,0.06226995426432834,-0.004657142387318486,-0.19005947627913333,0.0,-0.07911367344084838,-0.0012190323293674666,0.024532803093366674,-0.0023996040629074332,5.437226132412978e-05,0.001253017144235812,0.0025337714475204835,0.0003302919183495841,0.006390092218837586,0.002230189622150894,-0.014813097851114667,-0.008157600169853148,0.0253180088026065,-0.007348836947840815,0.014833775482330336,0.008719081526122026,-0.07911367344084838,0.0012190323293674666,-0.08695018059714334,0.0,-0.03254018151725333,0.014003640388643459,0.0025741692772841504,0.005039017651426001,0.00034479523781659997,-0.0018020555689816499,0.0055061174157269325,0.009350520368708868,0.008752310630310014,0.007631023337336096,0.0035406702786994868,-0.0003299081576698601,0.09856784673934166,-0.013105959501146801,0.024532803093366674,0.0023996040629074332,-0.03254018151725333,-0.014003640388643459,-0.09789838148492168,0.0,-0.00022457308913504995,0.0027147135855411,4.6249825848285e-05,-0.0003086030440830001,-0.030417024938271673,0.011636664893898646,-0.03357210576536167,-0.0055216761119022,-0.002216276304809625,-0.0031610405130851954,0.002586256138983702,0.0028865188276466845,5.437226132412978e-05,-0.001253017144235812,0.0025741692772841504,-0.005039017651426001,-0.00022457308913504995,-0.0027147135855411,-0.13912760938103333,0.0,0.9996568273397839
0.878,0.0014790193055491166,0.0,0.0011235006952494168,5.876308379141754e-06,0.002589690338767875,-0.0005807437651765649,0.0017405618087819328,0.003133206315836866,-0.0004976006133365165,0.0015962553385613497,0.00022557148524013487,0.000555075337340245,-0.0015505622639974325,0.0019814216134982168,-0.0015191586324781,-0.0010437288791341614,-0.00024749721068851655,-0.0001746464115186171,0.0011235006952494168,-5.876308379141754e-06,0.08258456472566165,0.0,0.26856069108936664,-0.0004530486564742001,-0.0033792226688973827,0.015399736270635973,0.01587069379100925,-0.008133566815074685,-0.002512906921926526,-0.0008382418368256666,0.006383863417457751,-0.0022691191049132673,0.005463719648999109,-0.009350429018311597,-0.030377363387090014,-0.011641133889754216,0.002589690338767875,0.0005807437651765649,0.26856069108936664,0.0004530486564742001,0.38286831642741664,0.0,-0.06166502537800335,0.03644096448685445,0.001065429214150583,-0.01311234747739508,-0.009527549390447077,-0.005489973994424897,-0.014754973807945998,0.008043217938891335,0.008673504295823998,-0.007574235534260185,-0.033633813932929996,0.005497762406668951,0.0017405618087819328,-0.003133206315836866,-0.0033792226688973827,-0.015399736270635973,-0.06166502537800335,-0.03644096448685445,0.9440011231395833,0.0,0.19618565118496667,0.020387304964562935,0.016507648762052424,0.0008408953580875484,0.025143278540508834,0.007309418460528083,0.0037171194404863506,0.00029633878568098386,-0.002280553174402162,0.0032630029999828752,-0.0004976006133365165,-0.0015962553385613497,0.01587069379100925,0.008133566815074685,0.001065429214150583,0.01311234747739508,0.19618565118496667,-0.020387304964562935,0.10324149434561165,0.0,0.062277040855405016,0.004562517176916288,0.014745078256741834,-0.008769410839590949,0.09855838558350502,0.013077526957467047,0.002626795441123432,-0.0027447248259255238,0.00022557148524013487,-0.000555075337340245,-0.002512906921926526,0.0008382418368256666,-0.009527549390447077,0.005489973994424897,0.016507648762052424,-0.0008408953580875484,0.062277040855405016,-0.004562517176916288,-0.19014565176241666,0.0,-0.07909020168593668,-0.0012315550689753832,0.024486902965470004,-0.002382423915147733,8.780237268883296e-05,0.0011957467203317668,-0.0015505622639974325,-0.0019814216134982168,0.006383863417457751,0.0022691191049132673,-0.014754973807945998,-0.008043217938891335,0.025143278540508834,-0.007309418460528083,0.014745078256741834,0.008769410839590949,-0.07909020168593668,0.0012315550689753832,-0.08706385412473665,0.0,-0.032557994700710004,0.014003739957483075,0.0026068685081832342,0.0050926366057736875,-0.0015191586324781,0.0010437288791341614,0.005463719648999109,0.009350429018311597,0.008673504295823998,0.007574235534260185,0.0037171194404863506,-0.00029633878568098386,0.09855838558350502,-0.013077526957467047,0.024486902965470004,0.002382423915147733,-0.032557994700710004,-0.014003739957483075,-0.0980080933535667,0.0,-0.00021329493087047003,0.0027817319020992993,-0.00024749721068851655,0.0001746464115186171,-0.030377363387090014,0.011641133889754216,-0.033633813932929996,-0.005497762406668951,-0.002280553174402162,-0.0032630029999828752,0.002626795441123432,0.0027447248259255238,8.780237268883296e-05,-0.0011957467203317668,0.0026068685081832342,-0.0050926366057736875,-0.00021329493087047003,-0.0027817319020992993,-0.13930027492773334,0.0,0.99965664377525
0.8789999999999994,0.0014788357585636665,0.0,-0.00076301750063511,0.0008413375238467334,-0.0013720403484988833,0.0022837688185303154,-0.0034707253762902668,-0.0007132819680794169,-0.0008604965568029729,-0.0014044103224698829,-0.0005300342031422702,-0.00025610747047866676,-0.00025448307248785004,-0.002467027139350313,0.0018154983754399493,-0.0003098599665792517,0.0002838965975616166,-6.083273776268875e-05,-0.00076301750063511,-0.0008413375238467334,0.08263761941646496,0.0,0.2686391599970334,-0.0004674335174885332,-0.003561046280527067,0.015382837049735152,0.015859918247175135,-0.008082823046064924,-0.002533389435848988,-0.0008224522015563132,0.006389970879789366,-0.0023123921887253907,0.005436374387503303,-0.009365861225043015,-0.030346249524284996,-0.01163202969463767,-0.0013720403484988833,-0.0022837688185303154,0.2686391599970334,0.0004674335174885332,0.38247428320184995,0.0,-0.06198873087432501,0.03660232051694225,0.0010622780043625004,-0.013144576547483394,-0.009621972247264049,-0.00554588214573182,-0.014682314188677166,0.007925699289716816,0.008574897175126401,-0.0075580084657109175,-0.03368202544539999,0.005491700696277599,-0.0034707253762902668,0.0007132819680794169,-0.003561046280527067,-0.015382837049735152,-0.06198873087432501,-0.03660232051694225,0.9449228406085165,0.0,0.1962548057550166,0.02035746516104541,0.016605859540988747,0.0007363531206917166,0.02499582533187067,0.007262551036682047,0.0038968226406514506,0.00029959069223385864,-0.002331360386486183,0.0033442616494241827,-0.0008604965568029729,0.0014044103224698829,0.015859918247175135,0.008082823046064924,0.0010622780043625004,0.013144576547483394,0.1962548057550166,-0.02035746516104541,0.10314006314163,0.0,0.06230049458988499,0.004489528755064935,0.014673601881002668,-0.008826626006085718,0.09853822600965495,0.013056408829451364,0.0026553442322381376,-0.002603151767389267,-0.0005300342031422702,0.00025610747047866676,-0.002533389435848988,0.0008224522015563132,-0.009621972247264049,0.00554588214573182,0.016605859540988747,-0.0007363531206917166,0.06230049458988499,-0.004489528755064935,-0.19022912128511674,0.0,-0.07907381523090001,-0.0012497665767340663,0.024488167923496666,-0.0023640346200360166,0.00010609732234486171,0.0011461937539850684,-0.00025448307248785004,0.002467027139350313,0.006389970879789366,0.0023123921887253907,-0.014682314188677166,-0.007925699289716816,0.02499582533187067,-0.007262551036682047,0.014673601881002668,0.008826626006085718,-0.07907381523090001,0.0012497665767340663,-0.08717752664412169,0.0,-0.03257403193045333,0.014001045855174886,0.002609827849235568,0.005180820303344132,0.0018154983754399493,0.0003098599665792517,0.005436374387503303,0.009365861225043015,0.008574897175126401,0.0075580084657109175,0.0038968226406514506,-0.00029959069223385864,0.09853822600965495,-0.013056408829451364,0.024488167923496666,0.0023640346200360166,-0.03257403193045333,-0.014001045855174886,-0.09811694820648666,0.0,-0.00020876344575217074,0.0028265760694446565,0.0002838965975616166,6.083273776268875e-05,-0.030346249524284996,0.01163202969463767,-0.03368202544539999,-0.005491700696277599,-0.002331360386486183,-0.0033442616494241827,0.0026553442322381376,0.002603151767389267,0.00010609732234486171,-0.0011461937539850684,0.002609827849235568,-0.005180820303344132,-0.00020876344575217074,-0.0028265760694446565,-0.13947358576923335,0.0,0.9996564602220668
0.8800000000000008,0.0014786522181346343,0.0,-0.00010798152700221359,-0.0011443913934251998,-0.0007187409330548331,-0.002611381331064552,0.0027430196950838995,-0.002145194952400383,0.0015977901573446334,0.00028608171589282645,0.0005513760318606165,-0.00017959087638439315,0.0018768752399510333,0.00157755136777494,-0.0010826671270901418,0.00148034508121055,-0.00012469176146809666,0.00024422888274920027,-0.00010798152700221359,0.0011443913934251998,0.08269026335782,0.0,0.26874015603506674,-0.000463081095690567,-0.0036785475268793664,0.015425439469551903,0.015846691563741404,-0.008008477300046783,-0.002539996306309902,-0.0008061605333544666,0.006369921860241381,-0.002356647081727733,0.005413437214989914,-0.009349974600196815,-0.030341505270009998,-0.011613348957207635,-0.0007187409330548331,0.002611381331064552,0.26874015603506674,0.000463081095690567,0.3820790663497166,0.0,-0.06224865364465167,0.03677549747823517,0.001055042688602117,-0.013184516154316912,-0.009725709976807304,-0.005586102526618512,-0.01462685514175784,0.007821680158658865,0.008456304760009397,-0.007565301906773165,-0.03373768776259167,0.0054558997240181355,0.0027430196950838995,0.002145194952400383,-0.0036785475268793664,-0.015425439469551903,-0.06224865364465167,-0.03677549747823517,0.9458453342888501,0.0,0.19635103510684995,0.020309712191519103,0.016700958260261103,0.0006397000160643998,0.02484134302283866,0.007210949429686233,0.004073208214010733,0.00033205718033221,-0.00236934366044224,0.0034250472193445747,0.0015977901573446334,-0.00028608171589282645,0.015846691563741404,0.008008477300046783,0.001055042688602117,0.013184516154316912,0.19635103510684995,-0.020309712191519103,0.10303680237784332,0.0,0.062314309233443325,0.004420057207792616,0.014620880690692168,-0.008872711538527466,0.09851237817248833,0.013037228302600916,0.002656809782634024,-0.0024742832542693992,0.0005513760318606165,0.00017959087638439315,-0.002539996306309902,0.0008061605333544666,-0.009725709976807304,0.005586102526618512,0.016700958260261103,-0.0006397000160643998,0.062314309233443325,-0.004420057207792616,-0.19030991325371668,0.0,-0.07906299020396498,-0.0012807582180606315,0.02449949927113999,-0.0023615668098978335,0.00012231462846040676,0.0011139090256350667,0.0018768752399510333,-0.00157755136777494,0.006369921860241381,0.002356647081727733,-0.01462685514175784,-0.007821680158658865,0.02484134302283866,-0.007210949429686233,0.014620880690692168,0.008872711538527466,-0.07906299020396498,0.0012807582180606315,-0.08729139810215997,0.0,-0.03257447456350166,0.013997150780123282,0.0026090451685965637,0.005269677564325701,-0.0010826671270901418,-0.00148034508121055,0.005413437214989914,0.009349974600196815,0.008456304760009397,0.007565301906773165,0.004073208214010733,-0.00033205718033221,0.09851237817248833,-0.013037228302600916,0.02449949927113999,0.0023615668098978335,-0.03257447456350166,-0.013997150780123282,-0.09822515656350335,0.0,-0.00022392387429652605,0.0028805969352505493,-0.00012469176146809666,-0.00024422888274920027,-0.030341505270009998,0.011613348957207635,-0.03373768776259167,-0.0054558997240181355,-0.00236934366044224,-0.0034250472193445747,0.002656809782634024,0.0024742832542693992,0.00012231462846040676,-0.0011139090256350667,0.0026090451685965637,-0.005269677564325701,-0.00022392387429652605,-0.0028805969352505493,-0.13964737399778338,0.0,0.9996562766752498
0.8810000000000001,0.0014784686663321662,0.0,0.000935804388984366,0.0007001436986132367,0.0023998457499447,0.0013113952942735165,-0.00012124539552013838,0.0034173943863413537,-0.0012558427211237337,0.001005974758877682,-0.0002647329154573,0.0005101428207648633,-0.0024138649754395264,0.0001992280843672,-0.0002681742569505501,-0.001811106448365883,-0.00011129633006834844,-0.00023845070032034983,0.000935804388984366,-0.0007001436986132367,0.08274218737876997,0.0,0.26887677768855006,-0.0005000564292505833,-0.0037604471814853325,0.015495961869891895,0.01581396514927035,-0.007944523441538483,-0.002537036589021116,-0.0007897431096422199,0.006316831691304781,-0.002403427926735833,0.005374140916814518,-0.009323313113428234,-0.030333556478454985,-0.011597814875835197,0.0023998457499447,-0.0013113952942735165,0.26887677768855006,0.0005000564292505833,0.38168304132256664,0.0,-0.06250230389595667,0.03694117418393184,0.0010752453525156396,-0.013229090762015816,-0.009854281477351314,-0.005616276917473382,-0.01460193582072447,0.0077133676267713645,0.008336759038521204,-0.007565323962148299,-0.03379460504460499,0.005371816324203999,-0.00012124539552013838,-0.0034173943863413537,-0.0037604471814853325,-0.015495961869891895,-0.06250230389595667,-0.03694117418393184,0.9467683510914668,0.0,0.19647295607916665,0.020254281478493747,0.016808536995690983,0.0005403580614119183,0.024671944859625497,0.007152905499755729,0.004239369664704115,0.00037074790833205133,-0.0024587998766278803,0.0034867394456390005,-0.0012558427211237337,-0.001005974758877682,0.01581396514927035,0.007944523441538483,0.0010752453525156396,0.013229090762015816,0.19647295607916665,-0.020254281478493747,0.10293209284584334,0.0,0.06232223670882999,0.004341601977997851,0.014568393966102338,-0.008906431077977731,0.09851918634185002,0.01302818154598323,0.002638158863964517,-0.002361642072508299,-0.0002647329154573,-0.0005101428207648633,-0.002537036589021116,0.0007897431096422199,-0.009854281477351314,0.005616276917473382,0.016808536995690983,-0.0005403580614119183,0.06232223670882999,-0.004341601977997851,-0.19038768745228335,0.0,-0.07906150014520165,-0.0013115766171243183,0.024489749092668347,-0.002372447244106966,0.00016123076694210338,0.0010827378689688173,-0.0024138649754395264,-0.0001992280843672,0.006316831691304781,0.002403427926735833,-0.01460193582072447,-0.0077133676267713645,0.024671944859625497,-0.007152905499755729,0.014568393966102338,0.008906431077977731,-0.07906150014520165,0.0013115766171243183,-0.08740591775578,0.0,-0.03256382011281166,0.014009983998958364,0.0026202355221217172,0.00532524098163656,-0.0002681742569505501,0.001811106448365883,0.005374140916814518,0.009323313113428234,0.008336759038521204,0.007565323962148299,0.004239369664704115,-0.00037074790833205133,0.09851918634185002,-0.01302818154598323,0.024489749092668347,0.002372447244106966,-0.03256382011281166,-0.014009983998958364,-0.09833270091000332,0.0,-0.0002608456139912998,0.0029597203148189906,-0.00011129633006834844,0.00023845070032034983,-0.030333556478454985,0.011597814875835197,-0.03379460504460499,-0.005371816324203999,-0.0024587998766278803,-0.0034867394456390005,0.002638158863964517,0.002361642072508299,0.00016123076694210338,-0.0010827378689688173,0.0026202355221217172,-0.00532524098163656,-0.0002608456139912998,-0.0029597203148189906,-0.13982174206981668,0.0,0.9996560931168499
0.8819999999999996,0.001478285104163,0.0,-0.0011620296907464335,0.00023326664457684997,-0.00261343848288235,0.0007932212913171669,-0.0024861744081702765,-0.002287828599323983,5.948494778196664e-05,-0.0016164728984596592,-0.00015901762733126675,-0.0005437879883949266,0.0015395722307801857,-0.0018208033313760672,0.0014677904353341499,0.001098190938372825,0.0002488696777953834,6.684047542735051e-05,-0.0011620296907464335,-0.00023326664457684997,0.08279081888441667,0.0,0.26899315421586667,-0.0006152466204037665,-0.0038820087391825673,0.015552555943273903,0.01577876992677918,-0.0078963469536158,-0.002539787015310441,-0.0007784822597365234,0.006272462214850832,-0.0024469510950342055,0.0053277573998168825,-0.009338150650180515,-0.030289988769011664,-0.011575556063675833,-0.00261343848288235,-0.0007932212913171669,0.26899315421586667,0.0006152466204037665,0.3812890701077668,0.0,-0.06278099326897665,0.03707139118906649,0.0011299563059799173,-0.013266290610005565,-0.009986606769838301,-0.00567275800035486,-0.01456483102859568,0.007575702525360166,0.008222750777436318,-0.007554560759858515,-0.03382714833581,0.0052866130110615335,-0.0024861744081702765,0.002287828599323983,-0.0038820087391825673,-0.015552555943273903,-0.06278099326897665,-0.03707139118906649,0.9476917377269,0.0,0.1965448583591167,0.020214070259004357,0.0169399073030024,0.0004526884091079835,0.024498561214951843,0.0070898369972629514,0.004379624180956118,0.00041817650525230985,-0.002603289695211949,0.0034929299176905,5.948494778196664e-05,0.0016164728984596592,0.01577876992677918,0.0078963469536158,0.0011299563059799173,0.013266290610005565,0.1965448583591167,-0.020214070259004357,0.10282621534570331,0.0,0.062344888834113314,0.004270621180822044,0.014506735916461334,-0.00894450467917102,0.09855111234395,0.013038964055777221,0.002619972202031092,-0.0022543748973972784,-0.00015901762733126675,0.0005437879883949266,-0.002539787015310441,0.0007784822597365234,-0.009986606769838301,0.00567275800035486,0.0169399073030024,-0.0004526884091079835,0.062344888834113314,-0.004270621180822044,-0.19046262568501662,0.0,-0.07905639600488498,-0.0013307867123914252,0.024475513450436668,-0.002375218339222447,0.00021638032258136663,0.001043513691011987,0.0015395722307801857,0.0018208033313760672,0.006272462214850832,0.0024469510950342055,-0.01456483102859568,-0.007575702525360166,0.024498561214951843,-0.0070898369972629514,0.014506735916461334,0.00894450467917102,-0.07905639600488498,0.0013307867123914252,-0.08752126349922834,0.0,-0.03255698525597834,0.014037371937978587,0.002616740117067076,0.005362536377981451,0.0014677904353341499,-0.001098190938372825,0.0053277573998168825,0.009338150650180515,0.008222750777436318,0.007554560759858515,0.004379624180956118,-0.00041817650525230985,0.09855111234395,-0.013038964055777221,0.024475513450436668,0.002375218339222447,-0.03255698525597834,-0.014037371937978587,-0.09843956555630666,0.0,-0.00031451794576325005,0.003042990960444117,0.0002488696777953834,-6.684047542735051e-05,-0.030289988769011664,0.011575556063675833,-0.03382714833581,-0.0052866130110615335,-0.002603289695211949,-0.0034929299176905,0.002619972202031092,0.0022543748973972784,0.00021638032258136663,-0.001043513691011987,0.002616740117067076,-0.005362536377981451,-0.00031451794576325005,-0.003042990960444117,-0.13999676287969995,0.0,0.9996559095482996
0.8830000000000007,0.0014781015488781332,0.0,0.0006081639568897617,-0.0010168415487036334,0.0012608233564863432,-0.0024336430750755795,0.0033409282729947674,-0.00034162297292191656,0.00118658135349445,0.0011301261832599172,0.0004745568033023516,0.0002819980592951217,0.00017961959361872677,0.0023383501739026257,-0.0018167026589608446,0.00024099777365470005,-0.00021130665104955373,0.00014567390125490008,0.0006081639568897617,0.0010168415487036334,0.0828335819324267,0.0,0.26908993480495,-0.0007628628233742166,-0.004031841217838683,0.015601725095036942,0.01576919013902584,-0.007847211729870468,-0.0025502664730179384,-0.00077916127814325,0.006269844115392483,-0.0024766573006991663,0.005304944293441751,-0.009390791003349237,-0.030239676396825003,-0.011539513149612672,0.0012608233564863432,0.0024336430750755795,0.26908993480495,0.0007628628233742166,0.38089994332248356,0.0,-0.06307249504780166,0.03716171318693076,0.0011836010042863912,-0.013291167354042096,-0.010103945416408236,-0.005767568377812083,-0.014474728124756664,0.007424312347366501,0.008100935398882948,-0.007553270279460417,-0.03384231365091168,0.005239294673113768,0.0033409282729947674,0.00034162297292191656,-0.004031841217838683,-0.015601725095036942,-0.06307249504780166,-0.03716171318693076,0.9486154296803001,0.0,0.19658331344349994,0.02019176389034167,0.01707885723520444,0.0003912961559058166,0.02432125531222199,0.007015900560181001,0.004485357166040768,0.0004922440115737049,-0.002726783934333667,0.0034666326134525664,0.00118658135349445,-0.0011301261832599172,0.01576919013902584,0.007847211729870468,0.0011836010042863912,0.013291167354042096,0.19658331344349994,-0.02019176389034167,0.10271964052201334,0.0,0.062398789994325014,0.004226547591079049,0.014454469889549829,-0.0089994269949123,0.09858760896540002,0.013066126524482167,0.002608610512628917,-0.0021512479880982332,0.0004745568033023516,-0.0002819980592951217,-0.0025502664730179384,0.00077916127814325,-0.010103945416408236,0.005767568377812083,0.01707885723520444,-0.0003912961559058166,0.062398789994325014,-0.004226547591079049,-0.19053556023705,0.0,-0.07904806410050834,-0.0013441004326896432,0.024488191610029998,-0.002359792331228532,0.00025594145718187676,0.0010097817374796702,0.00017961959361872677,-0.0023383501739026257,0.006269844115392483,0.0024766573006991663,-0.014474728124756664,-0.007424312347366501,0.02432125531222199,-0.007015900560181001,0.014454469889549829,0.0089994269949123,-0.07904806410050834,0.0013441004326896432,-0.08763719518870333,0.0,-0.03256385309444498,0.014059074048482932,0.0025720519834879136,0.0054152347893614,-0.0018167026589608446,-0.00024099777365470005,0.005304944293441751,0.009390791003349237,0.008100935398882948,0.007553270279460417,0.004485357166040768,-0.0004922440115737049,0.09858760896540002,-0.013066126524482167,0.024488191610029998,0.002359792331228532,-0.03256385309444498,-0.014059074048482932,-0.09854602575841497,0.0,-0.0003831902600627334,0.0031096647646573334,-0.00021130665104955373,-0.00014567390125490008,-0.030239676396825003,0.011539513149612672,-0.03384231365091168,-0.005239294673113768,-0.002726783934333667,-0.0034666326134525664,0.002608610512628917,0.0021512479880982332,0.00025594145718187676,-0.0010097817374796702,0.0025720519834879136,-0.0054152347893614,-0.0003831902600627334,-0.0031096647646573334,-0.1401721898348333,0.0,0.9996557259869834
0.8840000000000002,0.0014779180056595164,0.0,0.000323317777250315,0.0011256208879904166,0.0008998271663383216,0.002638308091439585,-0.0019585329351460663,0.002701827291810848,-0.0016465867530135122,0.00011586598743001663,-0.0005236688021693583,0.00011647584314048015,-0.0017347531280831501,-0.001530460027835135,0.0011355257778377168,-0.0014334365762999665,1.5866167205983167e-05,-0.0002642224423166501,0.000323317777250315,-0.0011256208879904166,0.08287062509951833,0.0,0.2691659319866167,-0.0008758824410568667,-0.004130188324210933,0.015644633251327547,0.015774724400234832,-0.007794149330055218,-0.0025588362061787513,-0.0007935792367573934,0.0062904614941872005,-0.0024925218258887516,0.005311004498879767,-0.009424303212588617,-0.030218653284753327,-0.011506465712114833,0.0008998271663383216,-0.002638308091439585,0.2691659319866167,0.0008758824410568667,0.38051574887285,0.0,-0.06334497150932834,0.03722904679054017,0.0012047773865769497,-0.013295641934527046,-0.010221500158662598,-0.0058734039107424365,-0.014343474310977716,0.007299156510451001,0.007957750222106501,-0.007557815607501573,-0.03385773059734999,0.005198678683853716,-0.0019585329351460663,-0.002701827291810848,-0.004130188324210933,-0.015644633251327547,-0.06334497150932834,-0.03722904679054017,0.949539093542383,0.0,0.19664029059158333,0.020164105307035315,0.017198721058238498,0.00034666383078004153,0.024116163399847495,0.006906257598990792,0.004564592587301588,0.0005789165901237329,-0.002796390137750534,0.003467265392020867,-0.0016465867530135122,-0.00011586598743001663,0.015774724400234832,0.007794149330055218,0.0012047773865769497,0.013295641934527046,0.19664029059158333,-0.020164105307035315,0.102612940443035,0.0,0.06245998016096499,0.004194436740261808,0.014425380626885332,-0.009064084825371537,0.0986090437488,0.013096777334501935,0.0025952665748527007,-0.00206347335946864,-0.0005236688021693583,-0.00011647584314048015,-0.0025588362061787513,0.0007935792367573934,-0.010221500158662598,0.0058734039107424365,0.017198721058238498,-0.00034666383078004153,0.06245998016096499,-0.004194436740261808,-0.19060710491468333,0.0,-0.07902864809720667,-0.0013624967347426284,0.024506453457936662,-0.002338564767064561,0.0002732505318061217,0.0009937096872129334,-0.0017347531280831501,0.001530460027835135,0.0062904614941872005,0.0024925218258887516,-0.014343474310977716,-0.007299156510451001,0.024116163399847495,-0.006906257598990792,0.014425380626885332,0.009064084825371537,-0.07902864809720667,0.0013624967347426284,-0.08775338345125336,0.0,-0.032568523291869995,0.014067441566751448,0.0025095079252167004,0.005474747800627703,0.0011355257778377168,0.0014334365762999665,0.005311004498879767,0.009424303212588617,0.007957750222106501,0.007557815607501573,0.004564592587301588,-0.0005789165901237329,0.0986090437488,-0.013096777334501935,0.024506453457936662,0.002338564767064561,-0.032568523291869995,-0.014067441566751448,-0.09865249847510166,0.0,-0.0004662762809425833,0.00316754075567565,1.5866167205983167e-05,0.0002642224423166501,-0.030218653284753327,0.011506465712114833,-0.03385773059734999,-0.005198678683853716,-0.002796390137750534,-0.003467265392020867,0.0025952665748527007,0.00206347335946864,0.0002732505318061217,-0.0009937096872129334,0.0025095079252167004,-0.005474747800627703,-0.0004662762809425833,-0.00316754075567565,-0.14034779668481664,0.0,0.9996555424376665
0.8849999999999997,0.0014777344646703832,0.0,-0.0010361191799038668,-0.0005361095758271718,-0.0025724977182284953,-0.0011926174473756003,-0.0007353447585141998,-0.003220067306792551,0.0010224211153463494,-0.0012933402291163834,0.00029376613383753317,-0.0004347003058876449,0.002284059136787663,-0.0001185449560737834,0.00019135508045863353,0.0018210111743768925,0.00020825077000838327,0.0001856799337401333,-0.0010361191799038668,0.0005361095758271718,0.08290390528442167,0.0,0.26925133321103334,-0.0009597585301634983,-0.004174081360623038,0.015652887780272354,0.015764970094784822,-0.007751293477907964,-0.002562124135761593,-0.0008193267628818681,0.006303549679761384,-0.002510872974959866,0.005317647674311783,-0.009420795835974414,-0.030213470746791662,-0.01150250278381867,-0.0025724977182284953,0.0011926174473756003,0.26925133321103334,0.0009597585301634983,0.38013488831006653,0.0,-0.06360090284773333,0.03731013658468633,0.00120731273255445,-0.013268224356274628,-0.010361589653335519,-0.005970943875852183,-0.014217301896484949,0.007209155297499715,0.007807847296193282,-0.007540604968837721,-0.03387033651874833,0.005114966264057099,-0.0007353447585141998,0.003220067306792551,-0.004174081360623038,-0.015652887780272354,-0.06360090284773333,-0.03731013658468633,0.9504621884720337,0.0,0.19674829677680009,0.020124378201913783,0.017306462557379835,0.0003106957399155998,0.023887517692468833,0.006744543180508947,0.004639665299635055,0.0006366250628483834,-0.0028666628450112,0.003493239439203799,0.0010224211153463494,0.0012933402291163834,0.015764970094784822,0.007751293477907964,0.00120731273255445,0.013268224356274628,0.19674829677680009,-0.020124378201913783,0.10250638311153838,0.0,0.06251764233331498,0.004146333805724979,0.0144124742052785,-0.0091275895159749,0.09863738249574167,0.013131521486803154,0.002576768859474599,-0.0019954920733219,0.00029376613383753317,0.0004347003058876449,-0.002562124135761593,0.0008193267628818681,-0.010361589653335519,0.005970943875852183,0.017306462557379835,-0.0003106957399155998,0.06251764233331498,-0.004146333805724979,-0.19067706884865004,0.0,-0.07900475445710999,-0.0013816600302490464,0.0244908115154,-0.002320112181803644,0.0002973179504363601,0.000981347167096523,0.002284059136787663,0.0001185449560737834,0.006303549679761384,0.002510872974959866,-0.014217301896484949,-0.007209155297499715,0.023887517692468833,-0.006744543180508947,0.0144124742052785,0.0091275895159749,-0.07900475445710999,0.0013816600302490464,-0.0878696450339,0.0,-0.03255856987519832,0.014081730209351936,0.0024717860557721258,0.005508566639747333,0.00019135508045863353,-0.0018210111743768925,0.005317647674311783,0.009420795835974414,0.007807847296193282,0.007540604968837721,0.004639665299635055,-0.0006366250628483834,0.09863738249574167,-0.013131521486803154,0.0244908115154,0.002320112181803644,-0.03255856987519832,-0.014081730209351936,-0.098759229977925,0.0,-0.0005546733970787833,0.003233403966481979,0.00020825077000838327,-0.0001856799337401333,-0.030213470746791662,0.01150250278381867,-0.03387033651874833,-0.005114966264057099,-0.0028666628450112,-0.003493239439203799,0.002576768859474599,0.0019954920733219,0.0002973179504363601,-0.000981347167096523,0.0024717860557721258,-0.005508566639747333,-0.0005546733970787833,-0.003233403966481979,-0.14052379689195002,0.0,0.9996553588895167
0.8860000000000008,0.0014775509152472333,0.0,0.0011114523248943002,-0.00040079006116217167,0.0026550592851313994,-0.0010261439546502896,0.0028868525587925613,0.0015327333322657127,0.00028080518799458324,0.0016184833888033831,7.29282198707249e-05,0.0005078902032775815,-0.0015236649715278966,0.0016681265183862198,-0.0014294135218413497,-0.0011666468482446507,-0.00028048679927098017,3.174779451252027e-05,0.0011114523248943002,0.00040079006116217167,0.08293411269611166,0.0,0.26932089448773333,-0.0010627245220384666,-0.0042606471401051,0.01562214336837898,0.01574285517948435,-0.007719191528290449,-0.002564521148147833,-0.0008509606844044001,0.006313997992953203,-0.0025461895307314826,0.005303796714160966,-0.009420776645355615,-0.030182224161321658,-0.011525781432402833,0.0026550592851313994,0.0010261439546502896,0.26932089448773333,0.0010627245220384666,0.37975680336065004,0.0,-0.06384226402695999,0.03742195601452817,0.0012213322856637,-0.013203083486051254,-0.010499380496330736,-0.006073244591277668,-0.014106808065228996,0.007127237718422935,0.007676349388061614,-0.007496629456084676,-0.03386104751536666,0.005003122180596167,0.0028868525587925613,-0.0015327333322657127,-0.0042606471401051,-0.01562214336837898,-0.06384226402695999,-0.03742195601452817,0.9513847589070836,0.0,0.1968458715647166,0.02009015937452876,0.017424759948815337,0.000298761364727133,0.02367135980080811,0.006552846549784001,0.004728749155830917,0.0006620250613700167,-0.002973101642790466,0.003486170815986315,0.00028080518799458324,-0.0016184833888033831,0.01574285517948435,0.007719191528290449,0.0012213322856637,0.013203083486051254,0.1968458715647166,-0.02009015937452876,0.10240000456567332,0.0,0.06258199278419001,0.004089320367153931,0.014402290077245883,-0.009188631068288848,0.09868020770445664,0.013179562775596568,0.0025620946321204836,-0.0019309494484477498,7.29282198707249e-05,-0.0005078902032775815,-0.002564521148147833,0.0008509606844044001,-0.010499380496330736,0.006073244591277668,0.017424759948815337,-0.000298761364727133,0.06258199278419001,-0.004089320367153931,-0.1907452746773167,0.0,-0.0789745993755,-0.0013876810124761004,0.02444633773736833,-0.0022923939269306327,0.00034527397414028504,0.0009532950612724274,-0.0015236649715278966,-0.0016681265183862198,0.006313997992953203,0.0025461895307314826,-0.014106808065228996,-0.007127237718422935,0.02367135980080811,-0.006552846549784001,0.014402290077245883,0.009188631068288848,-0.0789745993755,0.0013876810124761004,-0.08798576615652665,0.0,-0.03254025305847999,0.01411369859666393,0.0024536363285461,0.005513271818331601,-0.0014294135218413497,0.0011666468482446507,0.005303796714160966,0.009420776645355615,0.007676349388061614,0.007496629456084676,0.004728749155830917,-0.0006620250613700167,0.09868020770445664,-0.013179562775596568,0.02444633773736833,0.0022923939269306327,-0.03254025305847999,-0.01411369859666393,-0.09886632229253835,0.0,-0.0006311975599697032,0.003302228834337784,-0.00028048679927098017,-3.174779451252027e-05,-0.030182224161321658,0.011525781432402833,-0.03386104751536666,-0.005003122180596167,-0.002973101642790466,-0.003486170815986315,0.0025620946321204836,0.0019309494484477498,0.00034527397414028504,-0.0009532950612724274,0.0024536363285461,-0.005513271818331601,-0.0006311975599697032,-0.003302228834337784,-0.14070069198383334,0.0,0.9996551753347668
0.8870000000000003,0.0014773673721558667,0.0,-0.00045955139742097476,0.0011120396228186666,-0.001102674407557642,0.002618434936940742,-0.003028985139665016,0.0011549465791409505,-0.001384117480912077,-0.0008727848346583788,-0.0003732524079256333,-0.00032677236459644995,-6.697219131586659e-05,-0.002231688797222831,0.0018554219198928831,-0.0001727589593233232,0.00016579701221213167,-0.0002131404394400929,-0.00045955139742097476,-0.0011120396228186666,0.08296047379705668,0.0,0.26934788926136666,-0.0011795061305600151,-0.0044271021622819,0.015594168070354427,0.015746552140870434,-0.007687754100515615,-0.0025695094719143164,-0.00088442532669115,0.006345272198952866,-0.002592286040408867,0.005282669426827568,-0.009453037982850337,-0.030128575532598335,-0.011555864555980198,-0.001102674407557642,-0.002618434936940742,0.26934788926136666,0.0011795061305600151,0.37938200140540007,0.0,-0.06404618210858835,0.03755088562740968,0.0012462545024678289,-0.013113385880601467,-0.010593732222544531,-0.006191935235944192,-0.013984377153031118,0.007042227603619329,0.007570077991738184,-0.007461189150702012,-0.03383810619251,0.004915471393310682,-0.003028985139665016,-0.0011549465791409505,-0.0044271021622819,-0.015594168070354427,-0.06404618210858835,-0.03755088562740968,0.9523072525815334,0.0,0.19689817318805006,0.020060616370967496,0.01755713845526672,0.00032641180599026637,0.023499265888608668,0.006365664500075654,0.004831590424995874,0.0007025455855359251,-0.003073195527455798,0.003441719864871384,-0.001384117480912077,0.0008727848346583788,0.015746552140870434,0.007687754100515615,0.0012462545024678289,0.013113385880601467,0.19689817318805006,-0.020060616370967496,0.10229422226004502,0.0,0.06266702120258666,0.004051906395498446,0.014398316768186616,-0.009249580871251684,0.0987182616450217,0.013240372330593298,0.0025556624604868073,-0.001853324517637525,-0.0003732524079256333,0.00032677236459644995,-0.0025695094719143164,0.00088442532669115,-0.010593732222544531,0.006191935235944192,0.01755713845526672,-0.00032641180599026637,0.06266702120258666,-0.004051906395498446,-0.1908123788079833,0.0,-0.0789347190089,-0.0013778630801319003,0.024419620789335003,-0.0022457725811532896,0.0003914252322935866,0.0009159147649197094,-6.697219131586659e-05,0.002231688797222831,0.006345272198952866,0.002592286040408867,-0.013984377153031118,-0.007042227603619329,0.023499265888608668,-0.006365664500075654,0.014398316768186616,0.009249580871251684,-0.0789347190089,0.0013778630801319003,-0.08810128115734833,0.0,-0.03252797650167667,0.014143911186935533,0.0024117124799473972,0.005518575253339115,0.0018554219198928831,0.0001727589593233232,0.005282669426827568,0.009453037982850337,0.007570077991738184,0.007461189150702012,0.004831590424995874,-0.0007025455855359251,0.0987182616450217,-0.013240372330593298,0.024419620789335003,0.0022457725811532896,-0.03252797650167667,-0.014143911186935533,-0.09897398151473337,0.0,-0.0006884220308041692,0.003353767445269058,0.00016579701221213167,0.0002131404394400929,-0.030128575532598335,0.011555864555980198,-0.03383810619251,-0.004915471393310682,-0.003073195527455798,-0.003441719864871384,0.0025556624604868073,0.001853324517637525,0.0003914252322935866,-0.0009159147649197094,0.0024117124799473972,-0.005518575253339115,-0.0006884220308041692,-0.003353767445269058,-0.14087868415120003,0.0,0.9996549917856503
0.8879999999999998,0.0014771838456183665,0.0,-0.0005180106499840697,-0.0011079321642629657,-0.0011486355189350831,-0.002623015919656323,0.0011236837266574,-0.0030023095768717664,0.0015705870367592684,-0.00040428885063171214,0.00047135325017924997,6.6940535820700305e-06,0.0015726406329542913,0.0015665245920674837,-0.001220758312004784,0.0014231669199883264,4.1684844070016995e-05,0.00025750369734491675,-0.0005180106499840697,0.0011079321642629657,0.08298333743049832,0.0,0.26936345925880006,-0.0012574218272297549,-0.004590656615159767,0.01558988491136417,0.01578842758907202,-0.007656653454110031,-0.002572503161649316,-0.0009217279649339499,0.006388324704865833,-0.0026363441606593687,0.005270332115401949,-0.009483596475065591,-0.030091318127698326,-0.0115866675708038,-0.0011486355189350831,0.002623015919656323,0.26936345925880006,0.0012574218272297549,0.3790098354436667,0.0,-0.06419225764891834,0.037681509505597004,0.001254515163754058,-0.013014607004641934,-0.010649023681383617,-0.0063119293256371,-0.013844544939483413,0.006970672274164953,0.007467991508631482,-0.007462284505899939,-0.03382282431723468,0.004853522862588367,0.0011236837266574,0.0030023095768717664,-0.004590656615159767,-0.01558988491136417,-0.06419225764891834,-0.037681509505597004,0.9532296182443999,0.0,0.1969623005531666,0.020006009743888067,0.017686246978577562,0.00037451688874810016,0.02336487621454247,0.006190308739138049,0.0049410246668973165,0.0007869369683088799,-0.0031315381208800353,0.003419075713162699,0.0015705870367592684,0.00040428885063171214,0.01578842758907202,0.007656653454110031,0.001254515163754058,0.013014607004641934,0.1969623005531666,-0.020006009743888067,0.102190043705,0.0,0.06276077910099334,0.0040352803207354794,0.0144152722466018,-0.009306319628920623,0.098733231566865,0.013299288251775638,0.0025460928065779995,-0.0017694259669947165,0.00047135325017924997,-6.6940535820700305e-06,-0.002572503161649316,0.0009217279649339499,-0.010649023681383617,0.0063119293256371,0.017686246978577562,-0.00037451688874810016,0.06276077910099334,-0.0040352803207354794,-0.19087933527920004,0.0,-0.07888633104612332,-0.0013647019447505665,0.02442587090520167,-0.0021963327075421165,0.0004078988552257167,0.0008917658769771451,0.0015726406329542913,-0.0015665245920674837,0.006388324704865833,0.0026363441606593687,-0.013844544939483413,-0.006970672274164953,0.02336487621454247,-0.006190308739138049,0.0144152722466018,0.009306319628920623,-0.07888633104612332,0.0013647019447505665,-0.08821563371594833,0.0,-0.0325180656274,0.014148780490939013,0.00233896253968185,0.005537411828260835,-0.001220758312004784,-0.0014231669199883264,0.005270332115401949,0.009483596475065591,0.007467991508631482,0.007462284505899939,0.0049410246668973165,-0.0007869369683088799,0.098733231566865,-0.013299288251775638,0.02442587090520167,0.0021963327075421165,-0.0325180656274,-0.014148780490939013,-0.09908257465831664,0.0,-0.0007365841533772669,0.003384514651812285,4.1684844070016995e-05,-0.00025750369734491675,-0.030091318127698326,0.0115866675708038,-0.03382282431723468,-0.004853522862588367,-0.0031315381208800353,-0.003419075713162699,0.0025460928065779995,0.0017694259669947165,0.0004078988552257167,-0.0008917658769771451,0.00233896253968185,-0.005537411828260835,-0.0007365841533772669,-0.003384514651812285,-0.14105766676361667,0.0,0.9996548082528506
0.8890000000000009,0.0014770003294870835,0.0,0.0011929546548207516,0.0003858850728560666,0.0027413861119785494,0.00097884128341515,0.0015076764072674137,0.0027594578249371454,-0.0008010660147995962,0.0013858377500403885,-0.00033576605421624996,0.0002835933927567002,-0.002223480392845455,-5.430702066759824e-05,-0.00011464601249834468,-0.0018748902244299316,-0.00023081647021690318,-0.0001359503627313148,0.0011929546548207516,-0.0003858850728560666,0.08300463065429833,0.0,0.26940346243875,-0.0012953928578421656,-0.004689866007185667,0.015575643641690468,0.0158305844037337,-0.007636213243627181,-0.0025687432856291,-0.0009646866300808499,0.0064074867199985655,-0.002674325353304617,0.005254776213906117,-0.0094695532367167,-0.030075773341215004,-0.011620167230697835,0.0027413861119785494,-0.00097884128341515,0.26940346243875,0.0012953928578421656,0.37863844091875004,0.0,-0.06429580127139668,0.03782189891687395,0.001235391789951526,-0.012914293927352183,-0.010702161259394737,-0.0064143040853622815,-0.013721848484890987,0.006913541456615533,0.007353273949352102,-0.007480247631660719,-0.0338074914931885,0.004772055749198451,0.0015076764072674137,-0.0027594578249371454,-0.004689866007185667,-0.015575643641690468,-0.06429580127139668,-0.03782189891687395,0.9541510031175501,0.0,0.19708394094088336,0.019909667383497802,0.017810447225895493,0.00041369308043736675,0.02324085327456517,0.0060041300799814614,0.0050533801041517164,0.0008937357671424686,-0.003187656420132766,0.0034335204440896832,-0.0008010660147995962,-0.0013858377500403885,0.0158305844037337,0.007636213243627181,0.001235391789951526,0.012914293927352183,0.19708394094088336,-0.019909667383497802,0.10208831477049998,0.0,0.06284269601050002,0.004011841501086365,0.014453336193651401,-0.009347137245069732,0.09872583579908496,0.013344333044318202,0.002519606652768631,-0.0017015013874707677,-0.00033576605421624996,-0.0002835933927567002,-0.0025687432856291,0.0009646866300808499,-0.010702161259394737,0.0064143040853622815,0.017810447225895493,-0.00041369308043736675,0.06284269601050002,-0.004011841501086365,-0.19094628701645003,0.0,-0.07883427436064999,-0.0013580930923368835,0.02442633084314167,-0.0021673008661990665,0.00040684836450051654,0.0008879308845718367,-0.002223480392845455,5.430702066759824e-05,0.0064074867199985655,0.002674325353304617,-0.013721848484890987,-0.006913541456615533,0.02324085327456517,-0.0060041300799814614,0.014453336193651401,0.009347137245069732,-0.07883427436064999,0.0013580930923368835,-0.08832860766422666,0.0,-0.03248928836033499,0.01413299542871531,0.0022812420554477633,0.005548794655581515,-0.00011464601249834468,0.0018748902244299316,0.005254776213906117,0.0094695532367167,0.007353273949352102,0.007480247631660719,0.0050533801041517164,-0.0008937357671424686,0.09872583579908496,-0.013344333044318202,0.02442633084314167,0.0021673008661990665,-0.03248928836033499,-0.01413299542871531,-0.09919231751395667,0.0,-0.0007913743718846834,0.0034098289513299507,-0.00023081647021690318,0.0001359503627313148,-0.030075773341215004,0.011620167230697835,-0.0338074914931885,-0.004772055749198451,-0.003187656420132766,-0.0034335204440896832,0.002519606652768631,0.0017015013874707677,0.00040684836450051654,-0.0008879308845718367,0.0022812420554477633,-0.005548794655581515,-0.0007913743718846834,-0.0034098289513299507,-0.14123755286638334,0.0,0.9996546247302166
0.8900000000000005,0.0014768168040245164,0.0,-0.0011404156757339004,0.0006359201299136834,-0.0026279257155913333,0.0013214577125423496,-0.0030132667753807528,-0.0006165126596770867,-0.0004184345716282834,-0.001531607649790427,6.60240492644982e-05,-0.00040029445895560316,0.0016344958907917836,-0.0015195490053086672,0.0013991839010619514,0.0012538072601598002,0.00026310461450729683,-9.922334755121789e-05,-0.0011404156757339004,-0.0006359201299136834,0.08302473170722165,0.0,0.2694851880333499,-0.0013722515438171837,-0.004779660851373992,0.015540057989659397,0.01584776525329333,-0.007632756520847422,-0.002557107573406899,-0.0010105896433654717,0.006398761277958343,-0.0027036153122355,0.0052169434410122995,-0.009433703978300798,-0.030047638561793336,-0.011647549352880926,-0.0026279257155913333,-0.0013214577125423496,0.2694851880333499,0.0013722515438171837,0.3782674243326666,0.0,-0.06441328598694333,0.03800213702889867,0.001207932924254108,-0.012819750466440384,-0.010755485477980217,-0.006508683711172515,-0.013643141050945665,0.006846976440338317,0.0072419080462740835,-0.007482930046574816,-0.03377665408501417,0.004664918654504067,-0.0030132667753807528,0.0006165126596770867,-0.004779660851373992,-0.015540057989659397,-0.06441328598694333,-0.03800213702889867,0.9550707814639501,0.0,0.19723302520930003,0.01978682856013798,0.01794982777548408,0.0004531205898400997,0.023122983257768112,0.005801178983909032,0.005161973089036248,0.0009929559934143332,-0.0032828641686841655,0.0034255138154676767,-0.0004184345716282834,0.001531607649790427,0.01584776525329333,0.007632756520847422,0.001207932924254108,0.012819750466440384,0.19723302520930003,-0.01978682856013798,0.10198938278939504,0.0,0.06292092181343165,0.003979172349481603,0.014493631150201679,-0.009367025528087767,0.0987224902210667,0.01338215580567518,0.0024789693628531994,-0.0016542214559061548,6.60240492644982e-05,0.00040029445895560316,-0.002557107573406899,0.0010105896433654717,-0.010755485477980217,0.006508683711172515,0.01794982777548408,-0.0004531205898400997,0.06292092181343165,-0.003979172349481603,-0.19101284290483336,0.0,-0.07879563979122166,-0.0013521628521067338,0.02440003792701,-0.0021557451837971166,0.0004180667310192502,0.0008898624450930551,0.0016344958907917836,0.0015195490053086672,0.006398761277958343,0.0027036153122355,-0.013643141050945665,-0.006846976440338317,0.023122983257768112,-0.005801178983909032,0.014493631150201679,0.009367025528087767,-0.07879563979122166,0.0013521628521067338,-0.08844042198104834,0.0,-0.03244547994272665,0.014122746691378928,0.0022639096991807998,0.0055370456192911,0.0013991839010619514,-0.0012538072601598002,0.0052169434410122995,0.009433703978300798,0.0072419080462740835,0.007482930046574816,0.005161973089036248,-0.0009929559934143332,0.0987224902210667,-0.01338215580567518,0.02440003792701,0.0021557451837971166,-0.03244547994272665,-0.014122746691378928,-0.09930309897888835,0.0,-0.0008544411558257168,0.0034396812478417653,0.00026310461450729683,9.922334755121789e-05,-0.030047638561793336,0.011647549352880926,-0.03377665408501417,-0.004664918654504067,-0.0032828641686841655,-0.0034255138154676767,0.0024789693628531994,0.0016542214559061548,0.0004180667310192502,-0.0008898624450930551,0.0022639096991807998,-0.0055370456192911,-0.0008544411558257168,-0.0034396812478417653,-0.14141833203446666,0.0,0.999654441198
0.8909999999999988,0.001476633267971767,0.0,0.00031234548957358334,-0.0013251754416637336,0.0008767493006990349,-0.0028076186901165433,0.0023930906549579217,-0.0018571482791957003,0.0013883988383084553,0.000780823804399467,0.00018229687521478997,0.0003289509444794665,-9.072956274597836e-05,0.0022274340542274775,-0.001873531624375633,9.75909808626987e-05,-9.273671253441679e-05,0.000270508971652808,0.00031234548957358334,0.0013251754416637336,0.08304070986760335,0.0,0.2695372357731334,-0.0015400370012766502,-0.0049257569596979816,0.015526425232383035,0.01585982935249147,-0.007640041641445895,-0.0025406358094871456,-0.0010560042795443498,0.0063971936044279094,-0.00271188426695785,0.005163859791761801,-0.009428611930282969,-0.029983663150408332,-0.011646221174394646,0.0008767493006990349,0.0028076186901165433,0.2695372357731334,0.0015400370012766502,0.37789910842723323,0.0,-0.06457345105942335,0.0382133597186035,0.001183580312317516,-0.012735948583395064,-0.010771161430039984,-0.0066110089912681,-0.013577881994832865,0.006762070175189383,0.00715725105611534,-0.007471921022769901,-0.03373556092313817,0.004576098330209866,0.0023930906549579217,0.0018571482791957003,-0.0049257569596979816,-0.015526425232383035,-0.06457345105942335,-0.0382133597186035,0.9559890231968998,0.0,0.19731510391251664,0.019650835766431386,0.01809757341438039,0.0005233876074190538,0.023022929688153334,0.005602259355362281,0.005249706866083016,0.001088106426557327,-0.0033902246262108833,0.0033702026165448665,0.0013883988383084553,-0.000780823804399467,0.01585982935249147,0.007640041641445895,0.001183580312317516,0.012735948583395064,0.19731510391251664,-0.019650835766431386,0.10189382261876666,0.0,0.06300099753747167,0.0039684042720276435,0.014517161632977385,-0.009374371757719718,0.09871769300506832,0.013419556882924101,0.0024322428172666596,-0.00160722079826305,0.00018229687521478997,-0.0003289509444794665,-0.0025406358094871456,0.0010560042795443498,-0.010771161430039984,0.0066110089912681,0.01809757341438039,-0.0005233876074190538,0.06300099753747167,-0.0039684042720276435,-0.19107927322496673,0.0,-0.07876421336579664,-0.0013401109551205998,0.024372809661316656,-0.0021385158706527666,0.0004393709077135552,0.0008864179358821865,-9.072956274597836e-05,-0.0022274340542274775,0.0063971936044279094,0.00271188426695785,-0.013577881994832865,-0.006762070175189383,0.023022929688153334,-0.005602259355362281,0.014517161632977385,0.009374371757719718,-0.07876421336579664,0.0013401109551205998,-0.08855138582862002,0.0,-0.032408291251995,0.014123085368905343,0.00225125778998615,0.0055168125075332345,-0.001873531624375633,-9.75909808626987e-05,0.005163859791761801,0.009428611930282969,0.00715725105611534,0.007471921022769901,0.005249706866083016,-0.001088106426557327,0.09871769300506832,-0.013419556882924101,0.024372809661316656,0.0021385158706527666,-0.032408291251995,-0.014123085368905343,-0.099414650995715,0.0,-0.0009172785097223331,0.0034658557155459024,-9.273671253441679e-05,-0.000270508971652808,-0.029983663150408332,0.011646221174394646,-0.03373556092313817,-0.004576098330209866,-0.0033902246262108833,-0.0033702026165448665,0.0024322428172666596,0.00160722079826305,0.0004393709077135552,-0.0008864179358821865,0.00225125778998615,-0.0055168125075332345,-0.0009172785097223331,-0.0034658557155459024,-0.14159972967315004,0.0,0.9996542576551999
0.892000000000001,0.0014764497360422169,0.0,0.0007895714910313164,0.0011511917536203029,0.001414848545067684,0.002577123974326184,-0.00020133609633325004,0.002996020226081168,-0.0015509150574059835,0.0004322959404807168,-0.0003212144889072436,-0.00014252823452104503,-0.0014895481024740018,-0.001646629024200835,0.0012570976792262666,-0.0013750402382706008,-0.0001507108539392835,-0.00024927452789028304,0.0007895714910313164,-0.0011511917536203029,0.08304914087074998,0.0,0.26955743141098326,-0.0017570281753198338,-0.005098528428323367,0.01555654159590333,0.015885329564674994,-0.0076551878655342345,-0.002522342048885031,-0.001102889030142385,0.006428535565460181,-0.0026878619193993992,0.005123409276893283,-0.009449215462268868,-0.02991226406957,-0.011616587446324867,0.001414848545067684,-0.002577123974326184,0.26955743141098326,0.0017570281753198338,0.3775361544734333,0.0,-0.06477209287616334,0.038423894566875,0.0011420870292908338,-0.012660137408535648,-0.010743303109736448,-0.006716189770441831,-0.013481551450242551,0.006684408974805767,0.0070932202055266486,-0.00747367015367203,-0.03370931458589683,0.004528453065230518,-0.00020133609633325004,-0.002996020226081168,-0.005098528428323367,-0.01555654159590333,-0.06477209287616334,-0.038423894566875,0.9569057420374335,0.0,0.19735811417686655,0.01949891114531018,0.01822837530691698,0.0006184126381325497,0.022948716628325667,0.005417174669274167,0.005307526765346548,0.0011966370370086988,-0.0034771709059715794,0.003328682063774867,-0.0015509150574059835,-0.0004322959404807168,0.015885329564674994,0.0076551878655342345,0.0011420870292908338,0.012660137408535648,0.19735811417686655,-0.01949891114531018,0.10180272788260333,0.0,0.06308206009587662,0.003993978326947867,0.014533450731715334,-0.009385601255066371,0.09870961275759167,0.013450991379974101,0.002378333503354283,-0.0015566202869714682,-0.0003212144889072436,0.00014252823452104503,-0.002522342048885031,0.001102889030142385,-0.010743303109736448,0.006716189770441831,0.01822837530691698,-0.0006184126381325497,0.06308206009587662,-0.003993978326947867,-0.19114652769273338,0.0,-0.07873677538853997,-0.0013280042995946668,0.024375490214280003,-0.002109138670728378,0.0004413630042700835,0.0008839026001432649,-0.0014895481024740018,0.001646629024200835,0.006428535565460181,0.0026878619193993992,-0.013481551450242551,-0.006684408974805767,0.022948716628325667,-0.005417174669274167,0.014533450731715334,0.009385601255066371,-0.07873677538853997,0.0013280042995946668,-0.08866160270256836,0.0,-0.032388588473761665,0.014117378776739482,0.002207306670094328,0.0055128166388362775,0.0012570976792262666,0.0013750402382706008,0.005123409276893283,0.009449215462268868,0.0070932202055266486,0.00747367015367203,0.005307526765346548,-0.0011966370370086988,0.09870961275759167,-0.013450991379974101,0.024375490214280003,0.002109138670728378,-0.032388588473761665,-0.014117378776739482,-0.09952681584636837,0.0,-0.0009790969780909767,0.003478019328838429,-0.0001507108539392835,0.00024927452789028304,-0.02991226406957,0.011616587446324867,-0.03370931458589683,-0.004528453065230518,-0.0034771709059715794,-0.003328682063774867,0.002378333503354283,0.0015566202869714682,0.0004413630042700835,-0.0008839026001432649,0.002207306670094328,-0.0055128166388362775,-0.0009790969780909767,-0.003478019328838429,-0.14178119464105,0.0,0.9996540741173835
0.8930000000000006,0.0014762662113298008,0.0,-0.0013958776589416831,-0.00020786604818878328,-0.0028560400883196166,-0.0007551687559769933,-0.0020707704156243006,-0.0021293041023158397,0.0008104741811886429,-0.001410009073208783,0.0003176079675649902,-7.875606267451199e-05,0.002209807690773,0.00013815092237555004,6.73338692249499e-05,0.0018356600420399174,0.00030945148612155287,4.960306292781627e-05,-0.0013958776589416831,0.00020786604818878328,0.08304937133928834,0.0,0.2695613360517833,-0.0019593270159944,-0.005246968905548966,0.015582734983812163,0.015898064899976166,-0.007679352997389588,-0.002504624348349103,-0.0011543702675504903,0.006477706442247302,-0.0026360348971519,0.005107588458781666,-0.00943793461567735,-0.029858338705786674,-0.011579930471256866,-0.0028560400883196166,0.0007551687559769933,0.2695613360517833,0.0019593270159944,0.3771789748202499,0.0,-0.06497366847636668,0.038630744041263,0.0010655531156345303,-0.012577333679737401,-0.010710734944433715,-0.006810082231360368,-0.013353515369756432,0.006638278591472094,0.007018446273887884,-0.007483749088580501,-0.033693850564148656,0.004493327176926067,-0.0020707704156243006,0.0021293041023158397,-0.005246968905548966,-0.015582734983812163,-0.06497366847636668,-0.038630744041263,0.9578204951151668,0.0,0.19742830620746663,0.019332530492910453,0.01833531557081267,0.0006967807905944502,0.022890986186215836,0.005214013416222767,0.005346331975073206,0.0013095834983923834,-0.0035734153454929168,0.0033352386109611405,0.0008104741811886429,0.001410009073208783,0.015898064899976166,0.007679352997389588,0.0010655531156345303,0.012577333679737401,0.19742830620746663,-0.019332530492910453,0.10171669353956501,0.0,0.06314528429787665,0.004024837111766833,0.014559844662046718,-0.00940590045896847,0.09869178941648833,0.013461736691335437,0.0023153015375524,-0.0015264406063472831,0.0003176079675649902,7.875606267451199e-05,-0.002504624348349103,0.0011543702675504903,-0.010710734944433715,0.006810082231360368,0.01833531557081267,-0.0006967807905944502,0.06314528429787665,-0.004024837111766833,-0.19121500277668319,0.0,-0.07870298766586668,-0.0013272329686201954,0.024385950255126666,-0.002085144306678167,0.00041853164444651653,0.0008906596591953517,0.002209807690773,-0.00013815092237555004,0.006477706442247302,0.0026360348971519,-0.013353515369756432,-0.006638278591472094,0.022890986186215836,-0.005214013416222767,0.014559844662046718,0.00940590045896847,-0.07870298766586668,0.0013272329686201954,-0.08877106485345498,0.0,-0.032361773441479995,0.014099422661215229,0.00215811894104864,0.005524088842297282,6.73338692249499e-05,-0.0018356600420399174,0.005107588458781666,0.00943793461567735,0.007018446273887884,0.007483749088580501,0.005346331975073206,-0.0013095834983923834,0.09869178941648833,-0.013461736691335437,0.024385950255126666,0.002085144306678167,-0.032361773441479995,-0.014099422661215229,-0.09963949674911832,0.0,-0.00104467252729333,0.0034776281377844817,0.00030945148612155287,-4.960306292781627e-05,-0.029858338705786674,0.011579930471256866,-0.033693850564148656,-0.004493327176926067,-0.0035734153454929168,-0.0033352386109611405,0.0023153015375524,0.0015264406063472831,0.00041853164444651653,-0.0008906596591953517,0.00215811894104864,-0.005524088842297282,-0.00104467252729333,-0.0034776281377844817,-0.1419623460599833,0.0,0.9996538905863999
0.8939999999999988,0.0014760826828322674,0.0,0.0011297248998276338,-0.0008809929004429885,0.002521233377515533,-0.0015413259604044251,0.0029175557833139823,-0.00014678856149238315,0.0004291929809300551,0.0015769556525898664,-0.0001848687203836998,0.00024374245536141836,-0.001661550460731729,0.0014516952072181695,-0.0013240841759836167,-0.0012263020925424258,-0.00026014071161355,0.00021921238861575022,0.0011297248998276338,0.0008809929004429885,0.08304239460772501,0.0,0.26958592595460007,-0.002158119962821167,-0.005400440414125063,0.015581207586879949,0.015872718168989986,-0.007704279864357848,-0.0024854163297053163,-0.0012100845683120165,0.006524731774587884,-0.002575650180580736,0.005100105695495333,-0.00938274926074315,-0.029805367988995,-0.011551581184218791,0.002521233377515533,0.0015413259604044251,0.26958592595460007,0.002158119962821167,0.3768265682340166,0.0,-0.06515654468728002,0.038879069679313774,0.0009751458548844949,-0.012484054518815084,-0.010698981922261668,-0.00689493645174692,-0.013234068275237737,0.006613590443981697,0.006929093773999496,-0.007467456046275367,-0.033661846294592,0.004440571248664817,0.0029175557833139823,0.00014678856149238315,-0.005400440414125063,-0.015581207586879949,-0.06515654468728002,-0.038879069679313774,0.9587331478537002,0.0,0.19754944039874994,0.019170323817283213,0.018434601121374503,0.0007545104992099318,0.022851980662250217,0.004964237636346099,0.005394364589118717,0.0013994444054168836,-0.0037114316800356826,0.003326032247800333,0.0004291929809300551,-0.0015769556525898664,0.015872718168989986,0.007704279864357848,0.0009751458548844949,0.012484054518815084,0.19754944039874994,-0.019170323817283213,0.10163496767623167,0.0,0.06319714377695668,0.004029751192899649,0.014595540225321061,-0.009427778616551814,0.09868003864622503,0.013454436226463118,0.002254736326525967,-0.0015288796462923498,-0.0001848687203836998,-0.00024374245536141836,-0.0024854163297053163,0.0012100845683120165,-0.010698981922261668,0.00689493645174692,0.018434601121374503,-0.0007545104992099318,0.06319714377695668,-0.004029751192899649,-0.19128396553816665,0.0,-0.07867505363421999,-0.0013374853559933167,0.02437172143203499,-0.0020769859967680335,0.0004027308238264832,0.0008961885311931833,-0.001661550460731729,-0.0014516952072181695,0.006524731774587884,0.002575650180580736,-0.013234068275237737,-0.006613590443981697,0.022851980662250217,-0.004964237636346099,0.014595540225321061,0.009427778616551814,-0.07867505363421999,0.0013374853559933167,-0.08887993190656832,0.0,-0.03231142217788,0.014092876078933303,0.0021487166595033163,0.005534622589906301,-0.0013240841759836167,0.0012263020925424258,0.005100105695495333,0.00938274926074315,0.006929093773999496,0.007467456046275367,0.005394364589118717,-0.0013994444054168836,0.09868003864622503,-0.013454436226463118,0.02437172143203499,0.0020769859967680335,-0.03231142217788,-0.014092876078933303,-0.09975237012478998,0.0,-0.0011094390033213825,0.0034748250142454507,-0.00026014071161355,-0.00021921238861575022,-0.029805367988995,0.011551581184218791,-0.033661846294592,-0.004440571248664817,-0.0037114316800356826,-0.003326032247800333,0.002254736326525967,0.0015288796462923498,0.0004027308238264832,-0.0008961885311931833,0.0021487166595033163,-0.005534622589906301,-0.0011094390033213825,-0.0034748250142454507,-0.14214318643346668,0.0,0.9996537070519165
0.8950000000000011,0.0014758991391413338,0.0,-0.0001409653577568319,0.0014626767897976995,-0.0006457253717272367,0.002837336586178256,-0.0017699060854785664,0.0022628183602749993,-0.0014355740994113498,-0.0007779000378219666,-7.759643080728142e-06,-0.0002971858017863918,0.00014468011712509985,-0.002180611594319183,0.00177459163278845,-8.693254596154996e-05,-6.135237461752513e-07,-0.00034447761396069683,-0.0001409653577568319,-0.0014626767897976995,0.08302753376570667,0.0,0.26959705087714997,-0.002403098637623433,-0.005619306071309784,0.015616075899529663,0.015828811214057128,-0.007711724903174089,-0.0024581173182126504,-0.001262369555075683,0.006576251999050134,-0.0025224518662470036,0.005080708620276833,-0.009331994079467784,-0.02972125043485167,-0.011522128087627597,-0.0006457253717272367,-0.002837336586178256,0.26959705087714997,0.002403098637623433,0.37647910653548344,0.0,-0.06530661726635836,0.03917825076973666,0.0009046243034681163,-0.012388027232818668,-0.010678739642503167,-0.006978659922220217,-0.013135908514538603,0.006588451698041299,0.006853207892460266,-0.007416831370443414,-0.03360282317848883,0.0043821785143447105,-0.0017699060854785664,-0.0022628183602749993,-0.005619306071309784,-0.015616075899529663,-0.06530661726635836,-0.03917825076973666,0.9596444997964328,0.0,0.19764966893535002,0.019022501519607563,0.01852420889219749,0.0008294480619148334,0.022840428327674127,0.00469532053717855,0.005467516319892349,0.001467522690660883,-0.003849831620265112,0.0032406313515699636,-0.0014355740994113498,0.0007779000378219666,0.015828811214057128,0.007711724903174089,0.0009046243034681163,0.012388027232818668,0.19764966893535002,-0.019022501519607563,0.10155656119045334,0.0,0.06324914091997165,0.004023931489145631,0.014621931209262685,-0.009445896616842885,0.09867343839954333,0.013451690682643831,0.002208308799462759,-0.0015354028105315331,-7.759643080728142e-06,0.0002971858017863918,-0.0024581173182126504,0.001262369555075683,-0.010678739642503167,0.006978659922220217,0.01852420889219749,-0.0008294480619148334,0.06324914091997165,-0.004023931489145631,-0.19135268988059997,0.0,-0.07865614749145834,-0.0013466419443303,0.024341988248813333,-0.0020715324593031546,0.0004177778845467166,0.0008852533006005335,0.00014468011712509985,0.002180611594319183,0.006576251999050134,0.0025224518662470036,-0.013135908514538603,-0.006588451698041299,0.022840428327674127,-0.00469532053717855,0.014621931209262685,0.009445896616842885,-0.07865614749145834,0.0013466419443303,-0.08898851425184498,0.0,-0.032250482437193334,0.014116233351851389,0.0021645615617095354,0.005540267304016475,0.00177459163278845,8.693254596154996e-05,0.005080708620276833,0.009331994079467784,0.006853207892460266,0.007416831370443414,0.005467516319892349,-0.001467522690660883,0.09867343839954333,-0.013451690682643831,0.024341988248813333,0.0020715324593031546,-0.032250482437193334,-0.014116233351851389,-0.09986500776377664,0.0,-0.0011606781838543266,0.003475882006611417,-6.135237461752513e-07,0.00034447761396069683,-0.02972125043485167,0.011522128087627597,-0.03360282317848883,-0.0043821785143447105,-0.003849831620265112,-0.0032406313515699636,0.002208308799462759,0.0015354028105315331,0.0004177778845467166,-0.0008852533006005335,0.0021645615617095354,-0.005540267304016475,-0.0011606781838543266,-0.003475882006611417,-0.14232386502943334,0.0,0.9996535235019334
0.8960000000000007,0.0014757155947806998,0.0,-0.0010000722251711591,-0.0011257486503914668,-0.001535919478015033,-0.0023831674358165827,-0.0005241394383509001,-0.0027823696400835892,0.0015390989876044945,-0.0005128077643885502,0.00019366478548609993,0.00023242099417246977,0.0014068539746121766,0.0016299135903776834,-0.0011718985389470422,0.0013069573779067652,0.00025714703065842854,0.00020105761513050004,-0.0010000722251711591,0.0011257486503914668,0.08300265750167334,0.0,0.2695644297993666,-0.002681309791445599,-0.005886023562538695,0.015746514869641806,0.015803171329872072,-0.007699743151881082,-0.0024240549514935312,-0.0013032122626796332,0.006645662171784432,-0.0024773035381328904,0.005055644268814401,-0.009314015553051098,-0.029616412077553337,-0.011483441657732664,-0.001535919478015033,0.0023831674358165827,0.2695644297993666,0.002681309791445599,0.37613801284275,0.0,-0.06541350043271668,0.03947367961619716,0.0008603042205001166,-0.012296329806660827,-0.010620151402459335,-0.007057301676172648,-0.013029388795231594,0.006567049715897419,0.006807456053359081,-0.007372505242327852,-0.033544729087108996,0.0043430583800767005,-0.0005241394383509001,0.0027823696400835892,-0.005886023562538695,-0.015746514869641806,-0.06541350043271668,-0.03947367961619716,0.9605553259319001,0.0,0.19771411805673336,0.018880004161344235,0.01859080270245302,0.0009348000240014785,0.022858184764454503,0.004462322030408467,0.005547318351735365,0.001552653512319267,-0.003933790812930782,0.003124007406007463,0.0015390989876044945,0.0005128077643885502,0.015803171329872072,0.007699743151881082,0.0008603042205001166,0.012296329806660827,0.19771411805673336,-0.018880004161344235,0.10148172861850999,0.0,0.06330324132254163,0.004038522898137603,0.014635142712121048,-0.009466563373917863,0.09866133320196499,0.013470469278205333,0.002171939926187417,-0.0015154402351716665,0.00019366478548609993,-0.00023242099417246977,-0.0024240549514935312,0.0013032122626796332,-0.010620151402459335,0.007057301676172648,0.01859080270245302,-0.0009348000240014785,0.06330324132254163,-0.004038522898137603,-0.19142148642444998,0.0,-0.07863629066878833,-0.001347750835172083,0.02433458341283,-0.0020588033248266167,0.0004446243626342999,0.0008633806659705832,0.0014068539746121766,-0.0016299135903776834,0.006645662171784432,0.0024773035381328904,-0.013029388795231594,-0.006567049715897419,0.022858184764454503,-0.004462322030408467,0.014635142712121048,0.009466563373917863,-0.07863629066878833,0.001347750835172083,-0.08909691819035831,0.0,-0.032199772274691674,0.014152362029998604,0.0021497433101104716,0.005552441973625697,-0.0011718985389470422,-0.0013069573779067652,0.005055644268814401,0.009314015553051098,0.006807456053359081,0.007372505242327852,0.005547318351735365,-0.001552653512319267,0.09866133320196499,-0.013470469278205333,0.02433458341283,0.0020588033248266167,-0.032199772274691674,-0.014152362029998604,-0.09997736316684504,0.0,-0.0011953609628855835,0.003475286093660959,0.00025714703065842854,-0.00020105761513050004,-0.029616412077553337,0.011483441657732664,-0.033544729087108996,-0.0043430583800767005,-0.003933790812930782,-0.003124007406007463,0.002171939926187417,0.0015154402351716665,0.0004446243626342999,-0.0008633806659705832,0.0021497433101104716,-0.005552441973625697,-0.0011953609628855835,-0.003475286093660959,-0.14250433275701668,0.0,0.99965333995085
0.8969999999999989,0.001475532060682567,0.0,0.0015318444202089888,3.331495366952852e-05,0.002718721906732319,0.0005374378974194249,0.00238247896616505,0.001422587095603417,-0.0006809051492430632,0.0014481843770525504,-0.0003020220777481384,-6.083892398238835e-05,-0.00211600313713758,-0.00020002909811196672,-8.528610098535003e-05,-0.001733777846206133,-0.000305784969965345,7.770192940154995e-05,0.0015318444202089888,-3.331495366952852e-05,0.08296732121756,0.0,0.26952640551536666,-0.0029319399028963165,-0.006127513493254283,0.015938955899951954,0.015799479834642454,-0.007684316468529393,-0.0023896482928165664,-0.0013340254504053501,0.006719268062040335,-0.0024394279382639497,0.00504335697418125,-0.009292745460790152,-0.029525511366130002,-0.011448070389081017,0.002718721906732319,-0.0005374378974194249,0.26952640551536666,0.0029319399028963165,0.37580364107400016,0.0,-0.06546936606734668,0.03972572302015532,0.0008277475612095335,-0.012203088706725937,-0.010542850409682484,-0.007124488569414863,-0.012898336671224716,0.006565181775717748,0.006766723837309277,-0.00736620426902145,-0.033507360123249175,0.0043149488145328985,0.00238247896616505,-0.001422587095603417,-0.006127513493254283,-0.015938955899951954,-0.06546936606734668,-0.03972572302015532,0.9614656599950497,0.0,0.19782686803493332,0.01874122533549167,0.018647879351895345,0.001034063490565467,0.022893842449352334,0.0042757318321805324,0.0056113965735264315,0.0016823237409057668,-0.0039736491569357,0.0030416405809787425,-0.0006809051492430632,-0.0014481843770525504,0.015799479834642454,0.007684316468529393,0.0008277475612095335,0.012203088706725937,0.19782686803493332,-0.01874122533549167,0.10141134431517163,0.0,0.06335046122612835,0.004065501906895841,0.014654434796182659,-0.009496061108788732,0.09864094111451661,0.013501083200242568,0.002135291836167566,-0.0014783810183193167,-0.0003020220777481384,6.083892398238835e-05,-0.0023896482928165664,0.0013340254504053501,-0.010542850409682484,0.007124488569414863,0.018647879351895345,-0.001034063490565467,0.06335046122612835,-0.004065501906895841,-0.19149104799826663,0.0,-0.07860575061977833,-0.0013464120991091336,0.024354695164391656,-0.002055289120279783,0.0004553358708061834,0.0008509356931839081,-0.00211600313713758,0.00020002909811196672,0.006719268062040335,0.0024394279382639497,-0.012898336671224716,-0.006565181775717748,0.022893842449352334,-0.0042757318321805324,0.014654434796182659,0.009496061108788732,-0.07860575061977833,0.0013464120991091336,-0.08920491154890667,0.0,-0.03215131935788833,0.014172087930065325,0.0020948334933364094,0.005574216074429733,-8.528610098535003e-05,0.001733777846206133,0.00504335697418125,0.009292745460790152,0.006766723837309277,0.00736620426902145,0.0056113965735264315,-0.0016823237409057668,0.09864094111451661,-0.013501083200242568,0.024354695164391656,0.002055289120279783,-0.03215131935788833,-0.014172087930065325,-0.10008988090328667,0.0,-0.0012240093412066797,0.0034650599306264526,-0.000305784969965345,-7.770192940154995e-05,-0.029525511366130002,0.011448070389081017,-0.033507360123249175,-0.0043149488145328985,-0.0039736491569357,-0.0030416405809787425,0.002135291836167566,0.0014783810183193167,0.0004553358708061834,-0.0008509356931839081,0.0020948334933364094,-0.005574216074429733,-0.0012240093412066797,-0.0034650599306264526,-0.14268450180155,0.0,0.9996531564103334
0.8980000000000012,0.001475348531929933,0.0,-0.0011008584759307,0.0011118243802029331,-0.0022298771041999016,0.0015638486671444329,-0.0025468989923664734,0.0008533124679714338,-0.0005519131390489332,-0.0014674428495863332,0.00027218733120818166,-0.00014040131408231654,0.0016560868749773497,-0.0013083427786611337,0.0012656993678709521,0.0011603396886777837,0.00014224333949568342,-0.00029571558829403284,-0.0011008584759307,-0.0011118243802029331,0.08292303990609501,0.0,0.26952275684965,-0.0031529276190540175,-0.006324844633032265,0.016132591283641688,0.015790844850826147,-0.007669251655359067,-0.0023543078374642,-0.001361748970160005,0.006767588450977049,-0.002413795657664653,0.00503868879969817,-0.00923149461778295,-0.029454575090178344,-0.011422853309413478,-0.0022298771041999016,-0.0015638486671444329,0.26952275684965,0.0031529276190540175,0.3754749852514,0.0,-0.06547311986405836,0.03995706328907091,0.0008064547168217829,-0.012106787587831885,-0.010480616465703035,-0.007182196257884102,-0.012770643958626383,0.006569657622004859,0.006701671431930898,-0.00737469041495012,-0.0334637043404705,0.004271478832608761,-0.0025468989923664734,-0.0008533124679714338,-0.006324844633032265,-0.016132591283641688,-0.06547311986405836,-0.03995706328907091,0.96237537366835,0.0,0.19802468642845003,0.018623741972746768,0.018720566832756667,0.0011082515947105837,0.02294107390864538,0.0040888198394483,0.005659210089410293,0.0018454869269408218,-0.003999572712110691,0.0029658655091705987,-0.0005519131390489332,0.0014674428495863332,0.015790844850826147,0.007669251655359067,0.0008064547168217829,0.012106787587831885,0.19802468642845003,-0.018623741972746768,0.10134503126687001,0.0,0.06338835188517501,0.004073683380480882,0.014691867333802329,-0.009526422751634145,0.09861198898707668,0.013523303557193085,0.002098608523566233,-0.001453233135571752,0.00027218733120818166,0.00014040131408231654,-0.0023543078374642,0.001361748970160005,-0.010480616465703035,0.007182196257884102,0.018720566832756667,-0.0011082515947105837,0.06338835188517501,-0.004073683380480882,-0.19156126079303334,0.0,-0.07856666204377002,-0.0013489950551653334,0.02436676380054167,-0.0020837153760569498,0.0004560339175331499,0.0008564467210903031,0.0016560868749773497,0.0013083427786611337,0.006767588450977049,0.002413795657664653,-0.012770643958626383,-0.006569657622004859,0.02294107390864538,-0.0040888198394483,0.014691867333802329,0.009526422751634145,-0.07856666204377002,0.0013489950551653334,-0.08931221019734496,0.0,-0.03207841772256833,0.01417327771003912,0.002049468114329063,0.005595420549548968,0.0012656993678709521,-0.0011603396886777837,0.00503868879969817,0.00923149461778295,0.006701671431930898,0.00737469041495012,0.005659210089410293,-0.0018454869269408218,0.09861198898707668,-0.013523303557193085,0.02436676380054167,0.0020837153760569498,-0.03207841772256833,-0.01417327771003912,-0.10020290561414003,0.0,-0.0012580859907443266,0.003444416672607016,0.00014224333949568342,0.00029571558829403284,-0.029454575090178344,0.011422853309413478,-0.0334637043404705,-0.004271478832608761,-0.003999572712110691,-0.0029658655091705987,0.002098608523566233,0.001453233135571752,0.0004560339175331499,-0.0008564467210903031,0.002049468114329063,-0.005595420549548968,-0.0012580859907443266,-0.003444416672607016,-0.1428644291446,0.0,0.9996529728754999
0.8990000000000008,0.0014751649899260337,0.0,-4.579238374077801e-05,-0.0016171257627964994,0.00042157859043390997,-0.002630567210128283,0.0009243766333711666,-0.0024152867079396015,0.001404274082953783,0.0006134083744576609,-0.00013115366270669007,0.00028038451523364314,-0.0002690041458398815,0.002078238669996796,-0.0017028761344810828,7.457963319948672e-05,0.00013767184057845487,0.00032633290864696044,-4.579238374077801e-05,0.0016171257627964994,0.0828697512352967,0.0,0.2695608715958,-0.003419822208957999,-0.006517357006716419,0.01634101334543367,0.015772818513550613,-0.007644620524068948,-0.0023078518249010217,-0.0013874481466067613,0.006788757063222985,-0.0023978564206995497,0.005017931179697051,-0.009159634642002446,-0.029384438147481665,-0.01139099529808674,0.00042157859043390997,0.002630567210128283,0.2695608715958,0.003419822208957999,0.3751522806193333,0.0,-0.06545372266432334,0.040210745829246,0.0008119435399508071,-0.012020744908774998,-0.010421498794278285,-0.007236412171858767,-0.012680741605464117,0.006552021591933733,0.0066248955001705955,-0.007363902162009382,-0.03339187450613234,0.0042152503995117035,0.0009243766333711666,0.0024152867079396015,-0.006517357006716419,-0.01634101334543367,-0.06545372266432334,-0.040210745829246,0.9632849999663662,0.0,0.19825026407381666,0.01852985176261925,0.018800909887302333,0.0011902182191313132,0.023005516134311167,0.00388014769476127,0.005692092186684867,0.002012338941642236,-0.003991637585462316,0.002842963234594174,0.001404274082953783,-0.0006134083744576609,0.015772818513550613,0.007644620524068948,0.0008119435399508071,0.012020744908774998,0.19825026407381666,-0.01852985176261925,0.10128148929722831,0.0,0.06342806990078,0.004069115343862751,0.014735824116501034,-0.009547885761680417,0.09858502036984666,0.013540573159364034,0.0020670340689818495,-0.00143663261566395,-0.00013115366270669007,-0.00028038451523364314,-0.0023078518249010217,0.0013874481466067613,-0.010421498794278285,0.007236412171858767,0.018800909887302333,-0.0011902182191313132,0.06342806990078,-0.004069115343862751,-0.1916316309010834,0.0,-0.07853960865900667,-0.0013502282348227003,0.024357848061355006,-0.0021402661424219575,0.00047242984702480003,0.0008724088083453084,-0.0002690041458398815,-0.002078238669996796,0.006788757063222985,0.0023978564206995497,-0.012680741605464117,-0.006552021591933733,0.023005516134311167,-0.00388014769476127,0.014735824116501034,0.009547885761680417,-0.07853960865900667,0.0013502282348227003,-0.0894187858422533,0.0,-0.031991177296959994,0.014181541001787553,0.0020368462258804833,0.005608452912622184,-0.0017028761344810828,-7.457963319948672e-05,0.005017931179697051,0.009159634642002446,0.0066248955001705955,0.007363902162009382,0.005692092186684867,-0.002012338941642236,0.09858502036984666,-0.013540573159364034,0.024357848061355006,0.0021402661424219575,-0.031991177296959994,-0.014181541001787553,-0.10031632340641,0.0,-0.00130043721130851,0.00341900279046124,0.00013767184057845487,-0.00032633290864696044,-0.029384438147481665,0.01139099529808674,-0.03339187450613234,-0.0042152503995117035,-0.003991637585462316,-0.002842963234594174,0.0020670340689818495,0.00143663261566395,0.00047242984702480003,-0.0008724088083453084,0.0020368462258804833,-0.005608452912622184,-0.00130043721130851,-0.00341900279046124,-0.1430441566313,0.0,0.9996527893266166
0.899999999999999,0.0014749814347564333,0.0,0.0012585148279907962,0.0011067515396121848,0.0015337401699578497,0.0020839634976324833,0.0012394120770038498,0.0021818986453566837,-0.0013927349183104197,0.0005698487472390499,-7.086174917560007e-05,-0.0003224048025860401,-0.0012516424440491667,-0.0016446773118766083,0.001152483819776367,-0.0012519389945412165,-0.0003592937037218317,-0.00012108164790445657,0.0012585148279907962,-0.0011067515396121848,0.08280433803797498,0.0,0.2695521571403833,-0.0037670856423866208,-0.006704331622164035,0.016609544562984666,0.015767979485832334,-0.007612003900925554,-0.0022490201729375406,-0.001405890526340817,0.006809029252785698,-0.002372007509035439,0.0049746994261450775,-0.00912866440760279,-0.029304305968408335,-0.011326514079618303,0.0015337401699578497,-0.0020839634976324833,0.2695521571403833,0.0037670856423866208,0.37483806992728325,0.0,-0.06544548944061834,0.040473777281229986,0.0008439758192914664,-0.011947371917032148,-0.010328001073122083,-0.007282134154755467,-0.012612605830604093,0.0065158664125063,0.006566536933760026,-0.007342356122444716,-0.03331255903236583,0.004170626282161899,0.0012394120770038498,-0.0021818986453566837,-0.006704331622164035,-0.016609544562984666,-0.06544548944061834,-0.040473777281229986,0.9641950998455169,0.0,0.19840590909433337,0.018429358842899122,0.018848053214324288,0.001303991976940765,0.023074576090090823,0.003685246260855,0.005685098382093848,0.002168152425514267,-0.0039299439972967825,0.002707900473557262,-0.0013927349183104197,-0.0005698487472390499,0.015767979485832334,0.007612003900925554,0.0008439758192914664,0.011947371917032148,0.19840590909433337,-0.018429358842899122,0.1012206938607917,0.0,0.06345837608451334,0.004088543827878047,0.014767876539727866,-0.009564525827738535,0.09854643707612998,0.013567685307382168,0.0020311877248878835,-0.0014001811027147151,-7.086174917560007e-05,0.0003224048025860401,-0.0022490201729375406,0.001405890526340817,-0.010328001073122083,0.007282134154755467,0.018848053214324288,-0.001303991976940765,0.06345837608451334,-0.004088543827878047,-0.1917025271687667,0.0,-0.07851893225693668,-0.0013423498736311501,0.02435063169344666,-0.0021968436927336517,0.000502373799039515,0.0008936248892529116,-0.0012516424440491667,0.0016446773118766083,0.006809029252785698,0.002372007509035439,-0.012612605830604093,-0.0065158664125063,0.023074576090090823,-0.003685246260855,0.014767876539727866,0.009564525827738535,-0.07851893225693668,0.0013423498736311501,-0.08952477989286997,0.0,-0.031922580824499995,0.01420435322667667,0.0020176714407397424,0.005611348602636567,0.001152483819776367,0.0012519389945412165,0.0049746994261450775,0.00912866440760279,0.006566536933760026,0.007342356122444716,0.005685098382093848,-0.002168152425514267,0.09854643707612998,-0.013567685307382168,0.02435063169344666,0.0021968436927336517,-0.031922580824499995,-0.01420435322667667,-0.10042991763055832,0.0,-0.0013519110497914818,0.0033896466838263407,-0.0003592937037218317,0.00012108164790445657,-0.029304305968408335,0.011326514079618303,-0.03331255903236583,-0.004170626282161899,-0.0039299439972967825,-0.002707900473557262,0.0020311877248878835,0.0014001811027147151,0.000502373799039515,-0.0008936248892529116,0.0020176714407397424,-0.005611348602636567,-0.0013519110497914818,-0.0033896466838263407,-0.14322335264838332,0.0,0.9996526057655671
0.9010000000000014,0.0014747978827476002,0.0,-0.0016997343550922005,0.0001928820907708033,-0.002498355227316261,-0.00034839079406828337,-0.002408448620590083,-0.0004592666658221334,0.0005691456234325509,-0.0013777901742626996,0.0002762449586139185,0.0002256385429834201,0.0020071038607106266,0.0002960580571537584,4.9142986729016614e-05,0.0017028207568463838,0.0003556333140178631,-0.00018883140029583335,-0.0016997343550922005,-0.0001928820907708033,0.08272402162268168,0.0,0.2694860582445333,-0.004134757679205334,-0.0068387484455496,0.016909971111884033,0.015782465522281335,-0.007592320057473124,-0.002189164011152383,-0.0014185120459600383,0.006849569286525884,-0.00232005397243875,0.004931915107948011,-0.009131873179000051,-0.029232759724024986,-0.01123560080251113,-0.002498355227316261,0.00034839079406828337,0.2694860582445333,0.004134757679205334,0.3745344828404499,0.0,-0.06547779352379832,0.040717718574237484,0.0008730465979236749,-0.011868251138017899,-0.010207483354057969,-0.007313390327348734,-0.01252637522331267,0.006499280140729282,0.00652601082787085,-0.007341886709294865,-0.0332641069027155,0.0041441736539345,-0.002408448620590083,0.0004592666658221334,-0.0068387484455496,-0.016909971111884033,-0.06547779352379832,-0.040717718574237484,0.9651054358426997,0.0,0.1985370985743667,0.018305410370812507,0.018851493653046936,0.0014223010483708004,0.023131973041823038,0.0035327901433831912,0.005617618854486599,0.0023147555718437333,-0.0038655863078430825,0.002630950009046384,0.0005691456234325509,0.0013777901742626996,0.015782465522281335,0.007592320057473124,0.0008730465979236749,0.011868251138017899,0.1985370985743667,-0.018305410370812507,0.10116416842720333,0.0,0.06347319730785,0.0041408965616006495,0.01479962338071465,-0.009590920649698366,0.09850255619276667,0.0136055938431485,0.001978358717995199,-0.0013484828549291284,0.0002762449586139185,-0.0002256385429834201,-0.002189164011152383,0.0014185120459600383,-0.010207483354057969,0.007313390327348734,0.018851493653046936,-0.0014223010483708004,0.06347319730785,-0.0041408965616006495,-0.19177505298438335,0.0,-0.07849809409443001,-0.001326597618124652,0.024365522505415002,-0.002239204235199352,0.0005156045885138259,0.0009236336603139298,0.0020071038607106266,-0.0002960580571537584,0.006849569286525884,0.00232005397243875,-0.01252637522331267,-0.006499280140729282,0.023131973041823038,-0.0035327901433831912,0.01479962338071465,0.009590920649698366,-0.07849809409443001,0.001326597618124652,-0.08963018099859668,0.0,-0.03188369081967168,0.014222487165597835,0.0019606726179841666,0.005607087515519135,4.9142986729016614e-05,-0.0017028207568463838,0.004931915107948011,0.009131873179000051,0.00652601082787085,0.007341886709294865,0.005617618854486599,-0.0023147555718437333,0.09850255619276667,-0.0136055938431485,0.024365522505415002,0.002239204235199352,-0.03188369081967168,-0.014222487165597835,-0.10054382659502997,0.0,-0.0014132617730783672,0.0033506720508190337,0.0003556333140178631,0.00018883140029583335,-0.029232759724024986,0.01123560080251113,-0.0332641069027155,-0.0041441736539345,-0.0038655863078430825,-0.002630950009046384,0.001978358717995199,0.0013484828549291284,0.0005156045885138259,-0.0009236336603139298,0.0019606726179841666,-0.005607087515519135,-0.0014132617730783672,-0.0033506720508190337,-0.14340142383049997,0.0,0.999652422207533
0.9020000000000006,0.001474614338682617,0.0,0.0010043814215813837,-0.0013964998140643184,0.0019492114078527,-0.0015407653865249333,0.0018651527829820827,-0.0014874388684262495,0.00056304403144165,0.0013754127507231832,-0.00037069146686384997,-4.620636963383253e-06,-0.0016176603906389835,0.0011654252089273833,-0.0012217030071265164,-0.001185999879527133,-0.00014448389541798354,0.00040751253865309995,0.0010043814215813837,0.0013964998140643184,0.08262931424632168,0.0,0.2693864771217333,-0.004458546824059216,-0.0069219081340204346,0.017158460446824765,0.01578599942816367,-0.007589330728739582,-0.0021369376768684218,-0.0014360336530276484,0.006904097474623085,-0.0022468884882383797,0.004911631959092022,-0.009114112901962464,-0.02918198230697167,-0.011144008700144285,0.0019492114078527,0.0015407653865249333,0.2693864771217333,0.004458546824059216,0.37424092595466674,0.0,-0.06552662551811164,0.04094446330212651,0.0008732993614934501,-0.011762781375692153,-0.01009774838628727,-0.007335498849032011,-0.012414375972641285,0.0065257248306599,0.006471787785523351,-0.007354148729014534,-0.033237829179207166,0.004123486317548867,0.0018651527829820827,0.0014874388684262495,-0.0069219081340204346,-0.017158460446824765,-0.06552662551811164,-0.04094446330212651,0.9660154782698167,0.0,0.1986990703676167,0.018177843193930916,0.018838105909660084,0.0015054550319054184,0.023190684270779482,0.0033916394550113594,0.005504457339699785,0.0024433064317915514,-0.0038517497599634336,0.002590795032675894,0.00056304403144165,-0.0013754127507231832,0.01578599942816367,0.007589330728739582,0.0008732993614934501,0.011762781375692153,0.1986990703676167,-0.018177843193930916,0.10111275607040168,0.0,0.06347077455614832,0.004191351701850321,0.014855920852490597,-0.00962784304090635,0.09845586708925838,0.013634749868419165,0.0019120617840211005,-0.0013189357054569167,-0.00037069146686384997,4.620636963383253e-06,-0.0021369376768684218,0.0014360336530276484,-0.01009774838628727,0.007335498849032011,0.018838105909660084,-0.0015054550319054184,0.06347077455614832,-0.004191351701850321,-0.19184977123483338,0.0,-0.07846604634714166,-0.0013094458137673788,0.024379954386363333,-0.0022797925462563146,0.0005002493189353918,0.0009628684414032666,-0.0016176603906389835,-0.0011654252089273833,0.006904097474623085,0.0022468884882383797,-0.012414375972641285,-0.0065257248306599,0.023190684270779482,-0.0033916394550113594,0.014855920852490597,0.00962784304090635,-0.07846604634714166,0.0013094458137673788,-0.08973467768697335,0.0,-0.03184120288903,0.01422208508242116,0.0018984883715429156,0.005602395471750368,-0.0012217030071265164,0.001185999879527133,0.004911631959092022,0.009114112901962464,0.006471787785523351,0.007354148729014534,0.005504457339699785,-0.0024433064317915514,0.09845586708925838,-0.013634749868419165,0.024379954386363333,0.0022797925462563146,-0.03184120288903,-0.01422208508242116,-0.10065837171346502,0.0,-0.001476383787013516,0.0033016715882188117,-0.00014448389541798354,-0.00040751253865309995,-0.02918198230697167,0.011144008700144285,-0.033237829179207166,-0.004123486317548867,-0.0038517497599634336,-0.002590795032675894,0.0019120617840211005,0.0013189357054569167,0.0005002493189353918,-0.0009628684414032666,0.0018984883715429156,-0.005602395471750368,-0.001476383787013516,-0.0033016715882188117,-0.14357802958741667,0.0,0.9996522386569499
0.9029999999999991,0.001474430793637217,0.0,0.0003490140038500667,0.0016938538807814995,-0.0002291542214371668,0.002440152901260826,-5.009480163663347e-05,0.0023066347986711337,-0.0013661348510237612,-0.0005715650513522724,0.0002965924173836817,-0.00022731414977990503,0.0003264398212021117,-0.001932353404813133,0.0016965793920591004,-1.827851701491653e-05,-0.00016831043415028177,-0.00043663761398960045,0.0003490140038500667,-0.0016938538807814995,0.08252233644589164,0.0,0.2692972651109333,-0.004748925624840898,-0.0070166878224653985,0.017341895886060894,0.01576536149827017,-0.007577515012747115,-0.0020852407864210966,-0.0014646532349362183,0.006963960273371431,-0.002169702774231662,0.004911217080142702,-0.009064189953281935,-0.029142031974269993,-0.011060624721612743,-0.0002291542214371668,-0.002440152901260826,0.2692972651109333,0.004748925624840898,0.3739555201471333,0.0,-0.06555186882859336,0.04117919023457599,0.0008504438684070501,-0.011642017597708032,-0.010004953672053053,-0.007356929229569601,-0.012309545891231217,0.006577827250545649,0.006398047692318365,-0.007339281334425015,-0.03319902978807401,0.004108391874894667,-5.009480163663347e-05,-0.0023066347986711337,-0.0070166878224653985,-0.017341895886060894,-0.06555186882859336,-0.04117919023457599,0.9669252087063835,0.0,0.1988772895108833,0.018063912955587364,0.018816853134810577,0.0015560684108531949,0.023287099490165837,0.003227734809630978,0.005382328063060902,0.00253389219627432,-0.0038635950482174093,0.0025083177666992505,-0.0013661348510237612,0.0005715650513522724,0.01576536149827017,0.007577515012747115,0.0008504438684070501,0.011642017597708032,0.1988772895108833,-0.018063912955587364,0.101065492355925,0.0,0.06346992003018667,0.004216050124904112,0.014939495674442669,-0.009661123557918897,0.09841807341453833,0.013646830073541,0.001845951328574913,-0.0013237575182965,0.0002965924173836817,0.00022731414977990503,-0.0020852407864210966,0.0014646532349362183,-0.010004953672053053,0.007356929229569601,0.018816853134810577,-0.0015560684108531949,0.06346992003018667,-0.004216050124904112,-0.19192625536065003,0.0,-0.078437750644085,-0.0012928608249221504,0.024370227979533327,-0.0023297923224506662,0.00048189184126184976,0.0009987084520618396,0.0003264398212021117,0.001932353404813133,0.006963960273371431,0.002169702774231662,-0.012309545891231217,-0.006577827250545649,0.023287099490165837,-0.003227734809630978,0.014939495674442669,0.009661123557918897,-0.078437750644085,0.0012928608249221504,-0.08983796690928166,0.0,-0.03177933631044166,0.014223399580750832,0.001876218334998666,0.0056060031946637496,0.0016965793920591004,1.827851701491653e-05,0.004911217080142702,0.009064189953281935,0.006398047692318365,0.007339281334425015,0.005382328063060902,-0.00253389219627432,0.09841807341453833,-0.013646830073541,0.024370227979533327,0.0023297923224506662,-0.03177933631044166,-0.014223399580750832,-0.10077348758298668,0.0,-0.001528673746015383,0.003254681073513117,-0.00016831043415028177,0.00043663761398960045,-0.029142031974269993,0.011060624721612743,-0.03319902978807401,-0.004108391874894667,-0.0038635950482174093,-0.0025083177666992505,0.001845951328574913,0.0013237575182965,0.00048189184126184976,-0.0009987084520618396,0.001876218334998666,-0.0056060031946637496,-0.001528673746015383,-0.003254681073513117,-0.14375322349040004,0.0,0.9996520551057498
0.9040000000000015,0.0014742472387402996,0.0,-0.0015024417757601323,-0.0009005129031484499,-0.0015585309488888555,-0.0018195753933761482,-0.0016985664039672,-0.0014627849761671577,0.0013485534340751673,-0.0005821653927300832,-8.85253215788167e-05,0.00036744899067809987,0.0011125354818689293,0.0015593839602380162,-0.001178604868281967,0.0012119622735818,0.0004431736155163398,0.00021821475125420007,-0.0015024417757601323,0.0009005129031484499,0.08240382786541,0.0,0.26917770604608326,-0.00503259530808605,-0.00714141754994826,0.017536011133385668,0.0157464951821245,-0.007538530175200582,-0.0020226030445671932,-0.0014919106541816047,0.007035526791486914,-0.00209511396144725,0.0049102823713010006,-0.009030292835489803,-0.029090721129321668,-0.010964998283120083,-0.0015585309488888555,0.0018195753933761482,0.26917770604608326,0.00503259530808605,0.3736774173015666,0.0,-0.06553587929595169,0.04141278838335816,0.000820039776322583,-0.011524642914213398,-0.009894114638849665,-0.007369540383747716,-0.012226884770711903,0.006632419944248184,0.006331839486759703,-0.007291077982430413,-0.03314276896391232,0.004110127313275984,-0.0016985664039672,0.0014627849761671577,-0.00714141754994826,-0.017536011133385668,-0.06553587929595169,-0.04141278838335816,0.9678347888431331,0.0,0.19899097380593334,0.017938269487184,0.018759394033764497,0.0015963858108408496,0.023409888680344836,0.003060856546287882,0.005268465969220162,0.0025875285965008005,-0.0038510678425384757,0.002375672454114539,0.0013485534340751673,0.0005821653927300832,0.0157464951821245,0.007538530175200582,0.000820039776322583,0.011524642914213398,0.19899097380593334,-0.017938269487184,0.10102154403436499,0.0,0.06347711534005666,0.004233117059834443,0.015024624563297001,-0.009683596052296585,0.09837878890124835,0.01365760498799017,0.0017777377510950862,-0.0013324326148998332,-8.85253215788167e-05,-0.00036744899067809987,-0.0020226030445671932,0.0014919106541816047,-0.009894114638849665,0.007369540383747716,0.018759394033764497,-0.0015963858108408496,0.06347711534005666,-0.004233117059834443,-0.1920040724349,0.0,-0.078419483805125,-0.0012713674624895,0.024346500232625006,-0.002376192959483798,0.00048569521657180657,0.0010174821856046331,0.0011125354818689293,-0.0015593839602380162,0.007035526791486914,0.00209511396144725,-0.012226884770711903,-0.006632419944248184,0.023409888680344836,-0.003060856546287882,0.015024624563297001,0.009683596052296585,-0.078419483805125,0.0012713674624895,-0.08994007959174996,0.0,-0.031717623691321674,0.014248567161385164,0.0018837563728897162,0.005616513624994267,-0.001178604868281967,-0.0012119622735818,0.0049102823713010006,0.009030292835489803,0.006331839486759703,0.007291077982430413,0.005268465969220162,-0.0025875285965008005,0.09837878890124835,-0.01365760498799017,0.024346500232625006,0.002376192959483798,-0.031717623691321674,-0.014248567161385164,-0.10088872643460002,0.0,-0.0015681130112390799,0.003222377423656551,0.0004431736155163398,-0.00021821475125420007,-0.029090721129321668,0.010964998283120083,-0.03314276896391232,-0.004110127313275984,-0.0038510678425384757,-0.002375672454114539,0.0017777377510950862,0.0013324326148998332,0.00048569521657180657,-0.0010174821856046331,0.0018837563728897162,-0.005616513624994267,-0.0015681130112390799,-0.003222377423656551,-0.14392707527731669,0.0,0.9996518715442166
0.9050000000000007,0.0014740636909619997,0.0,0.0016964150298344799,-0.0005195991825811552,0.002328626185720973,0.0001361308980362333,0.002166871915360866,-0.00033345381728641996,-0.0004991356090134502,0.00136535273995814,-0.00017255492118963342,-0.00033975680939041665,-0.0018368371337760174,-0.0003161878193339317,-2.1244266019566786e-05,-0.0016897677963404016,-0.0004721997772364768,0.00016578159999508328,0.0016964150298344799,0.0005195991825811552,0.08227405579409332,0.0,0.2689970530806667,-0.005269047139685034,-0.007245519395027183,0.017777514032433644,0.015748443888067166,-0.007487468637647185,-0.0019552323764571848,-0.0015029939190406001,0.007123512363530219,-0.0020177323803280247,0.004902917304340601,-0.009041738719737917,-0.029026865950006676,-0.010848860593239251,0.002328626185720973,-0.0001361308980362333,0.2689970530806667,0.005269047139685034,0.37340601800289996,0.0,-0.06549394092086334,0.04160490140979834,0.0007809997865508828,-0.011410499756947419,-0.009753845516766616,-0.0073596356028092814,-0.012143587981178601,0.006698665455605282,0.006288854830343556,-0.007255725253385058,-0.033104671561511666,0.004126334694045366,0.002166871915360866,0.00033345381728641996,-0.007245519395027183,-0.017777514032433644,-0.06549394092086334,-0.04160490140979834,0.9687435698695002,0.0,0.19905438803621653,0.017777846429818868,0.01866069128262316,0.0016250216120700836,0.023510460100679174,0.0029322646502218034,0.005149548523855751,0.00263108989660515,-0.0038322632566818336,0.002256395745688417,-0.0004991356090134502,-0.00136535273995814,0.015748443888067166,0.007487468637647185,0.0007809997865508828,0.011410499756947419,0.19905438803621653,-0.017777846429818868,0.10098188750160003,0.0,0.06349067100052,0.004266493283667083,0.015099990466814832,-0.009703756043978082,0.09832788502975334,0.01368567535946133,0.0016948764003507837,-0.001325818842618777,-0.00017255492118963342,0.00033975680939041665,-0.0019552323764571848,0.0015029939190406001,-0.009753845516766616,0.0073596356028092814,0.01866069128262316,-0.0016250216120700836,0.06349067100052,-0.004266493283667083,-0.19208354711561668,0.0,-0.07840102066742664,-0.0012397946931133165,0.024335257255249997,-0.002405310207115334,0.0004990373501978081,0.0010195407432851667,-0.0018368371337760174,0.0003161878193339317,0.007123512363530219,0.0020177323803280247,-0.012143587981178601,-0.006698665455605282,0.023510460100679174,-0.0029322646502218034,0.015099990466814832,0.009703756043978082,-0.07840102066742664,0.0012397946931133165,-0.09004107719694668,0.0,-0.031673513165665,0.014283082795795838,0.00187836774293229,0.005626314183171621,-2.1244266019566786e-05,0.0016897677963404016,0.004902917304340601,0.009041738719737917,0.006288854830343556,0.007255725253385058,0.005149548523855751,-0.00263108989660515,0.09832788502975334,-0.01368567535946133,0.024335257255249997,0.002405310207115334,-0.031673513165665,-0.014283082795795838,-0.10100391069709498,0.0,-0.0015989961026773164,0.0032022583004812605,-0.0004721997772364768,-0.00016578159999508328,-0.029026865950006676,0.010848860593239251,-0.033104671561511666,-0.004126334694045366,-0.0038322632566818336,-0.002256395745688417,0.0016948764003507837,0.001325818842618777,0.0004990373501978081,-0.0010195407432851667,0.00187836774293229,-0.005626314183171621,-0.0015989961026773164,-0.0032022583004812605,-0.1440993718587334,0.0,0.9996516879904502
0.9059999999999993,0.0014738801634647497,0.0,-0.0007554369473091837,0.0016192042795556505,-0.0016610097951359648,0.0015774975439047999,-0.0011505509131883996,0.001792572341433362,-0.0006305483867511,-0.0012922694249201062,0.0003404933320543068,0.00014437005013893337,0.0015067046702904171,-0.0010236660691383382,0.0012021444845837484,0.0011902438887809337,0.0002098658961057998,-0.00045274746098469706,-0.0007554369473091837,-0.0016192042795556505,0.08213562783142835,0.0,0.26881358499571667,-0.005399482611003843,-0.007304058729979769,0.018016932994925437,0.0157540443794665,-0.007440725588842901,-0.0018983878604153664,-0.0015035912334879682,0.007212192409321464,-0.0019424727597611839,0.004907200431573584,-0.00906115143389677,-0.028968500668058342,-0.010737159752751831,-0.0016610097951359648,-0.0015774975439047999,0.26881358499571667,0.005399482611003843,0.3731389221378165,0.0,-0.06543357228367498,0.04173165381006048,0.0007213177626337043,-0.011286078170965946,-0.009616104491404901,-0.007333753707571958,-0.012040792230074234,0.006794336775612351,0.006245034005299686,-0.0072665585699584175,-0.03310294076763667,0.0041396310566075845,-0.0011505509131883996,-0.001792572341433362,-0.007304058729979769,-0.018016932994925437,-0.06543357228367498,-0.04173165381006048,0.9696505840139503,0.0,0.1991615779150333,0.017615341485002097,0.01857116655384734,0.0016285387882241837,0.02357570323788983,0.0028457340283679004,0.0050149500698526825,0.0026866102094354333,-0.003844888522153021,0.0021744240180430834,-0.0006305483867511,0.0012922694249201062,0.0157540443794665,0.007440725588842901,0.0007213177626337043,0.011286078170965946,0.1991615779150333,-0.017615341485002097,0.10094782706719335,0.0,0.06350986421253833,0.004303894268072466,0.015184777077382668,-0.009722785169363288,0.09827422207561336,0.013725640574934719,0.0016010764741357338,-0.001325687454451322,0.0003404933320543068,-0.00014437005013893337,-0.0018983878604153664,0.0015035912334879682,-0.009616104491404901,0.007333753707571958,0.01857116655384734,-0.0016285387882241837,0.06350986421253833,-0.004303894268072466,-0.19216522381054996,0.0,-0.07836760281050999,-0.0012009227221018667,0.02433463756259167,-0.0024310315009727847,0.000497101394153123,0.0010155731834942299,0.0015067046702904171,0.0010236660691383382,0.007212192409321464,0.0019424727597611839,-0.012040792230074234,-0.006794336775612351,0.02357570323788983,-0.0028457340283679004,0.015184777077382668,0.009722785169363288,-0.07836760281050999,0.0012009227221018667,-0.09014062517922665,0.0,-0.031630102260950005,0.014293238049873334,0.0018538066585762783,0.005636795548610344,0.0012021444845837484,-0.0011902438887809337,0.004907200431573584,0.00906115143389677,0.006245034005299686,0.0072665585699584175,0.0050149500698526825,-0.0026866102094354333,0.09827422207561336,-0.013725640574934719,0.02433463756259167,0.0024310315009727847,-0.031630102260950005,-0.014293238049873334,-0.10111949871421669,0.0,-0.0016181535014612926,0.00318493586863825,0.0002098658961057998,0.00045274746098469706,-0.028968500668058342,0.010737159752751831,-0.03310294076763667,-0.0041396310566075845,-0.003844888522153021,-0.0021744240180430834,0.0016010764741357338,0.001325687454451322,0.000497101394153123,-0.0010155731834942299,0.0018538066585762783,-0.005636795548610344,-0.0016181535014612926,-0.00318493586863825,-0.14426998905316665,0.0,0.9996515044570331
0.9069999999999986,0.0014736966531838829,0.0,-0.0006720899455082247,-0.001671569211197633,-3.560808451293339e-05,-0.0022699657752834,-0.0005771395006608162,-0.001954736432081717,0.001345150526743018,0.0004496913709888835,-0.0003370340274168501,8.771488344509993e-05,-0.0003711834632576834,0.001758139821441767,-0.0016887985379969166,8.348891470998764e-07,0.0001668311142736666,0.00047528893742041607,-0.0006720899455082247,0.001671569211197633,0.08199275363402668,0.0,0.2686836837982834,-0.0054423684328782085,-0.007351800555417466,0.018232451349750087,0.01574289709087183,-0.007381979886715251,-0.0018529934122607469,-0.0015065783294886332,0.0072796371506755764,-0.0018872180506412585,0.004933147247612049,-0.009046203935640616,-0.02892794547695833,-0.010647623329220169,-3.560808451293339e-05,0.0022699657752834,0.2686836837982834,0.0054423684328782085,0.37287291750430007,0.0,-0.06534130149320834,0.0417998373002715,0.0006424611693090536,-0.011164147251287152,-0.009504879486295153,-0.0073086199248821775,-0.011931719529679035,0.006896586242494699,0.006172876370239318,-0.007296794184905848,-0.03310669675793167,0.004142637284343697,-0.0005771395006608162,0.001954736432081717,-0.007351800555417466,-0.018232451349750087,-0.06534130149320834,-0.0417998373002715,0.9705556570865501,0.0,0.19932227747768325,0.017501239213363367,0.018524206589227165,0.0016190782134064335,0.023644930825527502,0.0027655357803714003,0.004868650312726085,0.002755582563902982,-0.0038512143802291354,0.0020911144180183,0.001345150526743018,-0.0004496913709888835,0.01574289709087183,0.007381979886715251,0.0006424611693090536,0.011164147251287152,0.19932227747768325,-0.017501239213363367,0.10091859781976834,0.0,0.06353626012182499,0.00432110259444375,0.015287731780861328,-0.00972201417541509,0.09822728820387334,0.013751767743737698,0.0015176424995409004,-0.0013575723429665248,-0.0003370340274168501,-8.771488344509993e-05,-0.0018529934122607469,0.0015065783294886332,-0.009504879486295153,0.0073086199248821775,0.018524206589227165,-0.0016190782134064335,0.06353626012182499,-0.00432110259444375,-0.19224896807110006,0.0,-0.07831654390395504,-0.0011625401731860314,0.02431634244966167,-0.0024786363386060874,0.0004859097552865566,0.0010126573327413687,-0.0003711834632576834,-0.001758139821441767,0.0072796371506755764,0.0018872180506412585,-0.011931719529679035,-0.006896586242494699,0.023644930825527502,-0.0027655357803714003,0.015287731780861328,0.00972201417541509,-0.07831654390395504,0.0011625401731860314,-0.09023821484394833,0.0,-0.03156204768045666,0.014272901208535164,0.0018439292289961883,0.005659926905859849,-0.0016887985379969166,-8.348891470998764e-07,0.004933147247612049,0.009046203935640616,0.006172876370239318,0.007296794184905848,0.004868650312726085,-0.002755582563902982,0.09822728820387334,-0.013751767743737698,0.02431634244966167,0.0024786363386060874,-0.03156204768045666,-0.014272901208535164,-0.10123593498419,0.0,-0.00162314338012772,0.0031677945349519996,0.0001668311142736666,-0.00047528893742041607,-0.02892794547695833,0.010647623329220169,-0.03310669675793167,-0.004142637284343697,-0.0038512143802291354,-0.0020911144180183,0.0015176424995409004,0.0013575723429665248,0.0004859097552865566,-0.0010126573327413687,0.0018439292289961883,-0.005659926905859849,-0.00162314338012772,-0.0031677945349519996,-0.14443918385854998,0.0,0.9996513209401835
0.9080000000000008,0.0014735131420708667,0.0,0.001698300407355933,0.0006944142025870664,0.0016654154502490361,0.0015026615027525334,0.0017814935016843832,0.0007700305271633831,-0.0012412595704211831,0.0006340844494515332,0.0002110483219586664,-0.00026087933320023346,-0.0009581026097277667,-0.0014950581728405666,0.0011870925131609333,-0.0011919757397688166,-0.0004619686676537501,-0.000227991538405733,0.001698300407355933,-0.0006944142025870664,0.08184741243649,0.0,0.2686112670435667,-0.005482539125890117,-0.007399364715222787,0.01847964397190923,0.015729565401911002,-0.00729382822099517,-0.0018047266509561948,-0.0015059560327702834,0.007325191725822531,-0.0018562257528141335,0.004959903117995118,-0.009022455899739518,-0.028904708320685004,-0.010559467329887499,0.0016654154502490361,-0.0015026615027525334,0.2686112670435667,0.005482539125890117,0.3726069357810333,0.0,-0.06523081300539499,0.04183905971897551,0.0005619528200430358,-0.011079049362890617,-0.009400728467401115,-0.007285227871206316,-0.011840413645466761,0.006963361935208719,0.006082344621516756,-0.007309693107153735,-0.03309278982362667,0.004144137381331166,0.0017814935016843832,-0.0007700305271633831,-0.007399364715222787,-0.01847964397190923,-0.06523081300539499,-0.04183905971897551,0.9714593656645661,0.0,0.19947245034716668,0.017422291149407354,0.018488090731211004,0.0016208397115120333,0.02373886336346466,0.0026688323627716472,0.004718216243471649,0.0028265242103197004,-0.0037864475563604678,0.0019956350305936495,-0.0012412595704211831,-0.0006340844494515332,0.015729565401911002,0.00729382822099517,0.0005619528200430358,0.011079049362890617,0.19947245034716668,-0.017422291149407354,0.10089216180042,0.0,0.06357098877022167,0.004327501858037282,0.015384275580374165,-0.009690178336795767,0.09819538762178497,0.013754239952172119,0.0014534996957080183,-0.0014091588990914345,0.0002110483219586664,0.00026087933320023346,-0.0018047266509561948,0.0015059560327702834,-0.009400728467401115,0.007285227871206316,0.018488090731211004,-0.0016208397115120333,0.06357098877022167,-0.004327501858037282,-0.19233431738688334,0.0,-0.07827078568467001,-0.0011258068449558165,0.024275489818134995,-0.0025508915859800466,0.0004945073736412165,0.0010133656079435998,-0.0009581026097277667,0.0014950581728405666,0.007325191725822531,0.0018562257528141335,-0.011840413645466761,-0.006963361935208719,0.02373886336346466,-0.0026688323627716472,0.015384275580374165,0.009690178336795767,-0.07827078568467001,0.0011258068449558165,-0.09033376709335836,0.0,-0.03148313792243999,0.014252366934478504,0.0018602919953458323,0.005698192027850108,0.0011870925131609333,0.0011919757397688166,0.004959903117995118,0.009022455899739518,0.006082344621516756,0.007309693107153735,0.004718216243471649,-0.0028265242103197004,0.09819538762178497,-0.013754239952172119,0.024275489818134995,0.0025508915859800466,-0.03148313792243999,-0.014252366934478504,-0.10135292272898999,0.0,-0.001625799916138017,0.0031531231944825003,-0.0004619686676537501,0.000227991538405733,-0.028904708320685004,0.010559467329887499,-0.03309278982362667,-0.004144137381331166,-0.0037864475563604678,-0.0019956350305936495,0.0014534996957080183,0.0014091588990914345,0.0004945073736412165,-0.0010133656079435998,0.0018602919953458323,-0.005698192027850108,-0.001625799916138017,-0.0031531231944825003,-0.1446072441924333,0.0,0.9996511374226998
0.9089999999999994,0.0014733296287098498,0.0,-0.0017203750027217162,0.0007522313873115351,-0.0021930698710382833,0.0001730383259672664,-0.0016761297815336496,0.0008243985546811499,0.000408408811219332,-0.001310962486757613,-2.5458397926251173e-06,0.00033448749106283006,0.0017029686900741365,0.00037158258708278334,1.1530887126659506e-07,0.0016817169899489388,0.0004925132634120197,-0.0001815037067442166,-0.0017203750027217162,-0.0007522313873115351,0.08169821217681664,0.0,0.2685079615854667,-0.005558229834603667,-0.007391754834964334,0.018778110800242533,0.015733029836575,-0.007194489521149431,-0.0017514537767835423,-0.0014887527451605928,0.007359826341626424,-0.0018258955750807837,0.004962649697685899,-0.009041268657169086,-0.028890070642021662,-0.010439176486117746,-0.0021930698710382833,-0.0001730383259672664,0.2685079615854667,0.005558229834603667,0.3723423532273335,0.0,-0.06513461551463001,0.04187120976025766,0.0004921230546245265,-0.011032815954315137,-0.009279175517196198,-0.007250137923006101,-0.011763214092167434,0.006997474734853298,0.005998127354326765,-0.007318206042100248,-0.033075525013774996,0.004145188131834667,-0.0016761297815336496,-0.0008243985546811499,-0.007391754834964334,-0.018778110800242533,-0.06513461551463001,-0.04187120976025766,0.9723616242552168,0.0,0.1995484527599167,0.01731451923368222,0.018422267729913556,0.0016311613188359716,0.023819859965376333,0.0025583045807745165,0.004559464848568034,0.0028887872330835675,-0.0036757150137719245,0.0019324704628917678,0.000408408811219332,0.001310962486757613,0.015733029836575,0.007194489521149431,0.0004921230546245265,0.011032815954315137,0.1995484527599167,-0.01731451923368222,0.10086806709583833,0.0,0.06359038318159,0.004348776547277017,0.015444456424721332,-0.009639465353007665,0.09815607096683504,0.013744876042210002,0.0013953675687129502,-0.001453130576657133,-2.5458397926251173e-06,-0.00033448749106283006,-0.0017514537767835423,0.0014887527451605928,-0.009279175517196198,0.007250137923006101,0.018422267729913556,-0.0016311613188359716,0.06359038318159,-0.004348776547277017,-0.19242139625661667,0.0,-0.07823158613619834,-0.0010845535788230832,0.024232250772326665,-0.0026223776739107657,0.0005284606396819504,0.0010193893987527685,0.0017029686900741365,-0.00037158258708278334,0.007359826341626424,0.0018258955750807837,-0.011763214092167434,-0.006997474734853298,0.023819859965376333,-0.0025583045807745165,0.015444456424721332,0.009639465353007665,-0.07823158613619834,0.0010845535788230832,-0.09042756178637996,0.0,-0.031420081505234995,0.014246030958286051,0.0018712687893798498,0.005734191498449383,1.1530887126659506e-07,-0.0016817169899489388,0.004962649697685899,0.009041268657169086,0.005998127354326765,0.007318206042100248,0.004559464848568034,-0.0028887872330835675,0.09815607096683504,-0.013744876042210002,0.024232250772326665,0.0026223776739107657,-0.031420081505234995,-0.014246030958286051,-0.10146973618840503,0.0,-0.001641968889356013,0.0031357115239057697,0.0004925132634120197,0.0001815037067442166,-0.028890070642021662,0.010439176486117746,-0.033075525013774996,-0.004145188131834667,-0.0036757150137719245,-0.0019324704628917678,0.0013953675687129502,0.001453130576657133,0.0005284606396819504,-0.0010193893987527685,0.0018712687893798498,-0.005734191498449383,-0.001641968889356013,-0.0031357115239057697,-0.1447739382495,0.0,0.9996509539029168
0.9099999999999986,0.001473146126487067,0.0,0.0006519592323082999,-0.00178761234915862,0.0013508712916677054,-0.0016855804361574666,0.0005009996774383501,-0.0017396309418102663,0.00063660684197079,0.001208923858388058,-0.0002101092786114383,-0.00025751672945821866,-0.001435882874499317,0.0009159146695289667,-0.0011813368821501,-0.001209303967155523,-0.00020598208265548327,0.0004898453103553903,0.0006519592323082999,0.00178761234915862,0.08154369923201497,0.0,0.2683760435591668,-0.005633035551446534,-0.007304667758990498,0.019059066666191025,0.015743306407670497,-0.007118032749819647,-0.0017091800783253337,-0.0014641914075665835,0.007392194326883781,-0.0017754938929625834,0.004954122856923283,-0.009093297179409316,-0.028885326387434986,-0.01029584348677321,0.0013508712916677054,0.0016855804361574666,0.2683760435591668,0.005633035551446534,0.37208005724081666,0.0,-0.06508448611782498,0.04191507835676383,0.0004230455833411784,-0.010994695964187732,-0.009159135812346831,-0.0072083186707677955,-0.011681718268312897,0.007046516563390965,0.005921906744327652,-0.0073570584320438994,-0.03308105207723,0.004133331741166699,0.0005009996774383501,0.0017396309418102663,-0.007304667758990498,-0.019059066666191025,-0.06508448611782498,-0.04191507835676383,0.9732615792154166,0.0,0.1996229066176833,0.017173131497388732,0.01834661811968317,0.001631806903814433,0.023865268082584025,0.002440567239237158,0.004385282537168166,0.002940275243923033,-0.0036043078859704513,0.0019179577110553603,0.00063660684197079,-0.001208923858388058,0.015743306407670497,0.007118032749819647,0.0004230455833411784,0.010994695964187732,0.1996229066176833,-0.017173131497388732,0.10084757076548327,0.0,0.06358703694102667,0.004383204353287057,0.015477674440908501,-0.009585944217125381,0.09811269045049999,0.013737178606459836,0.0013415013157969467,-0.0014942578959102838,-0.0002101092786114383,0.00025751672945821866,-0.0017091800783253337,0.0014641914075665835,-0.009159135812346831,0.0072083186707677955,0.01834661811968317,-0.001631806903814433,0.06358703694102667,-0.004383204353287057,-0.19251077508259998,0.0,-0.07819364560238334,-0.0010378885424041548,0.024202367986901667,-0.002675486876860001,0.0005624867473517907,0.00103055035768248,-0.001435882874499317,-0.0009159146695289667,0.007392194326883781,0.0017754938929625834,-0.011681718268312897,-0.007046516563390965,0.023865268082584025,-0.002440567239237158,0.015477674440908501,0.009585944217125381,-0.07819364560238334,0.0010378885424041548,-0.09051964067546504,0.0,-0.03137773103371,0.014234146110612519,0.0018518031783707996,0.005756158324270369,-0.0011813368821501,0.001209303967155523,0.004954122856923283,0.009093297179409316,0.005921906744327652,0.0073570584320438994,0.004385282537168166,-0.002940275243923033,0.09811269045049999,-0.013737178606459836,0.024202367986901667,0.002675486876860001,-0.03137773103371,-0.014234146110612519,-0.10158614088349498,0.0,-0.0016692599520786336,0.0031058557900774516,-0.00020598208265548327,-0.0004898453103553903,-0.028885326387434986,0.01029584348677321,-0.03308105207723,-0.004133331741166699,-0.0036043078859704513,-0.0019179577110553603,0.0013415013157969467,0.0014942578959102838,0.0005624867473517907,-0.00103055035768248,0.0018518031783707996,-0.005756158324270369,-0.0016692599520786336,-0.0031058557900774516,-0.1449387255442667,0.0,0.9996507703945667
0.9110000000000009,0.0014729626364698002,0.0,0.0008371317391193499,0.0017046406087219215,0.00031741348693496685,0.0021107358008728,0.0008983804874655166,0.0014918407446804667,-0.0013054894060361,-0.00041888798572100493,0.0003210687056603333,7.450489003528334e-05,0.0003662074716451833,-0.001626072809704269,0.0017001662023605833,4.43746274408834e-05,-0.00019992013048813337,-0.0005015896656146118,0.0008371317391193499,-0.0017046406087219215,0.08138461874911668,0.0,0.26823627015941665,-0.005683278028102301,-0.007193922442656616,0.019269368027439407,0.015736684981878007,-0.007064048843344885,-0.0016890182877328554,-0.0014519811351417168,0.007425553481968449,-0.0017110347462194835,0.0049656966969486155,-0.009119101336654287,-0.028891653489421666,-0.010165802920720994,0.00031741348693496685,-0.0021107358008728,0.26823627015941665,0.005683278028102301,0.3718191688689501,0.0,-0.06506240239586168,0.041969041261435164,0.000341172589771339,-0.01094750557545897,-0.009070048951836515,-0.007181056487933727,-0.011588915202529413,0.007134583896257734,0.0058311934269553636,-0.007406446476100614,-0.03309805224744833,0.004105781661851756,0.0008983804874655166,-0.0014918407446804667,-0.007193922442656616,-0.019269368027439407,-0.06506240239586168,-0.041969041261435164,0.9741591130636333,0.0,0.19974001077598327,0.017056514288853332,0.01830251249363473,0.0016215693923331519,0.02392119829504118,0.0023132969617431676,0.004200831341935649,0.0029741241027933566,-0.0035748310886274657,0.0019161396597476173,-0.0013054894060361,0.00041888798572100493,0.015736684981878007,0.007064048843344885,0.000341172589771339,0.01094750557545897,0.19974001077598327,-0.017056514288853332,0.10083085126771997,0.0,0.06356782307176999,0.004403472842702552,0.015509529526533002,-0.009526150238250848,0.09807374805949166,0.013721098292980006,0.0013137534110677666,-0.0015565383412433837,0.0003210687056603333,-7.450489003528334e-05,-0.0016890182877328554,0.0014519811351417168,-0.009070048951836515,0.007181056487933727,0.01830251249363473,-0.0016215693923331519,0.06356782307176999,-0.004403472842702552,-0.19260248573410002,0.0,-0.07814274598707834,-0.0009938796051586001,0.024168629017631678,-0.0027197681894272586,0.0005813753620723647,0.0010439251982335565,0.0003662074716451833,0.001626072809704269,0.007425553481968449,0.0017110347462194835,-0.011588915202529413,-0.007134583896257734,0.02392119829504118,-0.0023132969617431676,0.015509529526533002,0.009526150238250848,-0.07814274598707834,0.0009938796051586001,-0.09060970629951502,0.0,-0.03132791162849,0.014198471669317701,0.0018201367394674397,0.005776522399540101,0.0017001662023605833,-4.43746274408834e-05,0.0049656966969486155,0.009119101336654287,0.0058311934269553636,0.007406446476100614,0.004200831341935649,-0.0029741241027933566,0.09807374805949166,-0.013721098292980006,0.024168629017631678,0.0027197681894272586,-0.03132791162849,-0.014198471669317701,-0.10170247407118996,0.0,-0.0016928515555305914,0.0030634071186477667,-0.00019992013048813337,0.0005015896656146118,-0.028891653489421666,0.010165802920720994,-0.03309805224744833,-0.004105781661851756,-0.0035748310886274657,-0.0019161396597476173,0.0013137534110677666,0.0015565383412433837,0.0005813753620723647,-0.0010439251982335565,0.0018201367394674397,-0.005776522399540101,-0.0016928515555305914,-0.0030634071186477667,-0.14510146158293327,0.0,0.9996505868986
0.9119999999999995,0.0014727791455927167,0.0,-0.0017861954845605167,-0.0005926261707514332,-0.001737524006080673,-0.0011855863368546667,-0.0016301880667515362,-0.00030972110245397987,0.001224929747877583,-0.0006209654396284833,-0.00030853240887488326,0.00013731129493055005,0.0008819625105542663,0.0013709015144217,-0.0012468832432609301,0.0011631830696261062,0.0004998185506789473,0.00023849742819015044,-0.0017861954845605167,0.0005926261707514332,0.08122197850626497,0.0,0.26810963658431686,-0.0057467968232696835,-0.00711398574637812,0.019448733941034104,0.015723741273056167,-0.007005768861154333,-0.0016798665307854134,-0.0014511710153485631,0.007466282913617983,-0.0016506934876267467,0.0049981006625498675,-0.009107299788594002,-0.028908006122293335,-0.010060006565162415,-0.001737524006080673,0.0011855863368546667,0.26810963658431686,0.0057467968232696835,0.3715591407440001,0.0,-0.06504115850222501,0.04202270505330501,0.00025578639665211597,-0.010912051143096683,-0.009004697514885683,-0.007171249623912751,-0.011501023199271333,0.007239203448365017,0.0057205855494062334,-0.007410379179861149,-0.033102651740316666,0.004081788487174667,-0.0016301880667515362,0.00030972110245397987,-0.00711398574637812,-0.019448733941034104,-0.06504115850222501,-0.04202270505330501,0.9750550545646166,0.0,0.1998701235565167,0.01697712663734517,0.01828479339288747,0.0016068862274833554,0.024049603323664445,0.0021807973696442665,0.004033025108057367,0.0029782067560392834,-0.003511957455743367,0.00190900408307375,0.001224929747877583,0.0006209654396284833,0.015723741273056167,0.007005768861154333,0.00025578639665211597,0.010912051143096683,0.1998701235565167,-0.01697712663734517,0.1008161920093683,0.0,0.06355482095325166,0.004402676699023112,0.015542730039303164,-0.009450511197475264,0.09805405443366996,0.013684086479500503,0.0013235097309351835,-0.0016351046870683183,-0.00030853240887488326,-0.00013731129493055005,-0.0016798665307854134,0.0014511710153485631,-0.009004697514885683,0.007171249623912751,0.01828479339288747,-0.0016068862274833554,0.06355482095325166,-0.004402676699023112,-0.19269583591980005,0.0,-0.07809536440379003,-0.0009591103671515999,0.024115769389884998,-0.002770053170157182,0.0006032315914108552,0.0010549647844200598,0.0008819625105542663,-0.0013709015144217,0.007466282913617983,0.0016506934876267467,-0.011501023199271333,-0.007239203448365017,0.024049603323664445,-0.0021807973696442665,0.015542730039303164,0.009450511197475264,-0.07809536440379003,0.0009591103671515999,-0.09069769217804001,0.0,-0.03126233241302166,0.0141607251046726,0.001802502666624833,0.0058144402812773995,-0.0012468832432609301,-0.0011631830696261062,0.0049981006625498675,0.009107299788594002,0.0057205855494062334,0.007410379179861149,0.004033025108057367,-0.0029782067560392834,0.09805405443366996,-0.013684086479500503,0.024115769389884998,0.002770053170157182,-0.03126233241302166,-0.0141607251046726,-0.10181873488505169,0.0,-0.0017099095399954669,0.003018227355306731,0.0004998185506789473,-0.00023849742819015044,-0.028908006122293335,0.010060006565162415,-0.033102651740316666,-0.004081788487174667,-0.003511957455743367,-0.00190900408307375,0.0013235097309351835,0.0016351046870683183,0.0006032315914108552,-0.0010549647844200598,0.001802502666624833,-0.0058144402812773995,-0.0017099095399954669,-0.003018227355306731,-0.14526247858605,0.0,0.9996504034011167
0.9129999999999987,0.00147259564090035,0.0,0.0016620407106562503,-0.0008485803763308163,0.00199755273327445,-0.0004345359935149203,0.00125439428350865,-0.0009813271362401163,-0.0004138219727607169,0.001300841972226817,0.00015404849336713328,-0.0003176391992155334,-0.001551821730624633,-0.0003042698913712501,6.957873486578303e-05,-0.0017087525843217663,-0.0005374621275614002,0.00018474428534073322,0.0016620407106562503,0.0008485803763308163,0.08105479697095999,0.0,0.2679497223649666,-0.00585107230371615,-0.007037752297972716,0.019642661139479815,0.01573371168807583,-0.00693667439537995,-0.001666754889457971,-0.0014414251658134414,0.007515652197958044,-0.0015934796393140018,0.0050190618201249185,-0.009106736089150335,-0.028924661899181674,-0.009952211159646647,0.00199755273327445,0.0004345359935149203,0.2679497223649666,0.00585107230371615,0.3713011312446834,0.0,-0.06500915327944669,0.04207233057315167,0.00018890706942911647,-0.010894877788652115,-0.008931409641581456,-0.007151554037655597,-0.01143333932507945,0.0073440658270244406,0.005610797993144117,-0.00736078196484788,-0.033088819074008326,0.004071277187204349,0.00125439428350865,0.0009813271362401163,-0.007037752297972716,-0.019642661139479815,-0.06500915327944669,-0.04207233057315167,0.9759495573884,0.0,0.19995420775346667,0.016867789863391856,0.01825853193178676,0.001577318350439962,0.024234818772957672,0.00204682328281655,0.0039056852571660327,0.0029568262444496173,-0.0034058577655739714,0.0019198689256857391,-0.0004138219727607169,-0.001300841972226817,0.01573371168807583,0.00693667439537995,0.00018890706942911647,0.010894877788652115,0.19995420775346667,-0.016867789863391856,0.100802736295395,0.0,0.06354930397679333,0.004400066519844728,0.015554897872468828,-0.009364955488312518,0.09803454209522999,0.013639253365412166,0.0013452787743502915,-0.0016969284708592506,0.00015404849336713328,0.0003176391992155334,-0.001666754889457971,0.0014414251658134414,-0.008931409641581456,0.007151554037655597,0.01825853193178676,-0.001577318350439962,0.06354930397679333,-0.004400066519844728,-0.19279025858251664,0.0,-0.07806438504217834,-0.0009287313578779165,0.02405418694214166,-0.0028168705911400323,0.0006490318052416837,0.001059148174725817,-0.001551821730624633,0.0003042698913712501,0.007515652197958044,0.0015934796393140018,-0.01143333932507945,-0.0073440658270244406,0.024234818772957672,-0.00204682328281655,0.015554897872468828,0.009364955488312518,-0.07806438504217834,0.0009287313578779165,-0.09078400233590832,0.0,-0.031201484778398337,0.014148071788791567,0.00178928188577335,0.005864785483116645,6.957873486578303e-05,0.0017087525843217663,0.0050190618201249185,0.009106736089150335,0.005610797993144117,0.00736078196484788,0.0039056852571660327,-0.0029568262444496173,0.09803454209522999,-0.013639253365412166,0.02405418694214166,0.0028168705911400323,-0.031201484778398337,-0.014148071788791567,-0.10193433430960169,0.0,-0.0017337369778462495,0.0029775473954405354,-0.0005374621275614002,-0.00018474428534073322,-0.028924661899181674,0.009952211159646647,-0.033088819074008326,-0.004071277187204349,-0.0034058577655739714,-0.0019198689256857391,0.0013452787743502915,0.0016969284708592506,0.0006490318052416837,-0.001059148174725817,0.00178928188577335,-0.005864785483116645,-0.0017337369778462495,-0.0029775473954405354,-0.14542200242196665,0.0,0.9996502198899833
0.914000000000001,0.0014724121362037332,0.0,-0.0005312915842670999,0.0017687686007755834,-0.0010166265411539002,0.0016844354006119995,-0.00011597442358700522,0.0015459681185729505,-0.0006374285732704051,-0.0011933308918948,0.00010514153353393341,0.00034707190120294984,0.0012513468092708896,-0.0008701095840409469,0.0011554831459070164,0.001285085740011517,0.00023137578325175024,-0.0005286747909840416,-0.0005312915842670999,-0.0017687686007755834,0.08088193801832834,0.0,0.2677441507271,-0.005947839567293167,-0.006922294726309,0.019824098013564304,0.015766481824006504,-0.006875015207058399,-0.0016554442477813465,-0.0014132043058965834,0.007565276060976914,-0.001524228961257809,0.005017255518946843,-0.009141776173324869,-0.028932298996226673,-0.009832152025487567,-0.0010166265411539002,-0.0016844354006119995,0.2677441507271,0.005947839567293167,0.37104589155926665,0.0,-0.06497746502567667,0.04212155098123901,0.00014696707242895,-0.010871631526511431,-0.008847372079414299,-0.007104712760562299,-0.011385272008127332,0.007470937572162717,0.005523294257891134,-0.007308173707617149,-0.03307011816611166,0.0040590623138581005,-0.00011597442358700522,-0.0015459681185729505,-0.006922294726309,-0.019824098013564304,-0.06497746502567667,-0.04212155098123901,0.9768414399794498,0.0,0.20003548582516661,0.016703260471392534,0.018227423473314398,0.0015240828113938921,0.024420817683339095,0.0019143002958774498,0.0038083799668588835,0.002929590656652166,-0.0033404715775015043,0.0019456065566673005,-0.0006374285732704051,0.0011933308918948,0.015766481824006504,0.006875015207058399,0.00014696707242895,0.010871631526511431,0.20003548582516661,-0.016703260471392534,0.10079199240640166,0.0,0.06354780920399,0.0044116047659801694,0.015541963315801833,-0.009287138569099332,0.09799360143866666,0.013614183685765502,0.0013499874563635168,-0.0017306103624315503,0.00010514153353393341,-0.00034707190120294984,-0.0016554442477813465,0.0014132043058965834,-0.008847372079414299,0.007104712760562299,0.018227423473314398,-0.0015240828113938921,0.06354780920399,-0.0044116047659801694,-0.1928858211751,0.0,-0.07804119338373836,-0.0008958619729548738,0.02400530887674667,-0.0028410996322228163,0.0007060476694612166,0.0010530217475877546,0.0012513468092708896,0.0008701095840409469,0.007565276060976914,0.001524228961257809,-0.011385272008127332,-0.007470937572162717,0.024420817683339095,-0.0019143002958774498,0.015541963315801833,0.009287138569099332,-0.07804119338373836,0.0008958619729548738,-0.09086890019099,0.0,-0.03116376682342834,0.014147958676193085,0.0017511734385231336,0.0059057192929359665,0.0011554831459070164,-0.001285085740011517,0.005017255518946843,0.009141776173324869,0.005523294257891134,0.007308173707617149,0.0038083799668588835,-0.002929590656652166,0.09799360143866666,-0.013614183685765502,0.02400530887674667,0.0028410996322228163,-0.03116376682342834,-0.014147958676193085,-0.102049022578065,0.0,-0.0017666636332324998,0.0029412566143735335,0.00023137578325175024,0.0005286747909840416,-0.028932298996226673,0.009832152025487567,-0.03307011816611166,-0.0040590623138581005,-0.0033404715775015043,-0.0019456065566673005,0.0013499874563635168,0.0017306103624315503,0.0007060476694612166,-0.0010530217475877546,0.0017511734385231336,-0.0059057192929359665,-0.0017666636332324998,-0.0029412566143735335,-0.14557989377650005,0.0,0.9996500363789167
0.9149999999999993,0.001472228642672934,0.0,-0.0009100410485486332,-0.0015722255597863835,-0.0005355890408558502,-0.0018253773692909333,-0.0010114900169254668,-0.0011065918409849168,0.0012868358800784665,0.00038615535654216646,-0.00031494961163838325,-0.0001912374409817333,-0.0002604018313847949,0.0014512557000445003,-0.0017548385746128338,-0.00012686537646671656,0.0002371561254633668,0.0005301523969214338,-0.0009100410485486332,0.0015722255597863835,0.08070481886767168,0.0,0.26755098801405003,-0.005984583216774415,-0.006787260394090567,0.019956232503950396,0.015800911223845335,-0.006825280572206499,-0.001657482709521298,-0.0013760631686085335,0.0076056628086574145,-0.0014460575524042167,0.0050190931817616965,-0.009173811198332346,-0.02892687268881166,-0.009728553218656866,-0.0005355890408558502,0.0018253773692909333,0.26755098801405003,0.005984583216774415,0.37079187069318326,0.0,-0.06495357196569168,0.042158823173867994,0.00011570137156188374,-0.01082022318848274,-0.008780336578086016,-0.0070493468239131996,-0.011346808138092196,0.007636246888215328,0.005451225592743938,-0.007274814289524891,-0.03305360482023333,0.004030755640050537,-0.0010114900169254668,0.0011065918409849168,-0.006787260394090567,-0.019956232503950396,-0.06495357196569168,-0.042158823173867994,0.9777300433971667,0.0,0.20019721083525,0.016551806812123995,0.01823232407904535,0.0014766493982038965,0.02459766604291101,0.0018021568909480196,0.003716258982794494,0.0029035855038452665,-0.00335520747624559,0.0019493016638084846,0.0012868358800784665,-0.00038615535654216646,0.015800911223845335,0.006825280572206499,0.00011570137156188374,0.01082022318848274,0.20019721083525,-0.016551806812123995,0.10078548649698833,0.0,0.06355674344354834,0.004431654486067503,0.015529275447775335,-0.00921939183980744,0.09794009956988002,0.013611439240574333,0.0013405671982856663,-0.0017591268278358504,-0.00031494961163838325,0.0001912374409817333,-0.001657482709521298,0.0013760631686085335,-0.008780336578086016,0.0070493468239131996,0.01823232407904535,-0.0014766493982038965,0.06355674344354834,-0.004431654486067503,-0.19298275992390002,0.0,-0.07800550992615334,-0.0008649727935931148,0.023967092639565004,-0.0028488715122762334,0.0007471402750103617,0.0010366963629924164,-0.0002604018313847949,-0.0014512557000445003,0.0076056628086574145,0.0014460575524042167,-0.011346808138092196,-0.007636246888215328,0.02459766604291101,-0.0018021568909480196,0.015529275447775335,0.00921939183980744,-0.07800550992615334,0.0008649727935931148,-0.09095220451064666,0.0,-0.031137161018735,0.014125303352018167,0.0016841181803397835,0.005931376272192135,-0.0017548385746128338,0.00012686537646671656,0.0050190931817616965,0.009173811198332346,0.005451225592743938,0.007274814289524891,0.003716258982794494,-0.0029035855038452665,0.09794009956988002,-0.013611439240574333,0.023967092639565004,0.0028488715122762334,-0.031137161018735,-0.014125303352018167,-0.10216344949940667,0.0,-0.0017904048075165003,0.0029107658864693502,0.0002371561254633668,-0.0005301523969214338,-0.02892687268881166,0.009728553218656866,-0.03305360482023333,-0.004030755640050537,-0.00335520747624559,-0.0019493016638084846,0.0013405671982856663,0.0017591268278358504,0.0007471402750103617,-0.0010366963629924164,0.0016841181803397835,-0.005931376272192135,-0.0017904048075165003,-0.0029107658864693502,-0.1457361812844,0.0,0.9996498528793835
0.9159999999999988,0.0014720451561484505,0.0,0.0017345831327007,0.00042525951777054973,0.001673855174148367,0.0008016370092028251,0.0014098150055241617,-8.334420843008188e-06,-0.0011782134181090996,0.0006233579697121999,0.00038040085897338323,-6.112527586989341e-05,-0.000816463590278217,-0.0011850776484890165,0.0013769027348894166,-0.0011477012390178798,-0.0005468753104044504,-0.00020028257342413836,0.0017345831327007,-0.00042525951777054973,0.08052606175197002,0.0,0.26739443977281663,-0.005985797551805774,-0.006663346807496249,0.020072464244282155,0.015837388610641333,-0.006769390636184437,-0.0016645988070471893,-0.0013337743234959332,0.007630070491174751,-0.0013845543637421671,0.005038202900556177,-0.009165583749209782,-0.028912607087443334,-0.009661655360480921,0.001673855174148367,-0.0008016370092028251,0.26739443977281663,0.005985797551805774,0.3705371836917165,0.0,-0.06492901292125501,0.04215715409682798,8.695083105015129e-05,-0.010756143465000203,-0.008746529414951085,-0.0070038181411542855,-0.011311888528647868,0.00780654428146515,0.005368690078399265,-0.0072191404029247,-0.03302871941677666,0.003998253082054793,0.0014098150055241617,8.334420843008188e-06,-0.006663346807496249,-0.020072464244282155,-0.06492901292125501,-0.04215715409682798,0.978616173590567,0.0,0.2004156914097667,0.016464839160793672,0.018275860123322638,0.0014743345039987935,0.024799598715582502,0.0017324159659241995,0.003621716649368387,0.002866727008816517,-0.0033835351684055885,0.0019325362696381168,-0.0011782134181090996,-0.0006233579697121999,0.015837388610641333,0.006769390636184437,8.695083105015129e-05,0.010756143465000203,0.2004156914097667,-0.016464839160793672,0.10078254580333497,0.0,0.06357916825371833,0.004451381239684929,0.01553041000575833,-0.009144012224784167,0.09789491518022665,0.013603186050059663,0.0013367708208405038,-0.0017983598932604483,0.00038040085897338323,6.112527586989341e-05,-0.0016645988070471893,0.0013337743234959332,-0.008746529414951085,0.0070038181411542855,0.018275860123322638,-0.0014743345039987935,0.06357916825371833,-0.004451381239684929,-0.19308090156401672,0.0,-0.07795023542526006,-0.0008450411924113525,0.023917271925118326,-0.002867262759161121,0.0007718960792022535,0.0010166515483001168,-0.000816463590278217,0.0011850776484890165,0.007630070491174751,0.0013845543637421671,-0.011311888528647868,-0.00780654428146515,0.024799598715582502,-0.0017324159659241995,0.01553041000575833,0.009144012224784167,-0.07795023542526006,0.0008450411924113525,-0.09103378927583834,0.0,-0.031100089688438328,0.014073725437161337,0.001609802231240417,0.005959296835135867,0.0013769027348894166,0.0011477012390178798,0.005038202900556177,0.009165583749209782,0.005368690078399265,0.0072191404029247,0.003621716649368387,-0.002866727008816517,0.09789491518022665,-0.013603186050059663,0.023917271925118326,0.002867262759161121,-0.031100089688438328,-0.014073725437161337,-0.10227829489149834,0.0,-0.0017947143997411165,0.002889607570991334,-0.0005468753104044504,0.00020028257342413836,-0.028912607087443334,0.009661655360480921,-0.03302871941677666,-0.003998253082054793,-0.0033835351684055885,-0.0019325362696381168,0.0013367708208405038,0.0017983598932604483,0.0007718960792022535,-0.0010166515483001168,0.001609802231240417,-0.005959296835135867,-0.0017947143997411165,-0.002889607570991334,-0.1458913548752833,0.0,0.9996496693859499
0.9170000000000011,0.00147186165839005,0.0,-0.0015111434398889221,0.0009265426258832992,-0.0016721595955839668,0.0006809285039134296,-0.000831509151003967,0.0010061893282336768,0.0003982634298761333,-0.001254224161797717,-0.00026065233236023146,0.00032242609041268494,0.001382750389977284,0.0002462004948199884,-0.0001925617470110835,0.0018144226384588648,0.0005334741618569831,-0.00024563674195373346,-0.0015111434398889221,-0.0009265426258832992,0.08034616341319167,0.0,0.26726096974119995,-0.006013356112745976,-0.006525181636244625,0.02022140180535643,0.01589839650933617,-0.0067023787740547675,-0.0016584443348247164,-0.0012739647294128,0.007634357813144901,-0.0013522760750789814,0.005049383929331033,-0.009144839326240757,-0.028904586514669997,-0.009608447885593265,-0.0016721595955839668,-0.0006809285039134296,0.26726096974119995,0.006013356112745976,0.3702821882656334,0.0,-0.06490786927115666,0.04212087533382334,7.030020978986658e-05,-0.010706062811727979,-0.0087324236963936,-0.00695390726488973,-0.011287988048485029,0.007937065692723986,0.005269868924398338,-0.0071161398272349095,-0.03299074611783667,0.003979058718326069,-0.000831509151003967,-0.0010061893282336768,-0.006525181636244625,-0.02022140180535643,-0.06490786927115666,-0.04212087533382334,0.9795007047312497,0.0,0.20063741622385003,0.01639612406329233,0.01831417806938537,0.0015091852068913,0.02502911768701177,0.0016932086926225833,0.003536906559707267,0.002813302126151133,-0.0033698682137115175,0.0019359970725944338,0.0003982634298761333,0.001254224161797717,0.01589839650933617,0.0067023787740547675,7.030020978986658e-05,0.010706062811727979,0.20063741622385003,-0.01639612406329233,0.10078173101362498,0.0,0.06360695976239168,0.004474430768958484,0.015527749832905004,-0.009056853568657104,0.09787368001749168,0.013572692985905004,0.00133364670386615,-0.0018350718427130003,-0.00026065233236023146,-0.00032242609041268494,-0.0016584443348247164,0.0012739647294128,-0.0087324236963936,0.00695390726488973,0.01831417806938537,-0.0015091852068913,0.06360695976239168,-0.004474430768958484,-0.19317993198925007,0.0,-0.07789843878169332,-0.0008342691054506111,0.023853331919603333,-0.0029081823566042817,0.0008031028758878379,0.0010059472149616837,0.001382750389977284,-0.0002462004948199884,0.007634357813144901,0.0013522760750789814,-0.011287988048485029,-0.007937065692723986,0.02502911768701177,-0.0016932086926225833,0.015527749832905004,0.009056853568657104,-0.07789843878169332,0.0008342691054506111,-0.09111402812670666,0.0,-0.031064392266905005,0.014024826380633485,0.0015384218509038202,0.0059981328018976175,-0.0001925617470110835,-0.0018144226384588648,0.005049383929331033,0.009144839326240757,0.005269868924398338,0.0071161398272349095,0.003536906559707267,-0.002813302126151133,0.09787368001749168,-0.013572692985905004,0.023853331919603333,0.0029081823566042817,-0.031064392266905005,-0.014024826380633485,-0.10239332761907333,0.0,-0.0017947581212423669,0.0028755967114571855,0.0005334741618569831,0.00024563674195373346,-0.028904586514669997,0.009608447885593265,-0.03299074611783667,-0.003979058718326069,-0.0033698682137115175,-0.0019359970725944338,0.00133364670386615,0.0018350718427130003,0.0008031028758878379,-0.0010059472149616837,0.0015384218509038202,-0.0059981328018976175,-0.0017947581212423669,-0.0028755967114571855,-0.14604587546419992,0.0,0.9996494858827666
0.9179999999999994,0.0014716781485648999,0.0,0.00039846694226724995,-0.0017312091327036498,0.0006105678727840668,-0.0016299089216733334,-0.0002284236455606503,-0.001213711291278933,0.000587459284536717,0.001162601627591333,-4.120208833312664e-05,-0.0004381618015402183,-0.0011012474585904,0.0007904983949044332,-0.001147847277526103,-0.001472956312944833,-0.00019860284578370122,0.0005623182944916163,0.00039846694226724995,0.0017312091327036498,0.08016347758542001,0.0,0.26708767979048337,-0.00606962115063085,-0.0063271664228413,0.020366727680317998,0.015977531884123496,-0.0066405364950621335,-0.0016410295173177665,-0.00119119018599525,0.007612437650499045,-0.0013249468934633836,0.005030077929710734,-0.009162464574344893,-0.02890911621243334,-0.009530926482789784,0.0006105678727840668,0.0016299089216733334,0.26708767979048337,0.00606962115063085,0.37002853476376657,0.0,-0.06489541275321334,0.04208369086760999,7.313670900258368e-05,-0.010659516752095682,-0.008723971232838102,-0.006881355180915049,-0.01128242813041322,0.008028492360861008,0.005175727691944217,-0.007010277605066466,-0.03294251190841334,0.003966789509182134,-0.0002284236455606503,0.001213711291278933,-0.0063271664228413,-0.020366727680317998,-0.06489541275321334,-0.04208369086760999,0.9803830779552833,0.0,0.2008453380988333,0.016280628771139033,0.018321876943430782,0.0015419622881232002,0.0252415847641281,0.0016462263897833048,0.0034634002302790325,0.0027497762396263836,-0.0033554686353522837,0.0019492279972913287,0.000587459284536717,-0.001162601627591333,0.015977531884123496,0.0066405364950621335,7.313670900258368e-05,0.010659516752095682,0.2008453380988333,-0.016280628771139033,0.10078310559167665,0.0,0.06361224364605167,0.004504559771598115,0.0155026655472774,-0.008980530746743681,0.09784842525592334,0.013526958902212335,0.0013083923094803001,-0.001858862637578483,-4.120208833312664e-05,0.0004381618015402183,-0.0016410295173177665,0.00119119018599525,-0.008723971232838102,0.006881355180915049,0.018321876943430782,-0.0015419622881232002,0.06361224364605167,-0.004504559771598115,-0.19327986546091666,0.0,-0.07785315252178665,-0.0008219985675508198,0.02379220520718333,-0.0029503634878556622,0.0008460541981477897,0.0010110265600698,-0.0011012474585904,-0.0007904983949044332,0.007612437650499045,0.0013249468934633836,-0.01128242813041322,-0.008028492360861008,0.0252415847641281,-0.0016462263897833048,0.0155026655472774,0.008980530746743681,-0.07785315252178665,0.0008219985675508198,-0.09119337156897166,0.0,-0.03105144862836333,0.013995302529154815,0.00145915665673405,0.006025383382352322,-0.001147847277526103,0.001472956312944833,0.005030077929710734,0.009162464574344893,0.005175727691944217,0.007010277605066466,0.0034634002302790325,-0.0027497762396263836,0.09784842525592334,-0.013526958902212335,0.02379220520718333,0.0029503634878556622,-0.03105144862836333,-0.013995302529154815,-0.10250774196688164,0.0,-0.0018062968709744275,0.0028575246395741755,-0.00019860284578370122,-0.0005623182944916163,-0.02890911621243334,0.009530926482789784,-0.03294251190841334,-0.003966789509182134,-0.0033554686353522837,-0.0019492279972913287,0.0013083923094803001,0.001858862637578483,0.0008460541981477897,-0.0010110265600698,0.00145915665673405,-0.006025383382352322,-0.0018062968709744275,-0.0028575246395741755,-0.14619959268171667,0.0,0.9996493023664669
0.9189999999999989,0.001471494640768567,0.0,0.0009802937564774676,0.0014831006159611167,0.0007662219329275667,0.0014956753668877165,0.0010254716454322502,0.0006206398588467834,-0.0012362396010287997,-0.0004319360135199828,0.00034463117112221685,0.00029532472619101663,0.00019950094754538338,-0.001279313192079683,0.0019044528361532671,0.00028072697855939467,-0.0002671729717415666,-0.0005387887731910443,0.0009802937564774676,-0.0014831006159611167,0.07997726469481667,0.0,0.26690543628225,-0.006109917499461102,-0.006092678766577815,0.020440020377522104,0.016044322817200835,-0.006595955795722399,-0.0016298983851967333,-0.001102822055186783,0.007568211463237047,-0.001273943105606717,0.0050018552590056125,-0.00921463836582028,-0.028921545263246664,-0.009430163452711877,0.0007662219329275667,-0.0014956753668877165,0.26690543628225,0.006109917499461102,0.3697763583905834,0.0,-0.06490455923379833,0.04207793446152116,7.992222566113333e-05,-0.010587402980735742,-0.00873260890549595,-0.006809443581632284,-0.011292331399821503,0.008115988137350648,0.005099860350380426,-0.006950992304972518,-0.032897504285721656,0.003945205658141666,0.0010254716454322502,-0.0006206398588467834,-0.006092678766577815,-0.020440020377522104,-0.06490455923379833,-0.04207793446152116,0.9812624775918833,0.0,0.20110947546144994,0.01615099420654017,0.018322153843941525,0.0015643750784080834,0.025413626098936135,0.0015805278079711466,0.0033858358605401008,0.0026791800391329007,-0.0033840359237633667,0.0019042837302235668,-0.0012362396010287997,0.0004319360135199828,0.016044322817200835,0.006595955795722399,7.992222566113333e-05,0.010587402980735742,0.20110947546144994,-0.01615099420654017,0.10078741561240165,0.0,0.06359584857269167,0.004533525020915149,0.015472850563598987,-0.0089296123332164,0.09781479688833336,0.01347977144951417,0.0012691567916713433,-0.0018845947379810986,0.00034463117112221685,-0.00029532472619101663,-0.0016298983851967333,0.001102822055186783,-0.00873260890549595,0.006809443581632284,0.018322153843941525,-0.0015643750784080834,0.06359584857269167,-0.004533525020915149,-0.19338086920958333,0.0,-0.07781134996543,-0.0008067237403261338,0.023747022147484993,-0.002974758557933538,0.00088066587892885,0.001024611143431633,0.00019950094754538338,0.001279313192079683,0.007568211463237047,0.001273943105606717,-0.011292331399821503,-0.008115988137350648,0.025413626098936135,-0.0015805278079711466,0.015472850563598987,0.0089296123332164,-0.07781134996543,0.0008067237403261338,-0.09127188775575333,0.0,-0.031060929863313328,0.013967312050824887,0.0013669877262636146,0.006020585353408204,0.0019044528361532671,-0.00028072697855939467,0.0050018552590056125,0.00921463836582028,0.005099860350380426,0.006950992304972518,0.0033858358605401008,-0.0026791800391329007,0.09781479688833336,-0.01347977144951417,0.023747022147484993,0.002974758557933538,-0.031060929863313328,-0.013967312050824887,-0.10262115818714165,0.0,-0.001819048976080933,0.0028274488940248105,-0.0002671729717415666,0.0005387887731910443,-0.028921545263246664,0.009430163452711877,-0.032897504285721656,-0.003945205658141666,-0.0033840359237633667,-0.0019042837302235668,0.0012691567916713433,0.0018845947379810986,0.00088066587892885,-0.001024611143431633,0.0013669877262636146,-0.006020585353408204,-0.001819048976080933,-0.0028274488940248105,-0.14635197692563334,0.0,0.9996491188522165
0.9200000000000013,0.0014713111368038,0.0,-0.0017378534716909664,-0.0003051442681263832,-0.0015894044055086416,-0.00041217347296631005,-0.0011118216620887166,0.0003204496922472334,0.001214568177212767,-0.0005506724210068054,-0.0004676938115322499,9.186200797378092e-06,0.0007324776566759004,0.0009908210687417185,-0.0016177000145322002,0.00114471857532265,0.0005579420673427438,0.00020753370032498605,-0.0017378534716909664,0.0003051442681263832,0.07978858406220166,0.0,0.26672545134726666,-0.0061262453178448865,-0.005887672333381123,0.020445138548414166,0.01609096013271425,-0.006562135409817353,-0.0016300174235138667,-0.0010268920702078453,0.007515362233370119,-0.0012036452404195499,0.004997748732747016,-0.009246103814368018,-0.028930676587891665,-0.009337247349828954,-0.0015894044055086416,0.00041217347296631005,0.26672545134726666,0.0061262453178448865,0.36952440446525003,0.0,-0.06492041724563834,0.04208697579911373,6.929097839096478e-05,-0.010485255672786619,-0.008769037047141801,-0.006775987090784869,-0.011300705256804433,0.008211541620683712,0.005019193368269438,-0.006914998900721401,-0.032864033225781665,0.0039148761590699025,-0.0011118216620887166,-0.0003204496922472334,-0.005887672333381123,-0.020445138548414166,-0.06492041724563834,-0.04208697579911373,0.9821396314163667,0.0,0.20141356478880004,0.01607685281538069,0.018331307475674147,0.0016011945111334804,0.02557666950210215,0.0015221999598398002,0.003300753083224154,0.002589786400766025,-0.003409638621216416,0.001796801578583884,0.001214568177212767,0.0005506724210068054,0.01609096013271425,0.006562135409817353,6.929097839096478e-05,0.010485255672786619,0.20141356478880004,-0.01607685281538069,0.10079385682522164,0.0,0.06357095701512167,0.004546254653057668,0.015459659923427837,-0.008885205525453832,0.09778529662533668,0.01342703466514,0.0012535612579746983,-0.0019245501930850008,-0.0004676938115322499,-9.186200797378092e-06,-0.0016300174235138667,0.0010268920702078453,-0.008769037047141801,0.006775987090784869,0.018331307475674147,-0.0016011945111334804,0.06357095701512167,-0.004546254653057668,-0.1934826934480499,0.0,-0.07776138115295002,-0.0007966953006077663,0.023702559748045002,-0.0029910908753625004,0.0008968056131236318,0.0010387528399991497,0.0007324776566759004,-0.0009908210687417185,0.007515362233370119,0.0012036452404195499,-0.011300705256804433,-0.008211541620683712,0.02557666950210215,-0.0015221999598398002,0.015459659923427837,0.008885205525453832,-0.07776138115295002,0.0007966953006077663,-0.09134951586680834,0.0,-0.03106258502667667,0.013921294840566083,0.0012772687506070498,0.0059992269996496485,-0.0016177000145322002,-0.00114471857532265,0.004997748732747016,0.009246103814368018,0.005019193368269438,0.006914998900721401,0.003300753083224154,-0.002589786400766025,0.09778529662533668,-0.01342703466514,0.023702559748045002,0.0029910908753625004,-0.03106258502667667,-0.013921294840566083,-0.10273381675883166,0.0,-0.0018171704262826829,0.0027901912333401996,0.0005579420673427438,-0.00020753370032498605,-0.028930676587891665,0.009337247349828954,-0.032864033225781665,-0.0039148761590699025,-0.003409638621216416,-0.001796801578583884,0.0012535612579746983,0.0019245501930850008,0.0008968056131236318,-0.0010387528399991497,0.0012772687506070498,-0.0059992269996496485,-0.0018171704262826829,-0.0027901912333401996,-0.1465028264897833,0.0,0.9996489353422
0.9209999999999995,0.0014711276250032833,0.0,0.001411867247698513,-0.0010235351533347161,0.0013391081754287669,-0.0008938499282125663,0.00047125235422678334,-0.0009937142519063997,-0.0004949077186831169,0.0012575634045310499,0.00036463834816873335,-0.0003286755559103499,-0.0011559991613653837,-0.00014686626652805145,0.0003785631577389339,-0.001985389661074992,-0.0005492183700369119,0.0002037813084619499,0.001411867247698513,0.0010235351533347161,0.07959828720578167,0.0,0.2665484057281334,-0.006150585550063949,-0.005733918992902026,0.020448805386340325,0.016148582965498582,-0.0065337922173092505,-0.0016276550402260055,-0.0009599674056428502,0.007468607929416402,-0.0011389970463790498,0.0050162136807807905,-0.009239898051034227,-0.028942356165374997,-0.009265466685511866,0.0013391081754287669,0.0008938499282125663,0.2665484057281334,0.006150585550063949,0.3692723722213332,0.0,-0.06493087916043999,0.042076328500165565,4.2015567400449545e-05,-0.010382259716135553,-0.008818030783350616,-0.00677816036385825,-0.011300066485306452,0.008293634147940631,0.004909097354317179,-0.006855960005313217,-0.032848730224645004,0.003895035679327849,0.00047125235422678334,0.0009937142519063997,-0.005733918992902026,-0.020448805386340325,-0.06493087916043999,-0.042076328500165565,0.9830158304407668,0.0,0.20170115836341668,0.01604059581161303,0.018338406973004002,0.0016445275497995835,0.02577419392293517,0.0014911279410442667,0.0032354629927669,0.0024787933143691,-0.003368832340839517,0.0017090655739051195,-0.0004949077186831169,-0.0012575634045310499,0.016148582965498582,0.0065337922173092505,4.2015567400449545e-05,0.010382259716135553,0.20170115836341668,-0.01604059581161303,0.10080050594323335,0.0,0.06355092391343667,0.00454050295583705,0.015454635790631995,-0.008829660170311247,0.09778614202684334,0.0133586380271375,0.0012742261722350054,-0.0019648899882605633,0.00036463834816873335,0.0003286755559103499,-0.0016276550402260055,0.0009599674056428502,-0.008818030783350616,0.00677816036385825,0.018338406973004002,-0.0016445275497995835,0.06355092391343667,-0.00454050295583705,-0.19358467348578326,0.0,-0.077720958655575,-0.0007963796303997503,0.023643582532804994,-0.0030182166127540443,0.00091262225629165,0.0010559817381663465,-0.0011559991613653837,0.00014686626652805145,0.007468607929416402,0.0011389970463790498,-0.011300066485306452,-0.008293634147940631,0.02577419392293517,-0.0014911279410442667,0.015454635790631995,0.008829660170311247,-0.077720958655575,0.0007963796303997503,-0.09142654002735331,0.0,-0.031046932177821677,0.013876832540030646,0.0012063215439304831,0.00599064684338035,0.0003785631577389339,0.001985389661074992,0.0050162136807807905,0.009239898051034227,0.004909097354317179,0.006855960005313217,0.0032354629927669,-0.0024787933143691,0.09778614202684334,-0.0133586380271375,0.023643582532804994,0.0030182166127540443,-0.031046932177821677,-0.013876832540030646,-0.10284576946349998,0.0,-0.001807431515973834,0.0027530105929739193,-0.0005492183700369119,-0.0002037813084619499,-0.028942356165374997,0.009265466685511866,-0.032848730224645004,-0.003895035679327849,-0.003368832340839517,-0.0017090655739051195,0.0012742261722350054,0.0019648899882605633,0.00091262225629165,-0.0010559817381663465,0.0012063215439304831,-0.00599064684338035,-0.001807431515973834,-0.0027530105929739193,-0.14665238863523333,0.0,0.9996487518240167
0.9219999999999989,0.0014709440941870994,0.0,-0.00024960347771521736,0.001708094073691683,-0.0002359361662011774,0.0015405197243370283,0.0004290715625288502,0.0009755950282183504,-0.0005371859881538337,-0.0012404117329959466,-5.175609045393002e-05,0.0005072504554345131,0.0008248413413675002,-0.00070221047326925,0.0011242257621260168,0.0017115701523552325,0.00027316817246558826,-0.0005178144937627215,-0.00024960347771521736,-0.001708094073691683,0.07940595742511167,0.0,0.2663443821639667,-0.006186349935622167,-0.005597098447645218,0.020467252019437204,0.016232268985617068,-0.006516746005377003,-0.0016146537614958605,-0.0008909753447461333,0.007429136202147266,-0.0010789962513123716,0.005031735795115549,-0.009242825011699951,-0.02896956939557734,-0.00919201632159735,-0.0002359361662011774,-0.0015405197243370283,0.2663443821639667,0.006186349935622167,0.36902116835908333,0.0,-0.06492837579829999,0.04204035589836978,1.4944017023699619e-05,-0.010286366371839781,-0.00885423545431179,-0.006778011510051548,-0.011301328043792412,0.008349550094253033,0.004784441324158737,-0.006790924735634464,-0.032842791929319666,0.0038946622971509077,0.0004290715625288502,-0.0009755950282183504,-0.005597098447645218,-0.020467252019437204,-0.06492837579829999,-0.04204035589836978,0.9838908175146001,0.0,0.20194755247621662,0.01596403627283483,0.018346015520507,0.0016495281138679328,0.02599968362912617,0.0014689316121046499,0.0032086062963447475,0.002371941645435334,-0.0032783235836872393,0.0016758665595338,-0.0005371859881538337,0.0012404117329959466,0.016232268985617068,0.006516746005377003,1.4944017023699619e-05,0.010286366371839781,0.20194755247621662,-0.01596403627283483,0.10080674241384165,0.0,0.063528086153755,0.004524958077786534,0.015437181378166338,-0.008777494475244434,0.09779881267333167,0.013280190797313497,0.001301391309343183,-0.001987572062505104,-5.175609045393002e-05,-0.0005072504554345131,-0.0016146537614958605,0.0008909753447461333,-0.00885423545431179,0.006778011510051548,0.018346015520507,-0.0016495281138679328,0.063528086153755,-0.004524958077786534,-0.1936862517855499,0.0,-0.07770323605275502,-0.0007994397104484997,0.02357586756722834,-0.0030503833871640034,0.0009460778782843499,0.0010778583966522223,0.0008248413413675002,0.00070221047326925,0.007429136202147266,0.0010789962513123716,-0.011301328043792412,-0.008349550094253033,0.02599968362912617,-0.0014689316121046499,0.015437181378166338,0.008777494475244434,-0.07770323605275502,0.0007994397104484997,-0.09150354111930173,0.0,-0.03102787371101167,0.013863428738502886,0.0011523785636134334,0.005993910850403934,0.0011242257621260168,-0.0017115701523552325,0.005031735795115549,0.009242825011699951,0.004784441324158737,0.006790924735634464,0.0032086062963447475,-0.002371941645435334,0.09779881267333167,-0.013280190797313497,0.02357586756722834,0.0030503833871640034,-0.03102787371101167,-0.013863428738502886,-0.1029564593777983,0.0,-0.0018097761466303085,0.0027120368779896317,0.00027316817246558826,0.0005178144937627215,-0.02896956939557734,0.00919201632159735,-0.032842791929319666,-0.0038946622971509077,-0.0032783235836872393,-0.0016758665595338,0.001301391309343183,0.001987572062505104,0.0009460778782843499,-0.0010778583966522223,0.0011523785636134334,-0.005993910850403934,-0.0018097761466303085,-0.0027120368779896317,-0.14680080923709996,0.0,0.99964856828745
0.9230000000000013,0.0014707605597643503,0.0,-0.0010601574146719666,-0.0013407997431144217,-0.0009366267062038503,-0.00116408173460865,-0.0010137532682688848,-0.0003561044467578837,0.0012534457737422913,0.0004917807779927168,-0.0003052453856370667,-0.000410194049996315,-2.7159441828030622e-05,0.000989639690543475,-0.0020269176284468666,-0.00045532445411403344,0.0001751318220089836,0.0005659492464313033,-0.0010601574146719666,0.0013407997431144217,0.07921164166986334,0.0,0.2661357258935001,-0.006187968961568466,-0.005461176916088767,0.0204600118173962,0.016318371456830502,-0.006510965317800899,-0.0016036336592330487,-0.0008238557798258952,0.007389364170099616,-0.0009992365333255835,0.00504205777913845,-0.009283591478122149,-0.029011163874564986,-0.009099468156400697,-0.0009366267062038503,0.00116408173460865,0.2661357258935001,0.006187968961568466,0.36877068927755,0.0,-0.06491114845121,0.04199994485014181,-5.602252025283825e-06,-0.010178135976212916,-0.008873022903699502,-0.006763582776528693,-0.011317011091288501,0.008400237510039186,0.004685529647519068,-0.006776791122384735,-0.032836072045718666,0.003903077330440772,-0.0010137532682688848,0.0003561044467578837,-0.005461176916088767,-0.0204600118173962,-0.06491114845121,-0.04199994485014181,0.9847632135347333,0.0,0.20219581082229995,0.015852243151526918,0.018384230094138167,0.0016050625735980798,0.026214254260287836,0.001438996822496945,0.003193391145791616,0.002292564204760842,-0.0031864772849048493,0.0016239216367638831,0.0012534457737422913,-0.0004917807779927168,0.016318371456830502,0.006510965317800899,-5.602252025283825e-06,0.010178135976212916,0.20219581082229995,-0.015852243151526918,0.1008135280804133,0.0,0.06350361448198,0.00450977157279614,0.015414366240633337,-0.008748305056881902,0.09778941624319831,0.013214690989102667,0.0013144613162085507,-0.0019941380992087635,-0.0003052453856370667,0.000410194049996315,-0.0016036336592330487,0.0008238557798258952,-0.008873022903699502,0.006763582776528693,0.018384230094138167,-0.0016050625735980798,0.06350361448198,-0.00450977157279614,-0.1937872568537167,0.0,-0.07770021867429501,-0.0008019128214915665,0.023516400078908335,-0.003066688014254261,0.0009856648413335484,0.0010948894196751832,-2.7159441828030622e-05,-0.000989639690543475,0.007389364170099616,0.0009992365333255835,-0.011317011091288501,-0.008400237510039186,0.026214254260287836,-0.001438996822496945,0.015414366240633337,0.008748305056881902,-0.07770021867429501,0.0008019128214915665,-0.09158091384646501,0.0,-0.031015388657454998,0.013874507438702034,0.0011017222158224002,0.005985072909440735,-0.0020269176284468666,0.00045532445411403344,0.00504205777913845,0.009283591478122149,0.004685529647519068,0.006776791122384735,0.003193391145791616,-0.002292564204760842,0.09778941624319831,-0.013214690989102667,0.023516400078908335,0.003066688014254261,-0.031015388657454998,-0.013874507438702034,-0.10306546168365666,0.0,-0.001825857683868833,0.002662513502876791,0.0001751318220089836,-0.0005659492464313033,-0.029011163874564986,0.009099468156400697,-0.032836072045718666,-0.003903077330440772,-0.0031864772849048493,-0.0016239216367638831,0.0013144613162085507,0.0019941380992087635,0.0009856648413335484,-0.0010948894196751832,0.0011017222158224002,-0.005985072909440735,-0.001825857683868833,-0.002662513502876791,-0.14694781599204995,0.0,0.9996483847466
0.9239999999999996,0.001470577034470433,0.0,0.001681611847466459,0.00012818094459043848,0.0014494966478548331,6.741435306326645e-05,0.0009809357761085332,-0.00046297720770611684,-0.0012330687587518835,0.0005333142476619166,0.0004955444399063334,0.00010893688043733334,-0.0006457429929318498,-0.0006319429571487999,0.0018038608700727454,-0.0010965864151634404,-0.0005347801544607017,-0.00026815868411961,0.001681611847466459,-0.00012818094459043848,0.07901712708324334,0.0,0.2659774691922833,-0.006133476068304734,-0.005345736306095666,0.02042568732928148,0.01639587391977717,-0.006506886243933729,-0.0016064714185941497,-0.0007704234701541331,0.007349993035039898,-0.0009001242346266247,0.005070910283645851,-0.009322164207341034,-0.029049258655466665,-0.009006617354564475,0.0014494966478548331,-6.741435306326645e-05,0.2659774691922833,0.006133476068304734,0.36851910616736666,0.0,-0.06487689682107001,0.04194730098760616,-3.111731265785028e-05,-0.010048627523422417,-0.008883630516467334,-0.0067608999934218265,-0.011338635059641671,0.008467450556241134,0.0046195158731753665,-0.006812251195509217,-0.03283161726711483,0.00390748091568335,0.0009809357761085332,0.00046297720770611684,-0.005345736306095666,-0.02042568732928148,-0.06487689682107001,-0.04194730098760616,0.9856330421267333,0.0,0.20246567494868328,0.01579112404440978,0.018456477467892585,0.0015610265982133817,0.026401745714584497,0.0014257457034206331,0.0031582354481923002,0.002229095549826233,-0.0030925660462242663,0.0015065041150999832,-0.0012330687587518835,-0.0005333142476619166,0.01639587391977717,0.006506886243933729,-3.111731265785028e-05,0.010048627523422417,0.20246567494868328,-0.01579112404440978,0.10082124026758336,0.0,0.063491941201455,0.004499036838095406,0.015405057198107168,-0.008729021272003265,0.09775867761778333,0.013172348079541003,0.00132957493870045,-0.0019955951820010264,0.0004955444399063334,-0.00010893688043733334,-0.0016064714185941497,0.0007704234701541331,-0.008883630516467334,0.0067608999934218265,0.018456477467892585,-0.0015610265982133817,0.063491941201455,-0.004499036838095406,-0.19388760623166673,0.0,-0.07769144566149501,-0.0008124038745394211,0.023461600584909998,-0.0030657967012603,0.0010110635237312602,0.0010987240210995832,-0.0006457429929318498,0.0006319429571487999,0.007349993035039898,0.0009001242346266247,-0.011338635059641671,-0.008467450556241134,0.026401745714584497,-0.0014257457034206331,0.015405057198107168,0.008729021272003265,-0.07769144566149501,0.0008124038745394211,-0.09165885674965998,0.0,-0.030998319341146673,0.013875701534038684,0.001048411318068183,0.005958894190957274,0.0018038608700727454,0.0010965864151634404,0.005070910283645851,0.009322164207341034,0.0046195158731753665,0.006812251195509217,0.0031582354481923002,-0.002229095549826233,0.09775867761778333,-0.013172348079541003,0.023461600584909998,0.0030657967012603,-0.030998319341146673,-0.013875701534038684,-0.10317323248551169,0.0,-0.0018387647950988005,0.002614973842739229,-0.0005347801544607017,0.00026815868411961,-0.029049258655466665,0.009006617354564475,-0.03283161726711483,-0.00390748091568335,-0.0030925660462242663,-0.0015065041150999832,0.00132957493870045,0.0019955951820010264,0.0010110635237312602,-0.0010987240210995832,0.001048411318068183,-0.005958894190957274,-0.0018387647950988005,-0.002614973842739229,-0.14709319599781667,0.0,0.99964820121525
0.924999999999999,0.0014703935159549497,0.0,-0.0012300384867840063,0.001116005452654767,-0.0009919909419700168,0.001046879611741683,-0.00035572613175308306,0.0009861052821302503,0.0005019474639334665,-0.0012332957447399669,-0.0004595474241033467,0.00024257010554524163,0.0008353584179629152,-3.347901489987013e-05,-0.0005410315404093169,0.0020664171280777173,0.0005700197359556669,-0.00019072413075274015,-0.0012300384867840063,-0.001116005452654767,0.07882433767204167,0.0,0.2658608292979666,-0.006057887986582571,-0.005234184098718884,0.020417568226691933,0.0164912224421885,-0.006504514024494673,-0.0016137985754479665,-0.0007255938377971799,0.007317245246331015,-0.0008180570771496338,0.005122214945200518,-0.009314160440956506,-0.029077550535290663,-0.008937063926198434,-0.0009919909419700168,-0.001046879611741683,0.2658608292979666,0.006057887986582571,0.36826520629289994,0.0,-0.06483605896528834,0.041843359406179496,-6.611839082046657e-05,-0.009924112775632578,-0.008891317883248451,-0.006778302841678243,-0.011343664015710235,0.008531342921666768,0.004550264639892784,-0.006834752620530318,-0.032836721877447496,0.003911183492325199,-0.00035572613175308306,-0.0009861052821302503,-0.005234184098718884,-0.020417568226691933,-0.06483605896528834,-0.041843359406179496,0.9865016889956496,0.0,0.20270101170006669,0.015801100732225667,0.018523361002821405,0.0015502406235541172,0.026580806445115,0.0014654989880246167,0.003109829219659439,0.0021572279925512463,-0.0029772637999101004,0.0013937382986554832,0.0005019474639334665,0.0012332957447399669,0.0164912224421885,0.006504514024494673,-6.611839082046657e-05,0.009924112775632578,0.20270101170006669,-0.015801100732225667,0.10082884453039168,0.0,0.06349123674223835,0.0044945791985154925,0.015399575733668663,-0.008693021750758602,0.097733237049125,0.013133795206433001,0.0013633413099763832,-0.0019916957887467163,-0.0004595474241033467,-0.00024257010554524163,-0.0016137985754479665,0.0007255938377971799,-0.008891317883248451,0.006778302841678243,0.018523361002821405,-0.0015502406235541172,0.06349123674223835,-0.0044945791985154925,-0.1939870141499667,0.0,-0.07766574422560665,-0.0008395043955158663,0.02338846949586,-0.003067534133556034,0.0010266906812558137,0.0010982069565433946,0.0008353584179629152,3.347901489987013e-05,0.007317245246331015,0.0008180570771496338,-0.011343664015710235,-0.008531342921666768,0.026580806445115,-0.0014654989880246167,0.015399575733668663,0.008693021750758602,-0.07766574422560665,0.0008395043955158663,-0.09173773173777332,0.0,-0.030963082292208337,0.013855562060447071,0.0009981626720780834,0.005936112293525883,-0.0005410315404093169,-0.0020664171280777173,0.005122214945200518,0.009314160440956506,0.004550264639892784,0.006834752620530318,0.003109829219659439,-0.0021572279925512463,0.097733237049125,-0.013133795206433001,0.02338846949586,0.003067534133556034,-0.030963082292208337,-0.013855562060447071,-0.10328050689666998,0.0,-0.0018413866803341848,0.002581149981713109,0.0005700197359556669,0.00019072413075274015,-0.029077550535290663,0.008937063926198434,-0.032836721877447496,-0.003911183492325199,-0.0029772637999101004,-0.0013937382986554832,0.0013633413099763832,0.0019916957887467163,0.0010266906812558137,-0.0010982069565433946,0.0009981626720780834,-0.005936112293525883,-0.0018413866803341848,-0.002581149981713109,-0.14723720053256667,0.0,0.9996480176896835
0.9260000000000004,0.001470209987492133,0.0,7.064108738151659e-05,-0.0016417030175452454,-0.0001336137377918838,-0.0014335439777636498,-0.0004397181164779499,-0.0008736019081731667,0.0004937066146520482,0.001206242337094117,0.00018591617472535026,-0.0005095086079432667,-0.0005040991009102331,0.0005976271758694148,-0.0010604671892389332,-0.0018739473292942344,-0.0002760954051901498,0.0005468704942217501,7.064108738151659e-05,0.0016417030175452454,0.078633376747805,0.0,0.26576705583853333,-0.006004575676820834,-0.005072556083304278,0.020455277159178976,0.016624141539686166,-0.006518032736069584,-0.0016126451802396331,-0.0006729634043175884,0.007288255233725855,-0.0007768744169216795,0.005167651676054568,-0.009287568142172863,-0.029120508149161672,-0.008882162544495285,-0.0001336137377918838,0.0014335439777636498,0.26576705583853333,0.006004575676820834,0.3680098057812,0.0,-0.06482014883263666,0.04169306474053633,-9.658595644423296e-05,-0.009832546865068034,-0.008898553522618303,-0.006786142733280421,-0.011331201210874517,0.008556699202136817,0.004461598762137167,-0.006819248783902352,-0.03284839225110867,0.003923972767417666,-0.0004397181164779499,0.0008736019081731667,-0.005072556083304278,-0.020455277159178976,-0.06482014883263666,-0.04169306474053633,0.9873696701153999,0.0,0.20289577175804993,0.015807595992864302,0.018571401462723177,0.0015419651705843326,0.02676467872165083,0.0015438966954658497,0.003067070326230667,0.002081830392391983,-0.002860237059702666,0.0013555116927348237,0.0004937066146520482,-0.001206242337094117,0.016624141539686166,0.006518032736069584,-9.658595644423296e-05,0.009832546865068034,0.20289577175804993,-0.015807595992864302,0.10083553595505501,0.0,0.06348923331161,0.004494499268673933,0.015372794998700338,-0.008645220122512697,0.09773720000922499,0.013079091716419997,0.0013974905436329454,-0.0019770782246533005,0.00018591617472535026,0.0005095086079432667,-0.0016126451802396331,0.0006729634043175884,-0.008898553522618303,0.006786142733280421,0.018571401462723177,-0.0015419651705843326,0.06348923331161,-0.004494499268673933,-0.19408514919611672,0.0,-0.07763913467337666,-0.0008788316468316702,0.023294051142918333,-0.003081867589734767,0.0010517512203907834,0.0011128194863369101,-0.0005040991009102331,-0.0005976271758694148,0.007288255233725855,0.0007768744169216795,-0.011331201210874517,-0.008556699202136817,0.02676467872165083,-0.0015438966954658497,0.015372794998700338,0.008645220122512697,-0.07763913467337666,0.0008788316468316702,-0.09181816387773001,0.0,-0.03092224151738168,0.013840742384313782,0.0009551916382906083,0.0059275705912626014,-0.0010604671892389332,0.0018739473292942344,0.005167651676054568,0.009287568142172863,0.004461598762137167,0.006819248783902352,0.003067070326230667,-0.002081830392391983,0.09773720000922499,-0.013079091716419997,0.023294051142918333,0.003081867589734767,-0.03092224151738168,-0.013840742384313782,-0.1033872524728517,0.0,-0.0018450289138685326,0.002552605275319786,-0.0002760954051901498,-0.0005468704942217501,-0.029120508149161672,0.008882162544495285,-0.03284839225110867,-0.003923972767417666,-0.002860237059702666,-0.0013555116927348237,0.0013974905436329454,0.0019770782246533005,0.0010517512203907834,-0.0011128194863369101,0.0009551916382906083,-0.0059275705912626014,-0.0018450289138685326,-0.002552605275319786,-0.1473801988848,0.0,0.9996478341547836
0.9269999999999997,0.0014700264490288494,0.0,0.0011114626709080495,0.0012032616859745568,0.0011468172820945832,0.0008460203358366581,0.0008941599677182667,0.00026635514482749984,-0.0011721355783819664,-0.0005081322322347581,0.0002251228618161001,0.0005037084808797998,-0.00010638458211289661,-0.0007224737444995414,0.0020935379742263167,0.0006128644382800163,-0.0002082554194955002,-0.0006063029745499998,0.0011114626709080495,-0.0012032616859745568,0.07844289553247,0.0,0.2656595110949,-0.005976503094048133,-0.004844736440870136,0.020474274997038504,0.016762496328306002,-0.0065495270697929495,-0.0016121720518507598,-0.0006116122295340753,0.007248356339535982,-0.0007541052185312662,0.005185782449955118,-0.009299965393240217,-0.029195452274651663,-0.008811012484107315,0.0011468172820945832,-0.0008460203358366581,0.2656595110949,0.005976503094048133,0.36775441433364997,0.0,-0.06482106477213667,0.04154042644039101,-0.00011368930152148833,-0.009761731374812161,-0.008909395168782731,-0.006766128916237674,-0.011317684486275842,0.008545319435942918,0.00438928914993593,-0.00681020325365944,-0.03284579492149783,0.0039428645374116325,0.0008941599677182667,-0.00026635514482749984,-0.004844736440870136,-0.020474274997038504,-0.06482106477213667,-0.04154042644039101,0.9882359326902499,0.0,0.2030752694324,0.015764296882752236,0.018629400155720746,0.0015075451991303666,0.026934967601376966,0.00161121681009115,0.003016773211627367,0.0020148802810822995,-0.0027648030293389346,0.0013363342312275837,-0.0011721355783819664,0.0005081322322347581,0.016762496328306002,0.0065495270697929495,-0.00011368930152148833,0.009761731374812161,0.2030752694324,-0.015764296882752236,0.100841643411365,0.0,0.06347143038095497,0.0044927703225893815,0.015322847428309833,-0.00861404428041076,0.09774033404543331,0.013008082453265488,0.0014083730933587325,-0.001956524549728923,0.0002251228618161001,-0.0005037084808797998,-0.0016121720518507598,0.0006116122295340753,-0.008909395168782731,0.006766128916237674,0.018629400155720746,-0.0015075451991303666,0.06347143038095497,-0.0044927703225893815,-0.1941818247459333,0.0,-0.07760841657298666,-0.0009189195682629902,0.023200977961126665,-0.003088361197527584,0.0010867466676479328,0.0011474426158919837,-0.00010638458211289661,0.0007224737444995414,0.007248356339535982,0.0007541052185312662,-0.011317684486275842,-0.008545319435942918,0.026934967601376966,-0.00161121681009115,0.015322847428309833,0.00861404428041076,-0.07760841657298666,0.0009189195682629902,-0.09190059908332497,0.0,-0.030892053868429994,0.013846768468264452,0.0009145982389525501,0.005912688767663225,0.0020935379742263167,-0.0006128644382800163,0.005185782449955118,0.009299965393240217,0.00438928914993593,0.00681020325365944,0.003016773211627367,-0.0020148802810822995,0.09774033404543331,-0.013008082453265488,0.023200977961126665,0.003088361197527584,-0.030892053868429994,-0.013846768468264452,-0.10349274696210671,0.0,-0.0018598286406561703,0.0025092040335477103,-0.0002082554194955002,0.0006063029745499998,-0.029195452274651663,0.008811012484107315,-0.03284579492149783,-0.0039428645374116325,-0.0027648030293389346,-0.0013363342312275837,0.0014083730933587325,0.001956524549728923,0.0010867466676479328,-0.0011474426158919837,0.0009145982389525501,-0.005912688767663225,-0.0018598286406561703,-0.0025092040335477103,-0.14752209101495,0.0,0.9996476506108
0.9279999999999992,0.0014698429147690173,0.0,-0.0016332537094967783,-3.566048280360257e-05,-0.0013898027742855667,0.00030081227569513433,-0.0008188174833966498,0.0004359983620173332,0.0011951996439217168,-0.0004499886932689818,-0.0005050077503888835,-0.00020348467754597005,0.0005672083418899167,0.0003773257638343969,-0.0019728931441992,0.0010379086567908664,0.0006094804388704832,0.0002870017358168338,-0.0016332537094967783,3.566048280360257e-05,0.07825182150866167,0.0,0.2655724552356166,-0.005961006693730066,-0.004598146671526316,0.0204239043436475,0.016868000636061663,-0.006587274972629187,-0.001628419518609984,-0.0005580685486447831,0.007196760254409428,-0.0007165986063847148,0.0051910675056463,-0.0093492674909895,-0.02929049792536167,-0.008717513926497623,-0.0013898027742855667,-0.00030081227569513433,0.2655724552356166,0.005961006693730066,0.3674996369377,0.0,-0.06481821452322835,0.041411755194626004,-0.00013633180247083314,-0.009685897885544933,-0.008924004268482865,-0.006746223137897015,-0.011308302402976336,0.008535034822457278,0.004365283539441866,-0.006838424854068796,-0.032825759983670495,0.003956883238716482,-0.0008188174833966498,-0.0004359983620173332,-0.004598146671526316,-0.0204239043436475,-0.06481821452322835,-0.041411755194626004,0.9890998062904501,0.0,0.20328869335316668,0.015725767092982998,0.018711973352386283,0.0014692875793145786,0.02707297042683419,0.0016494441533947833,0.0029399910528510836,0.0019382413630154671,-0.002660785248798733,0.0012516534713358418,0.0011951996439217168,0.0004499886932689818,0.016868000636061663,0.006587274972629187,-0.00013633180247083314,0.009685897885544933,0.20328869335316668,-0.015725767092982998,0.10084737591821001,0.0,0.06345366749531665,0.0044879163523847,0.015275223025652507,-0.00860718346336846,0.09772824612509834,0.012935185401465247,0.0014106735523641656,-0.001937523009384715,-0.0005050077503888835,0.00020348467754597005,-0.001628419518609984,0.0005580685486447831,-0.008924004268482865,0.006746223137897015,0.018711973352386283,-0.0014692875793145786,0.06345366749531665,-0.0044879163523847,-0.19427696826918328,0.0,-0.07756943857463997,-0.0009577124268033134,0.02313182498352167,-0.003067965810844115,0.0011142134070157327,0.0011903897255569782,0.0005672083418899167,-0.0003773257638343969,0.007196760254409428,0.0007165986063847148,-0.011308302402976336,-0.008535034822457278,0.02707297042683419,-0.0016494441533947833,0.015275223025652507,0.00860718346336846,-0.07756943857463997,0.0009577124268033134,-0.09198506697525664,0.0,-0.030875760148981683,0.013856450889956703,0.0008726844856004835,0.005871684684524968,-0.0019728931441992,-0.0010379086567908664,0.0051910675056463,0.0093492674909895,0.004365283539441866,0.006838424854068796,0.0029399910528510836,-0.0019382413630154671,0.09772824612509834,-0.012935185401465247,0.02313182498352167,0.003067965810844115,-0.030875760148981683,-0.013856450889956703,-0.10359658770264499,0.0,-0.0018777067722492338,0.002448848751905083,0.0006094804388704832,-0.0002870017358168338,-0.02929049792536167,0.008717513926497623,-0.032825759983670495,-0.003956883238716482,-0.002660785248798733,-0.0012516534713358418,0.0014106735523641656,0.001937523009384715,0.0011142134070157327,-0.0011903897255569782,0.0008726844856004835,-0.005871684684524968,-0.0018777067722492338,-0.002448848751905083,-0.14766239355241664,0.0,0.9996474670703829
0.9290000000000005,0.0014696593859850826,0.0,0.00114566939680872,-0.0011428623177415999,0.0006957905345742319,-0.0012770018897526995,0.0002965496114107666,-0.0008686276634485885,-0.0005519862379806582,0.001171973890007333,0.0005063806374373518,-0.00019278530871136,-0.000625474957450583,0.0001504445296373167,0.0007119228196561169,-0.002166183296084866,-0.0006553422844237014,0.00021892681059893364,0.00114566939680872,0.0011428623177415999,0.07805956043930501,0.0,0.2654857665477334,-0.005972402527853696,-0.004372698786799833,0.020332859027317254,0.016943426833475172,-0.006631007534697854,-0.0016580545683904829,-0.0005202504145382102,0.00714858787492245,-0.00066732172005245,0.005201320093192584,-0.009377022780294002,-0.02937586207173833,-0.008625220028889649,0.0006957905345742319,0.0012770018897526995,0.2654857665477334,0.005972402527853696,0.36724591223740005,0.0,-0.06481103779437167,0.04128654046223967,-0.00018597126560495329,-0.009601267540831716,-0.00893599086829495,-0.006755700618995103,-0.01128178489957608,0.008541677899986567,0.004355891011084998,-0.006862601893824033,-0.03280207497955033,0.0039595185038753845,0.0002965496114107666,0.0008686276634485885,-0.004372698786799833,-0.020332859027317254,-0.06481103779437167,-0.04128654046223967,0.9899621657946834,0.0,0.20350444845300003,0.015737752321071993,0.018789046312449497,0.0014567370929272731,0.027193966941637518,0.0016935322670904216,0.0028624465078618496,0.0018242954395482835,-0.002519695715792669,0.0011405858123874333,-0.0005519862379806582,-0.001171973890007333,0.016943426833475172,0.006631007534697854,-0.00018597126560495329,0.009601267540831716,0.20350444845300003,-0.015737752321071993,0.10085185504078834,0.0,0.06344534608458499,0.0044814533141535,0.015239426951057837,-0.008602049622671717,0.09770912317894,0.012862692066080487,0.00143518102217297,-0.0019137709736677829,0.0005063806374373518,0.00019278530871136,-0.0016580545683904829,0.0005202504145382102,-0.00893599086829495,0.006755700618995103,0.018789046312449497,-0.0014567370929272731,0.06344534608458499,-0.0044814533141535,-0.19437051678365005,0.0,-0.07751305684879664,-0.0009980966535094835,0.023076212227209996,-0.0030320136313660806,0.0011282191148580772,0.001235733197045316,-0.000625474957450583,-0.0001504445296373167,0.00714858787492245,0.00066732172005245,-0.01128178489957608,-0.008541677899986567,0.027193966941637518,-0.0016935322670904216,0.015239426951057837,0.008602049622671717,-0.07751305684879664,0.0009980966535094835,-0.09207142758176667,0.0,-0.030854305748358332,0.013849430272042855,0.0008352837049010267,0.005818358498823198,0.0007119228196561169,0.002166183296084866,0.005201320093192584,0.009377022780294002,0.004355891011084998,0.006862601893824033,0.0028624465078618496,-0.0018242954395482835,0.09770912317894,-0.012862692066080487,0.023076212227209996,0.0030320136313660806,-0.030854305748358332,-0.013849430272042855,-0.10369905509922832,0.0,-0.0018875332901304733,0.002387589190787965,-0.0006553422844237014,-0.00021892681059893364,-0.02937586207173833,0.008625220028889649,-0.03280207497955033,-0.0039595185038753845,-0.002519695715792669,-0.0011405858123874333,0.00143518102217297,0.0019137709736677829,0.0011282191148580772,-0.001235733197045316,0.0008352837049010267,-0.005818358498823198,-0.0018875332901304733,-0.002387589190787965,-0.14780086989818333,0.0,0.9996472835353499
0.9299999999999998,0.0014694758503465666,0.0,7.124317447566748e-06,0.0015939584716840832,0.000524122971969469,0.0014067385642906834,0.00036985555553465185,0.0007972282171155879,-0.0004352833498456,-0.0012305898225178666,-0.0002438950738476999,0.0004950412205616167,0.000291478998350135,-0.0005471501747997667,0.00101552229762125,0.0020812157042575173,0.0003509113802280336,-0.00060010080941545,7.124317447566748e-06,-0.0015939584716840832,0.07786500465698666,0.0,0.2653813963485,-0.00603237543665915,-0.004160158243704167,0.02025800114395997,0.017015546326065754,-0.006696703790925493,-0.001688042268172187,-0.00048739397777566694,0.007114348735603418,-0.0006341092855508667,0.005206628623436584,-0.009364608766316063,-0.02944858288035333,-0.00855138999431,0.000524122971969469,-0.0014067385642906834,0.2653813963485,0.00603237543665915,0.3669946808036001,0.0,-0.06483678792255836,0.041156814268763095,-0.00025620106382499993,-0.009526846272358721,-0.008944956697354282,-0.006779350082669933,-0.011226884599189893,0.008544936841781568,0.0043092292212762486,-0.006839867210996599,-0.0327902624597785,0.003956218124714473,0.00036985555553465185,-0.0007972282171155879,-0.004160158243704167,-0.02025800114395997,-0.06483678792255836,-0.041156814268763095,0.9908238250325668,0.0,0.20371318876568337,0.015748804792716165,0.01885232537041916,0.0014565266958765526,0.02733466047909693,0.0017748175404927497,0.002832855579933384,0.0016852045745830825,-0.0023778772353253833,0.0011061960270599333,-0.0004352833498456,0.0012305898225178666,0.017015546326065754,0.006696703790925493,-0.00025620106382499993,0.009526846272358721,0.20371318876568337,-0.015748804792716165,0.1008543147668867,0.0,0.06344717327463166,0.00447249573243826,0.015201364069353667,-0.008586441764859998,0.09771862400027333,0.01278217145166,0.0014779809795023515,-0.0018739815674850167,-0.0002438950738476999,-0.0004950412205616167,-0.001688042268172187,0.00048739397777566694,-0.008944956697354282,0.006779350082669933,0.01885232537041916,-0.0014565266958765526,0.06344717327463166,-0.00447249573243826,-0.19446244970896664,0.0,-0.07745629219079833,-0.0010381281286411304,0.023018130977463327,-0.0030036690391549705,0.0011429709399387999,0.0012909205763220366,0.000291478998350135,0.0005471501747997667,0.007114348735603418,0.0006341092855508667,-0.011226884599189893,-0.008544936841781568,0.02733466047909693,-0.0017748175404927497,0.015201364069353667,0.008586441764859998,-0.07745629219079833,0.0010381281286411304,-0.0921596675309433,0.0,-0.030822581648899998,0.013842026784006232,0.0008095134761035668,0.005779145967906851,0.00101552229762125,-0.0020812157042575173,0.005206628623436584,0.009364608766316063,0.0043092292212762486,0.006839867210996599,0.002832855579933384,-0.0016852045745830825,0.09771862400027333,-0.01278217145166,0.023018130977463327,0.0030036690391549705,-0.030822581648899998,-0.013842026784006232,-0.103800352579085,0.0,-0.0018918378623170658,0.0023321435643222908,0.0003509113802280336,0.00060010080941545,-0.02944858288035333,0.00855138999431,-0.0327902624597785,-0.003956218124714473,-0.0023778772353253833,-0.0011061960270599333,0.0014779809795023515,0.0018739815674850167,0.0011429709399387999,-0.0012909205763220366,0.0008095134761035668,-0.005779145967906851,-0.0018918378623170658,-0.0023321435643222908,-0.14793773129796672,0.0,0.9996470999931167
0.9309999999999993,0.001469292296395017,0.0,-0.00111442414267495,-0.0011045466626794166,-0.0014222781753262502,-0.0005477492209645854,-0.000803438525804665,-0.0002874001075376581,0.0011754954988182722,0.0005522306806587755,-0.00016787016732645673,-0.0005276759398869634,0.000236369356591,0.0005561607467412167,-0.002202807594004974,-0.0007863151463040434,0.0001308943033023332,0.0006924401110079833,-0.00111442414267495,0.0011045466626794166,0.07766649666881668,0.0,0.26524282396133336,-0.006130718665423837,-0.003944578642247733,0.020189459207535662,0.017076949351401936,-0.006782478048652832,-0.0017198614400425272,-0.00045176066912972857,0.007085002770352999,-0.0006132382452363998,0.005189028185858652,-0.009363988246121089,-0.02952794353591,-0.008483809287010318,-0.0014222781753262502,0.0005477492209645854,0.26524282396133336,0.006130718665423837,0.3667477148355001,0.0,-0.06489137687431333,0.04102763537111786,-0.0003323587581596662,-0.009457783180957153,-0.008955214879297718,-0.006782511924053771,-0.011161709374445753,0.008535221998225965,0.004235063641486934,-0.00679932002595053,-0.032777858493702496,0.003960247069041518,-0.000803438525804665,0.0002874001075376581,-0.003944578642247733,-0.020189459207535662,-0.06489137687431333,-0.04102763537111786,0.99168403582125,0.0,0.2039378323064,0.015695752934318668,0.018940827721738662,0.0014530318035493282,0.027501406883732996,0.0018729842711927007,0.002853076839797133,0.0015593798478311172,-0.0022730324247299846,0.0011478802733279833,0.0011754954988182722,-0.0005522306806587755,0.017076949351401936,0.006782478048652832,-0.0003323587581596662,0.009457783180957153,0.2039378323064,-0.015695752934318668,0.10085533008451165,0.0,0.06345157626103835,0.004459984400582848,0.015156347831645168,-0.008577131773497669,0.09775124954918667,0.01269299753354497,0.0015088311736242113,-0.0018219946577848662,-0.00016787016732645673,0.0005276759398869634,-0.0017198614400425272,0.00045176066912972857,-0.008955214879297718,0.006782511924053771,0.018940827721738662,-0.0014530318035493282,0.06345157626103835,-0.004459984400582848,-0.19455285447530007,0.0,-0.07740887801363,-0.0010697976170781832,0.022965763431443336,-0.0029831451389500992,0.0011711691598309166,0.0013557763480401333,0.000236369356591,-0.0005561607467412167,0.007085002770352999,0.0006132382452363998,-0.011161709374445753,-0.008535221998225965,0.027501406883732996,-0.0018729842711927007,0.015156347831645168,0.008577131773497669,-0.07740887801363,0.0010697976170781832,-0.09224986630341168,0.0,-0.030789953850595006,0.013860812138811409,0.0007926207953432,0.005752528165812667,-0.002202807594004974,0.0007863151463040434,0.005189028185858652,0.009363988246121089,0.004235063641486934,0.00679932002595053,0.002853076839797133,-0.0015593798478311172,0.09775124954918667,-0.01269299753354497,0.022965763431443336,0.0029831451389500992,-0.030789953850595006,-0.013860812138811409,-0.10390004193438836,0.0,-0.0019043900194202833,0.002270140436247029,0.0001308943033023332,-0.0006924401110079833,-0.02952794353591,0.008483809287010318,-0.032777858493702496,-0.003960247069041518,-0.0022730324247299846,-0.0011478802733279833,0.0015088311736242113,0.0018219946577848662,0.0011711691598309166,-0.0013557763480401333,0.0007926207953432,-0.005752528165812667,-0.0019043900194202833,-0.002270140436247029,-0.14807319055985,0.0,0.9996469164329503
0.9320000000000006,0.001469108739597067,0.0,0.0015431852519469658,-3.5953016115666465e-05,0.0013555999583225833,-0.0007059376755746834,0.0007977403152880164,-0.00039187946534729,-0.0012099541941027,0.0004537956755006135,0.00046569352855184676,0.00025925187121192335,-0.0005704847944325673,-0.0001539140143119151,0.0021465541399664544,-0.0009902278681277,-0.0005792476666130334,-0.00042660731409691657,0.0015431852519469658,3.5953016115666465e-05,0.07746319574565504,0.0,0.26510314440238336,-0.006227593528040447,-0.003741233644557858,0.02008003695367644,0.017096998292209172,-0.006856150019324858,-0.001765494275459398,-0.00042185961339653676,0.007046006032543333,-0.0005674919322572499,0.005156410172902365,-0.009410572080939148,-0.029618732338011662,-0.00840594414457355,0.0013555999583225833,0.0007059376755746834,0.26510314440238336,0.006227593528040447,0.36650572156521677,0.0,-0.064937668810145,0.04088460181749134,-0.0004243582329670334,-0.00936881970375686,-0.0089639244315238,-0.006766140602758472,-0.011110076349763699,0.008543188928223333,0.004188959080205349,-0.006796155669701783,-0.03275193884224734,0.003979827788062996,0.0007977403152880164,0.00039187946534729,-0.003741233644557858,-0.02008003695367644,-0.064937668810145,-0.04088460181749134,0.9925413903796668,0.0,0.20420088225478328,0.015614405755236834,0.019078944740589673,0.0014716624138461831,0.027659968204189166,0.001950757607145617,0.0028804909374859447,0.0014521189400948282,-0.0021589887171285177,0.0011807331228606613,-0.0012099541941027,-0.0004537956755006135,0.017096998292209172,0.006856150019324858,-0.0004243582329670334,0.00936881970375686,0.20420088225478328,-0.015614405755236834,0.10085609390300503,0.0,0.06346337196689666,0.004455731970057155,0.015127533008921333,-0.008589718735420464,0.09777254327206161,0.012614482192388365,0.00152026906977736,-0.001767700551159152,0.00046569352855184676,-0.00025925187121192335,-0.001765494275459398,0.00042185961339653676,-0.0089639244315238,0.006766140602758472,0.019078944740589673,-0.0014716624138461831,0.06346337196689666,-0.004455731970057155,-0.19464210517131664,0.0,-0.07736625553094999,-0.0010910289328961383,0.022941065802224665,-0.0029548114867983823,0.0012052637496749834,0.0014135196618559533,-0.0005704847944325673,0.0001539140143119151,0.007046006032543333,0.0005674919322572499,-0.011110076349763699,-0.008543188928223333,0.027659968204189166,-0.001950757607145617,0.015127533008921333,0.008589718735420464,-0.07736625553094999,0.0010910289328961383,-0.09234189746030164,0.0,-0.030764797193371666,0.01390050498229146,0.0007758552928981502,0.005715579077354077,0.0021465541399664544,0.0009902278681277,0.005156410172902365,0.009410572080939148,0.004188959080205349,0.006796155669701783,0.0028804909374859447,-0.0014521189400948282,0.09777254327206161,-0.012614482192388365,0.022941065802224665,0.0029548114867983823,-0.030764797193371666,-0.01390050498229146,-0.10399767891463503,0.0,-0.001932880560020434,0.0021982326742380014,-0.0005792476666130334,0.00042660731409691657,-0.029618732338011662,0.00840594414457355,-0.03275193884224734,-0.003979827788062996,-0.0021589887171285177,-0.0011807331228606613,0.00152026906977736,0.001767700551159152,0.0012052637496749834,-0.0014135196618559533,0.0007758552928981502,-0.005715579077354077,-0.001932880560020434,-0.0021982326742380014,-0.14820709591728326,0.0,0.9996467328699
0.9329999999999999,0.0014689251933397499,0.0,-0.0010036028816688568,0.0011326858289424336,-0.00036115493017090973,0.0015139574590381502,-0.0003167279358845118,0.0009046932584868166,0.0005197834516416363,-0.00118107086088769,-0.00049705286643607,0.00010439648864259993,0.00047492443116639024,-0.0003333431986188068,-0.0008474250625349992,0.0022353345319414204,0.0007148079380812666,-9.616133217191968e-05,-0.0010036028816688568,-0.0011326858289424336,0.07725573723528999,0.0,0.26500202781334997,-0.0063034954663380716,-0.0035636748537698996,0.019933762285673503,0.017080921526239315,-0.00690076844495938,-0.0018254430032256658,-0.0004069053236613202,0.0069970834559450155,-0.0004890135236966646,0.005130914299770166,-0.009465989790534151,-0.02969720853372167,-0.00832732237530513,-0.00036115493017090973,-0.0015139574590381502,0.26500202781334997,0.0063034954663380716,0.36626825878965,0.0,-0.06497125936616666,0.040703521992556994,-0.000554243804189316,-0.00924923171403808,-0.008960435998992832,-0.006759178777110751,-0.01107275430432022,0.0085941748307884,0.0041779241799645836,-0.006820574629421827,-0.032724532189632165,0.00400705439699695,-0.0003167279358845118,-0.0009046932584868166,-0.0035636748537698996,-0.019933762285673503,-0.06497125936616666,-0.040703521992556994,0.9933957130349168,0.0,0.20447915300338337,0.015577486055659678,0.019220202191571667,0.0015389952333717224,0.027784375758235003,0.0020141217802625766,0.0029047791615936986,0.001333647803383033,-0.001984695000899207,0.0011886140128747771,0.0005197834516416363,0.00118107086088769,0.017080921526239315,0.00690076844495938,-0.000554243804189316,0.00924923171403808,0.20447915300338337,-0.015577486055659678,0.10085711302216663,0.0,0.06348663436746667,0.0044724133330238496,0.015132786669012669,-0.008608708096722668,0.0977711557625583,0.012560561692996032,0.0015297993376888802,-0.0017111295787271498,-0.00049705286643607,-0.00010439648864259993,-0.0018254430032256658,0.0004069053236613202,-0.008960435998992832,0.006759178777110751,0.019220202191571667,-0.0015389952333717224,0.06348663436746667,-0.0044724133330238496,-0.1947307958542,0.0,-0.07732039482521834,-0.0011111894804026834,0.02293598096334467,-0.0029195374627016,0.001231008753328893,0.0014492129906939029,0.00047492443116639024,0.0003333431986188068,0.0069970834559450155,0.0004890135236966646,-0.01107275430432022,-0.0085941748307884,0.027784375758235003,-0.0020141217802625766,0.015132786669012669,0.008608708096722668,-0.07732039482521834,0.0011111894804026834,-0.09243548487002835,0.0,-0.03074033220451167,0.013930063736433998,0.00075503127127479,0.005663820153411149,-0.0008474250625349992,-0.0022353345319414204,0.005130914299770166,0.009465989790534151,0.0041779241799645836,0.006820574629421827,0.0029047791615936986,-0.001333647803383033,0.0977711557625583,-0.012560561692996032,0.02293598096334467,0.0029195374627016,-0.03074033220451167,-0.013930063736433998,-0.1040936375793517,0.0,-0.0019719938363464665,0.002138810929894486,0.0007148079380812666,9.616133217191968e-05,-0.02969720853372167,0.00832732237530513,-0.032724532189632165,-0.00400705439699695,-0.001984695000899207,-0.0011886140128747771,0.0015297993376888802,0.0017111295787271498,0.001231008753328893,-0.0014492129906939029,0.00075503127127479,-0.005663820153411149,-0.0019719938363464665,-0.002138810929894486,-0.14833927965384996,0.0,0.9996465493175
0.9339999999999992,0.0014687416569628333,0.0,-0.00012839692554195026,-0.00147369288522855,-0.0009444789455473668,-0.001317649600395817,-0.0004129217990618167,-0.0009046822455936833,0.00047157178134978305,0.0011822014586789105,0.0003109436626123168,-0.00039410221911681656,-6.486443177291841e-05,0.0005751252177698631,-0.0009726963825218468,-0.0021993026471010886,-0.0004415835852688045,0.0005484694899336334,-0.00012839692554195026,0.00147369288522855,0.07704516434548833,0.0,0.26491332489575004,-0.006367079726808168,-0.0033776581437527167,0.01978745274808932,0.0170687144135696,-0.006945132819017805,-0.0018891650484436503,-0.00039746151310788327,0.006945816701802368,-0.0004227874923635051,0.00511292705919135,-0.0094829174736915,-0.029747690831083327,-0.008269355669784267,-0.0009444789455473668,0.001317649600395817,0.26491332489575004,0.006367079726808168,0.3660349036543833,0.0,-0.06502753822459999,0.040495325288205,-0.0007165700220926295,-0.009120249277880932,-0.008947561140667958,-0.006765097677091402,-0.011030379087536367,0.008659411952345148,0.004143087508515607,-0.006818498657243749,-0.03271449351020616,0.004027747620148385,-0.0004129217990618167,0.0009046822455936833,-0.0033776581437527167,-0.01978745274808932,-0.06502753822459999,-0.040495325288205,0.9942476180147165,0.0,0.20472240087320007,0.015565356959559684,0.019303941791390004,0.0016236625570971491,0.0278886885134935,0.0021084210339416005,0.0029607573273676214,0.001191661973272124,-0.0018009451317874165,0.0012301320553935516,0.00047157178134978305,-0.0011822014586789105,0.0170687144135696,0.006945132819017805,-0.0007165700220926295,0.009120249277880932,0.20472240087320007,-0.015565356959559684,0.10085844947821497,0.0,0.06350357848368667,0.004505609332105001,0.015153524359674169,-0.00860701137314735,0.09777037033325502,0.01251705963138256,0.0015398669809105335,-0.0016511651087963597,0.0003109436626123168,0.00039410221911681656,-0.0018891650484436503,0.00039746151310788327,-0.008947561140667958,0.006765097677091402,0.019303941791390004,-0.0016236625570971491,0.06350357848368667,-0.004505609332105001,-0.1948193235305834,0.0,-0.077268137553735,-0.0011389293194968015,0.022915084626425823,-0.0028946132849741488,0.0012484858540698905,0.0014673597335943666,-6.486443177291841e-05,-0.0005751252177698631,0.006945816701802368,0.0004227874923635051,-0.011030379087536367,-0.008659411952345148,0.0278886885134935,-0.0021084210339416005,0.015153524359674169,0.00860701137314735,-0.077268137553735,0.0011389293194968015,-0.09253055426199165,0.0,-0.030705364173238325,0.01393949348890694,0.0007309862612064101,0.005616327076521884,-0.0009726963825218468,0.0021993026471010886,0.00511292705919135,0.0094829174736915,0.004143087508515607,0.006818498657243749,0.0029607573273676214,-0.001191661973272124,0.09777037033325502,-0.01251705963138256,0.022915084626425823,0.0028946132849741488,-0.030705364173238325,-0.01393949348890694,-0.10418863167411668,0.0,-0.0020134680870990814,0.0021087788000539575,-0.0004415835852688045,-0.0005484694899336334,-0.029747690831083327,0.008269355669784267,-0.03271449351020616,-0.004027747620148385,-0.0018009451317874165,-0.0012301320553935516,0.0015398669809105335,0.0016511651087963597,0.0012484858540698905,-0.0014673597335943666,0.0007309862612064101,-0.005616327076521884,-0.0020134680870990814,-0.0021087788000539575,-0.14847000190850002,0.0,0.9996463657744168
0.9350000000000007,0.0014685581160275663,0.0,0.0011103405767948474,0.0009292009911378916,0.0016765010816368472,0.0001752845833665502,0.0009189827703574786,0.00034684972642136705,-0.0011305503585429825,-0.0004785248748081581,2.450443367856658e-05,0.0005027997153838883,-0.00039622894197373153,-0.0004347026984652333,0.0022398762828434496,0.0008753002777781646,-5.2365685863568146e-05,-0.0006840695902685363,0.0011103405767948474,-0.0009292009911378916,0.07683208220345498,0.0,0.26482593872329996,-0.006422082638620384,-0.0031429416050279837,0.019634004226523484,0.017077420683183832,-0.007018975934438869,-0.0019521530230410162,-0.0003812596004455333,0.0068884353785880655,-0.0004025966908760163,0.005085149789847581,-0.009487411331332319,-0.029795120523141674,-0.008237488178643233,0.0016765010816368472,-0.0001752845833665502,0.26482593872329996,0.006422082638620384,0.3658054176593667,0.0,-0.06513177429571167,0.0403002168110845,-0.0008823406648159496,-0.009008390129632716,-0.008945233028124784,-0.006759488132202775,-0.010979193546750714,0.008695009155735298,0.00405817353585135,-0.006787703559127267,-0.03272301057730584,0.004044818184332547,0.0009189827703574786,-0.00034684972642136705,-0.0031429416050279837,-0.019634004226523484,-0.06513177429571167,-0.0403002168110845,0.9950969344256835,0.0,0.20495842864646666,0.01550880543702987,0.019344535996027836,0.0016779658370768501,0.0280004969571075,0.0022427065525449166,0.003052317961947148,0.0010518117032699001,-0.0016834150314935029,0.0013137629545514503,-0.0011305503585429825,0.0004785248748081581,0.017077420683183832,0.007018975934438869,-0.0008823406648159496,0.009008390129632716,0.20495842864646666,-0.01550880543702987,0.10086073517718003,0.0,0.063503763759865,0.004538928898084586,0.015164915908798336,-0.008587143635146266,0.09780416663235326,0.012464677483679968,0.0015309839657225502,-0.0016010835821971673,2.450443367856658e-05,-0.0005027997153838883,-0.0019521530230410162,0.0003812596004455333,-0.008945233028124784,0.006759488132202775,0.019344535996027836,-0.0016779658370768501,0.063503763759865,-0.004538928898084586,-0.19490765804959997,0.0,-0.07722215963360836,-0.0011714108627335952,0.022868966918612666,-0.002887394537607633,0.0012667977744902333,0.001484206720441133,-0.00039622894197373153,0.0004347026984652333,0.0068884353785880655,0.0004025966908760163,-0.010979193546750714,-0.008695009155735298,0.0280004969571075,-0.0022427065525449166,0.015164915908798336,0.008587143635146266,-0.07722215963360836,0.0011714108627335952,-0.092627392937625,0.0,-0.03066655003327999,0.013953316462141641,0.0007063572687208,0.005582169589797033,0.0022398762828434496,-0.0008753002777781646,0.005085149789847581,0.009487411331332319,0.00405817353585135,0.006787703559127267,0.003052317961947148,-0.0010518117032699001,0.09780416663235326,-0.012464677483679968,0.022868966918612666,0.002887394537607633,-0.03066655003327999,-0.013953316462141641,-0.10428270690318499,0.0,-0.0020542663098354666,0.002093626486526441,-5.2365685863568146e-05,0.0006840695902685363,-0.029795120523141674,0.008237488178643233,-0.03272301057730584,-0.004044818184332547,-0.0016834150314935029,-0.0013137629545514503,0.0015309839657225502,0.0016010835821971673,0.0012667977744902333,-0.001484206720441133,0.0007063572687208,-0.005582169589797033,-0.0020542663098354666,-0.002093626486526441,-0.14859978746335004,0.0,0.9996461822276501
0.936,0.001468374572232683,0.0,-0.001419834744045657,0.00012276202370149167,-0.0012858399022748,0.0011495513778014836,-0.0008794323851596417,0.00042774828279747515,0.0010903585685562542,-0.0004424787478914202,-0.0003390511450566116,-0.0003467583467843834,0.0005986963497762501,-1.9629934451583242e-05,-0.0022099810539656325,0.0009620181241214181,0.0005147610186751667,0.0004491949953165036,-0.001419834744045657,-0.00012276202370149167,0.07661705438211669,0.0,0.26472339050208327,-0.006454686644945999,-0.002877792095404383,0.019413187583538268,0.017075509115524336,-0.007101140545607329,-0.00201842575334263,-0.00036579250939553355,0.006806397653308202,-0.00040323988797742006,0.005046034689470558,-0.009538651059157247,-0.02986442994851001,-0.008214896300860556,-0.0012858399022748,-0.0011495513778014836,0.26472339050208327,0.006454686644945999,0.36557924408053327,0.0,-0.06524533109745165,0.04011701959636084,-0.001039183177950883,-0.008911872164565255,-0.008959911670323279,-0.006740442372269141,-0.010936231439324767,0.00870325122964744,0.003980695122688828,-0.0067839594598399,-0.03272980262630233,0.004072174805156578,-0.0008794323851596417,-0.00042774828279747515,-0.002877792095404383,-0.019413187583538268,-0.06524533109745165,-0.04011701959636084,0.9959426158666832,0.0,0.20520701631185004,0.015408694312946445,0.019386805802591986,0.0017148780044528161,0.02811363986599415,0.002370422958949683,0.0031297414805395835,0.0009257825486711814,-0.0015896177831112668,0.0013817649013040001,0.0010903585685562542,0.0004424787478914202,0.017075509115524336,0.007101140545607329,-0.001039183177950883,0.008911872164565255,0.20520701631185004,-0.015408694312946445,0.10086479195292501,0.0,0.06348720270850165,0.004566545739548867,0.015173847177829833,-0.008573005656080098,0.09784596188444168,0.012401844025882033,0.0014970591863640364,-0.0015735402880557832,-0.0003390511450566116,0.0003467583467843834,-0.00201842575334263,0.00036579250939553355,-0.008959911670323279,0.006740442372269141,0.019386805802591986,-0.0017148780044528161,0.06348720270850165,-0.004566545739548867,-0.19499568018074998,0.0,-0.07717385901238166,-0.0011997070143142843,0.02282177702494583,-0.002879888809067466,0.0012840240151202483,0.0015046318465451666,0.0005986963497762501,1.9629934451583242e-05,0.006806397653308202,0.00040323988797742006,-0.010936231439324767,-0.00870325122964744,0.02811363986599415,-0.002370422958949683,0.015173847177829833,0.008573005656080098,-0.07717385901238166,0.0011997070143142843,-0.09272622019975167,0.0,-0.03063152736873333,0.013983001798439332,0.0006830593779920199,0.005544096393053085,-0.0022099810539656325,-0.0009620181241214181,0.005046034689470558,0.009538651059157247,0.003980695122688828,0.0067839594598399,0.0031297414805395835,-0.0009257825486711814,0.09784596188444168,-0.012401844025882033,0.02282177702494583,0.002879888809067466,-0.03063152736873333,-0.013983001798439332,-0.10437528478286666,0.0,-0.0020947892782934665,0.002069118080414315,0.0005147610186751667,-0.0004491949953165036,-0.02986442994851001,0.008214896300860556,-0.03272980262630233,-0.004072174805156578,-0.0015896177831112668,-0.0013817649013040001,0.0014970591863640364,0.0015735402880557832,0.0012840240151202483,-0.0015046318465451666,0.0006830593779920199,-0.005544096393053085,-0.0020947892782934665,-0.002069118080414315,-0.14872889701331665,0.0,0.9996459986776163
0.9369999999999993,0.0014681910408508498,0.0,0.0008909197869971999,-0.0010886041132075668,2.1570595995000295e-05,-0.0017630252906806999,0.0002968756752724667,-0.00097500800614835,-0.0004519774524828499,0.0010523139833512666,0.00044796140840662864,4.583660844960185e-05,-0.00037970883068230807,0.0004650030117810553,0.0008992292821712153,-0.0022630060016451833,-0.0006839663908707569,5.3553451371994774e-05,0.0008909197869971999,0.0010886041132075668,0.07640110032727336,0.0,0.26464314256843335,-0.006460916731359724,-0.0026358121414496167,0.01910840064398998,0.017043798579363986,-0.007162752614254336,-0.0020857327925620003,-0.0003679235788136501,0.0066971576339439984,-0.00038969498640835013,0.0050186549760147395,-0.009637497674425918,-0.029948010773731663,-0.008190012347254116,2.1570595995000295e-05,0.0017630252906806999,0.26464314256843335,0.006460916731359724,0.3653554987390167,0.0,-0.06534151426032332,0.03992539355847465,-0.0012040340149963831,-0.008821276311038248,-0.008967871799584482,-0.0067385690733945324,-0.01091780008505407,0.0087194967403758,0.003964586951511801,-0.006830280250051917,-0.03273475077866066,0.004110073290636317,0.0002968756752724667,0.00097500800614835,-0.0026358121414496167,-0.01910840064398998,-0.06534151426032332,-0.03992539355847465,0.9967841786079,0.0,0.2054779188115833,0.015335201734500288,0.019426270279502455,0.0017713384658092498,0.02821082223015054,0.0024544198367223015,0.0031702834608021493,0.0007857817247640182,-0.0014191253628175,0.0014248916661682,-0.0004519774524828499,-0.0010523139833512666,0.017043798579363986,0.007162752614254336,-0.0012040340149963831,0.008821276311038248,0.2054779188115833,-0.015335201734500288,0.10087052353187,0.0,0.06347238366420832,0.00459418750216757,0.015204105346932497,-0.00856975195162575,0.09786870597543001,0.012340211518688032,0.001457700265781465,-0.001557872060523249,0.00044796140840662864,-4.583660844960185e-05,-0.0020857327925620003,0.0003679235788136501,-0.008967871799584482,0.0067385690733945324,0.019426270279502455,-0.0017713384658092498,0.06347238366420832,-0.00459418750216757,-0.19508347453833333,0.0,-0.07712044052553998,-0.0012256392877839262,0.02279431699584917,-0.00285530442570506,0.0012873839329239827,0.0015216366169777998,-0.00037970883068230807,-0.0004650030117810553,0.0066971576339439984,0.00038969498640835013,-0.01091780008505407,-0.0087194967403758,0.02821082223015054,-0.0024544198367223015,0.015204105346932497,0.00856975195162575,-0.07712044052553998,0.0012256392877839262,-0.09282687942071004,0.0,-0.030601646080428334,0.014008859175512534,0.0006631309402620777,0.005489864070237633,0.0008992292821712153,0.0022630060016451833,0.0050186549760147395,0.009637497674425918,0.003964586951511801,0.006830280250051917,0.0031702834608021493,-0.0007857817247640182,0.09786870597543001,-0.012340211518688032,0.02279431699584917,0.00285530442570506,-0.030601646080428334,-0.014008859175512534,-0.10446609863359996,0.0,-0.0021306470248185897,0.002036672430151205,-0.0006839663908707569,-5.3553451371994774e-05,-0.029948010773731663,0.008190012347254116,-0.03273475077866066,-0.004110073290636317,-0.0014191253628175,-0.0014248916661682,0.001457700265781465,0.001557872060523249,0.0012873839329239827,-0.0015216366169777998,0.0006631309402620777,-0.005489864070237633,-0.0021306470248185897,-0.002036672430151205,-0.1488572245143,0.0,0.9996458151402003
0.9380000000000007,0.0014680075234805167,0.0,0.0001583437060797669,0.0013753756921060334,0.0013277436140815167,0.0012528764912822152,0.0005204837111186664,0.000932484588131117,-0.0004067059362031201,-0.0010476851996707752,-0.00036053650794161163,0.00023048399836266502,-8.948244206073441e-05,-0.0005877857146873128,0.0009662570381699099,0.002270018371325533,0.00044498620862489305,-0.0005101092589970999,0.0001583437060797669,-0.0013753756921060334,0.07618506213618334,0.0,0.26454966972758326,-0.006459431346037567,-0.002432589955784233,0.018769603399850836,0.017007141580447995,-0.007228263820527551,-0.0021455359616160507,-0.00038644399087006643,0.006583663989476419,-0.0003763563246338665,0.005014561763814323,-0.00972740495279502,-0.030014469103530006,-0.008169582919127432,0.0013277436140815167,-0.0012528764912822152,0.26454966972758326,0.006459431346037567,0.36513360357828345,0.0,-0.065435349079675,0.03974470610778125,-0.0013843782083494168,-0.008742459000905251,-0.008946498268395386,-0.0067646610003183165,-0.010909310030455017,0.00874602930176497,0.003970571800721,-0.006881449130178615,-0.03275261927778717,0.004135981948057765,0.0005204837111186664,-0.000932484588131117,-0.002432589955784233,-0.018769603399850836,-0.065435349079675,-0.03974470610778125,0.9976224060831499,0.0,0.20572890832690008,0.015308149219405898,0.019424566285224824,0.001827541634823467,0.02829419393043151,0.0025356108541891168,0.0032183013638836314,0.0006130200421473833,-0.0011857168471949167,0.001492978455775268,-0.0004067059362031201,0.0010476851996707752,0.017007141580447995,0.007228263820527551,-0.0013843782083494168,0.008742459000905251,0.20572890832690008,-0.015308149219405898,0.10087691507747162,0.0,0.06345842493265001,0.004618539351868283,0.015245009973117748,-0.008554043991429233,0.09786932238572664,0.012279355225872183,0.0014276128399807707,-0.0015349930544374258,-0.00036053650794161163,-0.00023048399836266502,-0.0021455359616160507,0.00038644399087006643,-0.008946498268395386,0.0067646610003183165,0.019424566285224824,-0.001827541634823467,0.06345842493265001,-0.004618539351868283,-0.19517101440928325,0.0,-0.07705659103786999,-0.0012567767140342677,0.022770352019409842,-0.0028205906016513112,0.0012722619943638415,0.001534412029648217,-8.948244206073441e-05,0.0005877857146873128,0.006583663989476419,0.0003763563246338665,-0.010909310030455017,-0.00874602930176497,0.02829419393043151,-0.0025356108541891168,0.015245009973117748,0.008554043991429233,-0.07705659103786999,0.0012567767140342677,-0.09292915626802167,0.0,-0.03056239192756666,0.014013252466047748,0.0006493637465865765,0.005437457460969438,0.0009662570381699099,-0.002270018371325533,0.005014561763814323,0.00972740495279502,0.003970571800721,0.006881449130178615,0.0032183013638836314,-0.0006130200421473833,0.09786932238572664,-0.012279355225872183,0.022770352019409842,0.0028205906016513112,-0.03056239192756666,-0.014013252466047748,-0.10455545777294167,0.0,-0.0021558466566639163,0.002010523605235783,0.00044498620862489305,0.0005101092589970999,-0.030014469103530006,0.008169582919127432,-0.03275261927778717,-0.004135981948057765,-0.0011857168471949167,-0.001492978455775268,0.0014276128399807707,0.0015349930544374258,0.0012722619943638415,-0.001534412029648217,0.0006493637465865765,-0.005437457460969438,-0.0021558466566639163,-0.002010523605235783,-0.14898473433201664,0.0,0.9996456316164334
0.939,0.0014678240069144835,0.0,-0.0010589081982998667,-0.0008488608133244332,-0.0018849361384833516,0.000126344835770633,-0.0010367561655629685,-0.0002783535170212332,0.00098948009443531,0.0004479140710656169,0.00012771427000226668,-0.0004009342694459332,0.0005028025638128331,0.0003213084843334337,-0.0023040339720831493,-0.0009411692763965663,1.1457155808250102e-05,0.0006602035830357567,-0.0010589081982998667,0.0008488608133244332,0.07596910228185003,0.0,0.2644204649233834,-0.00646020135415205,-0.0022420707049152834,0.018444543275272895,0.01699468972044687,-0.0073430567506914705,-0.0021963047452383997,-0.00040505042325486633,0.006485590763609999,-0.0003990462061193514,0.005019343973330217,-0.009786695488143284,-0.030060725084503335,-0.008165351733833847,-0.0018849361384833516,-0.000126344835770633,0.2644204649233834,0.00646020135415205,0.36491319115798326,0.0,-0.06556528664127666,0.03963439747729261,-0.001557387974302588,-0.00869219611435515,-0.008908980044244735,-0.006792970592259334,-0.010889756901916509,0.00875439966331639,0.003933604715462805,-0.0069063215656857534,-0.032797218972668,0.004132284571009835,-0.0010367561655629685,0.0002783535170212332,-0.0022420707049152834,-0.018444543275272895,-0.06556528664127666,-0.03963439747729261,0.9984583568779168,0.0,0.20598295558620003,0.015273102562194024,0.019400017159366175,0.0018396951926139499,0.02837850956096651,0.0026765477544726645,0.003309719005417158,0.00043819305317166626,-0.000992924662941833,0.0016014717081292498,0.00098948009443531,-0.0004479140710656169,0.01699468972044687,0.0073430567506914705,-0.001557387974302588,0.00869219611435515,0.20598295558620003,-0.015273102562194024,0.10088332694090833,0.0,0.063443444552115,0.004627544398603583,0.015264819736915652,-0.00851430328834015,0.09788716309404166,0.012211289436303847,0.0013971684069053003,-0.0015056729915034833,0.00012771427000226668,0.0004009342694459332,-0.0021963047452383997,0.00040505042325486633,-0.008908980044244735,0.006792970592259334,0.019400017159366175,-0.0018396951926139499,0.063443444552115,-0.004627544398603583,-0.19525786686171662,0.0,-0.07699842437765332,-0.0012935927932823802,0.022731381919663337,-0.0027915309008063496,0.0012479017183792004,0.0015539885523179833,0.0005028025638128331,-0.0003213084843334337,0.006485590763609999,0.0003990462061193514,-0.010889756901916509,-0.00875439966331639,0.02837850956096651,-0.0026765477544726645,0.015264819736915652,0.00851430328834015,-0.07699842437765332,0.0012935927932823802,-0.09303322383310668,0.0,-0.03051004315745499,0.014016339523409567,0.0006468808892582667,0.005410675017298167,-0.0023040339720831493,0.0009411692763965663,0.005019343973330217,0.009786695488143284,0.003933604715462805,0.0069063215656857534,0.003309719005417158,-0.00043819305317166626,0.09788716309404166,-0.012211289436303847,0.022731381919663337,0.0027915309008063496,-0.03051004315745499,-0.014016339523409567,-0.1046435423405933,0.0,-0.0021669185093591,0.0019884202153267905,1.1457155808250102e-05,-0.0006602035830357567,-0.030060725084503335,0.008165351733833847,-0.032797218972668,-0.004132284571009835,-0.000992924662941833,-0.0016014717081292498,0.0013971684069053003,0.0015056729915034833,0.0012479017183792004,-0.0015539885523179833,0.0006468808892582667,-0.005410675017298167,-0.0021669185093591,-0.0019884202153267905,-0.1491117201364833,0.0,0.9996454480934998
0.9399999999999993,0.0014676404778242674,0.0,0.0013249983021349496,-0.0001268003072831498,0.0012063983330817649,-0.001485839000611518,0.0008888746877610585,-0.0005639058462241668,-0.0009715388299068994,0.0003569829017667003,0.0001564408800852,0.0003724949252074417,-0.0005833428153071668,0.00019507089211756346,0.0023135081555148,-0.0009585947614786032,-0.0004434609388749501,-0.00048608542934896657,0.0013249983021349496,0.0001268003072831498,0.075753281184875,0.0,0.26425491079493335,-0.006450625047737456,-0.002061312355733283,0.01811721124620467,0.01698764299032903,-0.007492786123522262,-0.0022424481493527495,-0.0004215098452868757,0.006392950757927401,-0.00044725804936420003,0.005022784495845283,-0.009859771936097429,-0.030112033413055,-0.008174263547629249,0.0012063983330817649,0.001485839000611518,0.26425491079493335,0.006450625047737456,0.36469352372443337,0.0,-0.06571712595007168,0.039587955708378336,-0.0017032039387816598,-0.008661908272809049,-0.008876822999985767,-0.006803402946038083,-0.010868030326167037,0.00874109358330847,0.0038749121918287815,-0.0069405371161587685,-0.03285591375874883,0.004113247371804349,0.0008888746877610585,0.0005639058462241668,-0.002061312355733283,-0.01811721124620467,-0.06571712595007168,-0.039587955708378336,0.9992924886786003,0.0,0.20628133230759996,0.015206933875699043,0.019401610732404338,0.0018405644144287837,0.028464026504247668,0.002866690712315966,0.003412097062537968,0.0002945842521503594,-0.0008595372903701669,0.0017236277550963003,-0.0009715388299068994,-0.0003569829017667003,0.01698764299032903,0.007492786123522262,-0.0017032039387816598,0.008661908272809049,0.20628133230759996,-0.015206933875699043,0.10088985602803499,0.0,0.06342835239401996,0.004621638148963301,0.015263187070045146,-0.008466915787402617,0.09792416827874834,0.012133744286393498,0.0013525635278854636,-0.0014842120882819702,0.0001564408800852,-0.0003724949252074417,-0.0022424481493527495,0.0004215098452868757,-0.008876822999985767,0.006803402946038083,0.019401610732404338,-0.0018405644144287837,0.06342835239401996,-0.004621638148963301,-0.1953435689349333,0.0,-0.07695298268767498,-0.0013260843928078637,0.022686931041722997,-0.0027678971808985167,0.0012247651603513132,0.001585245716783233,-0.0005833428153071668,-0.00019507089211756346,0.006392950757927401,0.00044725804936420003,-0.010868030326167037,-0.00874109358330847,0.028464026504247668,-0.002866690712315966,0.015263187070045146,0.008466915787402617,-0.07695298268767498,0.0013260843928078637,-0.09313945895471167,0.0,-0.030449558426800014,0.014040938437875414,0.0006567643573253998,0.005404225629812917,0.0023135081555148,0.0009585947614786032,0.005022784495845283,0.009859771936097429,0.0038749121918287815,0.0069405371161587685,0.003412097062537968,-0.0002945842521503594,0.09792416827874834,-0.012133744286393498,0.022686931041722997,0.0027678971808985167,-0.030449558426800014,-0.014040938437875414,-0.1047299648483467,0.0,-0.002168056702917703,0.0019513966942409668,-0.0004434609388749501,0.00048608542934896657,-0.030112033413055,0.008174263547629249,-0.03285591375874883,-0.004113247371804349,-0.0008595372903701669,-0.0017236277550963003,0.0013525635278854636,0.0014842120882819702,0.0012247651603513132,-0.001585245716783233,0.0006567643573253998,-0.005404225629812917,-0.002168056702917703,-0.0019513966942409668,-0.14923853279781668,0.0,0.9996452645586832
0.9410000000000008,0.0014674569497663003,0.0,-0.0008262702214602635,0.0010164945305391163,0.00027384864913538345,0.0018872658128889336,-0.00015469847412811637,0.0010524160840838666,0.0004236944222063332,-0.0009039037522108333,-0.00032525573501525004,-0.0001841209431338564,0.0002158449999425333,-0.0006027159023321335,-0.0009805087599759163,0.002331341290645162,0.0006687693675357565,5.548473118613663e-05,-0.0008262702214602635,-0.0010164945305391163,0.07553829369433501,0.0,0.2640936046833166,-0.006415740249161781,-0.0019282298918643834,0.017754498253895,0.016956613786886853,-0.007617658097718886,-0.0022851208735206493,-0.0004492219526919833,0.006288350289928417,-0.0004787776406303666,0.005037419661275935,-0.009972999309495134,-0.030182288911681673,-0.008182459540083132,0.00027384864913538345,-0.0018872658128889336,0.2640936046833166,0.006415740249161781,0.3644736686289667,0.0,-0.06585407315615666,0.039533378283195635,-0.0018364066099078834,-0.008627594128932582,-0.0088415782464054,-0.006806082604898167,-0.010875740147746667,0.008742505562831532,0.0038698105638602666,-0.007023201886388349,-0.03291300991456216,0.004103375087941614,-0.00015469847412811637,-0.0010524160840838666,-0.0019282298918643834,-0.017754498253895,-0.06585407315615666,-0.039533378283195635,1.0001248808241499,0.0,0.2066282141219,0.015162650835837316,0.019422067601974503,0.0019104668273585005,0.028539293974687505,0.0030364579921068,0.0034859101198747673,0.00016318230888365005,-0.0007043916711082267,0.0018771286415432834,0.0004236944222063332,0.0009039037522108333,0.016956613786886853,0.007617658097718886,-0.0018364066099078834,0.008627594128932582,0.2066282141219,-0.015162650835837316,0.10089642447453168,0.0,0.06342112334699836,0.004620259984314784,0.015271128742052947,-0.008428750904180727,0.09794265191941334,0.01205854252629888,0.0012950726184942946,-0.0014702639512231897,-0.00032525573501525004,0.0001841209431338564,-0.0022851208735206493,0.0004492219526919833,-0.0088415782464054,0.006806082604898167,0.019422067601974503,-0.0019104668273585005,0.06342112334699836,-0.004620259984314784,-0.19542825655211668,0.0,-0.07691569509203665,-0.001351366622702924,0.022662360745981335,-0.0027394157790153833,0.00120116049349045,0.0016193241083217835,0.0002158449999425333,0.0006027159023321335,0.006288350289928417,0.0004787776406303666,-0.010875740147746667,-0.008742505562831532,0.028539293974687505,-0.0030364579921068,0.015271128742052947,0.008428750904180727,-0.07691569509203665,0.001351366622702924,-0.09324785637553834,0.0,-0.030388836914185,0.014076973329280701,0.0006726540450041934,0.005395889085897481,-0.0009805087599759163,-0.002331341290645162,0.005037419661275935,0.009972999309495134,0.0038698105638602666,0.007023201886388349,0.0034859101198747673,-0.00016318230888365005,0.09794265191941334,-0.01205854252629888,0.022662360745981335,0.0027394157790153833,-0.030388836914185,-0.014076973329280701,-0.10481435314485668,0.0,-0.0021713879175208495,0.0018923438807477964,0.0006687693675357565,-5.548473118613663e-05,-0.030182288911681673,0.008182459540083132,-0.03291300991456216,-0.004103375087941614,-0.0007043916711082267,-0.0018771286415432834,0.0012950726184942946,0.0014702639512231897,0.00120116049349045,-0.0016193241083217835,0.0006726540450041934,-0.005395889085897481,-0.0021713879175208495,-0.0018923438807477964,-0.14936517747549993,0.0,0.9996450810238671
0.9420000000000001,0.0014672734345282498,0.0,-0.00017413139664561647,-0.0012816179334267383,-0.0015858325592873663,-0.0010720667655865666,-0.0007179454052937829,-0.0008521752937089166,0.0003274717573275717,0.0009245841589803262,0.00035702039621936824,-3.4486464517233396e-05,0.0003356399652383618,0.0005651742882522826,-0.0009527594905404834,-0.002379484779767649,-0.0005252094697722166,0.00042831858752701696,-0.00017413139664561647,0.0012816179334267383,0.07532517986645164,0.0,0.2639629164131833,-0.006360766440138916,-0.0018592593777291518,0.0173657162934325,0.01691771136810282,-0.007706192965910948,-0.0023224371617349003,-0.0004903583994862168,0.006179561229935169,-0.0004888638516927502,0.005070631130397155,-0.010082537998111317,-0.030250243126950002,-0.008184870332033517,-0.0015858325592873663,0.0010720667655865666,0.2639629164131833,0.006360766440138916,0.36425295121670004,0.0,-0.06597363572581331,0.039444424627198035,-0.0019820850846906336,-0.008577789646701608,-0.008782661369463403,-0.006810462647709117,-0.010922911538995179,0.008778156064006884,0.0039180440768555695,-0.007123895031966286,-0.03297191928062701,0.004099384919364083,-0.0007179454052937829,0.0008521752937089166,-0.0018592593777291518,-0.0173657162934325,-0.06597363572581331,-0.039444424627198035,1.00095611314905,0.0,0.2069862835167166,0.015182187359481684,0.019403160274515014,0.0020423630160780835,0.028594726255717327,0.0031638711917822675,0.003559608874021132,1.336081365156689e-05,-0.0005054385486551468,0.00211046800611705,0.0003274717573275717,-0.0009245841589803262,0.01691771136810282,0.007706192965910948,-0.0019820850846906336,0.008577789646701608,0.2069862835167166,-0.015182187359481684,0.10090231683605332,0.0,0.06342158550481833,0.004631994465841685,0.015297226818011387,-0.00838998970636633,0.09792670131412165,0.011996255539186018,0.0012332314337796663,-0.0014530297980803989,0.00035702039621936824,3.4486464517233396e-05,-0.0023224371617349003,0.0004903583994862168,-0.008782661369463403,0.006810462647709117,0.019403160274515014,-0.0020423630160780835,0.06342158550481833,-0.004631994465841685,-0.19551233156169998,0.0,-0.07688214157562165,-0.0013815841338916002,0.022655036989335502,-0.002706632450784834,0.0011727297728618272,0.00164435573735535,0.0003356399652383618,-0.0005651742882522826,0.006179561229935169,0.0004888638516927502,-0.010922911538995179,-0.008778156064006884,0.028594726255717327,-0.0031638711917822675,0.015297226818011387,0.00838998970636633,-0.07688214157562165,0.0013815841338916002,-0.09335815437403999,0.0,-0.030329019955206666,0.014100790439607613,0.0006871965585200167,0.005382962126349326,-0.0009527594905404834,0.002379484779767649,0.005070631130397155,0.010082537998111317,0.0039180440768555695,0.007123895031966286,0.003559608874021132,-1.336081365156689e-05,0.09792670131412165,-0.011996255539186018,0.022655036989335502,0.002706632450784834,-0.030329019955206666,-0.014100790439607613,-0.10489700731545,0.0,-0.0021892448057080098,0.0018287817856543697,-0.0005252094697722166,-0.00042831858752701696,-0.030250243126950002,0.008184870332033517,-0.03297191928062701,-0.004099384919364083,-0.0005054385486551468,-0.00211046800611705,0.0012332314337796663,0.0014530297980803989,0.0011727297728618272,-0.00164435573735535,0.0006871965585200167,-0.005382962126349326,-0.0021892448057080098,-0.0018287817856543697,-0.1494914437492833,0.0,0.9996448975022335
0.9429999999999994,0.0014670899296911498,0.0,0.0010390126520976328,0.0007481161011366849,0.0018955299051264694,-0.00046014159155930085,0.0011403236315156477,7.261547133161668e-05,-0.000856331211209937,-0.00042682234847776036,-0.00027059108571985335,0.0002505657367349335,-0.0006599408556624234,-0.00012263591938708343,0.002374335580584783,0.0010348869005740316,8.691272700449512e-05,-0.0006609188542297166,0.0010390126520976328,-0.0007481161011366849,0.07511473739189167,0.0,0.26383461080235004,-0.0062884250036883,-0.0018199463994999,0.016966136225304834,0.01689997282783067,-0.007812513403835798,-0.002355958155191167,-0.0005266471345509233,0.006084811440081801,-0.0005167526056682668,0.005102174023498051,-0.010138124746020903,-0.030293809665971675,-0.008188235993288166,0.0018955299051264694,0.00046014159155930085,0.26383461080235004,0.0062884250036883,0.3640307424352333,0.0,-0.06608965815990502,0.039376264703281344,-0.0021334742089571374,-0.0085204230443528,-0.0087132833273454,-0.006804286480516992,-0.010980806208451065,0.008816232644555664,0.0039379955432153665,-0.007185590354828349,-0.03304015857807333,0.004075415485704214,0.0011403236315156477,-7.261547133161668e-05,-0.0018199463994999,-0.016966136225304834,-0.06608965815990502,-0.039376264703281344,1.0017869553617165,0.0,0.2073247148911833,0.015215667533847637,0.019333728404836503,0.0021346747269346896,0.028620969895024006,0.003299452675809917,0.00368597518041845,-0.00013874835451509911,-0.0003434343092815832,0.002411479049743067,-0.000856331211209937,0.00042682234847776036,0.01689997282783067,0.007812513403835798,-0.0021334742089571374,0.0085204230443528,0.2073247148911833,-0.015215667533847637,0.10090703698686498,0.0,0.06341156272003837,0.004639564710914926,0.015310986272622801,-0.008331609157255901,0.09790665360160503,0.011943113672037002,0.0011681410034892342,-0.0014373428730413674,-0.00027059108571985335,-0.0002505657367349335,-0.002355958155191167,0.0005266471345509233,-0.0087132833273454,0.006804286480516992,0.019333728404836503,-0.0021346747269346896,0.06341156272003837,-0.004639564710914926,-0.1955955845164,0.0,-0.07685261028127002,-0.0014253215979297524,0.02263466681659217,-0.0026762352209371977,0.0011467190725152343,0.0016573681924823473,-0.0006599408556624234,0.00012263591938708343,0.006084811440081801,0.0005167526056682668,-0.010980806208451065,-0.008816232644555664,0.028620969895024006,-0.003299452675809917,0.015310986272622801,0.008331609157255901,-0.07685261028127002,0.0014253215979297524,-0.09347045194256999,0.0,-0.030265032540151667,0.014115287808558674,0.0006975211731581667,0.005377792802507387,0.002374335580584783,-0.0010348869005740316,0.005102174023498051,0.010138124746020903,0.0039379955432153665,0.007185590354828349,0.00368597518041845,0.00013874835451509911,0.09790665360160503,-0.011943113672037002,0.02263466681659217,0.0026762352209371977,-0.030265032540151667,-0.014115287808558674,-0.10497850056613671,0.0,-0.002222572239011233,0.00177770424014732,8.691272700449512e-05,0.0006609188542297166,-0.030293809665971675,0.008188235993288166,-0.03304015857807333,-0.004075415485704214,-0.0003434343092815832,-0.002411479049743067,0.0011681410034892342,0.0014373428730413674,0.0011467190725152343,-0.0016573681924823473,0.0006975211731581667,-0.005377792802507387,-0.002222572239011233,-0.00177770424014732,-0.14961731108899998,0.0,0.9996447139914666
0.9440000000000007,0.001466906419222567,0.0,-0.001254140891749172,0.00020938660292821657,-0.0009591049415438168,0.0017350490081216837,-0.0008312348488870334,0.0007393756625153499,0.0008765462738577006,-0.00026264435072905645,4.802166787023328e-05,-0.00037522702833782997,0.0005529376860820809,-0.0004247216441928868,-0.0024303078308974663,0.0009377652577289296,0.00037550608666158015,0.0005340423382044164,-0.001254140891749172,-0.00020938660292821657,0.0749078596983133,0.0,0.2637225218887334,-0.006187999443361704,-0.0017915110741915665,0.016534290194922998,0.016889794298717266,-0.007963483376265465,-0.002389399911700251,-0.0005508744078760586,0.006001636103703022,-0.0005785883402627318,0.005113621522254715,-0.010160685253191094,-0.03033146396815,-0.00820145360471405,-0.0009591049415438168,-0.0017350490081216837,0.2637225218887334,0.006187999443361704,0.36380573815226674,0.0,-0.06620240643862998,0.03936233904444551,-0.00226023180583405,-0.008468193901157457,-0.00867047214002425,-0.0067787757152843004,-0.011025422880977225,0.008819665955268317,0.003899734769943766,-0.007207488815600309,-0.033113557449408665,0.004031345254289301,-0.0008312348488870334,-0.0007393756625153499,-0.0017915110741915665,-0.016534290194922998,-0.06620240643862998,-0.03936233904444551,1.0026174590370833,0.0,0.20769286243234994,0.01520541495334885,0.019267094879161572,0.002148103308906834,0.02862761613855249,0.003470413768751966,0.003851785134388665,-0.00026068055956106616,-0.0002757041650890669,0.002718638747584251,0.0008765462738577006,0.00026264435072905645,0.016889794298717266,0.007963483376265465,-0.00226023180583405,0.008468193901157457,0.20769286243234994,-0.01520541495334885,0.10091102896841002,0.0,0.06338803546783665,0.004626916868085583,0.015295453225250166,-0.008260171090473816,0.09793078825652672,0.011891855595415087,0.0010977192865157294,-0.0014458423638648498,4.802166787023328e-05,0.00037522702833782997,-0.002389399911700251,0.0005508744078760586,-0.00867047214002425,0.0067787757152843004,0.019267094879161572,-0.002148103308906834,0.06338803546783665,-0.004626916868085583,-0.19567722885616665,0.0,-0.07683837387359833,-0.0014732251441737232,0.02259452691944334,-0.0026482590388213997,0.0011335412521735352,0.001665446959318167,0.0005529376860820809,0.0004247216441928868,0.006001636103703022,0.0005785883402627318,-0.011025422880977225,-0.008819665955268317,0.02862761613855249,-0.003470413768751966,0.015295453225250166,0.008260171090473816,-0.07683837387359833,0.0014732251441737232,-0.09358526809144,0.0,-0.030202191299670004,0.014143051898400549,0.0007059829529210668,0.0053770561333838125,-0.0024303078308974663,-0.0009377652577289296,0.005113621522254715,0.010160685253191094,0.003899734769943766,0.007207488815600309,0.003851785134388665,0.00026068055956106616,0.09793078825652672,-0.011891855595415087,0.02259452691944334,0.0026482590388213997,-0.030202191299670004,-0.014143051898400549,-0.10505895860964999,0.0,-0.002261124295920601,0.0017329593507560922,0.00037550608666158015,-0.0005340423382044164,-0.03033146396815,0.00820145360471405,-0.033113557449408665,-0.004031345254289301,-0.0002757041650890669,-0.002718638747584251,0.0010977192865157294,0.0014458423638648498,0.0011335412521735352,-0.001665446959318167,0.0007059829529210668,-0.0053770561333838125,-0.002261124295920601,-0.0017329593507560922,-0.1497430062434,0.0,0.9996445304748836
0.9450000000000002,0.0014667229041713174,0.0,0.0007349280919513001,-0.0010377414451472832,-0.0006203547528332833,-0.001891260350306017,3.718308989329637e-05,-0.0010665087763179167,-0.0004490056215051005,0.0007596270859259998,0.00019010259086565023,0.000321439916415533,-6.196167588357822e-05,0.0007266522859659812,0.0010780345479576839,-0.0023918373636528,-0.0006390098677214118,-0.00012874485694610503,0.0007349280919513001,0.0010377414451472832,0.07470572210889832,0.0,0.2636272207745333,-0.006062174716002366,-0.0018236837094427903,0.016038583007934818,0.01684710742145033,-0.008109181968460211,-0.0024248289660392295,-0.0005803741385550062,0.005910302949076884,-0.0006417115486825167,0.0051147341734734,-0.010205907786825801,-0.030388526395396666,-0.00822164977932505,-0.0006203547528332833,0.001891260350306017,0.2636272207745333,0.006062174716002366,0.3635766977809167,0.0,-0.06628103152235999,0.039335354495360186,-0.002351562705906233,-0.008421894892435049,-0.0086581055616002,-0.006751174665156647,-0.01106258460114683,0.00879729746687347,0.0038731745646480497,-0.007232476337046618,-0.033171505489273674,0.003996123279591553,3.718308989329637e-05,0.0010665087763179167,-0.0018236837094427903,-0.016038583007934818,-0.06628103152235999,-0.039335354495360186,1.0034469719372665,0.0,0.20809683836826665,0.015179689334770203,0.019211892708975577,0.0021532913803089504,0.0286385225874815,0.003628314441167283,0.004002815655311232,-0.00036561566614832163,-0.00026314555455793826,0.0030241637306283506,-0.0004490056215051005,-0.0007596270859259998,0.01684710742145033,0.008109181968460211,-0.002351562705906233,0.008421894892435049,0.20809683836826665,-0.015179689334770203,0.10091474962499335,0.0,0.06335489031304,0.004604235338697548,0.015274161180541335,-0.008197031551161292,0.09798085842636998,0.011841388945677815,0.0010278952032673268,-0.0014897658818152837,0.00019010259086565023,-0.000321439916415533,-0.0024248289660392295,0.0005803741385550062,-0.0086581055616002,0.006751174665156647,0.019211892708975577,-0.0021532913803089504,0.06335489031304,-0.004604235338697548,-0.19575689776118335,0.0,-0.07682342085683001,-0.0015127251423574797,0.022561876254581337,-0.002612537321985851,0.0011280508071809501,0.0016744508541282116,-6.196167588357822e-05,-0.0007266522859659812,0.005910302949076884,0.0006417115486825167,-0.01106258460114683,-0.00879729746687347,0.0286385225874815,-0.003628314441167283,0.015274161180541335,0.008197031551161292,-0.07682342085683001,0.0015127251423574797,-0.0937028393791417,0.0,-0.030148190506575,0.014184283512495803,0.0007137922029114683,0.005360464460172287,0.0010780345479576839,0.0023918373636528,0.0051147341734734,0.010205907786825801,0.0038731745646480497,0.007232476337046618,0.004002815655311232,0.00036561566614832163,0.09798085842636998,-0.011841388945677815,0.022561876254581337,0.002612537321985851,-0.030148190506575,-0.014184283512495803,-0.10513814482204333,0.0,-0.0022987068803143663,0.0016762214125635097,-0.0006390098677214118,0.00012874485694610503,-0.030388526395396666,0.00822164977932505,-0.033171505489273674,-0.003996123279591553,-0.00026314555455793826,-0.0030241637306283506,0.0010278952032673268,0.0014897658818152837,0.0011280508071809501,-0.0016744508541282116,0.0007137922029114683,-0.005360464460172287,-0.0022987068803143663,-0.0016762214125635097,-0.14986863544061663,0.0,0.9996443469533336
0.9459999999999995,0.0014665393997683165,0.0,0.0002451910787838168,0.0012557437010403333,0.0018153922307422203,0.0008495199693797502,0.0007580427085266502,0.0007460163699621166,-0.00018689229082830008,-0.0008601885912026664,-0.0003394790307492966,-0.0001569106997000836,-0.0004960493153850334,-0.0005565849269106339,0.0009225997843479166,0.0024922011811382497,0.0005455321509053669,-0.0003581151729779437,0.0002451910787838168,-0.0012557437010403333,0.07450901060519668,0.0,0.2635730546694834,-0.00593835671803707,-0.0019685342663734334,0.015500348345680133,0.01676812195840551,-0.008209319357739983,-0.002458594463991234,-0.0006278598368320835,0.0058104704293976996,-0.0006769530148988335,0.0051235435750494026,-0.0102824672021788,-0.030460359662415004,-0.0082394567608438,0.0018153922307422203,-0.0008495199693797502,0.2635730546694834,0.00593835671803707,0.36334374049656665,0.0,-0.06632298747793501,0.03923556760078432,-0.002429848082195153,-0.008378378535682499,-0.008640417544980301,-0.006740617244647382,-0.011110335675701348,0.008781930220120599,0.003909795538922292,-0.007271650258800981,-0.033214385076530004,0.003978418152238042,0.0007580427085266502,-0.0007460163699621166,-0.0019685342663734334,-0.015500348345680133,-0.06632298747793501,-0.03923556760078432,1.0042750823265831,0.0,0.20851360884205,0.015204917906349223,0.019126290430439886,0.002184853699228488,0.028682074697433002,0.003717775981097533,0.004139050078174848,-0.000486365540597083,-0.0002636718699406003,0.003383065001516644,-0.00018689229082830008,0.0008601885912026664,0.01676812195840551,0.008209319357739983,-0.002429848082195153,0.008378378535682499,0.20851360884205,-0.015204917906349223,0.10091761258352835,0.0,0.06332761923798501,0.00458423002028715,0.015275901551691501,-0.00814769992198068,0.0980279352726983,0.011798122286462164,0.0009690576972914256,-0.0015521872548951,-0.0003394790307492966,0.0001569106997000836,-0.002458594463991234,0.0006278598368320835,-0.008640417544980301,0.006740617244647382,0.019126290430439886,-0.002184853699228488,0.06332761923798501,-0.00458423002028715,-0.1958348050898334,0.0,-0.07679891424023833,-0.0015502842957062996,0.02256029171825934,-0.002564433386682666,0.001115203884616767,0.0016836415392086732,-0.0004960493153850334,0.0005565849269106339,0.0058104704293976996,0.0006769530148988335,-0.011110335675701348,-0.008781930220120599,0.028682074697433002,-0.003717775981097533,0.015275901551691501,0.00814769992198068,-0.07679891424023833,0.0015502842957062996,-0.0938229275311033,0.0,-0.03010976065072333,0.014221778592560151,0.0007192898797007874,0.005324407178631298,0.0009225997843479166,-0.0024922011811382497,0.0051235435750494026,0.0102824672021788,0.003909795538922292,0.007271650258800981,0.004139050078174848,0.000486365540597083,0.0980279352726983,-0.011798122286462164,0.02256029171825934,0.002564433386682666,-0.03010976065072333,-0.014221778592560151,-0.10521607674421168,0.0,-0.0023379333584141516,0.0016098539878048215,0.0005455321509053669,0.0003581151729779437,-0.030460359662415004,0.0082394567608438,-0.033214385076530004,-0.003978418152238042,-0.0002636718699406003,-0.003383065001516644,0.0009690576972914256,0.0015521872548951,0.001115203884616767,-0.0016836415392086732,0.0007192898797007874,-0.005324407178631298,-0.0023379333584141516,-0.0016098539878048215,-0.14999401260388326,0.0,0.9996441634427498
0.9470000000000008,0.001466355906967467,0.0,-0.0010849634084693835,-0.0006902736750903501,-0.0019123353665699329,0.0007453242808214996,-0.0010871085383251835,4.1419710344586914e-05,0.0007280638188793665,0.0005076019990663186,0.0003857548375299249,-7.780415591545008e-05,0.0007452026386600498,3.746589902678682e-05,-0.0024384827329533665,-0.0011468800632119167,-0.000141605431507358,0.0006193718300047499,-0.0010849634084693835,0.0006902736750903501,0.07431730787065499,0.0,0.26351009241015005,-0.005836083753098148,-0.0022029248051125164,0.014974818617866615,0.016673873686952015,-0.008300419121369767,-0.0024855337691991664,-0.0006797194893972497,0.0057254660682771515,-0.0006987039270411516,0.005132561633822334,-0.0103478510985384,-0.030512872135536648,-0.008248645329768066,-0.0019123353665699329,-0.0007453242808214996,0.26351009241015005,0.005836083753098148,0.3631080718882835,0.0,-0.06633653726067,0.039102231141318354,-0.0025120504657322002,-0.008335149243660668,-0.008597648471413167,-0.00673875634842265,-0.011153340869611764,0.008770180793270917,0.003954652448003116,-0.0072906546330642665,-0.03325122841261616,0.003943887534236758,-0.0010871085383251835,-4.1419710344586914e-05,-0.0022029248051125164,-0.014974818617866615,-0.06633653726067,-0.039102231141318354,1.0051020568784668,0.0,0.20888478365986668,0.01527149499596133,0.01901432211172958,0.002174890792289784,0.028751095918235495,0.0037734650991473493,0.0043096027304377164,-0.0006136613040502166,-0.00031083688346308377,0.003791577579219183,0.0007280638188793665,-0.0005076019990663186,0.016673873686952015,0.008300419121369767,-0.0025120504657322002,0.008335149243660668,0.20888478365986668,-0.01527149499596133,0.10091841477655171,0.0,0.06330370390101499,0.004554159695859174,0.015285172211520332,-0.0080966273093304,0.0980628459548333,0.011762183679114248,0.0009268594077872154,-0.0016109350891184834,0.0003857548375299249,7.780415591545008e-05,-0.0024855337691991664,0.0006797194893972497,-0.008597648471413167,0.00673875634842265,0.01901432211172958,-0.002174890792289784,0.06330370390101499,-0.004554159695859174,-0.19591079662396665,0.0,-0.07676088005860335,-0.001595917132534556,0.022573475622759166,-0.0025101966011810833,0.001093078199427393,0.001690006962414895,0.0007452026386600498,-3.746589902678682e-05,0.0057254660682771515,0.0006987039270411516,-0.011153340869611764,-0.008770180793270917,0.028751095918235495,-0.0037734650991473493,0.015285172211520332,0.0080966273093304,-0.07676088005860335,0.001595917132534556,-0.09394540966025003,0.0,-0.03007565208165166,0.014251433297369897,0.0007205508643082417,0.0052902655484495,-0.0024384827329533665,0.0011468800632119167,0.005132561633822334,0.0103478510985384,0.003954652448003116,0.0072906546330642665,0.0043096027304377164,0.0006136613040502166,0.0980628459548333,-0.011762183679114248,0.022573475622759166,0.0025101966011810833,-0.03007565208165166,-0.014251433297369897,-0.10529305778053001,0.0,-0.0023783773999460985,0.0015515500528840455,-0.000141605431507358,-0.0006193718300047499,-0.030512872135536648,0.008248645329768066,-0.03325122841261616,-0.003943887534236758,-0.00031083688346308377,-0.003791577579219183,0.0009268594077872154,0.0016109350891184834,0.001093078199427393,-0.001690006962414895,0.0007205508643082417,-0.0052902655484495,-0.0023783773999460985,-0.0015515500528840455,-0.15011896331278332,0.0,0.9996439799440666
0.9480000000000003,0.0014661724115855002,0.0,0.0012511218975847836,-0.00027955856892130694,0.000813398364125067,-0.0019515659289262499,0.0007240233279877003,-0.0008049347520349184,-0.0008657688821409481,0.00011477047822733818,-0.0002613495833745533,0.0003226844902427667,-0.0005607524493097025,0.0005081209863493101,0.0025644779549934623,-0.0008956197246593999,-0.0002887920701881666,-0.0005315667382495,0.0012511218975847836,0.00027955856892130694,0.07412975000672667,0.0,0.26342417165006676,-0.00574852880059644,-0.0024676312662833674,0.014495330008984461,0.016569753631947202,-0.008430625891558284,-0.0025092152065438003,-0.0007181638092833567,0.005669403584195766,-0.0007323823833792016,0.005125839275814403,-0.010385050121056887,-0.030536751735603333,-0.008252562286524457,0.000813398364125067,0.0019515659289262499,0.26342417165006676,0.00574852880059644,0.3628704014634833,0.0,-0.06633238154904166,0.03901365065118633,-0.002584882798408539,-0.008296829952548318,-0.008552576380566168,-0.006728748127866135,-0.011160737532679339,0.008734232687002519,0.003938866621736015,-0.0072771723213876545,-0.03328483013726833,0.0038631619147539167,0.0007240233279877003,0.0008049347520349184,-0.0024676312662833674,-0.014495330008984461,-0.06633238154904166,-0.03901365065118633,1.0059282569952002,0.0,0.2092357554812501,0.015320469933801215,0.018944731602560667,0.002085801134740383,0.02881806064121334,0.0038730897405538584,0.004520145626739451,-0.0007110455145363165,-0.0004511998797547998,0.004156485999897599,-0.0008657688821409481,-0.00011477047822733818,0.016569753631947202,0.008430625891558284,-0.002584882798408539,0.008296829952548318,0.2092357554812501,-0.015320469933801215,0.10091667729417668,0.0,0.06328459635339502,0.004498403747071728,0.015269855836111668,-0.008037517272588664,0.09812383525190832,0.011729795449944005,0.000899409903997592,-0.001664225930797817,-0.0002613495833745533,-0.0003226844902427667,-0.0025092152065438003,0.0007181638092833567,-0.008552576380566168,0.006728748127866135,0.018944731602560667,-0.002085801134740383,0.06328459635339502,-0.004498403747071728,-0.19598410487798335,0.0,-0.076726598674145,-0.0016431028539386674,0.022581959916001832,-0.002457249438142416,0.0010702781909789347,0.0016975414285607998,-0.0005607524493097025,-0.0005081209863493101,0.005669403584195766,0.0007323823833792016,-0.011160737532679339,-0.008734232687002519,0.02881806064121334,-0.0038730897405538584,0.015269855836111668,0.008037517272588664,-0.076726598674145,0.0016431028539386674,-0.09407059542089165,0.0,-0.030039643165913326,0.01429500004614507,0.0007228584293137967,0.005275729132715901,0.0025644779549934623,0.0008956197246593999,0.005125839275814403,0.010385050121056887,0.003938866621736015,0.0072771723213876545,0.004520145626739451,0.0007110455145363165,0.09812383525190832,-0.011729795449944005,0.022581959916001832,0.002457249438142416,-0.030039643165913326,-0.01429500004614507,-0.10536917654787166,0.0,-0.002407212980537417,0.0015059664009375662,-0.0002887920701881666,0.0005315667382495,-0.030536751735603333,0.008252562286524457,-0.03328483013726833,-0.0038631619147539167,-0.0004511998797547998,-0.004156485999897599,0.000899409903997592,0.001664225930797817,0.0010702781909789347,-0.0016975414285607998,0.0007228584293137967,-0.005275729132715901,-0.002407212980537417,-0.0015059664009375662,-0.15024358488191664,0.0,0.9996437964418999
0.9489999999999996,0.0014659888995771499,0.0,-0.0006965144041619133,0.0010609304361148034,0.0008521881474665503,0.001971673791017817,9.673474909273326e-05,0.0010370148403676003,0.0005409671999331167,-0.0006465675599915643,2.54170100166745e-07,-0.0004311345632865784,3.0088129532085034e-05,-0.0007894747638485846,-0.00120747014553923,0.002438654781047667,0.0005462733045245534,0.0002140798241016301,-0.0006965144041619133,-0.0010609304361148034,0.07394569930937664,0.0,0.26332445116166675,-0.005671978037785367,-0.002758590453368381,0.014061203037739367,0.016439353435977286,-0.008568130841529435,-0.0025379910717360835,-0.0007482438611197667,0.0056272367240508,-0.0007642441318527502,0.005113724688257683,-0.01043641434569848,-0.030554539533200014,-0.008257011023522583,0.0008521881474665503,-0.001971673791017817,0.26332445116166675,0.005671978037785367,0.3626308482285834,0.0,-0.06630830829209833,0.03894462534959199,-0.0026302420012637084,-0.008259854620155284,-0.008519463724349797,-0.006711064905464554,-0.01113588764707747,0.008675750474285631,0.003895906897523696,-0.007269388561146109,-0.03330113263871332,0.0037571977985527923,9.673474909273326e-05,-0.0010370148403676003,-0.002758590453368381,-0.014061203037739367,-0.06630830829209833,-0.03894462534959199,1.0067539567527504,0.0,0.20959915554111663,0.015359337171289962,0.018921477646638665,0.001993158866748401,0.028875864067900155,0.004027779962706367,0.004716565852869953,-0.0007769748605060664,-0.0006688049779286533,0.0044211423251944,0.0005409671999331167,0.0006465675599915643,0.016439353435977286,0.008568130841529435,-0.0026302420012637084,0.008259854620155284,0.20959915554111663,-0.015359337171289962,0.10091245238583334,0.0,0.06326759056647169,0.0044286676814738165,0.015236163782475836,-0.007979328611278699,0.09821688984609168,0.011695960648576219,0.0008815641236166836,-0.0017222196322523003,2.54170100166745e-07,0.0004311345632865784,-0.0025379910717360835,0.0007482438611197667,-0.008519463724349797,0.006711064905464554,0.018921477646638665,-0.001993158866748401,0.06326759056647169,-0.0044286676814738165,-0.19605437167618334,0.0,-0.076698119267935,-0.00167445821303113,0.022592658095678668,-0.002407937645940467,0.0010491381686478067,0.0017135539879547497,3.0088129532085034e-05,0.0007894747638485846,0.0056272367240508,0.0007642441318527502,-0.01113588764707747,-0.008675750474285631,0.028875864067900155,-0.004027779962706367,0.015236163782475836,0.007979328611278699,-0.076698119267935,0.00167445821303113,-0.09419875886306,0.0,-0.030003188650939996,0.014364240431724655,0.0007308347867416967,0.0052741140611335495,-0.00120747014553923,-0.002438654781047667,0.005113724688257683,0.01043641434569848,0.003895906897523696,0.007269388561146109,0.004716565852869953,0.0007769748605060664,0.09821688984609168,-0.011695960648576219,0.022592658095678668,0.002407937645940467,-0.030003188650939996,-0.014364240431724655,-0.10544410112890172,0.0,-0.00241558873859205,0.0014566038826796103,0.0005462733045245534,-0.0002140798241016301,-0.030554539533200014,0.008257011023522583,-0.03330113263871332,-0.0037571977985527923,-0.0006688049779286533,-0.0044211423251944,0.0008815641236166836,0.0017222196322523003,0.0010491381686478067,-0.0017135539879547497,0.0007308347867416967,-0.0052741140611335495,-0.00241558873859205,-0.0014566038826796103,-0.1503681009838833,0.0,0.9996436129241834
0.950000000000001,0.0014658053839143163,0.0,-0.00025518703800695027,-0.001226652816382833,-0.0020145010655708002,-0.0007550290356321832,-0.0008455390910724004,-0.0005728754361799336,5.543065598009992e-05,0.0008185675824859664,0.00027342598278768337,0.00036809431524631,0.0005734107313809163,0.0005986903245136251,-0.0008435475326456152,-0.0025870153588824834,-0.0005501940397839047,0.00019774488902313313,-0.00025518703800695027,0.001226652816382833,0.07376446885863833,0.0,0.2632376910729499,-0.005619525312537117,-0.0031128672984818318,0.013678708460387398,0.016283383138621228,-0.008644062233797533,-0.002572781274732855,-0.0007828494450232336,0.005578571424318306,-0.0007626393988346666,0.005120224718858134,-0.010533380845682123,-0.030585554904246668,-0.008259371230419867,-0.0020145010655708002,0.0007550290356321832,0.2632376910729499,0.005619525312537117,0.36239037510805,0.0,-0.06627435017307498,0.038810683547682835,-0.0026611922019991836,-0.0082106056166502,-0.008474884534061419,-0.006693510493989048,-0.01112502689976685,0.008634269535008697,0.003907600958528251,-0.00730415524085212,-0.03329468616624999,0.003659050963659816,-0.0008455390910724004,0.0005728754361799336,-0.0031128672984818318,-0.013678708460387398,-0.06627435017307498,-0.038810683547682835,1.00757955794015,0.0,0.20995950707008337,0.015450538278456634,0.018859565012654168,0.0019685834889135666,0.028948883828410155,0.004173499690354033,0.004873005934750067,-0.000844901061371167,-0.0009272244003138833,0.004639861971136149,5.543065598009992e-05,-0.0008185675824859664,0.016283383138621228,0.008644062233797533,-0.0026611922019991836,0.0082106056166502,0.20995950707008337,-0.015450538278456634,0.10090513961401668,0.0,0.06325144277123167,0.004369341667510783,0.015220808020614662,-0.007930837267072218,0.098300239580205,0.011663853928095665,0.0008641038050381594,-0.001782726992545145,0.00027342598278768337,-0.00036809431524631,-0.002572781274732855,0.0007828494450232336,-0.008474884534061419,0.006693510493989048,0.018859565012654168,-0.0019685834889135666,0.06325144277123167,-0.004369341667510783,-0.19612222926625003,0.0,-0.07666713994379835,-0.0016903342675737337,0.022624685625074158,-0.002365334839526902,0.0010230828852778983,0.001738790543001742,0.0005734107313809163,-0.0005986903245136251,0.005578571424318306,0.0007626393988346666,-0.01112502689976685,-0.008634269535008697,0.028948883828410155,-0.004173499690354033,0.015220808020614662,0.007930837267072218,-0.07666713994379835,0.0016903342675737337,-0.09432967213287496,0.0,-0.02997059281034999,0.014445572578425424,0.0007383660865724667,0.00527166150688971,-0.0008435475326456152,0.0025870153588824834,0.005120224718858134,0.010533380845682123,0.003907600958528251,0.00730415524085212,0.004873005934750067,0.000844901061371167,0.098300239580205,-0.011663853928095665,0.022624685625074158,0.002365334839526902,-0.02997059281034999,-0.014445572578425424,-0.10551748910542831,0.0,-0.0024157704226913834,0.0013919416558887002,-0.0005501940397839047,-0.00019774488902313313,-0.030585554904246668,0.008259371230419867,-0.03329468616624999,-0.003659050963659816,-0.0009272244003138833,-0.004639861971136149,0.0008641038050381594,0.001782726992545145,0.0010230828852778983,-0.001738790543001742,0.0007383660865724667,-0.00527166150688971,-0.0024157704226913834,-0.0013919416558887002,-0.15049252699825005,0.0,0.9996434294022669
0.9510000000000004,0.0014656218760492493,0.0,0.00104629776769535,0.0006543029256645967,0.001947876238983543,-0.0009339551825802002,0.0010080273463284337,-0.00031862240299009996,-0.0006023896028877835,-0.0005314622373242569,-0.00048666308446469156,-0.00013216016991711858,-0.0008560958410952067,-1.1740740916302052e-05,0.00240897571474335,0.0012560471266011505,0.00027250100158885136,-0.00050844741009901,0.00104629776769535,-0.0006543029256645967,0.07358491309553,0.0,0.26316550823283336,-0.005599897969434124,-0.0035200242018897663,0.013363388729559228,0.01612820434848633,-0.008659347474821397,-0.0026091722396466583,-0.0008152775982847836,0.0055281160664760985,-0.0007322035051386167,0.005143644211329381,-0.010642781470291117,-0.030616729634421667,-0.008251470229849197,0.001947876238983543,0.0009339551825802002,0.26316550823283336,0.005599897969434124,0.36215083125610015,0.0,-0.06624324759990834,0.03861283488144373,-0.0027094368970278834,-0.008138830254971448,-0.00839971629505285,-0.006668922043168616,-0.011159908448912534,0.008626293775302584,0.003966419659839484,-0.007363868387003934,-0.033275505740515,0.0035615415107309828,0.0010080273463284337,0.00031862240299009996,-0.0035200242018897663,-0.013363388729559228,-0.06624324759990834,-0.03861283488144373,1.0084057270579172,0.0,0.21027657000469993,0.015602544662179153,0.018727144728585166,0.0019665479247113,0.029038261386773505,0.004278647888878384,0.005034707630696717,-0.0009201275777386818,-0.0012220072451569503,0.004865858482903801,-0.0006023896028877835,0.0005314622373242569,0.01612820434848633,0.008659347474821397,-0.0027094368970278834,0.008138830254971448,0.21027657000469993,-0.015602544662179153,0.10089359980023832,0.0,0.06324037773676831,0.004321676228470344,0.015233803202823505,-0.007886588921543116,0.09834412875397999,0.011640544845882794,0.0008387500175055429,-0.0018326584570884,-0.00048666308446469156,0.00013216016991711858,-0.0026091722396466583,0.0008152775982847836,-0.00839971629505285,0.006668922043168616,0.018727144728585166,-0.0019665479247113,0.06324037773676831,-0.004321676228470344,-0.19618833463798338,0.0,-0.07663473703585834,-0.0017075945219625767,0.022671778424913667,-0.0023348539364656706,0.00099400552122605,0.0017633476527373832,-0.0008560958410952067,1.1740740916302052e-05,0.0055281160664760985,0.0007322035051386167,-0.011159908448912534,-0.008626293775302584,0.029038261386773505,-0.004278647888878384,0.015233803202823505,0.007886588921543116,-0.07663473703585834,0.0017075945219625767,-0.09446298048406,0.0,-0.029938465266796672,0.014520688609751099,0.0007363625526609836,0.005271539580514615,0.00240897571474335,-0.0012560471266011505,0.005143644211329381,0.010642781470291117,0.003966419659839484,0.007363868387003934,0.005034707630696717,0.0009201275777386818,0.09834412875397999,-0.011640544845882794,0.022671778424913667,0.0023348539364656706,-0.029938465266796672,-0.014520688609751099,-0.10558943527685169,0.0,-0.002427830347523666,0.0013213863468876164,0.00027250100158885136,0.00050844741009901,-0.030616729634421667,0.008251470229849197,-0.033275505740515,-0.0035615415107309828,-0.0012220072451569503,-0.004865858482903801,0.0008387500175055429,0.0018326584570884,0.00099400552122605,-0.0017633476527373832,0.0007363625526609836,-0.005271539580514615,-0.002427830347523666,-0.0013213863468876164,-0.1506166967994333,0.0,0.9996432458883331
0.9519999999999986,0.0014654383739940663,0.0,-0.0011758037269760005,0.00028502738662588363,-0.000684544760232912,0.0020775472060532503,-0.00042191770844653294,0.0010128796903846164,0.0007667555721875657,-3.132641660025446e-05,0.00048807931357148344,-0.00024567997726229995,0.0006318150634347614,-0.0006109023213632783,-0.002579723690039617,0.0007820347279428665,0.00012537547586215017,0.0005408860918565169,-0.0011758037269760005,-0.00028502738662588363,0.07340593230938167,0.0,0.2630736900092,-0.005593127779790668,-0.0039274419674361705,0.013101119208546822,0.015987072019867064,-0.008681077554285831,-0.002652223633621482,-0.00082562726946975,0.00549183333327309,-0.0007093303679296832,0.005155598698806448,-0.010715076876406387,-0.030629062761741672,-0.008232719746775332,-0.000684544760232912,-0.0020775472060532503,0.2630736900092,0.005593127779790668,0.36191331272749994,0.0,-0.06619686674901833,0.03843762309918365,-0.0027799114879590494,-0.008049752838822751,-0.008315689561390916,-0.006625376168849265,-0.011216982192298093,0.008619007009357412,0.003986112194239551,-0.007407264606655915,-0.03324899586499166,0.0034374227661225546,-0.00042191770844653294,-0.0010128796903846164,-0.0039274419674361705,-0.013101119208546822,-0.06619686674901833,-0.03843762309918365,1.0092328533174166,0.0,0.2105372223263167,0.015746226734056814,0.018614194169933,0.0019078869540372163,0.0290898831657665,0.004386095829221429,0.0052490776428101675,-0.0009644887666863617,-0.001550429125584383,0.005055356486179249,0.0007667555721875657,3.132641660025446e-05,0.015987072019867064,0.008681077554285831,-0.0027799114879590494,0.008049752838822751,0.2105372223263167,-0.015746226734056814,0.10087750940663001,0.0,0.06323241112565,0.004266043879582984,0.015243686036234664,-0.007833719871194881,0.098369865888065,0.011627088100463154,0.0008057847440202661,-0.0018709335839195667,0.00048807931357148344,0.00024567997726229995,-0.002652223633621482,0.00082562726946975,-0.008315689561390916,0.006625376168849265,0.018614194169933,-0.0019078869540372163,0.06323241112565,-0.004266043879582984,-0.19625250691595,0.0,-0.07660866557600668,-0.0017310352950565472,0.02270645432136784,-0.0023138572293595104,0.0009752813549673665,0.0017759868835307573,0.0006318150634347614,0.0006109023213632783,0.00549183333327309,0.0007093303679296832,-0.011216982192298093,-0.008619007009357412,0.0290898831657665,-0.004386095829221429,0.015243686036234664,0.007833719871194881,-0.07660866557600668,0.0017310352950565472,-0.09459864960722328,0.0,-0.02989656502339167,0.014589879781876551,0.0007258393343769134,0.005281790514080934,-0.002579723690039617,-0.0007820347279428665,0.005155598698806448,0.010715076876406387,0.003986112194239551,0.007407264606655915,0.0052490776428101675,0.0009644887666863617,0.098369865888065,-0.011627088100463154,0.02270645432136784,0.0023138572293595104,-0.02989656502339167,-0.014589879781876551,-0.10566029336579999,0.0,-0.0024518582172221508,0.0012562379157654913,0.00012537547586215017,-0.0005408860918565169,-0.030629062761741672,0.008232719746775332,-0.03324899586499166,-0.0034374227661225546,-0.001550429125584383,-0.005055356486179249,0.0008057847440202661,0.0018709335839195667,0.0009752813549673665,-0.0017759868835307573,0.0007258393343769134,-0.005281790514080934,-0.0024518582172221508,-0.0012562379157654913,-0.1507405338664,0.0,0.9996430623793167
0.9530000000000011,0.0014652548626125667,0.0,0.0006300231809436499,-0.0009993496204143335,-0.0010283889350415829,-0.0019458181875239332,-0.0004739994702205502,-0.0009749407054077337,-0.0005066188200998834,0.0004968138795675499,-0.00019943611654340009,0.0005369426920421666,-1.996230991474867e-05,0.0009120242078274498,0.0012746195474847334,-0.002328509574999635,-0.0004359460040231336,-0.0003189947853525914,0.0006300231809436499,0.0009993496204143335,0.073227393759575,0.0,0.26299354638453326,-0.005574078608601351,-0.004325527305735033,0.01286628586691187,0.015847280368998764,-0.008731215093969647,-0.002711000560754102,-0.0008167473589461165,0.005465954893140053,-0.0007044152517181834,0.005142878927061917,-0.010759537531391333,-0.030639589513606662,-0.00821762870452218,-0.0010283889350415829,0.0019458181875239332,0.26299354638453326,0.005574078608601351,0.36167724340659996,0.0,-0.06612388301267834,0.03832137209043617,-0.0028431966497686183,-0.00795996177570695,-0.008253443690856252,-0.0065680860480358,-0.011264199907212752,0.008583142095991335,0.003942075979948301,-0.007431398320939716,-0.03321886594874,0.003296992874093434,-0.0004739994702205502,0.0009749407054077337,-0.004325527305735033,-0.01286628586691187,-0.06612388301267834,-0.03832137209043617,1.0100609485385996,0.0,0.21080296080781666,0.01585416591015035,0.018593194557596296,0.0018130751842873288,0.029071166807700173,0.004531179240560268,0.005496834848082549,-0.0009594370015791001,-0.001881231589804175,0.005144828037205827,-0.0005066188200998834,-0.0004968138795675499,0.015847280368998764,0.008731215093969647,-0.0028431966497686183,0.00795996177570695,0.21080296080781666,-0.01585416591015035,0.10085758988355496,0.0,0.06322515136748832,0.004196488119034545,0.015232689772641167,-0.007771974033409384,0.09842777342373,0.011620948428199697,0.000776511644401953,-0.0019147379303485334,-0.00019943611654340009,-0.0005369426920421666,-0.002711000560754102,0.0008167473589461165,-0.008253443690856252,0.0065680860480358,0.018593194557596296,-0.0018130751842873288,0.06322515136748832,-0.004196488119034545,-0.19631428243521665,0.0,-0.07660159507235166,-0.001747734413849167,0.02272140799013733,-0.0022962142870474062,0.0009736573367272702,0.0017782139931151848,-1.996230991474867e-05,-0.0009120242078274498,0.005465954893140053,0.0007044152517181834,-0.011264199907212752,-0.008583142095991335,0.029071166807700173,-0.004531179240560268,0.015232689772641167,0.007771974033409384,-0.07660159507235166,0.001747734413849167,-0.094736826240235,0.0,-0.029846848520903326,0.014663025260246671,0.0007171898793244867,0.005292848779961465,0.0012746195474847334,0.002328509574999635,0.005142878927061917,0.010759537531391333,0.003942075979948301,0.007431398320939716,0.005496834848082549,0.0009594370015791001,0.09842777342373,-0.011620948428199697,0.02272140799013733,0.0022962142870474062,-0.029846848520903326,-0.014663025260246671,-0.10573027189695,0.0,-0.002471730731759317,0.0011929945755550328,-0.0004359460040231336,0.0003189947853525914,-0.030639589513606662,0.00821762870452218,-0.03321886594874,-0.003296992874093434,-0.001881231589804175,-0.005144828037205827,0.000776511644401953,0.0019147379303485334,0.0009736573367272702,-0.0017782139931151848,0.0007171898793244867,-0.005292848779961465,-0.002471730731759317,-0.0011929945755550328,-0.15086417101656668,0.0,0.999642878862533
0.9540000000000005,0.0014650713437023995,0.0,0.0002382687763685533,0.0011313473536258664,0.0020935257382804886,0.0006060116320540351,0.0010103007169529,0.000267253299766,4.0871445636973316e-05,-0.0006558587048689166,-0.00021015240473508157,-0.0005587559590649582,-0.0006551015139168963,-0.0006896824520763838,0.000713254852024615,0.0025114741060004065,0.0005434093136295749,-5.9480501996830036e-05,0.0002382687763685533,-0.0011313473536258664,0.07304978977301332,0.0,0.26293836325534997,-0.005550997763304902,-0.004758803984534417,0.012668374559851417,0.015696223392373993,-0.008751140293511369,-0.0027823684370933705,-0.0008130029397966832,0.005429038511248875,-0.0006941027564950501,0.005123113229398849,-0.010818133205082289,-0.030674784505948325,-0.008216274968162048,0.0020935257382804886,-0.0006060116320540351,0.26293836325534997,0.005550997763304902,0.3614419463365332,0.0,-0.06603041829632834,0.03819248754381201,-0.0028789827636969837,-0.007880454349815632,-0.008203825231020414,-0.006515293872958784,-0.011309926354313134,0.008537262354417784,0.003908227299336184,-0.00746383626564654,-0.03318060847800334,0.003177783752951958,0.0010103007169529,-0.000267253299766,-0.004758803984534417,-0.012668374559851417,-0.06603041829632834,-0.03819248754381201,1.0108901501341334,0.0,0.21107726131174998,0.015975043215218438,0.018594012052870125,0.0017491640974034001,0.02901903638964951,0.004678669676581622,0.005732340739726743,-0.0009350035511184164,-0.00219472457946365,0.005159035473600917,4.0871445636973316e-05,0.0006558587048689166,0.015696223392373993,0.008751140293511369,-0.0028789827636969837,0.007880454349815632,0.21107726131174998,-0.015975043215218438,0.10083415349973669,0.0,0.06320534787657332,0.004129344656886194,0.015223742743569496,-0.007710447020811387,0.09849722293305337,0.0116189741306833,0.000763002786507483,-0.001976613815194583,-0.00021015240473508157,0.0005587559590649582,-0.0027823684370933705,0.0008130029397966832,-0.008203825231020414,0.006515293872958784,0.018594012052870125,-0.0017491640974034001,0.06320534787657332,-0.004129344656886194,-0.19637383933925,0.0,-0.07659641500164334,-0.001753690905420238,0.02273653958005267,-0.002278811398012183,0.0009790983178911497,0.0017799359827230553,-0.0006551015139168963,0.0006896824520763838,0.005429038511248875,0.0006941027564950501,-0.011309926354313134,-0.008537262354417784,0.02901903638964951,-0.004678669676581622,0.015223742743569496,0.007710447020811387,-0.07659641500164334,0.001753690905420238,-0.09487738058665168,0.0,-0.02979772168237667,0.014730612943798967,0.0007133694113911832,0.005284496341095759,0.000713254852024615,-0.0025114741060004065,0.005123113229398849,0.010818133205082289,0.003908227299336184,0.00746383626564654,0.005732340739726743,0.0009350035511184164,0.09849722293305337,-0.0116189741306833,0.02273653958005267,0.002278811398012183,-0.02979772168237667,-0.014730612943798967,-0.10579945270277501,0.0,-0.002483587799026917,0.00111881347952465,0.0005434093136295749,5.9480501996830036e-05,-0.030674784505948325,0.008216274968162048,-0.03318060847800334,-0.003177783752951958,-0.00219472457946365,-0.005159035473600917,0.000763002786507483,0.001976613815194583,0.0009790983178911497,-0.0017799359827230553,0.0007133694113911832,-0.005284496341095759,-0.002483587799026917,-0.00111881347952465,-0.15098774312136662,0.0,0.9996426953370671
0.9549999999999987,0.0014648878333744166,0.0,-0.0009566531005436002,-0.0006125193443991182,-0.0018711047659042618,0.0010645256987049498,-0.0008545428221971399,0.0006003297670601667,0.00039938749342739987,0.0004826750924873834,0.00054983296405369,0.0003120071295287167,0.0009770428351459333,3.3597915210210044e-05,-0.0022469911291993334,-0.0012694833335707414,-0.0003564552359983665,0.00043094149974065007,-0.0009566531005436002,0.0006125193443991182,0.07287284759395664,0.0,0.26292169534455,-0.005556961206567905,-0.00524645326490949,0.012536754163998864,0.015544012153886785,-0.008709799705124952,-0.0028539789638160683,-0.0008223997274038005,0.005379154222118917,-0.0006673091144997999,0.005113286858089465,-0.010896363747002867,-0.030736081464470006,-0.008222166559442719,-0.0018711047659042618,-0.0010645256987049498,0.26292169534455,0.005556961206567905,0.3612083667940001,0.0,-0.06594402460248668,0.03799835961157099,-0.0029067005336514073,-0.007815355854232877,-0.008137452772790266,-0.006473204983867966,-0.011387120113993865,0.008511829859440202,0.003932744303919834,-0.007506598896879397,-0.033134952134416654,0.0030854701148041847,-0.0008545428221971399,-0.0006003297670601667,-0.00524645326490949,-0.012536754163998864,-0.06594402460248668,-0.03799835961157099,1.0117207558668002,0.0,0.21134060133519997,0.016140737885146757,0.018543751874684423,0.001706183842819978,0.028999259368282005,0.004782577915751717,0.005958870897582134,-0.0009111095027702965,-0.002516348296335479,0.005178293460551085,0.00039938749342739987,-0.0004826750924873834,0.015544012153886785,0.008709799705124952,-0.0029067005336514073,0.007815355854232877,0.21134060133519997,-0.016140737885146757,0.10080654246593,0.0,0.06318485220605331,0.004074352445940705,0.01524745880943183,-0.007653148981783439,0.09854087191550003,0.011619008045404533,0.0007638224659039501,-0.0020465037809031432,0.00054983296405369,-0.0003120071295287167,-0.0028539789638160683,0.0008223997274038005,-0.008137452772790266,0.006473204983867966,0.018543751874684423,-0.001706183842819978,0.06318485220605331,-0.004074352445940705,-0.1964315708287334,0.0,-0.07658687608000501,-0.0017664445855321757,0.02277230405386966,-0.00226212449334388,0.0009785311824364498,0.0017856594341104759,0.0009770428351459333,-3.3597915210210044e-05,0.005379154222118917,0.0006673091144997999,-0.011387120113993865,-0.008511829859440202,0.028999259368282005,-0.004782577915751717,0.01524745880943183,0.007653148981783439,-0.07658687608000501,0.0017664445855321757,-0.09502003034699164,0.0,-0.029760108115375,0.014773698092320618,0.0007075540762401335,0.005256947522356641,-0.0022469911291993334,0.0012694833335707414,0.005113286858089465,0.010896363747002867,0.003932744303919834,0.007506598896879397,0.005958870897582134,0.0009111095027702965,0.09854087191550003,-0.011619008045404533,0.02277230405386966,0.00226212449334388,-0.029760108115375,-0.014773698092320618,-0.10586808514940665,0.0,-0.0024980583052640237,0.001033165469196983,-0.0003564552359983665,-0.00043094149974065007,-0.030736081464470006,0.008222166559442719,-0.033134952134416654,-0.0030854701148041847,-0.002516348296335479,-0.005178293460551085,0.0007638224659039501,0.0020465037809031432,0.0009785311824364498,-0.0017856594341104759,0.0007075540762401335,-0.005256947522356641,-0.0024980583052640237,-0.001033165469196983,-0.1511112024090833,0.0,0.9996425118204001
0.9560000000000012,0.001464704333656633,0.0,0.0010867747262196838,-0.00025280246054410307,0.0005522682182221947,-0.0020810938246284493,0.00012198000295015002,-0.001070166851347334,-0.0005992556811805159,-7.930972330026665e-05,-0.0006527206698983284,0.00013182141708934511,-0.000734556786309483,0.0006654239876313332,0.002469696327707638,-0.0006750293218232085,-3.684584958694679e-05,-0.0005564234214353186,0.0010867747262196838,0.00025280246054410307,0.07269517189603499,0.0,0.26288099767565,-0.005599724210327519,-0.005745664558777632,0.012472494501067934,0.015395045623585662,-0.008663517448418263,-0.002922060861561099,-0.0008276563532438505,0.005339930963050877,-0.00064433735456425,0.005098931483640931,-0.010961118554266786,-0.030793920450363322,-0.008221432670920356,0.0005522682182221947,0.0020810938246284493,0.26288099767565,0.005599724210327519,0.36097837100701674,0.0,-0.06585120598274331,0.03778630649860083,-0.002949725648864872,-0.0077644448819444815,-0.008050394138186352,-0.006428757878428418,-0.011482603327811317,0.008495634032435187,0.003962440211003267,-0.007530519747017648,-0.033077822673441656,0.002983570682659637,0.00012198000295015002,0.001070166851347334,-0.005745664558777632,-0.012472494501067934,-0.06585120598274331,-0.03778630649860083,1.0125527993130166,0.0,0.21154490202271672,0.016308115029939146,0.018505351405192723,0.0016343378876256993,0.028993470305984998,0.004866344406739248,0.006212918847739266,-0.0008583931757164667,-0.0028653983943040333,0.005217357428284508,-0.0005992556811805159,7.930972330026665e-05,0.015395045623585662,0.008663517448418263,-0.002949725648864872,0.0077644448819444815,0.21154490202271672,-0.016308115029939146,0.10077413998471332,0.0,0.06317658116811833,0.004017892478844604,0.01528791206681933,-0.00759180792010475,0.09855064188845335,0.011615286008154315,0.0007726224917364785,-0.0021076422630999835,-0.0006527206698983284,-0.00013182141708934511,-0.002922060861561099,0.0008276563532438505,-0.008050394138186352,0.006428757878428418,0.018505351405192723,-0.0016343378876256993,0.06317658116811833,-0.004017892478844604,-0.1964872189753667,0.0,-0.076572803387575,-0.0017948626069601173,0.022817289507996334,-0.0022437217630884715,0.0009720603666673168,0.0017923578350420224,-0.000734556786309483,-0.0006654239876313332,0.005339930963050877,0.00064433735456425,-0.011482603327811317,-0.008495634032435187,0.028993470305984998,-0.004866344406739248,0.01528791206681933,0.00759180792010475,-0.076572803387575,0.0017948626069601173,-0.09516473086941667,0.0,-0.029727548932075,0.014789522962367246,0.0006943426627992501,0.005229861616800292,0.002469696327707638,0.0006750293218232085,0.005098931483640931,0.010961118554266786,0.003962440211003267,0.007530519747017648,0.006212918847739266,0.0008583931757164667,0.09855064188845335,-0.011615286008154315,0.022817289507996334,0.0022437217630884715,-0.029727548932075,-0.014789522962367246,-0.10593647140409498,0.0,-0.0025136501454400668,0.0009480213589421664,-3.684584958694679e-05,0.0005564234214353186,-0.030793920450363322,0.008221432670920356,-0.033077822673441656,-0.002983570682659637,-0.0028653983943040333,-0.005217357428284508,0.0007726224917364785,0.0021076422630999835,0.0009720603666673168,-0.0017923578350420224,0.0006943426627992501,-0.005229861616800292,-0.0025136501454400668,-0.0009480213589421664,-0.15123443697123332,0.0,0.9996423283142667
0.9570000000000006,0.0014645208308124167,0.0,-0.0005902259533342168,0.000917911545622311,0.0011026937821330168,0.0018644288626042998,0.0006954442684345628,0.0008235612779761498,0.00048207367065828305,-0.0003176310422797668,0.0004088054517609184,-0.0005482778727071002,6.16747600996496e-05,-0.0010111381539561464,-0.0012661247671799166,0.002199447686394215,0.0003860042263425066,0.00038783315582886665,-0.0005902259533342168,-0.000917911545622311,0.07251549380295834,0.0,0.2628165978654501,-0.0056560070092054335,-0.0062049938216333506,0.012459451890262914,0.015236622483442503,-0.008669616489770203,-0.0029922944631254863,-0.0008196034344607,0.00532592349797667,-0.0006432517498620833,0.00506101869055252,-0.01100019977981487,-0.03083721668826499,-0.008213846026919647,0.0011026937821330168,-0.0018644288626042998,0.2628165978654501,0.0056560070092054335,0.36075272452801666,0.0,-0.06572842366058668,0.0376316708005804,-0.0029959120193885328,-0.007733894400862385,-0.00796496687153602,-0.0063732362010684345,-0.011546205649680603,0.008463394443094546,0.00393909474798745,-0.007529663676315106,-0.03300925869046833,0.0028494111501238,0.0006954442684345628,-0.0008235612779761498,-0.0062049938216333506,-0.012459451890262914,-0.06572842366058668,-0.0376316708005804,1.0133861095740002,0.0,0.2117129008629,0.016441653750369,0.018570210749002992,0.001553726260547233,0.028931579863873836,0.004982638684902067,0.0064926815060366,-0.0007496916332711327,-0.003205937136965667,0.005215793302266832,0.00048207367065828305,0.0003176310422797668,0.015236622483442503,0.008669616489770203,-0.0029959120193885328,0.007733894400862385,0.2117129008629,-0.016441653750369,0.10073719272962502,0.0,0.06318771114856502,0.0039471579365830825,0.015305745106475,-0.007522504053223548,0.09857487479565831,0.011608463505339433,0.0007930690755328335,-0.002158701065154355,0.0004088054517609184,0.0005482778727071002,-0.0029922944631254863,0.0008196034344607,-0.00796496687153602,0.0063732362010684345,0.018570210749002992,-0.001553726260547233,0.06318771114856502,-0.0039471579365830825,-0.19654012966856674,0.0,-0.07657087542074503,-0.0018260307380092852,0.022854559286698665,-0.0022204923445463794,0.0009632837992517997,0.0018027847732669895,6.16747600996496e-05,0.0010111381539561464,0.00532592349797667,0.0006432517498620833,-0.011546205649680603,-0.008463394443094546,0.028931579863873836,-0.004982638684902067,0.015305745106475,0.007522504053223548,-0.07657087542074503,0.0018260307380092852,-0.09531163824956,0.0,-0.029696520957976667,0.014800772778624549,0.0006809359595059169,0.005214519073533032,-0.0012661247671799166,-0.002199447686394215,0.00506101869055252,0.01100019977981487,0.00393909474798745,0.007529663676315106,0.0064926815060366,0.0007496916332711327,0.09857487479565831,-0.011608463505339433,0.022854559286698665,0.0022204923445463794,-0.029696520957976667,-0.014800772778624549,-0.10600465923380333,0.0,-0.0025122585681461008,0.0008753117839492667,0.0003860042263425066,-0.00038783315582886665,-0.03083721668826499,0.008213846026919647,-0.03300925869046833,-0.0028494111501238,-0.003205937136965667,-0.005215793302266832,0.0007930690755328335,0.002158701065154355,0.0009632837992517997,-0.0018027847732669895,0.0006809359595059169,-0.005214519073533032,-0.0025122585681461008,-0.0008753117839492667,-0.15135746950836668,0.0,0.9996421448051668
0.9579999999999989,0.001464337310507917,0.0,-0.00019221073853388314,-0.0010474210655654335,-0.0020935351417950697,-0.0005109013584569382,-0.0010257088022551004,-4.651542066838347e-05,-0.00015060706770605008,0.0005320071440508168,4.8011082643399995e-05,0.0006978769360376173,0.0007004887153859,0.0007894607609533318,-0.000646388489977875,-0.0024309982087275155,-0.0005459267287394666,-4.730984506013339e-05,-0.00019221073853388314,0.0010474210655654335,0.07233329017043502,0.0,0.26276091528955003,-0.005720457455484385,-0.006615136379616984,0.012502420326577668,0.015058115655164598,-0.00869339178586099,-0.003063039563374667,-0.0008119180471384548,0.005322951531807383,-0.0006500790413420766,0.005016974378042824,-0.011043373127480351,-0.030880988458284988,-0.008212509852736931,-0.0020935351417950697,0.0005109013584569382,0.26276091528955003,0.005720457455484385,0.3605312376853,0.0,-0.06558350760128498,0.03750517928811469,-0.003020153113150267,-0.007727583193773024,-0.007887049542423917,-0.006311813425694266,-0.011563180818068553,0.008422641506304677,0.0039013822427964332,-0.007534303195671119,-0.03292700475628999,0.0027137419506911777,-0.0010257088022551004,4.651542066838347e-05,-0.006615136379616984,-0.012502420326577668,-0.06558350760128498,-0.03750517928811469,1.0142211234040497,0.0,0.21186549019545003,0.01658479131162355,0.01867820252744292,0.001511027015274278,0.02880189948943267,0.0051349848742428175,0.006751245858954467,-0.0006097019876316001,-0.0034965577936658253,0.005135450267076501,-0.00015060706770605008,-0.0005320071440508168,0.015058115655164598,0.00869339178586099,-0.003020153113150267,0.007727583193773024,0.21186549019545003,-0.01658479131162355,0.10069582888566335,0.0,0.063200427566385,0.0038705616000908665,0.01529706646992533,-0.007447583684341901,0.09862713413052503,0.01159816259266152,0.0008326068072409167,-0.0022101078084382996,4.8011082643399995e-05,-0.0006978769360376173,-0.003063039563374667,0.0008119180471384548,-0.007887049542423917,0.006311813425694266,0.01867820252744292,-0.001511027015274278,0.063200427566385,-0.0038705616000908665,-0.19659023127998337,0.0,-0.07657876863738666,-0.0018426165178857456,0.022887678071316513,-0.0021960079093375135,0.0009479106869850918,0.0018273594139258666,0.0007004887153859,-0.0007894607609533318,0.005322951531807383,0.0006500790413420766,-0.011563180818068553,-0.008422641506304677,0.02880189948943267,-0.0051349848742428175,0.01529706646992533,0.007447583684341901,-0.07657876863738666,0.0018426165178857456,-0.095460724057925,0.0,-0.029671334369538338,0.01482006179233395,0.0006751582109018499,0.0052019556763418665,-0.000646388489977875,0.0024309982087275155,0.005016974378042824,0.011043373127480351,0.0039013822427964332,0.007534303195671119,0.006751245858954467,0.0006097019876316001,0.09862713413052503,-0.01159816259266152,0.022887678071316513,0.0021960079093375135,-0.029671334369538338,-0.01482006179233395,-0.10607243561378833,0.0,-0.002485876945830717,0.00081106528177258,-0.0005459267287394666,4.730984506013339e-05,-0.030880988458284988,0.008212509852736931,-0.03292700475628999,-0.0027137419506911777,-0.0034965577936658253,-0.005135450267076501,0.0008326068072409167,0.0022101078084382996,0.0009479106869850918,-0.0018273594139258666,0.0006751582109018499,-0.0052019556763418665,-0.002485876945830717,-0.00081106528177258,-0.15148046522578335,0.0,0.9996419612789497
0.9590000000000013,0.0014641537854420332,0.0,0.0008469718654067232,0.0006004239931017885,0.0017945932073007835,-0.0011307760239412919,0.0006661093438313887,-0.0007186925452526897,-0.0002534041279905402,-0.00047814198746808366,-0.0005021345977204333,-0.0005359962302375,-0.0011037331812716337,-5.460100278249489e-05,0.0021609350052211665,0.0012611171595650237,0.0004468553973566331,-0.00033097180141589995,0.0008469718654067232,-0.0006004239931017885,0.07214785818128834,0.0,0.2627330927663333,-0.005819049617417066,-0.006991005428782332,0.012619020704260377,0.014872283232716837,-0.008668980488008828,-0.0031252889924630327,-0.0008141336416015,0.005310470778129483,-0.0006446419221161666,0.0050008787094955355,-0.011110825039627133,-0.030935950363745007,-0.008222417942294814,0.0017945932073007835,0.0011307760239412919,0.2627330927663333,0.005819049617417066,0.3603148449025833,0.0,-0.06545834095619499,0.037317543301207894,-0.0030346531094575728,-0.0077385452603753865,-0.007799590127515232,-0.006248109536902035,-0.011579378447719665,0.008404544658281481,0.003925266331792433,-0.00756879623501851,-0.03282959519624333,0.00261491938962807,0.0006661093438313887,0.0007186925452526897,-0.006991005428782332,-0.012619020704260377,-0.06545834095619499,-0.037317543301207894,1.0150587548240169,0.0,0.21199712172328336,0.01679025921592008,0.018704080318487547,0.0014778197066562168,0.02867586099410666,0.005280105073400991,0.006966349732885118,-0.0004763057086134664,-0.003770011637074217,0.0050032283764580975,-0.0002534041279905402,0.00047814198746808366,0.014872283232716837,0.008668980488008828,-0.0030346531094575728,0.0077385452603753865,0.21199712172328336,-0.01679025921592008,0.10064899967394329,0.0,0.063203022432705,0.0038049418747697497,0.015295631825274502,-0.007371841541778568,0.09867051281547504,0.011579150021804135,0.0008818708301309171,-0.002269805317883533,-0.0005021345977204333,0.0005359962302375,-0.0031252889924630327,0.0008141336416015,-0.007799590127515232,0.006248109536902035,0.018704080318487547,-0.0014778197066562168,0.063203022432705,-0.0038049418747697497,-0.19663818092008328,0.0,-0.07658425389361,-0.0018478701639360288,0.022934255809372164,-0.002180780753658883,0.0009203984000903164,0.0018714579205429834,-0.0011037331812716337,5.460100278249489e-05,0.005310470778129483,0.0006446419221161666,-0.011579378447719665,-0.008404544658281481,0.02867586099410666,-0.005280105073400991,0.015295631825274502,0.007371841541778568,-0.07658425389361,0.0018478701639360288,-0.095611604542135,0.0,-0.029659499539746666,0.014838462811430912,0.0006730333022326666,0.005184667114283492,0.0021609350052211665,-0.0012611171595650237,0.0050008787094955355,0.011110825039627133,0.003925266331792433,0.00756879623501851,0.006966349732885118,0.0004763057086134664,0.09867051281547504,-0.011579150021804135,0.022934255809372164,0.002180780753658883,-0.029659499539746666,-0.014838462811430912,-0.10613953597596336,0.0,-0.0024466172013758933,0.000740746933799808,0.0004468553973566331,0.00033097180141589995,-0.030935950363745007,0.008222417942294814,-0.03282959519624333,-0.00261491938962807,-0.003770011637074217,-0.0050032283764580975,0.0008818708301309171,0.002269805317883533,0.0009203984000903164,-0.0018714579205429834,0.0006730333022326666,-0.005184667114283492,-0.0024466172013758933,-0.000740746933799808,-0.1516035121816,0.0,0.9996417777478835
0.9600000000000007,0.0014639702671351167,0.0,-0.0009941800665936335,0.00018265774397923333,-0.0004264200966603334,0.002056901502566567,0.00014090937574428854,0.0009754106463339567,0.0005174863161956663,0.00015330446136334837,0.0007741375870337735,9.465794528576675e-05,0.0008412300842883258,-0.0007773821296290496,-0.002414565118293142,0.0006268340660462499,-0.00010594276228888224,0.0005369372732409835,-0.0009941800665936335,-0.00018265774397923333,0.07195762312189334,0.0,0.2627095335597332,-0.005962567409821359,-0.0073296416475298,0.012797441310130948,0.0146977499492473,-0.008606555738928597,-0.003177318135977401,-0.0008136860472491691,0.005290909066183367,-0.0006350601793045168,0.005011172524582123,-0.011181635215695884,-0.030982969680538337,-0.008229114171913783,-0.0004264200966603334,-0.002056901502566567,0.2627095335597332,0.005962567409821359,0.3601058900995165,0.0,-0.065367171019865,0.03705490060047106,-0.0030791131817538664,-0.007754374655383565,-0.007697413174864815,-0.006171831404759317,-0.011628351282014083,0.008412582970676033,0.004001220248251733,-0.007622894917008562,-0.032718926957154996,0.0025451366130997953,0.00014090937574428854,-0.0009754106463339567,-0.0073296416475298,-0.012797441310130948,-0.065367171019865,-0.03705490060047106,1.0158995094803334,0.0,0.2120930887732833,0.01703459459617775,0.018662897836139353,0.0013934081362438836,0.02859180515683783,0.005392993549806631,0.007169142900093065,-0.0003311314360745336,-0.004081685910121,0.004845718749766915,0.0005174863161956663,-0.00015330446136334837,0.0146977499492473,0.008606555738928597,-0.0030791131817538664,0.007754374655383565,0.2120930887732833,-0.01703459459617775,0.10059534352079666,0.0,0.06320893849109668,0.0037515304040342174,0.015313218711757831,-0.007297196675014516,0.09868258748895002,0.01155176006620943,0.0009224283344420132,-0.002335023767466532,0.0007741375870337735,-9.465794528576675e-05,-0.003177318135977401,0.0008136860472491691,-0.007697413174864815,0.006171831404759317,0.018662897836139353,-0.0013934081362438836,0.06320893849109668,-0.0037515304040342174,-0.19668449752199998,0.0,-0.07658583762174834,-0.0018567864556795863,0.022990495451963997,-0.002182233639082316,0.0008876955431428034,0.0019271809467911111,0.0008412300842883258,0.0007773821296290496,0.005290909066183367,0.0006350601793045168,-0.011628351282014083,-0.008412582970676033,0.02859180515683783,-0.005392993549806631,0.015313218711757831,0.007297196675014516,-0.07658583762174834,0.0018567864556795863,-0.09576393555785168,0.0,-0.02965851133091834,0.014849461116053819,0.0006648009784646497,0.005171370709615163,-0.002414565118293142,-0.0006268340660462499,0.005011172524582123,0.011181635215695884,0.004001220248251733,0.007622894917008562,0.007169142900093065,0.0003311314360745336,0.09868258748895002,-0.01155176006620943,0.022990495451963997,0.002182233639082316,-0.02965851133091834,-0.014849461116053819,-0.10620579092119667,0.0,-0.002409136473984592,0.0006622226226609838,-0.00010594276228888224,-0.0005369372732409835,-0.030982969680538337,0.008229114171913783,-0.032718926957154996,-0.0025451366130997953,-0.004081685910121,-0.004845718749766915,0.0009224283344420132,0.002335023767466532,0.0008876955431428034,-0.0019271809467911111,0.0006648009784646497,-0.005171370709615163,-0.002409136473984592,-0.0006622226226609838,-0.15172651826558334,0.0,0.9996415942230499
0.960999999999999,0.0014637867539406498,0.0,0.00055457644838155,-0.0008131918180301164,-0.0011934585722322665,-0.0017353988444379668,-0.0008482604152793005,-0.0005299122999748498,-0.00048073033969013183,0.0002473092512624665,-0.0006674545753240895,0.00045884194453697005,-3.693713639049993e-05,0.0011781372690319314,0.001265975533471117,-0.002133733743927367,-0.0002609243165869334,-0.00044457638768833306,0.00055457644838155,0.0008131918180301164,0.07176122635629831,0.0,0.26265465509468333,-0.006114578487716915,-0.007620866454306232,0.012997353026968268,0.014528467086176822,-0.00857058500445365,-0.0032291124332003043,-0.0007940282909005501,0.005280054147328167,-0.0006449875542325834,0.005012842623950283,-0.011221596065725032,-0.030999583691481678,-0.008220234436074532,-0.0011934585722322665,0.0017353988444379668,0.26265465509468333,0.006114578487716915,0.3599059228624,0.0,-0.06526979866481997,0.03678011598536664,-0.0031622427488837397,-0.007771783067460569,-0.007602176577921741,-0.006073716537445868,-0.011676280887669966,0.008418990706673984,0.0040519888058088115,-0.007677803099094699,-0.03259779376845333,0.002473072363657733,-0.0008482604152793005,0.0005299122999748498,-0.007620866454306232,-0.012997353026968268,-0.06526979866481997,-0.03678011598536664,1.016742775663483,0.0,0.2121498312937,0.017244132722467515,0.01868609654895555,0.0012743672667010297,0.028488904213666,0.005485176923156652,0.007385743021275633,-0.0001162699525428999,-0.004403230680290082,0.004646369516595522,-0.00048073033969013183,-0.0002473092512624665,0.014528467086176822,0.00857058500445365,-0.0031622427488837397,0.007771783067460569,0.2121498312937,-0.017244132722467515,0.10053483954907999,0.0,0.06322794507189498,0.003691828852560317,0.015316595090706096,-0.007221696590542897,0.09868608114730335,0.011527887576536961,0.0009513781319636835,-0.0023972124552047998,-0.0006674545753240895,-0.00045884194453697005,-0.0032291124332003043,0.0007940282909005501,-0.007602176577921741,0.006073716537445868,0.01868609654895555,-0.0012743672667010297,0.06322794507189498,-0.003691828852560317,-0.1967290087386166,0.0,-0.07658779863840165,-0.0018725731073231746,0.023029793996738174,-0.0021936688571052207,0.0008629027483205015,0.001981070946840401,-3.693713639049993e-05,-0.0011781372690319314,0.005280054147328167,0.0006449875542325834,-0.011676280887669966,-0.008418990706673984,0.028488904213666,-0.005485176923156652,0.015316595090706096,0.007221696590542897,-0.07658779863840165,0.0018725731073231746,-0.09591768983185664,0.0,-0.029656855411336676,0.014865659349258079,0.0006508123178026668,0.00516676378031385,0.001265975533471117,0.002133733743927367,0.005012842623950283,0.011221596065725032,0.0040519888058088115,0.007677803099094699,0.007385743021275633,0.0001162699525428999,0.09868608114730335,-0.011527887576536961,0.023029793996738174,0.0021936688571052207,-0.029656855411336676,-0.014865659349258079,-0.10627113013623833,0.0,-0.0023753061475782836,0.00058895186680015,-0.0002609243165869334,0.00044457638768833306,-0.030999583691481678,0.008220234436074532,-0.03259779376845333,-0.002473072363657733,-0.004403230680290082,-0.004646369516595522,0.0009513781319636835,0.0023972124552047998,0.0008629027483205015,-0.001981070946840401,0.0006508123178026668,-0.00516676378031385,-0.0023753061475782836,-0.00058895186680015,-0.15184931177424996,0.0,0.9996414107037498
0.9620000000000014,0.0014636032312388336,0.0,0.00016046386330763486,0.00094623616154185,0.0020831707744758997,0.0003328710554558367,0.0009161075920321497,-0.00027837919576559193,0.0001967897194463831,-0.0005070992404638329,0.00019537493443799153,-0.0008032086532670089,-0.0008398319034929166,-0.0008778207160642668,0.0005974894581586167,0.0023825534903549037,0.00045841769243992866,0.00015034039726223344,0.00016046386330763486,-0.00094623616154185,0.07155890279532667,0.0,0.2626153523310334,-0.006238107617384371,-0.007877957019291847,0.01320341620578658,0.01435342660783762,-0.008565615014887815,-0.003285920781286934,-0.0007634107539328498,0.005279830876865014,-0.0006710673020156832,0.004993321405809585,-0.011230341691199767,-0.030999369755053345,-0.008211093120911233,0.0020831707744758997,-0.0003328710554558367,0.2626153523310334,0.006238107617384371,0.35971441747651656,0.0,-0.06516242146577331,0.036516754864136906,-0.0032500851056386495,-0.0077990416813524,-0.007536838890228747,-0.005962245570744332,-0.011681201622492834,0.008408531495334865,0.004056517188318366,-0.007738237186894883,-0.032480983845143335,0.002404429978910467,0.0009161075920321497,0.00027837919576559193,-0.007877957019291847,-0.01320341620578658,-0.06516242146577331,-0.036516754864136906,1.0175874789119834,0.0,0.21222312281081665,0.017413669209258135,0.01881448538734178,0.0011868418293216672,0.0283169918582175,0.005571713752083302,0.007591161552423267,0.00017048588111255993,-0.004647263578793,0.004385732828359601,0.0001967897194463831,0.0005070992404638329,0.01435342660783762,0.008565615014887815,-0.0032500851056386495,0.0077990416813524,0.21222312281081665,-0.017413669209258135,0.10046847967860496,0.0,0.06325206884296,0.003612972741841724,0.015284421209636094,-0.007147478767935551,0.098726171789605,0.011516188858509465,0.0009860601203242002,-0.00245276105457335,0.00019537493443799153,0.0008032086532670089,-0.003285920781286934,0.0007634107539328498,-0.007536838890228747,0.005962245570744332,0.01881448538734178,-0.0011868418293216672,0.06325206884296,-0.003612972741841724,-0.1967712406645,0.0,-0.07660047197240835,-0.0018835097943250196,0.0230435918942385,-0.0022054849465855436,0.0008509232197940297,0.0020286670222847006,-0.0008398319034929166,0.0008778207160642668,0.005279830876865014,0.0006710673020156832,-0.011681201622492834,-0.008408531495334865,0.0283169918582175,-0.005571713752083302,0.015284421209636094,0.007147478767935551,-0.07660047197240835,0.0018835097943250196,-0.09607298990706499,0.0,-0.029654997344453326,0.014899650546969782,0.0006443447574275668,0.005157442921485099,0.0005974894581586167,-0.0023825534903549037,0.004993321405809585,0.011230341691199767,0.004056517188318366,0.007738237186894883,0.007591161552423267,-0.00017048588111255993,0.098726171789605,-0.011516188858509465,0.0230435918942385,0.0022054849465855436,-0.029654997344453326,-0.014899650546969782,-0.10633556155566833,0.0,-0.0023407416073459725,0.0005278909811387795,0.00045841769243992866,-0.00015034039726223344,-0.030999369755053345,0.008211093120911233,-0.032480983845143335,-0.002404429978910467,-0.004647263578793,-0.004385732828359601,0.0009860601203242002,0.00245276105457335,0.0008509232197940297,-0.0020286670222847006,0.0006443447574275668,-0.005157442921485099,-0.0023407416073459725,-0.0005278909811387795,-0.15197186279149996,0.0,0.9996412271746496
0.9630000000000006,0.0014634197015306995,0.0,-0.0007575257068826166,-0.0005526021328167332,-0.0016675317653274998,0.0012672638598857668,-0.0003415529347873335,0.0008077000889154698,0.0002060137997792212,0.0005174932197241184,0.0003954455447742333,0.0007583707506779107,0.0012482296426523697,1.7960110807402226e-05,-0.0020802968602344125,-0.0012523338698908943,-0.0004177042739212482,0.00020286088132936644,-0.0007575257068826166,0.0005526021328167332,0.07135185252280002,0.0,0.2625962909628166,-0.00634509441619298,-0.0081230464539229,0.013440016351077395,0.014184139431566633,-0.008520035566874301,-0.0033396866909555342,-0.0007442195531666582,0.005272926047377118,-0.0006923259689432165,0.004978419682296809,-0.011231087377177604,-0.03100461374025667,-0.008221913958641698,-0.0016675317653274998,-0.0012672638598857668,0.2625962909628166,0.00634509441619298,0.3595305797849667,0.0,-0.06508947263401832,0.03620053862685942,-0.003318408063858001,-0.007842527296981847,-0.00749248367283815,-0.005853506103734485,-0.011658928172377216,0.008398668334447535,0.00407867441883565,-0.007818104939792668,-0.032376086621985004,0.0023773974513041727,-0.0003415529347873335,-0.0008077000889154698,-0.0081230464539229,-0.013440016351077395,-0.06508947263401832,-0.03620053862685942,1.0184331882527002,0.0,0.2123250633153501,0.01760356234158084,0.018944705551132392,0.0011236526292421171,0.028123554765766064,0.005645266619978776,0.007749475238816902,0.00045718878375829137,-0.004790688844347954,0.004072119970248725,0.0002060137997792212,-0.0005174932197241184,0.014184139431566633,0.008520035566874301,-0.003318408063858001,0.007842527296981847,0.2123250633153501,-0.01760356234158084,0.10039625432990168,0.0,0.06325622582222165,0.0035251671255486236,0.015240480017496541,-0.007081553270502287,0.09877914743212499,0.01150744269459118,0.001041817720047583,-0.0025056997150489924,0.0003954455447742333,-0.0007583707506779107,-0.0033396866909555342,0.0007442195531666582,-0.00749248367283815,0.005853506103734485,0.018944705551132392,-0.0011236526292421171,0.06325622582222165,-0.0035251671255486236,-0.1968110984680167,0.0,-0.07660945472192,-0.0018866608883397666,0.023053002445170508,-0.002217079238674086,0.00084750488705551,0.002073832950754784,0.0012482296426523697,-1.7960110807402226e-05,0.005272926047377118,0.0006923259689432165,-0.011658928172377216,-0.008398668334447535,0.028123554765766064,-0.005645266619978776,0.015240480017496541,0.007081553270502287,-0.07660945472192,0.0018866608883397666,-0.09622972485678165,0.0,-0.029658393394718336,0.014939497159472851,0.000651753630924158,0.005128326593872951,-0.0020802968602344125,0.0012523338698908943,0.004978419682296809,0.011231087377177604,0.00407867441883565,0.007818104939792668,0.007749475238816902,-0.00045718878375829137,0.09877914743212499,-0.01150744269459118,0.023053002445170508,0.002217079238674086,-0.029658393394718336,-0.014939497159472851,-0.10639913656215835,0.0,-0.002306070336229857,0.0004660217161345849,-0.0004177042739212482,-0.00020286088132936644,-0.03100461374025667,0.008221913958641698,-0.032376086621985004,-0.0023773974513041727,-0.004790688844347954,-0.004072119970248725,0.001041817720047583,0.0025056997150489924,0.00084750488705551,-0.002073832950754784,0.000651753630924158,-0.005128326593872951,-0.002306070336229857,-0.0004660217161345849,-0.15209429106616665,0.0,0.9996410436387501
0.9639999999999991,0.0014632361819153668,0.0,0.0009030895397099798,-0.00016015886016508343,0.00025264686538436647,-0.0020743034084937835,-0.0004016139545664165,-0.0007289707411439164,-0.0005370549024689403,-0.00022560541324940839,-0.0008405544995874868,-0.00032444640224100005,-0.0009063148580517329,0.0008793158684238334,0.0023333987605067465,-0.0005820011482505635,0.00013100372639312906,-0.00043202023457457095,0.0009030895397099798,0.00016015886016508343,0.07114039485151834,0.0,0.2625848490500166,-0.006470343748619916,-0.008368904628786034,0.01372264694123435,0.014039962463391236,-0.008402864985121085,-0.0033821496607236,-0.0007403551158648912,0.0052522608486100355,-0.0007093294242312999,0.0049854799693562326,-0.0112348123201132,-0.031017504842791664,-0.008244561631841419,0.00025264686538436647,0.0020743034084937835,0.2625848490500166,0.006470343748619916,0.3593553071334,0.0,-0.06509826668332665,0.035787890115131483,-0.003389125480648185,-0.007902917192936067,-0.007446290307721584,-0.005749733055631868,-0.0116593602205182,0.008405765265932284,0.004160214707034383,-0.00790880351597066,-0.03228128903824165,0.0023982080015290835,-0.0004016139545664165,0.0007289707411439164,-0.008368904628786034,-0.01372264694123435,-0.06509826668332665,-0.035787890115131483,1.01927987964665,0.0,0.21246376518571666,0.017827414652810698,0.019022273776190497,0.0010272080237884833,0.0279944419333751,0.005702758702391333,0.007861269094339367,0.0007033169947972928,-0.004900588120176131,0.003725475596064967,-0.0005370549024689403,0.00022560541324940839,0.014039962463391236,0.008402864985121085,-0.003389125480648185,0.007902917192936067,0.21246376518571666,-0.017827414652810698,0.10031703916679664,0.0,0.06325655342280502,0.003446601124467577,0.015223255267218619,-0.007031366424018183,0.09880968190786002,0.011491363571255232,0.001110083643448983,-0.0025565059832129465,-0.0008405544995874868,0.00032444640224100005,-0.0033821496607236,0.0007403551158648912,-0.007446290307721584,0.005749733055631868,0.019022273776190497,-0.0010272080237884833,0.06325655342280502,-0.003446601124467577,-0.19684863674315006,0.0,-0.07661310723093834,-0.0019005960935191586,0.0230810641146995,-0.0022330451594344664,0.0008480672180638167,0.0021174188621806683,-0.0009063148580517329,-0.0008793158684238334,0.0052522608486100355,0.0007093294242312999,-0.0116593602205182,-0.008405765265932284,0.0279944419333751,-0.005702758702391333,0.015223255267218619,0.007031366424018183,-0.07661310723093834,0.0019005960935191586,-0.09638778105177664,0.0,-0.02967173800213834,0.014968333079334085,0.0006627278931516334,0.005084224521913016,0.0023333987605067465,0.0005820011482505635,0.0049854799693562326,0.0112348123201132,0.004160214707034383,0.00790880351597066,0.007861269094339367,-0.0007033169947972928,0.09880968190786002,-0.011491363571255232,0.0230810641146995,0.0022330451594344664,-0.02967173800213834,-0.014968333079334085,-0.10646193078064002,0.0,-0.002279298584293451,0.00039696394076228336,0.00013100372639312906,0.00043202023457457095,-0.031017504842791664,0.008244561631841419,-0.03228128903824165,-0.0023982080015290835,-0.004900588120176131,-0.003725475596064967,0.001110083643448983,0.0025565059832129465,0.0008480672180638167,-0.0021174188621806683,0.0006627278931516334,-0.005084224521913016,-0.002279298584293451,-0.00039696394076228336,-0.15221664829139994,0.0,0.9996408601131
0.9650000000000015,0.001463052675241233,0.0,-0.0004908087292158235,0.0007538764979668967,0.0013169743910739834,0.0016672005490919,0.000816271979359101,0.000149812594180165,0.0005699027765119159,-0.00023496767603094971,0.0008757623479189836,-0.0003415021953463835,3.1294344290893364e-05,-0.0012544189524051482,-0.0012222407585369506,0.0020485287082566586,0.0002206688582390618,0.0003690602749864667,-0.0004908087292158235,-0.0007538764979668967,0.07092376329538667,0.0,0.2625147854552166,-0.006609351826431868,-0.008609424598077385,0.014031493008850017,0.013907997812127034,-0.008271852719155095,-0.003419515765147233,-0.0007361114991623833,0.005235854204928445,-0.0007411949253585767,0.0049913140826042006,-0.01122934991919425,-0.031018652163008333,-0.008253361689765362,0.0013169743910739834,-0.0016672005490919,0.2625147854552166,0.006609351826431868,0.35919021337480006,0.0,-0.06516220321139501,0.035320991345368674,-0.003488054718960384,-0.00797528677476605,-0.007399555487282934,-0.005638628445178415,-0.01167659105500845,0.008413959003048168,0.004255469294015932,-0.007984150098022568,-0.03218069594212,0.0024226641907571715,0.000816271979359101,-0.000149812594180165,-0.008609424598077385,-0.014031493008850017,-0.06516220321139501,-0.035320991345368674,1.020126757347067,0.0,0.21260517880990001,0.018014318161145623,0.0191161357890228,0.0009180410408137664,0.0279058130446616,0.005757256507327115,0.007942966426624799,0.000949692880920717,-0.005013209511675299,0.003363372092562168,0.0005699027765119159,0.00023496767603094971,0.013907997812127034,0.008271852719155095,-0.003488054718960384,0.00797528677476605,0.21260517880990001,-0.018014318161145623,0.10023058290173664,0.0,0.06328062188535168,0.0033774108272619694,0.015226800414006468,-0.006998263817100948,0.09880891649662332,0.011466559540649434,0.0011731103080954335,-0.002594803463037267,0.0008757623479189836,0.0003415021953463835,-0.003419515765147233,0.0007361114991623833,-0.007399555487282934,0.005638628445178415,0.0191161357890228,-0.0009180410408137664,0.06328062188535168,-0.0033774108272619694,-0.19688351162253342,0.0,-0.07661051171152332,-0.0019369131874337412,0.0231184019051615,-0.0022470521419585,0.00085223386386555,0.0021540448178854177,3.1294344290893364e-05,0.0012544189524051482,0.005235854204928445,0.0007411949253585767,-0.01167659105500845,-0.008413959003048168,0.0279058130446616,-0.005757256507327115,0.015226800414006468,0.006998263817100948,-0.07661051171152332,0.0019369131874337412,-0.09654744210078334,0.0,-0.029681507559805,0.014987258435341082,0.0006639569392141834,0.005037749931580782,-0.0012222407585369506,-0.0020485287082566586,0.0049913140826042006,0.01122934991919425,0.004255469294015932,0.007984150098022568,0.007942966426624799,-0.000949692880920717,0.09880891649662332,-0.011466559540649434,0.0231184019051615,0.0022470521419585,-0.029681507559805,-0.014987258435341082,-0.10652392389337169,0.0,-0.0022638781021141947,0.00033471881851868346,0.0002206688582390618,-0.0003690602749864667,-0.031018652163008333,0.008253361689765362,-0.03218069594212,-0.0024226641907571715,-0.005013209511675299,-0.003363372092562168,0.0011731103080954335,0.002594803463037267,0.00085223386386555,-0.0021540448178854177,0.0006639569392141834,-0.005037749931580782,-0.0022638781021141947,-0.00033471881851868346,-0.15233881537698332,0.0,0.9996406766002001
0.9660000000000007,0.0014628691675598665,0.0,-0.00018903038426687965,-0.0008629425177918835,-0.002169462810532516,-0.00025323310006889995,-0.0006271425446143832,0.0005001932000726167,-0.0002688327484427585,0.0005925252840861834,-0.00041578623644128335,0.0008676274309687152,0.0008458021476750278,0.0009079599823028372,-0.0005882051542514166,-0.0022903694995065793,-0.00039678491512719284,-9.172380957402013e-05,-0.00018903038426687965,0.0008629425177918835,0.07070164887421167,0.0,0.26240590455153334,-0.006733397142281183,-0.008824980919399171,0.014343552879975827,0.013765629610947806,-0.008181994248947935,-0.0034649908325127274,-0.0007267243762546002,0.005241482202911219,-0.0007909627934549033,0.004972044044796632,-0.01120650747898233,-0.03101008148518,-0.008247057741033246,-0.002169462810532516,0.00025323310006889995,0.26240590455153334,0.006733397142281183,0.3590354926864501,0.0,-0.06525014067781833,0.03487224110326279,-0.003600643553811333,-0.008057425200400533,-0.007377606003635065,-0.005516715944542077,-0.011657524142146764,0.0084071366353199,0.004310983400140733,-0.008038113152657818,-0.03206962020453833,0.0024159732245876953,-0.0006271425446143832,-0.0005001932000726167,-0.008824980919399171,-0.014343552879975827,-0.06525014067781833,-0.03487224110326279,1.0209722386075,0.0,0.21275234871260007,0.018131123428859152,0.019278851681157498,0.0008807694874687584,0.027763380134150344,0.00581306840558113,0.007997838063427166,0.0012231305107875665,-0.005075653240607399,0.003016096030806834,-0.0002688327484427585,-0.0005925252840861834,0.013765629610947806,0.008181994248947935,-0.003600643553811333,0.008057425200400533,0.21275234871260007,-0.018131123428859152,0.10013818212377833,0.0,0.06333761469319667,0.0033074388438251497,0.015217778320989835,-0.006982785361057669,0.09881708703762664,0.011439717166859301,0.0012283112258291335,-0.002611928215367933,-0.00041578623644128335,-0.0008676274309687152,-0.0034649908325127274,0.0007267243762546002,-0.007377606003635065,0.005516715944542077,0.019278851681157498,-0.0008807694874687584,0.06333761469319667,-0.0033074388438251497,-0.19691517630651661,0.0,-0.07661443855225494,-0.00198238373988459,0.023152490425450176,-0.0022462636938657818,0.000857972957651612,0.0021821000873487105,0.0008458021476750278,-0.0009079599823028372,0.005241482202911219,0.0007909627934549033,-0.011657524142146764,-0.0084071366353199,0.027763380134150344,-0.00581306840558113,0.015217778320989835,0.006982785361057669,-0.07661443855225494,0.00198238373988459,-0.09670913978525834,0.0,-0.02967819341395667,0.01501516729552995,0.0006597101289165036,0.0049948846117159745,-0.0005882051542514166,0.0022903694995065793,0.004972044044796632,0.01120650747898233,0.004310983400140733,0.008038113152657818,0.007997838063427166,-0.0012231305107875665,0.09881708703762664,-0.011439717166859301,0.023152490425450176,0.0022462636938657818,-0.02967819341395667,-0.01501516729552995,-0.10658492929568504,0.0,-0.0022515349795015514,0.0002955275447117817,-0.00039678491512719284,9.172380957402013e-05,-0.03101008148518,0.008247057741033246,-0.03206962020453833,-0.0024159732245876953,-0.005075653240607399,-0.003016096030806834,0.0012283112258291335,0.002611928215367933,0.000857972957651612,-0.0021821000873487105,0.0006597101289165036,-0.0049948846117159745,-0.0022515349795015514,-0.0002955275447117817,-0.1524606929864666,0.0,0.9996404930860167
0.9669999999999992,0.0014626856430385497,0.0,0.0007231126998908567,0.00047682522071326657,0.0017489751934276,-0.0013871449154798001,2.272292684746471e-05,-0.0007261705617565334,-0.0002228164497811885,-0.0006416674364962137,-0.00029403053068145,-0.0009435117152579165,-0.001234921669111227,-4.8115755872333524e-05,0.0020230096283725667,0.0011835154606939997,0.00034371280294024997,-0.00021458877613545027,0.0007231126998908567,-0.00047682522071326657,0.07047452178667504,0.0,0.2622989755014333,-0.006850258145136506,-0.008986218356582164,0.014659044755384666,0.013623649855899004,-0.008105310374727335,-0.0035174138321940472,-0.0007254092627065732,0.005261355971442438,-0.0008387777343812998,0.00494659566962845,-0.011183101369699832,-0.03101131072461333,-0.008249626379271334,0.0017489751934276,0.0013871449154798001,0.2622989755014333,0.006850258145136506,0.35889034664580005,0.0,-0.06537995236211333,0.034443726831447335,-0.0036979738826689174,-0.008146408502129217,-0.007386998305739501,-0.005394915302863216,-0.011591035815045999,0.008398774091648334,0.004355811028797984,-0.008084387733223898,-0.03195637793572334,0.0023999161670633503,2.272292684746471e-05,0.0007261705617565334,-0.008986218356582164,-0.014659044755384666,-0.06537995236211333,-0.034443726831447335,1.021815720478533,0.0,0.21288932722643328,0.01824747433804001,0.01944533748570314,0.0009060335316998496,0.02754347591876338,0.005851727468387216,0.008024952568283485,0.0014645508788251422,-0.0050344518951827,0.002709944658414718,-0.0002228164497811885,0.0006416674364962137,0.013623649855899004,0.008105310374727335,-0.0036979738826689174,0.008146408502129217,0.21288932722643328,-0.01824747433804001,0.10004064154002665,0.0,0.06339944778708168,0.003240251457595417,0.015189871998744,-0.006982286901885901,0.09884241700121169,0.011408184017914437,0.0012875544320505832,-0.0026150541195756505,-0.00029403053068145,0.0009435117152579165,-0.0035174138321940472,0.0007254092627065732,-0.007386998305739501,0.005394915302863216,0.01944533748570314,-0.0009060335316998496,0.06339944778708168,-0.003240251457595417,-0.19694370205,0.0,-0.07662290171168333,-0.002014419910570175,0.023191211797940165,-0.002231915986552016,0.0008602073125915102,0.0022103768052393192,-0.001234921669111227,4.8115755872333524e-05,0.005261355971442438,0.0008387777343812998,-0.011591035815045999,-0.008398774091648334,0.02754347591876338,-0.005851727468387216,0.015189871998744,0.006982286901885901,-0.07662290171168333,0.002014419910570175,-0.09687279047129661,0.0,-0.029663610901661662,0.015054603045083697,0.0006608676462290814,0.004955882868773861,0.0020230096283725667,-0.0011835154606939997,0.00494659566962845,0.011183101369699832,0.004355811028797984,0.008084387733223898,0.008024952568283485,-0.0014645508788251422,0.09884241700121169,-0.011408184017914437,0.023191211797940165,0.002231915986552016,-0.029663610901661662,-0.015054603045083697,-0.10664469580314334,0.0,-0.0022330201356775617,0.0002736466427032349,0.00034371280294024997,0.00021458877613545027,-0.03101131072461333,0.008249626379271334,-0.03195637793572334,-0.0023999161670633503,-0.0050344518951827,-0.002709944658414718,0.0012875544320505832,0.0026150541195756505,0.0008602073125915102,-0.0022103768052393192,0.0006608676462290814,-0.004955882868773861,-0.0022330201356775617,-0.0002736466427032349,-0.15258241821365004,0.0,0.9996403095555998
0.9680000000000014,0.0014625021122838166,0.0,-0.0008280762249279767,0.00017427370227906508,-0.0002527418734585167,0.002251867926769883,0.0005127409428556498,0.00042359249507816697,0.000636068741384321,0.0002912828548455834,0.0008969663264374365,0.0005173105309735998,0.0009058764379594498,-0.0008413078507410484,-0.002249056461698491,0.00060221276815597,-9.291802674804018e-05,0.0004154516850606217,-0.0008280762249279767,-0.00017427370227906508,0.07024213543805166,0.0,0.26219741961975,-0.007005885671911002,-0.009073201177368465,0.014983001988317328,0.013511724881427418,-0.007992960824195197,-0.003564917264562142,-0.0007391472302681532,0.005274469071069332,-0.0008749343343227334,0.004948795964723416,-0.011177130263108164,-0.03103229114465667,-0.008269848695497382,-0.0002527418734585167,-0.002251867926769883,0.26219741961975,0.007005885671911002,0.3587552413274668,0.0,-0.06559328167787334,0.03399779015063767,-0.003792624082461267,-0.008232616067069378,-0.007408670807150814,-0.005279810886502399,-0.011537056782388878,0.008410348162464533,0.004455303108365299,-0.008126663649557147,-0.031849239638816335,0.002409333998803755,0.0005127409428556498,-0.00042359249507816697,-0.009073201177368465,-0.014983001988317328,-0.06559328167787334,-0.03399779015063767,1.0226580266309668,0.0,0.2129897362130167,0.018420706521682376,0.019549046011697064,0.0008842140254412661,0.02732740101052977,0.005859504605999816,0.008035108145312502,0.0016128126944700667,-0.004927637099304701,0.002425941271533924,0.000636068741384321,-0.0002912828548455834,0.013511724881427418,0.007992960824195197,-0.003792624082461267,0.008232616067069378,0.2129897362130167,-0.018420706521682376,0.09993708777480831,0.0,0.06345158042317499,0.003195291667961133,0.015175127594100673,-0.006991512222931148,0.09885257709279999,0.01136288796617468,0.0013543724548668082,-0.0026236619288169667,0.0008969663264374365,-0.0005173105309735998,-0.003564917264562142,0.0007391472302681532,-0.007408670807150814,0.005279810886502399,0.019549046011697064,-0.0008842140254412661,0.06345158042317499,-0.003195291667961133,-0.19696997936658336,0.0,-0.07662654605406166,-0.0020310130992622004,0.023249242857352505,-0.00222218709154195,0.0008539515603804923,0.002249596440358267,0.0009058764379594498,0.0008413078507410484,0.005274469071069332,0.0008749343343227334,-0.011537056782388878,-0.008410348162464533,0.02732740101052977,-0.005859504605999816,0.015175127594100673,0.006991512222931148,-0.07662654605406166,0.0020310130992622004,-0.09703767625787167,0.0,-0.02964461559150333,0.015090061867482333,0.0006649465860742836,0.004923678774447285,-0.002249056461698491,-0.00060221276815597,0.004948795964723416,0.011177130263108164,0.004455303108365299,0.008126663649557147,0.008035108145312502,-0.0016128126944700667,0.09885257709279999,-0.01136288796617468,0.023249242857352505,0.00222218709154195,-0.02964461559150333,-0.015090061867482333,-0.10670299804291165,0.0,-0.002209272689469567,0.0002490363957611832,-9.291802674804018e-05,-0.0004154516850606217,-0.03103229114465667,0.008269848695497382,-0.031849239638816335,-0.002409333998803755,-0.004927637099304701,-0.002425941271533924,0.0013543724548668082,0.0026236619288169667,0.0008539515603804923,-0.002249596440358267,0.0006649465860742836,-0.004923678774447285,-0.002209272689469567,-0.0002490363957611832,-0.15270421359795,0.0,0.9996401260189666
0.9690000000000007,0.0014623185847373002,0.0,0.0004283849430030783,-0.0007061109643559268,-0.0014535817743342335,-0.00179695650447825,-0.0006517453645342162,0.00014745344837445017,-0.0006589502454587334,0.00027843128010968316,-0.0010574508743705657,0.0002490161750533835,-4.099418480030008e-05,0.00123052931781615,0.001147803842367083,-0.0020133573298024,-0.00024007904914796665,-0.0003731208738353415,0.0004283849430030783,0.0007061109643559268,0.07000263677374334,0.0,0.2620646449753667,-0.0072220525031851,-0.009089063208150398,0.015300257314457,0.013426654804238696,-0.007862764400147416,-0.003607780969547382,-0.0007569459728686665,0.005278378860906833,-0.0009110376559050051,0.004974051802873151,-0.011183028632962482,-0.03106059746536166,-0.00828534676094621,-0.0014535817743342335,0.00179695650447825,0.2620646449753667,0.0072220525031851,0.3586322011906666,0.0,-0.06587932246401833,0.033548262912782664,-0.003927438888589066,-0.008302963283740982,-0.007435541794618752,-0.00516481529995345,-0.011536468048548885,0.008431572426279208,0.004600144003240673,-0.00815326072168173,-0.03174608761148617,0.002435857788073745,-0.0006517453645342162,-0.00014745344837445017,-0.009089063208150398,-0.015300257314457,-0.06587932246401833,-0.033548262912782664,1.0234999129662332,0.0,0.2130416485058334,0.018602416041506843,0.019632198805644166,0.0007879819021459502,0.02717235281258749,0.005839247305750766,0.008039281200894732,0.0017116823348538842,-0.004830382618399937,0.0021259164359978757,-0.0006589502454587334,-0.00027843128010968316,0.013426654804238696,0.007862764400147416,-0.003927438888589066,0.008302963283740982,0.2130416485058334,-0.018602416041506843,0.09982692994301165,0.0,0.063509653722925,0.003187653750291801,0.015190429710099164,-0.007004326852800468,0.09883058955765,0.011308422993698598,0.0014168208623026384,-0.0026475183234264043,-0.0010574508743705657,-0.0002490161750533835,-0.003607780969547382,0.0007569459728686665,-0.007435541794618752,0.00516481529995345,0.019632198805644166,-0.0007879819021459502,0.063509653722925,-0.003187653750291801,-0.19699513702170002,0.0,-0.076622295362665,-0.0020440187037198665,0.023317256659335,-0.002229754152445,0.000838899429577033,0.0022988894218518067,-4.099418480030008e-05,-0.00123052931781615,0.005278378860906833,0.0009110376559050051,-0.011536468048548885,-0.008431572426279208,0.02717235281258749,-0.005839247305750766,0.015190429710099164,0.007004326852800468,-0.076622295362665,0.0020440187037198665,-0.097203142280245,0.0,-0.02961948852817833,0.01511531664860866,0.0006575423675554667,0.004903094693987366,0.001147803842367083,0.0020133573298024,0.004974051802873151,0.011183028632962482,0.004600144003240673,0.00815326072168173,0.008039281200894732,-0.0017116823348538842,0.09883058955765,-0.011308422993698598,0.023317256659335,0.002229754152445,-0.02961948852817833,-0.01511531664860866,-0.10675969064647665,0.0,-0.0021853123029930005,0.0002126046181647835,-0.00024007904914796665,0.0003731208738353415,-0.03106059746536166,0.00828534676094621,-0.03174608761148617,-0.002435857788073745,-0.004830382618399937,-0.0021259164359978757,0.0014168208623026384,0.0026475183234264043,0.000838899429577033,-0.0022988894218518067,0.0006575423675554667,-0.004903094693987366,-0.0021853123029930005,-0.0002126046181647835,-0.15282608702510003,0.0,0.9996399424846997
0.9699999999999992,0.001462135056718117,0.0,0.00021198324449075973,0.0007813645322416499,0.002361403297742965,0.00021790825551563342,0.0003187306571604166,-0.0006081017693145865,0.0002644351848507082,-0.0006788144917971923,0.0006048453699532863,-0.0009389910424849767,-0.0008410554940153985,-0.0008853970092342334,0.0006185831677187466,0.0022187346895504723,0.0004313963071295501,0.00010188024977601657,0.00021198324449075973,-0.0007813645322416499,0.06975403079673001,0.0,0.26187708206194993,-0.007465677873254084,-0.009049649601138897,0.015587026962927622,0.013331985432606719,-0.007771134093135983,-0.003660776083219374,-0.0007671701321682801,0.005288252339714615,-0.0009591942783979502,0.0049866650025580835,-0.011175140858347732,-0.03108220358813332,-0.008281687702739984,0.002361403297742965,-0.00021790825551563342,0.26187708206194993,0.007465677873254084,0.35852267448579994,0.0,-0.06616917149656167,0.03314375862182516,-0.004109746684809112,-0.008353166412719404,-0.007484743606467883,-0.005046616528279267,-0.011552766633688835,0.008438230596571351,0.004715726719552383,-0.008159599091506518,-0.03164111861467116,0.0024458190942328478,0.0003187306571604166,0.0006081017693145865,-0.009049649601138897,-0.015587026962927622,-0.06616917149656167,-0.03314375862182516,1.0243406376788498,0.0,0.21304233555115004,0.018711610535900806,0.019765961894449336,0.0007325189576898664,0.02703061891149033,0.0057817252646433755,0.008033751273179146,0.0018602158691904168,-0.004751112912740887,0.00181857390014106,0.0002644351848507082,0.0006788144917971923,0.013331985432606719,0.007771134093135983,-0.004109746684809112,0.008353166412719404,0.21304233555115004,-0.018711610535900806,0.09971189031133831,0.0,0.06357877080396332,0.0032053813237288317,0.01520576300425474,-0.007014303800919548,0.09879149375070836,0.011265387839542432,0.0014669883576946395,-0.002680225711243616,0.0006048453699532863,0.0009389910424849767,-0.003660776083219374,0.0007671701321682801,-0.007484743606467883,0.005046616528279267,0.019765961894449336,-0.0007325189576898664,0.06357877080396332,-0.0032053813237288317,-0.1970200736557,0.0,-0.07661089145660664,-0.002054208743773967,0.02337018502254666,-0.002245941319170509,0.00081943094399525,0.0023462071411328,-0.0008410554940153985,0.0008853970092342334,0.005288252339714615,0.0009591942783979502,-0.011552766633688835,-0.008438230596571351,0.02703061891149033,-0.0057817252646433755,0.01520576300425474,0.007014303800919548,-0.07661089145660664,0.002054208743773967,-0.09736891334472829,0.0,-0.029580730324151667,0.01514413235698033,0.0006362215811353667,0.004892208845003338,0.0006185831677187466,-0.0022187346895504723,0.0049866650025580835,0.011175140858347732,0.004715726719552383,0.008159599091506518,0.008033751273179146,-0.0018602158691904168,0.09879149375070836,-0.011265387839542432,0.02337018502254666,0.002245941319170509,-0.029580730324151667,-0.01514413235698033,-0.10681480550176169,0.0,-0.0021582339378971994,0.00017043654194964485,0.0004313963071295501,-0.00010188024977601657,-0.03108220358813332,0.008281687702739984,-0.03164111861467116,-0.0024458190942328478,-0.004751112912740887,-0.00181857390014106,0.0014669883576946395,0.002680225711243616,0.00081943094399525,-0.0023462071411328,0.0006362215811353667,-0.004892208845003338,-0.0021582339378971994,-0.00017043654194964485,-0.15294781687691664,0.0,0.9996397589504997
0.9709999999999984,0.0014619515120582168,0.0,-0.0006895373710602998,-0.0003986348366267332,-0.0018255425497406832,0.0015815335883738338,0.0002311125267778497,0.0006072860854378838,0.0002853719519311999,0.0006810162535718129,0.00022394995695681664,0.0011118035921440033,0.001216302490631483,1.389610288766714e-05,-0.00198992112402315,-0.0011126893801555063,-0.00038498523358443675,0.00021571788247968325,-0.0006895373710602998,0.0003986348366267332,0.06949590479712667,0.0,0.26170331199,-0.007703448385455027,-0.008959050784654183,0.01583752295729805,0.013223025765596598,-0.007722211499432101,-0.003725288246757001,-0.0007777825295206067,0.005310979170827417,-0.0010101460055128668,0.004973527013144652,-0.011140892819617951,-0.031104204552651657,-0.0082831804513723,-0.0018255425497406832,-0.0015815335883738338,0.26170331199,0.007703448385455027,0.35842635568576664,0.0,-0.06644242081540168,0.0327931256671085,-0.004299459521211568,-0.008386709566526849,-0.007567972791716736,-0.004937842717136703,-0.011547002788234614,0.00843242964537277,0.004774876566285032,-0.008155908729331335,-0.03154798780363032,0.002434373062490867,0.0002311125267778497,-0.0006072860854378838,-0.008959050784654183,-0.01583752295729805,-0.06644242081540168,-0.0327931256671085,1.0251788488425169,0.0,0.21302448185349995,0.0187651957457124,0.019939616084463287,0.0007960112549825497,0.026852397439542167,0.005666009110095285,0.008010654676021033,0.0020745472245407666,-0.00463472559508177,0.0015564842003035837,0.0002853719519311999,-0.0006810162535718129,0.013223025765596598,0.007722211499432101,-0.004299459521211568,0.008386709566526849,0.21302448185349995,-0.0187651957457124,0.0995946076310433,0.0,0.06364333140414,0.003222228077271467,0.01519292357404402,-0.00701832070168627,0.09877207653260671,0.011247962741259663,0.0015182016564393164,-0.0027110007436512594,0.00022394995695681664,-0.0011118035921440033,-0.003725288246757001,0.0007777825295206067,-0.007567972791716736,0.004937842717136703,0.019939616084463287,-0.0007960112549825497,0.06364333140414,-0.003222228077271467,-0.19704541314515003,0.0,-0.07660401348008332,-0.0020482985033886164,0.023401746064091674,-0.002260509859242538,0.0008013817492423167,0.002384980241421508,0.001216302490631483,-1.389610288766714e-05,0.005310979170827417,0.0010101460055128668,-0.011547002788234614,-0.00843242964537277,0.026852397439542167,-0.005666009110095285,0.01519292357404402,0.00701832070168627,-0.07660401348008332,0.0020482985033886164,-0.09753467626886163,0.0,-0.029536716205986673,0.015184813279763667,0.0006198159068116701,0.0048828343177075035,-0.00198992112402315,0.0011126893801555063,0.004973527013144652,0.011140892819617951,0.004774876566285032,0.008155908729331335,0.008010654676021033,-0.0020745472245407666,0.09877207653260671,-0.011247962741259663,0.023401746064091674,0.002260509859242538,-0.029536716205986673,-0.015184813279763667,-0.10686866207483497,0.0,-0.0021207919107722505,0.0001260003981390816,-0.00038498523358443675,-0.00021571788247968325,-0.031104204552651657,0.0082831804513723,-0.03154798780363032,-0.002434373062490867,-0.00463472559508177,-0.0015564842003035837,0.0015182016564393164,0.0027110007436512594,0.0008013817492423167,-0.002384980241421508,0.0006198159068116701,-0.0048828343177075035,-0.0021207919107722505,-0.0001260003981390816,-0.15306934157978339,0.0,0.9996395753998499
0.9720000000000009,0.0014617679531346503,0.0,0.00075666683024215,-0.0002026202214248384,0.00011626965815406653,-0.0024234453033176663,-0.0005421968189856665,-0.00018993127395213326,-0.0006918638268497756,-0.0002866404338449167,-0.0009560980787303133,-0.0006622835644073499,-0.0008578565095847998,0.0008624583253721715,0.0021629924837810663,-0.0006212584813289699,0.00014038357801477033,-0.00043700842268405,0.00075666683024215,0.0002026202214248384,0.06922884237885334,0.0,0.2615465997661834,-0.007950567617423663,-0.00880360283407819,0.016053993749537487,0.013133471451414417,-0.0076606092276699945,-0.0037828965565649226,-0.0008037006377680298,0.005330532576309551,-0.0010506923162110333,0.004959672325529633,-0.011086242306844702,-0.031133046906421668,-0.008316714722472331,0.00011626965815406653,0.0024234453033176663,0.2615465997661834,0.007950567617423663,0.35834275410225,0.0,-0.066733499194035,0.03245109593782284,-0.004464613163176285,-0.008407056443740698,-0.007664008327350031,-0.00484991431991135,-0.01154691504307,0.008435324832910849,0.00482852527288477,-0.00814692602917635,-0.031480963382712335,0.0024307911878233925,-0.0005421968189856665,0.00018993127395213326,-0.00880360283407819,-0.016053993749537487,-0.066733499194035,-0.03245109593782284,1.0260141974912165,0.0,0.21298231202185008,0.0188360325652695,0.02009276728494621,0.0008944001541869005,0.02668075631253,0.005501153677011567,0.00797530851884625,0.0022778497650054164,-0.004450035951545972,0.0013521738481994667,-0.0006918638268497756,0.0002866404338449167,0.013133471451414417,0.0076606092276699945,-0.004464613163176285,0.008407056443740698,0.21298231202185008,-0.0188360325652695,0.09947598188674167,0.0,0.0636748787028,0.0032327147343660036,0.01516528633727992,-0.007016245816935055,0.09875874562495669,0.011247137160950186,0.0015936256079502498,-0.0027334721113023205,-0.0009560980787303133,0.0006622835644073499,-0.0037828965565649226,0.0008037006377680298,-0.007664008327350031,0.00484991431991135,0.02009276728494621,-0.0008944001541869005,0.0636748787028,-0.0032327147343660036,-0.1970717104538834,0.0,-0.07659102047733664,-0.002024671597959383,0.023426338751855003,-0.0022799704461639882,0.0007858301458126834,0.002419358907455377,-0.0008578565095847998,-0.0008624583253721715,0.005330532576309551,0.0010506923162110333,-0.01154691504307,-0.008435324832910849,0.02668075631253,-0.005501153677011567,0.01516528633727992,0.007016245816935055,-0.07659102047733664,0.002024671597959383,-0.09769969654710166,0.0,-0.029499702377878335,0.015217592300285838,0.0006220049400428532,0.0048666272861137795,0.0021629924837810663,0.0006212584813289699,0.004959672325529633,0.011086242306844702,0.00482852527288477,0.00814692602917635,0.00797530851884625,-0.0022778497650054164,0.09875874562495669,-0.011247137160950186,0.023426338751855003,0.0022799704461639882,-0.029499702377878335,-0.015217592300285838,-0.10692181929444998,0.0,-0.002068617527957117,6.880175166078325e-05,0.00014038357801477033,0.00043700842268405,-0.031133046906421668,0.008316714722472331,-0.031480963382712335,-0.0024307911878233925,-0.004450035951545972,-0.0013521738481994667,0.0015936256079502498,0.0027334721113023205,0.0007858301458126834,-0.002419358907455377,0.0006220049400428532,-0.0048666272861137795,-0.002068617527957117,-6.880175166078325e-05,-0.1531909256819,0.0,0.9996393918340998
0.9729999999999993,0.0014615843984249672,0.0,-0.00035837413762916654,0.0006795129223040333,0.0016715558281505598,0.0017662135378772167,0.00045441012362859985,-0.00027464630808495037,0.0007039674578848953,-0.000309206977066365,0.001191944278983183,-0.00018960974933775011,-8.944104466793024e-06,-0.001206835022570283,-0.0010644088929570967,0.0019503399990427467,0.00021668164961805174,0.00043362238996227004,-0.00035837413762916654,-0.0006795129223040333,0.06895255329838669,0.0,0.2613803990299667,-0.008237013256886685,-0.00859968141875236,0.016235460512235664,0.013072071582342533,-0.007558129986384389,-0.0038242840129116815,-0.0008414068743900666,0.005334119445456301,-0.001086540346248137,0.0049647623844926,-0.011020981332983484,-0.031167399526713324,-0.008369156918649099,0.0016715558281505598,-0.0017662135378772167,0.2613803990299667,0.008237013256886685,0.35827278704203336,0.0,-0.06708033834453997,0.032099295622724004,-0.0046247769248532345,-0.00842502965197035,-0.007746353891389351,-0.0047753071422879986,-0.011602846186243734,0.008448096245186162,0.0049117695033997185,-0.008122258072557864,-0.03144155509989717,0.00245017700313315,0.00045441012362859985,0.00027464630808495037,-0.00859968141875236,-0.016235460512235664,-0.06708033834453997,-0.032099295622724004,1.026847189962,0.0,0.21295624375136668,0.018930439549310205,0.020218480817976316,0.000937506481372727,0.02659120447739812,0.005348080806717346,0.007926572774792636,0.0024317045758246165,-0.004232460178270967,0.0011474117919317163,0.0007039674578848953,0.000309206977066365,0.013072071582342533,0.007558129986384389,-0.0046247769248532345,0.00842502965197035,0.21295624375136668,-0.018930439549310205,0.09935566151319998,0.0,0.06368603183766001,0.0032570207143752176,0.015159300059675336,-0.007008422302658716,0.09873378131221329,0.011253083020124122,0.0016934363009906003,-0.002747847807571573,0.001191944278983183,0.00018960974933775011,-0.0038242840129116815,0.0008414068743900666,-0.007746353891389351,0.0047753071422879986,0.020218480817976316,-0.000937506481372727,0.06368603183766001,-0.0032570207143752176,-0.19709939121803347,0.0,-0.07657121170881,-0.0020035905170273727,0.02345888656645167,-0.002315964352911689,0.0007673901575699666,0.002451485332972734,-8.944104466793024e-06,0.001206835022570283,0.005334119445456301,0.001086540346248137,-0.011602846186243734,-0.008448096245186162,0.02659120447739812,-0.005348080806717346,0.015159300059675336,0.007008422302658716,-0.07657121170881,0.0020035905170273727,-0.09786342769871671,0.0,-0.029477702585858332,0.015221172508140004,0.0006319105367888834,0.004840604210636667,-0.0010644088929570967,-0.0019503399990427467,0.0049647623844926,0.011020981332983484,0.0049117695033997185,0.008122258072557864,0.007926572774792636,-0.0024317045758246165,0.09873378131221329,-0.011253083020124122,0.02345888656645167,0.002315964352911689,-0.029477702585858332,-0.015221172508140004,-0.10697492625367669,0.0,-0.0020055820016025095,-3.416704089099945e-06,0.00021668164961805174,-0.00043362238996227004,-0.031167399526713324,0.008369156918649099,-0.03144155509989717,-0.00245017700313315,-0.004232460178270967,-0.0011474117919317163,0.0016934363009906003,0.002747847807571573,0.0007673901575699666,-0.002451485332972734,0.0006319105367888834,-0.004840604210636667,-0.0020055820016025095,3.416704089099945e-06,-0.1533128227700167,0.0,0.999639208273433
0.9739999999999985,0.0014614008528347497,0.0,-0.0002629306643854501,-0.0007054887716903667,-0.0024619016854240667,-3.19469153160516e-05,-0.00010232265783828341,0.0005108892956285834,-0.00028615515738489994,0.000750210375834336,-0.0007491721868029529,0.000993298162744815,0.0008369767085333667,0.0008301644282292009,-0.0006351183082208266,-0.002102877528767466,-0.0004654974189194517,-0.0001571124505169667,-0.0002629306643854501,0.0007054887716903667,0.06866599027139167,0.0,0.2611502975388167,-0.008539341843774667,-0.0083890371657967,0.016382172000265115,0.012997945990938998,-0.007449960460405017,-0.0038619866623237817,-0.0008728464424935853,0.005337248063999532,-0.0011306812097467834,0.004967303900421822,-0.01094418888638247,-0.031194027745955002,-0.008408811998920619,-0.0024619016854240667,3.19469153160516e-05,0.2611502975388167,0.008539341843774667,0.3582176500086833,0.0,-0.06744722048197997,0.0317589713653055,-0.00480889794395248,-0.008457197190979265,-0.007818110961448235,-0.004697785015639783,-0.011697824185259933,0.008450235159231332,0.0049853814215457155,-0.008072139283025201,-0.031402547068331496,0.002470634333022728,-0.00010232265783828341,-0.0005108892956285834,-0.0083890371657967,-0.016382172000265115,-0.06744722048197997,-0.0317589713653055,1.0276776988611664,0.0,0.21297138370596666,0.01897529461298384,0.02033630048345534,0.0009834141976107964,0.02655464859590264,0.005242261017210916,0.007838180150734,0.0025839929833264995,-0.0040204149465439,0.0009049415840501335,-0.00028615515738489994,-0.000750210375834336,0.012997945990938998,0.007449960460405017,-0.00480889794395248,0.008457197190979265,0.21297138370596666,-0.01897529461298384,0.09923446218007669,0.0,0.0637019162479517,0.003299042442301983,0.015175601759789664,-0.006993548803393187,0.09868931895761829,0.011267106481227883,0.0017968186557454173,-0.002755036990150084,-0.0007491721868029529,-0.000993298162744815,-0.0038619866623237817,0.0008728464424935853,-0.007818110961448235,0.004697785015639783,0.02033630048345534,-0.0009834141976107964,0.0637019162479517,-0.003299042442301983,-0.19712856540948326,0.0,-0.07654293119989665,-0.0019985921985145485,0.023492484807558337,-0.002360202026342757,0.0007414837474588001,0.0024736802458774146,0.0008369767085333667,-0.0008301644282292009,0.005337248063999532,0.0011306812097467834,-0.011697824185259933,-0.008450235159231332,0.02655464859590264,-0.005242261017210916,0.015175601759789664,0.006993548803393187,-0.07654293119989665,0.0019985921985145485,-0.09802609124259666,0.0,-0.029462306801771664,0.0151999678343055,0.0006345627193276351,0.004803720623158924,-0.0006351183082208266,0.002102877528767466,0.004967303900421822,0.01094418888638247,0.0049853814215457155,0.008072139283025201,0.007838180150734,-0.0025839929833264995,0.09868931895761829,-0.011267106481227883,0.023492484807558337,0.002360202026342757,-0.029462306801771664,-0.0151999678343055,-0.1070285499893533,0.0,-0.0019388911925689342,-7.449074509999838e-05,-0.0004654974189194517,0.0001571124505169667,-0.031194027745955002,0.008408811998920619,-0.031402547068331496,-0.002470634333022728,-0.0040204149465439,-0.0009049415840501335,0.0017968186557454173,0.002755036990150084,0.0007414837474588001,-0.0024736802458774146,0.0006345627193276351,-0.004803720623158924,-0.0019388911925689342,7.449074509999838e-05,-0.15343497081095,0.0,0.9996390247218166
0.975000000000001,0.0014612173049535168,0.0,0.0006757731190071834,0.0002843851026320167,0.00177467568044995,-0.0017729224270118184,-0.00025993417785003415,-0.0003992056746829332,-0.0003238772211001001,-0.000781851193822967,-0.00015568900279501165,-0.0012573688056056675,-0.0011425852648527838,2.8082431533166135e-06,0.001922044806623483,0.0010138920720228048,0.00043163038258484977,-0.0002054086535378586,0.0006757731190071834,-0.0002843851026320167,0.06836933960386335,0.0,0.2609070986635166,-0.008807432665617902,-0.008191434134315336,0.016496823148645305,0.012889775462894834,-0.007374204508685616,-0.003906538351064851,-0.0008924925203121353,0.005363774192768432,-0.0011821548281399836,0.0049389108254841,-0.010851669264763735,-0.031209706076423323,-0.008437823095559648,0.00177467568044995,0.0017729224270118184,0.2609070986635166,0.008807432665617902,0.3581767512338499,0.0,-0.06780110695336333,0.03145617139896593,-0.005002330401577749,-0.008510306646713064,-0.007902709985529286,-0.004615708420715894,-0.01177486051473568,0.008441947612962257,0.005008058160992305,-0.008005414159466418,-0.03134094479927434,0.0024740915167938667,-0.00025993417785003415,0.0003992056746829332,-0.008191434134315336,-0.016496823148645305,-0.06780110695336333,-0.03145617139896593,1.0285044123671336,0.0,0.21305005072328337,0.018940129250449033,0.020431905620157335,0.001126748631178133,0.026483700992321627,0.005144218440244268,0.007700086777944618,0.0027651689604009507,-0.0038077435887374643,0.0006850269657234167,-0.0003238772211001001,0.000781851193822967,0.012889775462894834,0.007374204508685616,-0.005002330401577749,0.008510306646713064,0.21305005072328337,-0.018940129250449033,0.09911449553370331,0.0,0.06373891635376668,0.0033337870864422166,0.015187334824494669,-0.0069748620259278945,0.09865491736719999,0.011293816874337233,0.0018936253424495168,-0.0027525057069913983,-0.00015568900279501165,0.0012573688056056675,-0.003906538351064851,0.0008924925203121353,-0.007902709985529286,0.004615708420715894,0.020431905620157335,-0.001126748631178133,0.06373891635376668,-0.0033337870864422166,-0.19715889584875004,0.0,-0.07651984879576332,-0.002001604650315112,0.023521910308846667,-0.002392456564317856,0.0007089757130468832,0.0024794550084796,-0.0011425852648527838,-2.8082431533166135e-06,0.005363774192768432,0.0011821548281399836,-0.01177486051473568,-0.008441947612962257,0.026483700992321627,-0.005144218440244268,0.015187334824494669,0.0069748620259278945,-0.07651984879576332,0.002001604650315112,-0.09818821384801167,0.0,-0.029450039669173332,0.015179839445136834,0.0006378117900974633,0.0047623455713598495,0.001922044806623483,-0.0010138920720228048,0.0049389108254841,0.010851669264763735,0.005008058160992305,0.008005414159466418,0.007700086777944618,-0.0027651689604009507,0.09865491736719999,-0.011293816874337233,0.023521910308846667,0.002392456564317856,-0.029450039669173332,-0.015179839445136834,-0.107083033283325,0.0,-0.0018703686736535005,-0.00012566467234038155,0.00043163038258484977,0.0002054086535378586,-0.031209706076423323,0.008437823095559648,-0.03134094479927434,-0.0024740915167938667,-0.0038077435887374643,-0.0006850269657234167,0.0018936253424495168,0.0027525057069913983,0.0007089757130468832,-0.0024794550084796,0.0006378117900974633,-0.0047623455713598495,-0.0018703686736535005,0.00012566467234038155,-0.1535572318954667,0.0,0.9996388411678331
0.9759999999999992,0.0014610337421073507,0.0,-0.000650110303445575,0.0002685810345219334,3.299208803108674e-05,0.002542481332758583,0.0003634349778030503,8.593658826009303e-05,0.0008138401955199867,0.0003637431847733999,0.0010059798785944532,0.0008163685553669835,0.0007799474217297,-0.0007924549712668999,-0.002052225276221684,0.0006439621680606179,-0.00016920429154731675,0.0004404275672765331,-0.000650110303445575,-0.0002685810345219334,0.06806422761444501,0.0,0.26069969828295,-0.009038027580842017,-0.00798537544456215,0.016565485160731596,0.012781677820929684,-0.007317222434988779,-0.003949593395982332,-0.0009103482850035667,0.0054104727353309345,-0.0012266120554509582,0.004893891057104191,-0.010754063927601936,-0.031217410304429996,-0.008483688284977229,3.299208803108674e-05,-0.002542481332758583,0.26069969828295,0.009038027580842017,0.35814815196040006,0.0,-0.06815964652500164,0.031188372734941423,-0.00516700844908438,-0.008573193499048233,-0.008002524071119213,-0.004537873589605867,-0.011824353054057818,0.008447273764129865,0.005009847219854801,-0.00793180931480805,-0.03126427168354483,0.0024825650395820325,0.0003634349778030503,-8.593658826009303e-05,-0.00798537544456215,-0.016565485160731596,-0.06815964652500164,-0.031188372734941423,1.0293264670458167,0.0,0.21315623337028322,0.018892622754615805,0.02048810427790983,0.0013159406897270836,0.026365595215683303,0.005014264586402083,0.007555250846395306,0.002919215841654416,-0.003570417335975034,0.0005661607852887006,0.0008138401955199867,-0.0003637431847733999,0.012781677820929684,0.007317222434988779,-0.00516700844908438,0.008573193499048233,0.21315623337028322,-0.018892622754615805,0.09899678376191166,0.0,0.06378098505846501,0.0033479171871567503,0.015184523492832834,-0.0069576933368096505,0.09864402661159333,0.011324642332028585,0.0019961349187929997,-0.0027355031506043153,0.0010059798785944532,-0.0008163685553669835,-0.003949593395982332,0.0009103482850035667,-0.008002524071119213,0.004537873589605867,0.02048810427790983,-0.0013159406897270836,0.06378098505846501,-0.0033479171871567503,-0.19718994909999996,0.0,-0.07649946519684665,-0.0019970883399673977,0.023556155034861675,-0.0024095203503992782,0.0006728551768943402,0.002476998210278611,0.0007799474217297,0.0007924549712668999,0.0054104727353309345,0.0012266120554509582,-0.011824353054057818,-0.008447273764129865,0.026365595215683303,-0.005014264586402083,0.015184523492832834,0.0069576933368096505,-0.07649946519684665,0.0019970883399673977,-0.09834980045533832,0.0,-0.029441817057605006,0.015166644089275162,0.0006539593103908666,0.004726879473397067,-0.002052225276221684,-0.0006439621680606179,0.004893891057104191,0.010754063927601936,0.005009847219854801,0.00793180931480805,0.007555250846395306,-0.002919215841654416,0.09864402661159333,-0.011324642332028585,0.023556155034861675,0.0024095203503992782,-0.029441817057605006,-0.015166644089275162,-0.10713848372948001,0.0,-0.001795409835952384,-0.0001550690907311969,-0.00016920429154731675,-0.0004404275672765331,-0.031217410304429996,0.008483688284977229,-0.03126427168354483,-0.0024825650395820325,-0.003570417335975034,-0.0005661607852887006,0.0019961349187929997,0.0027355031506043153,0.0006728551768943402,-0.002476998210278611,0.0006539593103908666,-0.004726879473397067,-0.001795409835952384,0.0001550690907311969,-0.15367977324075005,0.0,0.9996386575984667
0.9769999999999986,0.0014608501779804002,0.0,0.00024079077191846651,-0.0006201345469596967,-0.0018593261914642393,-0.0017618652562884501,-0.0002289686942030483,0.00014294200550075013,-0.0008688944334004416,0.000339657478253267,-0.00134168612111642,0.00010450988776398347,1.9703973822923177e-05,0.0010846212830048169,0.0009844117256460564,-0.0018925551876564834,-0.00018954612607541838,-0.00044399463532295,0.00024079077191846651,0.0006201345469596967,0.06775185848792666,0.0,0.26051374217520007,-0.009267116732520331,-0.0077648681399781014,0.016572587134714,0.012704280355009681,-0.0072473661537973,-0.003983868410501783,-0.0009304060186535333,0.005453278628923186,-0.0012600898156734917,0.004872228072590182,-0.010670290321271043,-0.03122329228009332,-0.008549472333047767,-0.0018593261914642393,0.0017618652562884501,0.26051374217520007,0.009267116732520331,0.3581306065631166,0.0,-0.06856354248234164,0.030950205080496354,-0.005305379818516616,-0.008634558232677768,-0.008100866988777529,-0.004464700608278819,-0.011893435985337816,0.008477772668383047,0.005049773049768483,-0.007843929362290933,-0.031199045449114157,0.0025262828241174196,-0.0002289686942030483,-0.00014294200550075013,-0.0077648681399781014,-0.016572587134714,-0.06856354248234164,-0.030950205080496354,1.0301446843175333,0.0,0.21326525246574993,0.01890172336326405,0.020544038173147896,0.0014253817301334174,0.02626608029375651,0.004892731323244168,0.007451073111052549,0.0029837299236728167,-0.003299250695753084,0.0005208811409515836,-0.0008688944334004416,-0.000339657478253267,0.012704280355009681,0.0072473661537973,-0.005305379818516616,0.008634558232677768,0.21326525246574993,-0.01890172336326405,0.09888032044588003,0.0,0.06381801353863167,0.0033638330370853167,0.015189831102770167,-0.006944496597868366,0.09864196109151997,0.011347034873842416,0.0021143257055503155,-0.002710165138233568,-0.00134168612111642,-0.00010450988776398347,-0.003983868410501783,0.0009304060186535333,-0.008100866988777529,0.004464700608278819,0.020544038173147896,-0.0014253817301334174,0.06381801353863167,-0.0033638330370853167,-0.19722170129511657,0.0,-0.07647015793465166,-0.0019864376214352,0.02360622994842667,-0.002429350639197477,0.0006318671962552499,0.002482312813605984,1.9703973822923177e-05,-0.0010846212830048169,0.005453278628923186,0.0012600898156734917,-0.011893435985337816,-0.008477772668383047,0.02626608029375651,-0.004892731323244168,0.015189831102770167,0.006944496597868366,-0.07647015793465166,0.0019864376214352,-0.09851037432751,0.0,-0.029436398158559994,0.01514325932747816,0.0006751090436282533,0.004700941935843932,0.0009844117256460564,0.0018925551876564834,0.004872228072590182,0.010670290321271043,0.005049773049768483,0.007843929362290933,0.007451073111052549,-0.0029837299236728167,0.09864196109151997,-0.011347034873842416,0.02360622994842667,0.002429350639197477,-0.029436398158559994,-0.01514325932747816,-0.10719486532479834,0.0,-0.0017122476037082501,-0.00017100026950451678,-0.00018954612607541838,0.00044399463532295,-0.03122329228009332,0.008549472333047767,-0.031199045449114157,-0.0025262828241174196,-0.003299250695753084,-0.0005208811409515836,0.0021143257055503155,0.002710165138233568,0.0006318671962552499,-0.002482312813605984,0.0006751090436282533,-0.004700941935843932,-0.0017122476037082501,0.00017100026950451678,-0.15380290501655003,0.0,0.99963847402865
0.9780000000000011,0.0014606666244056338,0.0,0.00028373693162619983,0.0005579852347562767,0.00258424320842062,-0.00010803849988778354,4.563391882833343e-05,-0.00021287925001848995,0.00036801018576849986,-0.0008999054080472334,0.0009402299455765,-0.0010387523728443337,-0.0007657130251224167,-0.0007164828168862626,0.0006381335003164166,0.0020244242496072666,0.0004540376770450167,0.00018013426109478314,0.00028373693162619983,-0.0005579852347562767,0.06743223783296501,0.0,0.2603069853559167,-0.009494936237078009,-0.007563053696024533,0.016534307889925815,0.012637788807304418,-0.007170856643434199,-0.004017899788879901,-0.0009410369458425582,0.005485777385529234,-0.001293000394043028,0.004881455777554043,-0.010609574724502534,-0.03122754264761833,-0.008606659224219585,0.00258424320842062,0.00010803849988778354,0.2603069853559167,0.009494936237078009,0.35812366785986677,0.0,-0.06900450543315334,0.030755387348967,-0.0054626278929546905,-0.008697658282085234,-0.008197407054497766,-0.00438887007163981,-0.012000510317987228,0.008514833074826865,0.005127356436550402,-0.0077353806932366305,-0.03115468774362117,0.0026007187672018165,4.563391882833343e-05,0.00021287925001848995,-0.007563053696024533,-0.016534307889925815,-0.06900450543315334,-0.030755387348967,1.0309608066514666,0.0,0.2133940036128666,0.01894514700117853,0.02064449276131084,0.0014575724092238005,0.026212965598927832,0.004828596220473812,0.007370570490763717,0.002985693754854217,-0.0030027218009269488,0.00046801802147946665,0.00036801018576849986,0.0008999054080472334,0.012637788807304418,0.007170856643434199,-0.0054626278929546905,0.008697658282085234,0.2133940036128666,-0.01894514700117853,0.09876401011682835,0.0,0.06386152773908502,0.0034073750659353993,0.0152185045153645,-0.0069329681233620665,0.09863220364455168,0.011361135647153244,0.0022355740703219567,-0.002692768237539935,0.0009402299455765,0.0010387523728443337,-0.004017899788879901,0.0009410369458425582,-0.008197407054497766,0.00438887007163981,0.02064449276131084,-0.0014575724092238005,0.06386152773908502,-0.0034073750659353993,-0.19725457311133338,0.0,-0.07643007970810838,-0.0019799233610640335,0.023662550904858342,-0.0024628264127125625,0.0005823803185049335,0.002499020444248034,-0.0007657130251224167,0.0007164828168862626,0.005485777385529234,0.001293000394043028,-0.012000510317987228,-0.008514833074826865,0.026212965598927832,-0.004828596220473812,0.0152185045153645,0.0069329681233620665,-0.07643007970810838,0.0019799233610640335,-0.09866978284404339,0.0,-0.029427176662151673,0.015106451494844332,0.0006828224738643333,0.004681747591589774,0.0006381335003164166,-0.0020244242496072666,0.004881455777554043,0.010609574724502534,0.005127356436550402,0.0077353806932366305,0.007370570490763717,-0.002985693754854217,0.09863220364455168,-0.011361135647153244,0.023662550904858342,0.0024628264127125625,-0.029427176662151673,-0.015106451494844332,-0.10725208581410503,0.0,-0.0016269860893397008,-0.00017620149798426669,0.0004540376770450167,-0.00018013426109478314,-0.03122754264761833,0.008606659224219585,-0.03115468774362117,-0.0026007187672018165,-0.0030027218009269488,-0.00046801802147946665,0.0022355740703219567,0.002692768237539935,0.0005823803185049335,-0.002499020444248034,0.0006828224738643333,-0.004681747591589774,-0.0016269860893397008,0.00017620149798426669,-0.15392665684713333,0.0,0.9996382904686166
0.9789999999999993,0.001460483079980934,0.0,-0.0005652722420313668,-0.0001599877084535317,-0.0017355906444830164,0.0019666007471753413,8.308480735645002e-05,0.00016462330762632014,0.0003942120545515954,0.000931817185406433,3.607811388745003e-05,0.0014380607851974844,0.0009992182282351333,-6.091678906617997e-05,-0.0018739663944672,-0.0009842111154309237,-0.0004330101873105333,0.00019642592403398834,-0.0005652722420313668,0.0001599877084535317,0.06710593389950667,0.0,0.26006658151788337,-0.009669887734655684,-0.007404469392709902,0.016484032781613513,0.012552587028168801,-0.007120775884737983,-0.004062818657835983,-0.0009317361246597332,0.0055235469065382055,-0.0013363418266731499,0.0048914363253635545,-0.010559014235889513,-0.03121891969522501,-0.008644499914224937,-0.0017355906444830164,-0.0019666007471753413,0.26006658151788337,0.009669887734655684,0.3581258176109335,0.0,-0.06942883925022668,0.03061087262159962,-0.00565443661399685,-0.008765908804744336,-0.008311156755004798,-0.004310932468330934,-0.012100523302726419,0.008542607887616783,0.005191712029724434,-0.007620992139703087,-0.03111691412748167,0.0026778158434722166,8.308480735645002e-05,-0.00016462330762632014,-0.007404469392709902,-0.016484032781613513,-0.06942883925022668,-0.03061087262159962,1.0317754198463835,0.0,0.2135384992774501,0.01894880040833824,0.020760945186804495,0.0015354254517155488,0.02616139372383632,0.0047782221049273675,0.007262797594745282,0.0030039244357729497,-0.002706487306150833,0.0004098734114545986,0.0003942120545515954,-0.000931817185406433,0.012552587028168801,0.007120775884737983,-0.00565443661399685,0.008765908804744336,0.2135384992774501,-0.01894880040833824,0.09864850068602495,0.0,0.06391527478903833,0.0034693362416450455,0.015248243866481994,-0.006918811551560552,0.09860905749888328,0.011375967119588517,0.002341610480688732,-0.0026906221949846002,3.607811388745003e-05,-0.0014380607851974844,-0.004062818657835983,0.0009317361246597332,-0.008311156755004798,0.004310932468330934,0.020760945186804495,-0.0015354254517155488,0.06391527478903833,-0.0034693362416450455,-0.19728903085201668,0.0,-0.07638477650717666,-0.001975347589952756,0.023704358893469994,-0.0024973456632878957,0.0005258489356639401,0.002515026043402616,0.0009992182282351333,6.091678906617997e-05,0.0055235469065382055,0.0013363418266731499,-0.012100523302726419,-0.008542607887616783,0.02616139372383632,-0.0047782221049273675,0.015248243866481994,0.006918811551560552,-0.07638477650717666,0.001975347589952756,-0.09882828702674165,0.0,-0.02940587048700334,0.015081797270526002,0.0006748054408879968,0.0046705992912756,-0.0018739663944672,0.0009842111154309237,0.0048914363253635545,0.010559014235889513,0.005191712029724434,0.007620992139703087,0.007262797594745282,-0.0030039244357729497,0.09860905749888328,-0.011375967119588517,0.023704358893469994,0.0024973456632878957,-0.02940587048700334,-0.015081797270526002,-0.10730994144987836,0.0,-0.001544192168761283,-0.00016769712705267843,-0.0004330101873105333,-0.00019642592403398834,-0.03121891969522501,0.008644499914224937,-0.03111691412748167,-0.0026778158434722166,-0.002706487306150833,-0.0004098734114545986,0.002341610480688732,0.0026906221949846002,0.0005258489356639401,-0.002515026043402616,0.0006748054408879968,-0.0046705992912756,-0.001544192168761283,0.00016769712705267843,-0.15405078887651666,0.0,0.9996381069177169
0.9799999999999988,0.0014602995309335334,0.0,0.0004797249815664167,-0.0002592141164605834,-0.00024067673459246398,-0.0026343266572855474,-8.924646177150018e-05,-8.975993552456501e-05,-0.0009650233119639998,-0.0004118383182656168,-0.001038696368332283,-0.001031829327020467,-0.0006009182633886179,0.0007416579521287502,0.002018360422033,-0.0006134099621711165,0.00015441165295465472,-0.00044119450630074173,0.0004797249815664167,0.0002592141164605834,0.06677541082589501,0.0,0.25985937315686664,-0.00975957521035143,-0.007268868506657916,0.016425058856473003,0.012469184720551566,-0.007104025083882548,-0.004115546739983566,-0.0009126000881585168,0.005573877301921549,-0.0013851731143031166,0.004888296789231483,-0.01050124622123777,-0.031189876553381672,-0.00869157388787025,-0.00024067673459246398,0.0026343266572855474,0.25985937315686664,0.00975957521035143,0.35813383867838333,0.0,-0.06983225708712,0.03051005023631447,-0.005842231728001108,-0.008821748628924668,-0.00845171281829515,-0.0042459800518323,-0.012157712076849181,0.008571031118120603,0.005223989876158567,-0.007522115504125415,-0.031086456532848337,0.0027432829135870737,-8.924646177150018e-05,8.975993552456501e-05,-0.007268868506657916,-0.016425058856473003,-0.06983225708712,-0.03051005023631447,1.0325878226623666,0.0,0.2136841769847834,0.01891251898406425,0.020845074565542302,0.0017115910652236166,0.026086910256147944,0.004670411320976065,0.007130490304112895,0.0030617102551741835,-0.0024406015478111334,0.0004259932531329328,-0.0009650233119639998,0.0004118383182656168,0.012469184720551566,0.007104025083882548,-0.005842231728001108,0.008821748628924668,0.2136841769847834,-0.01891251898406425,0.09853522168704001,0.0,0.06396753732283167,0.0035226736314328843,0.015255553048221003,-0.006904885755946717,0.09859791808892164,0.011398173363683031,0.0024342446793363228,-0.0026901218150966865,-0.001038696368332283,0.001031829327020467,-0.004115546739983566,0.0009126000881585168,-0.00845171281829515,0.0042459800518323,0.020845074565542302,-0.0017115910652236166,0.06396753732283167,-0.0035226736314328843,-0.19732533970335003,0.0,-0.07634852184366167,-0.0019580494393581544,0.023727506633773324,-0.002520588484877808,0.00047280115126409355,0.0025254591154758666,-0.0006009182633886179,-0.0007416579521287502,0.005573877301921549,0.0013851731143031166,-0.012157712076849181,-0.008571031118120603,0.026086910256147944,-0.004670411320976065,0.015255553048221003,0.006904885755946717,-0.07634852184366167,0.0019580494393581544,-0.09898586623354004,0.0,-0.029377338995491657,0.01508635041987533,0.0006676129421341834,0.004671816089663,0.002018360422033,0.0006134099621711165,0.004888296789231483,0.01050124622123777,0.005223989876158567,0.007522115504125415,0.007130490304112895,-0.0030617102551741835,0.09859791808892164,-0.011398173363683031,0.023727506633773324,0.002520588484877808,-0.029377338995491657,-0.01508635041987533,-0.10736816398708499,0.0,-0.0014637014858017502,-0.0001470790587069668,0.00015441165295465472,0.00044119450630074173,-0.031189876553381672,0.00869157388787025,-0.031086456532848337,-0.0027432829135870737,-0.0024406015478111334,-0.0004259932531329328,0.0024342446793363228,0.0026901218150966865,0.00047280115126409355,-0.0025254591154758666,0.0006676129421341834,-0.004671816089663,-0.0014637014858017502,0.0001470790587069668,-0.15417530009786667,0.0,0.9996379233632668
0.9810000000000012,0.0014601159809982003,0.0,-0.0001574129429902002,0.00048012754424973334,0.002078835996328851,0.0016176342878120537,6.341342888070002e-05,0.0001081086158232338,0.0010059601899084503,-0.00039737557880438934,0.001499987013315683,2.9530013725083217e-05,-0.00013714018343465002,-0.0009038299989438828,-0.0009994231671606802,0.0018436687506970504,0.00022084179773759985,0.0004392382519832667,-0.0001574129429902002,-0.00048012754424973334,0.06644406431572167,0.0,0.2596711520389667,-0.009778784151988233,-0.007123148100121022,0.016324818273063826,0.012426292536302298,-0.007088251250084049,-0.004165845419704199,-0.0009040821400453119,0.005615534517386084,-0.0014303896272372504,0.004899982822279867,-0.010427957442469032,-0.031141032021880004,-0.008771664141955581,0.002078835996328851,-0.0016176342878120537,0.2596711520389667,0.009778784151988233,0.3581443086819666,0.0,-0.070248070983255,0.03043772142034784,-0.005988559261960749,-0.008847210820383165,-0.008604045234964162,-0.004207969500867293,-0.012197706572731627,0.008613305800381884,0.005258573478624667,-0.0074374851815804995,-0.03108082209158666,0.0028050434483659855,6.341342888070002e-05,-0.0001081086158232338,-0.007123148100121022,-0.016324818273063826,-0.070248070983255,-0.03043772142034784,1.0333979618784002,0.0,0.21377838513968336,0.018907958820217348,0.020917115470444655,0.0019044651320820013,0.02601931050717577,0.004527856779161959,0.007032563452757285,0.0031140516449358674,-0.0022011396936185332,0.0005463859003452004,0.0010059601899084503,0.00039737557880438934,0.012426292536302298,0.007088251250084049,-0.005988559261960749,0.008847210820383165,0.21377838513968336,-0.018907958820217348,0.09842421119866832,0.0,0.06398953155720997,0.003564077464455749,0.015247546888480174,-0.006898966280814015,0.09859548588934502,0.011424915052306518,0.0025289512701318637,-0.0026697690039004,0.001499987013315683,-2.9530013725083217e-05,-0.004165845419704199,0.0009040821400453119,-0.008604045234964162,0.004207969500867293,0.020917115470444655,-0.0019044651320820013,0.06398953155720997,-0.003564077464455749,-0.19736372098559996,0.0,-0.07631120803361334,-0.00192694876028065,0.023742712922158342,-0.0025422360757707428,0.00043284626119511656,0.002541361379590523,-0.00013714018343465002,0.0009038299989438828,0.005615534517386084,0.0014303896272372504,-0.012197706572731627,-0.008613305800381884,0.02601931050717577,-0.004527856779161959,0.015247546888480174,0.006898966280814015,-0.07631120803361334,0.00192694876028065,-0.09914192680051999,0.0,-0.029348912232009996,0.015096970925033001,0.0006717775506327001,0.004678828220675949,-0.0009994231671606802,-0.0018436687506970504,0.004899982822279867,0.010427957442469032,0.005258573478624667,0.0074374851815804995,0.007032563452757285,-0.0031140516449358674,0.09859548588934502,-0.011424915052306518,0.023742712922158342,0.0025422360757707428,-0.029348912232009996,-0.015096970925033001,-0.10742669920789497,0.0,-0.0013824656326088685,-0.00012705472114960009,0.00022084179773759985,-0.0004392382519832667,-0.031141032021880004,0.008771664141955581,-0.03108082209158666,-0.0028050434483659855,-0.0022011396936185332,-0.0005463859003452004,0.0025289512701318637,0.0026697690039004,0.00043284626119511656,-0.002541361379590523,0.0006717775506327001,-0.004678828220675949,-0.0013824656326088685,0.00012705472114960009,-0.15430057525473334,0.0,0.9996377398070834
0.9819999999999994,0.0014599324488580327,0.0,-0.0002229589946731167,-0.0004203943555214316,-0.002576548171003066,0.0004024308837964063,-0.00014834471492624016,-0.0001212250249562451,-0.0004257435829725835,0.001030187970113883,-0.0011426972128097167,0.0010437944877869836,0.0007142429209141499,0.0004906225362949292,-0.0005888559562035168,-0.001997013367712515,-0.0005127681231054701,-0.00016250082182540996,-0.0002229589946731167,0.0004203943555214316,0.06611467597168166,0.0,0.2594698105752667,-0.009746952151144682,-0.0069754493143141605,0.016188716698434167,0.012419317163987016,-0.0070462074429204,-0.004211830224241111,-0.0009097742892742836,0.005626604317190822,-0.0014772273942492168,0.004952222947906333,-0.010344009311129412,-0.03108648159516166,-0.008869428713226601,-0.002576548171003066,-0.0004024308837964063,0.2594698105752667,0.009746952151144682,0.3581546671282167,0.0,-0.07070826766280668,0.030397883474810337,-0.006113242414498583,-0.008860261861480449,-0.008754460485403069,-0.004197463814557425,-0.012265056318177477,0.008659980717051883,0.005319722540389701,-0.007348226262109848,-0.031115743958913325,0.0028674427506924505,-0.00014834471492624016,0.0001212250249562451,-0.0069754493143141605,-0.016188716698434167,-0.07070826766280668,-0.030397883474810337,1.0342073520462334,0.0,0.2138480132076334,0.01896688544680237,0.02102390556346778,0.002048235695644283,0.025978439448313052,0.004437132970093933,0.006982624684181512,0.0031292487454588325,-0.001955595789864333,0.0007088117360717498,-0.0004257435829725835,-0.001030187970113883,0.012419317163987016,0.0070462074429204,-0.006113242414498583,0.008860261861480449,0.2138480132076334,-0.01896688544680237,0.09831428556579672,0.0,0.06398427203724501,0.0036174817383455324,0.015251901034246831,-0.00689781425535862,0.098590323096265,0.011456043180674901,0.002626625051976597,-0.0026305561826764213,-0.0011426972128097167,-0.0010437944877869836,-0.004211830224241111,0.0009097742892742836,-0.008754460485403069,0.004197463814557425,0.02102390556346778,-0.002048235695644283,0.06398427203724501,-0.0036174817383455324,-0.19740440748084997,0.0,-0.07627684723929999,-0.00190076352516335,0.023760542548775004,-0.002579483286989868,0.0004025961619035,0.0025694585687533653,0.0007142429209141499,-0.0004906225362949292,0.005626604317190822,0.0014772273942492168,-0.012265056318177477,-0.008659980717051883,0.025978439448313052,-0.004437132970093933,0.015251901034246831,0.00689781425535862,-0.07627684723929999,0.00190076352516335,-0.09929612846102333,0.0,-0.029329182434511665,0.015085841128547666,0.0006763661615069333,0.004677518296008949,-0.0005888559562035168,0.001997013367712515,0.004952222947906333,0.010344009311129412,0.005319722540389701,0.007348226262109848,0.006982624684181512,-0.0031292487454588325,0.098590323096265,-0.011456043180674901,0.023760542548775004,0.002579483286989868,-0.029329182434511665,-0.015085841128547666,-0.10748587846824167,0.0,-0.001301910116628649,-0.00011703648623400001,-0.0005127681231054701,0.00016250082182540996,-0.03108648159516166,0.008869428713226601,-0.031115743958913325,-0.0028674427506924505,-0.001955595789864333,-0.0007088117360717498,0.002626625051976597,0.0026305561826764213,0.0004025961619035,-0.0025694585687533653,0.0006763661615069333,-0.004677518296008949,-0.001301910116628649,0.00011703648623400001,-0.15442694248303337,0.0,0.9996375562684167
0.9829999999999988,0.001459748939184849,0.0,0.00044236622893497165,0.00011679559963878852,0.00147456777163255,-0.0021354252446010996,0.00025371531727503183,-2.1580627255765246e-05,-0.0004602172655419329,-0.0010649482561570492,0.00011034432770365005,-0.0015809075381197101,-0.0007850833217087249,0.00016212414745878851,0.0018204350133868956,0.000985122224356549,0.0005092914711748335,-0.00027174967345246676,0.00044236622893497165,-0.00011679559963878852,0.06578944465639831,0.0,0.2592142385486666,-0.009647379928228067,-0.0068476557129455015,0.016063868227317504,0.012410215683727617,-0.006988053874401365,-0.0042585700881736825,-0.0009148608390838129,0.005616296376224484,-0.0015367115026685499,0.005020830612650399,-0.010257072074737646,-0.031026284180473332,-0.00895709549223129,0.00147456777163255,0.0021354252446010996,0.2592142385486666,0.009647379928228067,0.3581624752567833,0.0,-0.071185274852365,0.030398498651211827,-0.006253470336622952,-0.008893337835045851,-0.00890802100425907,-0.004206796403092275,-0.012347995170500477,0.008692193793611134,0.005377527691879774,-0.007247589836012263,-0.031166668268568336,0.002916788293329634,0.00025371531727503183,2.1580627255765246e-05,-0.0068476557129455015,-0.016063868227317504,-0.071185274852365,-0.030398498651211827,1.0350174899136837,0.0,0.21392362226536668,0.019024426030805956,0.021122999095049687,0.0021773488507754206,0.025927488273362546,0.004401055316596216,0.006918744746469383,0.0031300731764765,-0.0016970558048187174,0.0008518210891802836,-0.0004602172655419329,0.0010649482561570492,0.012410215683727617,0.006988053874401365,-0.006253470336622952,0.008893337835045851,0.21392362226536668,-0.019024426030805956,0.09820514815475337,0.0,0.06396832344256166,0.0036905888614790754,0.015268927093088497,-0.006886599133578766,0.09856257145673332,0.011491692904026815,0.002713782833300516,-0.0025887497458548167,0.00011034432770365005,0.0015809075381197101,-0.0042585700881736825,0.0009148608390838129,-0.00890802100425907,0.004206796403092275,0.021122999095049687,-0.0021773488507754206,0.06396832344256166,-0.0036905888614790754,-0.19744754892846667,0.0,-0.07625018799091002,-0.0018887228341229398,0.02377529219058,-0.002626462231742346,0.0003714917831426166,0.00259787980759425,-0.0007850833217087249,-0.00016212414745878851,0.005616296376224484,0.0015367115026685499,-0.012347995170500477,-0.008692193793611134,0.025927488273362546,-0.004401055316596216,0.015268927093088497,0.006886599133578766,-0.07625018799091002,0.0018887228341229398,-0.09944888290623331,0.0,-0.029313996822234994,0.015058033626806664,0.0006671717628859085,0.004659251332655651,0.0018204350133868956,-0.000985122224356549,0.005020830612650399,0.010257072074737646,0.005377527691879774,0.007247589836012263,0.006918744746469383,-0.0031300731764765,0.09856257145673332,-0.011491692904026815,0.02377529219058,0.002626462231742346,-0.029313996822234994,-0.015058033626806664,-0.10754615493558,0.0,-0.001226442178613595,-0.00011392810726619999,0.0005092914711748335,0.00027174967345246676,-0.031026284180473332,0.00895709549223129,-0.031166668268568336,-0.002916788293329634,-0.0016970558048187174,-0.0008518210891802836,0.002713782833300516,0.0025887497458548167,0.0003714917831426166,-0.00259787980759425,0.0006671717628859085,-0.004659251332655651,-0.001226442178613595,0.00011392810726619999,-0.15455434739785,0.0,0.9996373727526667
0.9840000000000013,0.0014595654395314335,0.0,-0.00038339029369544004,0.0002159511388960665,0.0005320911910036495,0.0025404142761644836,-0.00021565937190701513,0.00028189204138475836,0.0011318188767041662,0.00045447989655260016,0.0010281242531223714,0.0012325076663997497,0.00039369848635208274,-0.0006191991044193834,-0.0019727462314735674,0.0005981061858687664,-0.00017756723215060015,0.0005781506946656035,-0.00038339029369544004,-0.0002159511388960665,0.06547094983407666,0.0,0.2589625235041334,-0.009467079785266667,-0.006739249314141583,0.015962571491887838,0.012393470717280898,-0.006938940084707481,-0.004306749402245335,-0.0009133316334332169,0.005612170241660903,-0.0016066743832321502,0.005064951185287634,-0.0101663738373842,-0.030952753147069998,-0.009036984535381766,0.0005320911910036495,-0.0025404142761644836,0.2589625235041334,0.009467079785266667,0.35816453869036663,0.0,-0.07164630069953334,0.030449322978176832,-0.006403638528497385,-0.008943895740324068,-0.009076925707827432,-0.004234648033523266,-0.01240263739829626,0.00871630268038445,0.005394838469282433,-0.007150770391526786,-0.031195414869300005,0.0029461247983028505,-0.00021565937190701513,-0.00028189204138475836,-0.006739249314141583,-0.015962571491887838,-0.07164630069953334,-0.030449322978176832,1.0358281219228331,0.0,0.21402372352213334,0.019018198708686766,0.021129011759668456,0.0023347900608823636,0.0258400657519675,0.004332465906842937,0.006808587116149549,0.0031485154565123164,-0.0014678657682922493,0.0009921323575217832,0.0011318188767041662,-0.00045447989655260016,0.012393470717280898,0.006938940084707481,-0.006403638528497385,0.008943895740324068,0.21402372352213334,-0.019018198708686766,0.09809800932970333,0.0,0.06396059840664334,0.0037602200205110623,0.015279432421009166,-0.006864241371743447,0.09853010220049498,0.011529103989177303,0.002786306700917433,-0.0025469693229532167,0.0010281242531223714,-0.0012325076663997497,-0.004306749402245335,0.0009133316334332169,-0.009076925707827432,0.004234648033523266,0.021129011759668456,-0.0023347900608823636,0.06396059840664334,-0.0037602200205110623,-0.19749303820866662,0.0,-0.07624395935500167,-0.0018799761443979161,0.023785716051881674,-0.0026623834030033364,0.00033842941921341665,0.0026148412223648498,0.00039369848635208274,0.0006191991044193834,0.005612170241660903,0.0016066743832321502,-0.01240263739829626,-0.00871630268038445,0.0258400657519675,-0.004332465906842937,0.015279432421009166,0.006864241371743447,-0.07624395935500167,0.0018799761443979161,-0.09960068650299833,0.0,-0.029300164635903334,0.015042271536929832,0.0006507568532129665,0.004632061921121048,-0.0019727462314735674,-0.0005981061858687664,0.005064951185287634,0.0101663738373842,0.005394838469282433,0.007150770391526786,0.006808587116149549,-0.0031485154565123164,0.09853010220049498,-0.011529103989177303,0.023785716051881674,0.0026623834030033364,-0.029300164635903334,-0.015042271536929832,-0.10760763636182,0.0,-0.0011583792282973064,-0.00010621016153631972,-0.00017756723215060015,-0.0005781506946656035,-0.030952753147069998,0.009036984535381766,-0.031195414869300005,-0.0029461247983028505,-0.0014678657682922493,-0.0009921323575217832,0.002786306700917433,0.0025469693229532167,0.00033842941921341665,-0.0026148412223648498,0.0006507568532129665,-0.004632061921121048,-0.0011583792282973064,0.00010621016153631972,-0.15468263489624998,0.0,0.9996371892465667
0.9849999999999995,0.001459381934575334,0.0,0.00014121579832726663,-0.0003956658750134556,-0.0022042828405364995,-0.0013549067595101168,-5.789433693983682e-05,-0.0004981749192004,-0.0011782748364870834,0.0005045028706273495,-0.001617163268028433,-0.00017678143669532092,0.00015386572198309144,0.0006661012477261498,0.000956129370147,-0.0018169573730347833,-0.0002782880912976499,-0.0005744585444359,0.00014121579832726663,0.0003956658750134556,0.06516172980739668,0.0,0.25875634591141666,-0.009238940546788983,-0.006638128395844467,0.015821276477717434,0.012398702067747265,-0.006905409974095501,-0.004348648539945133,-0.000918738892734642,0.005618397324517615,-0.0016727013204364016,0.005088215215270449,-0.010069567847620439,-0.030863854017455002,-0.009129182738132466,-0.0022042828405364995,0.0013549067595101168,0.25875634591141666,0.009238940546788983,0.35815784384973337,0.0,-0.07207967456529166,0.0305434627532652,-0.006527434810908033,-0.008985587025314422,-0.009253662947824733,-0.0042860312450068334,-0.012428266055387254,0.00875286973302933,0.005384581019611535,-0.007062737983601003,-0.031198114797219997,0.0029755498963155665,-5.789433693983682e-05,0.0004981749192004,-0.006638128395844467,-0.015821276477717434,-0.07207967456529166,-0.0305434627532652,1.0366382583043334,0.0,0.21409774916778326,0.018975398752751314,0.02105469360053083,0.002486776423694784,0.02573931266597949,0.004200054624415048,0.006713742759413984,0.00317916723382865,-0.0013084081883011332,0.0011827341186668736,-0.0011782748364870834,-0.0005045028706273495,0.012398702067747265,0.006905409974095501,-0.006527434810908033,0.008985587025314422,0.21409774916778326,-0.018975398752751314,0.09799384919904831,0.0,0.06395115914216667,0.0038107215772616694,0.0152793988878982,-0.0068468401397122165,0.09851090857787333,0.011564016086417939,0.002854338723680221,-0.0024880137026844842,-0.001617163268028433,0.00017678143669532092,-0.004348648539945133,0.000918738892734642,-0.009253662947824733,0.0042860312450068334,0.02105469360053083,-0.002486776423694784,0.06395115914216667,-0.0038107215772616694,-0.19754062446890003,0.0,-0.07624982186413166,-0.001862955200759508,0.023801514648196666,-0.002683982545136378,0.00031144467889520836,0.0026284697412677985,0.00015386572198309144,-0.0006661012477261498,0.005618397324517615,0.0016727013204364016,-0.012428266055387254,-0.00875286973302933,0.02573931266597949,-0.004200054624415048,0.0152793988878982,0.0068468401397122165,-0.07624982186413166,0.001862955200759508,-0.09975141441481997,0.0,-0.029286237768731665,0.015042341748412335,0.0006403025066623334,0.004608016284593667,0.000956129370147,0.0018169573730347833,0.005088215215270449,0.010069567847620439,0.005384581019611535,0.007062737983601003,0.006713742759413984,-0.00317916723382865,0.09851090857787333,-0.011564016086417939,0.023801514648196666,0.002683982545136378,-0.029286237768731665,-0.015042341748412335,-0.10767010995298,0.0,-0.0010943005984440314,-9.078813362230007e-05,-0.0002782880912976499,0.0005744585444359,-0.030863854017455002,0.009129182738132466,-0.031198114797219997,-0.0029755498963155665,-0.0013084081883011332,-0.0011827341186668736,0.002854338723680221,0.0024880137026844842,0.00031144467889520836,-0.0026284697412677985,0.0006403025066623334,-0.004608016284593667,-0.0010943005984440314,9.078813362230007e-05,-0.15481190852316665,0.0,0.9996370057361336
0.9859999999999989,0.0014591984341279331,0.0,0.0001518640580506685,0.00037268438260513353,0.0024784014655905204,-0.0006662508516952999,0.0004907236880563833,0.0004121721589963066,0.0004572136543003565,-0.0012562464908989065,0.0013195270665453218,-0.00101177143438645,-0.0005518756145770001,-0.00034870355306285003,0.00062355890630795,0.0019487796496460265,0.0006287992308946669,0.0002627909661139666,0.0001518640580506685,-0.00037268438260513353,0.06486295449048335,0.0,0.2585774900989001,-0.00901704465901985,-0.0065621050201939,0.015594007064315202,0.012430229565531458,-0.006875022818286175,-0.004378924844167567,-0.0009421941701505967,0.005614068867159873,-0.00172960713906205,0.005127236664631249,-0.009974199294034888,-0.030774414332040003,-0.009232534792967397,0.0024784014655905204,0.0006662508516952999,0.2585774900989001,0.00901704465901985,0.3581411155139167,0.0,-0.07250431034992168,0.030670606425340707,-0.006618942694712047,-0.009018158881809032,-0.009420376274023068,-0.0043612139363094155,-0.012475409221145128,0.00880082953286,0.005389824442592416,-0.0069612831216697806,-0.031208418820746663,0.003025507158697417,0.0004907236880563833,-0.0004121721589963066,-0.0065621050201939,-0.015594007064315202,-0.07250431034992168,-0.030670606425340707,1.03744786774225,0.0,0.21412192637944996,0.018953047790616195,0.021001427075432833,0.0025819158287046663,0.025649531925969343,0.004078007252874115,0.006698441265669349,0.003191997009756913,-0.00119171016635918,0.0014300505218473466,0.0004572136543003565,0.0012562464908989065,0.012430229565531458,0.006875022818286175,-0.006618942694712047,0.009018158881809032,0.21412192637944996,-0.018953047790616195,0.09789241222049665,0.0,0.06392727858379668,0.003861624614328864,0.015289148025674593,-0.006840127737706164,0.098499921686705,0.011595035469305756,0.0029269937724821166,-0.0024056224691121997,0.0013195270665453218,0.00101177143438645,-0.004378924844167567,0.0009421941701505967,-0.009420376274023068,0.0043612139363094155,0.021001427075432833,-0.0025819158287046663,0.06392727858379668,-0.003861624614328864,-0.19759027350198335,0.0,-0.07625375724700835,-0.0018427575749078837,0.023832687739145,-0.0027097884991589822,0.0002896029594077166,0.0026540012897637326,-0.0005518756145770001,0.00034870355306285003,0.005614068867159873,0.00172960713906205,-0.012475409221145128,-0.00880082953286,0.025649531925969343,-0.004078007252874115,0.015289148025674593,0.006840127737706164,-0.07625375724700835,0.0018427575749078837,-0.099900663554075,0.0,-0.029271200211701664,0.01503621095359617,0.0006320393750852834,0.004587090674792471,0.00062355890630795,-0.0019487796496460265,0.005127236664631249,0.009974199294034888,0.005389824442592416,0.0069612831216697806,0.006698441265669349,-0.003191997009756913,0.098499921686705,-0.011595035469305756,0.023832687739145,0.0027097884991589822,-0.029271200211701664,-0.01503621095359617,-0.10773343633929665,0.0,-0.0010281704198889013,-7.430958024761676e-05,0.0006287992308946669,-0.0002627909661139666,-0.030774414332040003,0.009232534792967397,-0.031208418820746663,-0.003025507158697417,-0.00119171016635918,-0.0014300505218473466,0.0029269937724821166,0.0024056224691121997,0.0002896029594077166,-0.0026540012897637326,0.0006320393750852834,-0.004587090674792471,-0.0010281704198889013,7.430958024761676e-05,-0.1549423527771834,0.0,0.9996368222290503
0.9870000000000004,0.001459014945613934,0.0,-0.0003541171554253335,-0.0001580984780420333,-0.0012145024104907554,0.0022447843210776325,-0.00072526911229813,7.027249857626685e-05,0.0006508861197946212,0.0012282140394426003,-0.00026787640883749127,0.0016767329119898402,0.0006149291521512466,-0.00013465061961889845,-0.0018278762359671672,-0.000921246452246548,-0.0006747535346269169,0.00022989809219683326,-0.0003541171554253335,0.0001580984780420333,0.06457398798656665,0.0,0.25839362992850007,-0.008821309371954366,-0.0065444332762238855,0.015322492738376615,0.012453883884248765,-0.0068452623956227155,-0.004400643772744668,-0.0009713111601975552,0.005593473229318082,-0.0017821430494235331,0.005186288716867967,-0.00989853542000062,-0.030695785558680005,-0.009318595228283714,-0.0012145024104907554,-0.0022447843210776325,0.25839362992850007,0.008821309371954366,0.3581146643882666,0.0,-0.07292553053677667,0.03083431721100833,-0.0067167365685826,-0.009063966749697202,-0.009573583418094687,-0.004448396547214069,-0.012564748772673395,0.0088377784464195,0.005412786864374798,-0.006832874898536336,-0.031241171099378344,0.003087941660580157,-0.00072526911229813,-7.027249857626685e-05,-0.0065444332762238855,-0.015322492738376615,-0.07292553053677667,-0.03083431721100833,1.0382579237186,0.0,0.21414172967313327,0.018944006037359264,0.020997177513367993,0.002634294282425467,0.025562704603068507,0.004017690765214349,0.006725904665085431,0.0031799347684973666,-0.001061919456101855,0.0016927734788593498,0.0006508861197946212,-0.0012282140394426003,0.012453883884248765,0.0068452623956227155,-0.0067167365685826,0.009063966749697202,0.21414172967313327,-0.018944006037359264,0.09779336056001665,0.0,0.06389370275230168,0.003936750204651295,0.015319440075297288,-0.006830914468927847,0.09848028147933499,0.011620515345949052,0.0030015964160356973,-0.0023181534373071994,-0.00026787640883749127,-0.0016767329119898402,-0.004400643772744668,0.0009713111601975552,-0.009573583418094687,0.004448396547214069,0.020997177513367993,-0.002634294282425467,0.06389370275230168,-0.003936750204651295,-0.19764237127488332,0.0,-0.076252515402375,-0.0018261873572247497,0.023871114496706664,-0.0027503937569345834,0.0002592650182868166,0.0026889852685569064,0.0006149291521512466,0.00013465061961889845,0.005593473229318082,0.0017821430494235331,-0.012564748772673395,-0.0088377784464195,0.025562704603068507,-0.004017690765214349,0.015319440075297288,0.006830914468927847,-0.076252515402375,0.0018261873572247497,-0.10004849462105833,0.0,-0.029252673210083336,0.015018997387071001,0.0006106207444370037,0.004562631515790284,-0.0018278762359671672,0.000921246452246548,0.005186288716867967,0.00989853542000062,0.005412786864374798,0.006832874898536336,0.006725904665085431,-0.0031799347684973666,0.09848028147933499,-0.011620515345949052,0.023871114496706664,0.0027503937569345834,-0.029252673210083336,-0.015018997387071001,-0.10779760110352503,0.0,-0.0009591624141379168,-5.927576203741659e-05,-0.0006747535346269169,-0.00022989809219683326,-0.030695785558680005,0.009318595228283714,-0.031241171099378344,-0.003087941660580157,-0.001061919456101855,-0.0016927734788593498,0.0030015964160356973,0.0023181534373071994,0.0002592650182868166,-0.0026889852685569064,0.0006106207444370037,-0.004562631515790284,-0.0009591624141379168,5.927576203741659e-05,-0.15507384586551667,0.0,0.9996366387345168
0.9879999999999997,0.0014588314631434995,0.0,0.00035813923089952335,-0.00011187340341420665,-0.0008036815687882446,-0.0024266968028869404,0.00047613285084350024,-0.0006358015844896667,-0.001400274187210717,-0.00037014008229493343,-0.0009665925026770335,-0.0014151960152467022,-0.0003229294351275036,0.0005207876588478665,0.0019497955299974876,-0.0006554983070898367,0.0003505234725601918,-0.0006276866495359816,0.00035813923089952335,0.00011187340341420665,0.06429366606565,0.0,0.2582000106875166,-0.008633243940823399,-0.006595348781751485,0.0150679222003475,0.012448433353245353,-0.006835389498775335,-0.004421573380406847,-0.0009877840737714,0.005577600285732119,-0.0018325004955134332,0.005229840062493616,-0.0098455193431498,-0.030615992605200003,-0.009369440608947682,-0.0008036815687882446,0.0024266968028869404,0.2582000106875166,0.008633243940823399,0.3580788451434167,0.0,-0.07330980366753502,0.031026111023584397,-0.006842663927738716,-0.009122050294718954,-0.009723590448774667,-0.004528961068994333,-0.012651376804358235,0.008857818699411617,0.005409811319431915,-0.006700801933219748,-0.03126752338684666,0.0031454261344286832,0.00047613285084350024,0.0006358015844896667,-0.006595348781751485,-0.0150679222003475,-0.07330980366753502,-0.031026111023584397,1.0390685569498996,0.0,0.21418394706539998,0.018886078811479988,0.020950752607507894,0.002691352954477679,0.025473526899632823,0.003955186016631117,0.0067116841735874715,0.0031720791228769,-0.0009287785064370002,0.0019409519983250004,-0.001400274187210717,0.00037014008229493343,0.012448433353245353,0.006835389498775335,-0.006842663927738716,0.009122050294718954,0.21418394706539998,-0.018886078811479988,0.09769739551756328,0.0,0.06385900454364833,0.004022022700371353,0.015349541208545215,-0.006811038094237067,0.09844101295433666,0.011632907377304078,0.0030685489748037828,-0.0022431294491057504,-0.0009665925026770335,0.0014151960152467022,-0.004421573380406847,0.0009877840737714,-0.009723590448774667,0.004528961068994333,0.020950752607507894,-0.002691352954477679,0.06385900454364833,-0.004022022700371353,-0.19769738456988342,0.0,-0.07624299279232168,-0.0018066401658387854,0.02389753164357001,-0.002793595326518,0.00021407860141739986,0.0027156326732402838,-0.0003229294351275036,-0.0005207876588478665,0.005577600285732119,0.0018325004955134332,-0.012651376804358235,-0.008857818699411617,0.025473526899632823,-0.003955186016631117,0.015349541208545215,0.006811038094237067,-0.07624299279232168,0.0018066401658387854,-0.10019526678993838,0.0,-0.029225106464383328,0.015019555184510003,0.0005743513568329834,0.004539736472944633,0.0019497955299974876,0.0006554983070898367,0.005229840062493616,0.0098455193431498,0.005409811319431915,0.006700801933219748,0.0067116841735874715,-0.0031720791228769,0.09844101295433666,-0.011632907377304078,0.02389753164357001,0.002793595326518,-0.029225106464383328,-0.015019555184510003,-0.10786223014652335,0.0,-0.0008904193764212966,-3.892598077908328e-05,0.0003505234725601918,0.0006276866495359816,-0.030615992605200003,0.009369440608947682,-0.03126752338684666,-0.0031454261344286832,-0.0009287785064370002,-0.0019409519983250004,0.0030685489748037828,0.0022431294491057504,0.00021407860141739986,-0.0027156326732402838,0.0005743513568329834,-0.004539736472944633,-0.0008904193764212966,3.892598077908328e-05,-0.15520595838743334,0.0,0.999636455245467
0.988999999999999,0.0014586479689720497,0.0,-0.00021759688100298332,0.0002960057480261749,0.0023334259136973,0.0010576292846716999,0.0001617355092881484,0.0008756991698359671,0.0012857024697085666,-0.0007886641196866764,0.0016777550220109334,0.0003616928714352665,-0.00016486404817598954,-0.0005918417037899664,-0.0009160887449139667,0.001853689442025683,0.00015879630939160007,0.0006999620968731116,-0.00021759688100298332,-0.0002960057480261749,0.06402128968289998,0.0,0.2580559983389667,-0.008448795469481084,-0.006702885309645916,0.01481773045799067,0.012437309106108164,-0.006865916265108034,-0.004444170291119967,-0.000999870092988017,0.005580188843309216,-0.0018733458858348334,0.005240669329002116,-0.009794712538497063,-0.030521384722816663,-0.009399562807894401,0.0023334259136973,-0.0010576292846716999,0.2580559983389667,0.008448795469481084,0.35803362734800004,0.0,-0.07365244062465999,0.0312221677572327,-0.006968439073014666,-0.009162965277258154,-0.009874527044225367,-0.004597769801659571,-0.01269904138881556,0.008878317655819399,0.005360636308373581,-0.006595343467496965,-0.031272043441220004,0.0031988879562664663,0.0001617355092881484,-0.0008756991698359671,-0.006702885309645916,-0.01481773045799067,-0.07365244062465999,-0.0312221677572327,1.0398784320681997,0.0,0.2142438368329334,0.018768195657318385,0.020806989252558986,0.002764682175129882,0.02540976140898933,0.00381484555206885,0.0066498886363681375,0.0031925579600618438,-0.0008709397085071696,0.0021834842178331997,0.0012857024697085666,0.0007886641196866764,0.012437309106108164,0.006865916265108034,-0.006968439073014666,0.009162965277258154,0.2142438368329334,-0.018768195657318385,0.09760548278912332,0.0,0.06382710091085834,0.00408207169892065,0.01536041982872308,-0.006794001914605764,0.0984088611338783,0.011633579953456081,0.0031215305780950492,-0.0021724717780449007,0.0016777550220109334,-0.0003616928714352665,-0.004444170291119967,0.000999870092988017,-0.009874527044225367,0.004597769801659571,0.020806989252558986,-0.002764682175129882,0.06382710091085834,-0.00408207169892065,-0.19775537180775,0.0,-0.07622739727011665,-0.0017721668928932061,0.023907649040438333,-0.0028265189830720514,0.00016609210374671498,0.0027290028727237157,-0.00016486404817598954,0.0005918417037899664,0.005580188843309216,0.0018733458858348334,-0.01269904138881556,-0.008878317655819399,0.02540976140898933,-0.00381484555206885,0.01536041982872308,0.006794001914605764,-0.07622739727011665,0.0017721668928932061,-0.10034094158914668,0.0,-0.02919142855786333,0.015059390673637004,0.0005409467135373003,0.004534065221819533,-0.0009160887449139667,-0.001853689442025683,0.005240669329002116,0.009794712538497063,0.005360636308373581,0.006595343467496965,0.0066498886363681375,-0.0031925579600618438,0.0984088611338783,-0.011633579953456081,0.023907649040438333,0.0028265189830720514,-0.02919142855786333,-0.015059390673637004,-0.10792652390167828,0.0,-0.0008223287233343966,-1.097608935578336e-05,0.00015879630939160007,-0.0006999620968731116,-0.030521384722816663,0.009399562807894401,-0.031272043441220004,-0.0031988879562664663,-0.0008709397085071696,-0.0021834842178331997,0.0031215305780950492,0.0021724717780449007,0.00016609210374671498,-0.0027290028727237157,0.0005409467135373003,-0.004534065221819533,-0.0008223287233343966,1.097608935578336e-05,-0.15533837081345,0.0,0.9996362717451002
0.9900000000000005,0.0014584644637572657,0.0,4.126808809955049e-06,-0.00036814301462421864,-0.002340962184245366,0.0010061218146858832,-0.0008349797353097497,-0.0005581889877360887,-0.0003212497465078002,0.001529190842381484,-0.0014745447961705,0.0008949255390351665,0.0005665296109458999,0.0002837110482656167,-0.0006659781995889001,-0.0019600378017964673,-0.0005959011623871999,-0.0004260814339030384,4.126808809955049e-06,0.00036814301462421864,0.06375643235284999,0.0,0.25793455041845,-0.008282651681255016,-0.006861306161908384,0.01451611282803487,0.012442408898770848,-0.006926143342734559,-0.004463586154876289,-0.0010339517634408498,0.005579194758987236,-0.0019010874825893672,0.005247240780007832,-0.009721467152312426,-0.030413814535808336,-0.009429327320795615,-0.002340962184245366,-0.0010061218146858832,0.25793455041845,0.008282651681255016,0.3579794296067334,0.0,-0.07398828038854167,0.0314052501139065,-0.007052587281642499,-0.009174239544906296,-0.010013834690715644,-0.004667383263237515,-0.012737194823783115,0.008904796555521536,0.005298692548048583,-0.006509562071732483,-0.03127772083188501,0.00325505527130642,-0.0008349797353097497,0.0005581889877360887,-0.006861306161908384,-0.01451611282803487,-0.07398828038854167,-0.0314052501139065,1.0406863199651835,0.0,0.21426762865971674,0.018648035587509916,0.020638224368539234,0.00282854448481495,0.025385115074102495,0.0036292685448470665,0.006612666461394234,0.003231175994162118,-0.0009275559269361003,0.0024450319380068327,-0.0003212497465078002,-0.001529190842381484,0.012442408898770848,0.006926143342734559,-0.007052587281642499,0.009174239544906296,0.21426762865971674,-0.018648035587509916,0.09751750202783997,0.0,0.063776816472685,0.004108738070761081,0.015360045742058693,-0.006795643225953202,0.09838777734510168,0.011633355954460571,0.0031578679732065505,-0.0020823425521959817,-0.0014745447961705,-0.0008949255390351665,-0.004463586154876289,0.0010339517634408498,-0.010013834690715644,0.004667383263237515,0.020638224368539234,-0.00282854448481495,0.063776816472685,-0.004108738070761081,-0.19781600232818336,0.0,-0.07619275337725667,-0.0017271063871033767,0.023911616043026673,-0.0028565483597472385,0.00012731100508819667,0.0027427755025726326,0.0005665296109458999,-0.0002837110482656167,0.005579194758987236,0.0019010874825893672,-0.012737194823783115,-0.008904796555521536,0.025385115074102495,-0.0036292685448470665,0.015360045742058693,0.006795643225953202,-0.07619275337725667,0.0017271063871033767,-0.10048501163452335,0.0,-0.02915642066095833,0.015116145904984503,0.000524589221692335,0.00454613007729025,-0.0006659781995889001,0.0019600378017964673,0.005247240780007832,0.009721467152312426,0.005298692548048583,0.006509562071732483,0.006612666461394234,-0.003231175994162118,0.09838777734510168,-0.011633355954460571,0.023911616043026673,0.0028565483597472385,-0.02915642066095833,-0.015116145904984503,-0.10798999624704998,0.0,-0.0007450774119167502,1.3110303634083352e-05,-0.0005959011623871999,0.0004260814339030384,-0.030413814535808336,0.009429327320795615,-0.03127772083188501,-0.00325505527130642,-0.0009275559269361003,-0.0024450319380068327,0.0031578679732065505,0.0020823425521959817,0.00012731100508819667,-0.0027427755025726326,0.000524589221692335,-0.00454613007729025,-0.0007450774119167502,-1.3110303634083352e-05,-0.15547104997263336,0.0,0.9996360882337499
0.9909999999999998,0.0014582809644243333,0.0,0.0002334447323194933,0.0002854107051266667,0.0008368855523869999,-0.0023777935505484666,0.0010531989773609177,-0.00022225576426171645,-0.0009340888804370164,-0.0013140330272242836,0.0004668795128537498,-0.0016777754388788597,-0.0006077462449268834,0.00023236389906185014,0.0018549767537557,0.0009091761088224126,0.0007529534115390348,-8.655506990671678e-05,0.0002334447323194933,-0.0002854107051266667,0.06349863243585999,0.0,0.25780148028926664,-0.0081321027401966,-0.007071421633144798,0.014186190812540066,0.012450626297482663,-0.0069796319082143475,-0.004475666301356162,-0.0010923398927058837,0.0055488837769352,-0.0019274111038845168,0.005278718360941,-0.009627045904298264,-0.030317097084354993,-0.00945481587242392,0.0008368855523869999,0.0023777935505484666,0.25780148028926664,0.0081321027401966,0.3579170260915501,0.0,-0.07437226460909997,0.03159731093703134,-0.0071030686688187015,-0.009180827441494684,-0.01013097741370955,-0.004748104906620445,-0.012813544170222967,0.008916792657092996,0.0052544374918226,-0.006413742480409266,-0.03131301166594666,0.0033035690079295022,0.0010531989773609177,0.00022225576426171645,-0.007071421633144798,-0.014186190812540066,-0.07437226460909997,-0.03159731093703134,1.0414926886530333,0.0,0.2142849821923834,0.01858022316682558,0.020530404096899865,0.002866861308547367,0.025369856747712326,0.0034781262193344857,0.006626534464978567,0.003252015268307951,-0.0010473492065756996,0.0027279693990366672,-0.0009340888804370164,0.0013140330272242836,0.012450626297482663,0.0069796319082143475,-0.0071030686688187015,0.009180827441494684,0.2142849821923834,-0.01858022316682558,0.09743236213902168,0.0,0.0637025386119417,0.004127995553935676,0.01537272277963493,-0.006808455700608518,0.09837095290765668,0.011641785742478322,0.0031755513955448447,-0.001972683986291032,0.0004668795128537498,0.0016777754388788597,-0.004475666301356162,0.0010923398927058837,-0.01013097741370955,0.004748104906620445,0.020530404096899865,-0.002866861308547367,0.0637025386119417,-0.004127995553935676,-0.19787887028534998,0.0,-0.07614999270028333,-0.0016909176605203514,0.023918280009698336,-0.0029010193614849673,9.095369766760002e-05,0.002765791557632787,-0.0006077462449268834,-0.00023236389906185014,0.0055488837769352,0.0019274111038845168,-0.012813544170222967,-0.008916792657092996,0.025369856747712326,-0.0034781262193344857,0.01537272277963493,0.006808455700608518,-0.07614999270028333,0.0016909176605203514,-0.10062733126612335,0.0,-0.029130712567393333,0.015158838189728498,0.0005193315492122332,0.004556095014653384,0.0018549767537557,-0.0009091761088224126,0.005278718360941,0.009627045904298264,0.0052544374918226,0.006413742480409266,0.006626534464978567,-0.003252015268307951,0.09837095290765668,-0.011641785742478322,0.023918280009698336,0.0029010193614849673,-0.029130712567393333,-0.015158838189728498,-0.10805289437452999,0.0,-0.0006546991723137833,2.5602793186091616e-05,0.0007529534115390348,8.655506990671678e-05,-0.030317097084354993,0.00945481587242392,-0.03131301166594666,-0.0033035690079295022,-0.0010473492065756996,-0.0027279693990366672,0.0031755513955448447,0.001972683986291032,9.095369766760002e-05,-0.002765791557632787,0.0005193315492122332,-0.004556095014653384,-0.0006546991723137833,-2.5602793186091616e-05,-0.15560398962986668,0.0,0.9996359047283168
0.9919999999999991,0.0014580974755467166,0.0,-0.00036306209461378316,-5.1446048527783424e-05,0.0011511230825392998,0.0022222103641468985,-0.0005642153505785,0.000941089203352267,0.0016499873400852337,0.00022956601264925006,0.0008115057909190735,0.0015512966108118726,0.00023933886978801127,-0.0006055237812879834,-0.0019494554858114665,0.0006710094737139867,-0.0004990294936259282,0.0005902593222880767,-0.00036306209461378316,5.1446048527783424e-05,0.06324775845147332,0.0,0.2576198823760332,-0.007962447076043384,-0.007308913054759049,0.01391563714357235,0.012445537872258949,-0.007011776647506567,-0.004482114011730551,-0.0011495745802519164,0.005498222111290334,-0.0019657963574722832,0.005319151758869584,-0.00953227238990335,-0.03023951527296834,-0.009459226072979334,0.0011511230825392998,-0.0022222103641468985,0.2576198823760332,0.007962447076043384,0.35784633667524995,0.0,-0.07479924168079166,0.03181630259900234,-0.007156882185217784,-0.009201532129865516,-0.010232658036649165,-0.004831715332033702,-0.012910941860848195,0.00889753841842,0.005204601449444801,-0.006302685642394816,-0.031355888092147496,0.0033329155352858123,-0.0005642153505785,-0.000941089203352267,-0.007308913054759049,-0.01391563714357235,-0.07479924168079166,-0.03181630259900234,1.0422991226838332,0.0,0.21432896539931667,0.018547753668868364,0.020453399024019617,0.0028749815134530665,0.02533178428772,0.0033509666095954947,0.006631250274492911,0.003228216398869467,-0.0011688191559712168,0.0029959256648966104,0.0016499873400852337,-0.00022956601264925006,0.012445537872258949,0.007011776647506567,-0.007156882185217784,0.009201532129865516,0.21432896539931667,-0.018547753668868364,0.09734909831491165,0.0,0.06361631822689331,0.004151789814743411,0.015395282036591601,-0.006811203529651084,0.09833733026440168,0.011653065683087436,0.003172816993241117,-0.001866567498405574,0.0008115057909190735,-0.0015512966108118726,-0.004482114011730551,0.0011495745802519164,-0.010232658036649165,0.004831715332033702,0.020453399024019617,-0.0028749815134530665,0.06361631822689331,-0.004151789814743411,-0.19794359135383338,0.0,-0.07610738487741335,-0.0016720113283600832,0.02391841727899833,-0.00295612781712935,4.4443091370616735e-05,0.0027855738847320575,0.00023933886978801127,0.0006055237812879834,0.005498222111290334,0.0019657963574722832,-0.012910941860848195,-0.00889753841842,0.02533178428772,-0.0033509666095954947,0.015395282036591601,0.006811203529651084,-0.07610738487741335,0.0016720113283600832,-0.10076847088027334,0.0,-0.029113884543941673,0.015188066019879003,0.0005144972025387164,0.004546912466929581,-0.0019494554858114665,-0.0006710094737139867,0.005319151758869584,0.00953227238990335,0.005204601449444801,0.006302685642394816,0.006631250274492911,-0.003228216398869467,0.09833733026440168,-0.011653065683087436,0.02391841727899833,0.00295612781712935,-0.029113884543941673,-0.015188066019879003,-0.10811567711094833,0.0,-0.0005629196944415751,3.2984558500921734e-05,-0.0004990294936259282,-0.0005902593222880767,-0.03023951527296834,0.009459226072979334,-0.031355888092147496,-0.0033329155352858123,-0.0011688191559712168,-0.0029959256648966104,0.003172816993241117,0.001866567498405574,4.4443091370616735e-05,-0.0027855738847320575,0.0005144972025387164,-0.004546912466929581,-0.0005629196944415751,-3.2984558500921734e-05,-0.15573695302235002,0.0,0.9996357212334832
0.9930000000000007,0.0014579139860676175,0.0,0.00031066970405073515,-0.0001993523550840001,-0.0024043105545862612,-0.0006918314468951719,-0.0003421155531512329,-0.0010749672047689672,-0.0013762066361960497,0.0010451327598566761,-0.0016537247748400832,-0.0005675651974871831,0.00028396475757655964,0.0005761816381332668,0.0009012202282586054,-0.0018497108683875334,-4.918717496763169e-05,-0.0007759387630163766,0.00031066970405073515,0.0001993523550840001,0.06300448903818999,0.0,0.25744072062315,-0.007752714972291167,-0.0075383319631060165,0.013735386026914027,0.012445358314075063,-0.0070457199910698,-0.004487100503876306,-0.0011957754336606834,0.005456974369433,-0.002013736862502684,0.005337364328685101,-0.009442711024138664,-0.03017297493318333,-0.009449067509116999,-0.0024043105545862612,0.0006918314468951719,0.25744072062315,0.007752714972291167,0.3577659828802501,0.0,-0.07523089886687999,0.03206109613244351,-0.007219317743645936,-0.009212290084395915,-0.010338293066978086,-0.00491107477554465,-0.012975605251217952,0.008862979911000001,0.005115923807547985,-0.006202476927074734,-0.031370661257663836,0.0033576252754241,-0.0003421155531512329,0.0010749672047689672,-0.0075383319631060165,-0.013735386026914027,-0.07523089886687999,-0.03206109613244351,1.0431063232693665,0.0,0.21441591361623333,0.01849912868025459,0.020337946272509247,0.002839432693477133,0.02529443913550467,0.003171107921164371,0.006590025107989664,0.0031698822912066002,-0.00130275504404845,0.0032054397232615336,-0.0013762066361960497,-0.0010451327598566761,0.012445358314075063,0.0070457199910698,-0.007219317743645936,0.009212290084395915,0.21441591361623333,-0.01849912868025459,0.09726741309647001,0.0,0.06355178910029333,0.004159233567812686,0.015408775866503837,-0.0068021617902900115,0.0983007469058333,0.011659480870997933,0.00315069916006405,-0.001773898679413855,-0.0016537247748400832,0.0005675651974871831,-0.004487100503876306,0.0011957754336606834,-0.010338293066978086,0.00491107477554465,0.020337946272509247,-0.002839432693477133,0.06355178910029333,-0.004159233567812686,-0.19800954741925,0.0,-0.07607262812983501,-0.0016604496786635562,0.023911359147993343,-0.0029986869256547,-7.97383326929997e-06,0.002788764477351611,0.00028396475757655964,-0.0005761816381332668,0.005456974369433,0.002013736862502684,-0.012975605251217952,-0.008862979911000001,0.02529443913550467,-0.003171107921164371,0.015408775866503837,0.0068021617902900115,-0.07607262812983501,0.0016604496786635562,-0.10090901060330834,0.0,-0.029102517104754998,0.015225899094312666,0.0005148821233486217,0.004525425874584133,0.0009012202282586054,0.0018497108683875334,0.005337364328685101,0.009442711024138664,0.005115923807547985,0.006202476927074734,0.006590025107989664,-0.0031698822912066002,0.0983007469058333,-0.011659480870997933,0.023911359147993343,0.0029986869256547,-0.029102517104754998,-0.015225899094312666,-0.10817836398282502,0.0,-0.0004831832673881166,4.778971932101172e-05,-4.918717496763169e-05,0.0007759387630163766,-0.03017297493318333,0.009449067509116999,-0.031370661257663836,-0.0033576252754241,-0.00130275504404845,-0.0032054397232615336,0.00315069916006405,0.001773898679413855,-7.97383326929997e-06,-0.002788764477351611,0.0005148821233486217,-0.004525425874584133,-0.0004831832673881166,-4.778971932101172e-05,-0.15586966252786666,0.0,0.9996355377375664
0.9939999999999999,0.0014577304825080174,0.0,-0.00012019199455271671,0.00035743207774043006,0.0021568384043538003,-0.0012706891208814168,0.0010995635352953337,0.0004857396910792334,0.00025539823485831666,-0.0017730316079928835,0.001588814337323867,-0.0007336347266876001,-0.0006102931570707316,-0.00017666858553976636,0.0006687074182028551,0.0019356481521164252,0.0005775379916461333,0.0005392575481389332,-0.00012019199455271671,-0.00035743207774043006,0.06276991166332166,0.0,0.2572956507424834,-0.007518239121559636,-0.007758419887489265,0.013573858479986543,0.012470340420551815,-0.007100745663046118,-0.004487912524504342,-0.0012513720647964633,0.0054263017206880836,-0.0020599061677912373,0.005337778244391966,-0.009344933382939501,-0.030108683309825,-0.009451573869636666,0.0021568384043538003,0.0012706891208814168,0.2572956507424834,0.007518239121559636,0.3576744300169167,0.0,-0.07563356446041164,0.032313021133469004,-0.007257174207313552,-0.009182565035814666,-0.01044476070379488,-0.004998325657196252,-0.013003723157908398,0.008832605911955747,0.005005100806914801,-0.006121960579513713,-0.031363917810911836,0.0033998251386513027,0.0010995635352953337,-0.0004857396910792334,-0.007758419887489265,-0.013573858479986543,-0.07563356446041164,-0.032313021133469004,1.0439138229774503,0.0,0.21449489940926672,0.018424473933015325,0.020213327277933194,0.002759625895678124,0.025288992791553496,0.0029376445275083336,0.006557653794703499,0.0031173071646624496,-0.0014999097666871096,0.0033519287919407674,0.00025539823485831666,0.0017730316079928835,0.012470340420551815,0.007100745663046118,-0.007257174207313552,0.009182565035814666,0.21449489940926672,-0.018424473933015325,0.09718735629867498,0.0,0.063512321720785,0.004140206247196184,0.015416025574192836,-0.006799151613596217,0.09827449230604499,0.01166814345696948,0.003106686460132549,-0.0016771182323484831,0.001588814337323867,0.0007336347266876001,-0.004487912524504342,0.0012513720647964633,-0.01044476070379488,0.004998325657196252,0.020213327277933194,-0.002759625895678124,0.063512321720785,-0.004140206247196184,-0.19807596944211672,0.0,-0.07603739289763999,-0.001647654826353183,0.02391240359260333,-0.003021816883396087,-5.350666204446683e-05,0.0027844728383725824,-0.0006102931570707316,0.00017666858553976636,0.0054263017206880836,0.0020599061677912373,-0.013003723157908398,-0.008832605911955747,0.025288992791553496,-0.0029376445275083336,0.015416025574192836,0.006799151613596217,-0.07603739289763999,0.001647654826353183,-0.10104893233990334,0.0,-0.02909434679147334,0.015267082599914166,0.0005289743800981668,0.0045028028496956335,0.0006687074182028551,-0.0019356481521164252,0.005337778244391966,0.009344933382939501,0.005005100806914801,0.006121960579513713,0.006557653794703499,-0.0031173071646624496,0.09827449230604499,-0.01166814345696948,0.02391240359260333,0.003021816883396087,-0.02909434679147334,-0.015267082599914166,-0.1082408414999917,0.0,-0.0004123803861789332,7.225486509543333e-05,0.0005775379916461333,-0.0005392575481389332,-0.030108683309825,0.009451573869636666,-0.031363917810911836,-0.0033998251386513027,-0.0014999097666871096,-0.0033519287919407674,0.003106686460132549,0.0016771182323484831,-5.350666204446683e-05,-0.0027844728383725824,0.0005289743800981668,-0.0045028028496956335,-0.0004123803861789332,-7.225486509543333e-05,-0.15600215392918332,0.0,0.9996353542281998
0.994999999999999,0.0014575469762781502,0.0,-0.00014231489137651656,-0.00035321218233928147,-0.0005742272004966833,0.0024280239469315168,-0.0011597564771641832,0.0005192592436612666,0.001114253392333852,0.0014671849415740226,-0.0006492800296240713,0.0016438496472066567,0.0005385404380198002,-0.00032183304432912657,-0.0018293753532584332,-0.0008866063960335835,-0.0008140753968222565,-6.027505921000203e-06,-0.00014231489137651656,0.00035321218233928147,0.06254490099744835,0.0,0.25717296814729995,-0.007281698426450542,-0.007999329649815388,0.01338790978392703,0.012504646086542694,-0.00715505552805699,-0.004477402788832033,-0.0013296168934188916,0.0053834669391066015,-0.002106627277525988,0.005350917485180382,-0.009239461051348668,-0.03005590615661167,-0.009481363734614333,-0.0005742272004966833,-0.0024280239469315168,0.25717296814729995,0.007281698426450542,0.35757109447783336,0.0,-0.07602459181961335,0.03256295559319432,-0.007254137610502643,-0.009123640109777635,-0.010525080873264186,-0.005111619130660257,-0.01304962086038408,0.008791032953202264,0.004918006668555584,-0.006031291249773605,-0.03137453504378532,0.003453408840543967,-0.0011597564771641832,-0.0005192592436612666,-0.007999329649815388,-0.01338790978392703,-0.07602459181961335,-0.03256295559319432,1.0447212987172165,0.0,0.21454398949973333,0.0183628894007546,0.020171159867213885,0.002671025994598115,0.025289923055305155,0.0027304449156776165,0.006600618951931884,0.003087204944553315,-0.0017587553302289333,0.003480066842080849,0.001114253392333852,-0.0014671849415740226,0.012504646086542694,0.00715505552805699,-0.007254137610502643,0.009123640109777635,0.21454398949973333,-0.0183628894007546,0.0971090620332383,0.0,0.06347518819910832,0.004123947722860316,0.015443957378249003,-0.006805268937500115,0.09825585987768329,0.011690798557525717,0.0030409759261878205,-0.0015673468150407004,-0.0006492800296240713,-0.0016438496472066567,-0.004477402788832033,0.0013296168934188916,-0.010525080873264186,0.005111619130660257,0.020171159867213885,-0.002671025994598115,0.06347518819910832,-0.004123947722860316,-0.1981424857951834,0.0,-0.07600116717651333,-0.0016405311641792268,0.023933542658783332,-0.0030461030076210163,-9.485476812959988e-05,0.002792105314434068,0.0005385404380198002,0.00032183304432912657,0.0053834669391066015,0.002106627277525988,-0.01304962086038408,-0.008791032953202264,0.025289923055305155,-0.0027304449156776165,0.015443957378249003,0.006805268937500115,-0.07600116717651333,0.0016405311641792268,-0.10118803408863,0.0,-0.029091419435236656,0.015282204689033668,0.0005520676236822319,0.004471342033213367,-0.0018293753532584332,0.0008866063960335835,0.005350917485180382,0.009239461051348668,0.004918006668555584,0.006031291249773605,0.006600618951931884,-0.003087204944553315,0.09825585987768329,-0.011690798557525717,0.023933542658783332,0.0030461030076210163,-0.029091419435236656,-0.015282204689033668,-0.10830347159265671,0.0,-0.0003395942009929066,0.00010134639610091838,-0.0008140753968222565,6.027505921000203e-06,-0.03005590615661167,0.009481363734614333,-0.03137453504378532,-0.003453408840543967,-0.0017587553302289333,-0.003480066842080849,0.0030409759261878205,0.0015673468150407004,-9.485476812959988e-05,-0.002792105314434068,0.0005520676236822319,-0.004471342033213367,-0.0003395942009929066,-0.00010134639610091838,-0.15613474101029995,0.0,0.9996351707155834
0.9960000000000008,0.001457363476311817,0.0,0.0003437954781337384,0.0001597594202880917,-0.0013285940000152673,-0.0021020604900671663,0.0003802705888733998,-0.0012214670143736335,-0.0018666741175706006,-0.00022168592743353343,-0.0006655073368691168,-0.00166116628178075,-0.00012903646825030029,0.0005984219975613914,0.0019097060720317095,-0.0006617577591285251,0.0006137170700166501,-0.0005573626636734651,0.0003437954781337384,-0.0001597594202880917,0.06232977351780998,0.0,0.2570542222500833,-0.007042989107078735,-0.008260264057359737,0.013234815771111354,0.012521917066210312,-0.007185666558103752,-0.004455225530008966,-0.0014115198238865338,0.005330988867026368,-0.0021616047381814,0.0053823568392944166,-0.009157123540682837,-0.030025208131614998,-0.009523782953252402,-0.0013285940000152673,0.0021020604900671663,0.2570542222500833,0.007042989107078735,0.35745600912205,0.0,-0.07642692771184836,0.03282527863728082,-0.007242025609481133,-0.009064716253651633,-0.010566487956818365,-0.005246934120551997,-0.013134202925768916,0.008712343250109634,0.004861219721423466,-0.005912062282374083,-0.03140983115804,0.0034952504705477463,0.0003802705888733998,0.0012214670143736335,-0.008260264057359737,-0.013234815771111354,-0.07642692771184836,-0.03282527863728082,1.0455296460918,0.0,0.21460561650314997,0.01833580065951405,0.02021656802364468,0.002608358875014516,0.025256788763715166,0.0025848707481854003,0.006695354858012834,0.003050425629158766,-0.002018965829180343,0.003621111472491613,-0.0018666741175706006,0.00022168592743353343,0.012521917066210312,0.007185666558103752,-0.007242025609481133,0.009064716253651633,0.21460561650314997,-0.01833580065951405,0.0970326803232283,0.0,0.06343077049222666,0.004137025417372548,0.015499870045688166,-0.006799568017324983,0.0982369249483133,0.01172285606354242,0.0029681538109919297,-0.0014644303067549666,-0.0006655073368691168,0.00166116628178075,-0.004455225530008966,0.0014115198238865338,-0.010566487956818365,0.005246934120551997,0.02021656802364468,-0.002608358875014516,0.06343077049222666,-0.004137025417372548,-0.19820936179439994,0.0,-0.07597255657328665,-0.0016438997602180915,0.023963356672029992,-0.0030829543271959996,-0.0001466882259840218,0.0028106524671945585,-0.00012903646825030029,-0.0005984219975613914,0.005330988867026368,0.0021616047381814,-0.013134202925768916,-0.008712343250109634,0.025256788763715166,-0.0025848707481854003,0.015499870045688166,0.006799568017324983,-0.07597255657328665,0.0016438997602180915,-0.10132658359702001,0.0,-0.029092041313505002,0.015264910510677833,0.0005712923131823501,0.0044180834022193825,0.0019097060720317095,0.0006617577591285251,0.0053823568392944166,0.009157123540682837,0.004861219721423466,0.005912062282374083,0.006695354858012834,-0.003050425629158766,0.0982369249483133,-0.01172285606354242,0.023963356672029992,0.0030829543271959996,-0.029092041313505002,-0.015264910510677833,-0.10836686586394502,0.0,-0.0002672090105939934,0.00013496838776950998,0.0006137170700166501,0.0005573626636734651,-0.030025208131614998,0.009523782953252402,-0.03140983115804,-0.0034952504705477463,-0.002018965829180343,-0.003621111472491613,0.0029681538109919297,0.0014644303067549666,-0.0001466882259840218,-0.0028106524671945585,0.0005712923131823501,-0.0044180834022193825,-0.0002672090105939934,-0.00013496838776950998,-0.15626767406695,0.0,0.9996349872093335
0.997,0.0014571799782288335,0.0,-0.0003728002092293564,0.00011644346765290023,0.0024371003123253095,0.0005226755475656666,0.0006786241580336999,0.0010526701963262835,0.001496393569162383,-0.0011961226900908597,0.0016329911712244503,0.0007549169241826494,-0.000349203221718833,-0.00048413188068126685,-0.0008907939154518834,0.0018105371390153165,-6.72991767022167e-05,0.0008202033343849383,-0.0003728002092293564,-0.00011644346765290023,0.06212462952502665,0.0,0.25693204390695,-0.006787907734947621,-0.008505297645982417,0.01316824179285445,0.012518671521033649,-0.007214004657951504,-0.004433199526626883,-0.0014783470345078366,0.005299473845348317,-0.0022171538804769504,0.00540631335815695,-0.009116961659965998,-0.030000887769941666,-0.009558883173632288,0.0024371003123253095,-0.0005226755475656666,0.25693204390695,0.006787907734947621,0.35732877631544985,0.0,-0.07680295415888336,0.033108348769377495,-0.007254002420563567,-0.009003474199685163,-0.010589769192524912,-0.005381365756050293,-0.013205812875189448,0.008611399403195798,0.004800800414406424,-0.005795390965425434,-0.03143179252383901,0.0035237550050724173,0.0006786241580336999,-0.0010526701963262835,-0.008505297645982417,-0.01316824179285445,-0.07680295415888336,-0.033108348769377495,1.04633972573855,0.0,0.21470279339986667,0.018292821088560167,0.020259858381041898,0.0025575774858674336,0.02521762776493517,0.002447254685606184,0.006764344607168401,0.002988727819771728,-0.0022416398963306665,0.0037417851063635188,0.001496393569162383,0.0011961226900908597,0.012518671521033649,0.007214004657951504,-0.007254002420563567,0.009003474199685163,0.21470279339986667,-0.018292821088560167,0.09695857521464171,0.0,0.06339255361887167,0.004164230486627349,0.015554529018387669,-0.006770765837388573,0.0982070013060783,0.0117456767439396,0.0029055779125514328,-0.0013884729928265165,0.0016329911712244503,-0.0007549169241826494,-0.004433199526626883,0.0014783470345078366,-0.010589769192524912,0.005381365756050293,0.020259858381041898,-0.0025575774858674336,0.06339255361887167,-0.004164230486627349,-0.1982770547921167,0.0,-0.075945057068175,-0.001643676416191065,0.02398275165597833,-0.0031141189163931956,-0.00021058954513066358,0.002817895652867403,-0.000349203221718833,0.00048413188068126685,0.005299473845348317,0.0022171538804769504,-0.013205812875189448,-0.008611399403195798,0.02521762776493517,-0.002447254685606184,0.015554529018387669,0.006770765837388573,-0.075945057068175,0.001643676416191065,-0.10146498979515335,0.0,-0.02908464374437333,0.015244161725773834,0.0005816389314660832,0.004350570778987615,-0.0008907939154518834,-0.0018105371390153165,0.00540631335815695,0.009116961659965998,0.004800800414406424,0.005795390965425434,0.006764344607168401,-0.002988727819771728,0.0982070013060783,-0.0117456767439396,0.02398275165597833,0.0031141189163931956,-0.02908464374437333,-0.015244161725773834,-0.10843107720579502,0.0,-0.00020591990230046676,0.00017882316076588326,-6.72991767022167e-05,-0.0008202033343849383,-0.030000887769941666,0.009558883173632288,-0.03143179252383901,-0.0035237550050724173,-0.0022416398963306665,-0.0037417851063635188,0.0029055779125514328,0.0013884729928265165,-0.00021058954513066358,-0.002817895652867403,0.0005816389314660832,-0.004350570778987615,-0.00020591990230046676,-0.00017882316076588326,-0.15640096127413328,0.0,0.999634803704683
0.9979999999999991,0.0014569964655740007,0.0,0.00023178267389845308,-0.00035946316250370024,-0.0020702272337289832,0.0014046596484295997,-0.001242379660192917,-0.00013943598708717817,-0.00022777928842003336,0.0019413830076204133,-0.0017010074075922165,0.00057907481234765,0.00059425395512545,5.366776870361658e-05,-0.0006329920235420499,-0.0019154289824587997,-0.0005012221237423815,-0.00063828956309775,0.00023178267389845308,0.00035946316250370024,0.061929591309183324,0.0,0.2568552863659667,-0.006522825850143863,-0.008740310121337,0.013137850931584715,0.012503694177789567,-0.007277342750460799,-0.004418422572618637,-0.0015465186222708917,0.005301115588955153,-0.002257504417114384,0.005407040738854545,-0.009097647678370084,-0.029959446067025008,-0.009586566370028545,-0.0020702272337289832,-0.0014046596484295997,0.2568552863659667,0.006522825850143863,0.35718868155733335,0.0,-0.07711872364272333,0.03339393461909362,-0.007283481672756513,-0.008919477104689284,-0.010610418328572159,-0.005507641674048446,-0.013222604369056586,0.0085249609671978,0.004722568485997175,-0.005719984719280365,-0.03141929591262601,0.003557935265064467,-0.001242379660192917,0.00013943598708717817,-0.008740310121337,-0.013137850931584715,-0.07711872364272333,-0.03339393461909362,1.0471508025635496,0.0,0.21483292001868337,0.0181810723933401,0.02025108531046725,0.0024980437771937067,0.02524322504871263,0.0022773054785820506,0.006784947060936771,0.002937711574472793,-0.002457171369278866,0.003782299432200686,-0.00022777928842003336,-0.0019413830076204133,0.012503694177789567,0.007277342750460799,-0.007283481672756513,0.008919477104689284,0.21483292001868337,-0.0181810723933401,0.09688764790455333,0.0,0.06337400172594167,0.004177110281023084,0.015589237143786506,-0.006736794973602199,0.09817932296901667,0.011761534848991886,0.0028505996184407505,-0.0013349778348785287,-0.0017010074075922165,-0.00057907481234765,-0.004418422572618637,0.0015465186222708917,-0.010610418328572159,0.005507641674048446,0.02025108531046725,-0.0024980437771937067,0.06337400172594167,-0.004177110281023084,-0.19834591120474993,0.0,-0.07591371120549666,-0.0016205312334350833,0.023992520425669996,-0.0031234648033114693,-0.0002726391298703082,0.0028066189359807828,0.00059425395512545,-5.366776870361658e-05,0.005301115588955153,0.002257504417114384,-0.013222604369056586,-0.0085249609671978,0.02524322504871263,-0.0022773054785820506,0.015589237143786506,0.006736794973602199,-0.07591371120549666,0.0016205312334350833,-0.10160299743827668,0.0,-0.029068431613899996,0.015241789369429666,0.0005912836278786101,0.0042909986960008835,-0.0006329920235420499,0.0019154289824587997,0.005407040738854545,0.009097647678370084,0.004722568485997175,0.005719984719280365,0.006784947060936771,-0.002937711574472793,0.09817932296901667,-0.011761534848991886,0.023992520425669996,0.0031234648033114693,-0.029068431613899996,-0.015241789369429666,-0.10849563308361333,0.0,-0.00015446092845128174,0.0002313194008831499,-0.0005012221237423815,0.00063828956309775,-0.029959446067025008,0.009586566370028545,-0.03141929591262601,-0.003557935265064467,-0.002457171369278866,-0.003782299432200686,0.0028505996184407505,0.0013349778348785287,-0.0002726391298703082,-0.0028066189359807828,0.0005912836278786101,-0.0042909986960008835,-0.00015446092845128174,-0.0002313194008831499,-0.15653455788805,0.0,0.9996346201861829
0.9990000000000008,0.0014568129402335497,0.0,6.513797552748767e-05,0.00047071851478170036,0.00039640091772554176,-0.0024564116720079995,0.0009158485727386331,-0.000878665748415217,-0.0012336489755492,-0.0015570332010928672,0.0008279270245206106,-0.0015942202643945804,-0.00044052488689008337,0.00042358899395212826,0.0017859607705221331,0.0009207640882560498,0.0008027488550728112,0.00013942393466641329,6.513797552748767e-05,-0.00047071851478170036,0.06174478865369334,0.0,0.2568033027543167,-0.00625956520579698,-0.009027054368485667,0.01306869506578538,0.012469911283580767,-0.007363920279429448,-0.004400806639299834,-0.0016443444217721338,0.0053100064294571,-0.0022856582964025,0.005404123189880478,-0.009065962703961082,-0.02989387598767999,-0.009618482571276784,0.00039640091772554176,0.0024564116720079995,0.2568033027543167,0.00625956520579698,0.3570356943847665,0.0,-0.07740171179413667,0.03365170631631906,-0.007298327227426607,-0.008820201936312801,-0.010603223118099504,-0.005639103166885364,-0.013211483099602529,0.00844894106255172,0.004655298010712215,-0.005673205372079251,-0.03139139482506166,0.003596784535053166,0.0009158485727386331,0.000878665748415217,-0.009027054368485667,-0.01306869506578538,-0.07740171179413667,-0.03365170631631906,1.047961059297567,0.0,0.2149424043506666,0.018012987985091943,0.020225485305766778,0.0024590790981337497,0.025334495300592823,0.0021112552726094917,0.006799740720107768,0.0029399477293684502,-0.0027137092646196837,0.0037380856488021135,-0.0012336489755492,0.0015570332010928672,0.012469911283580767,0.007363920279429448,-0.007298327227426607,0.008820201936312801,0.2149424043506666,-0.018012987985091943,0.09682115197021499,0.0,0.06334508471800666,0.004172845484519832,0.015618256039520335,-0.006715720413985471,0.09815241529258835,0.011790700527095601,0.0027851517508015325,-0.001286986160971447,0.0008279270245206106,0.0015942202643945804,-0.004400806639299834,0.0016443444217721338,-0.010603223118099504,0.005639103166885364,0.020225485305766778,-0.0024590790981337497,0.06334508471800666,-0.004172845484519832,-0.19841624326856663,0.0,-0.07587027635057002,-0.0015791606900308662,0.024001508752296674,-0.0031246907166513835,-0.0003256274369767331,0.0027961385687641973,-0.00044052488689008337,-0.00042358899395212826,0.0053100064294571,0.0022856582964025,-0.013211483099602529,-0.00844894106255172,0.025334495300592823,-0.0021112552726094917,0.015618256039520335,0.006715720413985471,-0.07587027635057002,0.0015791606900308662,-0.10173980750388334,0.0,-0.029050795722570005,0.015240527542176667,0.0006100872630567402,0.004245409387948745,0.0017859607705221331,-0.0009207640882560498,0.005404123189880478,0.009065962703961082,0.004655298010712215,0.005673205372079251,0.006799740720107768,-0.0029399477293684502,0.09815241529258835,-0.011790700527095601,0.024001508752296674,0.0031246907166513835,-0.029050795722570005,-0.015240527542176667,-0.10856048013672,0.0,-9.278890948847664e-05,0.0002830121276851434,0.0008027488550728112,-0.00013942393466641329,-0.02989387598767999,0.009618482571276784,-0.03139139482506166,-0.003596784535053166,-0.0027137092646196837,-0.0037380856488021135,0.0027851517508015325,0.001286986160971447,-0.0003256274369767331,-0.0027961385687641973,0.0006100872630567402,-0.004245409387948745,-9.278890948847664e-05,-0.0002830121276851434,-0.15666853968236666,0.0,0.999634436654867
1.0,0.0014566294206793003,0.0,-0.0003997829737248451,-0.00031877312083161664,0.001477881074876133,0.0019491212341990328,8.725754147333276e-05,0.0012498419971712171,0.0019965121145902225,0.00019406138221400828,0.0005022188763760167,0.001727854705167399,-2.6309520335916713e-05,-0.0006232504510503916,-0.001903837562315284,0.0005861647272729067,-0.0007028238482085664,0.0004381249149016,-0.0003997829737248451,0.00031877312083161664,0.06157057932407668,0.0,0.25675455620081666,-0.00598743962227098,-0.009383189558471268,0.012987743403125364,0.012410471088352321,-0.0074227779885642515,-0.004369374133298013,-0.0017652833747266168,0.005306569007436867,-0.002320843837266451,0.005425198662383707,-0.009023869210184667,-0.02982697920359501,-0.00965609251953765,0.001477881074876133,-0.0019491212341990328,0.25675455620081666,0.00598743962227098,0.35687010901023347,0.0,-0.07772808461712666,0.03390617898336115,-0.007296425106637716,-0.008739131831825954,-0.010544591360888582,-0.005777341380510585,-0.013215953261049221,0.008348761746035235,0.00462406535342079,-0.005615534973687884,-0.03137735054949783,0.003611181728147903,8.725754147333276e-05,-0.0012498419971712171,-0.009383189558471268,-0.012987743403125364,-0.07772808461712666,-0.03390617898336115,1.0487696509668,0.0,0.21504745377958334,0.01784792588189736,0.020222208254062735,0.002474821860790184,0.025425692918477343,0.001986585772498368,0.0068369909867413365,0.0029727088080370337,-0.0030055267722759334,0.003660020816959042,0.0019965121145902225,-0.00019406138221400828,0.012410471088352321,0.0074227779885642515,-0.007296425106637716,0.008739131831825954,0.21504745377958334,-0.01784792588189736,0.09675983259812,0.0,0.06328326897659334,0.004165384374213716,0.015660810961073166,-0.006697529421182748,0.09813012116539503,0.011840507365810018,0.0027092391010375993,-0.0012430220157932036,0.0005022188763760167,-0.001727854705167399,-0.004369374133298013,0.0017652833747266168,-0.010544591360888582,0.005777341380510585,0.020222208254062735,-0.002474821860790184,0.06328326897659334,-0.004165384374213716,-0.1984881665125833,0.0,-0.07583331164469001,-0.0015425925996401467,0.024010706611731665,-0.003141704810390683,-0.0003797273420110333,0.002799937778709118,-2.6309520335916713e-05,0.0006232504510503916,0.005306569007436867,0.002320843837266451,-0.013215953261049221,-0.008348761746035235,0.025425692918477343,-0.001986585772498368,0.015660810961073166,0.006697529421182748,-0.07583331164469001,0.0015425925996401467,-0.10187510098708165,0.0,-0.029042082276305003,0.015218447828159334,0.0006366840440583168,0.004198791791242804,-0.001903837562315284,-0.0005861647272729067,0.005425198662383707,0.009023869210184667,0.00462406535342079,0.005615534973687884,0.0068369909867413365,-0.0029727088080370337,0.09813012116539503,-0.011840507365810018,0.024010706611731665,0.003141704810390683,-0.029042082276305003,-0.015218447828159334,-0.10862621773207835,0.0,-1.3345642917031384e-05,0.00033174758181867665,-0.0007028238482085664,-0.0004381249149016,-0.02982697920359501,0.00965609251953765,-0.03137735054949783,-0.003611181728147903,-0.0030055267722759334,-0.003660020816959042,0.0027092391010375993,0.0012430220157932036,-0.0003797273420110333,-0.002799937778709118,0.0006366840440583168,-0.004198791791242804,-1.3345642917031384e-05,-0.00033174758181867665,-0.15680306295883326,0.0,0.9996342531290001
